0.000000,0.000000,133,161,13,109,40,1,53,201,0,0,0,0,0,0,0,0
0.054945,0.064157,133,161,13,109,40,1,53,201,0,0,0,0,0,0,0,0
0.054945,0.073081,133,161,13,109,40,1,53,201,0,0,0,0,0,0,0,0
0.109890,0.109677,133,159,13,101,40,1,53,201,0,0,0,0,0,0,0,0
0.164835,0.173271,133,158,13,102,40,1,50,200,0,0,0,0,0,0,0,0
0.164835,0.182096,133,158,13,102,39,1,53,200,0,0,0,0,0,0,0,0
0.219780,0.218178,133,158,13,102,39,1,53,200,0,0,0,0,0,0,0,0
0.274725,0.281669,133,158,14,110,40,1,54,201,0,0,0,0,0,0,0,0
0.274725,0.290851,133,158,14,110,40,1,54,201,0,0,0,0,0,0,0,0
0.329670,0.326933,133,158,14,105,40,1,54,201,0,0,0,0,0,0,0,0
0.384615,0.390427,133,158,14,105,40,1,51,201,128,0,0,0,0,0,0,0
0.384615,0.399864,133,158,14,105,40,1,51,201,128,0,0,0,0,0,0,0
0.439560,0.436150,133,158,14,105,40,1,51,201,128,0,0,0,0,0,0,0
0.494505,0.499642,133,157,13,101,40,1,55,201,128,0,0,0,0,0,0,0
0.494505,0.508420,133,157,13,101,40,1,55,201,128,0,0,0,0,0,0,0
0.549451,0.572013,133,157,13,101,40,1,55,201,128,0,0,0,0,0,0,0
0.604396,0.608298,133,157,13,101,40,1,55,201,128,0,0,0,0,0,0,0
0.604396,0.617175,132,157,13,101,40,1,55,201,128,0,0,0,0,0,0,0
0.659341,0.680770,132,157,13,103,40,1,48,201,0,0,0,0,0,0,0,0
0.714286,0.717616,132,157,13,103,40,1,48,201,0,0,0,0,0,0,0,0
0.714286,0.726393,132,157,13,103,40,1,48,201,0,0,0,0,0,0,0,0
0.769231,0.789932,132,157,13,103,40,1,48,201,0,0,0,0,0,0,0,0
0.824176,0.825915,132,157,13,103,40,1,48,201,0,0,0,0,0,0,0,0
0.824176,0.834943,132,157,13,103,40,1,48,201,0,0,0,0,0,0,0,0
0.879121,0.898536,132,157,13,103,40,1,48,201,0,0,0,0,0,0,0,0
0.934066,0.934518,132,157,13,103,40,1,48,201,0,0,0,0,0,0,0,0
0.934066,0.945437,132,157,13,103,40,1,48,201,0,0,0,0,0,0,0,0
0.989011,1.008931,132,157,13,103,40,1,48,201,0,0,0,0,0,0,0,0
1.043956,1.047216,132,157,13,103,40,1,48,201,0,0,0,0,0,0,0,0
1.043956,1.058137,132,157,13,103,40,1,48,201,0,0,0,0,0,0,0,0
1.098901,1.096472,132,157,13,103,40,1,48,201,0,0,0,0,0,0,0,0
1.153846,1.162161,133,157,13,103,40,1,48,201,0,0,0,0,0,0,0,0
1.153846,1.173239,133,151,13,102,46,1,50,201,0,0,0,0,0,0,0,0
1.208791,1.209168,133,151,13,102,46,1,50,201,0,0,0,0,0,0,0,0
1.263736,1.272941,133,151,12,98,46,1,51,201,0,0,0,0,0,0,0,0
1.263736,1.281430,132,150,13,97,46,1,51,200,0,0,0,0,0,0,0,0
1.318681,1.317309,132,150,13,97,46,1,50,201,0,0,0,0,0,0,0,0
1.373626,1.380650,132,150,13,97,46,1,50,201,0,0,0,0,0,0,0,0
1.373626,1.389422,132,150,13,97,46,1,50,201,0,0,0,0,0,0,0,0
1.428571,1.425353,132,150,13,97,46,1,50,201,0,0,0,0,0,0,0,0
1.483516,1.488791,132,150,13,97,46,1,50,201,0,0,0,0,0,0,0,0
1.483516,1.497464,131,149,13,101,48,1,50,201,0,0,0,0,0,0,0,0
1.538462,1.560853,131,149,13,101,48,1,51,201,128,0,0,0,0,0,0,0
1.593407,1.597549,131,149,13,101,48,1,51,201,128,0,0,0,0,0,0,0
1.593407,1.606477,131,149,13,101,48,1,51,201,128,0,0,0,0,0,0,0
1.648352,1.669867,131,149,13,101,48,1,51,201,128,0,0,0,0,0,0,0
1.703297,1.705794,131,149,13,101,48,1,51,201,128,0,0,0,0,0,0,0
1.703297,1.714514,133,151,12,96,51,1,51,201,128,0,0,0,0,0,0,0
1.758242,1.777906,132,149,12,96,51,1,60,200,0,0,0,0,0,0,0,0
1.813187,1.814449,132,149,12,96,50,1,59,201,0,0,0,0,0,0,0,0
1.813187,1.823169,132,149,12,96,50,1,59,201,0,0,0,0,0,0,0,0
1.868132,1.886560,132,149,12,96,50,1,59,201,0,0,0,0,0,0,0,0
1.923077,1.922388,133,146,12,90,51,1,50,201,0,0,0,0,0,0,0,0
1.923077,1.931212,133,146,12,90,51,1,50,201,0,0,0,0,0,0,0,0
1.978022,1.994653,133,146,12,90,51,1,50,201,0,0,0,0,0,0,0,0
2.032967,2.030477,133,146,12,90,51,1,50,201,0,0,0,0,0,0,0,0
2.032967,2.039096,133,146,12,95,51,1,52,201,128,0,0,0,0,0,0,0
2.087912,2.103102,133,146,12,95,51,1,52,201,128,0,0,0,0,0,0,0
2.142857,2.138975,133,146,12,95,51,1,52,201,128,0,0,0,0,0,0,0
2.142857,2.147647,133,147,13,101,56,1,52,201,128,0,0,0,0,0,0,0
2.197802,2.210989,133,147,13,101,56,1,61,201,128,0,0,0,0,0,0,0
2.197802,2.219401,133,147,13,101,56,1,61,201,128,0,0,0,0,0,0,0
2.252747,2.255738,133,147,13,101,56,1,61,201,128,0,0,0,0,0,0,0
2.307692,2.319078,132,147,12,94,57,1,56,200,128,0,0,0,0,0,0,0
2.307692,2.329642,132,147,12,94,57,1,56,200,0,0,0,0,0,0,0,0
2.362637,2.367002,132,147,13,95,57,1,56,200,0,0,0,0,0,0,0,0
2.417583,2.430652,132,147,12,95,57,1,48,200,0,0,0,0,0,0,0,0
2.417583,2.439014,132,147,12,98,57,1,50,200,0,0,0,0,0,0,0,0
2.472528,2.475507,132,147,12,98,57,1,50,200,0,0,0,0,0,0,0,0
2.527472,2.539002,132,147,12,98,57,1,50,200,0,0,0,0,0,0,0,0
2.527472,2.547359,132,147,12,98,57,1,50,200,0,0,0,0,0,0,0,0
2.582417,2.583291,132,147,13,102,57,1,50,200,0,0,0,0,0,0,0,0
2.637363,2.646733,132,147,13,102,57,1,49,200,0,0,0,0,0,0,0,0
2.637363,2.655244,133,147,13,102,57,1,49,200,0,0,0,0,0,0,0,0
2.692308,2.691124,133,148,13,106,57,1,50,200,128,0,0,0,0,0,0,0
2.747253,2.755181,133,148,13,106,57,1,50,200,128,0,0,0,0,0,0,0
2.747253,2.764054,133,148,13,106,57,1,50,200,128,0,0,0,0,0,0,0
2.802198,2.799985,133,148,13,97,56,1,50,200,128,0,0,0,0,0,0,0
2.857143,2.863374,133,148,12,97,56,1,53,201,128,0,0,0,0,0,0,0
2.857143,2.871993,133,148,12,98,57,1,58,201,128,0,0,0,0,0,0,0
2.912088,2.907922,133,148,12,98,57,1,58,201,128,0,0,0,0,0,0,0
2.967033,2.971314,133,148,12,98,57,1,58,201,128,0,0,0,0,0,0,0
2.967033,2.979881,133,148,12,98,57,1,58,201,128,0,0,0,0,0,0,0
3.021978,3.043321,133,148,13,97,57,1,58,201,128,0,0,0,0,0,0,0
3.076923,3.079250,133,148,13,97,57,1,50,201,0,0,0,0,0,0,0,0
3.076923,3.088639,133,148,13,97,57,1,50,201,0,0,0,0,0,0,0,0
3.131868,3.152077,133,148,13,97,57,1,50,201,0,0,0,0,0,0,0,0
3.186813,3.187902,133,148,13,97,57,1,50,201,0,0,0,0,0,0,0,0
3.186813,3.196521,133,148,13,97,57,1,50,201,0,0,0,0,0,0,0,0
3.241758,3.259862,133,148,13,97,57,1,50,201,0,0,0,0,0,0,0,0
3.296703,3.295688,133,148,13,97,57,1,50,201,0,0,0,0,0,0,0,0
3.296703,3.304512,133,148,13,97,57,1,50,201,0,0,0,0,0,0,0,0
3.351648,3.368058,133,148,13,97,57,1,50,201,0,0,0,0,0,0,0,0
3.406593,3.403882,133,148,13,97,57,1,50,201,0,0,0,0,0,0,0,0
3.406593,3.414878,133,148,13,97,57,1,50,201,0,0,0,0,0,0,0,0
3.461539,3.480395,133,148,13,97,57,1,50,201,0,0,0,0,0,0,0,0
3.516484,3.518371,133,148,13,97,57,1,50,201,0,0,0,0,0,0,0,0
3.516484,3.529188,133,148,13,97,57,1,50,201,0,0,0,0,0,0,0,0
3.571429,3.567319,133,148,13,97,57,1,50,201,0,0,0,0,0,0,0,0
3.626374,3.632913,133,148,13,97,57,1,50,201,0,0,0,0,0,0,0,0
3.626374,3.643932,133,148,13,97,57,1,50,201,0,0,0,0,0,0,0,0
3.681319,3.682015,133,148,13,97,57,1,50,201,0,0,0,0,0,0,0,0
3.736264,3.747555,133,148,13,97,57,1,50,201,0,0,0,0,0,0,0,0
3.791209,3.785652,133,148,13,97,57,1,50,201,0,0,0,0,0,0,0,0
3.791209,3.796397,133,148,13,97,57,1,50,201,0,0,0,0,0,0,0,0
3.846154,3.862046,133,148,13,97,57,1,50,201,0,0,0,0,0,0,0,0
3.901099,3.900120,132,148,13,97,57,1,50,201,0,0,0,0,0,0,0,0
3.901099,3.911092,132,153,14,107,57,2,69,201,128,0,0,0,0,0,0,0
3.956044,3.977452,133,153,13,106,58,1,68,200,128,0,0,0,0,0,0,0
4.010989,4.013533,133,153,13,106,58,1,68,200,128,0,0,0,0,0,0,0
4.010989,4.022305,133,153,13,106,58,1,68,200,128,0,0,0,0,0,0,0
4.065934,4.085849,133,153,13,106,58,1,68,200,128,0,0,0,0,0,0,0
4.120879,4.121880,133,153,13,106,58,1,68,200,128,0,0,0,0,0,0,0
4.120879,4.130859,133,153,13,106,58,1,68,200,128,0,0,0,0,0,0,0
4.175824,4.194401,133,153,13,106,58,1,68,200,128,0,0,0,0,0,0,0
4.230769,4.230330,133,154,14,111,57,1,65,201,128,0,0,0,0,0,0,0
4.230769,4.239211,133,154,14,111,57,1,65,201,0,0,0,0,0,0,0,0
4.285714,4.303570,133,154,14,105,57,1,65,201,0,0,0,0,0,0,0,0
4.340659,4.339548,133,154,14,105,57,1,73,201,0,0,0,0,0,0,0,0
4.340659,4.348373,133,154,14,105,57,1,73,201,0,0,0,0,0,0,0,0
4.395605,4.412018,133,154,14,105,57,1,73,201,0,0,0,0,0,0,0,0
4.450550,4.447999,133,154,14,105,57,1,73,201,0,0,0,0,0,0,0,0
4.450550,4.456870,133,154,14,105,57,1,73,201,0,0,0,0,0,0,0,0
4.505495,4.520470,133,154,14,105,57,1,73,201,0,0,0,0,0,0,0,0
4.560440,4.556397,133,154,14,105,57,1,73,201,0,0,0,0,0,0,0,0
4.560440,4.565115,133,154,14,105,57,1,73,201,0,0,0,0,0,0,0,0
4.615385,4.628662,133,156,14,112,57,1,58,201,128,0,0,0,0,0,0,0
4.670330,4.665361,133,157,13,105,57,1,63,201,128,0,0,0,0,0,0,0
4.670330,4.674336,133,157,13,105,57,1,63,201,0,0,0,0,0,0,0,0
4.725275,4.738494,133,157,13,105,57,1,63,201,0,0,0,0,0,0,0,0
4.780220,4.774580,133,157,13,105,57,1,63,201,0,0,0,0,0,0,0,0
4.780220,4.783346,133,157,13,105,57,1,63,201,0,0,0,0,0,0,0,0
4.835165,4.846843,133,157,13,107,57,1,71,201,0,0,0,0,0,0,0,0
4.835165,4.855303,133,157,13,107,57,1,71,201,0,0,0,0,0,0,0,0
4.890110,4.891491,133,157,14,109,57,1,71,201,0,0,0,0,0,0,0,0
4.945055,4.955036,133,157,14,109,57,1,68,200,128,0,0,0,0,0,0,0
4.945055,4.964267,133,158,14,109,57,1,68,200,128,0,0,0,0,0,0,0
5.000000,5.000300,133,158,14,111,57,1,75,201,128,0,0,0,0,0,0,0
5.054945,5.063845,133,158,14,111,57,1,75,201,128,0,0,0,0,0,0,0
5.054945,5.072308,132,158,14,112,57,1,75,201,128,0,0,0,0,0,0,0
5.109890,5.110490,133,159,14,114,57,1,73,201,128,0,0,0,0,0,0,0
5.164835,5.174084,133,159,14,109,57,1,73,201,128,0,0,0,0,0,0,0
5.164835,5.184744,133,159,14,112,57,1,73,201,128,0,0,0,0,0,0,0
5.219780,5.220831,133,159,14,112,57,1,71,200,0,0,0,0,0,0,0,0
5.274725,5.285398,133,159,14,109,57,1,71,201,0,0,0,0,0,0,0,0
5.274725,5.293965,133,159,14,109,57,1,71,201,0,0,0,0,0,0,0,0
5.329670,5.329996,133,159,14,109,57,1,71,201,0,0,0,0,0,0,0,0
5.384615,5.393594,133,159,14,109,57,1,71,201,0,0,0,0,0,0,0,0
5.384615,5.402059,133,159,14,109,57,1,71,201,0,0,0,0,0,0,0,0
5.439560,5.438140,133,159,14,109,57,1,71,201,0,0,0,0,0,0,0,0
5.494505,5.501681,133,159,14,109,57,1,71,201,0,0,0,0,0,0,0,0
5.494505,5.510559,133,160,13,109,57,1,76,200,128,0,0,0,0,0,0,0
5.549450,5.547512,132,159,14,106,57,1,76,200,128,0,0,0,0,0,0,0
5.604395,5.611057,132,158,13,103,57,1,76,200,128,0,0,0,0,0,0,0
5.604395,5.619877,132,158,13,103,57,1,75,201,128,0,0,0,0,0,0,0
5.659341,5.655910,132,158,13,103,57,1,75,201,128,0,0,0,0,0,0,0
5.714286,5.719402,132,158,13,103,57,1,75,201,128,0,0,0,0,0,0,0
5.714286,5.728277,133,158,14,107,57,1,74,200,128,0,0,0,0,0,0,0
5.769231,5.764412,133,158,14,107,57,1,74,200,128,0,0,0,0,0,0,0
5.824176,5.828210,133,158,14,107,57,1,74,200,128,0,0,0,0,0,0,0
5.824176,5.837084,133,159,15,117,57,1,74,200,128,0,0,0,0,0,0,0
5.879121,5.873166,133,159,15,117,57,1,59,201,0,0,0,0,0,0,0,0
5.934066,5.937377,133,159,15,117,57,1,59,201,0,0,0,0,0,0,0,0
5.934066,5.946095,133,159,15,117,57,1,59,201,0,0,0,0,0,0,0,0
5.989011,6.009591,133,159,15,117,57,1,59,201,0,0,0,0,0,0,0,0
6.043956,6.045776,133,159,15,117,57,1,59,201,0,0,0,0,0,0,0,0
6.043956,6.054551,133,157,13,99,57,1,59,201,0,0,0,0,0,0,0,0
6.098901,6.118092,133,156,13,99,57,1,75,200,128,0,0,0,0,0,0,0
6.153846,6.154786,133,156,13,103,57,1,70,201,128,0,0,0,0,0,0,0
6.153846,6.163662,133,156,13,103,57,1,70,201,128,0,0,0,0,0,0,0
6.208791,6.227154,133,156,14,112,57,1,64,201,128,0,0,0,0,0,0,0
6.263736,6.263135,133,156,14,112,57,1,64,201,128,0,0,0,0,0,0,0
6.263736,6.271907,133,156,14,112,57,1,64,201,128,0,0,0,0,0,0,0
6.318681,6.335453,133,156,14,112,57,1,64,201,128,0,0,0,0,0,0,0
6.373626,6.373580,133,156,14,112,57,1,64,201,128,0,0,0,0,0,0,0
6.373626,6.382558,133,156,14,112,57,1,64,201,128,0,0,0,0,0,0,0
6.428571,6.446052,133,157,14,107,57,1,78,201,128,0,0,0,0,0,0,0
6.483517,6.482029,132,157,13,109,57,1,78,201,0,0,0,0,0,0,0,0
6.483517,6.491518,133,157,14,109,57,1,80,200,0,0,0,0,0,0,0,0
6.538462,6.555164,133,156,13,109,57,1,79,201,0,0,0,0,0,0,0,0
6.593407,6.591094,133,156,13,103,57,1,78,201,0,0,0,0,0,0,0,0
6.593407,6.599812,133,156,13,103,57,1,78,201,0,0,0,0,0,0,0,0
6.648352,6.663463,133,156,13,103,57,1,78,201,0,0,0,0,0,0,0,0
6.703297,6.699440,133,156,13,103,57,1,78,201,0,0,0,0,0,0,0,0
6.703297,6.708315,132,155,11,94,57,1,78,201,0,0,0,0,0,0,0,0
6.758242,6.771858,133,153,11,94,57,1,70,201,0,0,0,0,0,0,0,0
6.813187,6.807941,133,153,12,93,58,1,71,201,128,0,0,0,0,0,0,0
6.813187,6.817376,133,153,12,93,58,1,71,201,128,0,0,0,0,0,0,0
6.868132,6.881028,133,150,12,93,57,1,71,201,128,0,0,0,0,0,0,0
6.923077,6.917059,133,150,11,91,57,1,71,201,128,0,0,0,0,0,0,0
6.923077,6.925882,133,149,11,92,57,1,75,201,128,0,0,0,0,0,0,0
6.978022,6.989271,133,149,11,92,57,1,78,201,0,0,0,0,0,0,0,0
6.978022,6.998401,133,149,11,92,57,1,78,201,0,0,0,0,0,0,0,0
7.032967,7.034636,133,149,11,92,57,1,78,201,0,0,0,0,0,0,0,0
7.087912,7.097978,133,149,11,92,57,1,78,201,0,0,0,0,0,0,0,0
7.087912,7.106544,133,148,13,100,84,1,78,201,0,0,0,0,0,0,0,0
7.142857,7.142471,134,150,13,102,84,1,47,201,0,0,0,0,0,0,0,0
7.197802,7.205813,134,150,13,102,90,1,41,201,0,0,0,0,0,0,0,0
7.197802,7.214226,134,150,13,102,90,1,41,201,0,0,0,0,0,0,0,0
7.252747,7.250157,134,150,13,102,90,1,41,201,0,0,0,0,0,0,0,0
7.307693,7.313543,134,150,13,102,90,1,41,201,0,0,0,0,0,0,0,0
7.307693,7.322268,134,150,13,102,90,1,41,201,0,0,0,0,0,0,0,0
7.362638,7.358246,128,149,12,95,90,1,41,201,0,0,0,0,0,0,0,0
7.417583,7.421737,133,148,12,95,89,1,46,201,128,0,0,0,0,0,0,0
7.417583,7.431076,133,148,12,95,89,1,46,201,128,0,0,0,0,0,0,0
7.472528,7.467105,133,148,12,95,89,1,46,201,128,0,0,0,0,0,0,0
7.527472,7.530546,133,148,12,95,89,1,46,201,128,0,0,0,0,0,0,0
7.527472,7.539166,133,148,12,95,89,1,46,201,128,0,0,0,0,0,0,0
7.582417,7.602558,133,148,12,95,89,1,46,201,128,0,0,0,0,0,0,0
7.637362,7.638535,133,145,12,95,89,1,46,201,128,0,0,0,0,0,0,0
7.637362,7.647255,133,145,11,90,80,1,42,201,0,0,0,0,0,0,0,0
7.692307,7.711362,133,144,11,89,77,1,41,201,0,0,0,0,0,0,0,0
7.747253,7.747240,133,144,11,89,77,1,41,201,0,0,0,0,0,0,0,0
7.747253,7.756011,133,144,11,89,77,1,41,201,0,0,0,0,0,0,0,0
7.802198,7.819402,133,144,11,89,77,1,41,201,0,0,0,0,0,0,0,0
7.857143,7.855332,132,144,11,89,77,1,41,201,0,0,0,0,0,0,0,0
7.857143,7.864165,132,144,12,96,75,2,48,200,128,0,0,0,0,0,0,0
7.912088,7.928211,132,144,12,96,75,2,48,200,128,0,0,0,0,0,0,0
7.967033,7.964446,132,144,12,96,75,2,48,200,128,0,0,0,0,0,0,0
7.967033,7.973166,133,144,12,96,75,2,48,200,128,0,0,0,0,0,0,0
8.021978,8.036765,132,143,11,91,75,2,48,200,128,0,0,0,0,0,0,0
8.076923,8.072641,132,143,11,91,69,1,65,200,128,0,0,0,0,0,0,0
8.076923,8.081357,132,143,11,91,69,1,65,200,128,0,0,0,0,0,0,0
8.131868,8.144700,132,143,11,91,69,1,65,200,128,0,0,0,0,0,0,0
8.186813,8.180579,133,141,10,82,69,1,54,200,128,0,0,0,0,0,0,0
8.186813,8.191395,133,141,10,82,69,1,54,200,0,0,0,0,0,0,0,0
8.241758,8.257807,133,141,10,82,69,1,54,200,0,0,0,0,0,0,0,0
8.296703,8.295835,133,141,10,82,69,1,54,200,0,0,0,0,0,0,0,0
8.296703,8.306859,133,141,10,82,69,1,54,200,0,0,0,0,0,0,0,0
8.351648,8.345089,133,141,10,82,69,1,54,200,0,0,0,0,0,0,0,0
8.406593,8.410577,133,141,10,82,69,1,54,200,0,0,0,0,0,0,0,0
8.406593,8.421402,133,141,10,82,69,1,54,200,0,0,0,0,0,0,0,0
8.461538,8.459478,133,141,10,82,69,1,54,200,0,0,0,0,0,0,0,0
8.516483,8.525121,133,141,10,82,69,1,54,200,0,0,0,0,0,0,0,0
8.571428,8.535681,132,140,11,92,83,1,54,200,0,0,0,0,0,0,0,0
8.571428,8.574223,132,140,11,92,83,1,60,201,128,0,0,0,0,0,0,0
8.626373,8.638278,133,140,11,92,83,1,60,201,128,0,0,0,0,0,0,0
8.681318,8.674211,133,140,12,89,79,1,48,200,0,0,0,0,0,0,0,0
8.681318,8.683487,133,140,12,89,79,1,48,200,0,0,0,0,0,0,0,0
8.736263,8.746828,133,140,12,89,79,1,48,200,0,0,0,0,0,0,0,0
8.736263,8.755295,133,140,12,89,79,1,48,200,0,0,0,0,0,0,0,0
8.791209,8.791173,133,140,12,89,79,1,48,200,0,0,0,0,0,0,0,0
8.846154,8.854565,133,140,12,89,79,1,48,200,0,0,0,0,0,0,0,0
8.846154,8.863078,133,140,12,89,79,1,48,200,0,0,0,0,0,0,0,0
8.901099,8.899007,133,140,12,89,79,1,48,200,0,0,0,0,0,0,0,0
8.956044,8.962534,133,141,11,93,73,1,64,200,0,0,0,0,0,0,0,0
8.956044,8.970912,133,141,11,93,73,1,64,200,128,0,0,0,0,0,0,0
9.010989,9.007457,133,141,11,93,73,1,64,200,128,0,0,0,0,0,0,0
9.065934,9.070949,133,141,11,93,73,1,64,200,128,0,0,0,0,0,0,0
9.065934,9.079569,133,141,12,93,72,1,67,193,128,0,0,0,0,0,0,0
9.120879,9.115501,130,141,12,93,72,1,66,200,128,0,0,0,0,0,0,0
9.175824,9.178886,132,142,11,89,70,1,60,200,128,0,0,0,0,0,0,0
9.175824,9.187610,133,141,12,94,61,1,60,201,128,0,0,0,0,0,0,0
9.230769,9.223541,133,141,12,94,61,1,58,201,128,0,0,0,0,0,0,0
9.285714,9.286926,133,141,12,94,61,1,58,201,128,0,0,0,0,0,0,0
9.285714,9.295548,133,141,12,94,61,1,58,201,128,0,0,0,0,0,0,0
9.340659,9.358887,133,141,12,94,61,1,58,201,128,0,0,0,0,0,0,0
9.395604,9.394761,133,141,12,90,58,1,58,201,128,0,0,0,0,0,0,0
9.395604,9.403690,133,141,12,90,58,1,58,201,128,0,0,0,0,0,0,0
9.450549,9.467031,133,141,12,90,58,1,58,201,128,0,0,0,0,0,0,0
9.505494,9.502907,133,141,12,90,58,1,58,201,128,0,0,0,0,0,0,0
9.505494,9.511564,133,141,12,90,58,1,58,201,128,0,0,0,0,0,0,0
9.560439,9.574967,133,141,12,90,58,1,58,201,128,0,0,0,0,0,0,0
9.615385,9.610894,133,141,12,90,58,1,58,201,128,0,0,0,0,0,0,0
9.615385,9.619563,134,141,11,93,58,1,58,201,128,0,0,0,0,0,0,0
9.670330,9.682854,132,141,11,93,68,1,74,201,128,0,0,0,0,0,0,0
9.725275,9.718729,132,141,11,93,68,1,74,201,128,0,0,0,0,0,0,0
9.725275,9.729599,133,140,11,87,70,1,62,201,128,0,0,0,0,0,0,0
9.780220,9.792941,133,140,11,87,70,1,62,201,128,0,0,0,0,0,0,0
9.835165,9.830967,133,140,11,83,71,1,55,201,128,0,0,0,0,0,0,0
9.835165,9.841892,132,140,10,87,71,1,55,200,0,0,0,0,0,0,0,0
9.890110,9.905996,133,140,12,90,71,1,55,201,0,0,0,0,0,0,0,0
9.945055,9.941976,133,140,12,90,76,1,55,201,0,0,0,0,0,0,0,0
9.945055,9.950800,133,140,12,90,76,1,55,201,0,0,0,0,0,0,0,0
10.000000,10.014397,133,140,12,90,76,1,55,201,0,0,0,0,0,0,0,0
10.054945,10.050325,133,140,12,90,76,1,55,201,0,0,0,0,0,0,0,0
10.054945,10.058940,133,140,12,90,76,1,55,201,0,0,0,0,0,0,0,0
10.109890,10.122281,133,140,12,90,76,1,55,201,0,0,0,0,0,0,0,0
10.164835,10.158211,133,140,12,90,76,1,55,201,0,0,0,0,0,0,0,0
10.164835,10.166930,133,140,12,90,76,1,55,201,0,0,0,0,0,0,0,0
10.219780,10.230269,133,139,12,90,76,1,55,201,0,0,0,0,0,0,0,0
10.219780,10.238686,133,139,11,86,96,1,50,201,0,0,0,0,0,0,0,0
10.274725,10.275022,133,139,11,86,96,1,50,201,128,0,0,0,0,0,0,0
10.329670,10.339025,133,139,11,86,96,1,50,201,128,0,0,0,0,0,0,0
10.329670,10.347442,133,139,11,86,96,1,50,201,128,0,0,0,0,0,0,0
10.384615,10.383318,133,139,11,86,96,1,50,201,128,0,0,0,0,0,0,0
10.439561,10.446811,133,139,11,86,96,1,50,201,128,0,0,0,0,0,0,0
10.439561,10.455171,133,138,11,82,91,1,34,201,128,0,0,0,0,0,0,0
10.494506,10.491105,133,138,11,82,91,1,34,201,0,0,0,0,0,0,0,0
10.549451,10.555175,132,136,10,82,91,1,34,201,0,0,0,0,0,0,0,0
10.549451,10.563931,132,136,10,83,91,1,34,201,0,0,0,0,0,0,0,0
10.604396,10.599861,132,136,10,83,91,1,34,201,0,0,0,0,0,0,0,0
10.659341,10.663198,132,136,10,83,91,1,34,201,0,0,0,0,0,0,0,0
10.659341,10.671564,132,136,10,83,91,1,34,201,0,0,0,0,0,0,0,0
10.714286,10.707493,132,136,10,83,91,1,34,201,0,0,0,0,0,0,0,0
10.769231,10.770931,132,136,10,83,91,1,34,201,0,0,0,0,0,0,0,0
10.769231,10.779296,132,136,10,83,91,1,34,201,0,0,0,0,0,0,0,0
10.824176,10.842686,132,136,10,83,91,1,34,201,0,0,0,0,0,0,0,0
10.879121,10.879022,132,137,11,90,90,1,56,201,0,0,0,0,0,0,0,0
10.879121,10.887439,132,137,11,90,90,1,56,201,128,0,0,0,0,0,0,0
10.934066,10.951498,133,138,11,93,90,1,56,201,128,0,0,0,0,0,0,0
10.989011,10.987679,133,140,12,93,88,2,47,201,0,0,0,0,0,0,0,0
10.989011,10.999062,133,140,12,97,84,1,47,201,0,0,0,0,0,0,0,0
11.043956,11.062450,133,140,12,93,79,1,50,201,0,0,0,0,0,0,0,0
11.098901,11.098740,133,140,12,93,79,1,50,201,0,0,0,0,0,0,0,0
11.098901,11.107153,133,140,12,93,79,1,50,201,0,0,0,0,0,0,0,0
11.153846,11.170539,132,138,10,85,63,1,50,201,0,0,0,0,0,0,0,0
11.208791,11.206727,133,139,11,85,63,1,50,201,0,0,0,0,0,0,0,0
11.208791,11.215144,133,139,11,85,58,1,66,200,0,0,0,0,0,0,0,0
11.263737,11.278584,133,138,11,87,57,1,71,201,128,0,0,0,0,0,0,0
11.318682,11.315433,133,138,11,89,56,1,78,201,128,0,0,0,0,0,0,0
11.318682,11.323846,133,138,11,93,56,1,84,201,128,0,0,0,0,0,0,0
11.373627,11.387340,133,138,11,93,56,1,84,198,128,0,0,0,0,0,0,0
11.428572,11.423625,133,138,11,93,56,1,84,198,128,0,0,0,0,0,0,0
11.428572,11.431988,133,138,11,93,56,1,84,198,128,0,0,0,0,0,0,0
11.483517,11.495328,133,138,11,93,56,1,84,198,128,0,0,0,0,0,0,0
11.538462,11.531462,133,142,12,94,72,1,84,201,128,0,0,0,0,0,0,0
11.538462,11.539878,133,142,12,94,72,1,84,201,128,0,0,0,0,0,0,0
11.593407,11.603264,132,142,11,90,72,1,84,201,128,0,0,0,0,0,0,0
11.593407,11.612242,131,142,12,90,72,1,77,195,0,0,0,0,0,0,0,0
11.648352,11.648890,133,142,12,94,67,1,74,201,0,0,0,0,0,0,0,0
11.703297,11.712176,133,142,11,93,64,1,69,201,0,0,0,0,0,0,0,0
11.703297,11.720897,133,142,12,93,63,1,72,201,0,0,0,0,0,0,0,0
11.758242,11.756981,133,142,12,93,63,1,72,201,0,0,0,0,0,0,0,0
11.813187,11.820319,133,142,12,94,63,1,72,201,0,0,0,0,0,0,0,0
11.813187,11.828938,133,142,12,94,56,1,71,201,0,0,0,0,0,0,0,0
11.868132,11.864864,133,142,12,94,56,1,71,201,0,0,0,0,0,0,0,0
11.923077,11.928260,133,142,12,94,56,1,71,201,0,0,0,0,0,0,0,0
11.923077,11.937081,133,142,12,94,56,1,71,201,0,0,0,0,0,0,0,0
11.978022,11.973007,133,142,12,94,56,1,71,201,0,0,0,0,0,0,0,0
12.032967,12.036298,133,142,12,94,56,1,71,201,0,0,0,0,0,0,0,0
12.032967,12.044661,133,142,12,94,56,1,71,201,0,0,0,0,0,0,0,0
12.087913,12.080644,133,142,12,94,56,1,71,201,0,0,0,0,0,0,0,0
12.142858,12.143980,133,142,12,94,56,1,71,201,0,0,0,0,0,0,0,0
12.142858,12.152344,0,141,12,93,118,1,58,201,0,0,0,0,0,0,0,0
12.197803,12.189706,0,141,12,93,118,1,58,200,1,0,0,0,0,0,0,0
12.252748,12.255192,132,141,13,100,118,1,58,200,1,0,0,0,0,0,0,0
12.252748,12.264274,132,141,12,100,153,1,22,200,1,0,0,0,0,0,0,0
12.307693,12.300251,132,141,12,96,171,1,13,201,1,0,0,0,0,0,0,0
12.362638,12.363538,132,141,12,96,171,1,13,201,1,0,0,0,0,0,0,0
12.362638,12.371954,132,141,12,96,171,1,13,201,1,0,0,0,0,0,0,0
12.417583,12.435394,131,141,12,94,195,1,13,201,1,0,0,0,0,0,0,0
12.472528,12.472044,131,141,12,94,195,1,1,200,129,0,0,0,0,0,0,0
12.472528,12.481122,131,141,12,94,195,1,1,200,129,0,0,0,0,0,0,0
12.527472,12.544768,131,141,12,94,195,1,1,200,129,0,0,0,0,0,0,0
12.582417,12.580952,131,141,12,94,195,1,1,200,129,0,0,0,0,0,0,0
12.582417,12.589417,132,140,11,90,199,1,1,201,129,0,0,0,0,0,0,0
12.637362,12.652856,132,140,11,90,199,1,1,201,128,0,0,0,0,0,0,0
12.692307,12.691191,133,141,12,89,194,1,1,201,128,0,0,0,0,0,0,0
12.692307,12.699606,133,141,12,89,194,1,1,201,0,0,0,0,0,0,0,0
12.747252,12.763714,133,141,12,89,194,1,1,201,0,0,0,0,0,0,0,0
12.802197,12.800000,133,141,12,89,194,1,1,201,0,0,0,0,0,0,0,0
12.802197,12.808364,133,141,12,89,194,1,1,201,0,0,0,0,0,0,0,0
12.857142,12.871753,133,141,12,89,194,1,1,201,0,0,0,0,0,0,0,0
12.912087,12.907835,133,141,12,89,194,1,1,201,0,0,0,0,0,0,0,0
12.912087,12.918400,133,141,12,89,194,1,1,201,0,0,0,0,0,0,0,0
12.967033,12.983991,133,141,12,89,194,1,1,201,0,0,0,0,0,0,0,0
13.021978,13.022325,133,141,12,89,194,1,1,201,0,0,0,0,0,0,0,0
13.021978,13.032889,133,141,12,89,194,1,1,201,0,0,0,0,0,0,0,0
13.076923,13.071070,133,141,12,89,194,1,1,201,0,0,0,0,0,0,0,0
13.131868,13.136716,133,141,14,109,192,1,1,201,0,0,0,0,0,0,0,0
13.131868,13.147580,133,141,14,109,192,1,1,201,129,0,0,0,0,0,0,0
13.186813,13.186424,132,141,14,111,192,1,1,201,129,0,0,0,0,0,0,0
13.241758,13.249813,132,141,14,111,192,1,1,200,129,0,0,0,0,0,0,0
13.241758,13.258487,132,141,14,113,193,2,1,201,1,0,0,0,0,0,0,0
13.296703,13.295134,132,141,14,113,193,2,1,201,1,0,0,0,0,0,0,0
13.351648,13.358472,132,141,14,113,193,2,1,201,1,0,0,0,0,0,0,0
13.351648,13.367190,132,141,14,113,193,2,1,201,1,0,0,0,0,0,0,0
13.406593,13.403174,132,141,14,113,193,2,1,201,1,0,0,0,0,0,0,0
13.461538,13.466665,132,141,17,113,193,2,1,201,1,0,0,0,0,0,0,0
13.461538,13.475333,132,141,17,130,192,1,6,200,1,0,0,0,0,0,0,0
13.516483,13.511264,132,141,17,127,192,1,11,201,1,0,0,0,0,0,0,0
13.571428,13.574704,132,141,17,133,192,1,18,201,1,0,0,0,0,0,0,0
13.571428,13.583225,132,141,17,133,192,1,18,201,129,0,0,0,0,0,0,0
13.626373,13.619923,132,141,17,133,192,1,18,201,129,0,0,0,0,0,0,0
13.681318,13.683359,132,141,17,133,192,1,18,201,129,0,0,0,0,0,0,0
13.681318,13.692183,132,141,17,133,192,1,18,201,129,0,0,0,0,0,0,0
13.736263,13.728165,132,141,17,133,192,1,18,201,129,0,0,0,0,0,0,0
13.791209,13.791451,132,141,17,133,192,1,18,201,129,0,0,0,0,0,0,0
13.791209,13.799916,132,141,17,133,192,1,18,201,129,0,0,0,0,0,0,0
13.846154,13.863306,132,141,17,133,192,1,18,201,129,0,0,0,0,0,0,0
13.901099,13.899647,132,141,17,133,192,1,18,201,129,0,0,0,0,0,0,0
13.901099,13.908058,132,141,17,133,192,1,18,201,129,0,0,0,0,0,0,0
13.956044,13.971551,132,141,17,133,192,1,18,201,129,0,0,0,0,0,0,0
14.010989,14.007685,132,141,17,133,192,1,18,201,129,0,0,0,0,0,0,0
14.010989,14.016048,132,141,21,167,192,1,18,201,129,0,0,0,0,0,0,0
14.065934,14.079439,132,141,21,167,192,1,42,200,0,0,0,0,0,0,0,0
14.120879,14.118492,132,141,21,167,192,1,42,200,0,0,0,0,0,0,0,0
14.120879,14.126906,132,141,21,167,192,1,42,200,0,0,0,0,0,0,0,0
14.175824,14.190345,132,141,21,167,192,1,42,200,0,0,0,0,0,0,0,0
14.230769,14.226684,132,141,22,175,192,1,57,200,0,0,0,0,0,0,0,0
14.230769,14.235408,132,141,22,175,192,1,57,200,129,0,0,0,0,0,0,0
14.285714,14.301659,132,141,22,175,192,1,57,200,129,0,0,0,0,0,0,0
14.340659,14.339945,132,141,24,185,192,1,57,200,129,0,0,0,0,0,0,0
14.340659,14.348307,132,141,24,185,192,1,61,200,129,0,0,0,0,0,0,0
14.395604,14.386584,132,141,24,185,192,1,61,200,129,0,0,0,0,0,0,0
14.450549,14.452126,132,141,24,185,192,1,61,200,129,0,0,0,0,0,0,0
14.450549,14.463050,132,141,24,185,192,1,61,200,129,0,0,0,0,0,0,0
14.505494,14.501231,132,141,24,185,192,1,61,200,129,0,0,0,0,0,0,0
14.560439,14.566873,132,141,26,202,192,1,66,200,129,0,0,0,0,0,0,0
14.615385,14.577643,132,141,26,202,192,1,66,200,129,0,0,0,0,0,0,0
14.615385,14.615925,132,141,26,202,192,1,66,200,129,0,0,0,0,0,0,0
14.670330,14.681518,132,141,26,202,192,1,66,200,129,0,0,0,0,0,0,0
14.725275,14.719748,132,141,26,202,192,1,66,200,129,0,0,0,0,0,0,0
14.725275,14.730311,132,141,26,202,192,1,66,200,129,0,0,0,0,0,0,0
14.780220,14.795853,132,141,26,202,192,1,66,200,129,0,0,0,0,0,0,0
14.835165,14.834236,132,141,29,225,192,1,72,200,129,0,0,0,0,0,0,0
14.835165,14.844903,132,141,28,225,192,1,72,200,128,0,0,0,0,0,0,0
14.890110,14.883082,132,141,28,225,192,1,72,200,128,0,0,0,0,0,0,0
14.945055,14.946470,132,141,28,225,192,1,72,200,128,0,0,0,0,0,0,0
14.945055,14.954839,132,141,28,225,192,1,72,200,128,0,0,0,0,0,0,0
15.000000,14.990804,132,141,29,232,191,1,72,200,0,0,0,0,0,0,0,0
15.054945,15.054822,132,141,29,232,191,1,72,200,0,0,0,0,0,0,0,0
15.054945,15.063186,132,141,29,232,191,1,72,200,0,0,0,0,0,0,0,0
15.109890,15.126572,132,141,29,232,191,1,72,200,0,0,0,0,0,0,0,0
15.164835,15.162807,132,141,31,232,191,1,72,200,0,0,0,0,0,0,0,0
15.164835,15.171223,132,141,31,247,191,1,78,200,0,0,0,0,0,0,0,0
15.219780,15.234612,132,141,31,247,191,1,78,200,0,0,0,0,0,0,0,0
15.274725,15.270697,132,141,31,247,191,1,78,200,0,0,0,0,0,0,0,0
15.274725,15.279166,132,141,31,247,191,1,78,200,0,0,0,0,0,0,0,0
15.329670,15.342552,132,141,31,247,191,1,78,200,0,0,0,0,0,0,0,0
15.384615,15.378785,132,141,33,247,191,1,78,200,0,0,0,0,0,0,0,0
15.384615,15.387304,132,141,33,253,191,1,89,200,0,0,0,0,0,0,0,0
15.439561,15.450795,132,141,33,253,191,1,89,200,0,0,0,0,0,0,0,0
15.494506,15.487238,132,141,33,253,191,1,89,200,0,0,0,0,0,0,0,0
15.494506,15.495699,132,141,33,253,191,1,89,200,0,0,0,0,0,0,0,0
15.549451,15.559144,132,141,34,253,191,1,89,200,0,0,0,0,0,0,0,0
15.604396,15.595685,132,141,35,253,191,1,94,200,1,0,0,0,0,0,0,0
15.604396,15.606349,132,141,35,253,191,1,97,200,1,0,0,0,0,0,0,0
15.659341,15.669895,132,141,35,253,191,1,97,200,1,0,0,0,0,0,0,0
15.714286,15.706182,132,141,35,253,191,1,97,200,1,0,0,0,0,0,0,0
15.714286,15.714697,132,141,35,253,191,1,97,200,1,0,0,0,0,0,0,0
15.769231,15.778140,132,141,35,253,191,1,97,200,1,0,0,0,0,0,0,0
15.824176,15.814439,132,141,35,253,191,1,97,200,1,0,0,0,0,0,0,0
15.824176,15.822946,132,141,35,253,191,1,97,200,1,0,0,0,0,0,0,0
15.879121,15.886487,132,141,35,253,191,1,97,200,1,0,0,0,0,0,0,0
15.879121,15.895362,132,141,35,253,191,1,97,200,1,0,0,0,0,0,0,0
15.934066,15.931495,132,141,35,253,191,1,97,200,1,0,0,0,0,0,0,0
15.989011,15.994986,132,141,38,253,191,1,97,200,1,0,0,0,0,0,0,0
15.989011,16.005962,132,141,38,253,191,1,97,200,1,0,0,0,0,0,0,0
16.043957,16.042095,132,141,38,253,191,1,97,200,1,0,0,0,0,0,0,0
16.098902,16.107738,132,141,38,253,191,1,97,200,1,0,0,0,0,0,0,0
16.153847,16.146330,132,141,38,253,191,1,97,200,1,0,0,0,0,0,0,0
16.153847,16.156994,132,141,38,253,191,1,97,200,1,0,0,0,0,0,0,0
16.208792,16.222790,132,141,38,253,191,1,97,200,1,0,0,0,0,0,0,0
16.263737,16.261175,132,141,38,253,191,1,97,200,1,0,0,0,0,0,0,0
16.263737,16.271790,132,141,38,253,191,1,97,200,1,0,0,0,0,0,0,0
16.318682,16.310177,132,141,38,253,191,1,97,200,1,0,0,0,0,0,0,0
16.373627,16.375765,132,141,38,253,191,1,97,200,1,0,0,0,0,0,0,0
16.373627,16.386944,132,141,38,253,191,1,97,200,1,0,0,0,0,0,0,0
16.428572,16.425329,132,141,38,253,191,1,97,200,1,0,0,0,0,0,0,0
16.483517,16.490967,132,141,41,253,191,1,117,200,1,0,0,0,0,0,0,0
16.538462,16.529409,132,141,41,253,191,1,117,200,1,0,0,0,0,0,0,0
16.538462,16.540123,132,141,41,253,191,1,117,200,1,0,0,0,0,0,0,0
16.593407,16.605869,132,141,40,253,191,1,117,200,1,0,0,0,0,0,0,0
16.648352,16.644255,132,141,40,253,191,1,117,200,1,0,0,0,0,0,0,0
16.648352,16.654972,132,141,40,253,191,1,117,200,1,0,0,0,0,0,0,0
16.703297,16.693386,132,141,40,253,191,1,117,200,1,0,0,0,0,0,0,0
16.758242,16.758995,132,141,41,253,191,1,117,200,1,0,0,0,0,0,0,0
16.758242,16.769970,132,141,41,253,191,1,117,200,1,0,0,0,0,0,0,0
16.813187,16.808201,132,141,42,253,191,1,116,200,0,0,0,0,0,0,0,0
16.868132,16.875994,132,141,42,253,191,1,116,200,0,0,0,0,0,0,0,0
16.923077,16.914381,132,141,42,253,191,1,116,200,0,0,0,0,0,0,0,0
16.923077,16.925201,132,141,42,253,191,1,116,200,0,0,0,0,0,0,0,0
16.978022,16.991045,132,141,42,253,191,1,116,200,0,0,0,0,0,0,0,0
17.032967,17.029585,132,141,42,253,191,1,116,200,0,0,0,0,0,0,0,0
17.032967,17.040457,133,141,42,253,191,1,116,200,0,0,0,0,0,0,0,0
17.087912,17.078737,133,141,42,253,191,1,117,200,128,0,0,0,0,0,0,0
17.142857,17.145048,133,141,42,253,191,1,117,200,128,0,0,0,0,0,0,0
17.142857,17.156122,133,141,42,253,191,1,117,200,128,0,0,0,0,0,0,0
17.197802,17.194355,133,141,42,253,191,1,117,200,128,0,0,0,0,0,0,0
17.252747,17.259943,132,141,43,253,192,1,117,200,128,0,0,0,0,0,0,0
17.307692,17.298485,132,141,43,253,192,1,108,200,128,0,0,0,0,0,0,0
17.307692,17.309151,132,141,43,253,192,1,108,200,128,0,0,0,0,0,0,0
17.362637,17.374994,132,141,43,253,192,1,108,200,128,0,0,0,0,0,0,0
17.417582,17.413383,132,141,43,253,192,1,108,200,128,0,0,0,0,0,0,0
17.417582,17.424047,132,141,43,253,192,1,108,200,128,0,0,0,0,0,0,0
17.472527,17.462513,132,141,43,253,192,1,108,200,128,0,0,0,0,0,0,0
17.527473,17.528175,132,141,41,253,192,1,97,200,128,0,0,0,0,0,0,0
17.527473,17.539251,132,141,41,253,192,1,97,200,1,0,0,0,0,0,0,0
17.582418,17.578199,132,141,41,253,192,1,97,200,1,0,0,0,0,0,0,0
17.637363,17.641691,132,141,42,253,192,1,97,200,1,0,0,0,0,0,0,0
17.637363,17.650467,132,141,42,253,192,1,97,200,1,0,0,0,0,0,0,0
17.692308,17.686546,132,141,42,253,192,1,97,200,1,0,0,0,0,0,0,0
17.747253,17.749990,132,141,42,253,192,1,97,200,1,0,0,0,0,0,0,0
17.747253,17.759020,132,141,42,253,192,1,97,200,1,0,0,0,0,0,0,0
17.802198,17.795101,132,141,41,253,192,1,97,200,1,0,0,0,0,0,0,0
17.857143,17.858593,132,141,41,253,192,1,72,200,129,0,0,0,0,0,0,0
17.857143,17.868080,133,141,41,253,192,1,72,200,129,0,0,0,0,0,0,0
17.912088,17.904215,133,141,42,253,193,1,67,200,0,0,0,0,0,0,0,0
17.967033,17.970676,133,141,42,253,193,1,67,200,0,0,0,0,0,0,0,0
17.967033,17.979446,133,141,41,253,192,1,69,200,0,0,0,0,0,0,0,0
18.021978,18.015686,132,141,42,253,192,1,69,200,0,0,0,0,0,0,0,0
18.076923,18.079176,132,141,42,253,192,1,68,200,0,0,0,0,0,0,0,0
18.076923,18.088001,132,141,42,253,192,1,68,200,0,0,0,0,0,0,0,0
18.131868,18.124136,132,141,42,253,192,1,68,200,0,0,0,0,0,0,0,0
18.186813,18.187574,132,141,42,253,192,1,68,200,0,0,0,0,0,0,0,0
18.186813,18.196089,132,141,42,253,192,1,68,200,0,0,0,0,0,0,0,0
18.241758,18.232225,132,141,40,253,194,1,68,200,0,0,0,0,0,0,0,0
18.296703,18.295717,132,141,40,253,194,1,50,201,128,0,0,0,0,0,0,0
18.296703,18.304899,132,141,40,253,194,1,50,201,128,0,0,0,0,0,0,0
18.351648,18.341263,132,141,40,253,194,1,50,201,128,0,0,0,0,0,0,0
18.406593,18.404730,132,141,41,253,194,1,50,201,128,0,0,0,0,0,0,0
18.406593,18.413248,132,141,41,253,194,1,50,201,128,0,0,0,0,0,0,0
18.461538,18.476789,132,141,41,253,194,1,50,201,128,0,0,0,0,0,0,0
18.516483,18.513027,133,141,40,253,194,1,50,201,128,0,0,0,0,0,0,0
18.516483,18.521595,133,141,40,253,195,1,47,200,1,0,0,0,0,0,0,0
18.571428,18.561049,132,141,40,253,195,1,47,200,1,0,0,0,0,0,0,0
18.626373,18.624544,132,141,40,253,194,1,46,201,1,0,0,0,0,0,0,0
18.626373,18.633114,132,142,39,253,194,1,45,200,1,0,0,0,0,0,0,0
18.681318,18.696861,132,142,39,253,194,1,45,200,1,0,0,0,0,0,0,0
18.736263,18.735348,132,142,39,253,194,1,45,200,1,0,0,0,0,0,0,0
18.736263,18.743868,132,142,39,253,194,1,45,200,1,0,0,0,0,0,0,0
18.791208,18.807512,132,141,39,253,194,1,45,200,1,0,0,0,0,0,0,0
18.846153,18.843849,132,141,40,253,193,1,28,200,129,0,0,0,0,0,0,0
18.846153,18.853241,132,141,40,253,193,1,27,200,129,0,0,0,0,0,0,0
18.901098,18.916832,132,141,40,253,193,1,27,200,129,0,0,0,0,0,0,0
18.956043,18.953272,132,141,40,253,193,1,27,200,129,0,0,0,0,0,0,0
18.956043,18.961792,132,141,40,253,193,1,27,201,128,0,0,0,0,0,0,0
19.010988,19.000298,132,141,40,253,193,1,27,201,128,0,0,0,0,0,0,0
19.065933,19.063770,132,141,40,253,193,1,27,201,128,0,0,0,0,0,0,0
19.065933,19.072287,132,141,40,253,193,1,27,201,128,0,0,0,0,0,0,0
19.120878,19.135828,132,141,40,253,193,1,27,201,128,0,0,0,0,0,0,0
19.175825,19.172632,132,141,40,253,193,1,27,201,128,0,0,0,0,0,0,0
19.175825,19.181248,132,141,40,253,193,1,27,201,128,0,0,0,0,0,0,0
19.230770,19.244789,132,141,40,253,193,1,27,201,128,0,0,0,0,0,0,0
19.285715,19.281031,132,141,40,253,193,1,27,201,128,0,0,0,0,0,0,0
19.285715,19.289543,132,141,40,253,193,1,27,201,128,0,0,0,0,0,0,0
19.340660,19.353241,132,141,40,253,193,1,27,201,128,0,0,0,0,0,0,0
19.395605,19.389528,132,141,40,253,193,1,27,201,128,0,0,0,0,0,0,0
19.395605,19.398151,132,141,40,253,193,1,27,201,128,0,0,0,0,0,0,0
19.450550,19.461742,132,141,40,253,193,1,27,201,128,0,0,0,0,0,0,0
19.505495,19.498081,132,141,40,253,193,1,27,201,128,0,0,0,0,0,0,0
19.505495,19.506594,132,141,40,253,193,1,27,201,128,0,0,0,0,0,0,0
19.560440,19.570190,132,141,40,253,193,1,27,201,128,0,0,0,0,0,0,0
19.615385,19.606428,132,141,40,253,193,1,27,201,128,0,0,0,0,0,0,0
19.615385,19.614946,132,141,40,253,193,1,27,201,128,0,0,0,0,0,0,0
19.670330,19.678385,132,141,40,253,193,1,32,200,1,0,0,0,0,0,0,0
19.725275,19.717691,133,141,40,253,193,1,32,200,1,0,0,0,0,0,0,0
19.725275,19.726311,133,141,40,253,193,1,32,200,1,0,0,0,0,0,0,0
19.780220,19.789749,132,141,40,253,193,1,39,200,1,0,0,0,0,0,0,0
19.835165,19.826145,132,141,40,253,193,1,39,200,1,0,0,0,0,0,0,0
19.835165,19.834658,132,141,40,253,193,1,39,200,1,0,0,0,0,0,0,0
19.890110,19.900505,132,141,40,253,193,1,39,200,1,0,0,0,0,0,0,0
19.945055,19.938890,132,141,40,253,193,1,38,200,129,0,0,0,0,0,0,0
19.945055,19.950274,133,141,40,253,193,1,38,201,128,0,0,0,0,0,0,0
20.000000,19.990759,133,141,40,253,193,1,37,200,128,0,0,0,0,0,0,0
20.054945,20.054298,132,141,40,253,193,1,39,200,128,0,0,0,0,0,0,0
20.054945,20.062815,132,141,40,253,193,1,39,200,128,0,0,0,0,0,0,0
20.109890,20.098974,132,141,40,253,193,1,39,200,128,0,0,0,0,0,0,0
20.164835,20.162443,132,141,40,253,193,1,39,200,128,0,0,0,0,0,0,0
20.164835,20.170961,132,141,40,253,193,1,39,200,128,0,0,0,0,0,0,0
20.219780,20.234606,132,141,40,253,193,1,39,200,128,0,0,0,0,0,0,0
20.274725,20.271151,132,141,40,253,193,1,39,200,128,0,0,0,0,0,0,0
20.274725,20.279766,133,141,41,253,193,1,39,200,128,0,0,0,0,0,0,0
20.329670,20.343309,132,141,41,253,193,1,39,200,0,0,0,0,0,0,0,0
20.384615,20.380314,132,141,41,253,193,1,41,200,0,0,0,0,0,0,0,0
20.384615,20.388884,132,141,41,253,193,1,42,200,0,0,0,0,0,0,0,0
20.439560,20.452477,132,141,41,253,193,1,42,200,0,0,0,0,0,0,0,0
20.494505,20.488714,132,141,41,253,193,1,40,200,128,0,0,0,0,0,0,0
20.494505,20.497997,133,141,42,253,193,1,28,201,128,0,0,0,0,0,0,0
20.549450,20.561537,133,141,42,253,193,1,28,201,128,0,0,0,0,0,0,0
20.604395,20.597879,133,141,42,253,193,1,28,201,128,0,0,0,0,0,0,0
20.604395,20.606451,132,199,42,253,193,1,28,201,128,0,0,0,0,0,0,0
20.659340,20.670143,132,199,40,253,193,1,56,200,129,0,0,0,0,0,0,0
20.714285,20.708736,132,199,40,253,193,1,56,200,129,0,0,0,0,0,0,0
20.714285,20.717405,132,199,40,253,193,1,56,200,129,0,0,0,0,0,0,0
20.769230,20.781101,132,199,40,253,193,1,56,200,129,0,0,0,0,0,0,0
20.824175,20.817646,132,199,40,253,193,1,56,200,129,0,0,0,0,0,0,0
20.824175,20.826321,132,255,43,253,193,1,56,200,129,0,0,0,0,0,0,0
20.879122,20.890060,132,255,43,253,192,1,70,200,1,0,0,0,0,0,0,0
20.934067,20.927118,132,255,42,253,192,1,65,200,1,0,0,0,0,0,0,0
20.934067,20.935787,132,255,42,253,192,1,60,200,1,0,0,0,0,0,0,0
20.989012,20.999588,132,255,42,253,192,1,59,200,1,0,0,0,0,0,0,0
21.043957,21.036028,132,255,43,253,193,1,59,200,1,0,0,0,0,0,0,0
21.043957,21.044748,133,255,42,253,193,0,56,201,1,0,0,0,0,0,0,0
21.098902,21.108341,133,255,42,253,192,1,60,200,129,0,0,0,0,0,0,0
21.153847,21.145552,133,255,42,253,192,1,60,200,129,0,0,0,0,0,0,0
21.153847,21.156422,133,255,42,253,192,1,74,201,129,0,0,0,0,0,0,0
21.208792,21.220119,133,255,42,253,192,1,74,201,129,0,0,0,0,0,0,0
21.263737,21.256508,133,255,42,253,192,1,74,201,129,0,0,0,0,0,0,0
21.263737,21.265280,133,255,42,253,192,1,74,201,129,0,0,0,0,0,0,0
21.318682,21.329084,133,255,42,253,192,1,74,201,129,0,0,0,0,0,0,0
21.373627,21.365675,133,255,42,253,192,1,74,201,129,0,0,0,0,0,0,0
21.373627,21.374348,133,255,42,253,192,1,74,201,129,0,0,0,0,0,0,0
21.428572,21.438093,133,255,42,253,192,1,74,201,129,0,0,0,0,0,0,0
21.483517,21.474483,133,255,42,253,192,1,74,201,129,0,0,0,0,0,0,0
21.483517,21.483103,133,255,42,253,192,1,74,201,129,0,0,0,0,0,0,0
21.538462,21.546749,133,255,42,253,192,1,74,201,129,0,0,0,0,0,0,0
21.593407,21.583241,133,255,42,253,192,1,74,201,129,0,0,0,0,0,0,0
21.593407,21.591961,132,255,44,253,192,1,86,200,1,0,0,0,0,0,0,0
21.648352,21.656223,132,255,43,253,192,1,86,200,1,0,0,0,0,0,0,0
21.703297,21.692921,132,255,43,253,192,1,86,200,129,0,0,0,0,0,0,0
21.703297,21.702255,132,255,43,253,192,1,91,200,129,0,0,0,0,0,0,0
21.758242,21.765795,132,255,44,253,192,1,91,200,129,0,0,0,0,0,0,0
21.813187,21.802237,132,255,44,253,192,1,88,200,129,0,0,0,0,0,0,0
21.813187,21.810911,132,255,44,253,192,1,88,200,129,0,0,0,0,0,0,0
21.868132,21.874504,132,255,44,253,192,1,98,200,129,0,0,0,0,0,0,0
21.923077,21.911165,132,255,44,253,192,1,108,200,129,0,0,0,0,0,0,0
21.923077,21.919817,132,255,43,253,191,1,108,200,1,0,0,0,0,0,0,0
21.978022,21.984076,132,255,43,253,191,1,110,200,1,0,0,0,0,0,0,0
21.978022,21.992802,132,255,43,253,191,1,110,200,1,0,0,0,0,0,0,0
22.032967,22.029135,132,255,43,253,191,1,110,200,1,0,0,0,0,0,0,0
22.087912,22.092936,132,255,44,253,192,1,110,200,1,0,0,0,0,0,0,0
22.087912,22.101761,132,255,44,253,192,1,110,200,1,0,0,0,0,0,0,0
22.142857,22.137945,132,255,44,253,192,1,110,200,1,0,0,0,0,0,0,0
22.197802,22.201950,132,255,44,253,192,1,110,200,1,0,0,0,0,0,0,0
22.197802,22.210623,132,255,44,253,192,1,110,200,1,0,0,0,0,0,0,0
22.252747,22.246857,132,255,43,253,192,1,79,200,129,0,0,0,0,0,0,0
22.307692,22.311373,132,255,43,253,192,1,79,200,129,0,0,0,0,0,0,0
22.307692,22.320246,132,255,43,253,192,1,78,200,129,0,0,0,0,0,0,0
22.362637,22.356483,132,255,43,253,192,1,78,200,129,0,0,0,0,0,0,0
22.417582,22.420282,132,255,43,253,192,1,78,200,129,0,0,0,0,0,0,0
22.417582,22.429161,132,255,43,253,192,1,78,200,129,0,0,0,0,0,0,0
22.472527,22.465445,132,255,43,253,192,1,78,200,129,0,0,0,0,0,0,0
22.527473,22.529350,132,255,44,253,192,1,78,200,129,0,0,0,0,0,0,0
22.527473,22.538067,132,255,43,253,192,1,63,200,129,0,0,0,0,0,0,0
22.582418,22.574406,132,255,43,253,192,1,63,200,1,0,0,0,0,0,0,0
22.637363,22.639029,133,255,43,253,192,1,63,200,1,0,0,0,0,0,0,0
22.637363,22.647747,133,255,43,253,192,1,63,200,1,0,0,0,0,0,0,0
22.692308,22.683983,133,255,43,253,192,1,63,200,1,0,0,0,0,0,0,0
22.747253,22.748087,133,255,43,253,192,1,63,200,1,0,0,0,0,0,0,0
22.747253,22.756809,132,255,45,253,192,1,63,200,1,0,0,0,0,0,0,0
22.802198,22.793047,132,255,45,253,192,1,63,200,1,0,0,0,0,0,0,0
22.857143,22.856844,132,255,45,253,192,1,63,200,1,0,0,0,0,0,0,0
22.857143,22.865515,132,255,45,253,192,1,63,200,1,0,0,0,0,0,0,0
22.912088,22.901802,132,255,45,253,192,1,63,200,1,0,0,0,0,0,0,0
22.967033,22.967804,132,255,45,253,192,1,63,200,1,0,0,0,0,0,0,0
22.967033,22.978777,132,255,44,253,192,1,64,200,129,0,0,0,0,0,0,0
23.021978,23.015676,132,255,44,253,192,1,64,200,129,0,0,0,0,0,0,0
23.076923,23.079576,132,255,44,253,192,1,64,200,129,0,0,0,0,0,0,0
23.076923,23.088297,132,255,44,253,192,1,64,200,129,0,0,0,0,0,0,0
23.131868,23.124537,133,255,44,253,192,1,64,200,129,0,0,0,0,0,0,0
23.186813,23.188440,133,255,44,253,192,1,50,201,1,0,0,0,0,0,0,0
23.186813,23.197773,133,255,44,253,192,1,50,201,1,0,0,0,0,0,0,0
23.241758,23.234112,132,255,42,253,192,1,53,201,1,0,0,0,0,0,0,0
23.296703,23.298168,132,255,42,253,192,1,53,200,1,0,0,0,0,0,0,0
23.296703,23.306889,133,255,42,253,192,1,53,200,1,0,0,0,0,0,0,0
23.351648,23.343122,132,255,42,253,192,1,72,201,1,0,0,0,0,0,0,0
23.406593,23.406921,132,255,42,253,192,1,72,201,1,0,0,0,0,0,0,0
23.406593,23.415695,132,255,44,253,192,1,66,200,129,0,0,0,0,0,0,0
23.461538,23.452595,132,255,44,253,192,1,66,200,129,0,0,0,0,0,0,0
23.516483,23.516499,132,255,44,253,192,1,66,200,129,0,0,0,0,0,0,0
23.516483,23.525375,132,255,44,253,192,1,66,200,129,0,0,0,0,0,0,0
23.571428,23.561661,132,255,44,253,192,1,62,201,129,0,0,0,0,0,0,0
23.626373,23.625614,132,255,44,253,192,1,62,201,129,0,0,0,0,0,0,0
23.626373,23.634285,132,255,44,253,192,1,62,201,129,0,0,0,0,0,0,0
23.681318,23.670519,132,255,44,253,192,1,62,201,129,0,0,0,0,0,0,0
23.736263,23.734320,132,255,44,253,192,1,62,201,129,0,0,0,0,0,0,0
23.736263,23.742992,132,255,42,253,192,1,62,201,129,0,0,0,0,0,0,0
23.791208,23.779329,132,255,42,253,192,1,52,200,1,0,0,0,0,0,0,0
23.846153,23.844101,132,255,42,253,192,1,52,200,1,0,0,0,0,0,0,0
23.846153,23.852772,132,255,42,253,192,1,52,200,1,0,0,0,0,0,0,0
23.901098,23.889006,133,255,42,253,192,1,59,201,1,0,0,0,0,0,0,0
23.956043,23.952856,133,255,43,253,193,1,59,201,1,0,0,0,0,0,0,0
23.956043,23.961527,133,255,43,253,193,1,64,201,129,0,0,0,0,0,0,0
24.010988,23.998484,133,255,43,253,193,1,64,201,129,0,0,0,0,0,0,0
24.065933,24.062275,133,255,43,253,193,1,64,201,129,0,0,0,0,0,0,0
24.065933,24.071005,133,255,43,253,193,1,64,201,129,0,0,0,0,0,0,0
24.120878,24.134850,133,255,43,253,193,1,64,201,129,0,0,0,0,0,0,0
24.175825,24.173489,133,255,43,253,193,1,64,201,129,0,0,0,0,0,0,0
24.175825,24.182161,133,255,43,253,193,1,64,201,129,0,0,0,0,0,0,0
24.230770,24.218498,133,255,43,253,193,1,64,201,129,0,0,0,0,0,0,0
24.285715,24.282351,132,255,43,253,193,1,64,201,129,0,0,0,0,0,0,0
24.285715,24.291023,132,255,42,253,192,1,64,200,1,0,0,0,0,0,0,0
24.340660,24.327930,132,255,42,253,192,1,64,200,1,0,0,0,0,0,0,0
24.395605,24.391926,132,255,42,253,192,1,64,200,1,0,0,0,0,0,0,0
24.395605,24.400698,132,255,42,253,192,1,64,200,1,0,0,0,0,0,0,0
24.450550,24.464394,132,255,42,253,192,1,64,200,1,0,0,0,0,0,0,0
24.505495,24.500839,133,255,42,253,192,1,64,200,1,0,0,0,0,0,0,0
24.505495,24.509659,133,255,42,253,192,1,54,201,129,0,0,0,0,0,0,0
24.560440,24.574125,133,255,42,253,192,1,54,201,129,0,0,0,0,0,0,0
24.615385,24.610514,133,255,42,253,192,1,54,201,129,0,0,0,0,0,0,0
24.615385,24.619287,133,255,42,253,192,1,54,201,129,0,0,0,0,0,0,0
24.670330,24.682981,133,255,42,253,192,1,51,201,129,0,0,0,0,0,0,0
24.725275,24.719118,133,255,42,253,192,1,51,201,129,0,0,0,0,0,0,0
24.725275,24.729145,133,255,42,253,192,1,51,201,129,0,0,0,0,0,0,0
24.780220,24.793175,133,255,42,253,192,1,51,201,129,0,0,0,0,0,0,0
24.835165,24.829359,133,255,42,253,192,1,51,201,129,0,0,0,0,0,0,0
24.835165,24.838282,133,255,42,253,192,1,51,201,129,0,0,0,0,0,0,0
24.890110,24.902082,132,255,42,253,192,1,48,200,1,0,0,0,0,0,0,0
24.945055,24.938887,133,255,42,253,192,1,54,201,1,0,0,0,0,0,0,0
24.945055,24.947657,133,255,42,253,192,1,52,201,1,0,0,0,0,0,0,0
25.000000,25.011301,133,255,41,253,192,1,49,200,1,0,0,0,0,0,0,0
25.054945,25.047434,133,255,41,253,192,1,49,200,1,0,0,0,0,0,0,0
25.054945,25.056164,133,255,41,253,192,1,49,200,1,0,0,0,0,0,0,0
25.109890,25.119802,133,255,41,253,192,1,49,200,1,0,0,0,0,0,0,0
25.164835,25.155989,133,255,41,253,192,1,49,200,1,0,0,0,0,0,0,0
25.164835,25.164862,133,255,41,253,192,1,49,200,1,0,0,0,0,0,0,0
25.219780,25.231171,133,255,41,253,192,1,49,200,1,0,0,0,0,0,0,0
25.274725,25.269810,133,255,41,253,192,1,49,200,1,0,0,0,0,0,0,0
25.274725,25.280785,133,255,42,253,192,1,56,201,1,0,0,0,0,0,0,0
25.329670,25.319166,133,255,42,253,192,1,56,201,129,0,0,0,0,0,0,0
25.384615,25.383736,132,255,42,253,192,1,56,201,129,0,0,0,0,0,0,0
25.384615,25.392456,132,255,42,253,192,1,57,201,1,0,0,0,0,0,0,0
25.439560,25.429356,133,255,42,253,192,1,57,201,1,0,0,0,0,0,0,0
25.494505,25.493362,133,255,42,253,192,1,64,200,1,0,0,0,0,0,0,0
25.494505,25.502136,133,255,41,253,192,1,63,200,1,0,0,0,0,0,0,0
25.549450,25.538319,133,255,41,253,192,1,63,200,1,0,0,0,0,0,0,0
25.604395,25.602171,133,255,42,253,192,1,63,200,1,0,0,0,0,0,0,0
25.604395,25.610893,133,255,42,253,192,1,61,200,1,0,0,0,0,0,0,0
25.659340,25.647127,133,255,42,253,192,1,61,200,1,0,0,0,0,0,0,0
25.714285,25.711081,133,255,42,253,192,1,61,200,1,0,0,0,0,0,0,0
25.714285,25.719856,133,255,42,253,192,1,61,200,1,0,0,0,0,0,0,0
25.769230,25.756197,133,255,42,253,192,1,61,200,1,0,0,0,0,0,0,0
25.824175,25.820095,133,255,42,253,192,1,61,200,1,0,0,0,0,0,0,0
25.824175,25.828766,133,255,42,253,192,1,61,200,1,0,0,0,0,0,0,0
25.879122,25.892462,133,255,42,253,192,1,61,200,1,0,0,0,0,0,0,0
25.934067,25.928848,133,255,42,253,192,1,61,200,1,0,0,0,0,0,0,0
25.934067,25.937775,133,255,42,253,192,1,61,200,1,0,0,0,0,0,0,0
25.989012,26.001427,133,255,42,253,192,1,61,200,1,0,0,0,0,0,0,0
26.043957,26.037611,133,255,42,253,192,1,61,200,1,0,0,0,0,0,0,0
26.043957,26.046381,133,255,41,253,192,1,61,200,1,0,0,0,0,0,0,0
26.098902,26.110126,133,255,41,253,192,1,66,201,1,0,0,0,0,0,0,0
26.153847,26.146212,133,255,41,253,192,1,66,201,1,0,0,0,0,0,0,0
26.153847,26.154936,133,255,41,253,192,1,66,201,1,0,0,0,0,0,0,0
26.208792,26.218678,133,255,41,253,192,1,66,201,1,0,0,0,0,0,0,0
26.263737,26.254765,133,255,41,253,192,1,66,201,1,0,0,0,0,0,0,0
26.263737,26.263485,133,255,41,253,192,1,66,201,1,0,0,0,0,0,0,0
26.318682,26.327744,133,255,41,253,192,1,66,201,1,0,0,0,0,0,0,0
26.373627,26.363979,133,255,42,253,192,1,62,201,129,0,0,0,0,0,0,0
26.373627,26.373415,133,255,42,253,192,1,62,201,129,0,0,0,0,0,0,0
26.428572,26.437422,133,255,42,253,192,1,62,201,129,0,0,0,0,0,0,0
26.483517,26.473555,133,255,42,253,192,1,62,201,129,0,0,0,0,0,0,0
26.483517,26.484428,133,255,42,253,192,1,62,201,129,0,0,0,0,0,0,0
26.538462,26.548073,132,255,41,253,192,1,62,201,129,0,0,0,0,0,0,0
26.593407,26.586361,133,255,41,253,192,1,53,201,1,0,0,0,0,0,0,0
26.593407,26.597996,133,255,41,253,192,1,56,201,1,0,0,0,0,0,0,0
26.648352,26.661692,133,255,42,253,192,1,70,200,1,0,0,0,0,0,0,0
26.703297,26.698185,133,255,42,253,192,1,71,201,1,0,0,0,0,0,0,0
26.703297,26.706903,133,255,42,253,192,1,71,201,1,0,0,0,0,0,0,0
26.758242,26.770704,133,255,43,253,192,1,71,201,1,0,0,0,0,0,0,0
26.813187,26.806787,133,255,43,253,192,1,64,200,1,0,0,0,0,0,0,0
26.813187,26.815506,133,255,43,253,192,1,64,200,1,0,0,0,0,0,0,0
26.868132,26.879255,133,255,43,253,192,1,64,200,1,0,0,0,0,0,0,0
26.923077,26.915339,133,255,41,253,192,1,49,200,1,0,0,0,0,0,0,0
26.923077,26.924061,133,255,41,253,192,1,49,200,129,0,0,0,0,0,0,0
26.978022,26.988369,133,255,41,253,192,1,49,200,129,0,0,0,0,0,0,0
27.032967,27.024506,133,255,42,253,192,1,49,200,129,0,0,0,0,0,0,0
27.032967,27.033300,133,255,42,253,192,1,49,200,129,0,0,0,0,0,0,0
27.087912,27.097023,133,255,42,253,192,1,49,200,129,0,0,0,0,0,0,0
27.142857,27.133261,133,255,42,253,192,1,49,200,129,0,0,0,0,0,0,0
27.142857,27.141981,133,255,42,253,192,1,49,200,129,0,0,0,0,0,0,0
27.197802,27.205988,133,255,42,253,192,1,49,200,129,0,0,0,0,0,0,0
27.252747,27.242123,133,255,41,253,192,1,63,201,1,0,0,0,0,0,0,0
27.252747,27.251505,133,255,41,253,192,1,55,201,1,0,0,0,0,0,0,0
27.307692,27.315765,133,255,42,253,192,1,51,201,1,0,0,0,0,0,0,0
27.362637,27.352055,133,255,42,253,192,1,51,201,1,0,0,0,0,0,0,0
27.362637,27.360775,133,255,42,253,192,1,51,201,1,0,0,0,0,0,0,0
27.417582,27.424780,133,255,42,253,192,1,51,201,1,0,0,0,0,0,0,0
27.472527,27.461016,133,255,42,253,192,1,51,201,1,0,0,0,0,0,0,0
27.472527,27.469734,133,255,42,253,192,1,51,201,1,0,0,0,0,0,0,0
27.527473,27.533588,133,255,42,253,192,1,51,201,1,0,0,0,0,0,0,0
27.582418,27.569723,133,255,42,253,192,1,51,201,1,0,0,0,0,0,0,0
27.582418,27.578545,133,255,42,253,192,1,51,201,1,0,0,0,0,0,0,0
27.637363,27.642342,133,255,43,253,192,1,51,201,1,0,0,0,0,0,0,0
27.692308,27.678583,133,255,43,253,192,1,59,201,129,0,0,0,0,0,0,0
27.692308,27.687963,133,255,43,253,192,1,59,201,129,0,0,0,0,0,0,0
27.747253,27.751869,133,255,43,253,192,1,59,201,129,0,0,0,0,0,0,0
27.802198,27.790152,133,255,43,253,192,1,59,201,129,0,0,0,0,0,0,0
27.802198,27.799072,133,255,42,253,192,1,59,201,129,0,0,0,0,0,0,0
27.857143,27.863131,133,255,42,253,192,1,59,201,1,0,0,0,0,0,0,0
27.912088,27.900032,132,255,42,253,192,1,59,201,1,0,0,0,0,0,0,0
27.912088,27.908804,133,255,41,253,192,1,38,202,1,0,0,0,0,0,0,0
27.967033,27.972809,133,255,41,253,192,1,37,201,1,0,0,0,0,0,0,0
28.021978,28.008945,133,255,41,253,192,1,37,201,1,0,0,0,0,0,0,0
28.021978,28.017662,133,255,41,253,192,1,37,201,1,0,0,0,0,0,0,0
28.076923,28.081518,132,255,42,253,192,1,37,201,1,0,0,0,0,0,0,0
28.131868,28.117758,133,255,42,253,192,1,59,201,1,0,0,0,0,0,0,0
28.131868,28.126471,133,255,42,253,192,1,59,201,1,0,0,0,0,0,0,0
28.186813,28.190277,133,255,42,253,192,1,60,201,129,0,0,0,0,0,0,0
28.186813,28.199661,133,255,42,253,192,1,60,201,129,0,0,0,0,0,0,0
28.241758,28.235947,133,255,42,253,192,1,60,201,129,0,0,0,0,0,0,0
28.296703,28.299850,133,255,42,253,192,1,59,201,129,0,0,0,0,0,0,0
28.296703,28.308622,133,255,42,253,193,1,59,201,1,0,0,0,0,0,0,0
28.351648,28.345623,133,255,43,253,193,1,55,200,1,0,0,0,0,0,0,0
28.406593,28.409475,133,255,43,253,192,1,60,201,1,0,0,0,0,0,0,0
28.406593,28.418249,133,255,42,253,192,1,64,201,1,0,0,0,0,0,0,0
28.461538,28.454430,133,255,42,253,192,1,64,201,1,0,0,0,0,0,0,0
28.516483,28.518488,133,255,42,253,192,1,64,201,1,0,0,0,0,0,0,0
28.516483,28.527157,133,255,42,253,192,1,64,201,1,0,0,0,0,0,0,0
28.571428,28.563341,133,255,42,253,192,1,51,201,129,0,0,0,0,0,0,0
28.626373,28.627861,133,255,42,253,192,1,51,201,129,0,0,0,0,0,0,0
28.626373,28.636477,133,255,42,253,192,1,51,201,129,0,0,0,0,0,0,0
28.681318,28.672714,133,255,42,253,192,1,51,201,129,0,0,0,0,0,0,0
28.736263,28.736717,133,255,42,253,192,1,51,201,129,0,0,0,0,0,0,0
28.736263,28.745440,132,255,43,253,192,1,51,201,129,0,0,0,0,0,0,0
28.791208,28.781725,132,255,43,253,192,1,52,200,129,0,0,0,0,0,0,0
28.846153,28.845636,132,255,43,253,192,1,52,200,129,0,0,0,0,0,0,0
28.846153,28.854300,132,255,43,253,192,1,52,200,129,0,0,0,0,0,0,0
28.901098,28.890581,132,255,43,253,192,1,52,200,129,0,0,0,0,0,0,0
28.956043,28.954382,132,255,43,253,192,1,52,200,129,0,0,0,0,0,0,0
28.956043,28.963259,132,255,43,253,192,1,52,200,129,0,0,0,0,0,0,0
29.010988,28.999495,132,255,43,253,192,1,60,200,1,0,0,0,0,0,0,0
29.065933,29.064215,132,255,43,253,192,1,60,200,1,0,0,0,0,0,0,0
29.065933,29.072990,132,255,43,253,192,1,60,200,1,0,0,0,0,0,0,0
29.120878,29.109171,132,255,43,253,192,1,60,200,1,0,0,0,0,0,0,0
29.175825,29.173023,132,255,43,253,192,1,60,200,1,0,0,0,0,0,0,0
29.175825,29.181799,132,255,43,253,192,1,60,200,1,0,0,0,0,0,0,0
29.230770,29.218082,132,255,43,253,192,1,60,200,1,0,0,0,0,0,0,0
29.285715,29.281984,132,255,43,253,192,1,60,200,1,0,0,0,0,0,0,0
29.285715,29.290705,132,255,43,253,192,1,60,200,1,0,0,0,0,0,0,0
29.340660,29.326941,132,255,43,253,192,1,60,200,1,0,0,0,0,0,0,0
29.395605,29.390894,132,255,43,253,192,1,60,200,1,0,0,0,0,0,0,0
29.395605,29.399618,133,255,43,253,192,1,60,200,1,0,0,0,0,0,0,0
29.450550,29.435959,133,255,43,253,192,1,60,200,1,0,0,0,0,0,0,0
29.505495,29.499805,133,255,43,253,192,1,60,200,1,0,0,0,0,0,0,0
29.505495,29.508680,133,255,43,253,192,1,60,200,1,0,0,0,0,0,0,0
29.560440,29.572374,133,255,42,253,192,1,69,200,1,0,0,0,0,0,0,0
29.615385,29.608974,132,255,44,253,192,1,63,201,1,0,0,0,0,0,0,0
29.615385,29.617693,133,255,43,253,192,1,63,201,1,0,0,0,0,0,0,0
29.670330,29.656078,132,255,43,253,192,1,63,200,1,0,0,0,0,0,0,0
29.725275,29.722128,132,255,43,253,192,1,63,200,1,0,0,0,0,0,0,0
29.725275,29.733105,133,255,43,253,192,1,63,200,1,0,0,0,0,0,0,0
29.780220,29.771538,133,255,43,253,192,1,63,200,1,0,0,0,0,0,0,0
29.835165,29.837488,133,255,43,253,192,1,63,200,1,0,0,0,0,0,0,0
29.890110,29.875824,133,255,43,253,192,1,63,200,1,0,0,0,0,0,0,0
29.890110,29.886795,133,255,44,253,192,1,52,201,1,0,0,0,0,0,0,0
29.945055,29.952999,133,255,44,253,192,1,52,201,129,0,0,0,0,0,0,0
30.000000,29.992563,133,255,44,253,192,1,52,201,129,0,0,0,0,0,0,0
30.000000,30.003435,133,255,44,253,192,1,52,201,129,0,0,0,0,0,0,0
30.054945,30.041920,133,255,44,253,192,1,52,201,129,0,0,0,0,0,0,0
30.109890,30.107971,133,255,44,253,192,1,60,200,1,0,0,0,0,0,0,0
30.109890,30.117468,133,255,45,253,192,1,62,201,1,0,0,0,0,0,0,0
30.164835,30.153698,133,255,45,253,192,1,62,201,1,0,0,0,0,0,0,0
30.219780,30.217598,133,255,45,253,192,1,62,201,1,0,0,0,0,0,0,0
30.219780,30.226374,133,255,44,253,193,1,62,201,1,0,0,0,0,0,0,0
30.274725,30.262711,133,255,44,253,193,1,52,201,1,0,0,0,0,0,0,0
30.329670,30.326559,133,255,44,253,193,1,52,201,1,0,0,0,0,0,0,0
30.329670,30.335234,133,255,44,253,193,1,52,201,1,0,0,0,0,0,0,0
30.384615,30.371513,133,255,45,253,192,1,50,201,129,0,0,0,0,0,0,0
30.439560,30.436289,133,255,45,253,192,1,50,201,129,0,0,0,0,0,0,0
30.439560,30.445013,133,255,45,253,192,1,50,201,129,0,0,0,0,0,0,0
30.494505,30.481247,133,255,45,253,192,1,50,201,129,0,0,0,0,0,0,0
30.549450,30.545097,133,255,45,253,192,1,50,201,129,0,0,0,0,0,0,0
30.549450,30.553820,133,255,45,253,192,1,50,201,129,0,0,0,0,0,0,0
30.604395,30.590054,133,255,45,253,192,1,50,201,129,0,0,0,0,0,0,0
30.659340,30.653906,133,255,45,253,192,1,50,201,129,0,0,0,0,0,0,0
30.659340,30.662678,133,255,45,253,192,1,50,201,129,0,0,0,0,0,0,0
30.714285,30.726374,133,255,45,253,192,1,50,201,129,0,0,0,0,0,0,0
30.769230,30.762815,133,255,45,253,192,1,50,201,129,0,0,0,0,0,0,0
30.769230,30.771538,133,255,45,253,192,1,50,201,129,0,0,0,0,0,0,0
30.824175,30.835285,133,255,44,253,192,1,50,201,1,0,0,0,0,0,0,0
30.879122,30.872393,133,255,44,253,192,1,47,201,129,0,0,0,0,0,0,0
30.879122,30.881781,133,255,44,253,192,1,47,201,129,0,0,0,0,0,0,0
30.934067,30.945475,133,255,46,253,192,1,47,201,129,0,0,0,0,0,0,0
30.989012,30.982225,133,255,45,253,192,1,52,201,129,0,0,0,0,0,0,0
30.989012,30.990946,133,255,45,253,192,1,54,201,129,0,0,0,0,0,0,0
31.043957,31.054588,133,255,45,253,192,1,54,201,129,0,0,0,0,0,0,0
31.098902,31.090675,133,255,45,253,192,1,54,201,129,0,0,0,0,0,0,0
31.098902,31.099398,133,255,45,253,192,1,54,201,129,0,0,0,0,0,0,0
31.153847,31.163038,133,255,45,253,192,1,54,201,129,0,0,0,0,0,0,0
31.208792,31.199177,133,255,45,253,192,1,54,201,129,0,0,0,0,0,0,0
31.208792,31.207952,133,255,45,253,192,1,54,201,129,0,0,0,0,0,0,0
31.263737,31.273844,133,255,46,253,192,1,56,201,1,0,0,0,0,0,0,0
31.318682,31.310644,133,255,46,253,192,1,56,201,1,0,0,0,0,0,0,0
31.318682,31.319365,133,255,46,253,192,1,56,201,1,0,0,0,0,0,0,0
31.373627,31.383112,133,255,45,253,192,1,56,201,1,0,0,0,0,0,0,0
31.428572,31.419197,133,255,46,253,192,1,54,201,1,0,0,0,0,0,0,0
31.428572,31.427973,133,255,46,253,192,1,60,200,129,0,0,0,0,0,0,0
31.483517,31.492279,133,255,46,253,192,1,60,200,129,0,0,0,0,0,0,0
31.538462,31.528416,133,255,46,253,192,1,60,200,129,0,0,0,0,0,0,0
31.538462,31.537210,133,255,46,253,192,1,60,200,129,0,0,0,0,0,0,0
31.593407,31.600883,133,255,46,253,192,1,60,200,129,0,0,0,0,0,0,0
31.648352,31.637070,133,255,47,253,192,1,60,200,129,0,0,0,0,0,0,0
31.648352,31.645788,133,255,47,253,193,1,50,201,129,0,0,0,0,0,0,0
31.703297,31.709896,133,255,47,253,193,1,50,201,129,0,0,0,0,0,0,0
31.758242,31.745981,133,255,46,253,192,1,60,201,1,0,0,0,0,0,0,0
31.758242,31.755362,133,255,46,253,192,1,60,201,1,0,0,0,0,0,0,0
31.813187,31.819624,133,255,47,253,192,1,56,201,1,0,0,0,0,0,0,0
31.868132,31.855808,133,255,47,253,192,1,56,201,1,0,0,0,0,0,0,0
31.868132,31.864582,133,255,47,253,192,1,59,201,1,0,0,0,0,0,0,0
31.923077,31.928534,133,255,47,253,192,1,59,201,1,0,0,0,0,0,0,0
31.978022,31.964668,133,255,47,253,192,1,59,201,1,0,0,0,0,0,0,0
31.978022,31.973385,133,255,47,253,192,1,59,201,1,0,0,0,0,0,0,0
32.032967,32.037189,133,255,47,253,192,1,59,201,1,0,0,0,0,0,0,0
32.087914,32.073326,133,255,47,253,192,1,59,201,1,0,0,0,0,0,0,0
32.087914,32.082039,133,255,47,253,192,1,59,201,1,0,0,0,0,0,0,0
32.142857,32.145943,133,255,47,253,192,1,59,201,1,0,0,0,0,0,0,0
32.197803,32.182186,133,255,47,253,192,1,59,201,1,0,0,0,0,0,0,0
32.197803,32.190948,133,255,47,253,192,1,60,201,1,0,0,0,0,0,0,0
32.252747,32.254803,133,255,47,253,192,1,60,201,1,0,0,0,0,0,0,0
32.252747,32.263474,133,255,47,253,192,1,60,201,1,0,0,0,0,0,0,0
32.307693,32.299759,133,255,47,253,192,1,60,201,1,0,0,0,0,0,0,0
32.362637,32.363865,133,255,47,253,192,1,60,201,1,0,0,0,0,0,0,0
32.362637,32.372486,133,255,47,253,192,1,60,201,1,0,0,0,0,0,0,0
32.417583,32.408718,133,255,48,253,192,1,63,201,1,0,0,0,0,0,0,0
32.472527,32.472572,133,255,49,253,192,1,56,201,1,0,0,0,0,0,0,0
32.472527,32.481243,133,255,49,253,192,1,56,200,1,0,0,0,0,0,0,0
32.527473,32.517479,133,255,49,253,192,1,56,200,1,0,0,0,0,0,0,0
32.582417,32.581535,133,255,49,253,192,1,56,200,1,0,0,0,0,0,0,0
32.582417,32.590309,133,255,49,253,192,1,56,200,1,0,0,0,0,0,0,0
32.637363,32.626495,133,255,49,253,192,1,56,200,1,0,0,0,0,0,0,0
32.692307,32.690456,133,255,49,253,192,1,56,200,1,0,0,0,0,0,0,0
32.692307,32.699116,133,255,48,253,192,1,56,200,1,0,0,0,0,0,0,0
32.747253,32.735348,133,255,48,253,192,1,64,201,129,0,0,0,0,0,0,0
32.802197,32.799957,133,255,48,253,192,1,64,201,129,0,0,0,0,0,0,0
32.802197,32.808640,133,255,48,253,192,1,64,201,129,0,0,0,0,0,0,0
32.857143,32.844826,133,255,48,253,192,1,64,201,129,0,0,0,0,0,0,0
32.912086,32.908730,133,255,48,253,192,1,64,201,129,0,0,0,0,0,0,0
32.912086,32.917809,133,255,48,253,192,1,64,201,129,0,0,0,0,0,0,0
32.967033,32.954041,133,255,48,253,192,1,64,201,129,0,0,0,0,0,0,0
33.021976,33.017891,133,255,48,253,192,1,64,201,129,0,0,0,0,0,0,0
33.021976,33.026615,133,255,49,253,192,1,55,200,1,0,0,0,0,0,0,0
33.076923,33.063564,133,255,49,253,192,1,55,200,1,0,0,0,0,0,0,0
33.131866,33.127415,133,255,50,253,192,1,56,201,1,0,0,0,0,0,0,0
33.131866,33.136139,133,255,50,253,192,1,56,201,1,0,0,0,0,0,0,0
33.186813,33.172474,133,255,50,253,192,1,56,201,1,0,0,0,0,0,0,0
33.241756,33.236378,133,255,50,253,192,1,56,201,1,0,0,0,0,0,0,0
33.241756,33.245102,133,255,50,253,192,1,56,201,1,0,0,0,0,0,0,0
33.296703,33.281334,132,255,49,253,192,1,46,201,129,0,0,0,0,0,0,0
33.351650,33.345592,133,255,49,253,192,1,46,201,129,0,0,0,0,0,0,0
33.351650,33.354416,133,255,50,253,192,1,46,201,129,0,0,0,0,0,0,0
33.406593,33.390911,133,255,50,253,192,1,40,200,129,0,0,0,0,0,0,0
33.461540,33.454559,133,255,50,253,192,1,40,200,129,0,0,0,0,0,0,0
33.461540,33.463432,133,255,51,253,192,1,40,200,129,0,0,0,0,0,0,0
33.516483,33.527386,133,255,51,253,192,1,40,200,129,0,0,0,0,0,0,0
33.571430,33.563568,133,255,50,253,192,1,35,201,129,0,0,0,0,0,0,0
33.571430,33.572292,133,255,50,253,192,1,35,201,1,0,0,0,0,0,0,0
33.626373,33.636959,133,255,50,253,192,1,37,200,1,0,0,0,0,0,0,0
33.681320,33.673145,132,255,50,253,192,1,48,201,1,0,0,0,0,0,0,0
33.681320,33.682072,132,255,50,253,192,1,55,200,1,0,0,0,0,0,0,0
33.736263,33.746281,132,255,50,253,192,1,62,200,1,0,0,0,0,0,0,0
33.791210,33.782673,132,255,51,253,192,1,64,200,1,0,0,0,0,0,0,0
33.791210,33.791443,132,255,51,253,192,1,55,200,129,0,0,0,0,0,0,0
33.846153,33.856163,132,255,51,253,192,1,55,201,134,0,0,0,0,0,0,0
33.901100,33.895775,133,255,51,253,192,1,55,201,134,0,0,0,0,0,0,0
33.901100,33.904449,133,255,51,253,192,1,46,201,134,0,0,0,0,0,0,0
33.956043,33.940937,133,255,51,253,192,1,46,201,134,0,0,0,0,0,0,0
34.010990,34.004639,133,255,51,253,192,1,46,201,134,0,0,0,0,0,0,0
34.010990,34.013508,133,255,51,253,192,1,46,201,134,0,0,0,0,0,0,0
34.065933,34.050003,133,255,51,253,192,1,46,201,134,0,0,0,0,0,0,0
34.120880,34.113602,133,255,51,253,192,1,46,201,134,0,0,0,0,0,0,0
34.120880,34.122265,133,255,51,253,192,1,46,201,134,0,0,0,0,0,0,0
34.175823,34.186169,133,255,51,253,192,1,46,201,134,0,0,0,0,0,0,0
34.230770,34.222408,133,255,51,253,192,1,46,201,134,0,0,0,0,0,0,0
34.230770,34.231277,133,255,52,253,192,1,37,201,134,0,0,0,0,0,0,0
34.285713,34.295540,133,255,52,253,192,1,37,201,0,0,0,0,0,0,0,0
34.340660,34.333668,133,255,53,253,193,1,37,201,0,0,0,0,0,0,0,0
34.340660,34.342442,133,255,53,253,193,1,50,201,134,0,0,0,0,0,0,0
34.395603,34.380878,133,255,53,253,193,1,50,201,134,0,0,0,0,0,0,0
34.450550,34.444473,133,255,53,253,193,1,50,201,134,0,0,0,0,0,0,0
34.450550,34.453297,133,255,53,253,193,1,50,201,134,0,0,0,0,0,0,0
34.505493,34.489838,133,255,52,253,192,1,32,201,134,0,0,0,0,0,0,0
34.560440,34.553535,133,255,52,253,192,1,32,201,134,0,0,0,0,0,0,0
34.560440,34.562256,133,255,52,253,192,1,32,201,134,0,0,0,0,0,0,0
34.615383,34.598804,133,255,52,253,192,1,32,201,134,0,0,0,0,0,0,0
34.670330,34.662395,133,255,52,253,192,1,32,201,134,0,0,0,0,0,0,0
34.670330,34.671116,133,255,53,253,192,1,32,201,134,0,0,0,0,0,0,0
34.725273,34.735275,132,255,54,253,192,1,37,201,134,0,0,0,0,0,0,0
34.780220,34.771461,132,255,54,253,192,1,37,201,0,0,0,0,0,0,0,0
34.780220,34.782177,132,255,54,253,192,1,37,201,0,0,0,0,0,0,0,0
34.835163,34.818829,133,255,54,253,192,1,37,201,0,0,0,0,0,0,0,0
34.890110,34.882420,133,255,54,253,192,1,52,200,0,0,0,0,0,0,0,0
34.890110,34.891239,133,255,54,253,192,1,52,200,0,0,0,0,0,0,0,0
34.945053,34.955193,133,255,54,253,192,1,52,200,0,0,0,0,0,0,0,0
35.000000,34.991486,133,255,54,253,192,1,52,200,0,0,0,0,0,0,0,0
35.000000,35.000202,133,255,55,253,193,1,52,200,0,0,0,0,0,0,0,0
35.054947,35.064156,133,255,55,253,193,1,56,201,128,0,0,0,0,0,0,0
35.109890,35.101006,133,255,55,253,192,1,53,201,128,0,0,0,0,0,0,0
35.109890,35.109726,133,255,55,253,192,1,53,201,128,0,0,0,0,0,0,0
35.164837,35.173729,128,255,56,253,189,1,51,200,0,0,0,0,0,0,0,0
35.219780,35.210632,128,255,56,253,189,1,51,200,0,0,0,0,0,0,0,0
35.219780,35.219505,133,255,56,253,157,1,51,200,0,0,0,0,0,0,0,0
35.274727,35.283409,133,255,56,253,157,1,62,201,0,0,0,0,0,0,0,0
35.329670,35.319595,133,255,56,253,157,1,62,201,0,0,0,0,0,0,0,0
35.329670,35.328312,133,255,56,253,157,1,62,201,0,0,0,0,0,0,0,0
35.384617,35.392422,133,255,56,253,157,1,62,201,0,0,0,0,0,0,0,0
35.439560,35.428558,133,255,56,253,157,1,62,201,0,0,0,0,0,0,0,0
35.439560,35.437279,133,255,56,253,157,1,62,201,0,0,0,0,0,0,0,0
35.494507,35.501278,133,255,56,253,157,1,62,201,0,0,0,0,0,0,0,0
35.549450,35.537415,133,255,56,253,157,1,62,201,0,0,0,0,0,0,0,0
35.549450,35.546234,133,255,56,253,157,1,62,201,0,0,0,0,0,0,0,0
35.604397,35.610142,132,255,56,253,157,1,62,201,0,0,0,0,0,0,0,0
35.659340,35.646275,133,255,57,253,20,1,116,201,0,0,0,0,0,0,0,0
35.659340,35.655045,133,255,57,253,20,1,116,201,128,0,0,0,0,0,0,0
35.714287,35.719868,133,255,57,253,20,1,116,201,128,0,0,0,0,0,0,0
35.769230,35.756004,132,255,57,253,20,1,116,201,128,0,0,0,0,0,0,0
35.769230,35.766922,132,255,58,253,19,1,117,201,0,0,0,0,0,0,0,0
35.824177,35.831650,132,255,58,253,19,1,117,201,0,0,0,0,0,0,0,0
35.879120,35.867779,132,255,58,253,19,1,116,200,0,0,0,0,0,0,0,0
35.879120,35.876503,132,255,58,253,19,1,116,200,0,0,0,0,0,0,0,0
35.934067,35.940502,132,255,58,253,19,1,116,200,0,0,0,0,0,0,0,0
35.989010,35.976639,133,255,58,253,19,1,116,200,0,0,0,0,0,0,0,0
35.989010,35.985355,133,255,58,253,19,1,116,200,0,0,0,0,0,0,0,0
36.043957,36.049572,133,255,58,253,19,1,116,200,0,0,0,0,0,0,0,0
36.098900,36.085701,133,255,58,253,19,1,116,200,0,0,0,0,0,0,0,0
36.098900,36.094421,133,255,58,253,19,1,116,200,0,0,0,0,0,0,0,0
36.153847,36.158424,133,255,58,253,23,1,116,200,0,0,0,0,0,0,0,0
36.208790,36.194614,133,255,58,253,23,1,117,200,128,0,0,0,0,0,0,0
36.208790,36.204098,133,255,58,253,23,1,117,200,128,0,0,0,0,0,0,0
36.263737,36.267647,133,255,58,253,23,1,117,200,128,0,0,0,0,0,0,0
36.318680,36.303829,133,255,58,253,23,1,117,200,128,0,0,0,0,0,0,0
36.318680,36.312550,132,255,58,253,23,1,117,200,128,0,0,0,0,0,0,0
36.373627,36.376194,132,255,58,253,23,1,117,200,128,0,0,0,0,0,0,0
36.428570,36.412331,132,255,58,253,23,1,117,200,128,0,0,0,0,0,0,0
36.428570,36.421047,133,255,58,253,23,1,117,200,128,0,0,0,0,0,0,0
36.483517,36.484646,133,255,55,253,24,1,117,200,0,0,0,0,0,0,0,0
36.538460,36.521523,132,255,55,253,24,1,115,200,0,0,0,0,0,0,0,0
36.538460,36.530220,132,255,55,253,24,1,115,200,0,0,0,0,0,0,0,0
36.593407,36.593918,132,255,55,253,24,1,115,200,0,0,0,0,0,0,0,0
36.593407,36.603043,132,255,53,253,24,1,115,200,0,0,0,0,0,0,0,0
36.648350,36.639793,132,255,53,253,24,1,115,200,0,0,0,0,0,0,0,0
36.703297,36.703697,132,255,52,253,24,1,116,200,128,0,0,0,0,0,0,0
36.703297,36.713184,132,255,52,253,24,1,116,200,128,0,0,0,0,0,0,0
36.758244,36.749828,133,255,52,253,23,1,116,200,128,0,0,0,0,0,0,0
36.813187,36.813629,132,255,52,253,24,1,116,200,128,0,0,0,0,0,0,0
36.813187,36.822449,133,255,52,253,24,1,113,201,128,0,0,0,0,0,0,0
36.868134,36.859097,133,255,52,253,24,1,113,201,128,0,0,0,0,0,0,0
36.923077,36.922897,133,255,52,253,24,1,113,201,128,0,0,0,0,0,0,0
36.978024,36.961437,133,255,52,253,24,1,113,201,128,0,0,0,0,0,0,0
36.978024,36.970306,133,255,52,253,24,1,113,201,128,0,0,0,0,0,0,0
37.032967,37.036312,133,255,52,253,24,1,113,201,128,0,0,0,0,0,0,0
37.087914,37.074799,133,255,52,253,24,1,113,201,128,0,0,0,0,0,0,0
37.087914,37.085873,133,255,52,253,24,1,113,201,128,0,0,0,0,0,0,0
37.142857,37.152077,133,255,52,253,24,1,113,201,128,0,0,0,0,0,0,0
37.197803,37.190617,133,255,52,253,24,1,113,201,128,0,0,0,0,0,0,0
37.197803,37.201748,133,255,47,253,24,1,81,201,128,0,0,0,0,0,0,0
37.252747,37.240696,133,255,47,253,23,1,78,201,128,0,0,0,0,0,0,0
37.307693,37.304443,133,255,47,253,23,1,78,201,128,0,0,0,0,0,0,0
37.307693,37.313313,132,255,46,253,24,1,75,201,128,0,0,0,0,0,0,0
37.362637,37.349911,132,255,46,253,24,1,75,200,128,0,0,0,0,0,0,0
37.417583,37.413727,132,255,46,253,24,1,75,200,128,0,0,0,0,0,0,0
37.417583,37.422638,133,255,46,253,24,1,75,200,128,0,0,0,0,0,0,0
