0.000000,0.000000,131,255,159,255,26,1,6,203,0,0,0,0,0,0,0,0
0.000000,0.009386,131,255,159,255,26,0,14,202,0,0,0,0,0,0,0,0
0.054945,0.073799,131,255,159,255,26,0,14,202,0,0,0,0,0,0,0,0
0.109890,0.110599,131,255,159,255,26,0,14,202,0,0,0,0,0,0,0,0
0.109890,0.119931,131,255,159,255,26,1,24,203,0,0,0,0,0,0,0,0
0.164835,0.184241,131,255,159,255,26,1,24,203,0,0,0,0,0,0,0,0
0.219780,0.221247,131,255,159,255,26,1,24,203,0,0,0,0,0,0,0,0
0.219780,0.230529,131,255,159,255,26,1,24,203,0,0,0,0,0,0,0,0
0.274725,0.294842,131,255,159,255,26,0,20,203,128,0,0,0,0,0,0,0
0.329670,0.332516,131,255,159,255,26,0,20,203,128,0,0,0,0,0,0,0
0.329670,0.341798,131,255,159,255,26,0,20,203,128,0,0,0,0,0,0,0
0.384615,0.378699,131,255,159,255,26,0,20,203,128,0,0,0,0,0,0,0
0.439560,0.443210,131,255,159,255,26,0,20,203,128,0,0,0,0,0,0,0
0.439560,0.452599,131,255,159,255,26,0,20,203,128,0,0,0,0,0,0,0
0.494505,0.489653,131,255,159,255,26,0,20,203,128,0,0,0,0,0,0,0
0.549451,0.554120,131,255,159,255,26,0,20,203,128,0,0,0,0,0,0,0
0.549451,0.563406,131,255,159,255,26,0,20,203,128,0,0,0,0,0,0,0
0.604396,0.600303,131,255,159,255,26,0,20,203,128,0,0,0,0,0,0,0
0.659341,0.664921,131,255,159,255,26,0,20,203,128,0,0,0,0,0,0,0
0.659341,0.674209,131,255,159,255,26,0,20,203,128,0,0,0,0,0,0,0
0.714286,0.711108,131,255,159,255,26,1,20,203,128,0,0,0,0,0,0,0
0.769231,0.775520,131,255,158,255,26,1,30,203,0,0,0,0,0,0,0,0
0.769231,0.785679,131,255,158,255,26,0,31,203,128,0,0,0,0,0,0,0
0.824176,0.823240,131,255,158,255,26,0,31,203,128,0,0,0,0,0,0,0
0.879121,0.887807,131,255,158,255,26,0,31,203,128,0,0,0,0,0,0,0
0.879121,0.897094,131,255,159,255,26,0,35,202,128,0,0,0,0,0,0,0
0.934066,0.933991,131,255,159,255,26,1,38,203,128,0,0,0,0,0,0,0
0.989011,0.998512,131,255,159,255,26,1,38,203,128,0,0,0,0,0,0,0
0.989011,1.007793,131,255,159,255,26,1,38,203,128,0,0,0,0,0,0,0
1.043956,1.044645,131,255,158,255,26,1,38,203,128,0,0,0,0,0,0,0
1.098901,1.109111,131,255,158,255,26,1,40,203,0,0,0,0,0,0,0,0
1.098901,1.119059,131,255,158,255,26,1,40,203,0,0,0,0,0,0,0,0
1.153846,1.155961,131,255,158,255,26,1,40,203,0,0,0,0,0,0,0,0
1.208791,1.220630,131,255,158,255,26,1,39,203,0,0,0,0,0,0,0,0
1.263736,1.257382,131,255,159,255,26,0,38,203,0,0,0,0,0,0,0,0
1.263736,1.266709,131,255,159,255,26,0,38,203,0,0,0,0,0,0,0,0
1.318681,1.331127,131,255,159,255,26,0,38,203,0,0,0,0,0,0,0,0
1.373626,1.367826,131,255,159,255,25,0,37,203,0,0,0,0,0,0,0,0
1.373626,1.377102,131,255,159,255,25,0,37,203,0,0,0,0,0,0,0,0
1.428571,1.441520,131,255,159,255,25,0,37,203,0,0,0,0,0,0,0,0
1.483516,1.478320,131,255,159,255,25,0,37,203,0,0,0,0,0,0,0,0
1.483516,1.487600,131,255,158,255,26,0,37,203,0,0,0,0,0,0,0,0
1.538462,1.552119,131,255,158,255,26,0,37,203,128,0,0,0,0,0,0,0
1.593407,1.589639,131,255,158,255,26,0,37,203,128,0,0,0,0,0,0,0
1.593407,1.599070,131,255,159,255,26,0,37,203,128,0,0,0,0,0,0,0
1.648352,1.663740,131,255,159,255,26,1,55,203,0,0,0,0,0,0,0,0
1.703297,1.701105,131,255,159,255,26,1,55,203,0,0,0,0,0,0,0,0
1.703297,1.710791,131,255,159,255,26,1,55,203,0,0,0,0,0,0,0,0
1.758242,1.775156,131,255,159,255,26,1,55,203,0,0,0,0,0,0,0,0
1.813187,1.811963,131,255,159,255,25,1,55,203,0,0,0,0,0,0,0,0
1.813187,1.821448,131,255,159,255,25,1,49,203,0,0,0,0,0,0,0,0
1.868132,1.885860,131,255,158,255,26,0,47,203,0,0,0,0,0,0,0,0
1.923077,1.922613,131,255,158,255,27,1,46,202,0,0,0,0,0,0,0,0
1.923077,1.931944,131,255,159,255,27,1,46,202,0,0,0,0,0,0,0,0
1.978022,1.996358,131,255,159,255,27,1,46,202,0,0,0,0,0,0,0,0
2.032967,2.033106,131,255,159,255,27,1,46,202,0,0,0,0,0,0,0,0
2.032967,2.042444,131,255,158,255,27,1,46,202,0,0,0,0,0,0,0,0
2.087912,2.106851,131,255,158,255,27,1,46,202,0,0,0,0,0,0,0,0
2.142857,2.143908,131,255,159,255,27,1,46,202,0,0,0,0,0,0,0,0
2.142857,2.153500,131,255,159,255,26,0,55,203,128,0,0,0,0,0,0,0
2.197802,2.191119,131,255,159,255,26,0,56,203,128,0,0,0,0,0,0,0
2.252747,2.255634,131,255,159,255,26,0,56,203,128,0,0,0,0,0,0,0
2.252747,2.265090,131,255,159,255,26,0,56,203,128,0,0,0,0,0,0,0
2.307692,2.302071,131,255,158,255,26,0,55,203,128,0,0,0,0,0,0,0
2.362637,2.366641,131,255,158,255,26,0,55,203,0,0,0,0,0,0,0,0
2.362637,2.376694,131,255,158,255,26,0,55,203,0,0,0,0,0,0,0,0
2.417583,2.413596,131,255,158,255,26,1,55,203,0,0,0,0,0,0,0,0
2.472528,2.478007,131,255,158,255,26,1,55,203,0,0,0,0,0,0,0,0
2.472528,2.487400,131,255,158,255,25,1,53,203,0,0,0,0,0,0,0,0
2.527472,2.524246,131,255,158,255,25,1,53,203,0,0,0,0,0,0,0,0
2.582417,2.588896,131,255,158,255,25,1,53,203,0,0,0,0,0,0,0,0
2.582417,2.598201,131,255,158,255,25,1,53,203,0,0,0,0,0,0,0,0
2.637363,2.635048,131,255,158,255,25,1,53,203,0,0,0,0,0,0,0,0
2.692308,2.699463,131,255,158,255,26,1,56,203,128,0,0,0,0,0,0,0
2.692308,2.709413,131,255,158,255,26,0,56,203,128,0,0,0,0,0,0,0
2.747253,2.746260,131,255,158,255,27,0,55,203,128,0,0,0,0,0,0,0
2.802198,2.810626,131,255,158,255,25,0,58,203,0,0,0,0,0,0,0,0
2.802198,2.820575,131,255,158,255,26,1,58,203,0,0,0,0,0,0,0,0
2.857143,2.857526,131,255,158,255,26,1,58,203,0,0,0,0,0,0,0,0
2.912088,2.922096,131,255,158,255,26,1,57,203,0,0,0,0,0,0,0,0
2.912088,2.931327,131,255,158,255,26,0,57,203,0,0,0,0,0,0,0,0
2.967033,2.968333,131,255,158,255,25,1,56,203,0,0,0,0,0,0,0,0
3.021978,3.032797,131,255,158,255,25,1,56,203,0,0,0,0,0,0,0,0
3.076923,3.069550,131,255,158,255,26,1,53,203,0,0,0,0,0,0,0,0
3.076923,3.078877,131,255,158,255,26,1,53,203,0,0,0,0,0,0,0,0
3.131868,3.143496,131,255,158,255,26,1,53,203,0,0,0,0,0,0,0,0
3.186813,3.180194,131,255,158,255,26,1,53,203,0,0,0,0,0,0,0,0
3.186813,3.189474,131,255,158,255,25,0,52,203,128,0,0,0,0,0,0,0
3.241758,3.254558,131,255,158,255,25,0,54,203,128,0,0,0,0,0,0,0
3.296703,3.291255,131,255,158,255,25,1,57,203,128,0,0,0,0,0,0,0
3.296703,3.300533,131,255,158,255,25,1,59,203,128,0,0,0,0,0,0,0
3.351648,3.365052,131,255,158,255,25,0,57,203,128,0,0,0,0,0,0,0
3.406593,3.401801,131,255,158,255,26,1,57,203,128,0,0,0,0,0,0,0
3.406593,3.411236,131,255,158,255,26,1,56,203,0,0,0,0,0,0,0,0
3.461539,3.476521,131,255,158,255,26,0,53,203,0,0,0,0,0,0,0,0
3.516484,3.513270,131,255,158,255,25,1,49,203,0,0,0,0,0,0,0,0
3.516484,3.523015,131,255,158,255,26,0,48,203,0,0,0,0,0,0,0,0
3.571429,3.587222,131,255,158,255,25,0,47,203,0,0,0,0,0,0,0,0
3.626374,3.623971,131,255,158,255,25,0,47,203,0,0,0,0,0,0,0,0
3.626374,3.633285,131,255,158,255,25,0,47,203,0,0,0,0,0,0,0,0
3.681319,3.697566,131,255,158,255,26,0,47,203,0,0,0,0,0,0,0,0
3.736264,3.734316,131,255,158,255,26,1,51,203,128,0,0,0,0,0,0,0
3.736264,3.744315,131,255,158,255,26,0,55,203,128,0,0,0,0,0,0,0
3.791209,3.808627,131,255,158,255,26,0,56,203,128,0,0,0,0,0,0,0
3.846154,3.845323,131,255,157,255,26,1,52,203,128,0,0,0,0,0,0,0
3.846154,3.854608,131,255,157,255,26,1,52,203,128,0,0,0,0,0,0,0
3.901099,3.918866,131,255,157,255,26,1,52,203,128,0,0,0,0,0,0,0
3.956044,3.955618,131,255,157,255,26,1,52,203,128,0,0,0,0,0,0,0
3.956044,3.964953,131,255,157,255,26,1,52,203,128,0,0,0,0,0,0,0
4.010989,4.029210,131,255,157,255,25,1,49,203,0,0,0,0,0,0,0,0
4.065934,4.066880,131,255,157,255,25,1,49,203,0,0,0,0,0,0,0,0
4.065934,4.076422,131,255,157,255,26,1,49,203,0,0,0,0,0,0,0,0
4.120879,4.113270,131,255,157,255,26,1,50,203,0,0,0,0,0,0,0,0
4.175824,4.177684,131,255,157,255,26,1,54,203,0,0,0,0,0,0,0,0
4.175824,4.186968,131,255,157,255,26,1,54,203,0,0,0,0,0,0,0,0
4.230769,4.223917,131,255,157,255,26,1,54,203,0,0,0,0,0,0,0,0
4.285714,4.288332,131,255,157,255,26,0,51,203,128,0,0,0,0,0,0,0
4.285714,4.298288,131,255,157,255,26,0,51,203,128,0,0,0,0,0,0,0
4.340659,4.335235,131,255,157,255,26,0,51,203,128,0,0,0,0,0,0,0
4.395605,4.400003,131,255,157,255,26,0,45,203,128,0,0,0,0,0,0,0
4.395605,4.409550,131,255,157,255,26,1,44,203,128,0,0,0,0,0,0,0
4.450550,4.446599,131,255,157,255,26,1,44,203,128,0,0,0,0,0,0,0
4.505495,4.511230,131,255,157,255,26,0,49,203,128,0,0,0,0,0,0,0
4.505495,4.520710,131,255,157,255,25,1,50,203,0,0,0,0,0,0,0,0
4.560440,4.558276,131,255,157,255,25,0,50,203,0,0,0,0,0,0,0,0
4.615385,4.622844,131,255,157,255,25,0,53,203,0,0,0,0,0,0,0,0
4.615385,4.632279,131,255,157,255,25,1,50,203,0,0,0,0,0,0,0,0
4.670330,4.669080,131,255,157,255,25,1,50,203,0,0,0,0,0,0,0,0
4.725275,4.733545,131,255,157,255,26,1,50,203,0,0,0,0,0,0,0,0
4.725275,4.742725,131,255,157,255,26,1,46,203,0,0,0,0,0,0,0,0
4.780220,4.779572,131,255,157,255,26,1,45,203,0,0,0,0,0,0,0,0
4.835165,4.844091,131,255,157,255,26,0,46,203,128,0,0,0,0,0,0,0
4.835165,4.853990,131,255,157,255,25,0,47,203,128,0,0,0,0,0,0,0
4.890110,4.890892,131,255,157,255,25,1,55,203,128,0,0,0,0,0,0,0
4.945055,4.955560,131,255,157,255,25,1,55,203,128,0,0,0,0,0,0,0
5.000000,4.992262,131,255,157,255,25,1,55,203,128,0,0,0,0,0,0,0
5.000000,5.001691,131,255,157,255,25,1,64,203,128,0,0,0,0,0,0,0
5.054945,5.066110,131,255,157,255,25,1,64,203,128,0,0,0,0,0,0,0
5.109890,5.102856,131,255,157,255,25,1,64,203,128,0,0,0,0,0,0,0
5.109890,5.112240,131,255,157,255,25,0,45,203,0,0,0,0,0,0,0,0
5.164835,5.177423,131,255,157,255,26,0,42,203,0,0,0,0,0,0,0,0
5.219780,5.214226,131,255,157,255,26,0,42,203,0,0,0,0,0,0,0,0
5.219780,5.223814,131,255,157,255,26,0,42,203,0,0,0,0,0,0,0,0
5.274725,5.288432,131,255,157,255,26,0,42,203,0,0,0,0,0,0,0,0
5.329670,5.325129,131,255,157,255,26,0,42,203,0,0,0,0,0,0,0,0
5.329670,5.334464,131,255,157,255,25,1,48,203,0,0,0,0,0,0,0,0
5.384615,5.399030,131,255,157,255,26,1,53,203,0,0,0,0,0,0,0,0
5.439560,5.435678,131,255,157,255,26,1,53,203,0,0,0,0,0,0,0,0
5.439560,5.445573,131,255,157,255,26,1,53,203,0,0,0,0,0,0,0,0
5.494505,5.509884,131,255,157,255,26,1,53,203,0,0,0,0,0,0,0,0
5.549450,5.546634,131,255,156,255,26,1,53,203,0,0,0,0,0,0,0,0
5.549450,5.556074,131,255,157,255,26,0,47,203,128,0,0,0,0,0,0,0
5.604395,5.621098,131,255,157,255,25,1,47,203,128,0,0,0,0,0,0,0
5.659341,5.657951,131,255,157,255,25,1,47,203,128,0,0,0,0,0,0,0
5.659341,5.667286,131,255,156,255,26,1,39,203,0,0,0,0,0,0,0,0
5.714286,5.732210,131,255,156,255,26,1,39,203,0,0,0,0,0,0,0,0
5.769231,5.769457,131,255,156,255,26,1,39,203,0,0,0,0,0,0,0,0
5.769231,5.779063,131,255,156,255,25,0,39,203,0,0,0,0,0,0,0,0
5.824176,5.815913,131,255,156,255,25,0,44,203,0,0,0,0,0,0,0,0
5.879121,5.880527,131,255,156,255,25,0,45,203,0,0,0,0,0,0,0,0
5.879121,5.889969,131,255,156,255,26,1,44,203,0,0,0,0,0,0,0,0
5.934066,5.926866,131,255,156,255,26,1,42,203,0,0,0,0,0,0,0,0
5.989011,5.991278,132,255,156,255,26,1,39,203,128,0,0,0,0,0,0,0
5.989011,6.001333,132,255,156,255,26,1,39,203,128,0,0,0,0,0,0,0
6.043956,6.038180,132,255,156,255,26,1,39,203,128,0,0,0,0,0,0,0
6.098901,6.102803,131,255,156,255,26,1,39,203,128,0,0,0,0,0,0,0
6.098901,6.112138,131,255,156,255,26,0,36,203,128,0,0,0,0,0,0,0
6.153846,6.149036,131,255,156,255,26,1,35,203,128,0,0,0,0,0,0,0
6.208791,6.213452,131,255,156,255,25,0,34,203,128,0,0,0,0,0,0,0
6.208791,6.222840,131,255,156,255,25,0,36,203,128,0,0,0,0,0,0,0
6.263736,6.259790,131,255,156,255,25,0,37,203,128,0,0,0,0,0,0,0
6.318681,6.324466,131,255,156,255,25,0,37,203,0,0,0,0,0,0,0,0
6.318681,6.334410,131,255,156,255,25,0,37,203,0,0,0,0,0,0,0,0
6.373626,6.371257,131,255,156,255,25,0,37,203,0,0,0,0,0,0,0,0
6.428571,6.435726,131,255,156,255,25,0,37,203,0,0,0,0,0,0,0,0
6.428571,6.445124,131,255,156,255,25,0,37,203,0,0,0,0,0,0,0,0
6.483517,6.481959,131,255,156,255,25,0,37,203,0,0,0,0,0,0,0,0
6.538462,6.546530,131,255,156,255,25,0,34,203,0,0,0,0,0,0,0,0
6.538462,6.555765,131,255,156,255,25,1,34,203,128,0,0,0,0,0,0,0
6.593407,6.593430,131,255,155,255,25,1,32,203,128,0,0,0,0,0,0,0
6.648352,6.658051,131,255,155,255,25,1,30,203,128,0,0,0,0,0,0,0
6.703297,6.694856,131,255,155,255,25,0,29,203,128,0,0,0,0,0,0,0
6.703297,6.704133,131,255,155,255,25,0,29,203,128,0,0,0,0,0,0,0
6.758242,6.768543,131,255,155,255,25,0,29,203,128,0,0,0,0,0,0,0
6.813187,6.805242,131,255,155,255,25,0,29,203,128,0,0,0,0,0,0,0
6.813187,6.814524,131,255,155,255,25,0,29,203,128,0,0,0,0,0,0,0
6.868132,6.879096,131,255,155,255,25,0,29,203,128,0,0,0,0,0,0,0
6.923077,6.915945,131,255,155,255,25,0,29,203,0,0,0,0,0,0,0,0
6.923077,6.925942,131,255,155,255,26,0,26,203,0,0,0,0,0,0,0,0
6.978022,6.990460,131,255,155,255,26,0,26,203,0,0,0,0,0,0,0,0
7.032967,7.027210,131,255,155,255,26,1,22,203,0,0,0,0,0,0,0,0
7.032967,7.036642,131,255,155,255,25,0,21,203,0,0,0,0,0,0,0,0
7.087912,7.101164,131,255,155,255,26,1,22,203,0,0,0,0,0,0,0,0
7.142857,7.137857,131,255,155,255,26,1,22,203,0,0,0,0,0,0,0,0
7.142857,7.147449,132,255,155,255,26,1,23,203,128,0,0,0,0,0,0,0
7.197802,7.212937,131,255,155,255,26,1,23,203,128,0,0,0,0,0,0,0
7.252747,7.249635,131,255,155,255,25,0,24,203,128,0,0,0,0,0,0,0
7.252747,7.258918,131,255,155,255,25,0,25,203,128,0,0,0,0,0,0,0
7.307693,7.323229,131,255,155,255,25,0,23,203,128,0,0,0,0,0,0,0
7.362638,7.359925,131,255,155,255,26,1,17,203,128,0,0,0,0,0,0,0
7.362638,7.369267,131,255,155,255,26,1,17,203,128,0,0,0,0,0,0,0
7.417583,7.433657,131,255,155,255,26,1,17,203,128,0,0,0,0,0,0,0
7.472528,7.470373,131,255,155,255,25,0,10,203,0,0,0,0,0,0,0,0
7.472528,7.480320,131,255,155,255,25,0,7,203,0,0,0,0,0,0,0,0
7.527472,7.544788,131,255,155,255,26,1,5,203,0,0,0,0,0,0,0,0
7.582417,7.581635,131,255,155,255,26,0,7,203,0,0,0,0,0,0,0,0
7.582417,7.590920,131,255,155,255,26,0,9,203,0,0,0,0,0,0,0,0
7.637362,7.655384,131,255,155,255,25,1,9,203,0,0,0,0,0,0,0,0
7.692307,7.692236,131,255,155,255,25,1,10,203,0,0,0,0,0,0,0,0
7.692307,7.701575,131,255,155,255,26,1,9,203,128,0,0,0,0,0,0,0
7.747253,7.739597,131,255,155,255,26,1,8,203,128,0,0,0,0,0,0,0
7.802198,7.803810,131,255,154,255,25,0,6,203,128,0,0,0,0,0,0,0
7.802198,7.813088,132,255,155,255,26,0,8,203,128,0,0,0,0,0,0,0
7.857143,7.850093,131,255,154,255,25,1,5,203,128,0,0,0,0,0,0,0
7.912088,7.914303,131,255,154,255,25,0,5,203,128,0,0,0,0,0,0,0
7.912088,7.923687,131,255,154,255,25,0,6,203,128,0,0,0,0,0,0,0
7.967033,7.960747,131,255,154,255,26,1,5,203,128,0,0,0,0,0,0,0
8.021978,8.025057,131,255,154,255,25,1,5,203,0,0,0,0,0,0,0,0
8.021978,8.035055,131,255,154,255,26,1,9,203,0,0,0,0,0,0,0,0
8.076923,8.072109,131,255,154,255,26,1,9,203,0,0,0,0,0,0,0,0
8.131868,8.136481,131,255,154,255,26,1,9,203,0,0,0,0,0,0,0,0
8.131868,8.145910,131,255,154,255,26,1,9,203,0,0,0,0,0,0,0,0
8.186813,8.183014,131,255,154,255,26,1,9,203,0,0,0,0,0,0,0,0
8.241758,8.247741,131,255,154,255,26,1,9,203,0,0,0,0,0,0,0,0
8.241758,8.256968,131,255,154,255,26,1,9,203,0,0,0,0,0,0,0,0
8.296703,8.294027,131,255,154,255,26,1,9,203,0,0,0,0,0,0,0,0
8.351648,8.358233,131,255,154,255,26,1,9,203,128,0,0,0,0,0,0,0
8.351648,8.368131,131,255,154,255,26,1,9,203,128,0,0,0,0,0,0,0
8.406593,8.405238,131,255,154,255,26,1,9,203,128,0,0,0,0,0,0,0
8.461538,8.469755,131,255,154,255,26,1,9,203,128,0,0,0,0,0,0,0
8.461538,8.479036,131,255,154,255,26,1,9,203,128,0,0,0,0,0,0,0
8.516483,8.516143,131,255,154,255,26,1,9,203,128,0,0,0,0,0,0,0
8.571428,8.580455,131,255,153,255,26,1,2,203,0,0,0,0,0,0,0,0
8.626373,8.617872,131,255,152,255,25,0,1,203,0,0,0,0,0,0,0,0
8.626373,8.627308,131,255,152,255,26,1,1,203,0,0,0,0,0,0,0,0
8.681318,8.691573,131,255,152,255,26,1,1,203,0,0,0,0,0,0,0,0
8.736263,8.728316,131,255,152,255,26,1,1,203,0,0,0,0,0,0,0,0
8.736263,8.737751,131,255,151,255,26,1,1,203,0,0,0,0,0,0,0,0
8.791209,8.801961,131,255,151,255,25,0,0,203,0,0,0,0,0,0,0,0
8.846154,8.838714,131,255,150,255,25,1,0,203,0,0,0,0,0,0,0,0
8.846154,8.848094,131,255,150,255,25,1,0,203,0,0,0,0,0,0,0,0
8.901099,8.912303,131,255,150,255,25,1,0,203,0,0,0,0,0,0,0,0
8.956044,8.949154,131,255,149,255,25,0,2,203,0,0,0,0,0,0,0,0
8.956044,8.958538,131,255,149,255,26,0,2,203,128,0,0,0,0,0,0,0
9.010989,9.023772,131,255,149,255,26,0,2,203,128,0,0,0,0,0,0,0
9.065934,9.060673,131,255,149,255,25,0,0,203,128,0,0,0,0,0,0,0
9.065934,9.070123,131,255,148,255,25,0,0,203,128,0,0,0,0,0,0,0
9.120879,9.134985,131,255,148,255,25,0,0,203,128,0,0,0,0,0,0,0
9.175824,9.171887,131,255,147,255,26,1,1,203,0,0,0,0,0,0,0,0
9.175824,9.182039,131,255,147,255,25,0,4,203,0,0,0,0,0,0,0,0
9.230769,9.246559,132,255,147,255,25,0,4,203,0,0,0,0,0,0,0,0
9.285714,9.283356,131,255,147,255,25,0,5,203,0,0,0,0,0,0,0,0
9.285714,9.292692,131,255,147,255,25,0,4,203,0,0,0,0,0,0,0,0
9.340659,9.357158,131,255,147,255,25,0,4,203,0,0,0,0,0,0,0,0
9.395604,9.393959,131,255,146,255,26,1,0,203,0,0,0,0,0,0,0,0
9.395604,9.403292,131,255,146,255,25,1,3,203,128,0,0,0,0,0,0,0
9.450549,9.441121,131,255,146,255,26,0,4,203,128,0,0,0,0,0,0,0
9.505494,9.505324,131,255,144,255,26,1,4,203,128,0,0,0,0,0,0,0
9.505494,9.514657,131,255,144,255,26,1,4,203,128,0,0,0,0,0,0,0
9.560439,9.551711,131,255,143,255,26,1,4,203,128,0,0,0,0,0,0,0
9.615385,9.615922,131,255,143,255,26,1,4,203,128,0,0,0,0,0,0,0
9.615385,9.625311,131,255,142,255,25,1,5,203,128,0,0,0,0,0,0,0
9.670330,9.662363,132,255,143,255,26,1,8,203,128,0,0,0,0,0,0,0
9.725275,9.726573,131,255,142,255,25,0,10,203,128,0,0,0,0,0,0,0
9.725275,9.735854,131,255,142,255,25,0,10,203,0,0,0,0,0,0,0,0
9.780220,9.773579,132,255,143,255,26,0,10,203,0,0,0,0,0,0,0,0
9.835165,9.837682,132,255,143,255,26,0,13,203,0,0,0,0,0,0,0,0
9.835165,9.847018,131,255,143,255,26,0,13,203,0,0,0,0,0,0,0,0
9.890110,9.884072,131,255,142,255,26,1,13,203,0,0,0,0,0,0,0,0
9.945055,9.948640,131,255,142,255,26,1,13,203,0,0,0,0,0,0,0,0
9.945055,9.958279,131,255,141,255,25,0,17,203,0,0,0,0,0,0,0,0
10.000000,9.995386,131,255,141,255,25,0,17,203,0,0,0,0,0,0,0,0
10.054945,10.059546,131,255,141,255,25,0,17,203,0,0,0,0,0,0,0,0
10.054945,10.068828,131,255,141,255,25,1,17,203,128,0,0,0,0,0,0,0
10.109890,10.106548,131,255,141,255,25,1,17,203,128,0,0,0,0,0,0,0
10.164835,10.170760,132,255,140,255,26,0,14,203,128,0,0,0,0,0,0,0
10.164835,10.180043,132,255,139,255,25,0,16,203,128,0,0,0,0,0,0,0
10.219780,10.217407,131,255,139,255,25,1,17,203,128,0,0,0,0,0,0,0
10.274725,10.281666,131,255,139,255,25,1,17,203,128,0,0,0,0,0,0,0
10.274725,10.291000,131,255,138,255,26,1,17,203,128,0,0,0,0,0,0,0
10.329670,10.328105,131,255,138,255,26,0,19,203,0,0,0,0,0,0,0,0
10.384615,10.393136,131,255,138,255,25,0,19,203,0,0,0,0,0,0,0,0
10.439561,10.429955,131,255,138,255,25,0,19,203,0,0,0,0,0,0,0,0
10.439561,10.439316,131,255,137,255,26,1,20,203,0,0,0,0,0,0,0,0
10.494506,10.503684,131,255,137,255,26,1,20,203,0,0,0,0,0,0,0,0
10.549451,10.540484,131,255,137,255,26,0,16,203,0,0,0,0,0,0,0,0
10.549451,10.549814,132,255,137,255,25,0,16,203,0,0,0,0,0,0,0,0
10.604396,10.613976,132,255,136,255,25,0,16,203,128,0,0,0,0,0,0,0
10.659341,10.651388,131,255,136,255,25,0,17,203,128,0,0,0,0,0,0,0
10.659341,10.660668,132,255,136,255,25,0,22,204,128,0,0,0,0,0,0,0
10.714286,10.724832,132,255,134,255,26,1,23,203,128,0,0,0,0,0,0,0
10.769231,10.761679,131,255,134,255,25,0,22,203,128,0,0,0,0,0,0,0
10.769231,10.771062,131,255,134,255,25,0,22,203,128,0,0,0,0,0,0,0
10.824176,10.835838,131,255,134,255,25,0,22,203,128,0,0,0,0,0,0,0
10.879121,10.872583,132,255,135,255,25,0,22,203,128,0,0,0,0,0,0,0
10.879121,10.881968,131,255,135,255,26,1,17,203,0,0,0,0,0,0,0,0
10.934066,10.947357,131,255,135,255,26,1,17,203,0,0,0,0,0,0,0,0
10.989011,10.984158,131,255,134,255,26,0,18,204,0,0,0,0,0,0,0,0
10.989011,10.993441,132,255,133,255,26,1,21,203,0,0,0,0,0,0,0,0
11.043956,11.058111,131,255,133,255,25,0,24,203,0,0,0,0,0,0,0,0
11.098901,11.094856,131,255,133,255,26,1,24,203,0,0,0,0,0,0,0,0
11.098901,11.104240,131,255,133,255,26,1,30,203,0,0,0,0,0,0,0,0
11.153846,11.168765,131,255,132,255,26,1,30,203,0,0,0,0,0,0,0,0
11.208791,11.205561,132,255,132,255,26,1,32,203,128,0,0,0,0,0,0,0
11.208791,11.215612,132,255,132,255,26,1,28,203,128,0,0,0,0,0,0,0
11.263737,11.280128,131,255,131,255,26,1,25,203,128,0,0,0,0,0,0,0
11.318682,11.316927,132,255,130,255,25,0,22,203,128,0,0,0,0,0,0,0
11.318682,11.326364,132,255,131,255,25,1,22,203,128,0,0,0,0,0,0,0
11.373627,11.363527,132,255,131,255,25,1,17,203,128,0,0,0,0,0,0,0
11.428572,11.427882,132,255,131,255,25,1,17,203,128,0,0,0,0,0,0,0
11.428572,11.437217,132,255,131,255,25,1,17,203,128,0,0,0,0,0,0,0
11.483517,11.474271,132,255,131,255,25,1,17,203,128,0,0,0,0,0,0,0
11.538462,11.538483,131,255,128,255,26,1,31,203,0,0,0,0,0,0,0,0
11.538462,11.548433,131,255,128,255,25,0,31,203,0,0,0,0,0,0,0,0
11.593407,11.585690,132,255,129,255,25,1,31,203,0,0,0,0,0,0,0,0
11.648352,11.649900,131,255,129,255,25,1,31,203,0,0,0,0,0,0,0,0
11.648352,11.659184,131,255,128,255,25,1,29,203,0,0,0,0,0,0,0,0
11.703297,11.696239,131,255,128,255,26,0,27,203,0,0,0,0,0,0,0,0
11.758242,11.760550,131,255,128,255,26,0,27,203,0,0,0,0,0,0,0,0
11.758242,11.769883,131,255,127,255,26,1,33,203,128,0,0,0,0,0,0,0
11.813187,11.807553,131,255,127,255,26,1,33,203,128,0,0,0,0,0,0,0
11.868132,11.871869,131,255,127,255,26,1,33,203,128,0,0,0,0,0,0,0
11.868132,11.881200,131,255,127,255,26,1,33,203,128,0,0,0,0,0,0,0
11.923077,11.918308,131,255,127,255,26,1,33,203,128,0,0,0,0,0,0,0
11.978022,11.982516,131,255,127,255,26,1,33,203,128,0,0,0,0,0,0,0
11.978022,11.991746,131,255,127,255,26,1,33,203,128,0,0,0,0,0,0,0
12.032967,12.028749,131,255,127,255,26,1,33,203,128,0,0,0,0,0,0,0
12.087913,12.092963,131,255,127,255,26,1,33,203,128,0,0,0,0,0,0,0
12.087913,12.102193,131,255,127,255,26,1,33,203,128,0,0,0,0,0,0,0
12.142858,12.139451,131,255,127,255,26,1,33,203,128,0,0,0,0,0,0,0
12.197803,12.203712,131,255,127,255,26,1,33,203,128,0,0,0,0,0,0,0
12.197803,12.212995,131,255,127,255,26,1,33,203,128,0,0,0,0,0,0,0
12.252748,12.250155,131,255,127,255,26,1,33,203,128,0,0,0,0,0,0,0
12.307693,12.314363,131,255,121,255,25,1,41,203,128,0,0,0,0,0,0,0
12.307693,12.323595,132,255,121,255,25,0,41,203,128,0,0,0,0,0,0,0
12.362638,12.360754,131,255,121,255,25,0,42,203,128,0,0,0,0,0,0,0
12.417583,12.425068,132,255,120,255,25,1,42,203,128,0,0,0,0,0,0,0
12.472528,12.462118,132,255,120,255,25,1,45,203,128,0,0,0,0,0,0,0
12.472528,12.471505,131,255,120,255,25,1,45,203,128,0,0,0,0,0,0,0
12.527472,12.535720,131,255,120,255,25,0,42,203,128,0,0,0,0,0,0,0
12.582417,12.572416,131,255,120,255,25,0,42,203,128,0,0,0,0,0,0,0
12.582417,12.581745,131,255,120,255,25,0,42,203,128,0,0,0,0,0,0,0
12.637362,12.645960,131,255,120,255,25,0,42,203,128,0,0,0,0,0,0,0
12.692307,12.682709,132,255,119,255,25,0,42,203,128,0,0,0,0,0,0,0
12.692307,12.692039,131,255,118,255,25,0,39,203,0,0,0,0,0,0,0,0
12.747252,12.756917,131,255,118,255,26,1,39,203,0,0,0,0,0,0,0,0
12.802197,12.793664,131,255,118,255,26,1,39,203,0,0,0,0,0,0,0,0
12.802197,12.802993,131,255,117,255,25,0,42,203,0,0,0,0,0,0,0,0
12.857142,12.867309,132,255,116,255,25,1,39,204,0,0,0,0,0,0,0,0
12.912087,12.904210,132,255,116,255,25,1,39,204,0,0,0,0,0,0,0,0
12.912087,12.913647,132,255,116,255,25,1,39,204,0,0,0,0,0,0,0,0
12.967033,12.978469,131,255,115,255,25,1,39,204,0,0,0,0,0,0,0,0
13.021978,13.015166,131,255,115,255,25,0,40,203,128,0,0,0,0,0,0,0
13.021978,13.025167,131,255,115,255,25,0,39,203,128,0,0,0,0,0,0,0
13.076923,13.089683,131,255,115,255,25,0,39,203,128,0,0,0,0,0,0,0
13.131868,13.126378,131,255,115,255,25,0,39,203,128,0,0,0,0,0,0,0
13.131868,13.135715,131,255,115,255,25,0,39,203,128,0,0,0,0,0,0,0
13.186813,13.200181,131,255,113,255,25,0,39,203,128,0,0,0,0,0,0,0
13.241758,13.236932,131,255,113,255,25,0,50,204,0,0,0,0,0,0,0,0
13.241758,13.247030,131,255,113,255,25,0,50,204,0,0,0,0,0,0,0,0
13.296703,13.311646,131,255,113,255,25,0,50,204,0,0,0,0,0,0,0,0
13.351648,13.348449,131,255,113,255,25,0,50,204,0,0,0,0,0,0,0,0
13.351648,13.357782,131,255,113,255,25,0,50,204,0,0,0,0,0,0,0,0
13.406593,13.422248,131,255,113,255,25,0,50,204,0,0,0,0,0,0,0,0
13.461538,13.459048,131,255,111,255,25,1,50,204,0,0,0,0,0,0,0,0
13.461538,13.468329,131,255,109,255,25,1,41,203,128,0,0,0,0,0,0,0
13.516483,13.506255,132,255,109,255,25,0,40,203,128,0,0,0,0,0,0,0
13.571428,13.570414,131,255,109,255,25,1,41,203,128,0,0,0,0,0,0,0
13.571428,13.579800,131,255,109,255,25,1,44,203,128,0,0,0,0,0,0,0
13.626373,13.617006,131,255,109,255,25,1,44,203,128,0,0,0,0,0,0,0
13.681318,13.681267,131,255,108,255,25,0,43,203,128,0,0,0,0,0,0,0
13.681318,13.690548,131,255,108,255,25,0,43,203,128,0,0,0,0,0,0,0
13.736263,13.727556,132,255,108,255,25,0,43,203,128,0,0,0,0,0,0,0
13.791209,13.791765,132,255,108,255,25,1,41,203,0,0,0,0,0,0,0,0
13.791209,13.801767,132,255,108,255,25,1,41,203,0,0,0,0,0,0,0,0
13.846154,13.839025,132,255,108,255,25,1,41,203,0,0,0,0,0,0,0,0
13.901099,13.903188,132,255,108,255,25,1,41,203,0,0,0,0,0,0,0,0
13.901099,13.912571,132,255,108,255,25,1,41,203,0,0,0,0,0,0,0,0
13.956044,13.949625,132,255,108,255,25,1,41,203,0,0,0,0,0,0,0,0
14.010989,14.013835,132,255,105,255,25,1,41,203,0,0,0,0,0,0,0,0
14.010989,14.023168,131,255,104,255,25,0,34,203,0,0,0,0,0,0,0,0
14.065934,14.060222,132,255,104,255,25,0,40,203,128,0,0,0,0,0,0,0
14.120879,14.125201,132,255,104,255,25,0,43,203,128,0,0,0,0,0,0,0
14.120879,14.134584,132,255,104,255,25,0,43,203,128,0,0,0,0,0,0,0
14.175824,14.171793,132,255,103,255,25,1,43,203,128,0,0,0,0,0,0,0
14.230769,14.235954,132,255,103,255,25,1,43,203,128,0,0,0,0,0,0,0
14.230769,14.245238,131,255,102,255,25,0,43,203,128,0,0,0,0,0,0,0
14.285714,14.282342,131,255,102,255,25,0,34,203,128,0,0,0,0,0,0,0
14.340659,14.346657,131,255,102,255,25,0,34,203,128,0,0,0,0,0,0,0
14.340659,14.355937,131,255,102,255,25,0,31,203,0,0,0,0,0,0,0,0
14.395604,14.393913,131,255,101,255,25,1,33,204,0,0,0,0,0,0,0,0
14.450549,14.458076,131,255,101,255,25,0,34,203,0,0,0,0,0,0,0,0
14.505494,14.494925,132,255,100,255,25,0,34,203,0,0,0,0,0,0,0,0
14.505494,14.504253,131,255,99,255,25,1,34,203,0,0,0,0,0,0,0,0
14.560439,14.568521,131,255,99,255,25,1,35,203,0,0,0,0,0,0,0,0
14.615385,14.605371,131,255,98,255,25,1,35,203,0,0,0,0,0,0,0,0
14.615385,14.614805,132,255,98,255,25,0,36,203,128,0,0,0,0,0,0,0
14.670330,14.680040,132,255,98,255,25,1,38,203,128,0,0,0,0,0,0,0
14.725275,14.716887,131,255,97,255,25,1,40,203,128,0,0,0,0,0,0,0
14.725275,14.726170,131,255,98,255,25,0,40,203,128,0,0,0,0,0,0,0
14.780220,14.790995,131,255,98,255,25,0,40,203,128,0,0,0,0,0,0,0
14.835165,14.827691,131,255,98,255,25,0,40,203,128,0,0,0,0,0,0,0
14.835165,14.837026,131,255,96,255,25,0,40,203,128,0,0,0,0,0,0,0
14.890110,14.901597,131,255,96,255,25,1,35,203,128,0,0,0,0,0,0,0
14.945055,14.938343,131,255,96,255,25,1,35,203,128,0,0,0,0,0,0,0
14.945055,14.947680,132,255,95,255,25,0,34,204,0,0,0,0,0,0,0,0
15.000000,15.012962,132,255,94,255,25,0,35,203,0,0,0,0,0,0,0,0
15.054945,15.049812,131,255,94,255,25,1,39,203,0,0,0,0,0,0,0,0
15.054945,15.059195,131,255,94,255,25,1,39,203,0,0,0,0,0,0,0,0
15.109890,15.124483,131,255,93,255,25,1,39,203,0,0,0,0,0,0,0,0
15.164835,15.161280,131,255,93,255,25,1,39,204,0,0,0,0,0,0,0,0
15.164835,15.170663,131,255,93,255,25,1,39,204,0,0,0,0,0,0,0,0
15.219780,15.235134,132,255,93,255,25,0,35,203,128,0,0,0,0,0,0,0
15.274725,15.272953,132,255,92,255,25,1,35,204,128,0,0,0,0,0,0,0
15.274725,15.282340,132,255,92,255,25,1,37,204,128,0,0,0,0,0,0,0
15.329670,15.319496,131,255,91,255,25,0,37,203,128,0,0,0,0,0,0,0
15.384615,15.383705,132,255,90,255,25,0,34,203,128,0,0,0,0,0,0,0
15.384615,15.393139,131,255,90,255,25,0,35,203,128,0,0,0,0,0,0,0
15.439561,15.430276,131,255,90,255,25,0,35,203,128,0,0,0,0,0,0,0
15.494506,15.494457,131,255,90,255,25,0,35,203,128,0,0,0,0,0,0,0
15.494506,15.503740,131,255,89,255,25,0,34,203,0,0,0,0,0,0,0,0
15.549451,15.541665,132,255,89,255,24,1,40,203,0,0,0,0,0,0,0,0
15.604396,15.605929,131,255,88,255,25,0,40,203,0,0,0,0,0,0,0,0
15.604396,15.615360,132,255,88,255,25,0,40,203,0,0,0,0,0,0,0,0
15.659341,15.652523,132,255,88,255,25,1,40,203,0,0,0,0,0,0,0,0
15.714286,15.716834,132,255,88,255,25,0,42,203,0,0,0,0,0,0,0,0
15.714286,15.726115,132,255,88,255,25,0,42,203,0,0,0,0,0,0,0,0
15.769231,15.763172,131,255,87,255,25,1,38,203,128,0,0,0,0,0,0,0
15.824176,15.828200,132,255,87,255,25,1,33,203,128,0,0,0,0,0,0,0
15.824176,15.837481,131,255,86,255,25,1,33,203,128,0,0,0,0,0,0,0
15.879121,15.874488,132,255,86,255,24,1,31,203,128,0,0,0,0,0,0,0
15.934066,15.938698,132,255,86,255,24,0,35,203,128,0,0,0,0,0,0,0
15.934066,15.948031,132,255,86,255,24,0,35,203,128,0,0,0,0,0,0,0
15.989011,15.985188,132,255,85,255,25,0,46,203,128,0,0,0,0,0,0,0
16.043957,16.049400,131,255,85,255,25,0,45,203,128,0,0,0,0,0,0,0
16.043957,16.058989,131,255,85,255,25,0,45,203,128,0,0,0,0,0,0,0
16.098902,16.096397,131,255,85,255,25,0,45,203,128,0,0,0,0,0,0,0
16.153847,16.160763,131,255,85,255,25,0,45,203,128,0,0,0,0,0,0,0
16.208792,16.197618,131,255,83,255,25,0,45,203,128,0,0,0,0,0,0,0
16.208792,16.207048,131,255,83,255,25,1,37,203,0,0,0,0,0,0,0,0
16.263737,16.272030,131,255,82,255,25,1,39,203,0,0,0,0,0,0,0,0
16.318682,16.308929,131,255,82,255,25,1,39,203,0,0,0,0,0,0,0,0
16.318682,16.318262,131,255,81,255,25,0,40,203,0,0,0,0,0,0,0,0
16.373627,16.382425,131,255,81,255,25,0,40,203,128,0,0,0,0,0,0,0
16.428572,16.419836,131,255,81,255,25,0,40,203,128,0,0,0,0,0,0,0
16.428572,16.429171,131,255,80,255,25,1,37,204,128,0,0,0,0,0,0,0
16.483517,16.493893,131,255,80,255,25,0,38,203,128,0,0,0,0,0,0,0
16.538462,16.530689,132,255,80,255,25,1,40,203,128,0,0,0,0,0,0,0
16.538462,16.540041,132,255,78,255,25,1,39,203,128,0,0,0,0,0,0,0
16.593407,16.604595,132,255,78,255,25,1,39,203,128,0,0,0,0,0,0,0
16.648352,16.641289,131,255,78,255,25,1,37,203,128,0,0,0,0,0,0,0
16.648352,16.650726,131,255,78,255,25,1,37,203,0,0,0,0,0,0,0,0
16.703297,16.715858,131,255,78,255,25,1,37,203,0,0,0,0,0,0,0,0
16.758242,16.752916,131,255,78,255,24,0,42,203,0,0,0,0,0,0,0,0
16.758242,16.762299,131,255,78,255,24,0,42,203,0,0,0,0,0,0,0,0
16.813187,16.826868,131,255,78,255,24,0,42,203,0,0,0,0,0,0,0,0
16.868132,16.863718,131,255,76,255,25,0,42,203,0,0,0,0,0,0,0,0
16.868132,16.872997,131,255,76,255,25,0,42,203,0,0,0,0,0,0,0,0
16.923077,16.937464,132,255,76,255,24,0,42,203,0,0,0,0,0,0,0,0
16.978022,16.974213,131,255,76,255,24,0,50,203,128,0,0,0,0,0,0,0
16.978022,16.984165,131,255,76,255,24,0,58,203,128,0,0,0,0,0,0,0
17.032967,17.021320,131,255,76,255,24,0,58,203,128,0,0,0,0,0,0,0
17.087912,17.085424,131,255,75,255,24,0,58,203,128,0,0,0,0,0,0,0
17.087912,17.094812,132,255,74,255,25,1,47,203,128,0,0,0,0,0,0,0
17.142857,17.131969,132,255,74,255,25,1,47,203,128,0,0,0,0,0,0,0
17.197802,17.196182,132,255,74,255,25,1,47,203,128,0,0,0,0,0,0,0
17.197802,17.205460,132,255,74,255,25,1,47,203,128,0,0,0,0,0,0,0
17.252747,17.242567,131,255,73,255,25,1,47,203,128,0,0,0,0,0,0,0
17.307692,17.306778,131,255,73,255,25,1,61,203,0,0,0,0,0,0,0,0
17.307692,17.316830,131,255,72,255,24,0,60,203,0,0,0,0,0,0,0,0
17.362637,17.353937,131,255,72,255,24,0,60,203,0,0,0,0,0,0,0,0
17.417582,17.418093,131,255,72,255,24,0,60,203,0,0,0,0,0,0,0,0
17.417582,17.427481,131,255,71,255,24,0,60,203,0,0,0,0,0,0,0,0
17.472527,17.464535,131,255,71,255,25,0,56,203,0,0,0,0,0,0,0,0
17.527473,17.528704,131,255,71,255,25,1,60,203,128,0,0,0,0,0,0,0
17.527473,17.539103,131,255,71,255,25,1,60,203,128,0,0,0,0,0,0,0
17.582418,17.576363,131,255,70,255,25,0,56,203,128,0,0,0,0,0,0,0
17.637363,17.640675,131,255,70,255,25,0,56,203,128,0,0,0,0,0,0,0
17.637363,17.649958,131,255,70,255,25,0,56,203,128,0,0,0,0,0,0,0
17.692308,17.687061,131,255,70,255,25,0,56,203,128,0,0,0,0,0,0,0
17.747253,17.751221,131,255,70,255,25,0,56,203,128,0,0,0,0,0,0,0
17.747253,17.760605,131,255,67,255,25,0,56,203,128,0,0,0,0,0,0,0
17.802198,17.797768,131,255,67,255,24,0,56,203,0,0,0,0,0,0,0,0
17.857143,17.862741,131,255,67,255,24,0,56,203,0,0,0,0,0,0,0,0
17.912088,17.899672,131,255,68,255,25,1,50,203,0,0,0,0,0,0,0,0
17.912088,17.908976,131,255,68,255,25,1,50,203,0,0,0,0,0,0,0,0
17.967033,17.973240,131,255,66,255,24,1,61,203,0,0,0,0,0,0,0,0
18.021978,18.010139,131,255,65,255,24,1,61,203,0,0,0,0,0,0,0,0
18.021978,18.019474,131,255,65,255,24,1,61,203,0,0,0,0,0,0,0,0
18.076923,18.083635,131,255,65,255,24,0,66,203,0,0,0,0,0,0,0,0
18.131868,18.120543,131,255,65,255,24,0,66,203,0,0,0,0,0,0,0,0
18.131868,18.129866,131,255,65,255,25,1,57,203,128,0,0,0,0,0,0,0
18.186813,18.194693,131,255,65,255,25,1,57,203,128,0,0,0,0,0,0,0
18.241758,18.231493,131,255,65,255,25,1,57,203,128,0,0,0,0,0,0,0
18.241758,18.240824,131,255,63,255,24,1,57,203,128,0,0,0,0,0,0,0
18.296703,18.305037,131,255,63,255,24,1,58,203,128,0,0,0,0,0,0,0
18.351648,18.341990,131,255,63,255,24,1,58,203,128,0,0,0,0,0,0,0
18.351648,18.351217,131,255,63,255,24,1,58,203,128,0,0,0,0,0,0,0
18.406593,18.416197,131,255,63,255,24,1,58,203,128,0,0,0,0,0,0,0
18.461538,18.452944,131,255,63,255,24,1,58,203,128,0,0,0,0,0,0,0
18.461538,18.462267,131,255,63,255,24,1,58,203,128,0,0,0,0,0,0,0
18.516483,18.526899,131,255,60,255,25,1,58,203,128,0,0,0,0,0,0,0
18.571428,18.563700,131,255,60,255,25,1,60,203,0,0,0,0,0,0,0,0
18.571428,18.573748,131,255,60,255,25,1,60,203,0,0,0,0,0,0,0,0
18.626373,18.638262,131,255,60,255,25,1,47,203,0,0,0,0,0,0,0,0
18.681318,18.675066,131,255,60,255,25,1,47,203,0,0,0,0,0,0,0,0
18.681318,18.684345,131,255,60,255,25,1,47,203,0,0,0,0,0,0,0,0
18.736263,18.748966,131,255,60,255,25,1,47,203,0,0,0,0,0,0,0,0
18.791208,18.785873,131,255,58,255,25,1,47,203,0,0,0,0,0,0,0,0
18.791208,18.795204,132,255,58,255,25,1,63,203,128,0,0,0,0,0,0,0
18.846153,18.833076,132,255,58,255,23,0,67,203,128,0,0,0,0,0,0,0
18.901098,18.897232,132,255,58,255,23,0,67,203,128,0,0,0,0,0,0,0
18.901098,18.906878,132,255,57,255,24,1,66,203,128,0,0,0,0,0,0,0
18.956043,18.943729,131,255,56,255,24,0,58,203,0,0,0,0,0,0,0,0
19.010988,19.008654,131,255,56,255,24,0,58,203,0,0,0,0,0,0,0,0
19.010988,19.018141,131,255,56,255,24,0,58,203,0,0,0,0,0,0,0,0
19.065933,19.054991,131,255,56,255,24,0,58,203,0,0,0,0,0,0,0,0
19.120878,19.119200,131,255,56,255,24,0,58,203,0,0,0,0,0,0,0,0
19.120878,19.128635,131,255,56,255,24,0,58,203,0,0,0,0,0,0,0,0
19.175825,19.165493,131,255,56,255,24,0,58,203,0,0,0,0,0,0,0,0
19.230770,19.229696,131,255,53,255,25,1,63,203,128,0,0,0,0,0,0,0
19.230770,19.240414,131,255,53,255,25,1,63,203,128,0,0,0,0,0,0,0
19.285715,19.277266,131,255,52,255,24,0,58,203,128,0,0,0,0,0,0,0
19.340660,19.341499,131,255,52,255,24,0,58,203,128,0,0,0,0,0,0,0
19.340660,19.350958,131,255,51,255,24,0,58,203,128,0,0,0,0,0,0,0
19.395605,19.387762,131,255,51,255,24,0,56,203,128,0,0,0,0,0,0,0
19.450550,19.451920,131,255,51,255,24,0,56,203,128,0,0,0,0,0,0,0
19.450550,19.461252,131,255,51,255,24,0,56,203,128,0,0,0,0,0,0,0
19.505495,19.498154,131,255,49,255,25,1,59,203,128,0,0,0,0,0,0,0
19.560440,19.562365,131,255,49,255,25,1,59,203,0,0,0,0,0,0,0,0
19.560440,19.572361,131,255,49,255,25,1,59,203,0,0,0,0,0,0,0,0
19.615385,19.609215,132,255,49,255,25,1,59,203,0,0,0,0,0,0,0,0
19.670330,19.673424,131,255,49,255,25,0,54,203,0,0,0,0,0,0,0,0
19.670330,19.682810,131,255,48,255,24,0,52,203,0,0,0,0,0,0,0,0
19.725275,19.719913,131,255,48,255,24,0,53,203,0,0,0,0,0,0,0,0
19.780220,19.784021,131,255,47,255,24,1,53,203,0,0,0,0,0,0,0,0
19.780220,19.793304,131,255,47,255,24,1,53,203,0,0,0,0,0,0,0,0
19.835165,19.830414,131,255,47,255,24,1,53,203,128,0,0,0,0,0,0,0
19.890110,19.895287,131,255,46,255,24,1,53,203,128,0,0,0,0,0,0,0
19.945055,19.932037,131,255,46,255,24,0,58,203,128,0,0,0,0,0,0,0
19.945055,19.941523,131,255,46,255,24,0,62,203,128,0,0,0,0,0,0,0
20.000000,20.005682,131,255,46,255,25,0,55,203,128,0,0,0,0,0,0,0
20.054945,20.042633,131,255,45,255,24,0,56,203,128,0,0,0,0,0,0,0
20.054945,20.052485,132,255,44,255,24,0,54,203,128,0,0,0,0,0,0,0
20.109890,20.116741,131,255,44,255,24,0,54,203,128,0,0,0,0,0,0,0
20.164835,20.153490,131,255,43,255,24,0,50,203,0,0,0,0,0,0,0,0
20.164835,20.163748,131,255,44,255,24,0,50,203,0,0,0,0,0,0,0,0
20.219780,20.228109,131,255,44,255,25,1,54,203,0,0,0,0,0,0,0,0
20.274725,20.264854,131,255,43,255,24,0,58,203,0,0,0,0,0,0,0,0
20.274725,20.274397,131,255,43,255,24,0,58,203,0,0,0,0,0,0,0,0
20.329670,20.338709,131,255,41,255,24,1,56,203,0,0,0,0,0,0,0,0
20.384615,20.375454,131,255,41,255,24,1,56,203,0,0,0,0,0,0,0,0
20.384615,20.385149,131,255,41,255,24,1,56,203,0,0,0,0,0,0,0,0
20.439560,20.449459,131,255,40,255,24,1,56,203,0,0,0,0,0,0,0,0
20.494505,20.486206,131,255,40,255,24,1,54,203,128,0,0,0,0,0,0,0
20.494505,20.496460,131,255,40,255,25,0,58,203,128,0,0,0,0,0,0,0
20.549450,20.560877,131,255,40,255,25,0,59,203,128,0,0,0,0,0,0,0
20.604395,20.597626,131,255,40,255,25,0,59,203,128,0,0,0,0,0,0,0
20.604395,20.607168,131,255,40,255,25,0,59,203,128,0,0,0,0,0,0,0
20.659340,20.671476,131,255,40,255,25,0,59,203,128,0,0,0,0,0,0,0
20.714285,20.708324,131,255,37,255,25,0,59,203,128,0,0,0,0,0,0,0
20.714285,20.718071,131,255,37,255,25,1,57,203,0,0,0,0,0,0,0,0
20.769230,20.755642,131,255,38,255,24,0,58,203,0,0,0,0,0,0,0,0
20.824175,20.819847,131,255,38,255,24,0,58,203,0,0,0,0,0,0,0,0
20.824175,20.829332,131,255,36,255,24,0,62,203,0,0,0,0,0,0,0,0
20.879122,20.866287,131,255,36,255,25,1,62,203,0,0,0,0,0,0,0,0
20.934067,20.930544,131,255,36,255,25,1,60,203,0,0,0,0,0,0,0,0
20.934067,20.940187,131,255,35,255,25,1,52,203,0,0,0,0,0,0,0,0
20.989012,20.977144,131,255,35,255,25,1,56,203,128,0,0,0,0,0,0,0
21.043957,21.042118,131,255,35,255,25,1,56,203,128,0,0,0,0,0,0,0
21.043957,21.051760,131,255,34,255,25,1,63,203,128,0,0,0,0,0,0,0
21.098902,21.088612,131,255,34,255,25,1,63,203,128,0,0,0,0,0,0,0
21.153847,21.152922,131,255,33,255,25,0,61,203,128,0,0,0,0,0,0,0
21.153847,21.162666,132,255,32,255,25,0,61,203,128,0,0,0,0,0,0,0
21.208792,21.199514,132,255,32,255,25,0,59,204,128,0,0,0,0,0,0,0
21.263737,21.263914,132,255,32,255,24,0,57,203,0,0,0,0,0,0,0,0
21.263737,21.273930,132,255,32,255,24,0,57,203,0,0,0,0,0,0,0,0
21.318682,21.310780,132,255,32,255,25,0,52,203,0,0,0,0,0,0,0,0
21.373627,21.375093,131,255,31,251,25,0,54,203,0,0,0,0,0,0,0,0
21.373627,21.384119,131,255,31,246,25,0,59,203,0,0,0,0,0,0,0,0
21.428572,21.420717,131,255,31,246,25,0,59,203,0,0,0,0,0,0,0,0
21.483517,21.484770,131,255,31,246,25,0,59,203,0,0,0,0,0,0,0,0
21.483517,21.493797,131,255,31,246,25,0,59,203,0,0,0,0,0,0,0,0
21.538462,21.530394,131,255,30,233,24,1,43,203,0,0,0,0,0,0,0,0
21.593407,21.594296,131,255,29,233,25,0,48,203,128,0,0,0,0,0,0,0
21.593407,21.604040,131,255,29,230,25,1,58,203,128,0,0,0,0,0,0,0
21.648352,21.640635,132,255,28,224,24,1,64,203,128,0,0,0,0,0,0,0
21.703297,21.704536,131,255,28,222,25,1,64,203,128,0,0,0,0,0,0,0
21.703297,21.713562,131,255,27,222,25,0,60,203,128,0,0,0,0,0,0,0
21.758242,21.750212,131,255,27,219,25,0,52,203,128,0,0,0,0,0,0,0
21.813187,21.814215,131,255,27,219,25,0,52,203,128,0,0,0,0,0,0,0
21.813187,21.823242,132,255,26,213,24,0,45,203,0,0,0,0,0,0,0,0
21.868132,21.860504,132,255,26,213,24,0,45,203,0,0,0,0,0,0,0,0
21.923077,21.924301,132,255,25,203,25,0,45,203,0,0,0,0,0,0,0,0
21.923077,21.933430,132,255,25,197,25,0,44,203,0,0,0,0,0,0,0,0
21.978022,21.970028,132,255,25,197,25,0,40,203,0,0,0,0,0,0,0,0
22.032967,22.033928,132,255,25,194,25,1,42,204,0,0,0,0,0,0,0,0
22.032967,22.042952,132,255,25,192,25,0,51,203,0,0,0,0,0,0,0,0
22.087912,22.079554,131,255,24,189,25,0,51,203,0,0,0,0,0,0,0,0
22.142857,22.143402,131,255,24,189,25,0,51,203,0,0,0,0,0,0,0,0
22.142857,22.152428,132,255,23,186,25,1,51,203,0,0,0,0,0,0,0,0
22.197802,22.188974,132,255,23,186,25,1,50,203,128,0,0,0,0,0,0,0
22.252747,22.253540,132,255,23,186,25,1,50,203,128,0,0,0,0,0,0,0
22.252747,22.262568,131,255,23,186,25,1,50,203,128,0,0,0,0,0,0,0
22.307692,22.299112,131,255,22,175,24,1,38,203,128,0,0,0,0,0,0,0
22.362637,22.363171,132,255,22,172,24,1,42,203,128,0,0,0,0,0,0,0
22.362637,22.372244,132,255,21,164,25,0,49,203,128,0,0,0,0,0,0,0
22.417582,22.408890,131,255,21,162,24,0,49,203,128,0,0,0,0,0,0,0
22.472527,22.472845,132,254,20,155,24,1,51,203,0,0,0,0,0,0,0,0
22.472527,22.482691,132,254,20,155,24,1,51,203,0,0,0,0,0,0,0,0
22.527473,22.519180,132,254,20,155,24,1,51,203,0,0,0,0,0,0,0,0
22.582418,22.583088,132,254,20,155,24,1,51,203,0,0,0,0,0,0,0,0
22.582418,22.592108,132,249,20,155,24,0,44,204,0,0,0,0,0,0,0,0
22.637363,22.628654,132,249,20,155,24,0,44,204,0,0,0,0,0,0,0,0
22.692308,22.692589,131,240,19,148,25,0,44,204,0,0,0,0,0,0,0,0
22.692308,22.701586,131,240,19,148,25,0,44,203,128,0,0,0,0,0,0,0
22.747253,22.738794,131,240,19,148,25,0,44,203,128,0,0,0,0,0,0,0
22.802198,22.802698,131,240,19,148,25,0,44,203,128,0,0,0,0,0,0,0
22.802198,22.811775,131,236,17,139,25,1,50,203,128,0,0,0,0,0,0,0
22.857143,22.848423,131,231,17,135,25,0,48,203,128,0,0,0,0,0,0,0
22.912088,22.912634,131,226,16,133,24,0,48,203,128,0,0,0,0,0,0,0
22.912088,22.921759,131,222,16,129,24,0,45,203,128,0,0,0,0,0,0,0
22.967033,22.958303,131,222,16,129,24,1,47,203,128,0,0,0,0,0,0,0
23.021978,23.022308,132,222,16,129,24,1,47,203,128,0,0,0,0,0,0,0
23.021978,23.031334,132,219,16,122,25,1,57,203,0,0,0,0,0,0,0,0
23.076923,23.068645,132,213,15,119,25,0,55,203,0,0,0,0,0,0,0,0
23.131868,23.132551,132,213,15,119,25,0,55,203,0,0,0,0,0,0,0,0
23.131868,23.141573,131,205,15,116,25,0,55,203,0,0,0,0,0,0,0,0
23.186813,23.178171,131,200,14,109,25,0,41,203,0,0,0,0,0,0,0,0
23.241758,23.242174,131,200,13,109,25,0,39,203,0,0,0,0,0,0,0,0
23.241758,23.251225,131,200,13,106,25,1,43,203,0,0,0,0,0,0,0,0
23.296703,23.287697,131,200,13,106,25,1,43,203,0,0,0,0,0,0,0,0
23.351648,23.351753,132,195,13,104,25,0,61,204,128,0,0,0,0,0,0,0
23.351648,23.361443,131,190,12,95,26,0,61,204,128,0,0,0,0,0,0,0
23.406593,23.398142,131,186,12,99,26,0,61,203,128,0,0,0,0,0,0,0
23.461538,23.462402,131,184,13,100,26,1,56,203,128,0,0,0,0,0,0,0
23.461538,23.471579,131,184,13,100,26,1,49,203,128,0,0,0,0,0,0,0
23.516483,23.508228,131,184,13,100,26,1,49,203,128,0,0,0,0,0,0,0
23.571428,23.572132,131,184,12,94,29,0,44,202,0,0,0,0,0,0,0,0
23.571428,23.581924,131,179,11,93,42,0,43,203,0,0,0,0,0,0,0,0
23.626373,23.618469,131,176,12,85,59,0,42,203,0,0,0,0,0,0,0,0
23.681318,23.682423,132,171,10,81,73,0,42,203,0,0,0,0,0,0,0,0
23.681318,23.691654,131,167,10,77,73,0,37,203,0,0,0,0,0,0,0,0
23.736263,23.728201,132,167,10,77,75,0,32,203,0,0,0,0,0,0,0,0
23.791208,23.791998,132,167,9,77,76,0,25,203,0,0,0,0,0,0,0,0
23.791208,23.801023,132,167,9,77,76,0,25,203,0,0,0,0,0,0,0,0
23.846153,23.837570,132,167,9,77,76,0,25,203,0,0,0,0,0,0,0,0
23.901098,23.901421,131,160,9,74,115,0,25,203,0,0,0,0,0,0,0,0
23.901098,23.910650,131,160,9,74,115,0,5,201,128,0,0,0,0,0,0,0
23.956043,23.947859,131,160,9,74,115,0,5,201,128,0,0,0,0,0,0,0
24.010988,24.012123,131,154,9,74,115,0,5,201,128,0,0,0,0,0,0,0
24.010988,24.021198,131,154,8,69,126,0,0,196,128,0,0,0,0,0,0,0
24.065933,24.057741,127,154,8,66,132,0,0,204,128,0,0,0,0,0,0,0
24.120878,24.121750,127,154,8,66,132,0,0,204,128,0,0,0,0,0,0,0
24.120878,24.130775,132,147,8,60,144,1,0,204,128,0,0,0,0,0,0,0
24.175825,24.167168,132,143,7,58,144,1,0,203,0,0,0,0,0,0,0,0
24.230770,24.231577,132,143,7,58,144,0,0,203,0,0,0,0,0,0,0,0
24.230770,24.240501,132,143,7,58,144,0,0,203,0,0,0,0,0,0,0,0
24.285715,24.276943,132,143,7,58,144,0,0,203,0,0,0,0,0,0,0,0
24.340660,24.340746,132,140,8,56,152,0,0,203,0,0,0,0,0,0,0,0
24.340660,24.349669,132,140,8,56,152,0,0,203,0,0,0,0,0,0,0,0
24.395605,24.386059,132,140,8,56,152,0,0,203,0,0,0,0,0,0,0,0
24.450550,24.450014,131,131,6,46,152,0,0,203,0,0,0,0,0,0,0,0
24.450550,24.458939,132,128,6,46,162,1,0,204,128,0,0,0,0,0,0,0
24.505495,24.495995,132,128,4,31,162,0,0,204,128,0,0,0,0,0,0,0
24.560440,24.560102,132,128,4,31,162,0,0,204,128,0,0,0,0,0,0,0
24.560440,24.568974,133,124,5,44,167,0,0,203,128,0,0,0,0,0,0,0
24.615385,24.605415,133,124,5,44,167,0,0,203,128,0,0,0,0,0,0,0
24.670330,24.669399,132,122,6,45,171,0,0,203,128,0,0,0,0,0,0,0
24.670330,24.678141,131,118,6,45,171,0,0,203,128,0,0,0,0,0,0,0
24.725275,24.714478,131,118,6,43,171,0,0,204,0,0,0,0,0,0,0,0
24.780220,24.779182,131,118,6,43,171,0,0,204,0,0,0,0,0,0,0,0
24.780220,24.788023,132,118,6,48,171,0,0,203,0,0,0,0,0,0,0,0
24.835165,24.824514,132,118,6,48,171,0,0,203,0,0,0,0,0,0,0,0
24.890110,24.888365,132,118,6,48,171,0,0,203,0,0,0,0,0,0,0,0
24.890110,24.897753,131,114,5,44,171,0,0,203,0,0,0,0,0,0,0,0
24.945055,24.934191,132,113,5,44,173,0,0,203,0,0,0,0,0,0,0,0
25.000000,24.997990,132,113,5,46,173,0,0,203,0,0,0,0,0,0,0,0
25.000000,25.007122,132,113,6,45,173,0,0,200,128,0,0,0,0,0,0,0
25.054945,25.044127,128,113,6,49,172,0,0,204,128,0,0,0,0,0,0,0
25.109890,25.107924,132,113,6,52,165,0,0,204,128,0,0,0,0,0,0,0
25.109890,25.117414,132,113,7,50,162,1,0,204,128,0,0,0,0,0,0,0
25.164835,25.153805,132,113,7,50,162,1,0,203,128,0,0,0,0,0,0,0
25.219780,25.217705,131,112,7,50,162,1,0,203,128,0,0,0,0,0,0,0
25.219780,25.227095,131,112,7,50,162,1,3,203,128,0,0,0,0,0,0,0
25.274725,25.263479,131,112,7,50,162,1,3,203,128,0,0,0,0,0,0,0
25.329670,25.327280,131,112,7,50,162,1,3,203,128,0,0,0,0,0,0,0
25.329670,25.336517,131,112,7,50,162,1,3,203,128,0,0,0,0,0,0,0
25.384615,25.372902,132,113,7,53,131,1,3,203,128,0,0,0,0,0,0,0
25.439560,25.436705,132,113,7,53,131,0,35,203,0,0,0,0,0,0,0,0
25.439560,25.446716,132,115,7,53,131,0,35,203,0,0,0,0,0,0,0,0
25.494505,25.483042,132,115,6,43,131,0,45,204,0,0,0,0,0,0,0,0
25.549450,25.546843,132,115,6,43,131,0,45,204,0,0,0,0,0,0,0,0
25.549450,25.556034,131,116,8,62,116,0,63,203,0,0,0,0,0,0,0,0
25.604395,25.592464,131,118,9,64,98,0,63,203,128,0,0,0,0,0,0,0
25.659340,25.656878,131,118,9,64,98,0,79,204,128,0,0,0,0,0,0,0
25.659340,25.666210,131,118,9,64,98,0,79,204,128,0,0,0,0,0,0,0
25.714285,25.702604,131,118,9,64,98,0,79,204,128,0,0,0,0,0,0,0
25.769230,25.766506,131,118,7,62,86,1,118,200,128,0,0,0,0,0,0,0
25.769230,25.775740,131,118,7,62,86,1,118,200,128,0,0,0,0,0,0,0
25.824175,25.812227,132,120,8,64,79,0,118,200,128,0,0,0,0,0,0,0
25.879122,25.876080,132,120,8,64,79,0,118,204,128,0,0,0,0,0,0,0
25.879122,25.885208,132,120,8,64,79,0,118,204,128,0,0,0,0,0,0,0
25.934067,25.921703,132,123,8,64,79,0,118,204,128,0,0,0,0,0,0,0
25.989012,25.985500,131,123,9,70,78,1,118,203,0,0,0,0,0,0,0,0
25.989012,25.995398,131,123,9,66,78,1,118,203,0,0,0,0,0,0,0,0
26.043957,26.031790,131,123,9,66,78,1,118,203,0,0,0,0,0,0,0,0
26.098902,26.095587,131,123,9,66,78,1,118,203,0,0,0,0,0,0,0,0
26.098902,26.104923,132,125,9,72,78,1,118,203,0,0,0,0,0,0,0,0
26.153847,26.141417,131,127,9,66,78,0,118,203,0,0,0,0,0,0,0,0
26.208792,26.205215,131,127,9,66,78,1,118,204,128,0,0,0,0,0,0,0
26.208792,26.215321,131,127,9,66,78,1,118,204,128,0,0,0,0,0,0,0
26.263737,26.251657,131,127,9,66,78,1,118,204,128,0,0,0,0,0,0,0
26.318682,26.315355,130,127,8,66,87,0,118,203,128,0,0,0,0,0,0,0
26.318682,26.324486,130,127,8,66,87,0,118,203,128,0,0,0,0,0,0,0
26.373627,26.360874,132,129,9,70,107,0,118,203,128,0,0,0,0,0,0,0
26.428572,26.424568,132,129,9,70,107,1,119,203,128,0,0,0,0,0,0,0
26.428572,26.433756,132,129,9,70,107,1,119,203,128,0,0,0,0,0,0,0
26.483517,26.470243,132,130,9,71,105,1,118,197,0,0,0,0,0,0,0,0
26.538462,26.534761,132,130,9,71,105,1,118,197,0,0,0,0,0,0,0,0
26.538462,26.544044,132,130,9,71,105,1,118,197,0,0,0,0,0,0,0,0
26.593407,26.580536,132,130,10,75,123,0,118,197,0,0,0,0,0,0,0,0
26.648352,26.644337,132,130,10,75,123,0,106,203,0,0,0,0,0,0,0,0
26.648352,26.653416,131,131,8,75,123,0,106,203,0,0,0,0,0,0,0,0
26.703297,26.689905,131,131,8,69,123,1,100,203,0,0,0,0,0,0,0,0
26.758242,26.753708,131,131,8,69,123,1,100,203,0,0,0,0,0,0,0,0
26.758242,26.762989,132,129,8,63,138,0,99,202,128,0,0,0,0,0,0,0
26.813187,26.800043,130,129,8,61,148,0,92,202,128,0,0,0,0,0,0,0
26.868132,26.863895,130,129,8,61,148,0,92,203,128,0,0,0,0,0,0,0
26.868132,26.872974,130,129,8,61,148,0,92,203,128,0,0,0,0,0,0,0
26.923077,26.909365,131,127,8,61,148,0,92,203,128,0,0,0,0,0,0,0
26.978022,26.973320,131,127,8,61,149,0,94,202,128,0,0,0,0,0,0,0
26.978022,26.982397,131,127,8,61,149,0,94,202,128,0,0,0,0,0,0,0
27.032967,27.018837,131,126,7,61,171,0,72,204,128,0,0,0,0,0,0,0
27.087912,27.082788,131,126,7,61,184,0,64,204,0,0,0,0,0,0,0,0
27.087912,27.092791,132,126,7,55,185,0,64,204,0,0,0,0,0,0,0,0
27.142857,27.129234,132,126,7,55,185,1,52,204,0,0,0,0,0,0,0,0
27.197802,27.193058,132,126,7,55,185,1,52,204,0,0,0,0,0,0,0,0
27.197802,27.202061,132,126,7,55,185,1,52,204,0,0,0,0,0,0,0,0
27.252747,27.238501,132,126,7,55,185,1,52,204,0,0,0,0,0,0,0,0
27.307692,27.302326,131,123,7,58,200,1,24,203,0,0,0,0,0,0,0,0
27.307692,27.311583,131,123,7,58,200,1,24,203,0,0,0,0,0,0,0,0
27.362637,27.348129,131,120,7,49,201,1,24,203,0,0,0,0,0,0,0,0
27.417582,27.411875,131,120,6,49,201,0,20,203,128,0,0,0,0,0,0,0
27.417582,27.421619,132,120,6,47,201,0,22,203,128,0,0,0,0,0,0,0
27.472527,27.458164,132,120,7,49,201,1,18,203,128,0,0,0,0,0,0,0
27.527473,27.522116,131,116,6,42,200,1,18,203,128,0,0,0,0,0,0,0
27.527473,27.531244,132,115,5,42,200,1,18,203,128,0,0,0,0,0,0,0
27.582418,27.567739,132,115,5,42,200,1,18,203,128,0,0,0,0,0,0,0
27.637363,27.631487,131,115,7,55,200,1,18,203,128,0,0,0,0,0,0,0
27.637363,27.640720,131,115,7,55,199,0,18,203,0,0,0,0,0,0,0,0
27.692308,27.677877,131,115,7,58,199,1,18,203,0,0,0,0,0,0,0,0
27.747253,27.741625,131,117,7,54,198,0,17,203,0,0,0,0,0,0,0,0
27.747253,27.750856,131,117,7,54,198,0,17,203,0,0,0,0,0,0,0,0
27.802198,27.787247,131,115,6,45,197,0,23,203,0,0,0,0,0,0,0,0
27.857143,27.851048,131,115,6,45,197,0,23,203,0,0,0,0,0,0,0,0
27.857143,27.860434,131,115,6,45,197,0,23,203,0,0,0,0,0,0,0,0
27.912088,27.896826,131,115,6,45,197,0,23,203,0,0,0,0,0,0,0,0
27.967033,27.960621,131,115,6,45,197,0,23,203,0,0,0,0,0,0,0,0
27.967033,27.969856,132,113,6,39,171,0,39,203,128,0,0,0,0,0,0,0
28.021978,28.006962,132,113,6,39,171,0,39,203,128,0,0,0,0,0,0,0
28.076923,28.070711,132,113,6,39,171,0,39,203,128,0,0,0,0,0,0,0
28.076923,28.079792,132,110,5,41,165,0,39,203,128,0,0,0,0,0,0,0
28.131868,28.116131,132,110,5,41,165,1,62,204,128,0,0,0,0,0,0,0
28.186813,28.179930,132,110,5,41,166,1,67,204,128,0,0,0,0,0,0,0
28.186813,28.189165,132,110,5,41,166,1,67,204,128,0,0,0,0,0,0,0
28.241758,28.225605,132,110,5,41,166,1,67,204,128,0,0,0,0,0,0,0
28.296703,28.289505,132,107,5,39,167,0,81,203,128,0,0,0,0,0,0,0
28.296703,28.298584,132,107,5,40,168,0,81,203,0,0,0,0,0,0,0,0
28.351648,28.335634,132,107,5,34,168,0,79,203,0,0,0,0,0,0,0,0
28.406593,28.399490,130,107,5,34,168,0,77,203,0,0,0,0,0,0,0,0
28.406593,28.408978,132,107,5,34,169,0,77,202,0,0,0,0,0,0,0,0
28.461538,28.445375,132,104,4,33,179,0,76,204,0,0,0,0,0,0,0,0
28.516483,28.509214,132,104,4,33,179,0,76,204,0,0,0,0,0,0,0,0
28.516483,28.518351,132,104,4,33,179,0,76,204,0,0,0,0,0,0,0,0
28.571428,28.554806,132,104,4,33,179,0,76,204,0,0,0,0,0,0,0,0
28.626373,28.618587,132,104,4,33,179,0,76,204,0,0,0,0,0,0,0,0
28.626373,28.627872,132,104,4,33,179,0,76,204,0,0,0,0,0,0,0,0
28.681318,28.691774,132,104,4,33,179,0,76,204,0,0,0,0,0,0,0,0
28.736263,28.728111,132,104,4,33,179,0,76,204,0,0,0,0,0,0,0,0
28.736263,28.737448,132,104,4,33,179,0,76,204,0,0,0,0,0,0,0,0
28.791208,28.801296,132,104,4,33,179,0,76,204,0,0,0,0,0,0,0,0
28.846153,28.837688,132,104,4,33,179,0,76,204,0,0,0,0,0,0,0,0
28.846153,28.846817,132,99,4,33,179,0,76,204,0,0,0,0,0,0,0,0
28.901098,28.910923,132,98,4,32,209,1,39,205,0,0,0,0,0,0,0,0
28.956043,28.947468,132,98,4,30,222,1,34,201,0,0,0,0,0,0,0,0
28.956043,28.956905,130,98,4,33,230,0,27,203,0,0,0,0,0,0,0,0
29.010988,29.020962,131,98,4,32,232,0,21,203,0,0,0,0,0,0,0,0
29.065933,29.057505,131,96,4,31,231,0,21,203,0,0,0,0,0,0,0,0
29.065933,29.066790,131,96,4,31,231,0,15,203,128,0,0,0,0,0,0,0
29.120878,29.104038,132,96,5,31,231,0,15,203,128,0,0,0,0,0,0,0
29.175825,29.167950,132,96,5,36,232,1,10,203,128,0,0,0,0,0,0,0
29.175825,29.177284,132,98,4,37,231,1,6,203,128,0,0,0,0,0,0,0
29.230770,29.213984,132,98,4,37,231,1,6,203,128,0,0,0,0,0,0,0
29.285715,29.278139,131,97,5,34,230,0,0,203,128,0,0,0,0,0,0,0
29.285715,29.287579,131,97,4,29,231,1,0,203,128,0,0,0,0,0,0,0
29.340660,29.324120,131,97,4,34,231,1,5,203,128,0,0,0,0,0,0,0
29.395605,29.388071,127,97,4,34,231,0,11,196,0,0,0,0,0,0,0,0
29.395605,29.398073,132,97,4,30,225,0,13,203,0,0,0,0,0,0,0,0
29.450550,29.434717,132,96,4,29,211,1,15,204,0,0,0,0,0,0,0,0
29.505495,29.498617,132,95,4,29,211,1,15,204,0,0,0,0,0,0,0,0
29.505495,29.508162,132,95,4,29,211,1,15,204,0,0,0,0,0,0,0,0
29.560440,29.544703,131,95,5,35,207,0,15,204,0,0,0,0,0,0,0,0
29.615385,29.608656,132,95,4,34,207,0,25,203,0,0,0,0,0,0,0,0
29.615385,29.618040,134,95,5,34,206,0,33,207,128,0,0,0,0,0,0,0
29.670330,29.655252,134,95,5,34,198,0,42,204,128,0,0,0,0,0,0,0
29.725275,29.719152,134,95,5,34,198,0,42,204,128,0,0,0,0,0,0,0
29.725275,29.728390,132,97,4,37,194,0,55,203,128,0,0,0,0,0,0,0
29.780220,29.764828,131,97,5,38,193,0,53,203,128,0,0,0,0,0,0,0
29.835165,29.828831,132,97,4,33,194,0,53,204,128,0,0,0,0,0,0,0
29.835165,29.838169,131,97,5,41,194,0,53,203,128,0,0,0,0,0,0,0
29.890110,29.874710,131,97,5,41,190,1,57,203,128,0,0,0,0,0,0,0
29.945055,29.938765,131,97,5,41,190,1,57,203,128,0,0,0,0,0,0,0
29.945055,29.948099,131,97,5,41,190,1,57,203,128,0,0,0,0,0,0,0
30.000000,29.984797,131,97,5,34,166,0,76,203,128,0,0,0,0,0,0,0
30.054945,30.048750,131,97,4,31,166,1,83,203,0,0,0,0,0,0,0,0
30.054945,30.058954,132,97,5,38,167,1,83,203,0,0,0,0,0,0,0,0
30.109890,30.095547,129,97,5,35,167,0,87,203,0,0,0,0,0,0,0,0
30.164835,30.159498,129,97,5,35,170,0,88,202,0,0,0,0,0,0,0,0
30.164835,30.168886,132,97,5,35,170,0,88,202,0,0,0,0,0,0,0,0
30.219780,30.205431,132,98,5,42,178,0,90,203,128,0,0,0,0,0,0,0
30.274725,30.270304,131,99,4,37,178,1,94,204,128,0,0,0,0,0,0,0
30.274725,30.279743,132,99,6,45,178,1,94,204,128,0,0,0,0,0,0,0
30.329670,30.316236,132,99,6,53,179,1,94,203,128,0,0,0,0,0,0,0
30.384615,30.380188,132,99,6,53,179,0,92,200,128,0,0,0,0,0,0,0
30.384615,30.389574,131,102,6,53,179,0,92,200,128,0,0,0,0,0,0,0
30.439560,30.426067,131,102,6,45,183,0,91,203,128,0,0,0,0,0,0,0
30.494505,30.489965,131,102,6,45,183,0,91,203,128,0,0,0,0,0,0,0
30.494505,30.499306,131,102,6,45,183,0,91,203,128,0,0,0,0,0,0,0
30.549450,30.535847,131,102,6,45,183,0,91,203,128,0,0,0,0,0,0,0
30.604395,30.599798,132,102,5,45,184,0,91,203,128,0,0,0,0,0,0,0
30.604395,30.609392,132,102,5,45,184,1,81,203,0,0,0,0,0,0,0,0
30.659340,30.646650,131,103,5,45,184,1,81,203,0,0,0,0,0,0,0,0
30.714285,30.710398,131,103,5,39,186,0,85,203,0,0,0,0,0,0,0,0
30.714285,30.719889,131,103,6,43,186,0,90,203,0,0,0,0,0,0,0,0
30.769230,30.756277,132,105,6,48,187,0,93,203,0,0,0,0,0,0,0,0
30.824175,30.820076,132,105,6,48,187,0,93,203,128,0,0,0,0,0,0,0
30.824175,30.829954,132,105,6,48,187,0,93,203,128,0,0,0,0,0,0,0
30.879122,30.866417,132,105,6,48,187,0,93,203,128,0,0,0,0,0,0,0
30.934067,30.930326,132,105,6,48,187,0,93,203,128,0,0,0,0,0,0,0
30.934067,30.939602,132,105,6,48,187,0,93,203,128,0,0,0,0,0,0,0
30.989012,30.975887,131,106,6,43,195,0,87,203,128,0,0,0,0,0,0,0
31.043957,31.039736,131,106,6,41,195,0,88,203,128,0,0,0,0,0,0,0
31.043957,31.048820,131,107,4,37,195,0,88,203,128,0,0,0,0,0,0,0
31.098902,31.085110,131,107,4,37,195,0,85,204,0,0,0,0,0,0,0,0
31.153847,31.149570,132,105,5,37,195,0,85,204,0,0,0,0,0,0,0,0
31.153847,31.158909,132,105,5,40,200,1,84,203,0,0,0,0,0,0,0,0
31.208792,31.195349,132,105,5,40,200,1,84,203,0,0,0,0,0,0,0,0
31.263737,31.259195,132,105,5,40,200,1,84,203,0,0,0,0,0,0,0,0
31.263737,31.268431,131,104,5,42,200,1,90,203,0,0,0,0,0,0,0,0
31.318682,31.304821,131,104,5,42,200,1,90,200,0,0,0,0,0,0,0,0
31.373627,31.368565,131,104,5,42,200,1,90,200,0,0,0,0,0,0,0,0
31.373627,31.377699,132,105,5,42,200,1,90,200,0,0,0,0,0,0,0,0
31.428572,31.414091,132,105,5,44,227,0,84,203,128,0,0,0,0,0,0,0
31.483517,31.478550,132,105,5,42,227,1,78,203,128,0,0,0,0,0,0,0
31.483517,31.487785,132,104,5,37,227,0,69,204,128,0,0,0,0,0,0,0
31.538462,31.524330,132,104,5,37,227,1,61,204,128,0,0,0,0,0,0,0
31.593407,31.588129,132,104,4,35,228,1,61,204,128,0,0,0,0,0,0,0
31.593407,31.597002,132,104,4,35,228,0,56,204,128,0,0,0,0,0,0,0
31.648352,31.633497,132,104,4,35,228,0,56,204,128,0,0,0,0,0,0,0
31.703297,31.697344,132,104,4,35,228,0,56,204,128,0,0,0,0,0,0,0
31.703297,31.706272,132,104,4,35,228,0,56,204,128,0,0,0,0,0,0,0
31.758242,31.742714,132,104,4,35,228,0,56,204,128,0,0,0,0,0,0,0
31.813187,31.806507,132,102,5,44,230,0,56,204,128,0,0,0,0,0,0,0
31.813187,31.815538,132,102,4,37,230,0,60,204,0,0,0,0,0,0,0,0
31.868132,31.852797,132,102,4,37,229,1,60,204,0,0,0,0,0,0,0,0
31.923077,31.916750,132,102,4,37,229,1,60,204,0,0,0,0,0,0,0,0
31.923077,31.925781,132,102,4,37,229,1,60,204,0,0,0,0,0,0,0,0
31.978022,31.962379,132,102,4,37,229,1,60,204,0,0,0,0,0,0,0,0
32.032967,32.026432,132,102,4,37,229,1,60,204,0,0,0,0,0,0,0,0
32.032967,32.035461,132,102,4,37,229,1,60,204,0,0,0,0,0,0,0,0
32.087914,32.072052,132,102,4,37,229,1,60,204,0,0,0,0,0,0,0,0
32.142857,32.135952,132,102,4,37,229,1,60,204,0,0,0,0,0,0,0,0
32.142857,32.144985,132,102,4,37,229,1,60,204,0,0,0,0,0,0,0,0
32.197803,32.181644,132,102,4,37,229,1,60,204,0,0,0,0,0,0,0,0
32.252747,32.245529,132,102,4,37,229,1,60,204,0,0,0,0,0,0,0,0
32.252747,32.254665,131,98,4,32,229,0,60,204,0,0,0,0,0,0,0,0
32.307693,32.291256,131,97,4,34,229,0,53,203,0,0,0,0,0,0,0,0
32.362637,32.355106,131,97,4,34,229,1,50,203,0,0,0,0,0,0,0,0
32.362637,32.364292,131,97,4,35,228,1,54,203,0,0,0,0,0,0,0,0
32.417583,32.400833,131,97,4,34,228,1,59,203,0,0,0,0,0,0,0,0
32.472527,32.464729,131,97,4,34,228,1,59,203,0,0,0,0,0,0,0,0
32.472527,32.473866,131,97,4,34,228,1,59,203,0,0,0,0,0,0,0,0
32.527473,32.510567,131,97,4,34,229,0,59,203,0,0,0,0,0,0,0,0
32.582417,32.574612,131,96,4,29,229,0,58,203,128,0,0,0,0,0,0,0
32.582417,32.584309,132,95,3,29,229,0,55,203,128,0,0,0,0,0,0,0
32.637363,32.620750,132,95,3,30,228,1,56,203,128,0,0,0,0,0,0,0
32.692307,32.684544,132,95,3,30,228,1,56,203,128,0,0,0,0,0,0,0
32.692307,32.693527,132,95,3,30,228,1,56,203,128,0,0,0,0,0,0,0
32.747253,32.729969,131,96,4,32,229,1,50,203,128,0,0,0,0,0,0,0
32.802197,32.793915,131,96,4,32,229,1,50,203,128,0,0,0,0,0,0,0
32.802197,32.802944,131,95,5,34,229,1,50,203,128,0,0,0,0,0,0,0
32.857143,32.839630,131,95,5,34,228,1,56,203,0,0,0,0,0,0,0,0
32.912086,32.904263,131,95,5,34,228,1,56,203,0,0,0,0,0,0,0,0
32.912086,32.913395,131,95,5,34,228,1,56,203,0,0,0,0,0,0,0,0
32.967033,32.950195,132,96,4,29,229,1,43,203,0,0,0,0,0,0,0,0
33.021976,33.014095,132,96,4,29,229,1,43,203,0,0,0,0,0,0,0,0
33.021976,33.023022,132,95,3,29,229,1,43,203,0,0,0,0,0,0,0,0
33.076923,33.059616,132,94,3,25,229,1,40,204,0,0,0,0,0,0,0,0
33.131866,33.123310,132,94,3,25,229,1,37,204,128,0,0,0,0,0,0,0
33.131866,33.132801,132,94,3,25,229,1,37,204,128,0,0,0,0,0,0,0
33.186813,33.169159,132,94,3,25,229,1,37,204,128,0,0,0,0,0,0,0
33.241756,33.232838,131,92,3,23,229,0,39,204,128,0,0,0,0,0,0,0
33.241756,33.241608,132,92,3,26,229,1,39,204,128,0,0,0,0,0,0,0
33.296703,33.305458,132,92,3,26,229,1,42,203,128,0,0,0,0,0,0,0
33.351650,33.342003,132,92,3,26,229,1,42,203,128,0,0,0,0,0,0,0
33.351650,33.350826,132,92,3,26,229,1,42,203,128,0,0,0,0,0,0,0
33.406593,33.414673,132,91,3,26,229,0,37,204,0,0,0,0,0,0,0,0
33.461540,33.452091,132,91,3,26,229,0,37,204,0,0,0,0,0,0,0,0
33.461540,33.461014,132,91,3,26,229,0,37,204,0,0,0,0,0,0,0,0
33.516483,33.524860,132,91,3,26,229,0,37,204,0,0,0,0,0,0,0,0
33.571430,33.561409,132,91,3,26,229,0,37,204,0,0,0,0,0,0,0,0
33.571430,33.570385,132,91,3,26,229,0,37,204,0,0,0,0,0,0,0,0
33.626373,33.634338,132,91,3,26,229,0,37,204,0,0,0,0,0,0,0,0
33.681320,33.671242,132,91,3,26,229,0,37,204,0,0,0,0,0,0,0,0
33.681320,33.681961,132,91,3,26,229,0,37,204,0,0,0,0,0,0,0,0
33.736263,33.718811,132,91,3,26,229,0,37,204,0,0,0,0,0,0,0,0
33.791210,33.782757,132,91,3,26,229,0,37,204,0,0,0,0,0,0,0,0
33.791210,33.791634,132,91,3,26,229,0,37,204,0,0,0,0,0,0,0,0
33.846153,33.828152,132,91,3,26,229,0,37,204,0,0,0,0,0,0,0,0
33.901100,33.892132,132,91,3,26,229,0,37,204,0,0,0,0,0,0,0,0
33.901100,33.900955,132,89,4,34,227,0,41,204,128,0,0,0,0,0,0,0
33.956043,33.938473,133,89,5,34,223,1,40,204,128,0,0,0,0,0,0,0
34.010990,34.002369,131,91,4,33,221,0,38,204,0,0,0,0,0,0,0,0
34.010990,34.012016,132,91,4,33,221,0,38,204,0,0,0,0,0,0,0,0
34.065933,34.048611,132,92,4,29,221,1,35,203,0,0,0,0,0,0,0,0
34.120880,34.112560,132,92,4,29,221,0,37,204,0,0,0,0,0,0,0,0
34.120880,34.121540,132,92,4,33,221,0,39,203,0,0,0,0,0,0,0,0
34.175823,34.158134,131,92,4,35,219,0,45,204,0,0,0,0,0,0,0,0
34.230770,34.222031,131,93,4,33,204,0,54,204,0,0,0,0,0,0,0,0
34.230770,34.231010,131,93,4,33,204,0,54,204,0,0,0,0,0,0,0,0
34.285713,34.267738,131,93,4,33,204,0,54,204,0,0,0,0,0,0,0,0
34.340660,34.331608,131,93,4,33,204,0,54,204,0,0,0,0,0,0,0,0
34.340660,34.340691,131,93,4,33,204,0,54,204,0,0,0,0,0,0,0,0
34.395603,34.377483,131,93,4,33,204,0,54,204,0,0,0,0,0,0,0,0
34.450550,34.441284,131,96,4,32,191,1,92,202,128,0,0,0,0,0,0,0
34.450550,34.450977,131,96,4,32,191,1,92,202,128,0,0,0,0,0,0,0
34.505493,34.487633,132,94,4,29,174,0,92,202,128,0,0,0,0,0,0,0
34.560440,34.551579,131,94,4,34,174,0,105,204,0,0,0,0,0,0,0,0
34.560440,34.561222,131,94,4,34,174,0,111,204,0,0,0,0,0,0,0,0
34.615383,34.597816,131,94,4,34,174,0,111,204,0,0,0,0,0,0,0,0
34.670330,34.661716,131,94,4,34,174,0,111,204,0,0,0,0,0,0,0,0
34.670330,34.670746,127,95,5,40,176,1,118,203,0,0,0,0,0,0,0,0
34.725273,34.707344,127,95,5,40,176,1,118,203,0,0,0,0,0,0,0,0
34.780220,34.771240,127,95,5,40,176,1,118,203,0,0,0,0,0,0,0,0
34.780220,34.780422,127,95,5,40,176,1,118,203,0,0,0,0,0,0,0,0
34.835163,34.817039,131,97,5,40,176,1,118,203,0,0,0,0,0,0,0,0
34.890110,34.880920,132,97,6,43,196,0,118,203,128,0,0,0,0,0,0,0
34.890110,34.890564,132,97,5,40,196,0,117,205,128,0,0,0,0,0,0,0
34.945053,34.927261,132,97,5,40,196,0,117,205,128,0,0,0,0,0,0,0
35.000000,34.991211,131,98,4,37,218,0,106,205,128,0,0,0,0,0,0,0
35.000000,35.000240,132,98,5,38,220,0,106,204,128,0,0,0,0,0,0,0
35.054947,35.036865,132,98,5,40,220,0,97,203,128,0,0,0,0,0,0,0
35.109890,35.100788,132,99,5,40,219,1,88,203,128,0,0,0,0,0,0,0
35.109890,35.109814,132,99,5,41,219,0,85,204,0,0,0,0,0,0,0,0
35.164837,35.147083,132,99,5,40,220,0,86,203,0,0,0,0,0,0,0,0
35.219780,35.211025,132,99,5,40,220,0,86,203,0,0,0,0,0,0,0,0
35.219780,35.220161,132,99,5,40,220,0,86,203,0,0,0,0,0,0,0,0
35.274727,35.256756,132,99,5,34,230,0,86,203,0,0,0,0,0,0,0,0
35.329670,35.320652,132,99,5,34,230,0,82,203,0,0,0,0,0,0,0,0
35.329670,35.329685,132,99,5,34,230,0,82,203,0,0,0,0,0,0,0,0
35.384617,35.379219,132,99,5,34,230,0,82,203,0,0,0,0,0,0,0,0
35.439560,35.430279,131,98,4,31,231,0,70,203,128,0,0,0,0,0,0,0
35.439560,35.439976,131,98,4,31,231,0,70,203,128,0,0,0,0,0,0,0
35.494507,35.476471,132,98,4,36,231,0,70,203,128,0,0,0,0,0,0,0
35.549450,35.540371,132,98,4,36,231,0,72,203,128,0,0,0,0,0,0,0
35.549450,35.549347,132,97,4,36,231,0,72,203,128,0,0,0,0,0,0,0
35.604397,35.585941,132,97,4,37,231,0,71,203,128,0,0,0,0,0,0,0
35.659340,35.649837,132,97,5,37,231,0,71,203,128,0,0,0,0,0,0,0
35.659340,35.658821,131,98,4,34,230,0,71,203,0,0,0,0,0,0,0,0
35.714287,35.696083,131,97,4,29,231,0,77,203,0,0,0,0,0,0,0,0
35.769230,35.759979,131,97,4,28,231,1,77,203,0,0,0,0,0,0,0,0
35.769230,35.769112,132,95,4,30,231,1,78,203,0,0,0,0,0,0,0,0
35.824177,35.805962,132,95,4,30,230,0,77,203,0,0,0,0,0,0,0,0
35.879120,35.869911,132,95,3,25,231,0,76,204,0,0,0,0,0,0,0,0
35.879120,35.878635,132,94,3,23,231,1,72,203,0,0,0,0,0,0,0,0
35.934067,35.915253,132,93,3,26,231,0,69,203,0,0,0,0,0,0,0,0
35.989010,35.978977,132,93,3,26,231,0,69,203,0,0,0,0,0,0,0,0
35.989010,35.987804,132,93,3,26,231,0,69,203,0,0,0,0,0,0,0,0
36.043957,36.051750,132,93,3,26,231,0,69,203,0,0,0,0,0,0,0,0
36.098900,36.088299,132,93,3,26,231,0,69,203,0,0,0,0,0,0,0,0
36.098900,36.097279,132,93,3,26,231,0,69,203,0,0,0,0,0,0,0,0
36.153847,36.161381,132,93,3,26,231,0,69,203,0,0,0,0,0,0,0,0
36.208790,36.198181,132,93,3,26,231,0,69,203,0,0,0,0,0,0,0,0
36.208790,36.207054,132,93,3,26,231,0,69,203,0,0,0,0,0,0,0,0
36.263737,36.271057,132,93,3,26,231,0,69,203,0,0,0,0,0,0,0,0
36.318680,36.307705,132,93,3,26,231,0,69,203,0,0,0,0,0,0,0,0
36.318680,36.316582,132,93,3,26,231,0,69,203,0,0,0,0,0,0,0,0
36.373627,36.380581,132,93,3,26,231,0,69,203,0,0,0,0,0,0,0,0
36.428570,36.417229,132,93,3,26,231,0,69,203,0,0,0,0,0,0,0,0
36.428570,36.426155,132,93,3,26,231,0,69,203,0,0,0,0,0,0,0,0
36.483517,36.490108,132,93,3,26,231,0,69,203,0,0,0,0,0,0,0,0
36.538460,36.526756,132,93,3,26,231,0,69,203,0,0,0,0,0,0,0,0
36.538460,36.535576,132,93,3,26,231,0,69,203,0,0,0,0,0,0,0,0
36.593407,36.599480,132,93,3,26,231,0,69,203,0,0,0,0,0,0,0,0
36.648350,36.636074,132,93,3,26,231,0,69,203,0,0,0,0,0,0,0,0
36.648350,36.644947,132,93,3,26,231,0,69,203,0,0,0,0,0,0,0,0
36.703297,36.708900,132,93,3,26,231,0,69,203,0,0,0,0,0,0,0,0
36.758244,36.745697,132,93,3,26,231,0,69,203,0,0,0,0,0,0,0,0
36.758244,36.754623,132,93,3,26,231,0,69,203,0,0,0,0,0,0,0,0
36.813187,36.818680,205,93,3,26,231,0,69,203,0,0,0,0,0,0,0,0
36.868134,36.855377,205,93,3,26,231,0,69,203,0,0,0,0,0,0,0,0
36.868134,36.864403,205,93,3,26,231,0,69,203,0,0,0,0,0,0,0,0
36.923077,36.928463,205,93,3,26,231,0,69,203,0,0,0,0,0,0,0,0
36.978024,36.965313,205,93,3,26,231,0,69,203,0,0,0,0,0,0,0,0
36.978024,36.974339,205,93,3,26,231,0,69,203,0,0,0,0,0,0,0,0
37.032967,37.040546,205,93,3,26,231,0,69,203,0,0,0,0,0,0,0,0
37.087914,37.079544,205,93,3,26,231,0,69,203,0,0,0,0,0,0,0,0
37.087914,37.090973,205,93,3,26,231,0,69,203,0,0,0,0,0,0,0,0
37.142857,37.129875,205,93,3,26,231,0,69,203,0,0,0,0,0,0,0,0
37.197803,37.195976,205,93,3,26,231,0,69,203,0,0,0,0,0,0,0,0
37.252747,37.235130,205,93,3,26,231,0,69,203,0,0,0,0,0,0,0,0
37.252747,37.246254,205,93,3,26,231,0,69,203,0,0,0,0,0,0,0,0
37.307693,37.312511,205,93,3,26,231,0,69,203,0,0,0,0,0,0,0,0
37.362637,37.351460,205,93,3,26,231,0,69,203,0,0,0,0,0,0,0,0
37.362637,37.362537,205,93,3,26,231,0,69,203,0,0,0,0,0,0,0,0
37.417583,37.401379,205,93,3,26,231,0,69,203,0,0,0,0,0,0,0,0
37.472527,37.467434,205,93,3,26,231,0,69,203,0,0,0,0,0,0,0,0
37.527473,37.479023,205,93,3,26,231,0,69,203,0,0,0,0,0,0,0,0
37.527473,37.517815,205,93,3,26,231,0,69,203,0,0,0,0,0,0,0,0
37.582417,37.584122,205,93,3,26,231,0,69,203,0,0,0,0,0,0,0,0
37.637363,37.623070,205,93,3,26,231,0,69,203,0,0,0,0,0,0,0,0
37.637363,37.634453,205,93,3,26,231,0,69,203,0,0,0,0,0,0,0,0
37.692307,37.673302,205,93,3,26,231,0,69,203,0,0,0,0,0,0,0,0
