0.000000,0.000000,132,255,168,253,24,1,71,199,128,0,0,0,0,0,0,0
0.274725,0.258202,132,255,167,253,23,1,66,199,0,0,0,0,0,0,0,0
0.494505,0.487201,132,255,167,253,23,1,66,199,0,0,0,0,0,0,0,0
0.769231,0.747855,132,255,167,253,24,1,75,200,0,0,0,0,0,0,0,0
1.043956,1.031881,132,255,167,253,24,1,71,199,0,0,0,0,0,0,0,0
1.263736,1.261905,132,255,166,253,23,1,66,200,128,0,0,0,0,0,0,0
1.538462,1.519337,132,255,166,253,24,1,64,199,0,0,0,0,0,0,0,0
1.813187,1.789675,132,255,165,253,23,1,64,199,0,0,0,0,0,0,0,0
2.087912,2.081933,132,255,165,253,23,1,50,199,0,0,0,0,0,0,0,0
2.362637,2.339779,132,255,165,253,24,1,46,200,128,0,0,0,0,0,0,0
2.582417,2.570359,132,255,165,253,24,1,47,199,0,0,0,0,0,0,0,0
2.857143,2.854236,132,255,164,253,23,1,55,200,0,0,0,0,0,0,0,0
3.131868,3.123388,132,255,164,253,23,1,48,200,0,0,0,0,0,0,0,0
3.406593,3.397969,132,255,164,253,23,1,50,200,0,0,0,0,0,0,0,0
3.681319,3.672803,132,255,163,253,23,1,50,200,0,0,0,0,0,0,0,0
3.956044,3.939142,132,255,163,253,23,1,65,200,0,0,0,0,0,0,0,0
4.175824,4.168856,132,255,163,253,24,1,61,200,0,0,0,0,0,0,0,0
4.450550,4.426750,132,255,163,253,23,1,47,199,0,0,0,0,0,0,0,0
4.725275,4.711441,132,255,163,253,23,1,54,200,128,0,0,0,0,0,0,0
5.000000,4.978395,132,255,162,253,23,1,50,200,0,0,0,0,0,0,0,0
5.219780,5.207289,132,255,162,253,23,1,50,200,0,0,0,0,0,0,0,0
5.494505,5.491826,132,255,162,253,23,1,52,200,0,0,0,0,0,0,0,0
5.769231,5.749621,132,255,161,253,23,1,48,199,128,0,0,0,0,0,0,0
5.989011,5.981893,131,255,161,253,24,1,51,199,0,0,0,0,0,0,0,0
6.263736,6.254117,132,255,161,253,24,1,51,199,0,0,0,0,0,0,0,0
6.538462,6.528592,132,255,161,253,24,1,51,199,0,0,0,0,0,0,0,0
6.813187,6.791811,132,255,161,253,24,1,53,200,0,0,0,0,0,0,0,0
7.087912,7.076863,132,255,161,253,23,1,65,200,128,0,0,0,0,0,0,0
7.307693,7.306778,132,255,159,253,23,1,71,200,0,0,0,0,0,0,0,0
7.582417,7.564367,132,255,158,253,24,1,78,199,128,0,0,0,0,0,0,0
7.857143,7.851363,132,255,157,253,24,1,80,199,0,0,0,0,0,0,0,0
8.131868,8.108076,132,255,156,253,24,1,77,200,0,0,0,0,0,0,0,0
8.351648,8.338407,132,255,154,253,23,1,88,199,0,0,0,0,0,0,0,0
8.626373,8.622792,132,255,153,253,23,1,88,199,0,0,0,0,0,0,0,0
8.901099,8.879612,132,255,150,253,23,1,88,200,0,0,0,0,0,0,0,0
9.120879,9.109378,132,255,149,253,24,1,88,200,0,0,0,0,0,0,0,0
9.395604,9.373259,132,255,146,253,24,1,86,200,128,0,0,0,0,0,0,0
9.670330,9.648044,132,255,143,253,24,1,80,199,128,0,0,0,0,0,0,0
9.945055,9.933502,132,255,140,253,23,1,80,199,128,0,0,0,0,0,0,0
10.164835,10.163165,132,255,138,253,24,1,73,199,0,0,0,0,0,0,0,0
10.439561,10.420753,132,255,136,253,23,1,64,200,128,0,0,0,0,0,0,0
10.714286,10.707952,132,255,133,253,23,1,51,200,0,0,0,0,0,0,0,0
10.989011,10.964617,132,255,130,253,24,1,51,200,0,0,0,0,0,0,0,0
11.208791,11.194180,132,255,129,253,24,1,45,201,0,0,0,0,0,0,0,0
11.483517,11.478973,132,255,126,253,24,1,32,199,128,0,0,0,0,0,0,0
11.758242,11.736663,132,255,124,253,24,1,24,200,0,0,0,0,0,0,0,0
12.032967,12.008578,132,255,122,253,24,1,24,200,0,0,0,0,0,0,0,0
12.307693,12.283566,133,255,119,253,23,1,21,200,128,0,0,0,0,0,0,0
12.527472,12.515738,132,255,118,253,24,1,37,201,128,0,0,0,0,0,0,0
12.802197,12.800687,132,255,118,253,24,1,37,201,128,0,0,0,0,0,0,0
13.076923,13.057966,132,255,115,253,23,1,49,200,0,0,0,0,0,0,0,0
13.296703,13.287373,132,255,115,253,23,1,49,200,0,0,0,0,0,0,0,0
13.571428,13.559852,132,255,113,253,23,1,49,200,0,0,0,0,0,0,0,0
13.846154,13.834176,132,255,113,253,23,1,49,200,0,0,0,0,0,0,0,0
14.120879,14.109626,132,255,111,253,23,1,59,200,128,0,0,0,0,0,0,0
14.395604,14.383999,132,255,108,253,24,1,64,200,128,0,0,0,0,0,0,0
14.670330,14.658323,132,255,108,253,23,1,64,200,128,0,0,0,0,0,0,0
14.945055,14.933567,132,255,107,253,24,1,50,200,128,0,0,0,0,0,0,0
15.219780,15.204305,132,255,106,253,23,1,53,200,0,0,0,0,0,0,0,0
15.494506,15.488331,132,255,106,253,23,1,53,200,0,0,0,0,0,0,0,0
15.769231,15.746533,132,255,104,253,23,1,61,200,0,0,0,0,0,0,0,0
15.989011,15.976042,132,255,103,253,23,1,61,200,0,0,0,0,0,0,0,0
16.263737,16.237059,132,255,103,253,23,1,54,200,0,0,0,0,0,0,0,0
16.538462,16.511486,132,255,101,253,23,1,54,200,0,0,0,0,0,0,0,0
16.813187,16.798996,132,255,101,253,24,1,45,200,128,0,0,0,0,0,0,0
17.032967,17.028961,132,255,100,253,24,1,38,200,0,0,0,0,0,0,0,0
17.307692,17.285629,132,255,99,253,24,1,38,200,0,0,0,0,0,0,0,0
17.582418,17.569702,132,255,99,253,24,1,38,200,0,0,0,0,0,0,0,0
17.857143,17.841780,133,255,99,253,23,1,17,200,0,0,0,0,0,0,0,0
18.131868,18.116125,133,255,99,253,24,1,29,201,0,0,0,0,0,0,0,0
18.406593,18.386839,132,255,99,253,23,1,45,200,128,0,0,0,0,0,0,0
18.626373,18.616093,132,255,99,253,24,1,40,200,128,0,0,0,0,0,0,0
18.901098,18.872656,132,255,98,253,24,1,66,200,128,0,0,0,0,0,0,0
19.175825,19.157242,132,255,98,253,23,1,50,200,128,0,0,0,0,0,0,0
19.450550,19.391666,132,255,99,253,24,1,72,199,0,0,0,0,0,0,0,0
19.725275,19.666910,132,255,100,253,23,1,79,199,128,0,0,0,0,0,0,0
19.945055,19.930899,132,255,99,253,24,1,71,200,0,0,0,0,0,0,0,0
20.219780,20.215588,132,255,100,253,23,1,104,200,0,0,0,0,0,0,0,0
20.494505,20.472357,132,255,99,253,23,1,104,200,0,0,0,0,0,0,0,0
20.714285,20.701458,132,255,99,253,23,1,104,200,0,0,0,0,0,0,0,0
20.989012,20.969995,132,255,99,253,24,1,83,200,128,0,0,0,0,0,0,0
21.263737,21.246418,133,255,97,253,25,1,88,200,128,0,0,0,0,0,0,0
21.538462,21.521101,132,255,97,253,23,1,85,200,128,0,0,0,0,0,0,0
21.813187,21.794855,132,255,95,253,23,1,77,200,128,0,0,0,0,0,0,0
22.087912,22.078985,132,255,95,253,23,1,77,200,128,0,0,0,0,0,0,0
22.362637,22.335907,132,255,95,253,23,1,77,200,128,0,0,0,0,0,0,0
22.582418,22.565189,132,255,92,253,24,1,76,200,128,0,0,0,0,0,0,0
22.857143,22.852160,132,255,92,253,24,1,76,200,128,0,0,0,0,0,0,0
23.131868,23.126890,132,255,90,253,23,1,47,200,128,0,0,0,0,0,0,0
23.406593,23.402079,132,255,86,253,24,1,47,200,0,0,0,0,0,0,0,0
23.681318,23.676558,132,255,86,253,24,1,50,200,0,0,0,0,0,0,0,0
23.956043,23.951239,132,255,85,253,24,1,50,200,0,0,0,0,0,0,0,0
24.230770,24.214865,132,255,82,253,24,1,39,200,0,0,0,0,0,0,0,0
24.450550,24.444122,132,255,82,253,24,1,52,200,0,0,0,0,0,0,0,0
24.725275,24.701195,132,255,82,253,24,1,52,200,0,0,0,0,0,0,0,0
25.000000,24.985785,132,255,81,253,24,1,50,200,128,0,0,0,0,0,0,0
25.274725,25.254679,133,255,80,253,24,1,50,200,128,0,0,0,0,0,0,0
25.549450,25.529667,132,255,79,253,24,1,51,200,128,0,0,0,0,0,0,0
25.824175,25.796211,132,255,79,253,24,1,47,200,0,0,0,0,0,0,0,0
26.043957,26.025404,133,255,77,253,24,1,46,200,0,0,0,0,0,0,0,0
26.318682,26.309494,132,255,77,253,23,1,47,200,0,0,0,0,0,0,0,0
26.593407,26.566364,132,255,78,253,23,1,47,200,0,0,0,0,0,0,0,0
26.813187,26.804319,132,255,77,253,24,1,56,201,0,0,0,0,0,0,0,0
27.087912,27.078695,132,255,76,253,24,1,56,201,0,0,0,0,0,0,0,0
27.362637,27.353222,132,255,76,253,24,1,56,201,0,0,0,0,0,0,0,0
27.637363,27.628260,133,255,75,253,24,1,52,201,128,0,0,0,0,0,0,0
27.912088,27.903097,132,255,75,253,24,1,51,199,128,0,0,0,0,0,0,0
28.186813,28.178442,132,255,75,253,24,2,64,200,0,0,0,0,0,0,0,0
28.516483,28.453583,132,255,75,253,23,1,64,200,128,0,0,0,0,0,0,0
28.736263,28.728006,132,255,74,253,24,1,77,200,128,0,0,0,0,0,0,0
29.010988,28.992071,133,255,74,253,23,1,76,199,0,0,0,0,0,0,0,0
29.285715,29.276423,133,255,72,253,23,1,77,200,0,0,0,0,0,0,0,0
29.560440,29.533707,133,255,71,253,24,1,75,200,128,0,0,0,0,0,0,0
29.780220,29.763729,132,255,72,253,24,1,81,200,0,0,0,0,0,0,0,0
30.054945,30.023260,132,255,71,253,24,1,71,200,128,0,0,0,0,0,0,0
30.329670,30.307541,132,255,71,253,23,1,70,201,128,0,0,0,0,0,0,0
30.549450,30.537357,132,255,69,253,23,1,74,200,0,0,0,0,0,0,0,0
30.824175,30.797096,132,255,68,253,23,1,68,200,0,0,0,0,0,0,0,0
31.098902,31.073105,133,255,67,253,24,1,70,200,128,0,0,0,0,0,0,0
31.373627,31.357595,133,255,65,253,23,1,60,201,0,0,0,0,0,0,0,0
31.648352,31.615236,133,255,65,253,23,1,56,201,128,0,0,0,0,0,0,0
31.868132,31.845358,132,255,64,253,24,1,52,201,128,0,0,0,0,0,0,0
32.142857,32.132092,132,255,64,253,24,1,52,201,128,0,0,0,0,0,0,0
32.417583,32.403706,247,244,92,4,147,38,52,201,128,0,0,0,0,0,0,0
32.692307,32.677723,132,255,61,253,24,1,26,201,0,0,0,0,0,0,0,0
32.967033,32.950916,133,255,59,253,25,1,62,200,128,0,0,0,0,0,0,0
33.241756,33.207844,133,255,59,253,25,1,62,200,128,0,0,0,0,0,0,0
33.461540,33.437199,132,255,59,253,23,1,43,200,128,0,0,0,0,0,0,0
33.736263,33.721478,133,255,58,253,24,1,51,201,128,0,0,0,0,0,0,0
34.010990,33.980553,132,255,58,253,24,1,68,200,128,0,0,0,0,0,0,0
34.285713,34.254517,132,255,56,253,24,1,57,200,128,0,0,0,0,0,0,0
34.560440,34.528839,132,255,57,253,24,1,57,200,128,0,0,0,0,0,0,0
34.835163,34.802856,132,255,56,253,23,1,68,200,128,0,0,0,0,0,0,0
35.054947,35.040298,133,255,56,253,24,1,64,201,128,0,0,0,0,0,0,0
35.329670,35.297062,132,255,55,253,23,1,58,200,128,0,0,0,0,0,0,0
35.604397,35.582165,133,255,55,253,23,1,61,201,0,0,0,0,0,0,0,0
35.824177,35.811218,132,255,55,253,23,1,61,201,0,0,0,0,0,0,0,0
36.098900,36.079296,132,255,55,253,23,1,61,201,0,0,0,0,0,0,0,0
36.373627,36.353821,133,255,54,253,24,1,46,200,128,0,0,0,0,0,0,0
36.648350,36.628910,133,255,52,253,24,1,51,200,0,0,0,0,0,0,0,0
36.923077,36.904259,133,255,53,253,23,1,51,200,0,0,0,0,0,0,0,0
37.197803,37.180374,133,255,52,253,23,1,41,201,0,0,0,0,0,0,0,0
37.472527,37.437702,133,255,52,253,24,1,46,200,128,0,0,0,0,0,0,0
37.747253,37.722546,133,255,52,253,24,1,38,201,0,0,0,0,0,0,0,0
37.967033,37.952213,133,255,53,253,24,1,25,201,0,0,0,0,0,0,0,0
38.241756,38.211845,133,255,53,253,24,1,32,200,128,0,0,0,0,0,0,0
38.516483,38.484634,133,255,53,253,24,1,64,200,128,0,0,0,0,0,0,0
38.791210,38.769531,132,255,54,253,24,1,50,200,128,0,0,0,0,0,0,0
39.010990,38.999805,132,255,54,253,24,1,82,200,0,0,0,0,0,0,0,0
39.285713,39.257294,132,255,54,253,23,1,69,200,128,0,0,0,0,0,0,0
39.560440,39.544697,133,255,54,253,24,1,87,201,0,0,0,0,0,0,0,0
39.835163,39.801773,132,255,55,253,23,1,60,201,128,0,0,0,0,0,0,0
40.054947,40.031971,132,255,54,253,24,1,73,200,0,0,0,0,0,0,0,0
40.329670,40.316792,132,255,55,253,23,1,82,200,128,0,0,0,0,0,0,0
40.604397,40.573715,133,255,55,253,23,1,82,200,128,0,0,0,0,0,0,0
40.879120,40.844147,132,255,54,253,23,1,99,201,0,0,0,0,0,0,0,0
41.098900,41.080517,133,255,54,253,23,1,62,201,128,0,0,0,0,0,0,0
41.373627,41.338558,132,255,54,253,23,1,64,201,0,0,0,0,0,0,0,0
41.648350,41.623356,133,255,53,253,23,1,50,201,128,0,0,0,0,0,0,0
41.868134,41.853634,132,255,53,253,23,1,59,200,0,0,0,0,0,0,0,0
42.142857,42.112446,133,255,53,253,23,1,59,200,0,0,0,0,0,0,0,0
42.417583,42.396683,132,255,52,253,23,1,51,200,0,0,0,0,0,0,0,0
42.692307,42.663120,133,255,52,253,23,1,75,200,128,0,0,0,0,0,0,0
42.912086,42.892784,133,255,51,253,23,1,75,200,128,0,0,0,0,0,0,0
43.186813,43.149757,133,255,51,253,23,1,68,201,128,0,0,0,0,0,0,0
43.461540,43.434757,133,255,50,253,23,1,60,201,0,0,0,0,0,0,0,0
43.681320,43.665848,133,255,50,253,23,1,63,201,0,0,0,0,0,0,0,0
43.956043,43.938946,133,255,50,253,23,1,64,200,128,0,0,0,0,0,0,0
44.230770,44.209583,133,255,49,253,24,1,60,200,0,0,0,0,0,0,0,0
44.505493,44.467632,132,255,49,253,23,1,56,201,128,0,0,0,0,0,0,0
44.780220,44.752171,133,255,48,253,24,1,54,201,0,0,0,0,0,0,0,0
45.000000,44.982449,132,255,47,253,23,1,60,201,128,0,0,0,0,0,0,0
45.274727,45.241623,133,255,47,253,23,1,60,201,128,0,0,0,0,0,0,0
45.549450,45.526054,133,255,47,253,23,1,57,201,128,0,0,0,0,0,0,0
45.769230,45.756233,133,255,47,253,24,1,45,201,0,0,0,0,0,0,0,0
46.043957,46.015202,133,255,47,253,23,1,51,201,128,0,0,0,0,0,0,0
46.318680,46.304600,132,255,46,253,23,1,53,201,128,0,0,0,0,0,0,0
46.593407,46.562088,133,255,46,253,24,1,61,200,0,0,0,0,0,0,0,0
46.813187,46.791084,133,255,48,253,24,1,61,200,0,0,0,0,0,0,0,0
47.087914,47.075466,133,255,46,253,23,1,63,202,0,0,0,0,0,0,0,0
47.362637,47.346310,133,255,46,253,23,1,63,201,128,0,0,0,0,0,0,0
47.637363,47.620529,133,255,46,253,23,1,63,201,128,0,0,0,0,0,0,0
47.912086,47.894905,133,255,46,253,23,1,63,201,128,0,0,0,0,0,0,0
48.186813,48.170151,133,255,47,253,23,1,50,201,0,0,0,0,0,0,0,0
48.461540,48.445137,133,255,46,253,23,1,66,202,128,0,0,0,0,0,0,0
48.736263,48.719311,133,255,45,253,23,1,57,201,128,0,0,0,0,0,0,0
49.010990,48.993988,133,255,45,253,23,1,57,201,128,0,0,0,0,0,0,0
49.285713,49.268158,132,255,45,253,24,2,55,200,128,0,0,0,0,0,0,0
49.560440,49.542526,133,255,45,253,23,1,58,201,128,0,0,0,0,0,0,0
49.835163,49.816853,133,255,45,253,23,1,62,201,128,0,0,0,0,0,0,0
50.109890,50.091228,133,255,45,253,23,1,56,201,128,0,0,0,0,0,0,0
50.384617,50.350197,133,255,45,253,24,1,56,200,128,0,0,0,0,0,0,0
50.604397,50.580475,133,255,45,253,23,1,48,202,128,0,0,0,0,0,0,0
50.879120,50.837982,133,255,45,253,23,1,47,200,128,0,0,0,0,0,0,0
51.153847,51.122700,133,255,45,253,23,1,49,201,0,0,0,0,0,0,0,0
51.373627,51.354668,133,255,45,253,23,1,47,200,128,0,0,0,0,0,0,0
51.648350,51.611900,133,255,46,253,23,1,48,201,0,0,0,0,0,0,0,0
51.923077,51.897205,133,255,46,253,23,1,47,201,128,0,0,0,0,0,0,0
52.142857,52.127377,133,255,47,253,23,1,39,200,0,0,0,0,0,0,0,0
52.417583,52.384354,133,255,46,253,24,1,43,201,0,0,0,0,0,0,0,0
52.692307,52.668224,133,255,46,253,24,1,43,201,0,0,0,0,0,0,0,0
52.967033,52.931545,133,255,47,253,23,1,52,200,0,0,0,0,0,0,0,0
53.241756,53.206017,133,255,48,253,24,1,48,201,0,0,0,0,0,0,0,0
53.461540,53.444637,133,255,49,253,23,1,50,201,128,0,0,0,0,0,0,0
53.736263,53.702278,133,255,49,253,24,1,57,201,128,0,0,0,0,0,0,0
54.010990,53.988964,133,255,49,253,24,1,57,201,128,0,0,0,0,0,0,0
54.285713,54.245682,133,255,51,253,23,1,65,201,128,0,0,0,0,0,0,0
54.505493,54.482101,132,255,52,253,24,1,74,201,0,0,0,0,0,0,0,0
54.780220,54.739895,133,255,52,253,23,1,67,201,128,0,0,0,0,0,0,0
55.054947,55.024635,133,255,54,253,23,1,79,200,0,0,0,0,0,0,0,0
55.274727,55.255066,132,255,54,253,24,1,67,200,128,0,0,0,0,0,0,0
55.549450,55.513779,133,255,55,253,24,1,67,200,128,0,0,0,0,0,0,0
55.824177,55.788460,133,255,56,253,23,1,68,200,128,0,0,0,0,0,0,0
56.098900,56.073204,133,255,57,253,24,1,80,201,128,0,0,0,0,0,0,0
56.373627,56.330692,132,255,56,253,23,1,78,200,0,0,0,0,0,0,0,0
56.593407,56.561321,133,255,55,253,23,1,77,201,128,0,0,0,0,0,0,0
56.868134,56.848629,133,255,56,253,23,1,83,202,0,0,0,0,0,0,0,0
57.142857,57.105343,132,255,56,253,23,1,86,201,0,0,0,0,0,0,0,0
57.362637,57.335110,133,255,56,253,23,1,82,201,0,0,0,0,0,0,0,0
57.637363,57.618980,133,255,56,253,23,1,69,201,0,0,0,0,0,0,0,0
57.912086,57.884045,133,255,55,253,24,1,68,200,0,0,0,0,0,0,0,0
58.186813,58.149513,132,255,55,253,24,1,73,201,128,0,0,0,0,0,0,0
58.406593,58.380402,133,255,55,253,23,1,52,201,0,0,0,0,0,0,0,0
58.681320,58.664375,133,255,55,253,24,1,71,200,0,0,0,0,0,0,0,0
58.956043,58.921707,133,255,54,253,23,1,50,201,128,0,0,0,0,0,0,0
59.230770,59.188763,133,255,55,253,23,1,50,201,0,0,0,0,0,0,0,0
59.505493,59.462215,133,255,53,253,23,1,40,200,128,0,0,0,0,0,0,0
59.725273,59.691467,133,255,53,253,23,1,40,200,128,0,0,0,0,0,0,0
60.000000,59.976009,132,255,53,253,24,1,48,200,128,0,0,0,0,0,0,0
60.274727,60.232521,133,255,53,253,23,1,52,201,0,0,0,0,0,0,0,0
60.494507,60.465717,133,255,53,253,23,1,49,200,128,0,0,0,0,0,0,0
60.769230,60.741009,133,255,52,253,24,1,51,201,0,0,0,0,0,0,0,0
61.043957,61.002384,133,255,52,253,23,1,60,201,0,0,0,0,0,0,0,0
61.318680,61.287434,133,255,52,253,23,1,40,201,0,0,0,0,0,0,0,0
61.538460,61.518017,132,255,53,253,23,1,57,200,0,0,0,0,0,0,0,0
61.813187,61.775349,133,255,53,253,23,1,51,201,128,0,0,0,0,0,0,0
62.087914,62.064495,133,255,53,253,24,1,54,201,0,0,0,0,0,0,0,0
62.362637,62.322334,133,255,54,253,23,1,46,201,128,0,0,0,0,0,0,0
62.582417,62.551590,133,255,54,253,23,1,46,201,128,0,0,0,0,0,0,0
62.857143,62.835926,133,255,54,253,23,1,60,201,128,0,0,0,0,0,0,0
63.131866,63.102978,133,255,54,253,23,1,84,201,0,0,0,0,0,0,0,0
63.406593,63.368706,133,255,55,253,23,1,71,200,0,0,0,0,0,0,0,0
63.626373,63.597599,133,255,55,253,23,1,71,200,0,0,0,0,0,0,0,0
63.901100,63.882648,133,255,55,253,23,1,79,201,128,0,0,0,0,0,0,0
64.175827,64.139832,132,255,54,253,23,1,72,200,128,0,0,0,0,0,0,0
64.450546,64.406418,132,255,55,253,23,1,82,201,0,0,0,0,0,0,0,0
64.725273,64.681824,133,255,53,253,23,1,53,201,128,0,0,0,0,0,0,0
64.945053,64.916039,133,255,53,253,23,1,64,201,0,0,0,0,0,0,0,0
65.219780,65.200684,133,255,53,253,23,1,64,201,0,0,0,0,0,0,0,0
65.494507,65.459236,133,255,53,253,23,1,60,200,0,0,0,0,0,0,0,0
65.714287,65.688950,133,255,52,253,23,1,63,201,128,0,0,0,0,0,0,0
65.989014,65.959389,133,255,52,253,24,1,70,200,0,0,0,0,0,0,0,0
66.263733,66.229668,133,255,50,253,23,1,63,201,128,0,0,0,0,0,0,0
66.538460,66.513893,133,255,50,253,23,1,68,201,0,0,0,0,0,0,0,0
66.813187,66.771484,133,255,50,80,242,96,70,201,0,0,0,0,0,0,0,0
67.032967,67.001816,133,255,49,253,23,1,73,201,128,0,0,0,0,0,0,0
67.307693,67.261650,133,255,48,253,23,1,65,201,128,0,0,0,0,0,0,0
67.582420,67.546600,133,255,49,253,23,1,68,201,128,0,0,0,0,0,0,0
67.802200,67.776161,133,255,47,253,23,1,46,201,0,0,0,0,0,0,0,0
68.076920,68.033752,133,255,45,253,23,1,62,201,128,0,0,0,0,0,0,0
68.351646,68.320480,133,255,45,253,23,1,47,201,0,0,0,0,0,0,0,0
68.571426,68.550812,133,255,44,253,23,1,55,201,128,0,0,0,0,0,0,0
68.846153,68.808304,133,255,44,253,23,1,61,201,0,0,0,0,0,0,0,0
69.120880,69.092834,133,255,43,253,24,1,61,201,0,0,0,0,0,0,0,0
69.395607,69.352570,133,255,44,253,23,1,62,201,128,0,0,0,0,0,0,0
69.615387,69.582596,132,255,44,253,23,1,60,201,0,0,0,0,0,0,0,0
69.890106,69.867699,133,255,43,253,23,1,54,201,128,0,0,0,0,0,0,0
70.164833,70.124825,133,255,42,253,23,1,46,201,0,0,0,0,0,0,0,0
70.384613,70.354691,133,255,43,253,24,1,61,201,128,0,0,0,0,0,0,0
70.659340,70.612335,133,255,40,253,23,1,53,201,0,0,0,0,0,0,0,0
70.934067,70.897789,133,255,41,253,23,1,68,201,128,0,0,0,0,0,0,0
71.153847,71.127350,133,255,41,253,23,1,64,200,0,0,0,0,0,0,0,0
71.428574,71.389336,133,255,40,253,25,1,65,200,128,0,0,0,0,0,0,0
71.703300,71.674286,133,255,40,253,23,1,60,201,128,0,0,0,0,0,0,0
71.978020,71.931778,133,255,40,253,23,1,67,201,0,0,0,0,0,0,0,0
72.197800,72.160927,133,255,39,253,24,1,66,201,0,0,0,0,0,0,0,0
72.472527,72.447350,133,255,38,253,24,1,57,201,0,0,0,0,0,0,0,0
72.747253,72.720345,133,255,39,253,24,1,50,201,128,0,0,0,0,0,0,0
73.021980,72.995384,132,255,37,253,24,1,54,200,0,0,0,0,0,0,0,0
73.296700,73.253075,133,255,38,253,24,1,55,201,128,0,0,0,0,0,0,0
73.516487,73.483200,133,255,37,253,23,1,56,201,0,0,0,0,0,0,0,0
73.791206,73.767685,133,255,37,253,24,1,58,200,0,0,0,0,0,0,0,0
74.065933,74.027214,133,255,37,253,23,1,75,200,0,0,0,0,0,0,0,0
74.285713,74.257240,133,255,37,253,24,1,75,200,0,0,0,0,0,0,0,0
74.560440,74.514519,132,255,36,253,23,1,50,201,128,0,0,0,0,0,0,0
74.835167,74.785545,133,255,37,253,23,1,60,201,128,0,0,0,0,0,0,0
75.109894,75.081871,133,255,37,253,24,1,73,201,128,0,0,0,0,0,0,0
75.384613,75.338440,133,255,37,253,24,1,73,201,128,0,0,0,0,0,0,0
75.604393,75.567848,132,255,35,253,24,1,78,201,128,0,0,0,0,0,0,0
75.879120,75.852379,132,255,35,253,24,1,78,201,128,0,0,0,0,0,0,0
76.153847,76.115913,133,255,34,253,24,1,78,201,128,0,0,0,0,0,0,0
76.428574,76.391106,133,255,33,253,23,1,57,201,0,0,0,0,0,0,0,0
76.703300,76.666603,132,255,34,253,23,1,71,200,128,0,0,0,0,0,0,0
76.978020,76.941711,133,255,34,253,23,1,48,200,0,0,0,0,0,0,0,0
77.252747,77.212685,133,255,31,248,24,1,70,201,128,0,0,0,0,0,0,0
77.472527,77.441582,133,255,32,253,24,1,63,201,128,0,0,0,0,0,0,0
77.747253,77.699013,133,255,30,238,23,1,47,201,128,0,0,0,0,0,0,0
78.021980,77.982788,133,255,30,233,23,1,51,201,128,0,0,0,0,0,0,0
78.241760,78.213882,133,255,31,245,24,1,47,201,0,0,0,0,0,0,0,0
78.516487,78.470703,133,255,30,235,23,2,51,201,128,0,0,0,0,0,0,0
78.791206,78.754074,133,255,31,242,23,1,51,201,128,0,0,0,0,0,0,0
79.010986,78.982506,133,255,30,232,24,1,51,201,0,0,0,0,0,0,0,0
79.285713,79.242950,133,255,30,237,23,1,51,201,0,0,0,0,0,0,0,0
79.560440,79.517174,133,255,30,232,23,2,46,201,128,0,0,0,0,0,0,0
79.835167,79.787041,133,255,30,232,23,1,53,201,0,0,0,0,0,0,0,0
80.109894,80.070351,133,255,29,227,24,1,70,201,0,0,0,0,0,0,0,0
80.329674,80.299767,133,255,29,227,24,1,73,201,128,0,0,0,0,0,0,0
80.604393,80.555908,133,255,30,231,25,1,60,201,0,0,0,0,0,0,0,0
80.879120,80.844650,133,255,29,230,23,1,60,202,128,0,0,0,0,0,0,0
81.153847,81.118050,133,255,30,237,24,1,67,201,0,0,0,0,0,0,0,0
81.428574,81.391960,133,255,28,226,24,1,77,200,0,0,0,0,0,0,0,0
81.648354,81.621933,133,255,29,228,24,1,77,201,0,0,0,0,0,0,0,0
81.923080,81.878090,133,255,28,219,24,1,67,201,128,0,0,0,0,0,0,0
82.197800,82.161446,133,255,28,219,24,1,67,201,128,0,0,0,0,0,0,0
82.417580,82.390190,133,255,27,214,24,1,89,201,128,0,0,0,0,0,0,0
82.692307,82.662369,133,255,28,224,24,1,59,201,128,0,0,0,0,0,0,0
82.967033,82.935867,133,255,27,212,24,1,79,202,128,0,0,0,0,0,0,0
83.241760,83.203354,133,255,26,205,24,1,70,201,0,0,0,0,0,0,0,0
83.516487,83.486588,133,255,26,203,23,1,75,201,0,0,0,0,0,0,0,0
83.791206,83.742393,133,254,26,203,23,1,75,201,0,0,0,0,0,0,0,0
84.010986,83.970665,133,249,25,198,23,1,63,201,0,0,0,0,0,0,0,0
84.285713,84.234192,133,243,23,183,24,2,53,201,128,0,0,0,0,0,0,0
84.560440,84.524719,133,240,23,183,24,2,59,201,0,0,0,0,0,0,0,0
84.780220,84.753365,133,236,22,174,24,1,50,201,128,0,0,0,0,0,0,0
85.054947,85.009773,133,227,21,165,24,1,47,201,0,0,0,0,0,0,0,0
85.329674,85.294151,133,219,20,160,23,1,47,202,128,0,0,0,0,0,0,0
85.604393,85.561005,133,219,20,160,23,1,47,202,128,0,0,0,0,0,0,0
85.879120,85.835175,133,212,20,157,24,1,47,202,0,0,0,0,0,0,0,0
86.153847,86.108727,133,207,19,154,24,1,38,201,0,0,0,0,0,0,0,0
86.428574,86.375557,133,203,18,143,24,1,48,201,0,0,0,0,0,0,0,0
86.648354,86.604065,133,200,18,147,24,1,59,201,128,0,0,0,0,0,0,0
86.923080,86.887527,133,197,18,139,24,1,50,202,128,0,0,0,0,0,0,0
87.142860,87.116119,133,195,18,147,24,2,55,201,128,0,0,0,0,0,0,0
87.417580,87.379128,133,196,19,146,24,1,56,201,0,0,0,0,0,0,0,0
87.692307,87.663307,133,194,18,142,23,2,64,201,128,0,0,0,0,0,0,0
87.967033,87.919868,133,194,18,141,23,1,54,201,0,0,0,0,0,0,0,0
88.186813,88.148613,133,194,18,143,24,1,71,201,128,0,0,0,0,0,0,0
88.461540,88.407288,133,192,18,140,24,1,54,201,0,0,0,0,0,0,0,0
88.736267,88.690948,133,192,18,138,24,1,48,201,128,0,0,0,0,0,0,0
88.956047,88.919273,133,192,18,138,24,1,48,201,128,0,0,0,0,0,0,0
89.230766,89.203102,133,189,17,138,23,1,52,201,0,0,0,0,0,0,0,0
89.505493,89.460793,133,189,17,133,24,1,50,201,0,0,0,0,0,0,0,0
89.780220,89.734238,133,189,18,141,24,1,48,201,0,0,0,0,0,0,0,0
90.000000,89.972092,133,191,18,139,24,1,57,201,128,0,0,0,0,0,0,0
90.274727,90.229012,133,193,18,147,23,1,56,201,0,0,0,0,0,0,0,0
90.549454,90.512840,133,192,18,138,23,1,71,201,128,0,0,0,0,0,0,0
90.824173,90.769661,133,195,19,151,24,1,64,202,0,0,0,0,0,0,0,0
91.043953,91.006584,133,197,19,150,24,1,64,201,0,0,0,0,0,0,0,0
91.318680,91.265404,144,197,19,149,24,1,63,201,128,0,0,0,0,0,0,0
91.593407,91.548149,133,199,19,151,24,1,72,201,128,0,0,0,0,0,0,0
91.813187,91.776733,133,199,19,152,24,1,72,201,128,0,0,0,0,0,0,0
92.087914,92.032288,133,198,19,152,24,1,72,201,128,0,0,0,0,0,0,0
92.362640,92.330940,133,196,19,145,24,1,69,201,128,0,0,0,0,0,0,0
92.637360,92.604134,133,195,18,146,24,1,69,201,128,0,0,0,0,0,0,0
92.912086,92.877083,133,196,19,144,24,1,66,200,128,0,0,0,0,0,0,0
93.186813,93.150993,133,197,18,146,23,1,60,201,0,0,0,0,0,0,0,0
93.461540,93.412163,133,197,18,146,23,1,71,201,128,0,0,0,0,0,0,0
93.681320,93.640030,133,197,18,145,23,1,63,201,0,0,0,0,0,0,0,0
93.956047,93.923752,133,195,18,142,24,1,70,201,128,0,0,0,0,0,0,0
94.230766,94.180519,133,194,17,135,24,2,70,201,0,0,0,0,0,0,0,0
94.450546,94.410599,133,194,19,146,24,1,63,202,0,0,0,0,0,0,0,0
94.725273,94.694466,133,194,17,141,24,1,60,201,128,0,0,0,0,0,0,0
95.000000,94.950470,133,194,17,141,24,1,60,201,128,0,0,0,0,0,0,0
95.274727,95.219673,133,188,16,130,24,2,50,201,128,0,0,0,0,0,0,0
95.494507,95.448723,133,189,18,141,24,1,68,201,0,0,0,0,0,0,0,0
95.769234,95.731979,133,188,17,127,24,1,51,201,128,0,0,0,0,0,0,0
96.043953,95.988190,133,182,16,128,24,2,74,201,0,0,0,0,0,0,0,0
96.263733,96.218567,133,182,17,130,24,1,56,201,0,0,0,0,0,0,0,0
96.538460,96.507149,133,181,16,130,24,1,60,201,128,0,0,0,0,0,0,0
96.813187,96.763504,133,182,17,129,24,1,70,201,0,0,0,0,0,0,0,0
97.032967,96.991890,133,175,17,129,24,1,70,201,0,0,0,0,0,0,0,0
97.307693,97.275146,133,173,15,119,24,1,80,201,0,0,0,0,0,0,0,0
97.582420,97.544815,133,173,16,120,24,1,78,201,128,0,0,0,0,0,0,0
97.857140,97.818420,133,167,15,113,23,1,70,202,0,0,0,0,0,0,0,0
98.131866,98.079384,133,166,14,111,30,1,45,201,128,0,0,0,0,0,0,0
98.351646,98.308388,132,161,13,101,35,1,59,201,128,0,0,0,0,0,0,0
98.626373,98.592201,132,161,13,101,35,1,59,200,0,0,0,0,0,0,0,0
98.901100,98.847847,133,154,12,98,58,1,40,201,0,0,0,0,0,0,0,0
99.175827,99.089638,133,153,13,104,59,1,27,200,128,0,0,0,0,0,0,0
99.395607,99.362320,133,150,13,101,60,1,44,201,0,0,0,0,0,0,0,0
99.670326,99.633728,132,150,12,100,59,1,44,201,128,0,0,0,0,0,0,0
99.945053,99.887993,132,150,12,100,59,1,44,201,128,0,0,0,0,0,0,0
100.219780,100.170586,133,150,13,101,60,1,42,201,0,0,0,0,0,0,0,0
100.439560,100.398506,133,152,14,109,59,1,49,201,128,0,0,0,0,0,0,0
100.714287,100.656654,133,153,14,101,59,1,61,201,0,0,0,0,0,0,0,0
100.989014,100.954346,133,154,14,112,60,1,56,201,128,0,0,0,0,0,0,0
101.263733,101.210243,133,160,15,115,59,2,77,200,128,0,0,0,0,0,0,0
101.483513,101.440475,132,162,14,116,60,1,51,200,128,0,0,0,0,0,0,0
101.758240,101.724495,133,165,15,119,60,1,74,201,0,0,0,0,0,0,0,0
102.032967,101.984283,133,169,16,123,59,1,45,201,0,0,0,0,0,0,0,0
102.252747,102.218758,133,169,15,121,59,1,76,201,0,0,0,0,0,0,0,0
102.527473,102.474098,133,170,16,123,60,1,60,201,0,0,0,0,0,0,0,0
102.802200,102.757561,133,172,16,129,59,1,70,200,0,0,0,0,0,0,0,0
103.021980,102.986351,133,174,16,123,59,1,59,201,0,0,0,0,0,0,0,0
103.296700,103.244400,133,175,16,127,60,1,71,200,128,0,0,0,0,0,0,0
103.571426,103.527405,133,176,17,129,59,1,61,201,0,0,0,0,0,0,0,0
103.791206,103.757065,133,178,17,131,59,1,62,201,128,0,0,0,0,0,0,0
104.065933,104.021309,133,181,18,138,59,1,44,201,0,0,0,0,0,0,0,0
104.340660,104.295273,133,180,17,127,59,1,51,201,128,0,0,0,0,0,0,0
104.615387,104.568420,133,180,17,127,59,1,51,201,128,0,0,0,0,0,0,0
104.890106,104.831688,133,182,17,135,59,1,50,201,0,0,0,0,0,0,0,0
105.164833,105.116531,133,184,18,144,60,1,32,201,0,0,0,0,0,0,0,0
105.384613,105.344864,133,187,18,145,59,1,47,201,0,0,0,0,0,0,0,0
105.659340,105.601273,133,193,18,147,59,1,37,201,0,0,0,0,0,0,0,0
105.934067,105.887489,133,196,20,155,59,1,50,201,0,0,0,0,0,0,0,0
106.153847,106.116241,133,203,19,156,59,1,50,201,128,0,0,0,0,0,0,0
106.428574,106.371681,133,208,21,166,60,1,55,201,0,0,0,0,0,0,0,0
106.703300,106.656349,133,213,22,174,59,1,71,200,128,0,0,0,0,0,0,0
106.978020,106.927521,133,219,22,176,60,1,70,202,0,0,0,0,0,0,0,0
107.252747,107.194931,133,226,23,186,59,1,74,202,128,0,0,0,0,0,0,0
107.472527,107.424232,133,227,24,185,60,1,77,200,0,0,0,0,0,0,0,0
107.747253,107.708061,133,231,24,187,60,1,71,200,128,0,0,0,0,0,0,0
108.021980,107.963394,133,236,24,188,59,1,79,200,128,0,0,0,0,0,0,0
108.241760,108.194801,133,242,25,195,60,1,70,201,0,0,0,0,0,0,0,0
108.516487,108.477753,133,242,25,195,60,1,70,201,0,0,0,0,0,0,0,0
108.791206,108.733856,133,245,25,202,59,1,70,201,0,0,0,0,0,0,0,0
109.010986,108.962700,133,247,25,198,60,1,69,201,128,0,0,0,0,0,0,0
109.285713,109.236252,133,249,25,199,59,1,65,201,128,0,0,0,0,0,0,0
109.560440,109.509399,133,249,25,199,59,1,65,201,128,0,0,0,0,0,0,0
109.835167,109.783157,133,252,25,203,59,1,52,202,0,0,0,0,0,0,0,0
110.109894,110.057281,132,253,26,204,60,1,51,201,128,0,0,0,0,0,0,0
110.384613,110.330368,133,254,25,201,59,1,38,201,128,0,0,0,0,0,0,0
110.659340,110.600037,133,255,26,205,60,1,50,200,128,0,0,0,0,0,0,0
110.934067,110.883759,133,255,27,211,59,1,50,201,128,0,0,0,0,0,0,0
111.153847,111.112450,133,255,27,216,59,1,55,201,0,0,0,0,0,0,0,0
111.428574,111.369270,133,255,26,209,60,1,44,201,128,0,0,0,0,0,0,0
111.703300,111.658104,132,255,28,216,60,1,60,201,0,0,0,0,0,0,0,0
111.978020,111.931557,133,255,29,224,60,1,51,201,128,0,0,0,0,0,0,0
112.252747,112.194313,133,255,29,232,60,1,67,200,0,0,0,0,0,0,0,0
112.472527,112.423264,133,255,29,228,60,1,62,201,128,0,0,0,0,0,0,0
112.747253,112.707336,133,255,29,232,60,1,64,201,0,0,0,0,0,0,0,0
113.021980,112.963699,132,255,30,237,60,1,56,201,128,0,0,0,0,0,0,0
113.241760,113.196838,133,255,30,239,60,1,69,201,0,0,0,0,0,0,0,0
113.516487,113.453285,133,255,31,246,60,1,57,201,0,0,0,0,0,0,0,0
113.791206,113.738243,133,255,31,246,60,1,61,201,128,0,0,0,0,0,0,0
114.010986,113.967506,133,255,31,248,60,1,50,201,128,0,0,0,0,0,0,0
114.285713,114.231636,133,255,32,253,59,1,62,200,128,0,0,0,0,0,0,0
114.560440,114.506271,132,255,32,252,59,1,59,201,0,0,0,0,0,0,0,0
114.835167,114.791321,133,255,33,253,60,1,54,201,128,0,0,0,0,0,0,0
115.109894,115.049416,133,255,34,253,59,1,59,201,0,0,0,0,0,0,0,0
115.329674,115.279549,133,255,33,253,59,1,56,201,128,0,0,0,0,0,0,0
115.604393,115.566483,133,255,34,253,59,1,71,201,0,0,0,0,0,0,0,0
115.879120,115.823357,134,255,35,253,59,1,67,200,0,0,0,0,0,0,0,0
116.098900,116.053123,133,255,35,253,59,1,70,201,128,0,0,0,0,0,0,0
116.373627,116.309891,133,255,36,253,59,1,70,201,128,0,0,0,0,0,0,0
116.648354,116.598221,133,255,35,253,60,1,77,202,128,0,0,0,0,0,0,0
116.923080,116.873459,133,255,36,253,59,1,73,201,0,0,0,0,0,0,0,0
117.197800,117.144302,133,255,36,253,59,1,85,201,128,0,0,0,0,0,0,0
117.417580,117.374016,133,255,36,253,59,1,60,201,0,0,0,0,0,0,0,0
117.692307,117.631554,133,255,36,253,59,1,71,201,128,0,0,0,0,0,0,0
117.967033,117.916550,133,255,34,253,59,1,63,201,0,0,0,0,0,0,0,0
118.241760,118.178337,133,255,34,253,59,1,63,201,0,0,0,0,0,0,0,0
118.461540,118.418289,134,255,35,253,59,1,65,201,0,0,0,0,0,0,0,0
118.736267,118.674904,133,255,34,253,59,1,70,201,0,0,0,0,0,0,0,0
119.010986,118.959755,133,255,34,253,60,1,60,201,128,0,0,0,0,0,0,0
119.230766,119.190788,133,255,34,253,59,1,60,201,128,0,0,0,0,0,0,0
119.505493,119.449509,133,255,33,253,59,1,57,201,0,0,0,0,0,0,0,0
119.780220,119.734604,133,255,33,253,60,1,70,201,128,0,0,0,0,0,0,0
120.054947,119.992043,133,255,32,253,60,1,50,201,128,0,0,0,0,0,0,0
120.274727,120.221954,133,255,32,253,59,1,60,201,0,0,0,0,0,0,0,0
120.549454,120.508034,133,255,32,253,59,1,58,201,128,0,0,0,0,0,0,0
120.824173,120.764961,133,255,31,249,60,1,52,201,0,0,0,0,0,0,0,0
121.043953,120.994667,133,255,32,252,60,1,53,201,128,0,0,0,0,0,0,0
121.318680,121.278694,133,255,31,249,60,1,58,201,0,0,0,0,0,0,0,0
121.593407,121.544472,133,255,31,250,59,1,47,201,128,0,0,0,0,0,0,0
121.868134,121.817612,133,255,31,245,60,1,54,201,128,0,0,0,0,0,0,0
122.142860,122.080833,133,255,31,242,60,1,57,201,128,0,0,0,0,0,0,0
122.362640,122.309265,133,255,31,246,60,2,53,201,0,0,0,0,0,0,0,0
122.637360,122.593399,133,255,31,247,60,1,60,201,0,0,0,0,0,0,0,0
122.912086,122.849503,133,255,31,246,60,1,62,201,128,0,0,0,0,0,0,0
123.131866,123.089348,133,255,31,245,60,1,64,200,0,0,0,0,0,0,0,0
123.406593,123.350670,133,255,31,246,61,1,51,201,128,0,0,0,0,0,0,0
123.681320,123.634491,133,255,31,244,59,1,64,200,0,0,0,0,0,0,0,0
123.956047,123.890495,133,255,31,244,59,1,64,200,0,0,0,0,0,0,0,0
124.175827,124.118515,133,255,31,244,59,1,64,200,0,0,0,0,0,0,0,0
124.450546,124.387520,133,255,31,248,60,1,52,201,0,0,0,0,0,0,0,0
124.725273,124.662048,133,255,32,250,60,1,63,201,128,0,0,0,0,0,0,0
125.000000,124.935860,133,255,31,248,59,1,56,201,128,0,0,0,0,0,0,0
125.274727,125.209053,133,255,31,245,59,1,64,201,128,0,0,0,0,0,0,0
125.549454,125.500298,133,255,32,249,59,1,77,201,0,0,0,0,0,0,0,0
125.824173,125.758293,133,255,32,252,60,1,70,201,128,0,0,0,0,0,0,0
126.043953,125.987907,133,255,31,247,60,1,80,201,0,0,0,0,0,0,0,0
126.318680,126.272903,133,255,31,253,59,1,77,202,128,0,0,0,0,0,0,0
126.593407,126.531616,133,255,32,253,60,1,78,201,0,0,0,0,0,0,0,0
126.813187,126.760254,133,255,31,242,59,1,83,201,0,0,0,0,0,0,0,0
127.087914,127.045410,133,255,31,240,59,1,83,201,0,0,0,0,0,0,0,0
127.362640,127.318962,133,255,29,228,60,1,76,201,128,0,0,0,0,0,0,0
127.637360,127.592728,133,255,29,228,60,1,75,202,128,0,0,0,0,0,0,0
127.912086,127.853279,133,255,28,221,59,1,72,201,0,0,0,0,0,0,0,0
128.131866,128.082123,133,255,28,215,59,1,68,201,128,0,0,0,0,0,0,0
128.406601,128.338181,133,255,25,200,60,1,63,202,0,0,0,0,0,0,0,0
128.681320,128.622101,133,255,25,200,60,1,63,202,0,0,0,0,0,0,0,0
128.956039,128.890640,132,255,25,194,59,1,51,201,0,0,0,0,0,0,0,0
129.175827,129.125732,133,245,23,184,59,1,48,201,128,0,0,0,0,0,0,0
129.450546,129.381927,133,240,24,183,59,1,48,201,0,0,0,0,0,0,0,0
129.725281,129.665756,133,230,21,170,60,1,36,201,128,0,0,0,0,0,0,0
129.945053,129.894806,133,226,22,172,60,1,31,202,0,0,0,0,0,0,0,0
130.219788,130.153107,133,222,20,161,60,1,38,201,128,0,0,0,0,0,0,0
130.494507,130.436615,133,220,21,167,59,1,35,201,128,0,0,0,0,0,0,0
130.714279,130.665573,133,216,20,156,59,1,41,202,128,0,0,0,0,0,0,0
130.989014,130.921616,133,214,21,166,60,1,37,201,128,0,0,0,0,0,0,0
131.263733,131.205444,133,215,20,158,59,1,48,201,0,0,0,0,0,0,0,0
131.483521,131.434189,133,214,21,163,60,1,39,201,128,0,0,0,0,0,0,0
131.758240,131.691101,133,214,21,163,60,1,51,201,0,0,0,0,0,0,0,0
132.032974,131.974823,133,216,21,171,60,1,56,201,128,0,0,0,0,0,0,0
132.252747,132.203415,133,219,22,173,60,1,52,201,0,0,0,0,0,0,0,0
132.527466,132.459869,133,220,23,181,59,1,69,201,128,0,0,0,0,0,0,0
132.802200,132.742874,133,224,24,186,60,1,60,200,128,0,0,0,0,0,0,0
133.021973,132.971268,133,228,24,186,60,1,60,200,128,0,0,0,0,0,0,0
133.296707,133.231400,133,232,24,187,59,1,71,201,128,0,0,0,0,0,0,0
133.571426,133.524124,133,236,24,194,60,1,84,201,0,0,0,0,0,0,0,0
133.846161,133.780594,133,238,24,186,59,1,71,200,128,0,0,0,0,0,0,0
134.065933,134.009338,133,236,24,184,59,1,86,201,0,0,0,0,0,0,0,0
134.340652,134.293732,133,238,24,191,60,1,72,201,128,0,0,0,0,0,0,0
134.615387,134.552383,133,239,24,188,60,1,76,201,0,0,0,0,0,0,0,0
134.835159,134.780411,133,237,23,181,60,1,62,201,128,0,0,0,0,0,0,0
135.109894,135.064178,133,236,23,187,60,1,70,201,128,0,0,0,0,0,0,0
135.384613,135.321411,133,232,22,177,59,1,59,200,0,0,0,0,0,0,0,0
135.659348,135.589035,133,231,23,182,59,1,64,202,128,0,0,0,0,0,0,0
135.879120,135.818634,133,230,23,181,60,1,63,201,0,0,0,0,0,0,0,0
136.153839,136.102417,133,228,22,171,60,1,64,201,128,0,0,0,0,0,0,0
136.428574,136.358459,133,226,21,171,59,1,65,201,0,0,0,0,0,0,0,0
136.648346,136.592621,133,224,22,172,60,1,66,201,128,0,0,0,0,0,0,0
136.923080,136.856003,133,222,21,162,59,1,64,201,0,0,0,0,0,0,0,0
137.197800,137.139832,132,216,21,163,60,1,72,200,128,0,0,0,0,0,0,0
137.417587,137.368103,133,215,20,160,60,1,69,201,128,0,0,0,0,0,0,0
137.692307,137.624817,133,210,20,159,60,1,74,201,0,0,0,0,0,0,0,0
137.967026,137.919235,133,205,19,148,59,1,74,201,0,0,0,0,0,0,0,0
138.241760,138.179382,133,203,18,141,60,1,59,201,0,0,0,0,0,0,0,0
138.461533,138.408279,133,198,18,144,60,1,71,201,128,0,0,0,0,0,0,0
138.736267,138.664291,133,197,18,137,59,1,72,201,128,0,0,0,0,0,0,0
139.010986,138.947021,133,189,17,130,59,1,62,202,128,0,0,0,0,0,0,0
139.230774,139.178024,133,185,17,130,60,1,63,201,0,0,0,0,0,0,0,0
139.505493,139.434891,133,180,16,126,60,1,56,201,128,0,0,0,0,0,0,0
139.780212,139.718658,133,175,15,117,60,1,59,200,0,0,0,0,0,0,0,0
140.000000,139.946838,133,173,15,117,59,1,56,201,0,0,0,0,0,0,0,0
140.274719,140.216553,133,168,14,112,60,1,50,201,0,0,0,0,0,0,0,0
140.549454,140.500381,133,164,14,109,60,1,51,201,128,0,0,0,0,0,0,0
140.824173,140.756577,133,161,14,105,60,1,50,201,128,0,0,0,0,0,0,0
141.043961,140.985229,133,158,14,106,60,1,47,201,0,0,0,0,0,0,0,0
141.318680,141.271500,133,155,13,102,59,1,48,201,128,0,0,0,0,0,0,0
141.593399,141.536102,133,152,12,101,60,1,55,201,0,0,0,0,0,0,0,0
141.813187,141.763824,133,151,12,95,60,1,47,201,128,0,0,0,0,0,0,0
142.087906,142.018845,133,149,12,97,60,1,71,201,128,0,0,0,0,0,0,0
142.362640,142.301483,133,148,11,98,60,1,49,201,0,0,0,0,0,0,0,0
142.582413,142.531052,133,146,11,94,60,1,70,200,0,0,0,0,0,0,0,0
142.857147,142.786652,132,146,12,98,63,1,61,201,0,0,0,0,0,0,0,0
143.131866,143.069687,133,146,12,98,71,1,72,201,128,0,0,0,0,0,0,0
143.351654,143.298187,133,146,11,90,75,1,54,201,0,0,0,0,0,0,0,0
143.626373,143.553360,134,142,11,85,70,1,61,201,128,0,0,0,0,0,0,0
143.901093,143.835953,133,142,11,89,85,1,52,201,0,0,0,0,0,0,0,0
144.120880,144.064484,133,141,12,88,88,1,52,201,128,0,0,0,0,0,0,0
144.395599,144.325302,133,141,12,88,88,1,54,201,128,0,0,0,0,0,0,0
144.670334,144.615326,133,139,11,85,78,1,63,201,128,0,0,0,0,0,0,0
144.890106,144.842834,133,135,10,78,82,1,60,200,0,0,0,0,0,0,0,0
145.164841,145.098114,133,136,11,89,87,1,65,200,0,0,0,0,0,0,0,0
145.439560,145.380768,133,135,11,82,103,1,27,201,128,0,0,0,0,0,0,0
145.659348,145.610687,133,135,10,84,94,1,38,201,0,0,0,0,0,0,0,0
145.934067,145.865814,132,135,11,85,84,1,55,201,128,0,0,0,0,0,0,0
146.208786,146.148773,133,135,11,90,83,2,52,202,0,0,0,0,0,0,0,0
146.428574,146.376328,133,138,11,90,59,1,78,201,128,0,0,0,0,0,0,0
146.703293,146.631622,132,139,12,91,58,1,83,200,0,0,0,0,0,0,0,0
146.978027,146.913589,133,143,12,100,73,1,83,200,0,0,0,0,0,0,0,0
147.197800,147.141357,133,143,11,90,68,1,72,201,128,0,0,0,0,0,0,0
147.472534,147.407593,133,141,12,90,72,1,89,201,0,0,0,0,0,0,0,0
147.747253,147.692749,133,142,12,93,72,1,80,201,128,0,0,0,0,0,0,0
148.021973,147.947830,133,141,10,82,95,1,56,200,0,0,0,0,0,0,0,0
148.241760,148.176163,132,140,11,84,98,1,51,201,128,0,0,0,0,0,0,0
148.516479,148.458755,133,137,11,85,107,1,47,200,0,0,0,0,0,0,0,0
148.791214,148.728424,133,137,11,85,107,1,47,200,0,0,0,0,0,0,0,0
149.065933,148.996353,133,139,11,87,97,1,60,201,0,0,0,0,0,0,0,0
149.285721,149.224014,133,136,11,85,73,1,63,200,0,0,0,0,0,0,0,0
149.560440,149.507217,129,136,12,92,72,1,80,201,0,0,0,0,0,0,0,0
149.835159,149.762405,133,134,11,82,86,2,53,201,128,0,0,0,0,0,0,0
150.054947,149.994064,133,134,10,77,86,1,56,201,128,0,0,0,0,0,0,0
150.329666,150.257736,133,132,9,78,115,1,20,202,128,0,0,0,0,0,0,0
150.604401,150.540695,133,131,10,81,115,1,37,201,128,0,0,0,0,0,0,0
150.824173,150.767792,133,131,10,81,115,1,37,201,128,0,0,0,0,0,0,0
151.098907,151.022522,133,131,11,81,82,1,47,201,128,0,0,0,0,0,0,0
151.373627,151.307053,133,131,10,79,72,1,67,199,0,0,0,0,0,0,0,0
151.593399,151.534515,134,135,12,86,76,2,68,199,0,0,0,0,0,0,0,0
151.868134,151.816910,133,139,11,91,72,1,77,202,128,0,0,0,0,0,0,0
152.142853,152.072083,133,140,12,91,61,1,86,202,128,0,0,0,0,0,0,0
152.362640,152.308807,133,140,12,91,61,1,86,202,128,0,0,0,0,0,0,0
152.637360,152.581543,132,144,12,97,68,1,83,201,0,0,0,0,0,0,0,0
152.912094,152.847946,133,143,12,96,76,2,76,201,128,0,0,0,0,0,0,0
153.186813,153.131042,133,142,11,90,93,1,68,197,0,0,0,0,0,0,0,0
153.461533,153.385971,133,142,11,89,101,1,50,201,128,0,0,0,0,0,0,0
153.681320,153.613739,133,141,11,90,101,1,51,201,0,0,0,0,0,0,0,0
153.956039,153.901352,133,141,11,92,91,1,62,201,128,0,0,0,0,0,0,0
154.230774,154.156784,133,142,11,95,80,1,68,201,0,0,0,0,0,0,0,0
154.450546,154.383682,133,141,10,82,80,1,73,201,0,0,0,0,0,0,0,0
154.725281,154.666382,132,138,11,90,81,1,57,199,128,0,0,0,0,0,0,0
155.000000,154.923965,133,137,11,88,98,1,50,200,0,0,0,0,0,0,0,0
155.219788,155.151337,133,134,10,81,103,1,52,202,128,0,0,0,0,0,0,0
155.494507,155.434631,133,134,11,82,103,1,61,201,0,0,0,0,0,0,0,0
155.769226,155.692123,130,134,11,86,107,1,37,201,128,0,0,0,0,0,0,0
155.989014,155.926285,133,135,10,79,103,1,50,196,0,0,0,0,0,0,0,0
156.263733,156.207962,133,133,10,80,93,1,70,200,128,0,0,0,0,0,0,0
156.538467,156.464371,133,132,10,81,92,1,50,201,0,0,0,0,0,0,0,0
156.758240,156.691895,132,130,11,84,113,1,53,201,128,0,0,0,0,0,0,0
157.032974,156.976273,133,132,10,84,106,1,47,201,0,0,0,0,0,0,0,0
157.307693,157.231247,133,134,12,89,96,1,61,201,128,0,0,0,0,0,0,0
157.527466,157.459122,133,134,12,87,79,2,74,202,128,0,0,0,0,0,0,0
157.802200,157.741608,133,136,11,87,78,1,82,201,0,0,0,0,0,0,0,0
158.021973,157.969376,133,139,11,94,78,1,79,201,128,0,0,0,0,0,0,0
158.296707,158.224869,133,139,11,93,77,1,77,201,0,0,0,0,0,0,0,0
158.571426,158.507462,132,139,11,87,76,1,70,200,128,0,0,0,0,0,0,0
158.791214,158.735077,133,140,12,97,93,1,66,200,0,0,0,0,0,0,0,0
159.065933,158.996613,133,139,11,86,90,1,47,202,128,0,0,0,0,0,0,0
159.340652,159.278534,133,138,10,84,98,1,57,201,0,0,0,0,0,0,0,0
159.560440,159.506302,133,133,10,78,99,1,29,200,0,0,0,0,0,0,0,0
159.835159,159.761795,132,132,10,82,114,1,39,201,128,0,0,0,0,0,0,0
160.109894,160.050995,130,133,11,85,111,1,23,200,0,0,0,0,0,0,0,0
160.384613,160.311081,133,133,11,82,90,1,47,202,128,0,0,0,0,0,0,0
160.604401,160.537994,133,138,11,92,58,1,65,202,128,0,0,0,0,0,0,0
160.879120,160.820572,132,138,11,94,50,1,77,199,0,0,0,0,0,0,0,0
161.153839,161.075195,133,141,13,90,39,1,90,200,0,0,0,0,0,0,0,0
161.373627,161.316025,133,142,11,89,69,1,80,201,128,0,0,0,0,0,0,0
161.648346,161.581070,133,141,11,90,77,1,64,201,128,0,0,0,0,0,0,0
161.923080,161.863358,133,141,11,90,77,1,64,201,128,0,0,0,0,0,0,0
162.197800,162.117935,133,142,12,94,85,1,45,201,128,0,0,0,0,0,0,0
162.417587,162.345139,133,142,12,92,83,1,48,200,0,0,0,0,0,0,0,0
162.692307,162.633560,133,141,12,91,76,1,51,200,0,0,0,0,0,0,0,0
162.967026,162.905685,133,143,12,93,63,1,57,201,0,0,0,0,0,0,0,0
163.241760,163.177505,133,145,12,101,52,1,76,201,0,0,0,0,0,0,0,0
163.516479,163.451111,134,144,13,98,44,1,77,202,0,0,0,0,0,0,0,0
163.791214,163.717346,133,146,12,96,46,1,81,201,128,0,0,0,0,0,0,0
164.010986,163.945313,131,147,13,98,55,1,70,200,0,0,0,0,0,0,0,0
164.285721,164.227188,132,148,13,98,55,1,70,200,0,0,0,0,0,0,0,0
164.560440,164.481964,132,148,13,98,55,1,70,200,0,0,0,0,0,0,0,0
164.780212,164.716248,132,146,11,93,82,1,60,201,128,0,0,0,0,0,0,0
165.054947,164.988205,133,145,13,95,86,1,59,201,128,0,0,0,0,0,0,0
165.329666,165.261093,133,144,11,91,88,1,52,201,128,0,0,0,0,0,0,0
165.604401,165.534653,133,142,12,90,79,1,53,201,128,0,0,0,0,0,0,0
165.879120,165.819595,133,142,11,91,77,2,54,201,0,0,0,0,0,0,0,0
166.153839,166.074631,133,140,10,85,75,1,63,201,128,0,0,0,0,0,0,0
166.373627,166.302292,130,138,11,90,75,1,55,201,0,0,0,0,0,0,0,0
166.648346,166.585190,133,137,11,79,91,2,50,201,128,0,0,0,0,0,0,0
166.923080,166.842834,133,137,12,91,91,1,38,201,0,0,0,0,0,0,0,0
167.142853,167.069672,133,138,11,88,83,1,47,202,0,0,0,0,0,0,0,0
167.417587,167.353348,133,137,12,92,72,1,52,201,0,0,0,0,0,0,0,0
167.637360,167.581116,133,140,11,89,73,1,55,196,128,0,0,0,0,0,0,0
167.912094,167.836044,133,139,11,93,47,1,70,195,128,0,0,0,0,0,0,0
168.186813,168.118225,132,142,13,98,47,1,70,195,128,0,0,0,0,0,0,0
168.461533,168.350967,133,146,13,97,51,1,64,200,128,0,0,0,0,0,0,0
168.681320,168.606293,133,146,13,99,34,1,78,202,0,0,0,0,0,0,0,0
168.956039,168.889450,133,146,12,94,61,1,66,201,128,0,0,0,0,0,0,0
169.175827,169.116196,133,149,12,100,62,1,64,202,128,0,0,0,0,0,0,0
169.450546,169.375931,133,148,12,97,61,1,65,200,0,0,0,0,0,0,0,0
169.725281,169.648621,133,146,12,98,62,1,59,201,0,0,0,0,0,0,0,0
170.000000,169.932388,132,144,11,87,62,1,55,200,128,0,0,0,0,0,0,0
170.219788,170.159088,134,145,14,104,82,1,61,201,128,0,0,0,0,0,0,0
170.494507,170.413757,133,146,11,96,78,1,50,201,128,0,0,0,0,0,0,0
170.769226,170.698196,133,145,13,90,48,1,73,201,128,0,0,0,0,0,0,0
171.043961,170.964325,133,146,12,99,48,1,69,201,0,0,0,0,0,0,0,0
171.263733,171.192703,132,147,12,100,48,1,61,201,128,0,0,0,0,0,0,0
171.538467,171.476227,133,147,13,99,58,1,48,200,0,0,0,0,0,0,0,0
171.813187,171.731308,134,147,13,100,56,1,50,201,128,0,0,0,0,0,0,0
172.032974,171.960861,133,150,13,104,50,1,47,201,128,0,0,0,0,0,0,0
172.307693,172.243515,133,148,12,104,50,1,50,201,0,0,0,0,0,0,0,0
172.582413,172.498947,132,148,13,103,34,1,54,200,0,0,0,0,0,0,0,0
172.802200,172.726410,133,150,13,102,39,1,61,201,0,0,0,0,0,0,0,0
173.076920,173.013855,133,149,13,97,39,1,59,201,128,0,0,0,0,0,0,0
173.351654,173.270996,133,151,14,101,39,1,52,202,0,0,0,0,0,0,0,0
173.571426,173.499634,133,156,13,108,39,1,54,201,128,0,0,0,0,0,0,0
173.846161,173.783142,133,156,13,106,39,1,51,201,128,0,0,0,0,0,0,0
174.120880,174.040421,133,156,13,106,39,1,51,201,128,0,0,0,0,0,0,0
174.395599,174.312042,133,158,13,106,40,1,66,201,0,0,0,0,0,0,0,0
174.670334,174.585754,133,158,14,114,39,1,56,201,0,0,0,0,0,0,0,0
174.890106,174.826508,133,162,14,109,39,1,64,201,0,0,0,0,0,0,0,0
175.164841,175.081955,133,162,15,109,39,1,64,201,0,0,0,0,0,0,0,0
175.439560,175.366333,133,163,15,120,39,1,56,201,0,0,0,0,0,0,0,0
175.659348,175.595291,133,163,15,117,39,1,53,201,0,0,0,0,0,0,0,0
175.934067,175.857681,133,163,15,117,39,1,53,201,0,0,0,0,0,0,0,0
176.208786,176.131241,133,167,15,114,41,1,56,200,0,0,0,0,0,0,0,0
176.483521,176.404373,133,167,15,114,39,1,68,201,0,0,0,0,0,0,0,0
176.758240,176.673386,133,169,15,120,40,1,64,201,0,0,0,0,0,0,0,0
177.032974,176.957611,133,170,16,123,39,1,56,201,128,0,0,0,0,0,0,0
177.252747,177.186707,133,172,16,119,39,1,77,201,0,0,0,0,0,0,0,0
177.527466,177.442307,133,173,17,130,40,1,53,200,0,0,0,0,0,0,0,0
177.802200,177.730072,133,176,16,125,40,1,58,201,0,0,0,0,0,0,0,0
178.021973,177.958084,133,176,16,126,39,1,69,201,0,0,0,0,0,0,0,0
178.296707,178.214600,133,175,16,123,39,1,55,201,128,0,0,0,0,0,0,0
178.571426,178.498688,133,176,16,126,39,1,64,201,0,0,0,0,0,0,0,0
178.791214,178.730194,133,175,15,126,39,1,53,202,128,0,0,0,0,0,0,0
179.065933,178.986954,133,176,17,129,40,1,65,201,0,0,0,0,0,0,0,0
179.340652,179.269806,133,176,17,129,40,1,65,201,0,0,0,0,0,0,0,0
179.560440,179.499466,133,173,15,125,40,1,66,202,0,0,0,0,0,0,0,0
179.835159,179.755371,133,173,15,122,39,1,66,202,0,0,0,0,0,0,0,0
180.109894,180.039032,132,172,15,117,40,1,61,201,128,0,0,0,0,0,0,0
180.329666,180.268234,133,171,16,123,39,1,56,201,0,0,0,0,0,0,0,0
180.604401,180.532639,133,171,16,123,39,1,56,201,0,0,0,0,0,0,0,0
180.879120,180.801483,133,172,16,126,39,1,56,201,128,0,0,0,0,0,0,0
181.153839,181.085297,133,171,15,119,40,1,55,201,128,0,0,0,0,0,0,0
181.373627,181.313324,133,173,15,122,39,1,54,201,128,0,0,0,0,0,0,0
181.648346,181.570969,133,173,15,118,40,1,57,201,128,0,0,0,0,0,0,0
181.923080,181.856583,133,171,15,118,40,1,60,201,0,0,0,0,0,0,0,0
182.197800,182.113144,133,171,16,121,39,2,66,201,128,0,0,0,0,0,0,0
182.417587,182.341568,133,171,14,117,40,1,58,201,128,0,0,0,0,0,0,0
182.692307,182.624527,132,171,14,117,40,1,58,201,128,0,0,0,0,0,0,0
182.967026,182.884109,133,172,15,122,40,1,62,201,0,0,0,0,0,0,0,0
183.186813,183.123444,133,173,15,118,40,1,73,202,0,0,0,0,0,0,0,0
183.461533,183.380005,133,171,14,118,40,1,59,201,128,0,0,0,0,0,0,0
183.736267,183.663986,133,172,15,123,40,1,54,202,0,0,0,0,0,0,0,0
183.956039,183.892624,133,171,16,123,40,1,63,201,128,0,0,0,0,0,0,0
184.230774,184.151230,133,171,16,124,40,1,53,201,0,0,0,0,0,0,0,0
184.505493,184.435059,133,171,15,121,40,1,56,201,128,0,0,0,0,0,0,0
184.725281,184.663132,133,173,16,121,40,1,56,201,128,0,0,0,0,0,0,0
185.000000,184.925583,133,173,16,122,40,1,56,201,128,0,0,0,0,0,0,0
185.274719,185.186554,133,172,16,121,40,1,56,201,0,0,0,0,0,0,0,0
185.549454,185.470566,133,172,16,122,40,1,62,201,0,0,0,0,0,0,0,0
185.769226,185.699768,133,174,16,125,39,1,70,201,128,0,0,0,0,0,0,0
186.043961,185.956024,133,174,15,124,39,1,79,201,0,0,0,0,0,0,0,0
186.318680,186.241852,133,176,16,128,40,1,62,201,128,0,0,0,0,0,0,0
186.538467,186.470078,133,175,15,128,40,1,51,201,128,0,0,0,0,0,0,0
186.813187,186.727615,133,175,16,123,39,1,63,201,128,0,0,0,0,0,0,0
187.087906,187.023880,133,175,16,123,40,1,61,201,128,0,0,0,0,0,0,0
187.362640,187.287201,133,176,17,128,40,1,63,201,128,0,0,0,0,0,0,0
187.582413,187.515991,132,177,17,129,40,1,56,201,0,0,0,0,0,0,0,0
187.857147,187.772247,133,177,16,128,40,1,58,201,0,0,0,0,0,0,0,0
188.131866,188.056427,133,178,17,129,40,1,58,201,128,0,0,0,0,0,0,0
188.406601,188.324097,133,180,17,132,40,1,59,201,0,0,0,0,0,0,0,0
188.626373,188.553452,133,178,16,130,40,1,69,201,128,0,0,0,0,0,0,0
188.901093,188.837067,133,179,17,133,40,1,64,200,0,0,0,0,0,0,0,0
189.175827,189.093018,133,181,17,130,40,1,64,200,128,0,0,0,0,0,0,0
189.395599,189.323853,133,179,16,127,40,1,63,201,128,0,0,0,0,0,0,0
189.670334,189.606598,133,182,16,133,40,1,58,201,128,0,0,0,0,0,0,0
189.945053,189.862915,133,183,18,138,40,1,63,200,0,0,0,0,0,0,0,0
190.219788,190.134415,133,185,17,133,40,1,58,201,128,0,0,0,0,0,0,0
190.494507,190.406281,133,184,16,132,40,1,69,201,0,0,0,0,0,0,0,0
190.714279,190.634720,132,185,17,138,40,1,59,200,0,0,0,0,0,0,0,0
190.989014,190.918335,133,185,18,138,40,1,56,201,128,0,0,0,0,0,0,0
191.263733,191.173874,133,185,18,138,40,1,56,201,128,0,0,0,0,0,0,0
191.483521,191.405075,132,188,19,143,40,1,56,201,128,0,0,0,0,0,0,0
191.758240,191.679047,133,186,17,135,40,1,70,201,0,0,0,0,0,0,0,0
192.032974,191.952286,133,184,18,135,40,1,70,201,128,0,0,0,0,0,0,0
192.307693,192.225128,133,184,16,133,40,1,70,201,0,0,0,0,0,0,0,0
192.582413,192.508850,133,183,16,132,40,1,61,201,128,0,0,0,0,0,0,0
192.802200,192.737076,133,182,17,133,40,1,58,201,128,0,0,0,0,0,0,0
193.076920,192.993637,133,181,16,125,39,1,52,201,0,0,0,0,0,0,0,0
193.351654,193.279297,133,178,15,125,40,1,54,201,128,0,0,0,0,0,0,0
193.626373,193.553223,133,176,16,121,40,1,53,201,0,0,0,0,0,0,0,0
193.901093,193.826263,133,174,15,119,39,1,53,201,0,0,0,0,0,0,0,0
194.175827,194.099976,133,176,16,130,39,1,50,201,128,0,0,0,0,0,0,0
194.395599,194.329224,133,177,16,123,40,1,51,201,128,0,0,0,0,0,0,0
194.670334,194.585129,133,175,16,123,40,1,53,201,0,0,0,0,0,0,0,0
194.945053,194.868225,133,175,16,121,40,1,56,201,128,0,0,0,0,0,0,0
195.219788,195.127396,133,175,17,129,40,1,56,200,0,0,0,0,0,0,0,0
195.439560,195.371445,133,175,15,124,40,1,61,200,128,0,0,0,0,0,0,0
195.714279,195.631897,132,178,17,132,40,1,70,200,0,0,0,0,0,0,0,0
195.989014,195.915314,133,178,16,129,40,1,63,200,0,0,0,0,0,0,0,0
196.263733,196.170944,133,178,16,129,40,1,63,200,0,0,0,0,0,0,0,0
196.483521,196.400101,133,182,16,132,39,1,70,201,128,0,0,0,0,0,0,0
196.758240,196.668549,133,183,17,134,40,1,78,201,128,0,0,0,0,0,0,0
197.032974,196.942093,133,181,16,133,40,1,75,201,0,0,0,0,0,0,0,0
197.307693,197.216263,133,181,16,129,40,1,79,201,128,0,0,0,0,0,0,0
197.582413,197.490280,133,183,17,132,40,1,66,202,0,0,0,0,0,0,0,0
197.857147,197.778656,132,180,17,129,40,1,61,201,128,0,0,0,0,0,0,0
198.076920,198.007553,133,176,15,119,39,1,69,201,0,0,0,0,0,0,0,0
198.351654,198.264069,133,174,15,120,39,1,63,201,128,0,0,0,0,0,0,0
198.626373,198.547882,132,170,15,114,40,1,65,201,0,0,0,0,0,0,0,0
198.846161,198.778259,133,169,15,119,40,1,56,200,0,0,0,0,0,0,0,0
199.120880,199.033798,132,168,15,117,40,1,70,201,0,0,0,0,0,0,0,0
199.395599,199.316803,132,163,14,106,39,1,50,200,128,0,0,0,0,0,0,0
199.615387,199.545700,133,161,13,109,40,1,53,201,0,0,0,0,0,0,0,0
199.890106,199.815170,133,159,14,107,39,1,53,201,0,0,0,0,0,0,0,0
200.164841,200.088715,133,157,13,101,40,1,55,201,128,0,0,0,0,0,0,0
200.439560,200.351532,133,156,13,102,40,1,47,201,0,0,0,0,0,0,0,0
200.714279,200.634537,132,152,13,102,44,1,54,201,128,0,0,0,0,0,0,0
200.934067,200.862305,132,150,13,97,46,1,50,201,0,0,0,0,0,0,0,0
201.208786,201.117325,133,151,13,102,46,1,50,201,0,0,0,0,0,0,0,0
201.483521,201.403549,132,149,12,96,50,1,59,201,0,0,0,0,0,0,0,0
201.703293,201.631165,132,149,12,96,50,1,59,201,0,0,0,0,0,0,0,0
201.978027,201.887115,132,147,12,94,57,1,56,200,0,0,0,0,0,0,0,0
202.252747,202.168945,132,147,12,98,57,1,50,200,0,0,0,0,0,0,0,0
202.527466,202.402649,133,148,12,98,57,1,58,201,128,0,0,0,0,0,0,0
202.747253,202.675293,133,148,12,98,57,1,58,201,128,0,0,0,0,0,0,0
203.021973,202.946899,133,148,12,98,57,1,58,201,128,0,0,0,0,0,0,0
203.296707,203.218857,133,148,12,98,57,1,58,201,128,0,0,0,0,0,0,0
203.571426,203.489044,132,153,14,107,57,2,69,201,128,0,0,0,0,0,0,0
203.846161,203.772308,133,153,14,106,57,1,60,201,128,0,0,0,0,0,0,0
204.120880,204.029221,133,156,13,106,57,1,74,200,128,0,0,0,0,0,0,0
204.340652,204.257141,133,158,15,114,57,1,71,201,128,0,0,0,0,0,0,0
204.615387,204.543579,133,158,14,111,57,1,70,201,0,0,0,0,0,0,0,0
204.890106,204.807510,133,159,14,112,57,1,71,200,0,0,0,0,0,0,0,0
205.109894,205.036301,133,160,14,114,57,1,75,201,0,0,0,0,0,0,0,0
205.384613,205.292770,132,158,14,109,57,1,74,200,128,0,0,0,0,0,0,0
205.659348,205.576950,133,159,13,106,57,1,59,201,0,0,0,0,0,0,0,0
205.879120,205.807678,133,156,13,106,57,1,68,201,0,0,0,0,0,0,0,0
206.153839,206.063065,133,156,14,107,57,1,78,201,0,0,0,0,0,0,0,0
206.428574,206.346130,133,157,13,100,57,1,75,201,0,0,0,0,0,0,0,0
206.703293,206.615784,133,149,11,92,57,1,78,201,0,0,0,0,0,0,0,0
206.923080,206.852509,132,149,12,98,92,1,50,201,128,0,0,0,0,0,0,0
207.197800,207.106979,133,148,12,95,89,1,46,201,128,0,0,0,0,0,0,0
207.472534,207.390244,133,144,11,90,76,2,48,201,128,0,0,0,0,0,0,0
207.692307,207.617859,132,143,11,91,69,1,65,200,128,0,0,0,0,0,0,0
207.967026,207.874939,133,140,12,96,69,1,45,201,0,0,0,0,0,0,0,0
208.241760,208.157990,132,140,11,89,82,1,51,202,128,0,0,0,0,0,0,0
208.461533,208.385712,132,140,11,91,75,1,50,202,128,0,0,0,0,0,0,0
208.736267,208.649734,130,141,12,93,72,1,66,193,0,0,0,0,0,0,0,0
209.010986,208.922470,133,141,12,90,58,1,65,201,0,0,0,0,0,0,0,0
209.285721,209.195618,132,141,11,93,68,1,74,201,128,0,0,0,0,0,0,0
209.560440,209.478577,132,140,10,87,71,1,55,201,0,0,0,0,0,0,0,0
209.780212,209.706238,133,139,11,92,94,1,51,200,0,0,0,0,0,0,0,0
210.054947,209.961578,133,138,11,86,97,1,51,201,128,0,0,0,0,0,0,0
210.329666,210.246368,133,137,11,88,90,1,52,201,128,0,0,0,0,0,0,0
210.604401,210.512711,133,138,11,93,88,2,47,201,0,0,0,0,0,0,0,0
210.824173,210.740677,133,140,12,90,79,1,52,201,0,0,0,0,0,0,0,0
211.098907,211.022552,129,138,12,95,56,1,86,200,0,0,0,0,0,0,0,0
211.373627,211.277084,133,142,12,93,63,1,69,201,0,0,0,0,0,0,0,0
211.593399,211.509171,133,142,11,93,61,1,70,201,0,0,0,0,0,0,0,0
211.868134,211.784210,0,141,12,93,118,1,58,200,1,0,0,0,0,0,0,0
212.142853,212.057526,132,141,12,94,195,1,1,200,129,0,0,0,0,0,0,0
212.417587,212.345093,133,141,12,89,194,1,1,201,0,0,0,0,0,0,0,0
212.692307,212.599915,132,141,13,102,192,1,1,201,128,0,0,0,0,0,0,0
212.912094,212.830048,133,141,14,110,192,2,1,201,1,0,0,0,0,0,0,0
213.186813,213.112473,132,141,17,133,192,1,18,201,1,0,0,0,0,0,0,0
213.461533,213.370728,149,248,8,238,76,1,18,201,129,0,0,0,0,0,0,0
213.681320,213.601013,133,141,20,162,192,1,36,200,0,0,0,0,0,0,0,0
213.956039,213.882675,132,141,24,185,192,1,36,200,0,0,0,0,0,0,0,0
214.230774,214.148102,132,141,26,202,192,1,66,200,1,0,0,0,0,0,0,0
214.505493,214.420883,132,141,28,225,192,1,72,200,128,0,0,0,0,0,0,0
214.725281,214.648239,132,141,30,232,191,1,74,200,0,0,0,0,0,0,0,0
215.000000,214.905930,132,141,33,252,191,1,79,199,129,0,0,0,0,0,0,0
215.274719,215.189606,132,141,35,253,191,1,91,200,129,0,0,0,0,0,0,0
215.549454,215.449905,132,141,38,253,191,1,98,200,0,0,0,0,0,0,0,0
215.769226,215.679367,132,141,38,253,191,1,115,200,128,0,0,0,0,0,0,0
216.043961,215.962723,132,141,41,253,191,1,116,201,1,0,0,0,0,0,0,0
216.318680,216.220825,132,141,41,253,191,1,118,200,129,0,0,0,0,0,0,0
216.538467,216.461441,132,141,42,253,191,1,116,201,0,0,0,0,0,0,0,0
216.813187,216.731201,133,141,42,253,191,1,113,201,128,0,0,0,0,0,0,0
217.087906,216.989716,132,141,43,253,191,1,110,200,1,0,0,0,0,0,0,0
217.362640,217.272614,132,141,42,253,192,1,110,200,1,0,0,0,0,0,0,0
217.582413,217.504074,133,141,41,253,192,1,67,200,0,0,0,0,0,0,0,0
217.857147,217.766266,132,141,40,253,194,1,68,200,0,0,0,0,0,0,0,0
218.131866,218.038544,133,141,40,253,195,1,47,200,1,0,0,0,0,0,0,0
218.406601,218.322052,132,142,39,253,194,1,45,200,1,0,0,0,0,0,0,0
218.626373,218.550079,132,141,40,253,194,1,45,200,1,0,0,0,0,0,0,0
218.901093,218.806076,132,141,39,253,193,1,45,200,1,0,0,0,0,0,0,0
219.175827,219.094452,132,141,40,253,193,1,34,201,129,0,0,0,0,0,0,0
219.450546,219.365967,132,141,40,253,193,1,39,200,1,0,0,0,0,0,0,0
219.725281,219.624771,132,141,40,253,193,1,39,200,128,0,0,0,0,0,0,0
219.945053,219.852753,132,141,40,253,193,1,39,200,128,0,0,0,0,0,0,0
220.219788,220.136215,133,141,42,253,193,1,28,201,128,0,0,0,0,0,0,0
220.494507,220.393600,132,255,43,253,193,1,28,201,128,0,0,0,0,0,0,0
220.714279,220.632584,133,255,42,253,192,1,60,200,129,0,0,0,0,0,0,0
220.989014,220.889954,132,255,42,253,192,1,60,200,129,0,0,0,0,0,0,0
221.263733,221.175064,132,255,43,253,191,1,88,201,1,0,0,0,0,0,0,0
221.483521,221.404663,132,255,44,253,192,1,98,200,129,0,0,0,0,0,0,0
221.758240,221.666245,132,255,44,253,192,1,96,200,1,0,0,0,0,0,0,0
222.032974,221.951813,133,255,44,253,191,1,75,200,129,0,0,0,0,0,0,0
222.307693,222.208527,133,255,44,253,191,1,60,201,1,0,0,0,0,0,0,0
222.527466,222.439438,132,255,43,253,192,1,79,200,129,0,0,0,0,0,0,0
222.802200,222.703812,133,255,44,253,192,1,45,200,1,0,0,0,0,0,0,0
223.076920,222.978348,132,255,44,253,192,1,66,200,129,0,0,0,0,0,0,0
223.351654,223.264420,133,255,43,253,192,1,58,201,1,0,0,0,0,0,0,0
223.571426,223.493561,133,255,43,253,193,1,64,201,129,0,0,0,0,0,0,0
223.846161,223.751205,133,255,43,253,192,1,61,201,129,0,0,0,0,0,0,0
224.120880,224.038406,133,255,42,253,192,1,60,200,1,0,0,0,0,0,0,0
224.395599,224.295837,133,255,42,253,192,1,51,201,129,0,0,0,0,0,0,0
224.615387,224.525604,133,255,41,253,192,1,49,200,1,0,0,0,0,0,0,0
224.890106,224.811325,132,255,41,253,192,1,58,201,129,0,0,0,0,0,0,0
225.164841,225.069321,133,255,42,253,192,1,57,201,1,0,0,0,0,0,0,0
225.384613,225.298569,133,255,42,253,192,1,61,200,1,0,0,0,0,0,0,0
225.659348,225.557175,132,255,42,253,192,1,63,201,1,0,0,0,0,0,0,0
225.934067,225.841110,133,255,42,253,192,2,60,201,1,0,0,0,0,0,0,0
226.208786,226.111847,132,255,41,253,192,1,53,201,1,0,0,0,0,0,0,0
226.428574,226.341812,133,255,43,253,192,1,67,201,1,0,0,0,0,0,0,0
226.703293,226.599716,133,255,41,253,192,1,49,200,129,0,0,0,0,0,0,0
226.978027,226.884506,133,255,41,253,192,1,55,201,1,0,0,0,0,0,0,0
227.197800,227.116272,133,255,41,253,192,1,55,201,1,0,0,0,0,0,0,0
227.472534,227.388290,133,255,43,253,192,1,55,201,1,0,0,0,0,0,0,0
227.747253,227.655090,133,255,43,253,192,1,61,201,129,0,0,0,0,0,0,0
228.021973,227.940231,133,255,42,253,192,1,59,201,1,0,0,0,0,0,0,0
228.296707,228.197113,133,255,42,253,192,1,53,201,1,0,0,0,0,0,0,0
228.516479,228.426773,133,255,43,253,192,1,52,201,1,0,0,0,0,0,0,0
228.791214,228.713501,132,255,43,253,192,1,60,200,1,0,0,0,0,0,0,0
229.065933,228.970078,133,255,43,253,192,1,60,200,1,0,0,0,0,0,0,0
229.285721,229.199478,132,255,43,253,192,1,63,200,1,0,0,0,0,0,0,0
229.560440,229.456451,133,255,44,253,192,1,52,201,129,0,0,0,0,0,0,0
229.835159,229.753174,133,255,44,253,192,1,55,201,1,0,0,0,0,0,0,0
230.109894,230.025909,133,255,44,253,192,1,56,201,129,0,0,0,0,0,0,0
230.384613,230.282471,133,255,44,253,192,1,56,201,129,0,0,0,0,0,0,0
230.604401,230.513260,133,255,46,253,192,1,52,201,129,0,0,0,0,0,0,0
230.879120,230.798660,133,255,46,253,192,1,62,201,1,0,0,0,0,0,0,0
231.153839,231.058563,133,255,46,253,192,1,60,200,129,0,0,0,0,0,0,0
231.428574,231.333191,133,255,46,253,192,1,56,201,1,0,0,0,0,0,0,0
231.648346,231.563156,133,255,47,253,192,1,59,201,1,0,0,0,0,0,0,0
231.923080,231.821304,133,255,48,253,192,1,64,201,129,0,0,0,0,0,0,0
232.197800,232.106110,133,255,48,253,192,1,63,201,1,0,0,0,0,0,0,0
232.417587,232.338074,133,255,48,253,192,1,64,201,129,0,0,0,0,0,0,0
232.692307,232.596008,132,255,50,253,191,1,53,201,1,0,0,0,0,0,0,0
232.967026,232.880859,133,255,49,253,192,1,36,201,129,0,0,0,0,0,0,0
233.241760,233.137329,133,255,51,253,192,1,36,201,129,0,0,0,0,0,0,0
233.461533,233.367859,132,255,51,253,192,1,55,201,134,0,0,0,0,0,0,0
233.736267,233.655869,133,255,51,253,192,1,30,201,134,0,0,0,0,0,0,0
234.010986,233.914230,133,255,53,253,193,1,50,201,134,0,0,0,0,0,0,0
234.230774,234.148239,133,255,53,253,192,1,32,201,134,0,0,0,0,0,0,0
234.505493,234.407257,132,255,54,253,192,1,37,201,0,0,0,0,0,0,0,0
234.780212,234.691391,132,255,54,253,192,1,37,201,0,0,0,0,0,0,0,0
235.000000,234.920639,133,255,57,253,121,1,94,201,0,0,0,0,0,0,0,0
235.274719,235.178635,132,255,57,253,20,1,116,201,128,0,0,0,0,0,0,0
235.549454,235.464157,132,255,58,253,19,1,117,201,0,0,0,0,0,0,0,0
235.824173,235.721588,132,255,57,253,23,1,117,201,128,0,0,0,0,0,0,0
236.043961,235.951401,131,255,57,253,23,1,117,201,128,0,0,0,0,0,0,0
236.318680,236.237061,132,255,52,253,24,1,116,200,128,0,0,0,0,0,0,0
236.593399,236.501007,132,255,52,253,24,1,117,201,128,0,0,0,0,0,0,0
236.868134,236.776031,133,255,50,253,24,1,106,201,0,0,0,0,0,0,0,0
237.142853,237.050568,133,255,44,253,24,1,106,201,0,0,0,0,0,0,0,0
237.417587,237.322845,133,255,42,253,24,1,28,201,0,0,0,0,0,0,0,0
237.637360,237.552963,133,255,38,253,24,1,16,201,128,0,0,0,0,0,0,0
237.912094,237.810349,133,255,35,253,25,1,8,202,0,0,0,0,0,0,0,0
238.186813,238.095139,134,255,33,253,24,1,1,202,128,0,0,0,0,0,0,0
238.461533,238.354782,133,255,32,249,25,1,1,201,0,0,0,0,0,0,0,0
238.736267,238.629654,133,255,29,233,25,1,1,202,128,0,0,0,0,0,0,0
238.956039,238.868027,133,255,29,231,25,2,1,202,0,0,0,0,0,0,0,0
239.230774,239.124588,133,255,27,214,25,1,2,201,128,0,0,0,0,0,0,0
239.505493,239.407394,133,255,27,214,25,1,2,201,128,0,0,0,0,0,0,0
239.725281,239.636276,133,255,28,223,25,1,5,202,0,0,0,0,0,0,0,0
240.000000,239.901489,133,255,28,220,25,1,15,201,128,0,0,0,0,0,0,0
240.274719,240.189514,133,255,29,225,25,1,17,202,0,0,0,0,0,0,0,0
240.549454,240.445572,133,255,29,229,25,1,24,202,128,0,0,0,0,0,0,0
240.769226,240.674866,133,255,32,246,25,1,34,201,0,0,0,0,0,0,0,0
241.043961,240.959152,133,255,32,252,25,1,33,201,128,0,0,0,0,0,0,0
241.318680,241.229279,133,255,32,253,25,1,46,201,128,0,0,0,0,0,0,0
241.593399,241.503494,133,255,35,253,24,1,46,200,128,0,0,0,0,0,0,0
241.868134,241.766815,133,255,36,253,25,1,55,201,0,0,0,0,0,0,0,0
242.087906,241.997345,133,255,37,253,25,1,67,201,128,0,0,0,0,0,0,0
242.362640,242.254166,133,255,38,253,25,1,67,201,128,0,0,0,0,0,0,0
242.637360,242.538345,133,255,38,253,25,1,67,201,128,0,0,0,0,0,0,0
242.912094,242.806473,133,255,43,253,25,1,66,201,128,0,0,0,0,0,0,0
243.131866,243.043060,133,255,44,253,25,1,77,200,0,0,0,0,0,0,0,0
243.406601,243.300430,132,255,45,253,25,1,70,200,128,0,0,0,0,0,0,0
243.681320,243.584824,133,255,48,253,25,1,66,201,0,0,0,0,0,0,0,0
243.901093,243.815964,133,255,48,253,24,1,74,201,128,0,0,0,0,0,0,0
244.175827,244.084152,133,255,49,253,25,1,64,201,0,0,0,0,0,0,0,0
244.450546,244.348999,132,255,52,253,24,1,79,200,128,0,0,0,0,0,0,0
244.725281,244.633957,133,255,52,253,25,1,71,201,0,0,0,0,0,0,0,0
245.000000,244.890472,133,255,53,253,25,1,88,201,0,0,0,0,0,0,0,0
245.219788,245.119919,133,255,54,253,25,1,70,201,0,0,0,0,0,0,0,0
245.494507,245.387436,133,255,54,253,25,1,78,201,0,0,0,0,0,0,0,0
245.769226,245.683746,133,255,55,253,25,1,71,201,128,0,0,0,0,0,0,0
246.043961,245.941071,133,255,57,253,24,1,78,201,0,0,0,0,0,0,0,0
246.263733,246.170898,133,255,57,253,25,2,61,201,128,0,0,0,0,0,0,0
246.538467,246.428024,133,255,57,253,25,1,61,201,128,0,0,0,0,0,0,0
246.813187,246.718750,133,255,58,253,25,1,51,201,128,0,0,0,0,0,0,0
247.087906,246.989182,133,255,58,253,25,1,46,201,0,0,0,0,0,0,0,0
247.307693,247.218643,133,255,59,253,24,1,47,201,128,0,0,0,0,0,0,0
247.582413,247.476028,133,255,59,253,24,1,47,201,128,0,0,0,0,0,0,0
247.857147,247.760773,133,255,61,253,24,1,69,201,0,0,0,0,0,0,0,0
248.131866,248.022858,133,255,62,253,24,1,70,201,128,0,0,0,0,0,0,0
248.406601,248.298111,133,255,63,253,25,1,75,201,0,0,0,0,0,0,0,0
248.681320,248.572998,133,255,63,253,25,1,75,201,0,0,0,0,0,0,0,0
248.901093,248.811264,133,255,64,253,24,1,77,201,0,0,0,0,0,0,0,0
249.175827,249.070267,133,255,65,253,24,1,67,202,128,0,0,0,0,0,0,0
249.450546,249.355118,133,255,65,253,24,1,76,201,0,0,0,0,0,0,0,0
249.670334,249.585297,133,255,66,253,25,1,62,201,128,0,0,0,0,0,0,0
249.945053,249.851944,133,255,67,253,24,1,79,201,0,0,0,0,0,0,0,0
250.219788,250.125916,134,255,67,253,25,1,70,202,128,0,0,0,0,0,0,0
250.494507,250.383179,134,255,67,253,25,1,70,202,128,0,0,0,0,0,0,0
250.769226,250.668686,133,255,68,253,25,1,52,202,128,0,0,0,0,0,0,0
250.989014,250.898911,133,255,68,253,25,1,74,202,0,0,0,0,0,0,0,0
251.263733,251.158508,133,255,69,253,25,1,52,202,128,0,0,0,0,0,0,0
251.538467,251.431091,132,255,70,253,25,1,74,201,128,0,0,0,0,0,0,0
251.813187,251.722534,133,255,69,253,25,1,56,201,0,0,0,0,0,0,0,0
252.087906,251.979767,134,255,69,253,25,1,56,201,0,0,0,0,0,0,0,0
252.307693,252.208771,133,255,70,253,24,2,62,202,0,0,0,0,0,0,0,0
252.582413,252.493958,133,255,71,253,25,1,55,201,128,0,0,0,0,0,0,0
252.857147,252.762604,133,255,71,253,25,1,53,201,0,0,0,0,0,0,0,0
253.131866,253.021881,133,255,70,253,24,1,54,202,0,0,0,0,0,0,0,0
253.351654,253.250977,133,255,71,253,25,1,58,201,0,0,0,0,0,0,0,0
253.626373,253.535416,134,255,71,253,25,1,58,201,0,0,0,0,0,0,0,0
253.901093,253.792908,133,255,72,253,24,1,64,202,128,0,0,0,0,0,0,0
254.175827,254.065384,133,255,72,253,24,1,64,202,128,0,0,0,0,0,0,0
254.450546,254.339859,133,255,72,253,24,1,64,202,128,0,0,0,0,0,0,0
254.725281,254.614944,133,255,73,253,25,1,46,202,0,0,0,0,0,0,0,0
255.000000,254.890091,132,255,74,253,25,1,78,200,128,0,0,0,0,0,0,0
255.274719,255.164627,133,255,74,253,24,1,63,201,0,0,0,0,0,0,0,0
255.549454,255.439804,133,255,75,253,25,1,74,201,0,0,0,0,0,0,0,0
255.769226,255.677811,133,255,75,253,25,2,72,201,0,0,0,0,0,0,0,0
256.043945,255.935043,133,255,74,253,24,1,71,202,128,0,0,0,0,0,0,0
256.318695,256.219849,133,255,75,253,25,1,71,202,0,0,0,0,0,0,0,0
256.538452,256.449249,133,255,74,253,24,1,70,201,0,0,0,0,0,0,0,0
256.813202,256.717224,133,255,75,253,25,1,74,201,0,0,0,0,0,0,0,0
257.087921,256.982727,133,255,74,253,25,1,47,202,128,0,0,0,0,0,0,0
257.362640,257.268341,133,255,75,253,24,1,54,201,0,0,0,0,0,0,0,0
257.637360,257.525116,133,255,74,253,25,1,46,201,0,0,0,0,0,0,0,0
257.857147,257.755554,133,255,75,254,24,1,67,201,128,0,0,0,0,0,0,0
258.131866,258.020508,133,255,75,253,24,1,60,201,0,0,0,0,0,0,0,0
258.406586,258.305511,133,255,76,253,25,1,69,201,128,0,0,0,0,0,0,0
258.626373,258.535797,133,255,75,253,24,1,69,202,0,0,0,0,0,0,0,0
258.901093,258.793182,133,255,76,253,25,1,78,202,128,0,0,0,0,0,0,0
259.175812,259.080566,133,255,75,253,25,1,71,202,0,0,0,0,0,0,0,0
259.450562,259.339508,133,255,75,254,66,1,68,201,1,0,0,0,0,0,0,0
259.670319,259.570374,132,255,76,253,195,1,1,198,1,0,0,0,0,0,0,0
259.945068,259.855133,133,255,77,253,191,1,1,200,1,0,0,0,0,0,0,0
260.219788,260.112671,133,255,78,253,192,1,1,200,1,0,0,0,0,0,0,0
260.439575,260.342438,133,255,79,253,192,1,1,201,1,0,0,0,0,0,0,0
260.714294,260.600128,133,255,84,253,192,1,1,201,129,0,0,0,0,0,0,0
260.989014,260.885223,133,255,85,253,191,1,7,202,1,0,0,0,0,0,0,0
261.208801,261.115845,133,255,89,253,191,1,28,201,129,0,0,0,0,0,0,0
261.483521,261.373383,133,255,93,253,191,1,60,201,1,0,0,0,0,0,0,0
261.758240,261.667694,133,255,96,253,191,1,71,201,129,0,0,0,0,0,0,0
262.032959,261.936798,132,255,102,253,192,1,90,201,1,0,0,0,0,0,0,0
262.307678,262.194458,132,255,105,253,192,1,110,200,129,0,0,0,0,0,0,0
262.527466,262.425201,132,255,108,253,191,1,96,200,1,0,0,0,0,0,0,0
262.802185,262.709412,132,255,110,253,191,1,101,200,1,0,0,0,0,0,0,0
263.076935,262.969208,132,255,114,253,191,1,116,200,1,0,0,0,0,0,0,0
263.296692,263.199219,132,255,116,253,192,1,114,200,1,0,0,0,0,0,0,0
263.571442,263.457001,132,255,118,253,191,1,116,200,129,0,0,0,0,0,0,0
263.846161,263.742371,132,255,120,253,191,1,116,200,1,0,0,0,0,0,0,0
264.065948,263.973175,132,255,121,253,191,1,116,200,129,0,0,0,0,0,0,0
264.340668,264.230652,133,255,121,253,192,1,115,201,1,0,0,0,0,0,0,0
264.615387,264.515594,133,255,121,253,192,1,115,200,1,0,0,0,0,0,0,0
264.835175,264.744812,133,255,120,253,193,1,115,201,1,0,0,0,0,0,0,0
265.109894,265.012115,132,255,120,253,195,1,83,201,129,0,0,0,0,0,0,0
265.384613,265.285461,132,255,119,253,193,1,106,200,1,0,0,0,0,0,0,0
265.659332,265.542480,133,255,117,253,193,1,57,201,129,0,0,0,0,0,0,0
265.934052,265.828186,133,255,116,253,193,1,58,201,129,0,0,0,0,0,0,0
266.153839,266.058075,133,255,115,253,193,1,54,200,1,0,0,0,0,0,0,0
266.428558,266.317535,133,255,115,253,193,1,23,201,129,0,0,0,0,0,0,0
266.703308,266.602997,133,255,113,253,193,1,21,201,1,0,0,0,0,0,0,0
266.978027,266.860229,133,255,113,253,193,2,24,201,129,0,0,0,0,0,0,0
