0.000000,0.000000,131,255,169,253,24,1,57,199,0,0,0,0,0,0,0,0
0.219780,0.229867,131,255,169,253,24,1,57,199,0,0,0,0,0,0,0,0
0.494505,0.486637,131,255,168,253,24,1,49,199,0,0,0,0,0,0,0,0
0.769231,0.771786,132,255,167,253,24,1,56,198,128,0,0,0,0,0,0,0
1.043956,1.035874,132,255,167,253,24,1,49,200,0,0,0,0,0,0,0,0
1.318681,1.310811,132,255,167,253,24,1,55,199,128,0,0,0,0,0,0,0
1.593407,1.585443,132,255,166,253,24,1,50,200,0,0,0,0,0,0,0,0
1.813187,1.816122,131,255,166,253,24,1,51,199,128,0,0,0,0,0,0,0
2.087912,2.101485,132,255,165,253,24,1,46,200,0,0,0,0,0,0,0,0
2.362637,2.358459,132,255,165,253,24,1,46,200,0,0,0,0,0,0,0,0
2.582417,2.589964,132,255,165,253,24,1,46,200,0,0,0,0,0,0,0,0
2.857143,2.862494,132,255,165,253,24,1,46,200,0,0,0,0,0,0,0,0
3.131868,3.137484,132,255,164,253,24,1,46,200,0,0,0,0,0,0,0,0
3.406593,3.412520,132,255,164,253,24,1,39,199,128,0,0,0,0,0,0,0
3.681319,3.679017,132,255,163,253,24,1,46,200,0,0,0,0,0,0,0,0
3.956044,3.962837,132,255,163,253,24,1,42,200,0,0,0,0,0,0,0,0
4.230769,4.220475,132,255,163,253,24,1,41,199,0,0,0,0,0,0,0,0
4.450550,4.451109,131,255,163,253,24,1,60,199,0,0,0,0,0,0,0,0
4.725275,4.740408,132,255,162,253,24,1,59,199,128,0,0,0,0,0,0,0
5.000000,4.997025,131,255,162,253,24,1,70,199,128,0,0,0,0,0,0,0
5.219780,5.226429,131,255,162,253,24,1,72,199,128,0,0,0,0,0,0,0
5.494505,5.483761,132,255,162,253,24,1,78,199,128,0,0,0,0,0,0,0
5.769231,5.769221,132,255,161,253,24,1,67,200,128,0,0,0,0,0,0,0
5.989011,5.998528,132,255,161,253,24,1,65,199,0,0,0,0,0,0,0,0
6.263736,6.256218,131,255,161,253,24,1,68,200,0,0,0,0,0,0,0,0
6.538462,6.541268,132,255,161,253,24,1,48,199,128,0,0,0,0,0,0,0
6.758242,6.771542,132,255,159,253,25,1,61,199,0,0,0,0,0,0,0,0
7.032967,7.029233,132,255,157,253,24,1,53,200,128,0,0,0,0,0,0,0
7.307693,7.313923,132,255,155,253,24,1,60,200,0,0,0,0,0,0,0,0
7.582417,7.570440,132,255,155,253,24,1,60,200,0,0,0,0,0,0,0,0
7.802198,7.800101,132,255,155,253,24,1,60,200,0,0,0,0,0,0,0,0
8.076923,8.085405,132,255,153,253,24,1,64,199,128,0,0,0,0,0,0,0
8.351648,8.350825,133,255,149,253,24,1,85,200,0,0,0,0,0,0,0,0
8.626373,8.626771,132,255,148,253,24,1,78,199,128,0,0,0,0,0,0,0
8.901099,8.901334,132,255,148,253,24,1,78,199,128,0,0,0,0,0,0,0
9.175824,9.175789,132,255,143,253,23,1,91,199,128,0,0,0,0,0,0,0
9.450549,9.441566,132,255,142,253,24,1,69,200,128,0,0,0,0,0,0,0
9.670330,9.671076,132,255,142,253,24,1,69,200,128,0,0,0,0,0,0,0
9.945055,9.955714,132,255,139,253,23,1,51,200,128,0,0,0,0,0,0,0
10.219780,10.213814,132,255,136,253,24,1,55,200,0,0,0,0,0,0,0,0
10.439561,10.445831,132,255,133,253,24,1,47,200,128,0,0,0,0,0,0,0
10.714286,10.703113,132,255,133,253,24,1,47,200,128,0,0,0,0,0,0,0
10.989011,10.987088,133,255,131,253,24,1,39,200,128,0,0,0,0,0,0,0
11.208791,11.216290,132,255,129,253,23,1,50,200,128,0,0,0,0,0,0,0
11.483517,11.480374,132,255,127,253,24,1,48,200,0,0,0,0,0,0,0,0
11.758242,11.749940,132,255,125,253,24,1,48,200,0,0,0,0,0,0,0,0
12.032967,12.034833,132,255,125,253,23,1,46,200,128,0,0,0,0,0,0,0
12.252748,12.264088,132,255,123,253,24,1,47,200,128,0,0,0,0,0,0,0
12.527472,12.521622,132,255,122,253,24,1,45,201,0,0,0,0,0,0,0,0
12.802197,12.809080,132,255,120,253,24,1,51,200,128,0,0,0,0,0,0,0
13.076923,13.066464,132,255,119,253,23,1,53,200,0,0,0,0,0,0,0,0
13.296703,13.296128,132,255,117,253,23,1,59,200,128,0,0,0,0,0,0,0
13.571428,13.580764,132,255,117,253,23,1,59,200,128,0,0,0,0,0,0,0
13.846154,13.844238,132,255,116,253,24,1,48,200,128,0,0,0,0,0,0,0
14.120879,14.112420,132,255,115,253,23,1,67,200,0,0,0,0,0,0,0,0
14.340659,14.342649,132,255,114,253,23,1,40,200,128,0,0,0,0,0,0,0
14.615385,14.600800,132,255,114,253,23,1,40,200,128,0,0,0,0,0,0,0
14.890110,14.885590,132,255,112,253,24,2,53,200,0,0,0,0,0,0,0,0
15.164835,15.150088,132,255,111,253,23,1,50,200,128,0,0,0,0,0,0,0
15.384615,15.379543,132,255,110,253,24,1,55,200,128,0,0,0,0,0,0,0
15.659341,15.664134,132,255,110,253,23,1,55,200,128,0,0,0,0,0,0,0
15.934066,15.920800,133,255,109,253,24,1,55,200,128,0,0,0,0,0,0,0
16.153847,16.153688,132,255,108,253,23,1,60,201,128,0,0,0,0,0,0,0
16.428572,16.426888,132,255,106,253,24,1,63,200,0,0,0,0,0,0,0,0
16.703297,16.701414,132,255,105,253,23,1,64,200,0,0,0,0,0,0,0,0
16.978022,16.963146,132,255,105,253,23,1,60,200,128,0,0,0,0,0,0,0
17.252747,17.247786,132,255,104,253,23,1,51,200,0,0,0,0,0,0,0,0
17.472527,17.477194,132,255,103,253,23,1,64,200,0,0,0,0,0,0,0,0
17.747253,17.734169,132,255,103,253,23,1,53,200,0,0,0,0,0,0,0,0
18.021978,18.005779,132,255,101,253,24,1,57,201,128,0,0,0,0,0,0,0
18.296703,18.280563,132,255,101,253,24,1,57,201,128,0,0,0,0,0,0,0
18.571428,18.554989,132,255,100,253,24,1,63,200,128,0,0,0,0,0,0,0
18.846153,18.839476,132,255,99,253,23,1,63,200,128,0,0,0,0,0,0,0
19.065933,19.068880,132,255,98,253,24,1,64,200,128,0,0,0,0,0,0,0
19.340660,19.326517,132,255,97,253,24,1,51,200,0,0,0,0,0,0,0,0
19.615385,19.613003,132,255,97,253,24,1,51,200,0,0,0,0,0,0,0,0
19.890110,19.884611,133,255,96,253,23,1,80,200,0,0,0,0,0,0,0,0
20.109890,20.113863,132,255,94,253,24,1,73,200,0,0,0,0,0,0,0,0
20.384615,20.370993,132,255,93,253,24,1,70,201,128,0,0,0,0,0,0,0
20.659340,20.655558,133,255,93,253,24,1,70,201,128,0,0,0,0,0,0,0
20.934067,20.886829,133,255,90,253,24,1,80,200,128,0,0,0,0,0,0,0
21.208792,21.161154,132,255,89,253,24,1,80,200,128,0,0,0,0,0,0,0
21.483517,21.436808,132,255,88,253,23,1,84,200,128,0,0,0,0,0,0,0
21.703297,21.699060,132,255,88,253,24,1,76,199,0,0,0,0,0,0,0,0
21.978022,21.983950,133,255,84,253,23,1,79,200,128,0,0,0,0,0,0,0
22.252747,22.240717,133,255,82,253,23,1,73,200,128,0,0,0,0,0,0,0
22.472527,22.471970,133,255,81,253,23,1,82,200,128,0,0,0,0,0,0,0
22.747253,22.741940,132,255,80,253,23,1,66,200,128,0,0,0,0,0,0,0
23.021978,23.009100,132,255,76,253,23,1,63,200,128,0,0,0,0,0,0,0
23.296703,23.293636,132,255,76,253,23,1,63,200,128,0,0,0,0,0,0,0
23.516483,23.522736,133,255,76,253,23,1,63,200,128,0,0,0,0,0,0,0
23.791208,23.779402,132,255,70,253,24,1,50,200,128,0,0,0,0,0,0,0
24.065933,24.073103,132,255,70,253,24,1,53,200,0,0,0,0,0,0,0,0
24.340660,24.348347,133,255,68,253,24,1,32,200,128,0,0,0,0,0,0,0
24.615385,24.607260,132,255,67,253,24,1,29,201,128,0,0,0,0,0,0,0
24.835165,24.836926,133,255,65,253,23,1,27,201,128,0,0,0,0,0,0,0
25.109890,25.094053,132,255,63,253,24,1,37,201,0,0,0,0,0,0,0,0
25.384615,25.378588,132,255,63,253,24,1,42,201,0,0,0,0,0,0,0,0
25.659340,25.650969,133,255,62,253,23,1,50,201,0,0,0,0,0,0,0,0
25.934067,25.925907,133,255,61,253,24,1,46,201,128,0,0,0,0,0,0,0
26.153847,26.158232,133,255,60,253,24,1,48,200,0,0,0,0,0,0,0,0
26.428572,26.415819,133,255,58,253,24,1,48,201,128,0,0,0,0,0,0,0
26.703297,26.700867,132,255,58,253,23,1,51,201,128,0,0,0,0,0,0,0
26.978022,26.958260,132,255,57,253,24,1,51,200,0,0,0,0,0,0,0,0
27.197802,27.190269,133,255,56,253,23,1,29,201,128,0,0,0,0,0,0,0
27.472527,27.475266,133,255,56,253,23,1,48,201,0,0,0,0,0,0,0,0
27.747253,27.732344,133,255,56,253,23,1,48,201,0,0,0,0,0,0,0,0
28.021978,28.004210,132,255,54,253,23,1,57,201,0,0,0,0,0,0,0,0
28.241758,28.236586,133,255,55,253,23,1,43,201,128,0,0,0,0,0,0,0
28.516483,28.521381,133,255,55,253,24,1,50,201,0,0,0,0,0,0,0,0
28.791208,28.779222,133,255,55,253,24,1,32,201,128,0,0,0,0,0,0,0
29.010988,29.008322,133,255,57,253,24,1,49,200,0,0,0,0,0,0,0,0
29.285715,29.272308,132,255,55,253,23,1,47,201,128,0,0,0,0,0,0,0
29.560440,29.557152,133,255,55,253,24,1,60,201,128,0,0,0,0,0,0,0
29.835165,29.814739,132,255,57,253,23,1,60,201,0,0,0,0,0,0,0,0
30.054945,30.044807,133,255,56,253,24,1,54,201,128,0,0,0,0,0,0,0
30.329670,30.332010,133,255,56,253,24,1,70,201,0,0,0,0,0,0,0,0
30.604395,30.589544,133,255,56,253,23,1,71,201,128,0,0,0,0,0,0,0
30.824175,30.819979,132,255,56,253,24,1,80,201,0,0,0,0,0,0,0,0
31.098902,31.104464,133,255,56,253,24,1,77,201,0,0,0,0,0,0,0,0
31.373627,31.362051,133,255,56,253,23,1,60,201,128,0,0,0,0,0,0,0
31.593407,31.591869,132,255,56,253,23,1,77,201,0,0,0,0,0,0,0,0
31.868132,31.848789,133,255,55,253,23,1,70,201,128,0,0,0,0,0,0,0
32.142857,32.134201,133,255,54,253,23,1,70,201,0,0,0,0,0,0,0,0
32.362637,32.364986,133,255,54,253,23,1,67,201,128,0,0,0,0,0,0,0
32.637363,32.621857,133,255,54,253,23,1,64,201,0,0,0,0,0,0,0,0
32.912086,32.907211,132,255,54,253,24,1,59,200,128,0,0,0,0,0,0,0
33.186813,33.171455,133,255,54,253,24,1,65,200,0,0,0,0,0,0,0,0
33.406593,33.400612,133,255,54,253,24,1,65,200,0,0,0,0,0,0,0,0
33.681320,33.659336,133,255,54,253,24,1,59,201,0,0,0,0,0,0,0,0
33.956043,33.943089,133,255,54,253,24,1,58,201,0,0,0,0,0,0,0,0
34.230770,34.209633,132,255,53,253,23,1,52,200,0,0,0,0,0,0,0,0
34.505493,34.484882,133,255,53,253,23,1,52,200,0,0,0,0,0,0,0,0
34.780220,34.760025,133,255,52,253,24,1,63,200,128,0,0,0,0,0,0,0
35.000000,35.003399,133,255,52,253,24,1,49,201,0,0,0,0,0,0,0,0
35.274727,35.260986,133,255,53,253,23,1,50,201,128,0,0,0,0,0,0,0
35.549450,35.546036,133,255,53,253,23,1,40,201,0,0,0,0,0,0,0,0
35.824177,35.803982,132,255,51,253,23,1,52,201,128,0,0,0,0,0,0,0
36.043957,36.035896,132,255,52,253,23,1,50,200,0,0,0,0,0,0,0,0
36.318680,36.320641,133,255,52,253,24,1,58,201,128,0,0,0,0,0,0,0
36.593407,36.577255,133,255,53,253,23,1,58,201,0,0,0,0,0,0,0,0
36.813187,36.807121,133,255,53,253,24,1,57,201,128,0,0,0,0,0,0,0
37.087914,37.064510,133,255,54,253,23,1,70,200,128,0,0,0,0,0,0,0
37.362637,37.349709,133,255,54,253,24,1,66,201,0,0,0,0,0,0,0,0
37.582417,37.579578,133,255,55,253,24,1,76,201,128,0,0,0,0,0,0,0
37.857143,37.837215,133,255,54,253,23,1,78,201,0,0,0,0,0,0,0,0
38.131866,38.122215,133,255,54,253,24,1,80,201,128,0,0,0,0,0,0,0
38.351650,38.352135,133,255,53,253,23,1,78,201,0,0,0,0,0,0,0,0
38.626373,38.614223,133,255,54,253,23,1,63,201,128,0,0,0,0,0,0,0
38.901100,38.888496,133,255,53,253,23,1,72,201,0,0,0,0,0,0,0,0
39.175823,39.173595,133,255,53,253,24,1,59,201,128,0,0,0,0,0,0,0
39.450550,39.430931,133,255,52,253,24,1,62,200,128,0,0,0,0,0,0,0
39.670330,39.660900,133,255,53,253,23,1,50,201,0,0,0,0,0,0,0,0
39.945053,39.920898,133,255,53,253,23,1,50,201,128,0,0,0,0,0,0,0
40.219780,40.206352,133,255,53,253,24,1,45,201,0,0,0,0,0,0,0,0
40.439560,40.436523,133,255,50,253,23,2,47,201,128,0,0,0,0,0,0,0
40.714287,40.694111,132,255,51,253,23,1,41,201,0,0,0,0,0,0,0,0
40.989010,40.978397,133,255,52,253,23,1,40,200,0,0,0,0,0,0,0,0
41.263737,41.239059,133,255,53,253,23,1,49,201,0,0,0,0,0,0,0,0
41.483517,41.469028,133,255,53,253,24,1,47,201,128,0,0,0,0,0,0,0
41.758244,41.754635,133,255,52,253,23,1,70,201,0,0,0,0,0,0,0,0
42.032967,42.011047,132,255,53,253,24,1,55,201,128,0,0,0,0,0,0,0
42.252747,42.241421,132,255,53,253,24,1,55,201,128,0,0,0,0,0,0,0
42.527473,42.526119,132,255,55,253,23,1,70,201,0,0,0,0,0,0,0,0
42.802197,42.785347,133,255,55,253,23,1,70,201,0,0,0,0,0,0,0,0
43.076923,43.059978,133,255,55,253,23,1,70,201,0,0,0,0,0,0,0,0
43.351650,43.334503,133,255,55,253,24,1,78,201,128,0,0,0,0,0,0,0
43.626373,43.610409,133,255,55,253,23,1,70,200,0,0,0,0,0,0,0,0
43.901100,43.884937,132,255,54,253,24,1,82,201,0,0,0,0,0,0,0,0
44.175823,44.159466,132,255,54,253,24,1,82,201,0,0,0,0,0,0,0,0
44.450550,44.428314,133,255,53,253,23,1,76,200,128,0,0,0,0,0,0,0
44.670330,44.658848,132,255,53,253,24,1,69,201,0,0,0,0,0,0,0,0
44.945053,44.943943,132,255,52,253,24,1,63,200,128,0,0,0,0,0,0,0
45.219780,45.200920,133,255,51,253,24,1,55,201,128,0,0,0,0,0,0,0
45.494507,45.438309,133,255,51,253,24,1,55,201,0,0,0,0,0,0,0,0
45.714287,45.711147,133,255,50,253,23,1,53,201,128,0,0,0,0,0,0,0
45.989010,45.967968,133,255,50,253,24,1,64,200,0,0,0,0,0,0,0,0
46.263737,46.253838,133,255,50,253,23,1,67,201,128,0,0,0,0,0,0,0
46.483517,46.483704,133,255,49,253,24,1,37,201,0,0,0,0,0,0,0,0
46.758244,46.743389,133,255,49,253,24,1,32,201,128,0,0,0,0,0,0,0
47.032967,47.030949,133,255,47,253,23,1,50,201,0,0,0,0,0,0,0,0
47.307693,47.287819,132,255,47,253,23,1,37,201,128,0,0,0,0,0,0,0
47.527473,47.518150,133,255,49,253,23,1,31,201,0,0,0,0,0,0,0,0
47.802197,47.775581,133,255,49,253,23,1,63,201,128,0,0,0,0,0,0,0
48.076923,48.061913,133,255,48,253,23,1,37,201,128,0,0,0,0,0,0,0
48.296703,48.292137,133,255,49,253,24,1,64,200,0,0,0,0,0,0,0,0
48.571430,48.549721,133,255,49,253,23,1,66,201,128,0,0,0,0,0,0,0
48.846153,48.834568,132,255,49,253,23,1,66,201,0,0,0,0,0,0,0,0
49.065933,49.064693,133,255,49,253,24,1,71,201,128,0,0,0,0,0,0,0
49.340660,49.321617,132,255,49,253,24,1,75,200,0,0,0,0,0,0,0,0
49.615383,49.606457,133,255,50,253,23,1,75,200,0,0,0,0,0,0,0,0
49.890110,49.874126,132,255,49,253,23,1,75,200,0,0,0,0,0,0,0,0
50.164837,50.149273,133,255,48,253,24,1,71,201,128,0,0,0,0,0,0,0
50.439560,50.424206,133,255,48,253,23,1,70,201,0,0,0,0,0,0,0,0
50.714287,50.698734,133,255,48,253,23,1,70,201,0,0,0,0,0,0,0,0
50.989010,50.973160,133,255,48,253,23,1,70,201,0,0,0,0,0,0,0,0
51.263737,51.238834,133,255,48,253,24,1,54,201,0,0,0,0,0,0,0,0
51.483517,51.467934,133,255,48,253,24,1,54,201,0,0,0,0,0,0,0,0
51.758244,51.752880,133,255,47,253,23,1,50,201,0,0,0,0,0,0,0,0
52.032967,52.009499,133,255,47,253,23,1,52,201,0,0,0,0,0,0,0,0
52.252747,52.247856,133,255,47,253,23,1,49,201,128,0,0,0,0,0,0,0
52.527473,52.522236,132,255,47,253,23,1,39,201,128,0,0,0,0,0,0,0
52.802197,52.796864,133,255,47,253,23,1,39,201,128,0,0,0,0,0,0,0
53.076923,53.071800,133,255,47,253,24,1,46,201,128,0,0,0,0,0,0,0
53.351650,53.346279,133,255,47,253,24,1,48,201,128,0,0,0,0,0,0,0
53.626373,53.615738,133,255,47,253,24,1,52,201,128,0,0,0,0,0,0,0
53.901100,53.873428,133,255,48,253,24,1,64,200,0,0,0,0,0,0,0,0
54.175823,54.157761,133,255,48,253,24,1,52,201,0,0,0,0,0,0,0,0
54.395603,54.386810,133,255,48,253,24,1,72,201,0,0,0,0,0,0,0,0
54.670330,54.650539,133,255,48,253,24,1,61,201,128,0,0,0,0,0,0,0
54.945053,54.926193,132,255,48,253,24,1,64,200,128,0,0,0,0,0,0,0
55.219780,55.199593,195,244,96,5,99,32,64,200,128,0,0,0,0,0,0,0
55.494507,55.472893,133,255,96,5,99,32,64,200,128,0,0,0,0,0,0,0
55.769230,55.745117,133,255,50,253,24,1,79,200,0,0,0,0,0,0,0,0
56.043957,56.029961,133,255,49,253,23,1,86,200,128,0,0,0,0,0,0,0
56.263737,56.260292,132,255,49,253,24,1,80,201,0,0,0,0,0,0,0,0
56.538460,56.517929,132,255,49,253,23,1,83,200,128,0,0,0,0,0,0,0
56.813187,56.805233,133,255,48,253,23,1,82,200,0,0,0,0,0,0,0,0
57.087914,57.061897,133,255,47,253,23,1,77,201,0,0,0,0,0,0,0,0
57.307693,57.292072,133,255,47,253,24,1,67,201,128,0,0,0,0,0,0,0
57.582417,57.577019,133,255,45,253,23,1,52,201,0,0,0,0,0,0,0,0
57.857143,57.836758,133,255,45,253,24,1,52,201,128,0,0,0,0,0,0,0
58.131866,58.112309,132,255,45,253,24,1,50,201,0,0,0,0,0,0,0,0
58.406593,58.386936,132,255,44,253,24,1,50,201,0,0,0,0,0,0,0,0
58.681320,58.661411,133,255,43,253,24,1,64,201,0,0,0,0,0,0,0,0
58.956043,58.935837,133,255,43,253,24,1,64,201,0,0,0,0,0,0,0,0
59.230770,59.203712,133,255,43,253,24,1,38,200,0,0,0,0,0,0,0,0
59.450550,59.433277,133,255,41,253,23,1,38,200,0,0,0,0,0,0,0,0
59.725273,59.717606,133,255,41,253,24,1,71,200,0,0,0,0,0,0,0,0
60.000000,59.975143,167,244,96,4,207,38,50,201,128,0,0,0,0,0,0,0
60.219780,60.210842,133,255,41,253,24,1,76,202,128,0,0,0,0,0,0,0
60.494507,60.485939,133,255,41,253,24,1,76,202,0,0,0,0,0,0,0,0
60.769230,60.760311,132,255,41,253,23,1,74,200,0,0,0,0,0,0,0,0
61.043957,61.034481,132,255,41,253,23,1,64,200,0,0,0,0,0,0,0,0
61.318680,61.308907,132,255,41,253,23,1,64,200,0,0,0,0,0,0,0,0
61.593407,61.583279,133,255,41,253,23,1,74,201,0,0,0,0,0,0,0,0
61.868134,61.854069,132,255,39,253,24,1,70,200,128,0,0,0,0,0,0,0
62.142857,62.111969,133,255,39,253,23,1,53,201,0,0,0,0,0,0,0,0
62.417583,62.395836,132,255,39,253,23,1,53,201,0,0,0,0,0,0,0,0
62.637363,62.625397,133,255,39,253,23,1,58,201,0,0,0,0,0,0,0,0
62.912086,62.887489,133,255,39,253,24,1,78,201,128,0,0,0,0,0,0,0
63.186813,63.178631,133,255,38,253,24,1,66,201,0,0,0,0,0,0,0,0
63.461540,63.435345,133,255,37,253,23,1,69,201,0,0,0,0,0,0,0,0
63.681320,63.665012,132,255,37,253,23,1,75,200,0,0,0,0,0,0,0,0
63.956043,63.949493,133,255,36,253,23,1,63,201,128,0,0,0,0,0,0,0
64.230766,64.215424,133,255,35,253,24,1,71,201,128,0,0,0,0,0,0,0
64.505493,64.472755,133,255,35,253,24,1,55,201,0,0,0,0,0,0,0,0
64.725273,64.703644,133,255,34,253,24,1,41,201,128,0,0,0,0,0,0,0
65.000000,64.988701,133,255,33,253,24,1,50,201,0,0,0,0,0,0,0,0
65.274727,65.247513,133,255,32,250,24,1,52,200,0,0,0,0,0,0,0,0
65.494507,65.486237,133,255,32,247,23,1,47,201,0,0,0,0,0,0,0,0
65.769234,65.743774,133,255,32,253,24,1,55,201,128,0,0,0,0,0,0,0
66.043953,66.027802,133,255,32,249,24,1,46,201,128,0,0,0,0,0,0,0
66.318680,66.285690,133,255,32,251,25,1,60,201,128,0,0,0,0,0,0,0
66.538460,66.517609,133,255,31,244,23,1,68,201,0,0,0,0,0,0,0,0
66.813187,66.801025,133,255,31,244,23,1,68,201,0,0,0,0,0,0,0,0
67.087914,67.056206,133,255,31,244,23,1,68,201,0,0,0,0,0,0,0,0
67.307693,67.284691,133,255,30,235,24,1,63,201,0,0,0,0,0,0,0,0
67.582420,67.555428,132,255,30,236,24,1,59,201,0,0,0,0,0,0,0,0
67.857140,67.828217,132,255,28,223,24,1,55,201,0,0,0,0,0,0,0,0
68.131866,68.101974,133,255,29,223,24,1,71,201,128,0,0,0,0,0,0,0
68.406593,68.396698,133,255,29,232,24,1,60,201,0,0,0,0,0,0,0,0
68.681320,68.652138,133,255,29,232,24,1,60,201,0,0,0,0,0,0,0,0
68.901100,68.881035,133,255,27,217,24,1,64,200,128,0,0,0,0,0,0,0
69.175827,69.164238,133,255,27,211,24,1,64,201,128,0,0,0,0,0,0,0
69.450546,69.427612,133,255,27,210,24,1,40,201,0,0,0,0,0,0,0,0
69.725273,69.700806,132,255,26,202,24,2,69,201,0,0,0,0,0,0,0,0
70.000000,69.974518,133,255,25,202,24,2,45,201,0,0,0,0,0,0,0,0
70.219780,70.203613,133,255,25,197,24,1,61,201,0,0,0,0,0,0,0,0
70.494507,70.460281,133,254,25,198,24,1,50,201,128,0,0,0,0,0,0,0
70.769234,70.743538,133,252,25,198,24,1,61,201,0,0,0,0,0,0,0,0
70.989014,70.974182,132,253,25,198,24,1,61,201,0,0,0,0,0,0,0,0
71.263733,71.245995,133,251,25,198,24,1,56,200,128,0,0,0,0,0,0,0
71.538460,71.516891,133,250,25,194,24,1,53,201,128,0,0,0,0,0,0,0
71.813187,71.800499,133,248,25,195,24,2,50,201,0,0,0,0,0,0,0,0
72.087914,72.056396,133,248,25,195,24,2,50,201,0,0,0,0,0,0,0,0
72.307693,72.284836,132,244,24,189,24,1,55,201,128,0,0,0,0,0,0,0
72.582420,72.570953,133,243,25,191,24,1,54,201,0,0,0,0,0,0,0,0
72.857140,72.827423,133,242,23,190,24,1,60,201,128,0,0,0,0,0,0,0
73.076920,73.056160,133,242,24,190,24,1,49,201,128,0,0,0,0,0,0,0
73.351646,73.339111,133,243,25,196,24,1,61,201,128,0,0,0,0,0,0,0
73.626373,73.599106,132,243,25,195,23,1,61,201,128,0,0,0,0,0,0,0
73.901100,73.872459,132,246,24,193,24,1,55,201,128,0,0,0,0,0,0,0
74.175827,74.146324,132,245,24,192,23,1,64,201,0,0,0,0,0,0,0,0
74.395607,74.381866,133,244,25,196,24,1,77,202,128,0,0,0,0,0,0,0
74.670326,74.637817,132,244,25,190,24,2,78,201,0,0,0,0,0,0,0,0
74.945053,74.921074,132,243,25,192,24,1,89,201,0,0,0,0,0,0,0,0
75.164833,75.151047,132,244,24,193,24,2,64,200,0,0,0,0,0,0,0,0
75.439560,75.409042,133,244,24,191,23,1,78,201,0,0,0,0,0,0,0,0
75.714287,75.692307,133,244,24,191,23,1,80,201,0,0,0,0,0,0,0,0
75.934067,75.920792,133,241,24,185,24,1,70,200,0,0,0,0,0,0,0,0
76.208794,76.176941,132,239,25,195,24,1,56,201,128,0,0,0,0,0,0,0
76.483513,76.450706,132,239,24,184,24,2,58,201,0,0,0,0,0,0,0,0
76.758240,76.745171,133,236,23,180,24,1,55,200,128,0,0,0,0,0,0,0
77.032967,77.001015,133,233,23,175,23,2,53,201,0,0,0,0,0,0,0,0
77.252747,77.230682,133,230,22,173,24,1,55,201,128,0,0,0,0,0,0,0
77.527473,77.514404,132,229,23,182,24,1,50,201,0,0,0,0,0,0,0,0
77.802200,77.772293,132,229,23,176,24,1,52,201,0,0,0,0,0,0,0,0
78.021980,78.000473,133,229,23,176,24,1,52,201,0,0,0,0,0,0,0,0
78.296700,78.283989,133,225,22,170,24,1,48,201,0,0,0,0,0,0,0,0
78.571426,78.542648,133,223,21,168,24,1,51,201,128,0,0,0,0,0,0,0
78.846153,78.817078,133,222,21,172,24,1,47,200,0,0,0,0,0,0,0,0
79.065933,79.050476,132,223,22,173,24,1,47,201,128,0,0,0,0,0,0,0
79.340660,79.306679,133,223,22,174,24,1,75,201,0,0,0,0,0,0,0,0
79.615387,79.590820,133,224,21,172,24,2,31,201,128,0,0,0,0,0,0,0
79.835167,79.820320,133,221,22,174,24,1,69,201,0,0,0,0,0,0,0,0
80.109894,80.078056,133,226,22,177,24,1,53,201,0,0,0,0,0,0,0,0
80.384613,80.362236,133,227,23,185,24,1,59,202,0,0,0,0,0,0,0,0
80.604393,80.590416,133,231,24,189,24,1,52,201,0,0,0,0,0,0,0,0
80.879120,80.848976,133,233,23,188,24,1,73,201,128,0,0,0,0,0,0,0
81.153847,81.132645,132,235,24,190,24,1,71,201,0,0,0,0,0,0,0,0
81.373627,81.361542,133,239,25,197,24,1,76,201,128,0,0,0,0,0,0,0
81.648354,81.617950,133,241,24,192,24,1,62,201,0,0,0,0,0,0,0,0
81.923080,81.885208,133,243,25,192,24,1,62,201,0,0,0,0,0,0,0,0
82.197800,82.158516,133,246,26,200,24,1,82,201,0,0,0,0,0,0,0,0
82.472527,82.460091,132,248,25,200,24,1,79,201,128,0,0,0,0,0,0,0
82.747253,82.716293,132,248,25,200,24,1,79,201,128,0,0,0,0,0,0,0
82.967033,82.944633,133,249,26,202,23,2,73,201,128,0,0,0,0,0,0,0
83.241760,83.227585,133,251,25,195,24,1,59,201,128,0,0,0,0,0,0,0
83.516487,83.486343,133,250,25,197,24,1,85,201,0,0,0,0,0,0,0,0
83.791206,83.757706,133,250,25,192,23,1,76,201,128,0,0,0,0,0,0,0
84.065933,84.031464,133,248,25,201,23,1,77,201,0,0,0,0,0,0,0,0
84.340660,84.304863,133,248,24,188,24,1,67,201,128,0,0,0,0,0,0,0
84.615387,84.578011,133,242,24,188,24,1,67,201,128,0,0,0,0,0,0,0
84.835167,84.817139,133,242,23,179,24,1,71,200,128,0,0,0,0,0,0,0
85.109894,85.073494,133,237,23,181,24,1,42,201,0,0,0,0,0,0,0,0
85.384613,85.357887,133,235,23,186,24,1,63,201,128,0,0,0,0,0,0,0
85.604393,85.586220,133,233,23,181,24,1,47,201,0,0,0,0,0,0,0,0
85.879120,85.845543,133,229,22,174,24,1,50,201,128,0,0,0,0,0,0,0
86.153847,86.129311,133,226,22,175,24,1,46,201,128,0,0,0,0,0,0,0
86.373627,86.358109,133,222,22,169,24,1,78,201,0,0,0,0,0,0,0,0
86.648354,86.614510,133,220,21,169,24,1,62,201,128,0,0,0,0,0,0,0
86.923080,86.898750,133,221,22,165,24,1,61,200,0,0,0,0,0,0,0,0
87.142860,87.127441,133,220,22,169,24,1,56,201,128,0,0,0,0,0,0,0
87.417580,87.383492,132,221,22,170,24,2,61,201,0,0,0,0,0,0,0,0
87.692307,87.667770,133,218,21,169,24,2,54,201,128,0,0,0,0,0,0,0
87.912086,87.895996,133,217,22,168,24,1,58,201,0,0,0,0,0,0,0,0
88.186813,88.152512,133,213,20,154,24,1,62,201,0,0,0,0,0,0,0,0
88.461540,88.436539,133,214,21,165,24,1,54,201,128,0,0,0,0,0,0,0
88.681320,88.665337,132,212,20,163,24,2,49,201,0,0,0,0,0,0,0,0
88.956047,88.921333,133,214,21,171,24,1,52,201,128,0,0,0,0,0,0,0
89.230766,89.205360,133,216,21,165,24,1,55,201,0,0,0,0,0,0,0,0
89.450546,89.433998,132,213,21,165,24,1,63,201,128,0,0,0,0,0,0,0
89.725273,89.689331,133,217,22,171,24,1,50,201,0,0,0,0,0,0,0,0
90.000000,89.973007,133,218,22,172,24,1,63,201,128,0,0,0,0,0,0,0
90.274727,90.243385,133,220,22,178,24,1,47,202,0,0,0,0,0,0,0,0
90.549454,90.516731,133,220,22,178,24,1,47,202,0,0,0,0,0,0,0,0
90.824173,90.784813,132,224,23,176,25,2,51,201,0,0,0,0,0,0,0,0
91.043953,91.013969,133,223,22,180,24,1,61,202,128,0,0,0,0,0,0,0
91.318680,91.297272,133,223,22,180,24,1,55,201,128,0,0,0,0,0,0,0
91.593407,91.553329,133,229,23,179,24,1,85,201,0,0,0,0,0,0,0,0
91.813187,91.789131,133,233,24,186,24,1,76,201,128,0,0,0,0,0,0,0
92.087914,92.044754,133,231,23,178,24,2,78,200,0,0,0,0,0,0,0,0
92.362640,92.329620,133,233,24,184,24,1,77,201,128,0,0,0,0,0,0,0
92.582420,92.557693,133,231,22,170,24,1,78,202,0,0,0,0,0,0,0,0
92.857140,92.816872,133,228,22,173,24,1,64,201,128,0,0,0,0,0,0,0
93.131866,93.099823,133,227,22,174,24,1,71,201,0,0,0,0,0,0,0,0
93.351646,93.328049,133,227,21,171,24,1,61,200,0,0,0,0,0,0,0,0
93.626373,93.584564,133,222,21,171,24,1,61,201,128,0,0,0,0,0,0,0
93.901100,93.868797,133,223,22,168,24,1,69,201,0,0,0,0,0,0,0,0
94.120880,94.097588,133,220,22,167,24,1,57,201,128,0,0,0,0,0,0,0
94.395607,94.353432,133,219,21,163,24,1,59,201,0,0,0,0,0,0,0,0
94.670326,94.636948,133,215,20,161,24,1,51,201,128,0,0,0,0,0,0,0
94.890106,94.866203,133,214,20,159,24,1,48,201,0,0,0,0,0,0,0,0
95.164833,95.122826,133,210,20,153,24,1,51,201,128,0,0,0,0,0,0,0
95.439560,95.405670,133,207,21,160,24,2,47,201,128,0,0,0,0,0,0,0
95.659340,95.634567,133,206,20,157,24,2,37,201,0,0,0,0,0,0,0,0
95.934067,95.900444,133,206,20,157,24,1,46,201,0,0,0,0,0,0,0,0
96.208794,96.183495,133,206,20,155,24,1,38,200,0,0,0,0,0,0,0,0
96.483513,96.439468,133,208,20,154,24,1,49,201,0,0,0,0,0,0,0,0
96.703300,96.667625,133,206,20,155,128,1,39,201,0,0,0,0,0,0,0,0
96.978020,96.957687,133,207,20,158,24,1,55,201,0,0,0,0,0,0,0,0
97.252747,97.232323,133,210,22,165,24,1,64,201,0,0,0,0,0,0,0,0
97.527473,97.505569,133,214,21,167,24,2,64,201,0,0,0,0,0,0,0,0
97.802200,97.776520,133,216,22,177,24,1,63,201,0,0,0,0,0,0,0,0
98.076920,98.032417,132,219,22,174,24,1,74,201,128,0,0,0,0,0,0,0
98.296700,98.260750,133,216,21,168,24,1,72,201,0,0,0,0,0,0,0,0
98.571426,98.544823,133,216,21,164,24,1,82,201,128,0,0,0,0,0,0,0
98.846153,98.803329,133,218,20,155,24,1,87,201,0,0,0,0,0,0,0,0
99.065933,99.031868,133,214,21,166,24,2,92,201,0,0,0,0,0,0,0,0
99.340660,99.315491,133,215,21,166,24,2,99,201,128,0,0,0,0,0,0,0
99.615387,99.571587,133,212,19,151,24,1,82,201,0,0,0,0,0,0,0,0
99.835167,99.800430,133,209,19,150,24,2,86,201,128,0,0,0,0,0,0,0
100.109894,100.083946,133,199,18,138,24,1,73,200,0,0,0,0,0,0,0,0
100.384613,100.340004,133,197,17,132,24,1,77,201,128,0,0,0,0,0,0,0
100.604393,100.568275,133,189,16,128,24,1,58,201,0,0,0,0,0,0,0,0
100.879120,100.852364,133,185,16,122,24,1,50,201,0,0,0,0,0,0,0,0
101.153847,101.108521,133,172,15,115,32,1,56,201,128,0,0,0,0,0,0,0
101.373627,101.339607,133,170,14,110,35,1,39,201,0,0,0,0,0,0,0,0
101.648354,101.623581,133,162,13,104,36,1,42,202,128,0,0,0,0,0,0,0
101.923080,101.879684,133,157,12,95,70,1,26,201,0,0,0,0,0,0,0,0
102.142860,102.108276,133,157,12,95,70,1,26,201,0,0,0,0,0,0,0,0
102.417580,102.390152,133,148,12,88,70,1,28,201,0,0,0,0,0,0,0,0
102.637360,102.617355,133,143,12,89,71,1,18,201,0,0,0,0,0,0,0,0
102.912086,102.873413,133,143,11,87,60,1,45,201,0,0,0,0,0,0,0,0
103.186813,103.155029,133,141,11,89,39,1,56,201,0,0,0,0,0,0,0,0
103.406593,103.382698,132,142,12,96,39,1,71,200,0,0,0,0,0,0,0,0
103.681320,103.649399,133,144,13,99,39,1,71,200,0,0,0,0,0,0,0,0
103.956047,103.917885,132,145,11,97,63,1,65,200,128,0,0,0,0,0,0,0
104.230766,104.200325,132,145,11,93,64,1,63,200,0,0,0,0,0,0,0,0
104.450546,104.428352,132,146,12,97,64,2,59,200,128,0,0,0,0,0,0,0
104.725273,104.683731,133,148,13,99,64,1,74,201,0,0,0,0,0,0,0,0
105.000000,104.967712,133,146,13,98,64,2,57,200,128,0,0,0,0,0,0,0
105.219780,105.196198,132,147,13,101,64,1,78,200,0,0,0,0,0,0,0,0
105.494507,105.451431,133,148,13,94,64,1,62,201,128,0,0,0,0,0,0,0
105.769234,105.733353,133,145,11,87,65,1,62,200,128,0,0,0,0,0,0,0
105.989014,105.961227,131,145,11,85,68,1,61,201,0,0,0,0,0,0,0,0
106.263733,106.216263,132,146,13,97,87,1,62,201,128,0,0,0,0,0,0,0
106.538460,106.500999,132,143,12,94,81,1,44,201,0,0,0,0,0,0,0,0
106.813187,106.773170,132,146,12,95,81,1,44,201,0,0,0,0,0,0,0,0
107.087914,107.041000,133,146,11,94,45,1,78,201,0,0,0,0,0,0,0,0
107.307693,107.269028,132,143,12,90,71,1,74,201,128,0,0,0,0,0,0,0
107.582420,107.551361,133,142,12,89,81,2,62,200,0,0,0,0,0,0,0,0
107.802200,107.779228,132,141,12,93,85,1,51,201,128,0,0,0,0,0,0,0
108.076920,108.039124,133,139,11,86,102,1,48,201,0,0,0,0,0,0,0,0
108.351646,108.320999,133,139,11,92,96,1,37,201,128,0,0,0,0,0,0,0
108.571426,108.548561,132,139,11,83,94,1,46,195,128,0,0,0,0,0,0,0
108.846153,108.802773,133,137,10,82,70,1,46,195,128,0,0,0,0,0,0,0
109.120880,109.086899,133,139,12,90,70,1,70,200,128,0,0,0,0,0,0,0
109.395607,109.356667,133,138,11,86,70,1,70,200,128,0,0,0,0,0,0,0
109.670326,109.626945,133,140,13,98,84,2,53,201,128,0,0,0,0,0,0,0
109.890106,109.854385,132,138,11,87,78,1,40,200,128,0,0,0,0,0,0,0
110.164833,110.137619,132,140,12,94,73,1,63,200,128,0,0,0,0,0,0,0
110.439560,110.392540,133,140,11,87,72,2,60,201,0,0,0,0,0,0,0,0
110.659340,110.621948,133,141,12,97,72,1,60,201,0,0,0,0,0,0,0,0
110.934067,110.903778,133,142,11,93,67,1,60,201,0,0,0,0,0,0,0,0
111.208794,111.131241,133,142,12,96,55,1,69,201,0,0,0,0,0,0,0,0
111.428574,111.385757,132,142,12,96,55,1,69,201,0,0,0,0,0,0,0,0
111.703300,111.676537,132,140,12,91,72,1,74,200,0,0,0,0,0,0,0,0
111.978020,111.949432,133,142,12,96,79,1,74,200,128,0,0,0,0,0,0,0
112.252747,112.221504,133,142,12,96,79,1,74,200,128,0,0,0,0,0,0,0
112.527473,112.493423,133,139,12,96,79,1,74,200,128,0,0,0,0,0,0,0
112.802200,112.766205,132,138,11,90,92,1,62,193,0,0,0,0,0,0,0,0
113.076920,113.032234,133,137,11,85,103,1,42,201,128,0,0,0,0,0,0,0
113.296700,113.259499,133,137,11,88,103,1,40,196,128,0,0,0,0,0,0,0
113.571426,113.542908,133,136,11,85,95,1,49,201,128,0,0,0,0,0,0,0
113.846153,113.797424,133,137,11,85,91,1,46,202,128,0,0,0,0,0,0,0
114.065933,114.027603,133,137,11,87,70,1,59,200,0,0,0,0,0,0,0,0
114.340660,114.310036,132,137,11,78,67,1,62,201,128,0,0,0,0,0,0,0
114.615387,114.565834,132,136,12,94,88,1,56,199,0,0,0,0,0,0,0,0
114.835167,114.793709,133,139,11,92,83,1,48,202,128,0,0,0,0,0,0,0
115.109894,115.076302,132,138,12,89,64,1,63,201,0,0,0,0,0,0,0,0
115.329674,115.304222,133,145,12,99,38,1,70,202,128,0,0,0,0,0,0,0
115.604393,115.558792,132,145,12,99,38,1,70,202,128,0,0,0,0,0,0,0
115.879120,115.840973,132,146,12,99,38,1,70,202,128,0,0,0,0,0,0,0
116.153847,116.072578,133,145,11,91,61,1,76,200,128,0,0,0,0,0,0,0
116.373627,116.344803,133,144,11,93,82,1,64,201,128,0,0,0,0,0,0,0
116.648354,116.614372,133,144,13,98,98,1,34,200,128,0,0,0,0,0,0,0
116.923080,116.897476,132,145,13,98,95,1,49,201,0,0,0,0,0,0,0,0
117.197800,117.153069,134,144,12,93,89,2,47,201,128,0,0,0,0,0,0,0
117.417580,117.380432,133,144,13,93,50,1,70,201,0,0,0,0,0,0,0,0
117.692307,117.665527,132,144,12,98,50,1,63,201,128,0,0,0,0,0,0,0
117.967033,117.919998,132,146,12,97,63,1,70,201,128,0,0,0,0,0,0,0
118.186813,118.147049,132,146,12,97,63,1,70,201,128,0,0,0,0,0,0,0
118.461540,118.429123,132,143,12,90,69,1,56,201,128,0,0,0,0,0,0,0
118.736267,118.688454,132,142,11,85,69,1,45,201,0,0,0,0,0,0,0,0
119.010986,118.961037,133,141,12,91,88,2,26,201,0,0,0,0,0,0,0,0
119.285713,119.233620,133,142,13,101,75,1,56,200,128,0,0,0,0,0,0,0
119.560440,119.478745,132,141,11,86,49,1,55,200,128,0,0,0,0,0,0,0
119.780220,119.751526,131,142,13,97,49,1,75,200,128,0,0,0,0,0,0,0
120.054947,120.024002,132,144,12,92,52,1,74,200,128,0,0,0,0,0,0,0
120.329674,120.279083,132,144,11,90,51,1,78,200,0,0,0,0,0,0,0,0
120.604393,120.561981,133,143,12,94,52,1,60,200,128,0,0,0,0,0,0,0
120.824173,120.789505,132,145,12,96,63,1,69,201,0,0,0,0,0,0,0,0
121.098900,121.046318,132,145,12,96,63,1,69,201,0,0,0,0,0,0,0,0
121.373627,121.339973,132,146,13,97,67,1,61,201,0,0,0,0,0,0,0,0
121.648354,121.594902,132,147,12,99,65,1,63,201,0,0,0,0,0,0,0,0
121.868134,121.822662,132,141,12,90,64,1,53,201,128,0,0,0,0,0,0,0
122.142860,122.104744,133,143,13,98,81,2,51,201,0,0,0,0,0,0,0,0
122.417580,122.365097,133,144,12,90,75,2,38,201,128,0,0,0,0,0,0,0
122.637360,122.592918,133,143,11,90,61,1,56,201,0,0,0,0,0,0,0,0
122.912086,122.875816,133,144,12,99,61,1,51,201,128,0,0,0,0,0,0,0
123.131866,123.103691,133,146,12,98,52,1,69,201,0,0,0,0,0,0,0,0
123.406593,123.361229,133,150,14,106,48,1,56,201,128,0,0,0,0,0,0,0
123.681320,123.643867,133,150,12,101,23,1,83,201,0,0,0,0,0,0,0,0
123.901100,123.870819,133,149,12,98,22,1,90,201,0,0,0,0,0,0,0,0
124.175827,124.126160,133,150,14,106,48,1,70,200,128,0,0,0,0,0,0,0
124.450546,124.408752,132,153,13,104,54,1,57,200,0,0,0,0,0,0,0,0
124.670326,124.637848,132,149,12,93,58,1,54,201,128,0,0,0,0,0,0,0
124.945053,124.896927,132,146,11,93,60,1,50,201,0,0,0,0,0,0,0,0
125.219780,125.188164,133,147,13,96,60,2,52,201,128,0,0,0,0,0,0,0
125.494507,125.443344,133,146,11,91,60,1,63,201,0,0,0,0,0,0,0,0
125.714287,125.670090,132,148,12,97,60,1,51,200,128,0,0,0,0,0,0,0
125.989014,125.953300,133,147,12,98,60,1,64,202,0,0,0,0,0,0,0,0
126.263733,126.210533,133,146,11,94,61,1,54,201,0,0,0,0,0,0,0,0
126.483513,126.438095,133,149,13,101,60,1,63,202,128,0,0,0,0,0,0,0
126.758240,126.720741,133,146,12,97,60,1,69,202,0,0,0,0,0,0,0,0
127.032967,126.948814,133,146,14,103,63,1,66,200,128,0,0,0,0,0,0,0
127.252747,127.215103,133,148,12,95,63,1,73,201,0,0,0,0,0,0,0,0
127.527473,127.497849,132,146,12,95,72,2,47,200,128,0,0,0,0,0,0,0
127.802200,127.752213,132,145,13,101,72,1,62,201,128,0,0,0,0,0,0,0
128.021973,127.979469,133,147,13,100,70,1,62,201,128,0,0,0,0,0,0,0
128.296707,128.241714,132,146,12,93,60,1,57,202,0,0,0,0,0,0,0,0
128.571426,128.541702,133,148,13,101,45,1,63,201,128,0,0,0,0,0,0,0
128.846161,128.796936,133,149,13,97,48,1,64,202,128,0,0,0,0,0,0,0
129.065933,129.024261,133,150,13,102,39,1,70,201,128,0,0,0,0,0,0,0
129.340652,129.306900,133,151,13,101,63,1,57,201,0,0,0,0,0,0,0,0
129.615387,129.564224,133,150,13,97,63,1,49,201,0,0,0,0,0,0,0,0
129.835159,129.791229,133,151,13,98,63,1,51,201,128,0,0,0,0,0,0,0
130.109894,130.073929,133,148,13,98,64,1,62,201,128,0,0,0,0,0,0,0
130.384613,130.329773,133,150,13,104,63,1,47,201,128,0,0,0,0,0,0,0
130.604401,130.570953,133,151,13,104,63,1,66,200,0,0,0,0,0,0,0,0
130.879120,130.843018,133,151,13,104,63,1,66,200,0,0,0,0,0,0,0,0
131.153839,131.101166,133,148,11,93,63,2,61,200,0,0,0,0,0,0,0,0
131.428574,131.383453,133,128,11,93,63,2,61,200,0,0,0,0,0,0,0,0
131.648346,131.611130,133,152,13,101,63,1,49,201,128,0,0,0,0,0,0,0
131.923080,131.866669,133,153,14,106,63,1,58,201,128,0,0,0,0,0,0,0
132.197800,132.162415,132,153,13,106,63,1,56,201,128,0,0,0,0,0,0,0
132.472534,132.418671,133,156,15,112,64,1,61,201,0,0,0,0,0,0,0,0
132.692307,132.647415,133,156,13,106,63,1,40,201,128,0,0,0,0,0,0,0
132.967026,132.930557,133,159,14,114,64,1,60,201,0,0,0,0,0,0,0,0
133.241760,133.188507,133,159,14,114,64,1,56,201,0,0,0,0,0,0,0,0
133.516479,133.461548,132,162,14,118,63,1,59,201,0,0,0,0,0,0,0,0
133.736267,133.691879,132,162,14,118,63,1,59,200,0,0,0,0,0,0,0,0
134.010986,133.976517,133,165,15,122,64,1,57,201,128,0,0,0,0,0,0,0
134.285721,134.232635,133,170,16,122,64,1,62,201,0,0,0,0,0,0,0,0
134.505493,134.461197,133,170,17,130,64,1,70,201,0,0,0,0,0,0,0,0
134.780212,134.732162,133,181,18,141,64,1,63,200,0,0,0,0,0,0,0,0
135.054947,135.006271,133,183,17,137,64,1,70,201,128,0,0,0,0,0,0,0
135.329666,135.289795,133,183,18,140,64,1,56,201,128,0,0,0,0,0,0,0
135.604401,135.546555,133,188,17,133,63,1,69,201,0,0,0,0,0,0,0,0
135.824173,135.774323,133,188,17,137,64,1,68,201,0,0,0,0,0,0,0,0
136.098907,136.060196,133,187,17,136,64,1,59,201,128,0,0,0,0,0,0,0
136.373627,136.332123,133,189,18,138,64,1,80,201,128,0,0,0,0,0,0,0
136.648346,136.595840,133,192,19,149,63,1,68,200,128,0,0,0,0,0,0,0
136.868134,136.824432,133,197,19,146,64,1,80,202,128,0,0,0,0,0,0,0
137.142853,137.109482,133,195,18,140,64,1,75,201,128,0,0,0,0,0,0,0
137.417587,137.365234,133,194,18,145,64,1,75,201,128,0,0,0,0,0,0,0
137.692307,137.604919,132,194,19,148,64,1,69,201,0,0,0,0,0,0,0,0
137.912094,137.870499,133,193,18,144,64,1,63,202,128,0,0,0,0,0,0,0
138.186813,138.154160,133,193,18,145,64,1,57,200,0,0,0,0,0,0,0,0
138.461533,138.411087,133,192,17,137,63,1,59,202,128,0,0,0,0,0,0,0
138.681320,138.639923,132,190,17,139,64,1,55,201,0,0,0,0,0,0,0,0
138.956039,138.897675,133,190,18,145,64,1,56,201,0,0,0,0,0,0,0,0
139.230774,139.180878,133,189,18,138,64,1,59,201,128,0,0,0,0,0,0,0
139.450546,139.409927,133,189,18,139,63,1,52,201,0,0,0,0,0,0,0,0
139.725281,139.666855,133,188,17,133,64,1,54,201,128,0,0,0,0,0,0,0
140.000000,139.961975,132,185,17,135,64,1,56,201,0,0,0,0,0,0,0,0
140.274719,140.220383,133,183,17,134,63,1,54,201,128,0,0,0,0,0,0,0
140.494507,140.449432,133,184,17,135,64,1,50,201,0,0,0,0,0,0,0,0
140.769226,140.733002,133,185,17,135,64,1,52,201,0,0,0,0,0,0,0,0
141.043961,140.988647,133,187,17,131,64,1,41,201,0,0,0,0,0,0,0,0
141.318680,141.259903,132,185,17,135,64,1,47,201,128,0,0,0,0,0,0,0
141.593399,141.534531,133,186,18,142,64,1,54,201,0,0,0,0,0,0,0,0
141.813187,141.778976,133,191,18,142,64,1,53,201,128,0,0,0,0,0,0,0
142.087906,142.035599,133,194,19,157,64,1,60,201,0,0,0,0,0,0,0,0
142.362640,142.318451,133,198,19,157,64,1,60,201,0,0,0,0,0,0,0,0
142.582413,142.547440,133,201,20,150,64,1,61,201,128,0,0,0,0,0,0,0
142.857147,142.806198,133,203,20,157,64,1,73,201,0,0,0,0,0,0,0,0
143.131866,143.089462,133,207,20,159,64,1,67,201,128,0,0,0,0,0,0,0
143.406601,143.345901,133,211,22,165,64,1,70,201,0,0,0,0,0,0,0,0
143.626373,143.574417,90,161,0,5,31,34,64,201,128,0,0,0,0,0,0,0
143.901093,143.857208,133,215,21,163,64,1,60,201,0,0,0,0,0,0,0,0
144.120880,144.085236,133,218,21,168,64,2,79,201,0,0,0,0,0,0,0,0
144.395599,144.342102,132,217,21,166,64,1,59,201,128,0,0,0,0,0,0,0
144.670334,144.625626,133,217,21,168,64,1,70,201,0,0,0,0,0,0,0,0
144.890106,144.854614,133,218,21,170,64,1,67,201,128,0,0,0,0,0,0,0
145.164841,145.110260,133,221,22,173,64,1,73,202,128,0,0,0,0,0,0,0
145.439560,145.393463,133,222,22,169,64,1,65,201,128,0,0,0,0,0,0,0
145.714279,145.654236,133,221,22,175,64,1,74,202,0,0,0,0,0,0,0,0
145.934067,145.893768,133,224,23,178,64,1,64,201,128,0,0,0,0,0,0,0
146.208786,146.150436,132,226,22,177,64,2,61,201,0,0,0,0,0,0,0,0
146.483521,146.434158,133,227,23,180,64,1,52,201,128,0,0,0,0,0,0,0
146.703293,146.662689,133,226,22,175,64,1,60,201,0,0,0,0,0,0,0,0
146.978027,146.920578,133,227,23,178,64,1,34,201,0,0,0,0,0,0,0,0
147.252747,147.204254,133,227,21,168,64,2,45,201,128,0,0,0,0,0,0,0
147.472534,147.432999,133,229,22,177,64,2,52,201,0,0,0,0,0,0,0,0
147.747253,147.689255,133,227,24,186,64,2,49,201,128,0,0,0,0,0,0,0
148.021973,147.961227,133,231,23,185,64,1,63,201,0,0,0,0,0,0,0,0
148.296707,148.234573,133,232,24,189,63,1,56,201,0,0,0,0,0,0,0,0
148.571426,148.508331,133,238,24,194,64,1,66,201,0,0,0,0,0,0,0,0
148.846161,148.793381,133,240,24,191,64,1,55,201,0,0,0,0,0,0,0,0
149.065933,149.021866,133,240,24,191,64,1,55,201,0,0,0,0,0,0,0,0
149.340652,149.278336,133,246,25,195,63,1,67,201,128,0,0,0,0,0,0,0
149.615387,149.561584,134,250,26,206,64,1,65,201,0,0,0,0,0,0,0,0
149.890106,149.833511,133,250,25,198,64,2,69,201,0,0,0,0,0,0,0,0
150.109894,150.064850,133,251,26,203,64,1,65,201,128,0,0,0,0,0,0,0
150.384613,150.321121,133,255,27,205,64,1,64,201,0,0,0,0,0,0,0,0
150.659348,150.604675,133,255,26,205,64,1,94,201,128,0,0,0,0,0,0,0
150.879120,150.833984,133,255,27,210,64,1,67,201,0,0,0,0,0,0,0,0
151.153839,151.105133,133,255,27,213,64,1,67,201,0,0,0,0,0,0,0,0
151.428574,151.376022,133,255,26,201,63,1,65,201,0,0,0,0,0,0,0,0
151.703293,151.659393,133,255,26,201,63,1,68,201,0,0,0,0,0,0,0,0
151.978027,151.915192,133,255,26,209,64,1,57,201,0,0,0,0,0,0,0,0
152.197800,152.144699,133,254,25,200,64,1,56,202,128,0,0,0,0,0,0,0
152.472534,152.430008,133,255,26,207,64,1,50,201,128,0,0,0,0,0,0,0
152.747253,152.704071,133,252,25,194,64,1,51,201,0,0,0,0,0,0,0,0
153.021973,152.966614,133,253,25,194,64,2,43,201,128,0,0,0,0,0,0,0
153.241760,153.195313,133,252,25,202,64,2,49,201,0,0,0,0,0,0,0,0
153.516479,153.478165,133,254,26,202,64,2,49,201,0,0,0,0,0,0,0,0
153.791214,153.733749,133,254,26,205,64,1,54,201,0,0,0,0,0,0,0,0
154.065933,154.001221,133,254,26,202,64,1,52,201,128,0,0,0,0,0,0,0
154.285721,154.232513,133,255,27,211,64,1,74,201,0,0,0,0,0,0,0,0
154.560440,154.515778,133,255,27,211,64,1,74,201,0,0,0,0,0,0,0,0
154.835159,154.772644,133,255,27,210,64,1,69,201,0,0,0,0,0,0,0,0
155.054947,155.001236,133,255,26,208,64,2,62,201,0,0,0,0,0,0,0,0
155.329666,155.287109,133,255,27,213,64,1,60,201,0,0,0,0,0,0,0,0
155.604401,155.543259,133,255,26,205,64,1,69,201,0,0,0,0,0,0,0,0
155.824173,155.771484,133,255,26,208,64,1,70,201,0,0,0,0,0,0,0,0
156.098907,156.056686,133,255,27,213,64,2,70,201,0,0,0,0,0,0,0,0
156.373627,156.317505,133,255,26,206,64,1,78,201,128,0,0,0,0,0,0,0
156.593399,156.545685,132,255,26,206,64,1,71,200,128,0,0,0,0,0,0,0
156.868134,156.803162,133,255,25,202,64,1,63,202,128,0,0,0,0,0,0,0
157.142853,157.086060,133,255,25,210,64,1,79,201,128,0,0,0,0,0,0,0
157.362640,157.317368,133,254,25,200,64,2,72,201,0,0,0,0,0,0,0,0
157.637360,157.573212,133,251,25,197,64,1,62,201,0,0,0,0,0,0,0,0
157.912094,157.856018,133,245,24,192,64,1,50,201,128,0,0,0,0,0,0,0
158.186813,158.091614,133,241,23,183,64,1,63,201,128,0,0,0,0,0,0,0
158.406601,158.359695,132,239,23,178,64,2,50,201,0,0,0,0,0,0,0,0
158.681320,158.616364,133,238,23,186,64,2,48,201,128,0,0,0,0,0,0,0
158.956039,158.898956,133,238,23,186,64,2,48,201,128,0,0,0,0,0,0,0
159.175827,159.127136,133,231,22,180,64,1,45,201,128,0,0,0,0,0,0,0
159.450546,159.389069,133,228,22,180,64,1,45,201,128,0,0,0,0,0,0,0
159.725281,159.662003,133,225,22,172,63,1,45,201,128,0,0,0,0,0,0,0
160.000000,159.935562,133,227,23,176,64,1,55,201,0,0,0,0,0,0,0,0
160.274719,160.209686,133,226,22,168,64,1,50,201,128,0,0,0,0,0,0,0
160.549454,160.483749,133,226,23,175,64,2,69,201,0,0,0,0,0,0,0,0
160.824173,160.776993,133,227,23,175,64,1,52,202,128,0,0,0,0,0,0,0
161.098907,161.032364,133,227,23,182,64,2,49,202,128,0,0,0,0,0,0,0
161.318680,161.263519,133,233,23,189,64,1,60,201,0,0,0,0,0,0,0,0
161.593399,161.547546,133,234,23,184,64,1,55,201,128,0,0,0,0,0,0,0
161.868134,161.806778,133,237,24,189,64,1,58,201,0,0,0,0,0,0,0,0
162.087906,162.034897,133,237,24,191,64,1,61,201,0,0,0,0,0,0,0,0
162.362640,162.318008,133,241,24,192,64,1,69,201,0,0,0,0,0,0,0,0
162.637360,162.574524,133,242,24,188,64,1,74,201,128,0,0,0,0,0,0,0
162.857147,162.802856,133,243,25,196,64,1,79,201,0,0,0,0,0,0,0,0
163.131866,163.086319,132,246,25,199,64,1,68,201,0,0,0,0,0,0,0,0
163.406601,163.342209,132,249,25,199,64,1,82,201,0,0,0,0,0,0,0,0
163.626373,163.574692,133,246,25,195,64,1,57,202,0,0,0,0,0,0,0,0
163.901093,163.841949,132,244,24,188,64,2,84,201,128,0,0,0,0,0,0,0
164.175827,164.125671,133,240,24,181,64,2,78,201,0,0,0,0,0,0,0,0
164.395599,164.353745,133,238,24,186,64,1,61,201,128,0,0,0,0,0,0,0
164.670334,164.610870,133,238,22,173,64,1,75,201,0,0,0,0,0,0,0,0
164.945053,164.896378,132,232,23,180,64,1,72,201,128,0,0,0,0,0,0,0
165.219788,165.153259,133,231,22,178,64,2,72,201,0,0,0,0,0,0,0,0
165.439560,165.382401,133,231,24,183,63,1,69,202,128,0,0,0,0,0,0,0
165.714279,165.665558,133,228,22,169,64,1,61,201,128,0,0,0,0,0,0,0
165.989014,165.922180,133,219,20,157,65,1,57,201,0,0,0,0,0,0,0,0
166.208786,166.151169,133,215,21,163,64,1,50,201,128,0,0,0,0,0,0,0
166.483521,166.433914,133,215,20,157,64,2,63,201,128,0,0,0,0,0,0,0
166.758240,166.697235,133,208,19,146,64,1,49,201,128,0,0,0,0,0,0,0
166.978027,166.930588,132,208,19,154,64,1,45,202,0,0,0,0,0,0,0,0
167.252747,167.186234,133,203,19,152,64,1,48,201,0,0,0,0,0,0,0,0
167.527466,167.469742,133,204,19,149,64,1,48,201,128,0,0,0,0,0,0,0
167.747253,167.697311,133,198,19,142,64,2,41,201,128,0,0,0,0,0,0,0
168.021973,167.966202,133,197,18,145,64,1,49,201,128,0,0,0,0,0,0,0
168.296707,168.239716,133,195,18,145,64,1,46,201,128,0,0,0,0,0,0,0
168.571426,168.502930,133,192,18,144,64,1,63,201,0,0,0,0,0,0,0,0
168.846161,168.785980,133,192,18,144,64,1,63,201,0,0,0,0,0,0,0,0
169.065933,169.014618,133,194,19,149,64,1,66,201,128,0,0,0,0,0,0,0
169.340652,169.270416,132,195,18,144,64,1,67,202,0,0,0,0,0,0,0,0
169.615387,169.565659,133,197,18,149,64,1,68,201,128,0,0,0,0,0,0,0
169.890106,169.825653,133,197,19,146,64,1,74,202,128,0,0,0,0,0,0,0
170.109894,170.053879,132,196,18,144,64,1,78,200,128,0,0,0,0,0,0,0
170.384613,170.336823,133,196,18,145,64,2,66,200,0,0,0,0,0,0,0,0
170.659348,170.593079,133,194,18,141,64,1,72,201,128,0,0,0,0,0,0,0
170.934067,170.835083,133,196,18,145,64,1,66,201,128,0,0,0,0,0,0,0
171.153839,171.104599,133,196,18,142,64,1,71,202,0,0,0,0,0,0,0,0
171.428574,171.360748,132,193,18,140,64,1,72,200,128,0,0,0,0,0,0,0
171.703293,171.644775,133,192,18,137,64,1,72,201,0,0,0,0,0,0,0,0
171.923080,171.874176,133,186,17,134,64,1,64,201,128,0,0,0,0,0,0,0
172.197800,172.134735,133,185,17,130,64,1,70,201,0,0,0,0,0,0,0,0
172.472534,172.427872,133,179,16,126,64,1,51,201,128,0,0,0,0,0,0,0
172.747253,172.684845,133,177,16,125,64,1,61,202,0,0,0,0,0,0,0,0
172.967026,172.913437,133,175,15,122,64,1,51,202,128,0,0,0,0,0,0,0
173.241760,173.197052,133,174,16,122,64,1,51,201,0,0,0,0,0,0,0,0
173.516479,173.456268,133,169,15,115,64,1,54,201,128,0,0,0,0,0,0,0
173.736267,173.684601,132,168,14,117,65,1,49,201,128,0,0,0,0,0,0,0
174.010986,173.940964,133,166,14,113,64,1,51,201,0,0,0,0,0,0,0,0
174.285721,174.231339,132,163,14,114,64,1,48,200,128,0,0,0,0,0,0,0
174.560440,174.496353,133,162,14,109,64,1,44,201,0,0,0,0,0,0,0,0
174.780212,174.724884,133,164,15,114,64,1,50,201,128,0,0,0,0,0,0,0
175.054947,175.008301,133,166,14,114,64,1,46,201,0,0,0,0,0,0,0,0
175.329666,175.264053,133,161,14,108,64,1,48,201,0,0,0,0,0,0,0,0
175.549454,175.494522,132,162,15,116,64,1,51,201,0,0,0,0,0,0,0,0
175.824173,175.778137,133,163,15,116,64,1,53,201,0,0,0,0,0,0,0,0
176.098907,176.035110,133,166,16,125,64,1,50,201,128,0,0,0,0,0,0,0
176.373627,176.272705,133,168,16,122,64,1,65,201,0,0,0,0,0,0,0,0
176.593399,176.531418,133,173,17,132,64,1,55,201,128,0,0,0,0,0,0,0
176.868134,176.815353,133,175,16,127,64,1,78,200,0,0,0,0,0,0,0,0
177.142853,177.071915,133,178,18,140,64,1,79,201,128,0,0,0,0,0,0,0
177.362640,177.300964,132,182,17,133,64,1,81,201,0,0,0,0,0,0,0,0
177.637360,177.572678,132,182,17,133,64,1,81,201,0,0,0,0,0,0,0,0
177.912094,177.841629,133,188,18,142,64,2,81,200,0,0,0,0,0,0,0,0
178.186813,178.124481,133,188,18,142,64,1,74,201,0,0,0,0,0,0,0,0
178.406601,178.352646,133,191,17,140,64,1,80,201,0,0,0,0,0,0,0,0
178.681320,178.609116,133,186,17,128,64,1,79,200,128,0,0,0,0,0,0,0
178.956039,178.896729,133,186,17,128,64,1,79,200,128,0,0,0,0,0,0,0
179.230774,179.166382,132,184,17,134,64,1,56,201,0,0,0,0,0,0,0,0
179.450546,179.394714,133,180,16,126,64,1,74,201,128,0,0,0,0,0,0,0
179.725281,179.651138,133,180,16,126,64,1,74,201,128,0,0,0,0,0,0,0
180.000000,179.934540,133,171,16,126,64,1,74,201,128,0,0,0,0,0,0,0
180.219788,180.167587,133,166,14,113,64,1,58,201,0,0,0,0,0,0,0,0
180.494507,180.441238,133,164,14,109,64,1,71,200,128,0,0,0,0,0,0,0
180.769226,180.712997,133,160,13,109,64,1,50,201,0,0,0,0,0,0,0,0
181.043961,180.996262,133,156,13,100,64,1,59,201,0,0,0,0,0,0,0,0
181.318680,181.252823,133,153,12,95,64,1,45,200,0,0,0,0,0,0,0,0
181.538467,181.481110,132,150,12,93,64,1,53,201,128,0,0,0,0,0,0,0
181.813187,181.738541,128,144,12,94,68,1,43,194,0,0,0,0,0,0,0,0
182.087906,182.022217,133,142,11,92,91,1,34,200,0,0,0,0,0,0,0,0
182.307693,182.250031,132,141,11,85,87,1,31,201,128,0,0,0,0,0,0,0
182.582413,182.532578,133,138,10,82,71,1,38,201,0,0,0,0,0,0,0,0
182.857147,182.787704,131,136,11,87,69,2,40,201,128,0,0,0,0,0,0,0
183.076920,183.014450,131,136,11,87,69,2,40,201,128,0,0,0,0,0,0,0
183.351654,183.282379,133,140,10,88,40,1,61,201,128,0,0,0,0,0,0,0
183.626373,183.554337,132,140,10,88,40,1,61,201,128,0,0,0,0,0,0,0
183.901093,183.845688,133,148,14,105,40,1,61,201,128,0,0,0,0,0,0,0
184.175827,184.100769,133,148,13,101,38,1,76,201,0,0,0,0,0,0,0,0
184.395599,184.328430,132,150,13,102,39,1,65,201,0,0,0,0,0,0,0,0
184.670334,184.610870,133,154,13,109,38,1,65,200,128,0,0,0,0,0,0,0
184.945053,184.869644,133,157,14,109,37,1,61,200,0,0,0,0,0,0,0,0
185.164841,185.098694,133,158,14,106,36,1,75,201,128,0,0,0,0,0,0,0
185.439560,185.382553,133,159,14,108,35,1,71,202,0,0,0,0,0,0,0,0
185.714279,185.639282,133,155,14,99,35,1,65,201,128,0,0,0,0,0,0,0
185.934067,185.872421,134,157,14,108,34,1,58,201,128,0,0,0,0,0,0,0
186.208786,186.145721,133,158,15,108,34,1,58,201,128,0,0,0,0,0,0,0
186.483521,186.410416,133,159,14,110,48,1,65,201,128,0,0,0,0,0,0,0
186.758240,186.694046,133,160,14,111,48,1,70,201,0,0,0,0,0,0,0,0
186.978027,186.922836,133,158,14,108,48,1,68,202,128,0,0,0,0,0,0,0
187.252747,187.179810,133,158,13,106,48,1,59,201,0,0,0,0,0,0,0,0
187.527466,187.465836,133,156,13,106,48,1,70,202,128,0,0,0,0,0,0,0
187.747253,187.694473,133,155,13,107,48,1,70,200,0,0,0,0,0,0,0,0
188.021973,187.950272,133,155,13,101,48,1,54,201,0,0,0,0,0,0,0,0
188.296707,188.233521,133,155,13,101,48,1,54,201,0,0,0,0,0,0,0,0
188.571426,188.496170,133,152,12,98,54,1,48,201,128,0,0,0,0,0,0,0
188.846161,188.740326,133,151,13,98,54,1,48,201,128,0,0,0,0,0,0,0
189.065933,189.012650,132,149,12,100,54,1,55,201,128,0,0,0,0,0,0,0
189.340652,189.272842,133,150,13,99,55,1,53,201,0,0,0,0,0,0,0,0
189.615387,189.554367,133,150,13,99,55,1,53,201,0,0,0,0,0,0,0,0
189.835159,189.782181,133,150,13,104,54,1,50,201,128,0,0,0,0,0,0,0
190.109894,190.036499,133,150,13,101,54,1,50,201,128,0,0,0,0,0,0,0
190.384613,190.332764,133,153,14,104,54,1,59,201,128,0,0,0,0,0,0,0
190.659348,190.602066,133,154,14,104,54,1,59,201,0,0,0,0,0,0,0,0
190.934067,190.857956,133,156,14,109,54,1,64,201,128,0,0,0,0,0,0,0
191.153839,191.086548,132,158,14,110,54,1,55,201,128,0,0,0,0,0,0,0
191.428574,191.369354,132,160,14,110,54,1,55,201,128,0,0,0,0,0,0,0
191.703293,191.629181,133,163,15,118,54,1,60,201,128,0,0,0,0,0,0,0
191.923080,191.867493,132,164,15,114,54,1,67,200,128,0,0,0,0,0,0,0
192.197800,192.123352,132,165,14,118,54,1,69,201,128,0,0,0,0,0,0,0
192.472534,192.405991,132,165,14,118,54,1,69,201,128,0,0,0,0,0,0,0
192.692307,192.633957,132,170,15,122,54,1,64,201,128,0,0,0,0,0,0,0
192.967026,192.898514,133,169,14,117,54,1,64,201,128,0,0,0,0,0,0,0
193.241760,193.171661,133,167,15,117,54,1,55,201,128,0,0,0,0,0,0,0
193.516479,193.443161,133,165,15,117,54,1,59,201,0,0,0,0,0,0,0,0
193.791214,193.726990,132,167,15,121,54,1,52,201,128,0,0,0,0,0,0,0
194.010986,193.954910,132,168,15,118,54,1,62,201,128,0,0,0,0,0,0,0
194.285721,194.211365,133,166,15,115,54,1,55,201,0,0,0,0,0,0,0,0
194.560440,194.497559,132,166,14,113,54,1,53,200,128,0,0,0,0,0,0,0
194.835159,194.756226,132,165,15,116,54,1,64,201,0,0,0,0,0,0,0,0
195.054947,194.984192,132,166,15,116,54,1,66,201,0,0,0,0,0,0,0,0
195.329666,195.267242,133,166,15,117,54,1,59,201,0,0,0,0,0,0,0,0
195.604401,195.496140,133,166,15,114,55,1,70,201,128,0,0,0,0,0,0,0
195.824173,195.768051,133,165,14,115,54,2,69,201,0,0,0,0,0,0,0,0
196.098907,196.024002,132,166,14,115,55,1,65,202,128,0,0,0,0,0,0,0
196.373627,196.307739,132,166,15,114,54,1,76,201,0,0,0,0,0,0,0,0
196.593399,196.536362,133,166,15,120,53,1,70,202,128,0,0,0,0,0,0,0
196.868134,196.794617,133,165,14,112,54,1,69,202,0,0,0,0,0,0,0,0
197.142853,197.065155,132,163,14,112,54,1,69,202,0,0,0,0,0,0,0,0
197.417587,197.337738,133,162,13,105,54,1,63,201,0,0,0,0,0,0,0,0
197.692307,197.620834,133,160,14,110,54,1,67,201,128,0,0,0,0,0,0,0
197.912094,197.849686,133,160,13,105,54,1,74,201,128,0,0,0,0,0,0,0
198.186813,198.132690,133,158,13,101,54,1,72,201,128,0,0,0,0,0,0,0
198.461533,198.390732,133,158,13,101,54,1,72,201,128,0,0,0,0,0,0,0
198.736267,198.664078,133,152,12,94,55,1,61,193,0,0,0,0,0,0,0,0
199.010986,198.937225,132,144,11,90,95,1,46,200,128,0,0,0,0,0,0,0
199.230774,199.174011,132,142,11,82,102,1,43,200,0,0,0,0,0,0,0,0
199.505493,199.429337,133,140,11,87,99,1,39,201,128,0,0,0,0,0,0,0
199.780212,199.711472,133,138,11,84,95,1,38,200,128,0,0,0,0,0,0,0
200.000000,199.939453,133,135,11,88,88,1,50,201,0,0,0,0,0,0,0,0
200.274719,200.203583,132,133,9,78,94,1,46,200,0,0,0,0,0,0,0,0
200.549454,200.488373,133,132,10,77,94,1,48,200,0,0,0,0,0,0,0,0
200.824173,200.743408,132,132,10,78,99,1,50,201,128,0,0,0,0,0,0,0
201.043961,200.970520,133,132,11,81,96,1,38,201,128,0,0,0,0,0,0,0
201.318680,201.252899,132,135,11,88,93,1,55,200,0,0,0,0,0,0,0,0
201.593399,201.522354,132,136,11,85,72,1,55,200,0,0,0,0,0,0,0,0
201.868134,201.794998,132,136,10,83,64,1,79,200,128,0,0,0,0,0,0,0
202.142853,202.067886,133,138,11,90,79,2,78,202,0,0,0,0,0,0,0,0
202.362640,202.300369,133,139,12,90,90,1,73,202,128,0,0,0,0,0,0,0
202.637360,202.554932,133,139,11,90,91,1,77,202,128,0,0,0,0,0,0,0
202.912094,202.838242,132,138,10,85,96,1,69,200,128,0,0,0,0,0,0,0
203.131866,203.066116,132,138,10,85,96,1,69,200,128,0,0,0,0,0,0,0
203.406601,203.327850,133,138,10,86,106,1,48,200,0,0,0,0,0,0,0,0
203.681320,203.610031,132,133,10,81,107,1,78,200,128,0,0,0,0,0,0,0
203.901093,203.837997,132,133,10,87,123,1,50,201,0,0,0,0,0,0,0,0
204.175827,204.093338,132,132,10,78,119,1,44,200,128,0,0,0,0,0,0,0
204.450546,204.382278,132,132,10,78,119,1,44,200,128,0,0,0,0,0,0,0
204.725281,204.654144,132,132,10,82,106,1,44,200,128,0,0,0,0,0,0,0
205.000000,204.927399,132,128,10,78,93,2,66,200,0,0,0,0,0,0,0,0
205.219788,205.157166,133,128,9,77,125,1,63,201,128,0,0,0,0,0,0,0
205.494507,205.412033,132,127,9,77,124,1,38,198,128,0,0,0,0,0,0,0
205.769226,205.694992,132,127,9,77,129,1,40,201,128,0,0,0,0,0,0,0
205.989014,205.923004,132,128,10,74,128,1,38,200,128,0,0,0,0,0,0,0
206.263733,206.180756,133,127,11,81,97,1,54,201,0,0,0,0,0,0,0,0
206.538467,206.463348,132,127,10,80,94,1,71,200,128,0,0,0,0,0,0,0
206.758240,206.690598,133,129,10,84,95,1,62,200,128,0,0,0,0,0,0,0
207.032974,206.972687,133,130,11,82,99,1,78,201,128,0,0,0,0,0,0,0
207.307693,207.227249,133,131,11,82,99,1,78,201,128,0,0,0,0,0,0,0
207.527466,207.455170,133,135,11,83,106,1,69,201,0,0,0,0,0,0,0,0
207.802200,207.728424,133,137,11,87,86,1,78,200,128,0,0,0,0,0,0,0
208.076920,208.000961,133,137,12,89,83,1,77,200,0,0,0,0,0,0,0,0
208.351654,208.273590,133,137,10,85,90,1,79,201,128,0,0,0,0,0,0,0
208.626373,208.562424,132,135,11,82,108,1,56,199,0,0,0,0,0,0,0,0
208.901093,208.817856,132,134,11,85,119,1,48,200,128,0,0,0,0,0,0,0
209.120880,209.044861,132,134,11,85,119,1,48,201,128,0,0,0,0,0,0,0
209.395599,209.326431,133,133,10,78,111,1,41,200,128,0,0,0,0,0,0,0
209.670334,209.592773,133,133,10,81,91,1,59,200,0,0,0,0,0,0,0,0
209.945053,209.865662,133,131,11,79,91,1,56,201,128,0,0,0,0,0,0,0
210.164841,210.092712,132,131,11,81,91,2,50,201,128,0,0,0,0,0,0,0
210.439560,210.376083,132,132,10,79,100,1,57,200,128,0,0,0,0,0,0,0
210.714279,210.631363,133,133,10,144,98,1,51,200,128,0,0,0,0,0,0,0
210.934067,210.861221,133,134,10,84,96,1,67,201,0,0,0,0,0,0,0,0
211.208786,211.131210,133,135,11,84,85,1,61,201,128,0,0,0,0,0,0,0
211.483521,211.418503,132,135,11,92,85,1,77,198,0,0,0,0,0,0,0,0
211.758240,211.673538,132,137,11,87,87,1,66,201,128,0,0,0,0,0,0,0
211.978027,211.901001,132,136,11,86,87,1,74,201,0,0,0,0,0,0,0,0
212.252747,212.183945,132,136,11,82,98,1,73,200,128,0,0,0,0,0,0,0
212.527466,212.451660,132,136,11,82,107,1,61,200,0,0,0,0,0,0,0,0
212.747253,212.684357,132,135,10,84,108,1,55,201,128,0,0,0,0,0,0,0
213.021973,212.938766,132,135,10,84,108,1,55,201,128,0,0,0,0,0,0,0
213.296707,213.220947,34,134,11,80,115,1,60,201,128,0,0,0,0,0,0,0
213.516479,213.449280,132,133,10,78,109,1,58,201,128,0,0,0,0,0,0,0
213.791214,213.717514,133,131,10,80,106,1,54,200,0,0,0,0,0,0,0,0
214.065933,213.990143,133,129,10,76,111,1,65,200,128,0,0,0,0,0,0,0
214.340652,214.256378,132,129,10,81,113,1,54,200,0,0,0,0,0,0,0,0
214.615387,214.539383,132,129,11,81,115,1,64,200,128,0,0,0,0,0,0,0
214.835159,214.766907,133,128,10,74,115,1,64,201,0,0,0,0,0,0,0,0
215.109894,215.049850,132,128,11,80,121,1,55,201,128,0,0,0,0,0,0,0
215.384613,215.311935,132,128,10,77,118,1,56,201,0,0,0,0,0,0,0,0
215.659348,215.580475,132,129,10,88,101,1,55,200,128,0,0,0,0,0,0,0
215.879120,215.807068,129,130,10,75,107,1,79,201,128,0,0,0,0,0,0,0
216.153839,216.088593,129,130,10,75,107,1,79,201,128,0,0,0,0,0,0,0
216.428574,216.343414,132,130,10,81,108,1,63,200,128,0,0,0,0,0,0,0
216.648346,216.575287,132,129,10,79,104,1,62,200,0,0,0,0,0,0,0,0
216.923080,216.846176,132,131,11,83,111,1,51,201,128,0,0,0,0,0,0,0
217.197800,217.128967,132,131,11,85,108,1,44,200,0,0,0,0,0,0,0,0
217.417587,217.356796,132,132,11,83,94,1,69,200,128,0,0,0,0,0,0,0
217.692307,217.611725,132,132,11,83,94,1,69,200,128,0,0,0,0,0,0,0
217.967026,217.896667,133,134,10,85,80,1,86,200,128,0,0,0,0,0,0,0
218.241760,218.168640,133,134,10,85,80,1,86,200,128,0,0,0,0,0,0,0
218.516479,218.440552,132,134,11,88,107,1,74,201,128,0,0,0,0,0,0,0
218.736267,218.667343,132,134,10,86,109,1,64,201,128,0,0,0,0,0,0,0
219.010986,218.949738,132,134,10,86,109,1,64,201,128,0,0,0,0,0,0,0
219.285721,219.204514,133,131,10,76,121,1,58,201,128,0,0,0,0,0,0,0
219.505493,219.434479,132,129,9,77,122,1,56,200,0,0,0,0,0,0,0,0
219.780212,219.706711,132,127,10,77,133,1,49,200,0,0,0,0,0,0,0,0
220.054947,219.967773,133,127,10,77,133,1,44,201,0,0,0,0,0,0,0,0
220.329666,220.250519,133,126,9,74,129,1,55,201,128,0,0,0,0,0,0,0
220.549454,220.478088,132,126,9,69,118,1,48,201,0,0,0,0,0,0,0,0
220.824173,220.760834,132,124,9,69,117,1,75,200,128,0,0,0,0,0,0,0
221.098907,221.027740,132,123,9,72,138,1,48,200,0,0,0,0,0,0,0,0
221.373627,221.289108,132,124,10,80,151,2,49,200,128,0,0,0,0,0,0,0
221.593399,221.518539,132,124,10,77,151,1,44,201,128,0,0,0,0,0,0,0
221.868134,221.801620,133,125,9,74,119,1,70,201,0,0,0,0,0,0,0,0
222.142853,222.057114,132,127,9,78,111,1,64,200,128,0,0,0,0,0,0,0
222.362640,222.286560,132,127,9,77,112,1,59,200,128,0,0,0,0,0,0,0
222.637360,222.569016,132,127,10,79,97,1,78,198,128,0,0,0,0,0,0,0
222.912094,222.823425,132,129,9,77,111,1,78,198,128,0,0,0,0,0,0,0
223.131866,223.050476,133,129,11,82,123,1,78,198,128,0,0,0,0,0,0,0
223.406601,223.320251,133,129,10,82,121,2,50,201,128,0,0,0,0,0,0,0
223.681320,223.593643,132,129,10,82,117,1,60,200,128,0,0,0,0,0,0,0
223.956039,223.892914,132,129,10,82,117,1,60,200,128,0,0,0,0,0,0,0
224.230774,224.164948,133,129,10,82,117,1,60,200,128,0,0,0,0,0,0,0
224.505493,224.437576,133,128,9,78,121,1,52,201,128,0,0,0,0,0,0,0
224.780212,224.710312,133,128,10,79,119,1,77,201,0,0,0,0,0,0,0,0
225.054947,224.965698,132,128,10,79,119,1,77,201,128,0,0,0,0,0,0,0
225.274719,225.193466,133,128,9,77,122,1,72,200,0,0,0,0,0,0,0,0
225.549454,225.476425,133,128,9,76,131,2,71,201,128,0,0,0,0,0,0,0
225.824173,225.733658,132,126,9,72,137,2,59,200,0,0,0,0,0,0,0,0
226.043961,225.961258,131,125,9,73,148,1,50,201,128,0,0,0,0,0,0,0
226.318680,226.244324,132,125,9,74,139,1,50,201,0,0,0,0,0,0,0,0
226.538467,226.472031,132,126,9,72,131,1,56,201,128,0,0,0,0,0,0,0
226.813187,226.728653,128,123,9,71,113,1,70,201,128,0,0,0,0,0,0,0
227.087906,227.001587,133,123,8,68,131,1,69,202,0,0,0,0,0,0,0,0
227.362640,227.273712,133,122,9,71,137,1,69,202,0,0,0,0,0,0,0,0
227.637360,227.564606,132,119,8,60,150,1,37,203,0,0,0,0,0,0,0,0
227.857147,227.792419,132,116,8,66,166,1,32,200,128,0,0,0,0,0,0,0
228.131866,228.047913,132,116,9,68,165,1,27,200,0,0,0,0,0,0,0,0
228.406601,228.330505,131,118,10,72,130,1,46,200,128,0,0,0,0,0,0,0
228.626373,228.560516,133,119,9,69,109,1,89,200,0,0,0,0,0,0,0,0
228.901093,228.815598,132,121,9,72,112,1,83,201,128,0,0,0,0,0,0,0
229.175827,229.098602,132,124,10,80,115,1,86,200,0,0,0,0,0,0,0,0
229.395599,229.326019,132,124,10,79,126,1,81,200,0,0,0,0,0,0,0,0
229.670334,229.581192,132,126,9,79,129,1,73,200,0,0,0,0,0,0,0,0
229.945053,229.864044,132,127,11,77,140,1,77,200,0,0,0,0,0,0,0,0
230.164841,230.091965,132,127,10,78,138,1,56,201,128,0,0,0,0,0,0,0
230.439560,230.347565,132,126,9,76,137,1,63,201,0,0,0,0,0,0,0,0
230.714279,230.630264,133,127,10,74,135,1,64,200,128,0,0,0,0,0,0,0
230.934067,230.861359,132,125,9,67,135,1,64,200,128,0,0,0,0,0,0,0
231.208786,231.130554,133,123,9,72,130,1,57,201,128,0,0,0,0,0,0,0
231.483521,231.413300,133,120,7,72,130,1,57,201,128,0,0,0,0,0,0,0
231.758240,231.667465,132,118,8,66,153,1,57,201,128,0,0,0,0,0,0,0
231.978027,231.894470,132,118,9,72,154,1,39,201,0,0,0,0,0,0,0,0
232.252747,232.181778,133,117,9,66,144,1,35,201,0,0,0,0,0,0,0,0
232.527466,232.445343,133,117,9,69,134,1,50,201,128,0,0,0,0,0,0,0
232.747253,232.672852,128,119,9,77,127,1,55,196,0,0,0,0,0,0,0,0
233.021973,232.954834,133,121,9,77,127,1,55,196,0,0,0,0,0,0,0,0
233.296707,233.210434,132,125,10,80,111,1,70,200,0,0,0,0,0,0,0,0
233.516479,233.447464,133,125,10,74,98,1,70,201,128,0,0,0,0,0,0,0
233.791214,233.719589,133,125,10,74,98,1,70,201,128,0,0,0,0,0,0,0
234.065933,233.991348,130,130,11,86,120,1,70,201,128,0,0,0,0,0,0,0
234.340652,234.250626,132,129,10,77,107,1,65,200,128,0,0,0,0,0,0,0
234.615387,234.533218,132,129,10,77,116,1,73,197,0,0,0,0,0,0,0,0
234.835159,234.760727,132,127,10,77,129,1,61,201,128,0,0,0,0,0,0,0
235.109894,235.016327,132,128,10,79,142,1,50,201,0,0,0,0,0,0,0,0
235.384613,235.311096,132,128,10,76,138,2,56,201,128,0,0,0,0,0,0,0
235.659348,235.571243,132,131,11,81,118,1,56,200,0,0,0,0,0,0,0,0
235.879120,235.798233,132,131,11,84,117,1,56,200,0,0,0,0,0,0,0,0
236.153839,236.081253,132,130,10,79,100,1,88,200,0,0,0,0,0,0,0,0
236.428574,236.335449,132,129,10,78,108,1,88,200,0,0,0,0,0,0,0,0
236.648346,236.576172,131,129,11,80,122,1,54,198,128,0,0,0,0,0,0,0
236.923080,236.842361,133,131,11,86,126,1,34,201,0,0,0,0,0,0,0,0
237.197800,237.125000,132,130,10,77,113,1,34,201,0,0,0,0,0,0,0,0
237.472534,237.379105,133,128,9,77,100,1,56,200,0,0,0,0,0,0,0,0
237.692307,237.607346,132,130,10,85,90,1,50,200,128,0,0,0,0,0,0,0
237.967026,237.894699,133,132,10,78,90,1,62,197,0,0,0,0,0,0,0,0
238.241760,238.149460,132,134,11,89,85,1,52,201,128,0,0,0,0,0,0,0
238.461533,238.377487,132,135,11,93,70,1,71,200,0,0,0,0,0,0,0,0
238.736267,238.659988,133,136,11,90,70,2,70,201,0,0,0,0,0,0,0,0
239.010986,238.917725,132,139,12,96,70,1,63,201,0,0,0,0,0,0,0,0
239.285721,239.191483,133,141,11,90,64,1,69,201,128,0,0,0,0,0,0,0
239.505493,239.434204,132,142,12,94,62,1,74,199,0,0,0,0,0,0,0,0
239.780212,239.689072,131,143,12,99,74,1,70,201,0,0,0,0,0,0,0,0
240.054947,239.972229,133,144,12,94,72,1,69,202,128,0,0,0,0,0,0,0
240.274719,240.199646,132,144,12,94,67,1,72,200,0,0,0,0,0,0,0,0
240.549454,240.457016,132,144,12,94,67,1,72,200,0,0,0,0,0,0,0,0
240.824173,240.729034,133,144,12,89,75,1,67,201,0,0,0,0,0,0,0,0
241.098907,241.020126,133,142,11,87,86,1,77,201,128,0,0,0,0,0,0,0
241.318680,241.248108,132,141,11,90,100,1,50,201,0,0,0,0,0,0,0,0
241.593399,241.503494,132,142,12,93,96,1,51,201,128,0,0,0,0,0,0,0
241.868134,241.785583,132,142,12,93,96,1,51,201,128,0,0,0,0,0,0,0
242.142853,242.050385,132,139,12,88,83,1,64,200,0,0,0,0,0,0,0,0
242.362640,242.282852,133,136,11,87,81,1,50,201,128,0,0,0,0,0,0,0
242.637360,242.565338,133,134,10,79,97,1,54,200,0,0,0,0,0,0,0,0
242.912094,242.820419,132,136,11,84,105,1,26,200,128,0,0,0,0,0,0,0
243.131866,243.048508,130,135,12,85,82,2,52,201,0,0,0,0,0,0,0,0
243.406601,243.333252,132,137,12,93,79,2,59,200,128,0,0,0,0,0,0,0
243.681320,243.587769,132,138,12,90,60,1,59,200,128,0,0,0,0,0,0,0
243.901093,243.814911,133,140,12,90,43,1,69,201,128,0,0,0,0,0,0,0
244.175827,244.105499,131,141,11,90,56,1,70,199,128,0,0,0,0,0,0,0
244.450546,244.378647,132,144,11,90,57,1,64,201,128,0,0,0,0,0,0,0
244.725281,244.633667,132,144,13,96,70,1,75,201,0,0,0,0,0,0,0,0
244.945053,244.861389,133,146,12,98,70,1,69,200,0,0,0,0,0,0,0,0
245.219788,245.144440,133,147,13,100,54,1,68,201,128,0,0,0,0,0,0,0
245.494507,245.401871,133,149,12,99,54,1,74,200,0,0,0,0,0,0,0,0
245.714279,245.629852,132,151,14,104,46,1,70,201,128,0,0,0,0,0,0,0
245.989014,245.913208,132,151,13,100,34,1,75,200,0,0,0,0,0,0,0,0
246.263733,246.168396,133,148,12,90,52,1,76,201,128,0,0,0,0,0,0,0
246.483521,246.396362,133,150,14,106,67,1,54,200,0,0,0,0,0,0,0,0
246.758240,246.678192,132,151,12,101,67,1,61,201,0,0,0,0,0,0,0,0
246.978027,246.906876,133,150,12,98,67,2,69,201,0,0,0,0,0,0,0,0
247.252747,247.162476,133,149,13,97,66,1,65,202,0,0,0,0,0,0,0,0
247.527466,247.453110,133,149,12,98,67,1,66,201,0,0,0,0,0,0,0,0
247.802200,247.709457,133,147,12,90,67,1,60,201,0,0,0,0,0,0,0,0
248.021973,247.937592,133,144,11,89,67,1,56,201,128,0,0,0,0,0,0,0
248.296707,248.220078,132,143,11,90,67,1,62,201,0,0,0,0,0,0,0,0
248.571426,248.475357,133,142,12,93,83,1,44,201,128,0,0,0,0,0,0,0
248.791214,248.704819,132,143,12,91,80,1,43,201,128,0,0,0,0,0,0,0
249.065933,248.987411,133,142,11,93,64,1,53,201,0,0,0,0,0,0,0,0
249.340652,249.242599,133,144,12,93,54,1,54,201,0,0,0,0,0,0,0,0
249.560440,249.470825,133,144,11,93,49,1,63,202,0,0,0,0,0,0,0,0
249.835159,249.753220,133,145,12,95,46,1,60,201,128,0,0,0,0,0,0,0
250.054947,249.981079,132,144,12,96,62,1,64,200,0,0,0,0,0,0,0,0
250.329666,250.236572,133,145,12,98,62,1,52,201,128,0,0,0,0,0,0,0
250.604401,250.519196,133,147,13,97,54,1,56,201,0,0,0,0,0,0,0,0
250.824173,250.746628,133,148,12,98,38,1,64,201,128,0,0,0,0,0,0,0
251.098907,251.000900,133,147,13,101,38,1,64,201,128,0,0,0,0,0,0,0
251.373627,251.283737,230,0,40,57,48,1,62,201,0,0,0,0,0,0,0,0
251.593399,251.512741,132,150,13,102,48,1,56,201,128,0,0,0,0,0,0,0
251.868134,251.768234,133,150,14,103,48,1,71,200,0,0,0,0,0,0,0,0
252.142853,252.050980,133,152,14,108,48,1,76,201,128,0,0,0,0,0,0,0
252.362640,252.285294,133,152,12,98,47,1,70,201,0,0,0,0,0,0,0,0
252.637360,252.556030,133,153,13,99,48,1,69,201,128,0,0,0,0,0,0,0
252.912094,252.838577,133,149,13,94,48,1,70,201,128,0,0,0,0,0,0,0
253.186813,253.094330,133,149,13,94,48,1,70,201,0,0,0,0,0,0,0,0
253.406601,253.322815,133,150,12,98,66,2,57,201,0,0,0,0,0,0,0,0
253.681320,253.580856,133,148,13,97,63,1,50,201,128,0,0,0,0,0,0,0
253.956039,253.872711,133,146,12,92,61,1,58,201,0,0,0,0,0,0,0,0
254.175827,254.100021,132,147,11,93,65,1,59,200,128,0,0,0,0,0,0,0
254.450546,254.355316,133,145,12,93,61,1,58,201,128,0,0,0,0,0,0,0
254.725281,254.637329,131,144,12,93,61,1,58,201,128,0,0,0,0,0,0,0
255.000000,254.901016,133,146,12,90,66,1,64,201,128,0,0,0,0,0,0,0
255.274719,255.145523,132,143,12,90,59,1,63,201,0,0,0,0,0,0,0,0
255.494507,255.408432,133,142,12,90,67,2,63,201,128,0,0,0,0,0,0,0
255.769226,255.690918,132,142,12,94,74,1,56,200,0,0,0,0,0,0,0,0
256.043945,255.947128,132,142,11,90,77,1,61,201,128,0,0,0,0,0,0,0
256.263733,256.174194,133,139,12,89,105,1,70,201,128,0,0,0,0,0,0,0
256.538452,256.459229,133,139,12,91,106,1,38,199,0,0,0,0,0,0,0,0
256.813202,256.714935,133,138,11,87,87,2,56,201,128,0,0,0,0,0,0,0
257.032959,256.942230,133,138,10,86,65,1,69,201,0,0,0,0,0,0,0,0
257.307678,257.225098,132,139,11,90,66,1,74,201,128,0,0,0,0,0,0,0
257.582428,257.480469,133,140,12,90,78,1,82,200,0,0,0,0,0,0,0,0
257.802185,257.708405,132,138,10,87,94,1,60,201,128,0,0,0,0,0,0,0
258.076935,257.991089,133,137,12,88,95,1,59,201,0,0,0,0,0,0,0,0
258.296692,258.218048,132,138,10,82,97,1,56,200,0,0,0,0,0,0,0,0
258.571442,258.472656,132,138,10,82,97,1,56,200,0,0,0,0,0,0,0,0
258.846161,258.755341,133,131,10,78,112,1,43,201,128,0,0,0,0,0,0,0
259.065948,258.982880,133,131,10,77,124,1,32,197,128,0,0,0,0,0,0,0
259.340668,259.244690,133,131,10,79,109,1,39,202,0,0,0,0,0,0,0,0
259.615387,259.517639,133,132,11,84,94,2,52,201,128,0,0,0,0,0,0,0
259.890106,259.790741,130,132,10,81,93,1,53,202,0,0,0,0,0,0,0,0
260.164825,260.084351,131,134,11,85,68,1,73,201,128,0,0,0,0,0,0,0
260.439575,260.340088,133,134,11,85,76,1,80,200,0,0,0,0,0,0,0,0
260.659332,260.567230,133,134,11,88,91,1,80,200,0,0,0,0,0,0,0,0
260.934052,260.849365,133,136,11,84,91,1,55,201,0,0,0,0,0,0,0,0
261.208801,261.110596,130,135,10,82,90,2,56,201,0,0,0,0,0,0,0,0
261.483521,261.383942,132,136,12,92,94,1,61,201,128,0,0,0,0,0,0,0
261.703308,261.620300,133,139,12,89,86,1,56,201,0,0,0,0,0,0,0,0
261.978027,261.876251,133,140,12,93,67,1,68,201,0,0,0,0,0,0,0,0
262.252747,262.159424,133,139,12,91,62,1,76,201,0,0,0,0,0,0,0,0
262.472534,262.387177,132,141,11,89,70,1,74,200,128,0,0,0,0,0,0,0
262.747253,262.644989,133,139,12,95,86,1,64,201,0,0,0,0,0,0,0,0
263.021973,262.927979,133,141,12,94,86,1,63,201,128,0,0,0,0,0,0,0
263.241760,263.155731,133,142,13,95,81,1,68,200,0,0,0,0,0,0,0,0
263.516479,263.438965,133,143,12,92,80,1,63,202,128,0,0,0,0,0,0,0
263.791199,263.693878,132,143,12,92,66,2,72,202,128,0,0,0,0,0,0,0
264.010986,263.922302,132,142,11,85,66,1,71,201,128,0,0,0,0,0,0,0
264.285706,264.204895,133,143,12,96,84,1,50,201,0,0,0,0,0,0,0,0
264.560425,264.467194,133,140,10,86,77,2,40,201,0,0,0,0,0,0,0,0
264.780212,264.694458,133,139,11,88,91,1,40,201,0,0,0,0,0,0,0,0
265.054932,264.976379,133,137,11,85,95,1,47,201,0,0,0,0,0,0,0,0
265.329681,265.231842,133,134,11,92,95,1,46,201,128,0,0,0,0,0,0,0
265.549438,265.461945,133,135,11,86,99,1,40,201,0,0,0,0,0,0,0,0
265.824188,265.744995,133,137,12,90,89,1,56,201,128,0,0,0,0,0,0,0
266.098907,265.999512,132,138,11,92,67,1,74,201,128,0,0,0,0,0,0,0
