0.000000,0.000000,128,125,197,255,191,1,58,204,129,0,0,0,0,0,0,0
2.032967,2.033000,128,124,197,255,192,1,68,203,1,0,0,0,0,0,0,0
4.065934,4.069441,129,125,197,255,192,1,73,204,129,0,0,0,0,0,0,0
6.098901,6.111505,129,125,197,255,191,2,59,203,1,0,0,0,0,0,0,0
8.186813,8.184051,129,125,197,255,191,2,71,204,129,0,0,0,0,0,0,0
10.219780,10.226475,129,125,197,255,191,1,65,203,1,0,0,0,0,0,0,0
12.252748,12.269150,129,125,197,255,191,1,63,204,129,0,0,0,0,0,0,0
14.285714,14.285032,129,124,196,255,192,2,70,203,1,0,0,0,0,0,0,0
16.318682,16.327557,129,124,196,255,191,2,73,204,1,0,0,0,0,0,0,0
18.406593,18.398006,129,124,196,255,192,1,66,204,129,0,0,0,0,0,0,0
20.439560,20.439972,129,124,195,255,192,1,62,204,1,0,0,0,0,0,0,0
22.472527,22.483618,129,124,196,255,192,2,68,204,129,0,0,0,0,0,0,0
24.505495,24.499756,129,124,195,255,192,1,64,203,1,0,0,0,0,0,0,0
26.538462,26.541620,129,124,195,255,191,1,64,204,129,0,0,0,0,0,0,0
28.626373,28.610847,129,125,195,255,192,1,63,204,1,0,0,0,0,0,0,0
30.659340,30.651779,129,125,195,255,192,2,60,203,129,0,0,0,0,0,0,0
32.692307,32.694248,129,125,195,255,192,1,63,204,1,0,0,0,0,0,0,0
34.725273,34.710133,128,125,195,255,191,1,68,203,129,0,0,0,0,0,0,0
36.758244,36.751938,129,125,195,255,192,1,76,204,1,0,0,0,0,0,0,0
38.791210,38.794567,129,125,195,255,192,1,64,204,129,0,0,0,0,0,0,0
40.879120,40.864143,129,125,195,255,191,2,63,204,1,0,0,0,0,0,0,0
42.912086,42.905495,129,124,195,255,192,2,64,204,1,0,0,0,0,0,0,0
44.945053,44.947968,129,124,194,255,191,2,64,203,129,0,0,0,0,0,0,0
46.978024,46.963390,129,124,194,255,191,1,58,204,1,0,0,0,0,0,0,0
49.010990,49.004787,129,124,194,255,193,1,72,203,129,0,0,0,0,0,0,0
51.043957,51.046955,129,124,193,255,193,1,63,203,1,0,0,0,0,0,0,0
53.131866,53.118477,129,124,194,255,192,2,69,204,129,0,0,0,0,0,0,0
55.164837,55.160599,129,125,194,255,191,1,71,204,1,0,0,0,0,0,0,0
57.197803,57.176167,129,124,194,255,192,1,68,204,129,0,0,0,0,0,0,0
59.230770,59.220127,129,124,193,255,191,2,68,204,1,0,0,0,0,0,0,0
61.263737,61.262192,129,125,194,255,192,1,64,203,129,0,0,0,0,0,0,0
63.351650,63.333050,129,125,193,255,191,1,63,204,1,0,0,0,0,0,0,0
65.384613,65.375572,129,125,193,255,192,2,64,204,129,0,0,0,0,0,0,0
67.417580,67.390892,128,125,193,255,192,2,63,203,1,0,0,0,0,0,0,0
69.450546,69.433212,129,124,193,255,192,1,58,204,129,0,0,0,0,0,0,0
71.483513,71.475639,128,125,193,255,192,1,66,203,129,0,0,0,0,0,0,0
73.571426,73.547928,129,124,194,255,192,1,61,204,1,0,0,0,0,0,0,0
75.604393,75.588814,129,124,194,255,192,2,61,203,129,0,0,0,0,0,0,0
77.637360,77.605614,128,124,194,255,191,1,64,204,1,0,0,0,0,0,0,0
79.670326,79.647728,129,124,194,255,191,1,64,203,129,0,0,0,0,0,0,0
81.703300,81.690521,128,124,195,255,191,1,63,203,1,0,0,0,0,0,0,0
83.791206,83.760864,128,124,194,255,191,1,65,203,129,0,0,0,0,0,0,0
85.824173,85.802872,128,124,194,255,191,1,63,203,1,0,0,0,0,0,0,0
87.857140,87.845451,128,124,194,255,192,2,57,203,129,0,0,0,0,0,0,0
89.890106,89.859947,129,124,193,255,192,1,59,203,1,0,0,0,0,0,0,0
91.923080,91.902885,128,125,193,255,191,2,54,203,129,0,0,0,0,0,0,0
94.010986,93.972977,128,124,194,255,192,1,67,203,1,0,0,0,0,0,0,0
96.043953,96.016220,128,125,195,255,192,1,61,203,129,0,0,0,0,0,0,0
98.076920,98.058434,128,125,195,255,191,1,63,203,1,0,0,0,0,0,0,0
100.109894,100.074265,128,125,195,255,192,1,62,203,129,0,0,0,0,0,0,0
102.142860,102.117302,128,125,194,255,191,1,57,202,129,0,0,0,0,0,0,0
104.230766,104.188904,129,125,194,255,192,1,64,203,1,0,0,0,0,0,0,0
106.263733,106.231300,129,125,195,255,193,2,60,203,129,0,0,0,0,0,0,0
108.296700,108.273163,129,125,195,255,191,2,59,203,1,0,0,0,0,0,0,0
110.329674,110.288124,129,125,195,255,191,1,61,204,129,0,0,0,0,0,0,0
112.362640,112.330757,128,125,195,255,192,1,60,204,1,0,0,0,0,0,0,0
114.395607,114.373222,129,125,195,255,193,1,59,204,129,0,0,0,0,0,0,0
116.483513,116.442238,129,125,194,255,191,1,59,203,1,0,0,0,0,0,0,0
118.516487,118.486633,128,125,194,255,191,1,56,203,129,0,0,0,0,0,0,0
120.549454,120.503311,129,124,195,255,193,1,62,204,1,0,0,0,0,0,0,0
122.582420,122.545525,128,125,194,255,192,1,60,203,129,0,0,0,0,0,0,0
124.615387,124.587128,129,125,194,255,192,1,50,204,1,0,0,0,0,0,0,0
126.703300,126.656860,128,125,194,255,193,1,61,203,129,0,0,0,0,0,0,0
128.736267,128.700775,128,125,194,255,191,1,61,203,1,0,0,0,0,0,0,0
130.769226,130.742630,128,124,194,255,192,1,65,203,129,0,0,0,0,0,0,0
132.802200,132.757950,129,125,194,255,192,1,58,204,129,0,0,0,0,0,0,0
134.835159,134.801132,128,125,195,255,191,1,66,203,1,0,0,0,0,0,0,0
136.923080,136.870255,128,124,195,255,192,1,63,203,129,0,0,0,0,0,0,0
138.956039,138.913147,128,125,195,255,192,1,54,203,1,0,0,0,0,0,0,0
140.989014,140.955460,128,124,195,255,192,1,54,203,129,0,0,0,0,0,0,0
143.021973,142.971451,129,124,195,255,192,1,64,203,1,0,0,0,0,0,0,0
145.054947,145.015091,128,125,195,255,191,1,70,203,129,0,0,0,0,0,0,0
147.142853,147.086624,129,125,194,255,191,1,65,203,1,0,0,0,0,0,0,0
149.175827,149.129501,129,125,195,255,192,1,64,204,129,0,0,0,0,0,0,0
151.208786,151.172333,128,124,195,255,191,1,57,203,1,0,0,0,0,0,0,0
153.241760,153.187454,128,125,194,255,191,2,59,203,129,0,0,0,0,0,0,0
155.274719,155.229462,129,124,194,255,191,1,56,203,1,0,0,0,0,0,0,0
157.307693,157.271881,129,124,194,255,193,2,63,203,129,0,0,0,0,0,0,0
159.395599,159.341370,128,125,194,255,191,1,64,203,1,0,0,0,0,0,0,0
161.428574,161.383682,128,125,195,255,192,2,69,203,129,0,0,0,0,0,0,0
163.461533,163.399780,129,124,194,255,191,1,67,204,129,0,0,0,0,0,0,0
165.494507,165.442596,128,124,195,255,191,1,61,203,1,0,0,0,0,0,0,0
167.527466,167.484314,128,125,195,255,192,1,58,204,129,0,0,0,0,0,0,0
169.615387,169.554306,128,125,194,255,191,1,63,203,1,0,0,0,0,0,0,0
171.648346,171.596878,128,124,193,255,192,2,63,203,129,0,0,0,0,0,0,0
173.681320,173.640167,129,125,193,255,192,1,56,203,1,0,0,0,0,0,0,0
175.714279,175.654663,128,125,194,255,193,1,66,203,129,0,0,0,0,0,0,0
177.747253,177.696732,128,125,194,255,192,1,61,203,1,0,0,0,0,0,0,0
179.835159,179.767227,128,125,194,255,193,1,61,203,129,0,0,0,0,0,0,0
181.868134,181.809189,128,125,194,255,193,1,60,203,1,0,0,0,0,0,0,0
183.901093,183.851563,128,125,194,255,192,2,56,203,129,0,0,0,0,0,0,0
185.934067,185.865601,128,125,194,255,192,1,61,203,1,0,0,0,0,0,0,0
187.967026,187.911301,128,125,194,255,192,1,70,203,1,0,0,0,0,0,0,0
190.000000,189.952850,128,125,194,255,193,1,51,203,129,0,0,0,0,0,0,0
192.087906,192.023911,128,125,194,255,192,1,56,203,1,0,0,0,0,0,0,0
194.120880,194.068344,128,125,194,255,192,1,56,204,129,0,0,0,0,0,0,0
196.153839,196.084015,128,125,195,255,193,1,63,203,1,0,0,0,0,0,0,0
198.186813,198.126648,128,125,194,255,192,1,56,203,129,0,0,0,0,0,0,0
200.219788,200.169632,128,125,195,255,192,1,53,203,1,0,0,0,0,0,0,0
202.307693,202.239563,129,124,195,255,192,1,59,203,129,0,0,0,0,0,0,0
204.340652,204.282715,129,125,194,255,191,2,51,204,1,0,0,0,0,0,0,0
206.373627,206.297714,129,125,195,255,193,1,66,203,129,0,0,0,0,0,0,0
208.406601,208.340561,128,124,195,255,192,1,67,204,1,0,0,0,0,0,0,0
210.439560,210.382355,129,124,194,255,192,1,63,204,129,0,0,0,0,0,0,0
212.527466,212.452347,129,125,195,255,192,1,63,204,1,0,0,0,0,0,0,0
214.560440,214.494980,129,125,194,255,192,1,68,204,129,0,0,0,0,0,0,0
216.593399,216.537048,129,125,193,255,192,1,64,204,1,0,0,0,0,0,0,0
218.626373,218.552979,129,124,192,255,192,1,55,204,1,0,0,0,0,0,0,0
220.659348,220.595917,129,124,192,255,192,2,63,204,129,0,0,0,0,0,0,0
222.747253,222.666351,129,124,192,255,192,1,61,204,1,0,0,0,0,0,0,0
224.780212,224.709595,129,124,192,255,192,1,58,203,129,0,0,0,0,0,0,0
226.813187,226.751617,129,125,190,255,191,1,67,204,1,0,0,0,0,0,0,0
228.846161,228.766068,129,125,190,255,191,2,68,204,129,0,0,0,0,0,0,0
230.879120,230.808990,129,125,190,255,191,1,61,204,1,0,0,0,0,0,0,0
232.967026,232.881653,129,125,190,255,191,1,63,204,129,0,0,0,0,0,0,0
235.000000,234.923599,129,125,189,255,192,1,64,204,1,0,0,0,0,0,0,0
237.032974,236.967422,129,125,189,255,192,1,61,204,129,0,0,0,0,0,0,0
239.065933,238.982941,129,125,188,255,191,1,73,204,1,0,0,0,0,0,0,0
241.098907,241.024841,129,125,188,255,192,2,64,204,129,0,0,0,0,0,0,0
243.186813,243.096725,129,124,188,255,192,2,68,204,129,0,0,0,0,0,0,0
245.219788,245.139145,129,124,188,255,191,1,65,204,1,0,0,0,0,0,0,0
247.252747,247.182648,129,124,188,255,192,1,60,204,129,0,0,0,0,0,0,0
249.285721,249.198578,129,124,187,255,192,1,62,204,1,0,0,0,0,0,0,0
251.318680,251.241257,129,124,188,255,192,1,65,204,129,0,0,0,0,0,0,0
253.406601,253.312637,129,124,188,255,193,1,66,204,1,0,0,0,0,0,0,0
255.439560,255.355774,129,125,188,255,192,1,69,204,129,0,0,0,0,0,0,0
257.472534,257.399231,129,125,188,255,192,2,72,204,1,0,0,0,0,0,0,0
259.505493,259.414246,129,125,187,255,192,2,70,204,129,0,0,0,0,0,0,0
261.538452,261.456909,129,125,187,255,192,1,66,204,1,0,0,0,0,0,0,0
263.626373,263.526947,129,125,187,255,192,1,64,204,129,0,0,0,0,0,0,0
265.659332,265.569733,129,124,186,255,192,1,72,204,1,0,0,0,0,0,0,0
267.692322,267.591705,129,125,187,255,192,1,67,204,134,0,0,0,0,0,0,0
269.725281,269.635712,129,125,186,255,131,1,60,204,0,0,0,0,0,0,0,0
271.758240,271.678253,129,124,186,255,133,1,65,204,128,0,0,0,0,0,0,0
273.846161,273.748749,129,124,186,255,138,1,74,204,0,0,0,0,0,0,0,0
275.879120,275.790924,129,125,186,255,136,1,62,204,0,0,0,0,0,0,0,0
277.912079,277.834137,129,125,185,255,133,1,64,204,128,0,0,0,0,0,0,0
279.945068,279.849518,129,125,185,255,136,1,63,204,0,0,0,0,0,0,0,0
281.978027,281.891327,129,125,185,255,134,1,63,204,128,0,0,0,0,0,0,0
284.065948,283.961731,129,125,185,255,138,1,58,204,0,0,0,0,0,0,0,0
286.098907,286.003876,129,125,185,255,135,1,60,204,128,0,0,0,0,0,0,0
288.131866,288.046814,129,124,185,255,135,1,65,204,0,0,0,0,0,0,0,0
290.164825,290.062469,129,124,185,255,135,1,68,204,128,0,0,0,0,0,0,0
292.197815,292.105804,129,124,185,255,137,1,67,204,0,0,0,0,0,0,0,0
294.285706,294.175446,129,125,185,255,137,1,56,204,128,0,0,0,0,0,0,0
296.318695,296.216522,129,124,185,255,138,1,70,203,0,0,0,0,0,0,0,0
298.351654,298.259064,129,124,185,255,143,1,68,204,128,0,0,0,0,0,0,0
300.384613,300.273193,129,125,185,255,141,1,60,204,0,0,0,0,0,0,0,0
302.417572,302.316284,129,124,185,255,130,1,56,205,0,0,0,0,0,0,0,0
304.450562,304.359222,129,125,185,255,132,1,63,204,128,0,0,0,0,0,0,0
306.538452,306.430023,129,125,185,255,132,1,63,204,0,0,0,0,0,0,0,0
308.571442,308.473206,129,125,186,255,133,1,58,204,128,0,0,0,0,0,0,0
310.604401,310.515472,129,125,186,255,138,1,75,203,0,0,0,0,0,0,0,0
312.637360,312.532837,129,125,186,255,146,1,72,204,128,0,0,0,0,0,0,0
314.670319,314.577057,129,125,186,255,134,1,63,204,0,0,0,0,0,0,0,0
316.758240,316.647247,129,125,187,255,130,1,72,204,128,0,0,0,0,0,0,0
318.791199,318.690521,129,124,187,255,135,1,70,204,0,0,0,0,0,0,0,0
320.824188,320.704956,129,125,187,255,141,1,62,204,128,0,0,0,0,0,0,0
322.857147,322.747070,129,125,187,255,137,1,64,204,0,0,0,0,0,0,0,0
324.890106,324.789795,129,125,187,255,134,1,71,204,128,0,0,0,0,0,0,0
326.978027,326.861725,129,125,188,255,136,1,60,204,0,0,0,0,0,0,0,0
329.010986,328.904877,129,124,188,255,140,1,68,204,128,0,0,0,0,0,0,0
331.043945,330.947388,129,124,188,255,140,2,70,204,0,0,0,0,0,0,0,0
333.076935,332.963379,129,124,189,255,131,1,60,203,0,0,0,0,0,0,0,0
335.109894,335.005188,129,125,189,255,138,1,60,204,128,0,0,0,0,0,0,0
337.197815,337.075531,129,124,189,255,137,1,74,204,0,0,0,0,0,0,0,0
339.230774,339.118988,129,125,189,255,141,1,65,204,128,0,0,0,0,0,0,0
341.263733,341.162231,129,125,189,255,142,1,68,204,0,0,0,0,0,0,0,0
343.296692,343.177734,129,125,189,255,138,1,66,204,128,0,0,0,0,0,0,0
345.329681,345.220001,129,124,189,255,139,2,63,204,0,0,0,0,0,0,0,0
347.417572,347.288483,128,124,189,255,142,2,73,203,128,0,0,0,0,0,0,0
349.450562,349.330383,129,125,188,255,145,1,73,204,0,0,0,0,0,0,0,0
351.483521,351.372925,129,125,188,255,143,1,64,204,128,0,0,0,0,0,0,0
353.516479,353.389252,129,125,188,255,139,1,71,203,0,0,0,0,0,0,0,0
355.549438,355.431732,129,124,187,255,137,2,68,204,128,0,0,0,0,0,0,0
357.582428,357.475159,129,124,186,255,141,1,69,204,0,0,0,0,0,0,0,0
359.670319,359.546021,129,125,185,255,134,2,67,204,128,0,0,0,0,0,0,0
361.703308,361.588104,129,125,185,255,134,1,67,204,0,0,0,0,0,0,0,0
363.736267,363.604431,129,125,185,255,137,1,61,204,128,0,0,0,0,0,0,0
365.769226,365.647400,129,125,184,255,133,1,71,204,0,0,0,0,0,0,0,0
367.802185,367.690979,129,125,184,255,143,1,79,204,0,0,0,0,0,0,0,0
369.890106,369.757263,129,124,183,255,145,1,64,204,0,0,0,0,0,0,0,0
371.923065,371.790741,129,125,183,255,142,2,70,204,0,0,0,0,0,0,0,0
373.956055,373.824310,129,125,182,255,137,1,63,204,0,0,0,0,0,0,0,0
375.989014,375.858032,129,125,182,255,133,2,66,204,0,0,0,0,0,0,0,0
378.021973,377.892517,129,125,181,255,139,2,71,204,128,0,0,0,0,0,0,0
380.054932,379.924652,129,124,180,255,140,1,62,204,0,0,0,0,0,0,0,0
382.087921,381.957214,129,124,179,255,134,1,64,204,128,0,0,0,0,0,0,0
384.120880,383.991638,129,125,179,255,138,1,65,204,0,0,0,0,0,0,0,0
386.153839,386.026947,129,124,178,255,192,1,79,204,129,0,0,0,0,0,0,0
388.186798,388.059814,129,125,177,255,193,2,76,204,1,0,0,0,0,0,0,0
390.219788,390.092346,129,125,175,255,192,2,61,204,129,0,0,0,0,0,0,0
392.252747,392.132324,129,125,174,255,191,1,61,204,6,0,0,0,0,0,0,0
394.285706,394.166870,129,124,173,255,126,1,68,204,128,0,0,0,0,0,0,0
396.318695,396.173157,129,124,172,255,140,1,72,204,0,0,0,0,0,0,0,0
398.351654,398.205811,129,125,171,255,132,1,58,204,128,0,0,0,0,0,0,0
400.384613,400.239044,129,124,171,255,131,2,58,204,0,0,0,0,0,0,0,0
402.417572,402.272339,129,125,170,255,131,1,63,204,128,0,0,0,0,0,0,0
404.450562,404.305847,129,125,170,255,139,1,68,204,0,0,0,0,0,0,0,0
406.483521,406.338318,129,125,170,255,139,1,67,204,128,0,0,0,0,0,0,0
408.516479,408.372192,129,124,169,255,139,1,64,204,0,0,0,0,0,0,0,0
410.549438,410.405701,129,125,169,255,134,1,66,204,128,0,0,0,0,0,0,0
412.582428,412.439972,129,125,168,255,136,1,68,204,0,0,0,0,0,0,0,0
414.615387,414.473236,129,124,169,255,135,1,71,204,128,0,0,0,0,0,0,0
416.648346,416.507416,129,125,169,255,139,1,69,204,0,0,0,0,0,0,0,0
418.681305,418.541199,129,125,169,255,138,1,73,204,128,0,0,0,0,0,0,0
420.714294,420.574860,129,125,168,255,143,1,66,204,0,0,0,0,0,0,0,0
422.747253,422.607727,129,125,169,255,136,1,68,204,128,0,0,0,0,0,0,0
424.780212,424.640991,129,125,168,255,137,1,61,204,0,0,0,0,0,0,0,0
426.813202,426.676239,129,124,168,255,136,1,63,204,128,0,0,0,0,0,0,0
428.846161,428.708862,129,125,168,255,136,1,63,204,0,0,0,0,0,0,0,0
430.879120,430.741913,129,124,169,255,139,1,70,204,128,0,0,0,0,0,0,0
432.912079,432.774811,129,125,169,255,139,1,76,204,0,0,0,0,0,0,0,0
434.945068,434.807404,129,124,168,255,140,2,73,204,128,0,0,0,0,0,0,0
436.978027,436.840607,129,124,168,255,136,1,64,204,0,0,0,0,0,0,0,0
439.010986,438.873718,129,125,168,255,144,1,66,204,128,0,0,0,0,0,0,0
441.043945,440.906525,129,125,167,255,141,2,72,204,0,0,0,0,0,0,0,0
443.076935,442.940033,129,124,168,255,137,2,64,203,128,0,0,0,0,0,0,0
445.109894,444.972595,129,124,167,255,144,1,66,204,0,0,0,0,0,0,0,0
447.197815,447.033386,129,125,166,255,143,1,60,204,0,0,0,0,0,0,0,0
449.230774,449.067657,129,124,167,255,140,1,62,204,128,0,0,0,0,0,0,0
451.263733,451.101227,129,124,166,255,136,1,59,204,0,0,0,0,0,0,0,0
453.296692,453.133423,129,125,165,255,141,1,68,204,128,0,0,0,0,0,0,0
455.329681,455.167297,129,124,164,255,142,2,62,203,0,0,0,0,0,0,0,0
457.362640,457.201263,129,124,164,255,133,1,64,203,128,0,0,0,0,0,0,0
459.395599,459.235504,129,125,164,255,131,1,62,204,0,0,0,0,0,0,0,0
461.428558,461.268555,129,125,164,255,140,2,66,204,128,0,0,0,0,0,0,0
463.461548,463.302643,129,125,164,255,139,2,61,204,0,0,0,0,0,0,0,0
465.494507,465.335693,129,125,163,255,134,2,71,203,128,0,0,0,0,0,0,0
467.527466,467.369141,129,125,164,255,140,1,68,204,0,0,0,0,0,0,0,0
469.560425,469.401001,129,124,163,255,139,1,68,204,128,0,0,0,0,0,0,0
471.593414,471.433777,129,125,163,255,140,2,73,204,0,0,0,0,0,0,0,0
473.626373,473.466797,129,124,164,255,138,1,62,204,128,0,0,0,0,0,0,0
475.659332,475.500885,129,124,163,255,139,1,60,204,0,0,0,0,0,0,0,0
477.692322,477.534698,129,125,163,255,140,2,70,204,128,0,0,0,0,0,0,0
479.725281,479.567413,129,124,163,255,138,2,70,204,0,0,0,0,0,0,0,0
481.758240,481.602051,129,124,163,255,140,1,66,204,128,0,0,0,0,0,0,0
483.791199,483.635376,129,125,163,255,134,1,67,204,0,0,0,0,0,0,0,0
485.824188,485.668427,129,124,162,255,140,2,65,204,128,0,0,0,0,0,0,0
487.857147,487.704620,129,125,163,255,136,1,69,204,0,0,0,0,0,0,0,0
489.890106,489.710510,129,124,162,255,139,2,66,204,128,0,0,0,0,0,0,0
491.923065,491.744141,129,124,163,255,139,1,62,204,0,0,0,0,0,0,0,0
493.956055,493.777802,129,125,162,255,134,1,65,204,128,0,0,0,0,0,0,0
495.989014,495.810913,129,125,163,255,140,2,67,204,0,0,0,0,0,0,0,0
498.021973,497.843506,129,125,162,255,137,1,68,204,128,0,0,0,0,0,0,0
500.054932,499.875549,129,125,163,255,140,2,64,204,0,0,0,0,0,0,0,0
502.087921,501.908997,128,124,162,255,139,1,62,204,128,0,0,0,0,0,0,0
504.120880,503.941925,128,125,162,255,140,1,67,203,0,0,0,0,0,0,0,0
506.153839,505.974304,129,125,162,255,136,1,65,204,0,0,0,0,0,0,0,0
508.186798,508.007263,129,123,162,255,135,1,64,204,0,0,0,0,0,0,0,0
510.219788,510.040375,129,125,163,255,137,1,63,203,0,0,0,0,0,0,0,0
512.252747,512.072266,128,124,163,255,129,1,64,203,128,0,0,0,0,0,0,0
514.285706,514.105591,128,124,163,255,130,1,61,203,0,0,0,0,0,0,0,0
516.318665,516.138733,129,125,164,255,137,1,65,204,128,0,0,0,0,0,0,0
518.351624,518.171021,129,124,164,255,140,1,64,203,0,0,0,0,0,0,0,0
520.384644,520.204834,129,124,164,255,131,2,68,204,128,0,0,0,0,0,0,0
522.417603,522.238037,128,124,165,255,133,1,60,204,0,0,0,0,0,0,0,0
524.450562,524.271240,128,124,165,255,128,1,60,203,128,0,0,0,0,0,0,0
526.483521,526.304565,129,125,165,255,133,1,59,204,0,0,0,0,0,0,0,0
528.516479,528.336975,128,124,166,255,131,2,64,203,128,0,0,0,0,0,0,0
530.549438,530.369934,128,124,166,255,131,1,63,203,0,0,0,0,0,0,0,0
532.582397,532.402893,128,124,167,255,131,1,64,203,128,0,0,0,0,0,0,0
534.615356,534.436890,128,124,167,255,132,1,67,202,0,0,0,0,0,0,0,0
536.648376,536.470459,128,125,167,255,129,1,60,203,128,0,0,0,0,0,0,0
538.681335,538.503296,128,124,167,255,131,2,59,202,0,0,0,0,0,0,0,0
540.714294,540.536011,128,125,167,255,131,2,71,203,128,0,0,0,0,0,0,0
542.747253,542.569214,128,125,167,255,132,2,64,203,0,0,0,0,0,0,0,0
544.780212,544.603088,128,125,167,255,130,1,59,202,128,0,0,0,0,0,0,0
546.813171,546.638611,128,124,168,255,124,1,64,203,0,0,0,0,0,0,0,0
548.846130,548.671692,128,124,167,255,129,1,61,203,128,0,0,0,0,0,0,0
550.934082,550.732666,128,125,168,255,132,1,62,203,0,0,0,0,0,0,0,0
552.967041,552.765747,128,124,168,255,132,2,62,202,128,0,0,0,0,0,0,0
555.000000,554.798584,128,124,168,255,128,1,60,203,0,0,0,0,0,0,0,0
557.032959,556.831909,128,124,168,255,116,1,54,202,0,0,0,0,0,0,0,0
559.065918,558.864014,128,125,169,255,116,1,56,203,128,0,0,0,0,0,0,0
561.098877,560.897400,128,124,170,255,119,1,56,202,0,0,0,0,0,0,0,0
563.131897,562.930176,128,125,172,255,119,1,56,202,128,0,0,0,0,0,0,0
565.164856,564.964172,128,124,174,255,121,1,59,203,0,0,0,0,0,0,0,0
567.197815,566.997314,128,125,175,255,120,1,53,203,128,0,0,0,0,0,0,0
569.230774,569.030151,128,124,177,255,124,1,57,202,0,0,0,0,0,0,0,0
571.263733,571.063538,128,124,180,255,120,1,59,202,128,0,0,0,0,0,0,0
573.296692,573.096375,128,125,182,255,122,1,64,203,0,0,0,0,0,0,0,0
575.329651,575.129761,128,124,184,255,126,1,59,203,128,0,0,0,0,0,0,0
577.362610,577.171753,128,125,186,255,129,1,63,203,0,0,0,0,0,0,0,0
579.395630,579.187927,128,124,187,255,129,1,62,203,128,0,0,0,0,0,0,0
581.428589,581.230652,129,124,188,255,127,1,58,203,0,0,0,0,0,0,0,0
583.461548,583.272766,129,124,189,255,126,1,63,203,128,0,0,0,0,0,0,0
585.549438,585.341675,128,125,189,255,126,1,60,203,0,0,0,0,0,0,0,0
587.582397,587.383911,129,125,190,255,127,1,58,204,128,0,0,0,0,0,0,0
589.615356,589.427002,128,125,191,255,126,1,61,203,0,0,0,0,0,0,0,0
591.648376,591.442932,129,125,192,255,126,1,60,203,0,0,0,0,0,0,0,0
593.681335,593.485229,128,124,192,255,126,1,62,203,0,0,0,0,0,0,0,0
595.769226,595.554993,128,125,192,255,127,1,60,203,0,0,0,0,0,0,0,0
597.802185,597.598145,128,124,192,255,125,1,57,203,128,0,0,0,0,0,0,0
599.835144,599.641052,128,125,192,255,123,1,60,203,0,0,0,0,0,0,0,0
601.868103,601.656494,129,125,193,255,123,1,60,204,128,0,0,0,0,0,0,0
603.901123,603.698425,128,125,193,255,124,1,60,203,0,0,0,0,0,0,0,0
605.989014,605.768555,129,124,193,255,127,1,57,204,128,0,0,0,0,0,0,0
608.021973,607.813293,129,124,193,255,120,1,56,203,0,0,0,0,0,0,0,0
610.054932,609.857483,129,123,193,255,117,1,57,203,128,0,0,0,0,0,0,0
612.087891,611.871582,129,125,192,255,121,2,60,204,0,0,0,0,0,0,0,0
614.120850,613.913879,129,124,193,255,122,1,59,204,128,0,0,0,0,0,0,0
616.208801,615.984497,128,124,192,255,124,1,55,203,0,0,0,0,0,0,0,0
618.241760,618.027710,129,124,193,255,119,1,51,204,128,0,0,0,0,0,0,0
620.274719,620.070618,129,125,193,255,118,1,58,204,0,0,0,0,0,0,0,0
622.307678,622.085632,129,125,194,255,119,1,50,204,0,0,0,0,0,0,0,0
624.340637,624.129822,129,125,194,255,119,1,51,204,128,0,0,0,0,0,0,0
626.373596,626.171814,129,125,195,255,122,1,55,204,0,0,0,0,0,0,0,0
628.461548,628.241516,129,125,194,255,130,1,65,204,128,0,0,0,0,0,0,0
630.494507,630.283325,129,125,194,255,140,1,74,204,0,0,0,0,0,0,0,0
632.527466,632.299194,129,125,194,255,143,0,66,204,128,0,0,0,0,0,0,0
634.560425,634.341309,129,125,193,255,142,2,69,204,0,0,0,0,0,0,0,0
636.593384,636.384216,129,124,192,255,140,2,66,204,128,0,0,0,0,0,0,0
638.681335,638.454224,129,125,191,255,132,1,63,204,0,0,0,0,0,0,0,0
640.714294,640.496521,129,124,191,255,128,2,66,204,128,0,0,0,0,0,0,0
642.747253,642.539673,129,125,190,255,133,1,65,204,0,0,0,0,0,0,0,0
644.780212,644.555115,129,124,189,255,138,1,64,204,128,0,0,0,0,0,0,0
646.813171,646.597046,129,125,189,255,140,1,63,204,0,0,0,0,0,0,0,0
648.901123,648.665771,129,124,188,255,134,1,67,204,128,0,0,0,0,0,0,0
650.934082,650.707153,129,125,188,255,134,1,63,204,0,0,0,0,0,0,0,0
652.967041,652.750366,129,124,187,255,134,2,66,203,0,0,0,0,0,0,0,0
655.000000,654.766357,129,124,187,255,136,1,72,204,0,0,0,0,0,0,0,0
657.032959,656.809082,129,125,186,255,139,1,67,204,0,0,0,0,0,0,0,0
659.065918,658.851196,129,124,186,255,134,1,67,204,128,0,0,0,0,0,0,0
661.153870,660.921753,129,125,187,255,138,1,69,204,0,0,0,0,0,0,0,0
663.186829,662.964355,129,124,186,255,140,2,68,204,128,0,0,0,0,0,0,0
665.219788,664.978699,129,125,186,255,135,1,64,204,0,0,0,0,0,0,0,0
667.252747,667.021851,129,124,186,255,134,1,68,204,128,0,0,0,0,0,0,0
669.285706,669.064209,129,124,186,255,137,2,70,204,0,0,0,0,0,0,0,0
671.373596,671.134094,129,125,185,255,140,1,71,204,128,0,0,0,0,0,0,0
673.406616,673.176208,129,124,186,255,140,2,62,204,0,0,0,0,0,0,0,0
675.439575,675.219360,129,125,186,255,136,1,68,204,128,0,0,0,0,0,0,0
677.472534,677.234009,129,124,185,255,138,1,71,204,0,0,0,0,0,0,0,0
679.505493,679.277161,129,125,186,255,139,2,69,204,128,0,0,0,0,0,0,0
681.593384,681.347473,129,124,185,255,133,1,62,204,128,0,0,0,0,0,0,0
683.626404,683.390320,129,124,186,255,135,1,66,204,0,0,0,0,0,0,0,0
685.659363,685.433167,129,125,185,255,141,1,72,204,128,0,0,0,0,0,0,0
687.692322,687.447021,129,124,185,255,141,1,69,204,0,0,0,0,0,0,0,0
689.725281,689.488342,129,125,186,255,141,1,66,204,128,0,0,0,0,0,0,0
691.758240,691.531250,129,125,185,255,140,1,67,204,0,0,0,0,0,0,0,0
693.846130,693.600098,129,124,186,255,140,1,63,204,128,0,0,0,0,0,0,0
695.879150,695.643250,129,125,185,255,139,1,63,204,0,0,0,0,0,0,0,0
697.912109,697.658020,129,124,185,255,140,2,68,204,128,0,0,0,0,0,0,0
699.945068,699.700623,129,125,185,255,137,1,64,204,0,0,0,0,0,0,0,0
701.978027,701.743469,129,124,184,255,137,1,64,204,128,0,0,0,0,0,0,0
704.065918,703.813049,129,124,185,255,137,1,73,204,0,0,0,0,0,0,0,0
706.098877,705.856018,129,124,185,255,139,1,67,204,128,0,0,0,0,0,0,0
708.131897,707.898499,129,125,185,255,141,2,66,204,0,0,0,0,0,0,0,0
710.164856,709.914368,129,124,184,255,135,2,66,204,128,0,0,0,0,0,0,0
712.197815,711.956299,129,125,184,255,132,2,67,204,128,0,0,0,0,0,0,0
714.285706,714.026123,129,125,184,255,142,1,67,204,0,0,0,0,0,0,0,0
716.318665,716.068787,129,124,184,255,142,1,66,204,128,0,0,0,0,0,0,0
718.351624,718.110718,129,125,185,255,141,2,68,204,0,0,0,0,0,0,0,0
720.384644,720.125793,129,124,185,255,134,1,67,204,128,0,0,0,0,0,0,0
722.417603,722.168091,129,125,184,255,140,1,73,204,0,0,0,0,0,0,0,0
724.450562,724.212036,129,125,184,255,139,1,69,204,128,0,0,0,0,0,0,0
726.538452,726.281372,129,124,184,255,138,2,70,204,0,0,0,0,0,0,0,0
728.571411,728.325806,129,125,184,255,139,1,68,204,128,0,0,0,0,0,0,0
730.604370,730.340515,129,125,184,255,142,1,73,204,0,0,0,0,0,0,0,0
732.637390,732.380798,129,124,184,255,137,1,66,204,128,0,0,0,0,0,0,0
734.670349,734.421387,129,125,184,255,140,1,72,204,0,0,0,0,0,0,0,0
736.703308,736.459412,129,124,183,255,140,1,64,204,128,0,0,0,0,0,0,0
738.791199,738.524292,129,124,184,255,139,1,63,204,0,0,0,0,0,0,0,0
740.824158,740.559204,129,124,183,255,139,2,66,204,0,0,0,0,0,0,0,0
742.857117,742.594177,129,125,184,255,140,1,68,204,0,0,0,0,0,0,0,0
744.890137,744.629333,129,124,183,255,135,1,64,204,0,0,0,0,0,0,0,0
746.923096,746.664917,129,125,183,255,138,2,64,204,128,0,0,0,0,0,0,0
748.956055,748.700439,129,125,183,255,137,1,70,204,0,0,0,0,0,0,0,0
750.989014,750.736206,129,125,183,255,192,1,79,203,129,0,0,0,0,0,0,0
753.021973,752.752991,129,255,183,255,192,2,63,204,1,0,0,0,0,0,0,0
755.054932,754.795227,129,255,183,255,192,1,69,204,129,0,0,0,0,0,0,0
757.142883,756.872192,129,255,183,255,192,1,65,204,0,0,0,0,0,0,0,0
759.175842,758.915283,129,255,183,255,25,1,50,204,128,0,0,0,0,0,0,0
761.208801,760.933167,129,255,184,255,24,1,74,204,0,0,0,0,0,0,0,0
763.241760,762.985107,129,255,183,255,25,1,65,204,128,0,0,0,0,0,0,0
765.329651,765.064026,129,255,184,255,25,2,68,204,0,0,0,0,0,0,0,0
767.362610,767.087402,129,255,184,255,23,1,64,204,128,0,0,0,0,0,0,0
769.395630,769.139038,129,255,184,255,25,2,63,204,128,0,0,0,0,0,0,0
771.483521,771.220276,129,255,184,255,24,1,74,204,0,0,0,0,0,0,0,0
773.516479,773.244263,129,255,184,255,25,1,62,204,128,0,0,0,0,0,0,0
775.604370,775.323547,129,255,184,255,24,1,68,204,0,0,0,0,0,0,0,0
777.637390,777.376465,129,255,184,255,25,1,61,204,128,0,0,0,0,0,0,0
779.670349,779.400757,129,255,184,255,21,1,70,204,0,0,0,0,0,0,0,0
781.758240,781.481750,129,255,184,255,24,1,63,204,128,0,0,0,0,0,0,0
783.791199,783.533630,129,255,185,255,24,1,76,204,0,0,0,0,0,0,0,0
785.824158,785.558289,129,255,184,255,24,1,68,204,128,0,0,0,0,0,0,0
787.912109,787.639099,129,255,184,255,25,1,68,204,0,0,0,0,0,0,0,0
789.945068,789.665466,129,255,184,255,24,1,61,204,128,0,0,0,0,0,0,0
791.978027,791.717529,129,255,184,255,24,2,69,204,0,0,0,0,0,0,0,0
794.065918,793.799622,129,255,184,255,23,1,64,204,0,0,0,0,0,0,0,0
796.098877,795.827515,129,255,184,255,25,1,66,204,128,0,0,0,0,0,0,0
798.186829,797.910034,129,255,184,255,23,1,61,204,0,0,0,0,0,0,0,0
800.219788,799.936218,129,255,184,255,25,1,67,204,128,0,0,0,0,0,0,0
802.252747,801.987122,129,255,184,255,25,2,63,204,0,0,0,0,0,0,0,0
804.340637,804.066772,129,255,185,255,24,1,72,204,128,0,0,0,0,0,0,0
806.373596,806.090210,129,255,184,255,25,1,72,204,0,0,0,0,0,0,0,0
808.461548,808.170349,129,255,185,255,24,1,73,204,128,0,0,0,0,0,0,0
810.494507,810.222290,129,255,184,255,25,2,65,204,0,0,0,0,0,0,0,0
812.527466,812.247131,129,255,184,255,25,1,63,204,128,0,0,0,0,0,0,0
814.615356,814.326965,129,255,185,255,24,1,66,204,0,0,0,0,0,0,0,0
816.648376,816.352905,129,255,185,255,24,1,60,204,128,0,0,0,0,0,0,0
818.681335,818.405945,129,255,185,255,24,2,62,204,128,0,0,0,0,0,0,0
820.769226,820.486267,129,255,185,255,24,1,64,204,0,0,0,0,0,0,0,0
822.802185,822.511047,129,255,185,255,24,1,61,204,128,0,0,0,0,0,0,0
824.835144,824.563110,129,255,185,255,25,2,62,204,128,0,0,0,0,0,0,0
826.923096,826.645325,129,255,185,255,24,1,73,204,0,0,0,0,0,0,0,0
828.956055,828.673157,129,255,185,255,23,1,74,204,128,0,0,0,0,0,0,0
831.043945,830.754883,129,255,186,255,24,1,72,204,0,0,0,0,0,0,0,0
833.076904,832.780701,129,255,185,255,25,1,63,204,128,0,0,0,0,0,0,0
835.109863,834.834167,129,255,185,255,24,1,68,204,0,0,0,0,0,0,0,0
837.197815,836.913513,129,255,185,255,25,1,73,204,128,0,0,0,0,0,0,0
839.230774,838.939148,129,255,186,255,24,1,67,204,0,0,0,0,0,0,0,0
841.318665,841.019714,129,255,186,255,25,2,71,205,128,0,0,0,0,0,0,0
843.351624,843.071777,129,255,185,255,24,1,63,204,0,0,0,0,0,0,0,0
845.384644,845.096375,129,255,185,255,24,1,70,204,0,0,0,0,0,0,0,0
847.472534,847.180176,129,255,185,255,26,1,65,204,128,0,0,0,0,0,0,0
849.505493,849.203247,129,255,185,255,24,1,67,204,0,0,0,0,0,0,0,0
851.538452,851.256409,129,255,185,255,25,1,74,204,128,0,0,0,0,0,0,0
853.626404,853.335999,129,255,184,255,24,1,64,204,0,0,0,0,0,0,0,0
855.659363,855.361755,129,255,185,255,25,1,59,204,128,0,0,0,0,0,0,0
857.747253,857.442749,129,255,185,255,24,1,70,204,0,0,0,0,0,0,0,0
859.780212,859.495178,129,255,185,255,25,1,72,204,128,0,0,0,0,0,0,0
861.813171,861.519714,129,255,184,255,24,2,67,204,128,0,0,0,0,0,0,0
863.901123,863.599670,129,255,184,255,23,1,61,204,0,0,0,0,0,0,0,0
865.934082,865.627808,129,255,185,255,25,2,64,204,128,0,0,0,0,0,0,0
867.967041,867.679443,129,255,184,255,25,1,57,204,0,0,0,0,0,0,0,0
870.054932,869.758545,129,255,184,255,25,1,66,204,128,0,0,0,0,0,0,0
872.087891,871.782959,129,255,184,255,24,1,57,204,0,0,0,0,0,0,0,0
874.175842,873.861389,129,255,184,255,25,1,69,204,128,0,0,0,0,0,0,0
876.208801,875.913513,129,255,184,255,25,1,67,204,0,0,0,0,0,0,0,0
878.241760,877.938965,129,255,185,255,24,2,60,204,128,0,0,0,0,0,0,0
880.329651,880.018677,129,255,185,255,24,1,64,204,0,0,0,0,0,0,0,0
882.362610,882.046326,129,255,185,255,25,1,73,204,0,0,0,0,0,0,0,0
884.395630,884.100464,129,255,185,255,24,1,71,204,128,0,0,0,0,0,0,0
886.483521,886.179871,129,255,185,255,25,1,62,204,0,0,0,0,0,0,0,0
888.516479,888.205078,129,255,185,255,23,2,60,204,128,0,0,0,0,0,0,0
890.604370,890.285095,129,255,185,255,24,1,65,204,0,0,0,0,0,0,0,0
892.637390,892.338013,129,255,185,255,25,1,67,204,128,0,0,0,0,0,0,0
894.670349,894.363342,129,255,185,255,25,1,60,204,0,0,0,0,0,0,0,0
896.758240,896.442261,129,255,185,255,25,2,74,204,128,0,0,0,0,0,0,0
898.791199,898.492615,129,255,186,255,23,2,69,204,0,0,0,0,0,0,0,0
900.824158,900.516113,129,255,185,255,25,1,75,205,0,0,0,0,0,0,0,0
902.912109,902.597412,129,255,185,255,25,1,63,204,128,0,0,0,0,0,0,0
904.945068,904.625732,129,255,185,255,25,1,59,204,0,0,0,0,0,0,0,0
907.032959,906.708008,129,255,185,255,25,1,72,204,128,0,0,0,0,0,0,0
909.065918,908.763489,129,255,184,255,25,1,64,204,0,0,0,0,0,0,0,0
911.098877,910.790833,129,255,185,255,25,2,61,204,128,0,0,0,0,0,0,0
913.186829,912.873779,129,255,185,255,25,1,74,204,0,0,0,0,0,0,0,0
915.219788,914.901062,129,255,184,255,25,1,66,204,128,0,0,0,0,0,0,0
917.307678,916.980591,129,255,184,255,25,1,64,204,0,0,0,0,0,0,0,0
919.340637,919.033569,129,255,184,255,24,1,55,205,0,0,0,0,0,0,0,0
921.373596,921.058899,129,255,184,255,25,2,64,204,128,0,0,0,0,0,0,0
923.461548,923.137817,129,255,183,255,25,1,64,204,0,0,0,0,0,0,0,0
925.494507,925.161133,129,255,184,255,25,2,67,204,128,0,0,0,0,0,0,0
927.527466,927.210022,129,255,184,255,25,1,59,204,0,0,0,0,0,0,0,0
929.615356,929.285156,129,255,184,255,25,1,63,204,128,0,0,0,0,0,0,0
931.648376,931.335632,129,255,183,255,25,1,73,204,0,0,0,0,0,0,0,0
933.681335,933.358826,129,255,184,255,25,1,66,204,128,0,0,0,0,0,0,0
935.769226,935.438354,129,255,184,255,25,2,66,204,0,0,0,0,0,0,0,0
937.802185,937.488647,129,255,184,255,25,1,75,204,128,0,0,0,0,0,0,0
939.835144,939.509888,129,255,184,255,26,2,58,204,0,0,0,0,0,0,0,0
941.923096,941.585632,129,255,183,255,26,2,70,204,128,0,0,0,0,0,0,0
943.956055,943.634094,129,255,184,255,25,1,60,204,0,0,0,0,0,0,0,0
945.989014,945.653992,129,255,184,255,25,1,63,204,128,0,0,0,0,0,0,0
948.021973,947.705444,129,255,184,255,25,1,65,204,0,0,0,0,0,0,0,0
950.109863,949.785583,129,255,185,255,25,2,64,204,0,0,0,0,0,0,0,0
952.142883,951.811646,129,255,185,255,25,2,68,204,128,0,0,0,0,0,0,0
954.230774,953.892151,129,255,186,255,25,2,60,204,0,0,0,0,0,0,0,0
956.263733,955.944397,129,255,186,255,24,1,54,204,128,0,0,0,0,0,0,0
958.296692,957.968750,129,255,188,255,24,2,55,204,0,0,0,0,0,0,0,0
960.384644,960.049316,129,255,189,255,25,1,71,204,128,0,0,0,0,0,0,0
962.417603,962.075562,129,255,190,255,25,2,70,204,0,0,0,0,0,0,0,0
964.450562,964.127808,129,255,190,255,25,1,62,204,128,0,0,0,0,0,0,0
966.538452,966.210083,129,255,191,255,25,1,57,204,0,0,0,0,0,0,0,0
968.571411,968.238159,129,255,191,255,24,2,60,204,128,0,0,0,0,0,0,0
970.659363,970.317871,129,255,191,255,25,1,61,204,128,0,0,0,0,0,0,0
972.692322,972.344482,129,255,193,255,25,1,60,204,0,0,0,0,0,0,0,0
974.725281,974.395996,129,255,193,255,24,2,63,204,128,0,0,0,0,0,0,0
976.813171,976.477295,129,255,193,255,25,1,57,204,0,0,0,0,0,0,0,0
978.846130,978.505310,129,255,194,255,25,1,56,204,128,0,0,0,0,0,0,0
980.934082,980.587158,129,255,194,255,25,1,55,204,0,0,0,0,0,0,0,0
982.967041,982.612244,129,255,195,255,25,1,59,204,128,0,0,0,0,0,0,0
985.000000,984.664612,129,255,195,255,24,1,61,204,0,0,0,0,0,0,0,0
987.087891,986.743408,129,255,195,255,25,1,57,204,128,0,0,0,0,0,0,0
989.120850,988.768616,129,255,195,255,25,1,59,204,128,0,0,0,0,0,0,0
991.153870,990.820496,129,255,196,255,25,1,53,204,0,0,0,0,0,0,0,0
993.241760,992.900330,129,255,195,255,26,1,52,204,128,0,0,0,0,0,0,0
995.274719,994.924255,129,255,195,255,24,2,56,204,0,0,0,0,0,0,0,0
997.362610,997.005676,129,255,196,255,25,1,59,204,128,0,0,0,0,0,0,0
999.395630,999.058533,129,255,196,255,25,1,58,204,0,0,0,0,0,0,0,0
1001.428589,1001.083740,129,255,196,255,26,1,56,204,128,0,0,0,0,0,0,0
1003.516479,1003.164001,129,255,195,255,25,2,62,204,0,0,0,0,0,0,0,0
1005.549438,1005.189636,129,255,195,255,25,1,59,204,0,0,0,0,0,0,0,0
1007.582397,1007.242004,129,255,196,255,25,1,54,204,0,0,0,0,0,0,0,0
1009.670349,1009.322998,129,255,196,255,25,2,63,204,0,0,0,0,0,0,0,0
1011.703308,1011.348938,129,255,195,255,25,2,60,204,128,0,0,0,0,0,0,0
1013.791199,1013.428711,129,255,195,255,25,1,63,204,0,0,0,0,0,0,0,0
1015.824158,1015.481384,129,255,196,255,25,1,64,204,128,0,0,0,0,0,0,0
1017.857117,1017.506897,129,255,195,255,25,1,63,204,0,0,0,0,0,0,0,0
1019.945068,1019.588684,129,255,195,255,25,1,57,204,128,0,0,0,0,0,0,0
1021.978027,1021.617310,129,255,195,255,24,1,61,204,0,0,0,0,0,0,0,0
1024.065918,1023.699158,129,255,194,255,24,1,58,204,128,0,0,0,0,0,0,0
1026.098877,1025.754028,129,255,194,255,25,2,56,204,128,0,0,0,0,0,0,0
1028.131836,1027.783203,129,255,193,255,26,1,56,204,0,0,0,0,0,0,0,0
1030.219727,1029.862549,129,255,193,255,25,1,56,204,128,0,0,0,0,0,0,0
1032.252808,1031.888062,129,255,193,255,25,1,57,204,0,0,0,0,0,0,0,0
1034.340698,1033.969238,129,255,193,255,25,1,59,204,128,0,0,0,0,0,0,0
1036.373657,1036.021729,129,255,192,255,26,1,57,204,0,0,0,0,0,0,0,0
1038.406616,1038.047729,129,255,191,255,25,1,54,204,128,0,0,0,0,0,0,0
1040.494507,1040.127197,129,255,191,255,25,1,60,204,0,0,0,0,0,0,0,0
1042.527466,1042.151855,129,255,190,255,23,2,55,204,128,0,0,0,0,0,0,0
1044.560425,1044.203735,129,255,190,255,25,1,60,204,0,0,0,0,0,0,0,0
1046.648315,1046.283081,129,255,189,255,25,1,54,204,128,0,0,0,0,0,0,0
1048.681274,1048.308228,129,255,188,255,25,1,53,205,0,0,0,0,0,0,0,0
1050.714233,1050.360840,129,255,188,255,25,2,60,204,0,0,0,0,0,0,0,0
1052.802246,1052.441772,129,255,188,255,25,1,62,204,128,0,0,0,0,0,0,0
1054.835205,1054.467041,129,255,187,255,25,1,60,204,0,0,0,0,0,0,0,0
1056.923096,1056.547485,129,255,186,255,25,1,64,205,128,0,0,0,0,0,0,0
1058.956055,1058.599854,129,255,185,255,26,1,59,205,0,0,0,0,0,0,0,0
1060.989014,1060.623535,129,255,184,255,25,1,64,205,128,0,0,0,0,0,0,0
1063.076904,1062.704956,129,255,183,255,25,1,72,205,0,0,0,0,0,0,0,0
1065.109863,1064.750977,129,255,183,255,25,1,60,205,128,0,0,0,0,0,0,0
1067.142822,1066.768066,129,255,182,255,25,2,55,204,0,0,0,0,0,0,0,0
1069.175781,1068.811035,129,255,182,255,25,1,71,205,128,0,0,0,0,0,0,0
1071.263794,1070.880737,129,255,180,255,25,1,65,205,0,0,0,0,0,0,0,0
1073.296753,1072.924316,129,255,179,255,25,1,62,204,128,0,0,0,0,0,0,0
1075.329712,1074.966064,129,255,178,255,25,1,59,204,0,0,0,0,0,0,0,0
1082.857178,1082.485718,129,255,176,255,25,1,50,205,0,0,0,0,0,0,0,0
1084.890137,1084.500244,129,255,175,255,24,2,71,204,0,0,0,0,0,0,0,0
1086.923096,1086.544922,129,255,175,255,25,2,71,204,128,0,0,0,0,0,0,0
1089.010986,1088.618530,129,255,174,255,25,2,64,204,0,0,0,0,0,0,0,0
1091.043945,1090.661621,129,255,174,255,26,1,66,204,128,0,0,0,0,0,0,0
1093.076904,1092.704224,129,255,173,255,25,2,64,204,0,0,0,0,0,0,0,0
1095.109863,1094.719727,129,255,172,255,25,2,78,204,128,0,0,0,0,0,0,0
1099.890137,1099.507202,129,255,170,255,26,2,64,204,128,0,0,0,0,0,0,0
1101.923096,1101.550903,129,255,169,255,26,1,74,204,0,0,0,0,0,0,0,0
1103.956055,1103.566406,129,255,168,255,25,1,77,204,0,0,0,0,0,0,0,0
1105.989014,1105.610229,129,255,167,255,26,1,64,204,128,0,0,0,0,0,0,0
1108.076904,1107.679932,129,255,166,255,26,1,57,204,0,0,0,0,0,0,0,0
1110.109863,1109.723145,129,255,165,255,26,2,50,204,128,0,0,0,0,0,0,0
1112.142822,1111.766602,129,255,164,255,25,1,50,205,0,0,0,0,0,0,0,0
1114.175781,1113.782227,129,255,163,255,25,1,74,204,128,0,0,0,0,0,0,0
1116.208740,1115.823975,129,255,163,255,26,2,78,204,0,0,0,0,0,0,0,0
1118.296753,1117.894653,129,255,161,255,25,1,62,204,128,0,0,0,0,0,0,0
1120.329712,1119.936890,129,255,160,255,25,1,55,205,0,0,0,0,0,0,0,0
1122.362671,1121.979248,129,255,160,255,25,1,52,205,128,0,0,0,0,0,0,0
1124.395630,1123.994141,129,255,159,255,26,2,76,204,0,0,0,0,0,0,0,0
1126.428589,1126.036133,129,255,154,255,26,1,76,205,128,0,0,0,0,0,0,0
1128.461548,1128.080200,129,255,148,255,26,2,59,205,0,0,0,0,0,0,0,0
1130.549438,1130.150024,129,255,140,255,26,1,74,204,0,0,0,0,0,0,0,0
1132.582397,1132.192505,129,255,135,255,26,1,72,204,128,0,0,0,0,0,0,0
1134.615356,1134.208862,129,255,127,255,26,1,72,204,0,0,0,0,0,0,0,0
1136.648315,1136.250854,130,255,121,255,27,2,55,205,128,0,0,0,0,0,0,0
1138.681274,1138.293579,129,255,116,255,25,2,68,204,0,0,0,0,0,0,0,0
1140.769287,1140.363159,129,255,111,255,26,2,63,204,128,0,0,0,0,0,0,0
1142.802246,1142.406006,129,255,104,255,25,2,72,205,0,0,0,0,0,0,0,0
1144.835205,1144.448853,129,255,98,255,25,1,56,204,128,0,0,0,0,0,0,0
1146.868164,1146.463989,129,255,92,255,25,2,51,205,0,0,0,0,0,0,0,0
1148.901123,1148.508789,129,255,88,255,26,1,64,204,128,0,0,0,0,0,0,0
1150.989014,1150.578613,129,255,84,255,26,2,63,205,0,0,0,0,0,0,0,0
1153.021973,1152.620728,129,255,80,255,25,1,56,204,128,0,0,0,0,0,0,0
1155.054932,1154.663696,129,255,77,255,25,2,63,204,0,0,0,0,0,0,0,0
1157.087891,1156.677612,129,255,78,255,26,2,76,204,128,0,0,0,0,0,0,0
1159.120850,1158.718750,129,255,74,255,25,2,61,204,128,0,0,0,0,0,0,0
1161.153809,1160.761719,129,255,72,255,26,2,72,204,0,0,0,0,0,0,0,0
1163.241699,1162.831543,129,255,72,255,26,2,78,204,128,0,0,0,0,0,0,0
1165.274780,1164.874268,129,255,70,255,25,2,63,204,0,0,0,0,0,0,0,0
1167.307739,1166.890137,129,255,69,255,27,1,64,204,128,0,0,0,0,0,0,0
1169.340698,1168.932861,129,255,67,255,25,1,64,204,0,0,0,0,0,0,0,0
1171.373657,1170.975464,129,255,69,255,26,2,66,204,128,0,0,0,0,0,0,0
1173.461548,1173.046021,129,255,68,255,26,1,63,204,0,0,0,0,0,0,0,0
1175.494507,1175.087036,129,255,68,255,26,1,56,204,128,0,0,0,0,0,0,0
1177.527466,1177.102661,129,255,67,255,26,1,77,204,0,0,0,0,0,0,0,0
1179.560425,1179.145508,129,255,66,255,26,2,78,204,128,0,0,0,0,0,0,0
1181.593384,1181.187134,129,255,66,255,26,2,51,204,0,0,0,0,0,0,0,0
1183.681274,1183.256836,129,255,64,255,26,1,58,204,0,0,0,0,0,0,0,0
1185.714233,1185.300293,129,255,63,255,25,2,62,204,128,0,0,0,0,0,0,0
1187.747192,1187.342651,129,255,62,255,26,2,63,204,0,0,0,0,0,0,0,0
1189.780273,1189.358887,129,255,59,255,26,1,68,204,128,0,0,0,0,0,0,0
1191.813232,1191.401611,129,255,54,255,26,2,66,204,0,0,0,0,0,0,0,0
1193.901123,1193.471436,129,255,50,255,26,2,72,204,128,0,0,0,0,0,0,0
1195.934082,1195.514282,129,255,45,255,27,2,63,204,0,0,0,0,0,0,0,0
1197.967041,1197.557373,129,255,41,255,25,1,77,204,128,0,0,0,0,0,0,0
1200.000000,1199.572876,129,255,38,255,25,2,57,204,0,0,0,0,0,0,0,0
1202.032959,1201.615112,129,255,33,255,25,1,60,204,128,0,0,0,0,0,0,0
1204.065918,1203.657715,129,255,32,251,26,1,72,204,0,0,0,0,0,0,0,0
1206.098877,1205.683105,129,255,27,219,26,1,78,204,128,0,0,0,0,0,0,0
1208.131836,1207.708618,129,255,23,194,27,2,61,204,0,0,0,0,0,0,0,0
1210.164795,1209.731567,129,250,21,175,27,2,62,204,128,0,0,0,0,0,0,0
1212.197754,1211.782471,129,220,18,141,27,2,64,204,0,0,0,0,0,0,0,0
1214.230713,1213.805664,129,192,13,107,27,2,68,204,128,0,0,0,0,0,0,0
1216.263794,1215.829590,129,171,10,92,27,2,55,204,0,0,0,0,0,0,0,0
1218.241699,1217.825806,130,158,11,79,35,1,58,205,128,0,0,0,0,0,0,0
1220.274780,1219.845703,129,143,8,60,73,2,62,204,0,0,0,0,0,0,0,0
1222.307739,1221.885864,129,111,4,34,216,1,39,204,128,0,0,0,0,0,0,0
1224.395630,1223.969238,243,111,4,34,216,1,39,204,128,0,0,0,0,0,0,0
1226.538452,1226.120728,151,111,4,34,216,1,39,204,128,0,0,0,0,0,0,0
