0.000000,0.000000,171,255,227,254,190,19,2,193,1,0,0,0,0,0,0,0
0.054945,0.058709,171,255,227,254,190,19,2,193,1,0,0,0,0,0,0,0
0.054945,0.067091,171,255,227,254,190,19,2,193,1,0,0,0,0,0,0,0
0.109890,0.126868,171,255,227,254,190,19,2,193,1,0,0,0,0,0,0,0
0.109890,0.131959,171,255,227,254,190,19,2,193,1,0,0,0,0,0,0,0
0.164835,0.165336,171,255,227,254,190,19,2,193,1,0,0,0,0,0,0,0
0.219780,0.225190,171,255,227,254,190,19,2,193,1,0,0,0,0,0,0,0
0.219780,0.230898,171,255,227,254,190,19,2,193,1,0,0,0,0,0,0,0
0.274725,0.291554,171,255,227,254,190,19,2,193,1,0,0,0,0,0,0,0
0.274725,0.296569,171,255,227,254,190,19,2,193,1,0,0,0,0,0,0,0
0.329670,0.331408,171,255,227,254,190,19,2,193,1,0,0,0,0,0,0,0
0.384615,0.391467,171,255,227,254,190,19,2,193,1,0,0,0,0,0,0,0
0.384615,0.397331,171,255,227,254,190,19,2,193,1,0,0,0,0,0,0,0
0.439560,0.460322,171,255,227,254,190,19,2,193,1,0,0,0,0,0,0,0
0.494505,0.492823,171,255,227,254,190,19,2,193,1,0,0,0,0,0,0,0
0.494505,0.497578,171,255,227,254,190,19,2,193,1,0,0,0,0,0,0,0
0.549451,0.557747,171,255,227,254,190,19,2,193,1,0,0,0,0,0,0,0
0.549451,0.563768,171,255,227,254,190,19,2,193,1,0,0,0,0,0,0,0
0.604396,0.623311,171,255,227,254,190,19,2,193,1,0,0,0,0,0,0,0
0.659341,0.658359,171,255,227,254,190,19,2,193,1,0,0,0,0,0,0,0
0.659341,0.666197,171,255,227,254,190,19,2,193,1,0,0,0,0,0,0,0
0.714286,0.727367,171,255,227,254,190,19,2,193,1,0,0,0,0,0,0,0
0.714286,0.732175,171,255,227,254,190,19,2,193,1,0,0,0,0,0,0,0
0.769231,0.793161,171,255,227,254,190,19,2,193,1,0,0,0,0,0,0,0
0.824176,0.825514,171,255,227,254,190,19,2,193,1,0,0,0,0,0,0,0
0.824176,0.830753,171,255,227,254,190,19,2,193,1,0,0,0,0,0,0,0
0.879121,0.891715,171,255,227,254,190,19,2,193,1,0,0,0,0,0,0,0
0.879121,0.896580,171,255,227,254,190,19,2,193,1,0,0,0,0,0,0,0
0.934066,0.956644,171,255,227,254,190,19,2,193,1,0,0,0,0,0,0,0
0.989011,0.988930,171,255,227,254,190,19,2,193,1,0,0,0,0,0,0,0
0.989011,0.994544,171,255,227,254,190,19,2,193,1,0,0,0,0,0,0,0
1.043956,1.058033,171,255,227,254,190,19,2,193,1,0,0,0,0,0,0,0
1.043956,1.062865,171,255,227,254,190,19,2,193,1,0,0,0,0,0,0,0
1.098901,1.122713,171,255,227,254,190,19,2,193,1,0,0,0,0,0,0,0
1.153846,1.154846,171,255,227,254,190,19,2,193,1,0,0,0,0,0,0,0
1.153846,1.160715,171,255,227,254,190,19,2,193,1,0,0,0,0,0,0,0
1.208791,1.223532,171,255,227,254,190,19,2,193,1,0,0,0,0,0,0,0
1.208791,1.228300,171,255,227,254,190,19,2,193,1,0,0,0,0,0,0,0
1.263736,1.261753,171,255,227,254,190,19,2,193,1,0,0,0,0,0,0,0
1.318681,1.323671,255,151,150,254,190,19,2,193,1,0,0,0,0,0,0,0
1.318681,1.329588,0,151,150,254,191,1,81,183,129,0,0,0,0,0,0,0
1.373626,1.393523,0,0,145,254,190,0,83,183,129,0,0,0,0,0,0,0
1.428571,1.371256,0,0,145,254,190,0,83,183,129,0,0,0,0,0,0,0
1.428571,1.430927,127,255,145,254,190,0,83,183,129,0,0,0,0,0,0,0
1.483516,1.491616,127,255,145,254,190,0,83,183,129,0,0,0,0,0,0,0
1.483516,1.500190,127,255,145,254,190,0,83,183,129,0,0,0,0,0,0,0
1.538462,1.559991,127,255,145,254,190,0,83,183,129,0,0,0,0,0,0,0
1.593407,1.592329,127,255,145,254,190,0,83,183,129,0,0,0,0,0,0,0
1.593407,1.600690,127,255,145,254,190,0,83,183,129,0,0,0,0,0,0,0
1.648352,1.661485,127,255,145,254,190,0,83,183,129,0,0,0,0,0,0,0
1.648352,1.666041,117,255,76,254,194,1,83,183,129,0,0,0,0,0,0,0
1.703297,1.725904,117,255,76,254,194,1,0,183,1,0,0,0,0,0,0,0
1.758242,1.759331,117,255,76,254,194,1,0,183,1,0,0,0,0,0,0,0
1.758242,1.764990,0,255,78,254,192,0,0,182,1,0,0,0,0,0,0,0
1.813187,1.827055,0,255,83,254,191,0,0,182,1,0,0,0,0,0,0,0
1.813187,1.831645,127,255,83,254,191,0,0,182,129,0,0,0,0,0,0,0
1.868132,1.870021,127,255,83,254,191,0,0,182,129,0,0,0,0,0,0,0
1.923077,1.929981,117,255,83,254,191,0,0,182,129,0,0,0,0,0,0,0
1.923077,1.939316,117,255,83,254,191,0,0,182,129,0,0,0,0,0,0,0
1.978022,1.999285,117,255,83,254,191,0,0,182,129,0,0,0,0,0,0,0
2.032967,2.031366,117,255,83,254,191,0,0,182,129,0,0,0,0,0,0,0
2.032967,2.038640,250,0,55,254,165,1,95,179,1,0,0,0,0,0,0,0
2.087912,2.100339,0,0,42,254,167,1,95,179,1,0,0,0,0,0,0,0
2.087912,2.105810,127,255,42,254,167,1,112,182,1,0,0,0,0,0,0,0
2.142857,2.142628,127,255,42,254,167,1,112,182,1,0,0,0,0,0,0,0
2.197802,2.202536,127,255,42,254,167,1,112,182,1,0,0,0,0,0,0,0
2.197802,2.208088,127,255,42,254,167,1,112,182,1,0,0,0,0,0,0,0
2.252747,2.271727,127,255,42,254,167,1,112,182,1,0,0,0,0,0,0,0
2.307692,2.276506,127,255,42,254,167,1,112,182,1,0,0,0,0,0,0,0
2.307692,2.309059,127,255,42,254,167,1,112,182,1,0,0,0,0,0,0,0
2.362637,2.368814,0,0,34,253,191,1,112,182,1,0,0,0,0,0,0,0
2.362637,2.378165,0,0,34,253,191,15,6,193,129,0,0,0,0,0,0,0
2.417583,2.438074,0,0,34,253,191,15,6,193,129,0,0,0,0,0,0,0
2.417583,2.441955,127,255,34,253,191,15,6,193,129,0,0,0,0,0,0,0
2.472528,2.474397,0,0,69,254,192,15,6,193,129,0,0,0,0,0,0,0
2.527472,2.534410,0,0,69,254,192,12,3,193,129,0,0,0,0,0,0,0
2.527472,2.542101,0,0,42,254,191,12,16,195,129,0,0,0,0,0,0,0
2.582417,2.600708,0,0,42,254,191,12,16,195,129,0,0,0,0,0,0,0
2.582417,2.604544,0,0,42,254,191,12,16,195,129,0,0,0,0,0,0,0
2.637363,2.636522,0,0,42,254,191,12,16,195,129,0,0,0,0,0,0,0
2.692308,2.695182,0,0,42,254,191,12,16,195,129,0,0,0,0,0,0,0
2.692308,2.699954,0,0,42,254,191,12,16,195,129,0,0,0,0,0,0,0
2.747253,2.760775,124,0,42,254,191,12,16,195,129,0,0,0,0,0,0,0
2.747253,2.765726,124,255,160,254,191,31,114,188,1,0,0,0,0,0,0,0
2.802198,2.800301,120,255,98,254,190,17,115,188,1,0,0,0,0,0,0,0
2.857143,2.859012,120,255,98,254,190,17,115,189,1,0,0,0,0,0,0,0
2.857143,2.864208,124,255,98,254,190,17,115,189,1,0,0,0,0,0,0,0
2.912088,2.926038,124,255,42,254,191,14,113,194,129,0,0,0,0,0,0,0
2.912088,2.930862,124,255,21,173,190,15,113,194,129,0,0,0,0,0,0,0
2.967033,2.990459,124,255,21,173,190,15,99,191,129,0,0,0,0,0,0,0
3.021978,3.023527,124,255,21,173,190,15,99,191,129,0,0,0,0,0,0,0
3.021978,3.028610,124,255,21,173,190,15,99,191,129,0,0,0,0,0,0,0
3.076923,3.087526,125,255,87,173,190,15,99,191,129,0,0,0,0,0,0,0
3.076923,3.092773,125,255,87,173,190,15,99,191,129,0,0,0,0,0,0,0
3.131868,3.153202,125,255,87,173,190,15,99,191,129,0,0,0,0,0,0,0
3.186813,3.184776,127,255,87,173,190,15,99,191,129,0,0,0,0,0,0,0
3.186813,3.188910,0,255,58,173,190,15,99,191,129,0,0,0,0,0,0,0
3.241758,3.251312,0,255,58,254,183,13,75,192,129,0,0,0,0,0,0,0
3.241758,3.255876,122,255,47,254,182,17,106,191,129,0,0,0,0,0,0,0
3.296703,3.315840,122,255,52,254,182,17,106,191,129,0,0,0,0,0,0,0
3.351648,3.349788,123,255,52,254,182,17,119,192,1,0,0,0,0,0,0,0
3.351648,3.354457,123,255,57,254,182,20,118,192,1,0,0,0,0,0,0,0
3.406593,3.413270,0,255,55,254,177,20,118,192,1,0,0,0,0,0,0,0
3.406593,3.419918,0,255,56,254,177,20,118,193,1,0,0,0,0,0,0,0
3.461539,3.478532,0,255,56,254,176,15,118,188,1,0,0,0,0,0,0,0
3.461539,3.482258,0,255,56,254,176,15,118,188,1,0,0,0,0,0,0,0
3.516484,3.514549,122,255,67,254,189,15,118,188,1,0,0,0,0,0,0,0
3.571429,3.576799,122,255,67,254,189,23,86,193,1,0,0,0,0,0,0,0
3.571429,3.581517,122,255,67,254,189,23,86,193,1,0,0,0,0,0,0,0
3.626374,3.644125,125,255,21,170,195,14,118,193,1,0,0,0,0,0,0,0
3.626374,3.648172,125,255,21,170,195,14,118,194,129,0,0,0,0,0,0,0
3.681319,3.681138,125,255,21,170,195,14,118,194,129,0,0,0,0,0,0,0
3.736264,3.739697,125,255,21,170,195,14,118,194,129,0,0,0,0,0,0,0
3.736264,3.744523,124,255,191,254,190,17,118,194,129,0,0,0,0,0,0,0
3.791209,3.804126,125,255,213,254,190,17,40,194,129,0,0,0,0,0,0,0
3.791209,3.807902,125,255,213,254,191,23,3,193,129,0,0,0,0,0,0,0
3.846154,3.866925,125,255,213,254,191,23,3,193,129,0,0,0,0,0,0,0
3.901099,3.900464,125,255,213,254,191,23,3,193,129,0,0,0,0,0,0,0
3.901099,3.905131,124,255,213,254,191,23,3,193,129,0,0,0,0,0,0,0
3.956044,3.967917,124,255,226,254,188,11,1,193,1,0,0,0,0,0,0,0
3.956044,3.972614,124,255,226,254,188,11,1,193,1,0,0,0,0,0,0,0
4.010989,4.031645,124,255,226,254,188,11,1,193,1,0,0,0,0,0,0,0
4.065934,4.064761,124,255,226,254,188,11,1,193,1,0,0,0,0,0,0,0
4.065934,4.068907,124,255,230,254,189,19,39,193,1,0,0,0,0,0,0,0
4.120879,4.128035,123,255,236,254,189,19,39,193,1,0,0,0,0,0,0,0
4.120879,4.133182,124,255,236,254,189,21,78,193,1,0,0,0,0,0,0,0
4.175824,4.192101,124,255,238,254,190,17,96,195,1,0,0,0,0,0,0,0
4.175824,4.196359,124,255,239,254,189,17,96,195,1,0,0,0,0,0,0,0
4.230769,4.229369,124,255,240,254,189,17,81,193,129,0,0,0,0,0,0,0
4.285714,4.290675,124,255,240,254,191,14,46,195,129,0,0,0,0,0,0,0
4.285714,4.296300,124,255,240,254,191,14,46,195,129,0,0,0,0,0,0,0
4.340659,4.355203,124,255,240,254,191,14,46,195,129,0,0,0,0,0,0,0
4.340659,4.360658,124,255,240,254,191,14,46,195,129,0,0,0,0,0,0,0
4.395605,4.395545,124,255,239,254,192,6,0,195,129,0,0,0,0,0,0,0
4.450550,4.454355,124,255,239,254,192,6,0,195,129,0,0,0,0,0,0,0
4.450550,4.458138,124,255,240,254,192,6,0,195,129,0,0,0,0,0,0,0
4.505495,4.517005,124,255,240,254,192,6,0,194,129,0,0,0,0,0,0,0
4.505495,4.521317,124,255,241,254,191,11,1,195,129,0,0,0,0,0,0,0
4.560440,4.580545,125,255,240,254,192,11,1,195,1,0,0,0,0,0,0,0
4.615385,4.616216,125,255,240,254,192,7,1,195,1,0,0,0,0,0,0,0
4.615385,4.620055,125,255,240,254,192,7,1,195,1,0,0,0,0,0,0,0
4.670330,4.679024,124,255,240,254,192,8,1,195,1,0,0,0,0,0,0,0
4.670330,4.684938,124,255,240,254,192,8,1,194,1,0,0,0,0,0,0,0
4.725275,4.744221,124,255,240,254,192,8,1,194,1,0,0,0,0,0,0,0
4.780220,4.777161,124,255,240,254,191,8,1,195,1,0,0,0,0,0,0,0
4.780220,4.781360,124,255,240,254,191,8,1,195,1,0,0,0,0,0,0,0
4.835165,4.840419,124,255,240,254,191,8,1,194,1,0,0,0,0,0,0,0
4.835165,4.845677,124,255,240,254,192,8,6,193,129,0,0,0,0,0,0,0
4.890110,4.905200,124,255,240,254,191,9,15,193,129,0,0,0,0,0,0,0
4.890110,4.912160,124,255,240,254,191,9,15,194,129,0,0,0,0,0,0,0
4.945055,4.944612,124,255,240,254,191,11,29,195,129,0,0,0,0,0,0,0
5.000000,5.003520,124,255,240,254,191,11,29,195,129,0,0,0,0,0,0,0
5.000000,5.007462,123,255,241,254,191,10,29,195,129,0,0,0,0,0,0,0
5.054945,5.066537,124,255,241,254,191,10,55,194,129,0,0,0,0,0,0,0
5.054945,5.070949,124,255,241,254,191,9,64,192,129,0,0,0,0,0,0,0
5.109890,5.130448,124,255,241,254,191,9,64,192,129,0,0,0,0,0,0,0
5.164835,5.165895,123,255,241,254,191,9,64,192,129,0,0,0,0,0,0,0
5.164835,5.170414,123,255,241,254,190,11,91,193,1,0,0,0,0,0,0,0
5.219780,5.230375,123,255,241,254,190,11,91,193,1,0,0,0,0,0,0,0
5.219780,5.235456,123,255,241,254,190,11,91,193,1,0,0,0,0,0,0,0
5.274725,5.294745,123,255,241,254,190,11,91,193,1,0,0,0,0,0,0,0
5.329670,5.327559,123,255,241,254,190,11,91,193,1,0,0,0,0,0,0,0
5.329670,5.331331,123,255,241,254,186,17,118,192,1,0,0,0,0,0,0,0
5.384615,5.390044,123,255,241,254,186,17,118,192,1,0,0,0,0,0,0,0
5.384615,5.394490,123,255,241,254,186,16,118,192,1,0,0,0,0,0,0,0
5.439560,5.453166,123,255,241,254,186,16,118,192,1,0,0,0,0,0,0,0
5.439560,5.458873,123,255,241,254,185,15,118,192,1,0,0,0,0,0,0,0
5.494505,5.492161,123,255,241,254,185,15,118,191,129,0,0,0,0,0,0,0
5.549450,5.553933,123,255,241,254,185,16,117,192,129,0,0,0,0,0,0,0
5.549450,5.558286,123,255,241,254,184,14,116,191,129,0,0,0,0,0,0,0
5.604395,5.617203,123,255,241,254,184,14,116,191,129,0,0,0,0,0,0,0
5.604395,5.621356,123,255,241,254,185,13,113,192,129,0,0,0,0,0,0,0
5.659341,5.680482,123,255,241,254,185,13,113,192,129,0,0,0,0,0,0,0
5.714286,5.714704,123,255,241,254,184,15,113,192,129,0,0,0,0,0,0,0
5.714286,5.718748,123,255,241,254,184,15,106,193,129,0,0,0,0,0,0,0
5.769231,5.780681,123,255,241,254,184,15,106,193,129,0,0,0,0,0,0,0
5.769231,5.784930,123,255,241,254,185,14,101,192,129,0,0,0,0,0,0,0
5.824176,5.844111,123,255,241,254,185,14,101,192,1,0,0,0,0,0,0,0
5.879121,5.877701,123,255,241,254,185,14,101,192,1,0,0,0,0,0,0,0
5.879121,5.881433,123,255,241,254,185,14,101,192,1,0,0,0,0,0,0,0
5.934066,5.940195,123,255,241,254,185,14,101,192,1,0,0,0,0,0,0,0
5.934066,5.944920,123,255,241,254,185,14,101,192,1,0,0,0,0,0,0,0
5.989011,6.003788,123,255,241,254,187,12,76,194,1,0,0,0,0,0,0,0
5.989011,6.008819,123,255,241,254,187,12,76,194,1,0,0,0,0,0,0,0
6.043956,6.041848,123,255,241,254,187,12,76,194,1,0,0,0,0,0,0,0
6.098901,6.100499,123,255,241,254,187,12,76,194,1,0,0,0,0,0,0,0
6.098901,6.104292,123,255,241,254,187,12,76,194,1,0,0,0,0,0,0,0
6.153846,6.163358,123,255,241,254,187,12,76,194,1,0,0,0,0,0,0,0
6.153846,6.170733,124,255,241,254,187,12,76,194,1,0,0,0,0,0,0,0
6.208791,6.230430,124,255,241,254,189,12,50,193,129,0,0,0,0,0,0,0
6.263736,6.263972,124,255,241,254,189,13,57,192,129,0,0,0,0,0,0,0
6.263736,6.267918,123,255,241,254,189,13,57,192,129,0,0,0,0,0,0,0
6.318681,6.326823,124,255,241,254,189,12,62,193,129,0,0,0,0,0,0,0
6.318681,6.332739,124,255,241,254,190,12,65,193,1,0,0,0,0,0,0,0
6.373626,6.392906,124,255,241,254,190,12,65,193,1,0,0,0,0,0,0,0
6.428571,6.425826,124,255,241,254,190,12,65,193,1,0,0,0,0,0,0,0
6.428571,6.430027,124,255,241,254,189,13,77,193,1,0,0,0,0,0,0,0
6.483517,6.489102,123,255,241,254,189,13,82,193,1,0,0,0,0,0,0,0
6.483517,6.493522,123,255,242,254,189,13,82,193,1,0,0,0,0,0,0,0
6.538462,6.556195,123,255,242,254,190,13,84,192,1,0,0,0,0,0,0,0
6.538462,6.560215,123,255,241,254,189,13,86,193,1,0,0,0,0,0,0,0
6.593407,6.592315,123,255,241,254,189,12,86,193,1,0,0,0,0,0,0,0
6.648352,6.651008,123,255,241,254,189,12,87,193,1,0,0,0,0,0,0,0
6.648352,6.656254,123,255,241,254,190,13,86,193,129,0,0,0,0,0,0,0
6.703297,6.716317,124,255,241,254,188,13,87,193,129,0,0,0,0,0,0,0
6.703297,6.722439,124,255,241,254,188,13,87,193,129,0,0,0,0,0,0,0
6.758242,6.755582,124,255,241,254,188,12,88,192,129,0,0,0,0,0,0,0
6.813187,6.814360,124,255,241,254,188,12,88,192,129,0,0,0,0,0,0,0
6.813187,6.820353,124,255,241,254,188,12,88,192,129,0,0,0,0,0,0,0
6.868132,6.879424,124,255,241,254,188,12,88,192,129,0,0,0,0,0,0,0
6.868132,6.883731,124,255,241,254,188,12,88,192,129,0,0,0,0,0,0,0
6.923077,6.943219,124,255,241,254,188,12,88,192,129,0,0,0,0,0,0,0
6.978022,6.975717,124,255,241,254,188,12,88,192,129,0,0,0,0,0,0,0
6.978022,6.979454,124,255,241,254,188,12,88,192,129,0,0,0,0,0,0,0
7.032967,7.038215,124,255,241,254,188,12,88,192,129,0,0,0,0,0,0,0
7.032967,7.043576,123,255,241,254,189,14,88,192,129,0,0,0,0,0,0,0
7.087912,7.102273,123,255,241,254,189,14,94,193,1,0,0,0,0,0,0,0
7.087912,7.108295,123,255,241,254,189,12,91,194,1,0,0,0,0,0,0,0
7.142857,7.139918,124,255,241,254,189,13,87,193,1,0,0,0,0,0,0,0
7.197802,7.198615,124,255,241,254,189,13,87,193,1,0,0,0,0,0,0,0
7.197802,7.205498,123,255,241,254,189,13,84,194,1,0,0,0,0,0,0,0
7.252747,7.264857,123,255,242,254,189,13,78,193,129,0,0,0,0,0,0,0
7.252747,7.269785,124,255,241,254,188,13,74,193,129,0,0,0,0,0,0,0
7.307693,7.329069,123,255,242,254,188,13,74,193,129,0,0,0,0,0,0,0
7.362638,7.362448,123,255,242,254,189,13,71,193,129,0,0,0,0,0,0,0
7.362638,7.366236,124,255,241,254,190,13,69,193,129,0,0,0,0,0,0,0
7.417583,7.424998,123,255,242,254,190,13,69,193,129,0,0,0,0,0,0,0
7.417583,7.429254,124,255,242,254,190,12,69,194,129,0,0,0,0,0,0,0
7.472528,7.487909,124,255,242,254,189,11,68,194,129,0,0,0,0,0,0,0
7.472528,7.494976,124,255,242,254,189,11,68,194,129,0,0,0,0,0,0,0
7.527472,7.527477,124,255,242,254,189,11,68,194,129,0,0,0,0,0,0,0
7.582417,7.586234,124,255,242,254,189,11,68,194,129,0,0,0,0,0,0,0
7.582417,7.593761,124,255,242,254,188,12,66,194,129,0,0,0,0,0,0,0
7.637362,7.652629,124,255,241,254,189,12,66,194,1,0,0,0,0,0,0,0
7.637362,7.658659,124,255,241,254,189,10,64,194,1,0,0,0,0,0,0,0
7.692307,7.692849,124,255,241,254,189,10,64,194,1,0,0,0,0,0,0,0
7.747253,7.751729,124,255,241,254,189,11,59,194,1,0,0,0,0,0,0,0
7.747253,7.755878,124,255,241,254,189,11,59,194,1,0,0,0,0,0,0,0
7.802198,7.814641,124,255,241,254,190,12,57,194,1,0,0,0,0,0,0,0
7.802198,7.819001,124,255,241,254,190,11,58,194,1,0,0,0,0,0,0,0
7.857143,7.854968,124,255,240,254,190,11,58,194,1,0,0,0,0,0,0,0
7.912088,7.913643,124,255,240,254,190,11,54,193,129,0,0,0,0,0,0,0
7.912088,7.918419,124,255,240,254,190,11,54,193,129,0,0,0,0,0,0,0
7.967033,7.977180,124,255,241,254,189,11,51,193,129,0,0,0,0,0,0,0
7.967033,7.981171,124,255,241,254,189,11,51,193,129,0,0,0,0,0,0,0
8.021978,8.040349,124,255,241,254,190,11,50,194,129,0,0,0,0,0,0,0
8.076923,8.073162,124,255,241,254,190,11,50,194,129,0,0,0,0,0,0,0
8.076923,8.080208,124,255,241,254,190,11,50,194,129,0,0,0,0,0,0,0
8.131868,8.139328,124,255,241,254,190,11,50,194,129,0,0,0,0,0,0,0
8.131868,8.143762,124,255,241,254,190,11,48,194,1,0,0,0,0,0,0,0
8.186813,8.203769,124,255,241,254,190,11,49,194,1,0,0,0,0,0,0,0
8.241758,8.239231,124,255,241,254,190,11,49,194,1,0,0,0,0,0,0,0
8.241758,8.243228,124,255,241,254,190,11,49,194,1,0,0,0,0,0,0,0
8.296703,8.302296,124,255,241,254,190,11,49,194,1,0,0,0,0,0,0,0
8.296703,8.306293,124,255,240,254,190,11,49,194,1,0,0,0,0,0,0,0
8.351648,8.365162,124,255,240,254,190,11,44,193,1,0,0,0,0,0,0,0
8.351648,8.370353,124,255,240,254,189,11,42,193,1,0,0,0,0,0,0,0
8.406593,8.405048,124,255,240,254,189,11,42,193,1,0,0,0,0,0,0,0
8.461538,8.463893,124,255,241,254,190,11,42,193,1,0,0,0,0,0,0,0
8.461538,8.467835,124,255,241,254,190,11,41,194,129,0,0,0,0,0,0,0
8.516483,8.527584,124,255,241,254,191,10,44,194,129,0,0,0,0,0,0,0
8.516483,8.532001,124,255,240,254,190,11,44,194,129,0,0,0,0,0,0,0
8.571428,8.591490,124,255,240,254,190,11,41,193,129,0,0,0,0,0,0,0
8.626373,8.626015,124,255,240,254,190,11,41,193,129,0,0,0,0,0,0,0
8.626373,8.629905,123,255,241,254,190,11,46,194,129,0,0,0,0,0,0,0
8.681318,8.688770,124,255,241,254,190,11,46,194,129,0,0,0,0,0,0,0
8.681318,8.694638,125,255,241,254,190,9,45,194,129,0,0,0,0,0,0,0
8.736263,8.753864,125,255,241,254,189,10,45,194,129,0,0,0,0,0,0,0
8.791209,8.786973,125,255,241,254,189,10,45,194,129,0,0,0,0,0,0,0
8.791209,8.790931,125,255,241,254,189,10,45,194,129,0,0,0,0,0,0,0
8.846154,8.850005,125,255,241,254,189,10,45,194,129,0,0,0,0,0,0,0
8.846154,8.854311,125,255,241,254,189,10,45,194,129,0,0,0,0,0,0,0
8.901099,8.916665,125,255,241,254,189,10,45,194,129,0,0,0,0,0,0,0
8.901099,8.921331,125,255,241,254,189,10,45,194,129,0,0,0,0,0,0,0
8.956044,8.953846,125,255,241,254,189,10,45,194,129,0,0,0,0,0,0,0
9.010989,9.012802,125,255,241,254,189,10,45,194,129,0,0,0,0,0,0,0
9.010989,9.016742,124,255,241,254,189,10,45,194,129,0,0,0,0,0,0,0
9.065934,9.075714,124,255,241,254,191,10,46,194,129,0,0,0,0,0,0,0
9.065934,9.081016,124,255,241,254,191,10,46,194,129,0,0,0,0,0,0,0
9.120879,9.140140,124,255,241,254,191,10,46,194,129,0,0,0,0,0,0,0
9.175824,9.175179,124,255,241,254,191,10,46,194,129,0,0,0,0,0,0,0
9.175824,9.178968,124,255,241,254,191,10,46,194,129,0,0,0,0,0,0,0
9.230769,9.237778,124,255,241,254,191,10,46,194,129,0,0,0,0,0,0,0
9.230769,9.243749,125,255,241,254,191,10,51,194,129,0,0,0,0,0,0,0
9.285714,9.303187,125,255,241,254,191,11,50,194,129,0,0,0,0,0,0,0
9.340659,9.337770,124,255,241,254,191,10,49,194,129,0,0,0,0,0,0,0
9.340659,9.341553,124,255,241,254,191,10,49,194,129,0,0,0,0,0,0,0
9.395604,9.400313,124,255,241,254,191,10,49,194,129,0,0,0,0,0,0,0
9.395604,9.405817,124,255,241,254,190,11,51,195,1,0,0,0,0,0,0,0
9.450549,9.465409,124,255,241,254,191,10,52,195,1,0,0,0,0,0,0,0
9.450549,9.470234,124,255,241,254,191,10,52,194,1,0,0,0,0,0,0,0
9.505494,9.505849,124,255,241,254,190,10,53,194,1,0,0,0,0,0,0,0
9.560439,9.564719,124,255,241,254,190,12,54,194,1,0,0,0,0,0,0,0
9.560439,9.569074,124,255,241,254,191,11,54,194,1,0,0,0,0,0,0,0
9.615385,9.627733,125,255,241,254,191,11,56,194,1,0,0,0,0,0,0,0
9.615385,9.632718,125,255,241,254,190,12,56,193,1,0,0,0,0,0,0,0
9.670330,9.667870,125,255,241,254,190,12,56,193,1,0,0,0,0,0,0,0
9.725275,9.726579,123,255,241,254,190,12,56,193,1,0,0,0,0,0,0,0
9.725275,9.730421,123,255,241,254,190,11,60,194,129,0,0,0,0,0,0,0
9.780220,9.790063,123,255,241,254,190,11,60,194,129,0,0,0,0,0,0,0
9.780220,9.794888,124,255,241,254,190,11,60,194,129,0,0,0,0,0,0,0
9.835165,9.854331,124,255,241,254,190,11,60,194,129,0,0,0,0,0,0,0
9.890110,9.886984,124,255,241,254,190,12,60,194,129,0,0,0,0,0,0,0
9.890110,9.890663,124,255,241,254,190,12,60,194,129,0,0,0,0,0,0,0
9.945055,9.952914,124,255,241,254,190,12,60,194,129,0,0,0,0,0,0,0
9.945055,9.957889,124,255,241,254,190,12,60,194,129,0,0,0,0,0,0,0
10.000000,10.016969,124,255,241,254,190,12,62,193,1,0,0,0,0,0,0,0
10.054945,10.052480,124,255,241,254,190,13,63,193,1,0,0,0,0,0,0,0
10.054945,10.056427,124,255,241,254,190,13,63,194,1,0,0,0,0,0,0,0
10.109890,10.115390,124,255,241,254,190,13,63,194,1,0,0,0,0,0,0,0
10.109890,10.122455,124,255,241,254,190,13,63,194,1,0,0,0,0,0,0,0
10.164835,10.181527,124,255,241,254,191,13,63,194,1,0,0,0,0,0,0,0
10.219780,10.214871,124,255,241,254,191,12,65,193,1,0,0,0,0,0,0,0
10.219780,10.218642,124,255,241,254,191,12,65,193,1,0,0,0,0,0,0,0
10.274725,10.277407,124,255,242,254,189,13,65,193,1,0,0,0,0,0,0,0
10.274725,10.283399,124,255,242,254,189,13,66,193,129,0,0,0,0,0,0,0
10.329670,10.343293,124,255,242,254,190,12,67,193,129,0,0,0,0,0,0,0
10.329670,10.348056,124,255,242,254,190,12,67,193,129,0,0,0,0,0,0,0
10.384615,10.380792,124,255,242,254,191,12,67,193,129,0,0,0,0,0,0,0
10.439561,10.439525,124,255,242,254,191,13,66,193,129,0,0,0,0,0,0,0
10.439561,10.444453,124,255,242,254,190,13,66,194,129,0,0,0,0,0,0,0
10.494506,10.504103,124,255,242,254,190,12,67,194,129,0,0,0,0,0,0,0
10.494506,10.509288,123,255,242,254,190,12,67,193,129,0,0,0,0,0,0,0
10.549451,10.568728,123,255,242,254,190,11,67,194,129,0,0,0,0,0,0,0
10.604396,10.601807,124,255,242,254,190,11,70,194,129,0,0,0,0,0,0,0
10.604396,10.605529,124,255,241,254,191,11,70,194,1,0,0,0,0,0,0,0
10.659341,10.665179,124,255,241,254,191,13,70,194,1,0,0,0,0,0,0,0
10.659341,10.669486,124,255,241,254,191,12,72,194,1,0,0,0,0,0,0,0
10.714286,10.729446,124,255,241,254,191,12,71,194,1,0,0,0,0,0,0,0
10.769231,10.763883,124,255,241,254,191,12,71,194,1,0,0,0,0,0,0,0
10.769231,10.769168,124,255,241,254,191,12,71,194,1,0,0,0,0,0,0,0
10.824176,10.828031,124,255,242,254,190,13,72,193,1,0,0,0,0,0,0,0
10.824176,10.833735,124,255,242,254,190,13,72,193,1,0,0,0,0,0,0,0
10.879121,10.892498,124,255,242,254,190,13,74,193,1,0,0,0,0,0,0,0
10.879121,10.897689,124,255,242,254,190,12,74,194,129,0,0,0,0,0,0,0
10.934066,10.930573,124,255,242,254,191,12,74,194,129,0,0,0,0,0,0,0
10.989011,10.991899,124,255,242,254,191,12,74,193,129,0,0,0,0,0,0,0
10.989011,10.996424,124,255,242,254,190,12,75,194,129,0,0,0,0,0,0,0
11.043956,11.055345,124,255,242,254,190,12,77,193,129,0,0,0,0,0,0,0
11.043956,11.061317,124,255,242,254,190,12,77,193,129,0,0,0,0,0,0,0
11.098901,11.094506,124,255,242,254,190,12,77,193,129,0,0,0,0,0,0,0
11.153846,11.153199,124,255,242,254,191,11,80,193,129,0,0,0,0,0,0,0
11.153846,11.156934,124,255,242,254,191,12,79,193,129,0,0,0,0,0,0,0
11.208791,11.215641,124,255,242,254,191,12,79,194,1,0,0,0,0,0,0,0
11.208791,11.221197,124,255,242,254,190,11,81,193,1,0,0,0,0,0,0,0
11.263737,11.280530,124,255,242,254,191,12,82,194,1,0,0,0,0,0,0,0
11.318682,11.313661,124,255,242,254,191,12,82,194,1,0,0,0,0,0,0,0
11.318682,11.317389,124,255,242,254,191,12,82,194,1,0,0,0,0,0,0,0
11.373627,11.376153,124,255,242,254,191,12,82,194,1,0,0,0,0,0,0,0
11.373627,11.380818,124,255,242,254,191,12,82,194,1,0,0,0,0,0,0,0
11.428572,11.439583,124,255,242,254,191,12,82,194,1,0,0,0,0,0,0,0
11.428572,11.445968,124,255,242,254,191,12,77,193,1,0,0,0,0,0,0,0
11.483517,11.479859,124,255,242,254,191,12,76,194,129,0,0,0,0,0,0,0
11.538462,11.541648,124,255,242,254,191,12,76,194,129,0,0,0,0,0,0,0
11.538462,11.545794,124,255,242,254,191,12,76,194,129,0,0,0,0,0,0,0
11.593407,11.604979,124,255,242,254,191,12,76,194,129,0,0,0,0,0,0,0
11.593407,11.609862,124,255,242,254,191,11,71,194,129,0,0,0,0,0,0,0
11.648352,11.668983,125,255,242,254,191,11,71,194,129,0,0,0,0,0,0,0
11.703297,11.702730,124,255,242,254,191,11,72,193,129,0,0,0,0,0,0,0
11.703297,11.706893,124,255,242,254,191,12,71,194,129,0,0,0,0,0,0,0
11.758242,11.769333,124,255,242,254,191,12,71,194,129,0,0,0,0,0,0,0
11.758242,11.773327,125,255,242,254,191,12,71,194,129,0,0,0,0,0,0,0
11.813187,11.832502,125,255,242,254,191,12,70,194,1,0,0,0,0,0,0,0
11.868132,11.866096,124,255,242,254,191,11,70,193,1,0,0,0,0,0,0,0
11.868132,11.870192,124,255,242,254,191,11,70,193,1,0,0,0,0,0,0,0
11.923077,11.929165,124,255,242,254,191,13,72,194,1,0,0,0,0,0,0,0
11.923077,11.933630,124,255,242,254,191,13,72,194,1,0,0,0,0,0,0,0
11.978022,11.992294,124,255,242,254,190,13,72,194,1,0,0,0,0,0,0,0
12.032967,12.027393,124,255,242,254,190,13,74,193,1,0,0,0,0,0,0,0
12.032967,12.031164,124,255,242,254,191,12,78,193,1,0,0,0,0,0,0,0
12.087913,12.089871,124,255,242,254,191,12,78,193,1,0,0,0,0,0,0,0
12.087913,12.094549,123,255,242,254,190,12,78,193,1,0,0,0,0,0,0,0
12.142858,12.153467,123,255,242,254,190,12,76,192,129,0,0,0,0,0,0,0
12.142858,12.161409,123,255,242,254,190,12,76,192,129,0,0,0,0,0,0,0
12.197803,12.194239,123,255,242,254,190,12,76,192,129,0,0,0,0,0,0,0
12.252748,12.252935,123,255,242,254,190,12,76,192,129,0,0,0,0,0,0,0
12.252748,12.256825,123,255,242,254,190,11,66,194,129,0,0,0,0,0,0,0
12.307693,12.315698,124,255,242,254,192,12,61,193,129,0,0,0,0,0,0,0
12.307693,12.319998,124,255,242,254,192,12,61,193,129,0,0,0,0,0,0,0
12.362638,12.379171,124,255,242,254,192,12,61,193,129,0,0,0,0,0,0,0
12.417583,12.413804,124,255,243,254,190,11,54,194,1,0,0,0,0,0,0,0
12.417583,12.418642,124,255,243,254,190,11,51,194,1,0,0,0,0,0,0,0
12.472528,12.477499,125,255,243,254,190,11,51,194,1,0,0,0,0,0,0,0
12.472528,12.484347,124,255,243,254,190,12,49,194,1,0,0,0,0,0,0,0
12.527472,12.543628,124,255,242,254,191,12,50,194,1,0,0,0,0,0,0,0
12.582417,12.578891,124,255,242,254,191,12,50,194,1,0,0,0,0,0,0,0
12.582417,12.582623,124,255,242,254,191,12,50,194,1,0,0,0,0,0,0,0
12.637362,12.641432,124,255,242,254,191,12,50,194,1,0,0,0,0,0,0,0
12.637362,12.645277,124,255,242,254,191,12,50,194,1,0,0,0,0,0,0,0
12.692307,12.703934,124,255,242,254,191,12,50,194,1,0,0,0,0,0,0,0
12.692307,12.711356,125,255,242,254,191,12,50,194,1,0,0,0,0,0,0,0
12.747252,12.743399,125,255,243,254,190,14,63,193,129,0,0,0,0,0,0,0
12.802197,12.803185,125,255,243,254,190,14,63,193,129,0,0,0,0,0,0,0
12.802197,12.809190,124,255,243,254,190,14,63,193,129,0,0,0,0,0,0,0
12.857142,12.868076,124,255,243,254,190,12,71,193,129,0,0,0,0,0,0,0
12.857142,12.872067,124,255,243,254,190,13,78,193,129,0,0,0,0,0,0,0
12.912087,12.931190,123,255,243,254,190,13,78,192,129,0,0,0,0,0,0,0
12.967033,12.966243,123,255,243,254,190,14,84,193,129,0,0,0,0,0,0,0
12.967033,12.970030,123,255,243,254,190,14,84,193,129,0,0,0,0,0,0,0
13.021978,13.028786,123,255,242,254,189,14,84,193,129,0,0,0,0,0,0,0
13.021978,13.035453,123,255,242,254,189,14,91,193,1,0,0,0,0,0,0,0
13.076923,13.095337,123,255,242,254,189,14,91,193,1,0,0,0,0,0,0,0
13.131868,13.127373,123,255,243,254,190,13,96,193,1,0,0,0,0,0,0,0
13.131868,13.132379,123,255,243,254,190,13,96,193,1,0,0,0,0,0,0,0
13.186813,13.191324,123,255,243,254,190,15,95,192,1,0,0,0,0,0,0,0
13.186813,13.197141,123,255,243,254,190,13,93,193,1,0,0,0,0,0,0,0
13.241758,13.255846,123,255,243,254,191,13,93,193,1,0,0,0,0,0,0,0
13.241758,13.261353,123,255,243,254,191,13,92,193,1,0,0,0,0,0,0,0
13.296703,13.293398,123,255,243,254,190,14,90,193,129,0,0,0,0,0,0,0
13.351648,13.353128,124,255,243,254,190,13,87,194,129,0,0,0,0,0,0,0
13.351648,13.357748,124,255,243,254,190,13,87,194,129,0,0,0,0,0,0,0
13.406593,13.416509,124,255,243,254,190,13,82,193,129,0,0,0,0,0,0,0
13.406593,13.422795,124,255,243,254,190,13,82,193,129,0,0,0,0,0,0,0
13.461538,13.460816,124,255,243,254,190,13,82,193,129,0,0,0,0,0,0,0
13.516483,13.519873,124,255,243,254,190,13,82,193,129,0,0,0,0,0,0,0
13.516483,13.523717,124,255,243,254,189,12,73,193,129,0,0,0,0,0,0,0
13.571428,13.582423,124,255,243,254,189,12,73,193,129,0,0,0,0,0,0,0
13.571428,13.587562,124,255,243,254,189,12,73,193,129,0,0,0,0,0,0,0
13.626373,13.621763,124,255,243,254,189,12,73,193,129,0,0,0,0,0,0,0
13.681318,13.680544,124,255,243,254,189,12,73,193,129,0,0,0,0,0,0,0
13.681318,13.684333,124,255,243,254,189,12,73,193,129,0,0,0,0,0,0,0
13.736263,13.743093,124,255,243,254,189,12,73,193,129,0,0,0,0,0,0,0
13.736263,13.752334,125,255,243,254,189,12,73,193,129,0,0,0,0,0,0,0
13.791209,13.811613,125,255,243,254,191,11,57,194,1,0,0,0,0,0,0,0
13.846154,13.845049,124,255,243,254,190,11,57,194,1,0,0,0,0,0,0,0
13.846154,13.851692,124,255,243,254,190,11,57,193,1,0,0,0,0,0,0,0
13.901099,13.910922,124,255,243,254,190,11,57,193,1,0,0,0,0,0,0,0
13.901099,13.915593,124,255,243,254,190,11,57,193,1,0,0,0,0,0,0,0
13.956044,13.974669,124,255,242,254,190,11,57,193,1,0,0,0,0,0,0,0
14.010989,14.009508,124,255,242,254,190,11,65,194,129,0,0,0,0,0,0,0
14.010989,14.014330,124,255,242,254,190,11,65,194,129,0,0,0,0,0,0,0
14.065934,14.073219,124,255,243,254,190,12,66,194,129,0,0,0,0,0,0,0
14.065934,14.077709,123,255,243,254,190,12,66,193,129,0,0,0,0,0,0,0
14.120879,14.136839,123,255,243,254,190,10,66,194,129,0,0,0,0,0,0,0
14.175824,14.169611,124,255,243,254,190,13,66,194,129,0,0,0,0,0,0,0
14.175824,14.176736,124,255,242,254,191,13,66,194,129,0,0,0,0,0,0,0
14.230769,14.235736,124,255,242,254,191,12,67,193,1,0,0,0,0,0,0,0
14.230769,14.243954,124,255,243,254,191,12,68,193,1,0,0,0,0,0,0,0
14.285714,14.303429,123,255,243,254,190,12,69,194,1,0,0,0,0,0,0,0
14.340659,14.335713,124,255,243,254,191,12,69,194,1,0,0,0,0,0,0,0
14.340659,14.339608,124,255,243,254,191,13,72,193,1,0,0,0,0,0,0,0
14.395604,14.398681,124,255,243,254,191,13,72,193,1,0,0,0,0,0,0,0
14.395604,14.404702,124,255,243,254,191,13,72,193,1,0,0,0,0,0,0,0
14.450549,14.463466,124,255,243,254,191,13,72,193,1,0,0,0,0,0,0,0
14.450549,14.468559,124,255,243,254,191,13,72,193,1,0,0,0,0,0,0,0
14.505494,14.500338,124,255,243,254,191,13,72,193,1,0,0,0,0,0,0,0
14.560439,14.559088,124,255,243,254,191,13,72,193,1,0,0,0,0,0,0,0
14.560439,14.565160,124,255,243,254,191,13,71,194,129,0,0,0,0,0,0,0
14.615385,14.625172,124,255,242,254,191,13,70,193,129,0,0,0,0,0,0,0
14.615385,14.631504,124,255,242,254,191,13,70,193,129,0,0,0,0,0,0,0
14.670330,14.664957,124,255,243,254,191,13,70,193,129,0,0,0,0,0,0,0
14.725275,14.723704,124,255,243,254,191,11,67,194,129,0,0,0,0,0,0,0
14.725275,14.727595,124,255,243,254,191,10,65,194,129,0,0,0,0,0,0,0
14.780220,14.787164,124,255,243,254,190,10,65,194,129,0,0,0,0,0,0,0
14.780220,14.791546,124,255,243,254,190,11,70,193,129,0,0,0,0,0,0,0
14.835165,14.850879,124,255,243,254,190,11,70,193,129,0,0,0,0,0,0,0
14.890110,14.883218,124,255,243,254,192,12,70,193,129,0,0,0,0,0,0,0
14.890110,14.887161,124,255,243,254,192,12,67,193,1,0,0,0,0,0,0,0
14.945055,14.947224,124,255,243,254,190,13,65,194,1,0,0,0,0,0,0,0
14.945055,14.951422,124,255,243,254,190,13,65,194,1,0,0,0,0,0,0,0
15.000000,15.010292,124,255,243,254,190,13,65,194,1,0,0,0,0,0,0,0
15.000000,15.014186,123,255,243,254,190,12,63,193,1,0,0,0,0,0,0,0
15.054945,15.073256,123,255,243,254,191,11,64,193,1,0,0,0,0,0,0,0
15.109890,15.105391,124,255,243,254,190,11,64,193,1,0,0,0,0,0,0,0
15.109890,15.109127,124,255,243,254,190,12,62,194,1,0,0,0,0,0,0,0
15.164835,15.167886,124,255,243,254,190,12,62,194,1,0,0,0,0,0,0,0
15.164835,15.174896,124,255,242,254,190,11,63,194,1,0,0,0,0,0,0,0
15.219780,15.234334,124,255,242,254,190,11,63,194,129,0,0,0,0,0,0,0
15.274725,15.269484,124,255,242,254,190,11,63,194,129,0,0,0,0,0,0,0
15.274725,15.273226,124,255,243,254,191,12,60,194,129,0,0,0,0,0,0,0
15.329670,15.332029,124,255,243,254,191,12,60,194,129,0,0,0,0,0,0,0
15.329670,15.336224,124,255,243,254,191,12,58,193,129,0,0,0,0,0,0,0
15.384615,15.394893,124,255,243,254,191,12,58,193,129,0,0,0,0,0,0,0
15.384615,15.399825,124,255,243,254,191,12,58,193,129,0,0,0,0,0,0,0
15.439561,15.459104,124,255,243,254,191,12,58,193,129,0,0,0,0,0,0,0
15.494506,15.493398,124,255,243,254,191,12,61,194,1,0,0,0,0,0,0,0
15.494506,15.499860,124,255,243,254,190,12,62,194,1,0,0,0,0,0,0,0
15.549451,15.562216,124,255,243,254,190,12,62,194,1,0,0,0,0,0,0,0
15.549451,15.568855,124,255,243,254,190,12,62,194,1,0,0,0,0,0,0,0
15.604396,15.600520,124,255,243,254,190,12,62,194,1,0,0,0,0,0,0,0
15.659341,15.659657,124,255,243,254,190,12,62,194,1,0,0,0,0,0,0,0
15.659341,15.666939,124,255,243,254,190,12,62,194,1,0,0,0,0,0,0,0
15.714286,15.725782,124,255,243,254,190,12,62,194,1,0,0,0,0,0,0,0
15.714286,15.729834,124,255,243,254,190,12,62,194,1,0,0,0,0,0,0,0
15.769231,15.763631,124,255,243,254,190,12,62,194,1,0,0,0,0,0,0,0
15.824176,15.822396,124,255,243,254,190,12,62,194,1,0,0,0,0,0,0,0
15.824176,15.826383,124,255,243,254,190,12,62,194,1,0,0,0,0,0,0,0
15.879121,15.886397,124,255,243,254,191,14,70,193,129,0,0,0,0,0,0,0
15.879121,15.891065,124,255,243,254,191,14,70,193,129,0,0,0,0,0,0,0
15.934066,15.950193,124,255,243,254,191,12,70,193,129,0,0,0,0,0,0,0
15.989011,15.983365,124,255,243,254,191,12,70,193,129,0,0,0,0,0,0,0
15.989011,15.987099,124,255,243,254,191,11,67,193,129,0,0,0,0,0,0,0
16.043957,16.047321,124,255,243,254,191,11,67,194,129,0,0,0,0,0,0,0
16.043957,16.052832,124,255,243,254,190,13,69,193,1,0,0,0,0,0,0,0
16.098902,16.112362,124,255,243,254,190,13,69,193,1,0,0,0,0,0,0,0
16.098902,16.116255,124,255,243,254,191,13,69,193,1,0,0,0,0,0,0,0
16.153847,16.149530,124,255,243,254,191,11,69,193,1,0,0,0,0,0,0,0
16.208792,16.208502,124,255,243,254,190,13,70,193,1,0,0,0,0,0,0,0
16.208792,16.212543,124,255,243,254,190,13,71,193,1,0,0,0,0,0,0,0
16.263737,16.272406,124,255,243,254,190,13,71,193,1,0,0,0,0,0,0,0
16.263737,16.276192,124,255,243,254,190,13,71,193,1,0,0,0,0,0,0,0
16.318682,16.335421,124,255,244,254,191,13,75,193,1,0,0,0,0,0,0,0
16.373627,16.370937,124,255,243,255,191,13,75,193,1,0,0,0,0,0,0,0
16.373627,16.375135,125,255,243,255,191,13,72,195,129,0,0,0,0,0,0,0
16.428572,16.435244,125,255,243,254,191,12,75,194,129,0,0,0,0,0,0,0
16.428572,16.441879,124,255,243,254,190,13,74,194,129,0,0,0,0,0,0,0
16.483517,16.501226,124,255,243,254,190,13,74,193,129,0,0,0,0,0,0,0
16.538462,16.533262,124,255,243,254,190,13,74,193,129,0,0,0,0,0,0,0
16.538462,16.537003,124,255,243,254,190,13,74,193,129,0,0,0,0,0,0,0
16.593407,16.596903,124,255,243,254,190,13,74,193,129,0,0,0,0,0,0,0
16.593407,16.603598,124,255,244,254,190,13,80,194,129,0,0,0,0,0,0,0
16.648352,16.662573,124,255,244,254,190,13,78,194,1,0,0,0,0,0,0,0
16.703297,16.695696,124,255,243,254,190,13,78,193,1,0,0,0,0,0,0,0
16.703297,16.699629,123,255,244,255,190,13,78,193,1,0,0,0,0,0,0,0
16.758242,16.759752,123,255,244,255,191,13,77,193,1,0,0,0,0,0,0,0
16.758242,16.766808,123,255,244,255,191,13,77,193,1,0,0,0,0,0,0,0
16.813187,16.825571,124,255,244,254,190,12,77,193,1,0,0,0,0,0,0,0
16.813187,16.829357,124,255,244,254,190,12,78,194,1,0,0,0,0,0,0,0
16.868132,16.862944,124,255,244,254,190,12,78,194,1,0,0,0,0,0,0,0
16.923077,16.922020,124,255,243,254,190,13,79,194,1,0,0,0,0,0,0,0
16.923077,16.926319,124,255,244,254,190,13,79,194,1,0,0,0,0,0,0,0
16.978022,16.986559,124,255,244,254,190,13,79,193,129,0,0,0,0,0,0,0
16.978022,16.991213,124,255,244,254,190,13,78,193,129,0,0,0,0,0,0,0
17.032967,17.050240,124,255,243,254,190,12,78,193,129,0,0,0,0,0,0,0
17.087912,17.081802,124,255,243,254,190,12,77,193,129,0,0,0,0,0,0,0
17.087912,17.086157,124,255,243,254,190,12,81,194,129,0,0,0,0,0,0,0
17.142857,17.145700,124,255,243,254,190,12,81,194,129,0,0,0,0,0,0,0
17.142857,17.151155,124,255,243,254,190,12,81,194,129,0,0,0,0,0,0,0
17.197802,17.209862,123,255,243,254,190,11,80,193,129,0,0,0,0,0,0,0
17.197802,17.213596,123,255,243,254,191,13,82,194,129,0,0,0,0,0,0,0
17.252747,17.245934,123,255,243,254,191,13,82,194,129,0,0,0,0,0,0,0
17.307692,17.307613,123,255,244,254,191,13,82,194,129,0,0,0,0,0,0,0
17.307692,17.311913,123,255,244,254,191,12,83,193,1,0,0,0,0,0,0,0
17.362637,17.372503,123,255,244,254,191,12,83,193,1,0,0,0,0,0,0,0
17.362637,17.376343,124,255,244,254,191,12,83,193,1,0,0,0,0,0,0,0
17.417582,17.435411,124,255,244,254,190,12,84,194,1,0,0,0,0,0,0,0
17.472527,17.471136,124,255,244,254,190,13,85,193,1,0,0,0,0,0,0,0
17.472527,17.475021,124,255,244,254,190,13,85,193,1,0,0,0,0,0,0,0
17.527473,17.535141,124,255,244,254,190,13,85,193,1,0,0,0,0,0,0,0
17.527473,17.538872,124,255,244,255,190,14,82,193,129,0,0,0,0,0,0,0
17.582418,17.598932,124,255,244,254,191,13,84,193,129,0,0,0,0,0,0,0
17.637363,17.634609,124,255,244,254,190,13,84,193,129,0,0,0,0,0,0,0
17.637363,17.638910,124,255,244,254,190,13,85,193,129,0,0,0,0,0,0,0
17.692308,17.699673,124,255,244,254,190,13,85,193,129,0,0,0,0,0,0,0
17.692308,17.703701,124,255,244,254,190,13,85,193,129,0,0,0,0,0,0,0
17.747253,17.762819,124,255,244,254,190,13,85,193,129,0,0,0,0,0,0,0
17.802198,17.796251,124,255,244,254,190,13,80,193,129,0,0,0,0,0,0,0
17.802198,17.800089,124,255,244,254,190,13,79,194,129,0,0,0,0,0,0,0
17.857143,17.860363,124,255,244,254,190,13,79,194,129,0,0,0,0,0,0,0
17.857143,17.867321,124,255,244,254,190,13,79,194,1,0,0,0,0,0,0,0
17.912088,17.927328,124,255,244,254,190,13,79,193,1,0,0,0,0,0,0,0
17.967033,17.959805,124,255,243,254,190,14,79,193,1,0,0,0,0,0,0,0
17.967033,17.963610,124,255,243,254,190,14,79,193,1,0,0,0,0,0,0,0
18.021978,18.023417,124,255,243,254,190,14,79,193,1,0,0,0,0,0,0,0
18.021978,18.032036,124,255,244,254,190,11,80,195,1,0,0,0,0,0,0,0
18.076923,18.091166,124,255,244,254,190,11,80,195,1,0,0,0,0,0,0,0
18.076923,18.095108,124,255,244,254,190,11,80,195,1,0,0,0,0,0,0,0
18.131868,18.126871,124,255,244,255,190,13,78,193,1,0,0,0,0,0,0,0
18.186813,18.186056,124,255,244,255,190,13,78,193,1,0,0,0,0,0,0,0
18.186813,18.195160,124,255,244,254,190,13,78,193,1,0,0,0,0,0,0,0
18.241758,18.253902,124,255,244,254,190,12,81,193,129,0,0,0,0,0,0,0
18.241758,18.258678,124,255,244,254,190,12,81,193,129,0,0,0,0,0,0,0
18.296703,18.292372,124,255,244,254,190,12,81,193,129,0,0,0,0,0,0,0
18.351648,18.352123,124,255,244,254,190,12,81,193,129,0,0,0,0,0,0,0
18.351648,18.356424,124,255,244,254,190,12,81,193,129,0,0,0,0,0,0,0
18.406593,18.416767,124,255,244,255,190,13,85,193,129,0,0,0,0,0,0,0
18.406593,18.420746,124,255,244,254,190,15,85,193,129,0,0,0,0,0,0,0
18.461538,18.454912,124,255,244,254,190,15,87,193,129,0,0,0,0,0,0,0
18.516483,18.514608,124,255,244,254,190,13,88,193,1,0,0,0,0,0,0,0
18.516483,18.519741,123,255,244,254,190,12,88,194,1,0,0,0,0,0,0,0
18.571428,18.580193,124,255,244,254,191,12,88,194,1,0,0,0,0,0,0,0
18.571428,18.584200,124,255,244,254,191,14,89,193,1,0,0,0,0,0,0,0
18.626373,18.643251,124,255,244,254,190,13,90,194,1,0,0,0,0,0,0,0
18.681318,18.676258,124,255,244,254,190,13,90,194,1,0,0,0,0,0,0,0
18.681318,18.680143,123,255,244,254,190,13,90,194,1,0,0,0,0,0,0,0
18.736263,18.740265,123,255,244,254,190,14,92,194,1,0,0,0,0,0,0,0
18.736263,18.745502,124,255,244,254,189,14,91,193,1,0,0,0,0,0,0,0
18.791208,18.804529,124,255,244,254,189,14,91,193,129,0,0,0,0,0,0,0
18.791208,18.809822,124,255,244,254,189,14,91,193,129,0,0,0,0,0,0,0
18.846153,18.841537,124,255,244,254,191,13,92,193,129,0,0,0,0,0,0,0
18.901098,18.903423,123,255,244,254,191,16,92,193,129,0,0,0,0,0,0,0
18.901098,18.908533,123,255,244,254,191,16,93,193,129,0,0,0,0,0,0,0
18.956043,18.969606,123,255,244,254,191,13,91,194,129,0,0,0,0,0,0,0
18.956043,18.973806,124,255,244,255,190,13,91,193,129,0,0,0,0,0,0,0
19.010988,19.006418,123,255,244,254,190,13,91,193,129,0,0,0,0,0,0,0
19.065933,19.068714,124,255,243,254,190,13,91,193,129,0,0,0,0,0,0,0
19.065933,19.072908,124,255,243,255,190,14,89,194,1,0,0,0,0,0,0,0
19.120878,19.132504,124,255,243,254,190,13,89,194,1,0,0,0,0,0,0,0
19.120878,19.138353,124,255,244,255,190,13,89,193,1,0,0,0,0,0,0,0
19.175825,19.170427,124,255,244,255,191,14,89,194,1,0,0,0,0,0,0,0
19.230770,19.229378,124,255,244,255,191,14,89,194,1,0,0,0,0,0,0,0
19.230770,19.233467,124,255,244,255,191,14,89,194,1,0,0,0,0,0,0,0
19.285715,19.294365,124,255,244,255,191,14,89,194,1,0,0,0,0,0,0,0
19.285715,19.298147,124,255,244,255,191,14,89,194,1,0,0,0,0,0,0,0
19.340660,19.357380,124,255,244,255,191,14,89,194,1,0,0,0,0,0,0,0
19.395605,19.388786,124,255,244,254,191,14,89,194,1,0,0,0,0,0,0,0
19.395605,19.392569,124,255,244,254,189,15,105,193,129,0,0,0,0,0,0,0
19.450550,19.453676,123,255,244,254,189,15,103,194,129,0,0,0,0,0,0,0
19.450550,19.457928,124,255,243,254,189,15,103,194,129,0,0,0,0,0,0,0
19.505495,19.516846,123,255,243,254,189,13,106,193,129,0,0,0,0,0,0,0
19.505495,19.520994,123,255,244,254,189,15,107,193,129,0,0,0,0,0,0,0
19.560440,19.552761,124,255,244,254,190,13,107,193,129,0,0,0,0,0,0,0
19.615385,19.611631,124,255,244,254,190,13,109,193,129,0,0,0,0,0,0,0
19.615385,19.615944,124,255,244,254,190,13,109,193,129,0,0,0,0,0,0,0
19.670330,19.676743,123,255,243,254,189,14,110,193,129,0,0,0,0,0,0,0
19.670330,19.684996,123,255,243,254,189,14,110,193,1,0,0,0,0,0,0,0
19.725275,19.717848,123,255,243,254,189,15,107,193,1,0,0,0,0,0,0,0
19.780220,19.777134,123,255,243,254,189,15,107,193,1,0,0,0,0,0,0,0
19.780220,19.783825,123,255,244,254,189,13,103,193,1,0,0,0,0,0,0,0
19.835165,19.843475,124,255,244,254,189,13,103,193,1,0,0,0,0,0,0,0
19.835165,19.847265,123,255,244,254,189,14,98,192,1,0,0,0,0,0,0,0
19.890110,19.906338,123,255,244,254,189,16,94,192,1,0,0,0,0,0,0,0
19.945055,19.938417,123,255,244,254,189,16,94,192,1,0,0,0,0,0,0,0
19.945055,19.942410,124,255,244,254,189,16,94,192,1,0,0,0,0,0,0,0
20.000000,20.003155,124,255,244,254,190,12,86,193,129,0,0,0,0,0,0,0
20.000000,20.011200,124,255,243,254,189,13,82,194,129,0,0,0,0,0,0,0
20.054945,20.070272,124,255,243,254,189,13,82,194,129,0,0,0,0,0,0,0
20.109890,20.101732,123,255,243,254,189,13,82,194,129,0,0,0,0,0,0,0
20.109890,20.105461,123,255,243,254,190,12,73,193,129,0,0,0,0,0,0,0
20.164835,20.165840,124,255,243,254,190,11,73,193,129,0,0,0,0,0,0,0
20.164835,20.172853,123,255,243,254,190,11,69,193,129,0,0,0,0,0,0,0
20.219780,20.231562,123,255,243,254,191,12,66,194,129,0,0,0,0,0,0,0
20.219780,20.235558,123,255,243,254,191,12,66,194,129,0,0,0,0,0,0,0
20.274725,20.269661,124,255,243,254,190,12,66,194,129,0,0,0,0,0,0,0
20.329670,20.330038,125,255,243,254,190,13,66,194,1,0,0,0,0,0,0,0
20.329670,20.336664,125,255,243,254,191,14,66,193,1,0,0,0,0,0,0,0
20.384615,20.395395,125,255,243,254,191,14,66,193,1,0,0,0,0,0,0,0
20.384615,20.399332,124,255,243,254,191,14,66,193,1,0,0,0,0,0,0,0
20.439560,20.432667,124,255,243,254,190,12,69,194,1,0,0,0,0,0,0,0
20.494505,20.492264,124,255,243,254,190,13,72,193,1,0,0,0,0,0,0,0
20.494505,20.496410,124,255,243,254,190,13,72,193,1,0,0,0,0,0,0,0
20.549450,20.556322,124,255,243,254,190,13,76,194,1,0,0,0,0,0,0,0
20.549450,20.560316,124,255,243,254,190,13,76,194,1,0,0,0,0,0,0,0
20.604395,20.619802,124,255,243,254,190,13,76,194,1,0,0,0,0,0,0,0
20.659340,20.653706,124,255,243,254,190,13,76,194,1,0,0,0,0,0,0,0
20.659340,20.657537,124,255,243,254,191,13,80,193,129,0,0,0,0,0,0,0
20.714285,20.722000,124,255,243,254,190,15,84,193,129,0,0,0,0,0,0,0
20.714285,20.725815,124,255,243,254,190,15,84,193,129,0,0,0,0,0,0,0
20.769230,20.784733,124,255,243,254,190,15,84,193,129,0,0,0,0,0,0,0
20.824175,20.816238,124,255,243,255,191,13,85,193,129,0,0,0,0,0,0,0
20.824175,20.822206,124,255,243,255,191,13,85,193,129,0,0,0,0,0,0,0
20.879122,20.882008,124,255,243,254,191,13,85,193,129,0,0,0,0,0,0,0
20.879122,20.887472,124,255,243,254,190,13,85,194,1,0,0,0,0,0,0,0
20.934067,20.947523,124,255,243,254,190,13,85,194,1,0,0,0,0,0,0,0
20.989012,20.981010,124,255,243,254,190,13,85,194,1,0,0,0,0,0,0,0
20.989012,20.984840,124,255,243,254,190,13,85,194,1,0,0,0,0,0,0,0
21.043957,21.044861,124,255,243,254,190,14,83,194,1,0,0,0,0,0,0,0
21.043957,21.050629,124,255,243,254,191,13,83,194,1,0,0,0,0,0,0,0
21.098902,21.109386,124,255,243,254,190,13,83,194,1,0,0,0,0,0,0,0
21.098902,21.113377,124,255,243,254,190,12,82,194,1,0,0,0,0,0,0,0
21.153847,21.145716,124,255,243,254,190,12,82,194,1,0,0,0,0,0,0,0
21.208792,21.212698,124,255,243,255,190,12,80,194,1,0,0,0,0,0,0,0
21.208792,21.218393,124,255,243,255,190,12,80,194,129,0,0,0,0,0,0,0
21.263737,21.278360,124,255,243,255,190,12,80,194,129,0,0,0,0,0,0,0
21.318682,21.311535,124,255,243,254,190,14,77,193,129,0,0,0,0,0,0,0
21.318682,21.315470,124,255,243,254,189,13,79,193,129,0,0,0,0,0,0,0
21.373627,21.375544,124,255,243,254,189,13,79,194,129,0,0,0,0,0,0,0
21.373627,21.382309,124,255,243,254,189,13,79,194,129,0,0,0,0,0,0,0
21.428572,21.441374,124,255,243,254,190,13,76,194,129,0,0,0,0,0,0,0
21.483517,21.475941,124,255,243,254,190,13,76,194,129,0,0,0,0,0,0,0
21.483517,21.479828,124,255,243,254,190,13,76,194,129,0,0,0,0,0,0,0
21.538462,21.539473,124,255,243,254,191,13,73,193,1,0,0,0,0,0,0,0
21.538462,21.545467,124,255,243,254,191,13,73,193,1,0,0,0,0,0,0,0
21.593407,21.604420,124,255,243,254,191,13,73,193,1,0,0,0,0,0,0,0
21.593407,21.608644,124,255,243,254,191,13,73,193,1,0,0,0,0,0,0,0
21.648352,21.641897,124,255,243,254,191,13,73,193,1,0,0,0,0,0,0,0
21.703297,21.701496,124,255,243,254,191,12,73,193,1,0,0,0,0,0,0,0
21.703297,21.710098,123,255,243,254,191,12,70,194,1,0,0,0,0,0,0,0
21.758242,21.769104,123,255,243,254,191,12,67,194,1,0,0,0,0,0,0,0
21.758242,21.772985,124,255,242,254,190,14,69,194,1,0,0,0,0,0,0,0
21.813187,21.806299,124,255,242,254,191,14,69,194,129,0,0,0,0,0,0,0
21.868132,21.866314,124,255,242,254,191,14,66,194,129,0,0,0,0,0,0,0
21.868132,21.870411,124,255,242,254,190,12,64,194,129,0,0,0,0,0,0,0
21.923077,21.930527,124,255,242,254,190,14,63,194,129,0,0,0,0,0,0,0
21.923077,21.934259,124,255,242,254,190,14,63,193,129,0,0,0,0,0,0,0
21.978022,21.993284,124,255,242,254,190,14,63,193,129,0,0,0,0,0,0,0
22.032967,22.025417,124,255,242,254,190,14,63,193,129,0,0,0,0,0,0,0
22.032967,22.029406,124,255,242,254,190,14,63,193,129,0,0,0,0,0,0,0
22.087912,22.089396,124,255,242,254,190,14,63,193,129,0,0,0,0,0,0,0
22.087912,22.093939,124,255,242,254,189,11,63,194,1,0,0,0,0,0,0,0
22.142857,22.153477,124,255,242,254,190,12,63,194,1,0,0,0,0,0,0,0
22.142857,22.157366,124,255,242,254,190,12,63,194,1,0,0,0,0,0,0,0
22.197802,22.188929,124,255,242,254,190,11,66,194,1,0,0,0,0,0,0,0
22.252747,22.247587,124,255,242,254,190,11,66,194,1,0,0,0,0,0,0,0
22.252747,22.251686,124,255,242,254,190,11,66,194,1,0,0,0,0,0,0,0
22.307692,22.312151,124,255,242,254,190,11,66,194,1,0,0,0,0,0,0,0
22.307692,22.319368,124,255,242,254,190,11,66,194,1,0,0,0,0,0,0,0
22.362637,22.378773,124,255,242,254,190,11,66,194,1,0,0,0,0,0,0,0
22.417582,22.410589,124,255,242,254,190,11,66,194,1,0,0,0,0,0,0,0
22.417582,22.414322,124,255,242,254,190,11,66,194,1,0,0,0,0,0,0,0
22.472527,22.474182,124,255,242,254,190,11,66,194,1,0,0,0,0,0,0,0
22.472527,22.480930,124,255,242,254,190,11,66,194,1,0,0,0,0,0,0,0
22.527473,22.539951,124,255,242,254,190,11,66,194,1,0,0,0,0,0,0,0
22.527473,22.544668,124,255,242,254,190,11,66,194,1,0,0,0,0,0,0,0
22.582418,22.579041,124,255,242,255,190,10,66,194,1,0,0,0,0,0,0,0
22.637363,22.638741,124,255,242,255,190,10,67,194,129,0,0,0,0,0,0,0
22.637363,22.644457,124,255,242,254,190,11,67,193,129,0,0,0,0,0,0,0
22.692308,22.703165,124,255,242,254,191,13,69,194,129,0,0,0,0,0,0,0
22.692308,22.707001,124,255,242,255,191,13,69,194,1,0,0,0,0,0,0,0
22.747253,22.741108,124,255,242,255,190,11,70,194,1,0,0,0,0,0,0,0
22.802198,22.801645,124,255,242,254,190,11,71,193,1,0,0,0,0,0,0,0
22.802198,22.808182,124,255,242,254,190,11,72,193,1,0,0,0,0,0,0,0
22.857143,22.866838,124,255,242,254,190,11,72,194,1,0,0,0,0,0,0,0
22.857143,22.874346,124,255,242,254,190,13,72,194,1,0,0,0,0,0,0,0
22.912088,22.906139,125,255,242,255,190,10,73,195,1,0,0,0,0,0,0,0
22.967033,22.965891,125,255,242,255,189,10,73,195,1,0,0,0,0,0,0,0
22.967033,22.970034,124,255,242,255,189,10,72,194,1,0,0,0,0,0,0,0
23.021978,23.029528,124,255,242,254,191,10,70,194,129,0,0,0,0,0,0,0
23.021978,23.034260,125,255,241,254,190,11,67,194,129,0,0,0,0,0,0,0
23.076923,23.093380,124,255,242,254,190,11,67,194,129,0,0,0,0,0,0,0
23.131868,23.125048,124,255,242,254,190,12,67,194,129,0,0,0,0,0,0,0
23.131868,23.128830,124,255,242,254,190,13,67,194,129,0,0,0,0,0,0,0
23.186813,23.189518,124,255,242,254,190,13,67,194,129,0,0,0,0,0,0,0
23.186813,23.194235,124,255,242,254,190,11,67,194,129,0,0,0,0,0,0,0
23.241758,23.253469,124,255,241,254,190,12,65,194,129,0,0,0,0,0,0,0
23.241758,23.257883,124,255,241,254,190,11,65,194,129,0,0,0,0,0,0,0
23.296703,23.289810,124,255,241,254,190,11,65,194,129,0,0,0,0,0,0,0
23.351648,23.350542,124,255,241,254,190,11,65,194,129,0,0,0,0,0,0,0
23.351648,23.354742,124,255,241,254,190,11,65,194,129,0,0,0,0,0,0,0
23.406593,23.415173,125,255,242,254,191,11,65,194,129,0,0,0,0,0,0,0
23.406593,23.419010,124,255,242,254,191,12,63,195,1,0,0,0,0,0,0,0
23.461538,23.454466,124,255,242,254,190,12,66,194,1,0,0,0,0,0,0,0
23.516483,23.513962,124,255,242,254,190,12,66,194,1,0,0,0,0,0,0,0
23.516483,23.518314,124,255,242,254,190,12,66,194,1,0,0,0,0,0,0,0
23.571428,23.580202,124,255,242,254,190,12,66,194,1,0,0,0,0,0,0,0
23.571428,23.584196,124,255,241,254,191,12,64,193,1,0,0,0,0,0,0,0
23.626373,23.617680,124,255,241,254,191,12,64,193,1,0,0,0,0,0,0,0
23.681318,23.676857,124,255,241,254,191,12,64,193,1,0,0,0,0,0,0,0
23.681318,23.680847,124,255,241,254,190,11,61,194,129,0,0,0,0,0,0,0
23.736263,23.741903,124,255,241,254,191,11,59,193,129,0,0,0,0,0,0,0
23.736263,23.745689,123,255,241,255,191,11,59,193,129,0,0,0,0,0,0,0
23.791208,23.804867,124,255,241,255,190,12,57,194,129,0,0,0,0,0,0,0
23.846153,23.837473,124,255,241,255,190,12,55,194,129,0,0,0,0,0,0,0
23.846153,23.844994,124,255,241,255,190,12,55,194,129,0,0,0,0,0,0,0
23.901098,23.904957,124,255,241,254,190,12,55,194,129,0,0,0,0,0,0,0
23.901098,23.911545,124,255,241,254,191,11,54,195,1,0,0,0,0,0,0,0
23.956043,23.971924,125,255,241,254,190,11,55,194,1,0,0,0,0,0,0,0
24.010988,24.003748,125,255,241,254,190,11,55,194,1,0,0,0,0,0,0,0
24.010988,24.007683,125,255,241,254,190,11,55,194,1,0,0,0,0,0,0,0
24.065933,24.067646,125,255,241,254,190,11,55,194,1,0,0,0,0,0,0,0
24.065933,24.075390,124,255,242,254,191,10,53,193,1,0,0,0,0,0,0,0
24.120878,24.134512,124,255,241,254,191,10,53,193,1,0,0,0,0,0,0,0
24.175825,24.166388,124,255,241,254,190,10,54,194,1,0,0,0,0,0,0,0
24.175825,24.170586,124,255,241,254,190,10,54,194,1,0,0,0,0,0,0,0
24.230770,24.230284,124,255,241,254,190,10,54,194,1,0,0,0,0,0,0,0
24.230770,24.235737,124,255,241,254,190,10,56,194,129,0,0,0,0,0,0,0
24.285715,24.295282,124,255,241,254,190,10,56,194,129,0,0,0,0,0,0,0
24.285715,24.299065,124,255,241,254,190,10,56,194,129,0,0,0,0,0,0,0
24.340660,24.330893,124,255,241,254,190,10,56,194,129,0,0,0,0,0,0,0
24.395605,24.390852,124,255,241,254,190,10,56,194,129,0,0,0,0,0,0,0
24.395605,24.397699,124,255,241,255,191,11,58,195,129,0,0,0,0,0,0,0
24.450550,24.457615,124,255,241,254,190,12,58,195,129,0,0,0,0,0,0,0
24.450550,24.461411,124,255,241,254,190,12,59,194,129,0,0,0,0,0,0,0
24.505495,24.520523,124,255,241,254,190,12,59,194,129,0,0,0,0,0,0,0
24.560440,24.552132,124,255,241,254,190,12,59,194,129,0,0,0,0,0,0,0
24.560440,24.555914,124,255,241,254,190,12,59,194,129,0,0,0,0,0,0,0
24.615385,24.615932,124,255,241,254,191,12,59,194,1,0,0,0,0,0,0,0
24.615385,24.624140,124,255,241,254,191,12,59,194,1,0,0,0,0,0,0,0
24.670330,24.683414,124,255,241,254,190,12,59,194,1,0,0,0,0,0,0,0
24.725275,24.715872,124,255,241,254,190,12,58,193,1,0,0,0,0,0,0,0
24.725275,24.722506,124,255,241,254,190,12,58,193,1,0,0,0,0,0,0,0
24.780220,24.782364,124,255,241,254,190,12,58,193,1,0,0,0,0,0,0,0
24.780220,24.789608,124,255,241,255,191,12,58,193,1,0,0,0,0,0,0,0
24.835165,24.848709,124,255,241,255,191,12,58,194,129,0,0,0,0,0,0,0
24.890110,24.880951,124,255,241,255,189,12,57,194,129,0,0,0,0,0,0,0
24.890110,24.884724,124,255,241,254,190,13,58,194,129,0,0,0,0,0,0,0
24.945055,24.947239,124,255,241,255,190,13,58,193,129,0,0,0,0,0,0,0
24.945055,24.952375,124,255,241,255,190,11,56,194,129,0,0,0,0,0,0,0
25.000000,25.011658,124,255,241,255,190,11,56,194,129,0,0,0,0,0,0,0
25.000000,25.015753,124,255,241,255,190,11,56,194,129,0,0,0,0,0,0,0
25.054945,25.047632,124,255,241,255,190,11,56,194,129,0,0,0,0,0,0,0
25.109890,25.109098,124,255,240,255,190,11,55,194,129,0,0,0,0,0,0,0
25.109890,25.114122,124,255,240,255,190,11,55,194,129,0,0,0,0,0,0,0
25.164835,25.172894,124,255,241,254,190,11,55,194,129,0,0,0,0,0,0,0
25.164835,25.176737,125,255,241,254,190,10,56,194,1,0,0,0,0,0,0,0
25.219780,25.209646,125,255,241,255,191,11,54,194,1,0,0,0,0,0,0,0
25.274725,25.268665,124,255,241,255,191,11,54,194,1,0,0,0,0,0,0,0
25.274725,25.272968,124,255,241,255,191,11,53,194,1,0,0,0,0,0,0,0
25.329670,25.333677,124,255,241,254,191,12,53,194,1,0,0,0,0,0,0,0
25.329670,25.337446,124,255,241,254,191,9,51,194,1,0,0,0,0,0,0,0
25.384615,25.398605,124,255,241,254,191,9,51,194,1,0,0,0,0,0,0,0
25.439560,25.432917,124,255,241,254,191,9,51,194,1,0,0,0,0,0,0,0
25.439560,25.437325,124,255,241,254,191,11,55,194,129,0,0,0,0,0,0,0
25.494505,25.498066,124,255,241,255,190,11,56,194,129,0,0,0,0,0,0,0
25.494505,25.505127,125,255,241,255,190,11,56,195,129,0,0,0,0,0,0,0
25.549450,25.564352,124,255,241,255,191,10,57,195,129,0,0,0,0,0,0,0
25.604395,25.595970,124,255,241,254,190,10,54,194,129,0,0,0,0,0,0,0
25.604395,25.599649,124,255,241,255,190,10,54,194,129,0,0,0,0,0,0,0
25.659340,25.662462,124,255,241,255,190,11,55,193,129,0,0,0,0,0,0,0
25.659340,25.666309,124,255,241,254,190,12,58,195,129,0,0,0,0,0,0,0
25.714285,25.725227,124,255,241,255,190,11,58,195,129,0,0,0,0,0,0,0
25.714285,25.729219,124,255,241,254,190,11,58,194,129,0,0,0,0,0,0,0
25.769230,25.760778,124,255,241,254,190,11,58,194,1,0,0,0,0,0,0,0
25.824175,25.822247,124,255,241,254,190,11,58,194,1,0,0,0,0,0,0,0
25.824175,25.828268,124,255,240,254,190,11,58,194,1,0,0,0,0,0,0,0
25.879122,25.887136,124,255,240,254,190,11,57,194,1,0,0,0,0,0,0,0
25.879122,25.891296,124,255,240,254,190,11,57,194,1,0,0,0,0,0,0,0
25.934067,25.923494,124,255,241,255,191,12,61,194,1,0,0,0,0,0,0,0
25.989012,25.982235,124,255,241,255,191,12,61,194,1,0,0,0,0,0,0,0
25.989012,25.986328,124,255,241,255,191,12,61,194,1,0,0,0,0,0,0,0
26.043957,26.046240,124,255,240,254,190,12,63,194,1,0,0,0,0,0,0,0
26.043957,26.050596,124,255,240,254,190,12,63,194,129,0,0,0,0,0,0,0
26.098902,26.110558,124,255,240,254,190,12,63,194,129,0,0,0,0,0,0,0
26.153847,26.142855,124,255,240,254,191,13,65,194,129,0,0,0,0,0,0,0
26.153847,26.150011,124,255,240,254,191,13,65,194,129,0,0,0,0,0,0,0
26.208792,26.210228,124,255,241,255,191,13,65,194,129,0,0,0,0,0,0,0
26.208792,26.215069,124,255,241,255,191,12,63,194,129,0,0,0,0,0,0,0
26.263737,26.274132,124,255,241,255,191,11,62,195,129,0,0,0,0,0,0,0
26.263737,26.278021,125,255,241,255,191,11,62,195,129,0,0,0,0,0,0,0
26.318682,26.310932,124,255,241,255,191,11,60,193,129,0,0,0,0,0,0,0
26.373627,26.370480,124,255,241,255,191,11,56,193,1,0,0,0,0,0,0,0
26.373627,26.378925,124,255,241,255,191,11,56,193,1,0,0,0,0,0,0,0
26.428572,26.437656,125,255,241,255,191,11,56,193,1,0,0,0,0,0,0,0
26.428572,26.441490,125,255,241,255,190,11,50,194,1,0,0,0,0,0,0,0
26.483517,26.473207,125,255,241,254,191,10,48,194,1,0,0,0,0,0,0,0
26.538462,26.532444,124,255,241,254,191,10,48,194,1,0,0,0,0,0,0,0
26.538462,26.539398,124,255,240,254,191,9,47,194,1,0,0,0,0,0,0,0
26.593407,26.599619,124,255,240,255,190,10,45,195,1,0,0,0,0,0,0,0
26.593407,26.603456,124,255,240,255,190,10,45,195,1,0,0,0,0,0,0,0
26.648352,26.637119,124,255,240,255,190,10,45,195,1,0,0,0,0,0,0,0
26.703297,26.696117,125,255,240,255,190,10,45,195,1,0,0,0,0,0,0,0
26.703297,26.700157,125,255,240,255,190,11,46,194,129,0,0,0,0,0,0,0
26.758242,26.762463,124,255,241,255,189,11,46,194,129,0,0,0,0,0,0,0
26.758242,26.766506,124,255,241,255,189,11,46,195,129,0,0,0,0,0,0,0
26.813187,26.825697,124,255,241,255,189,11,46,195,129,0,0,0,0,0,0,0
26.868132,26.857561,124,255,241,255,189,11,46,195,129,0,0,0,0,0,0,0
26.868132,26.862852,124,255,241,255,189,11,46,195,129,0,0,0,0,0,0,0
26.923077,26.923334,124,255,241,255,189,11,46,195,129,0,0,0,0,0,0,0
26.923077,26.928356,124,255,241,255,189,11,46,195,129,0,0,0,0,0,0,0
26.978022,26.987076,124,255,240,255,191,12,46,195,129,0,0,0,0,0,0,0
26.978022,26.990971,124,255,240,255,191,12,56,193,1,0,0,0,0,0,0,0
27.032967,27.024296,124,255,240,254,191,12,58,194,1,0,0,0,0,0,0,0
27.087912,27.085869,124,255,241,254,190,12,64,194,1,0,0,0,0,0,0,0
27.087912,27.093397,124,255,241,254,191,12,64,194,1,0,0,0,0,0,0,0
27.142857,27.152472,124,255,241,254,191,10,63,194,1,0,0,0,0,0,0,0
27.142857,27.156408,124,255,241,254,190,11,66,194,1,0,0,0,0,0,0,0
27.197802,27.189430,124,255,241,255,191,13,71,194,1,0,0,0,0,0,0,0
27.252747,27.248142,124,255,241,255,191,13,71,193,1,0,0,0,0,0,0,0
27.252747,27.252131,124,255,241,255,191,13,71,193,1,0,0,0,0,0,0,0
27.307692,27.314901,124,255,241,255,191,13,71,193,1,0,0,0,0,0,0,0
27.307692,27.318998,123,255,240,254,190,13,71,193,1,0,0,0,0,0,0,0
27.362637,27.351574,124,255,240,254,190,13,77,194,129,0,0,0,0,0,0,0
27.417582,27.411959,124,255,240,254,190,14,79,193,129,0,0,0,0,0,0,0
27.417582,27.415920,124,255,240,254,190,13,82,193,129,0,0,0,0,0,0,0
27.472527,27.476864,123,255,240,254,190,13,82,193,129,0,0,0,0,0,0,0
27.472527,27.480698,124,255,240,254,190,12,85,193,129,0,0,0,0,0,0,0
27.527473,27.541027,124,255,241,254,189,14,85,194,129,0,0,0,0,0,0,0
27.582418,27.573833,124,255,241,254,189,14,85,194,129,0,0,0,0,0,0,0
27.582418,27.577976,124,255,240,254,189,14,85,194,129,0,0,0,0,0,0,0
27.637363,27.636951,124,255,240,255,190,13,91,194,1,0,0,0,0,0,0,0
27.637363,27.646460,124,255,240,254,190,13,92,194,1,0,0,0,0,0,0,0
27.692308,27.706518,124,255,241,254,189,13,92,194,1,0,0,0,0,0,0,0
27.747253,27.738848,123,255,241,254,189,13,92,193,1,0,0,0,0,0,0,0
27.747253,27.742851,123,255,240,254,190,13,92,193,1,0,0,0,0,0,0,0
27.802198,27.801727,123,255,241,255,190,14,93,193,1,0,0,0,0,0,0,0
27.802198,27.805874,124,255,241,255,190,14,93,193,1,0,0,0,0,0,0,0
27.857143,27.865524,124,255,241,254,190,14,93,193,1,0,0,0,0,0,0,0
27.857143,27.869564,124,255,240,254,190,13,94,194,1,0,0,0,0,0,0,0
27.912088,27.902065,124,255,240,254,190,13,94,194,129,0,0,0,0,0,0,0
27.967033,27.961664,124,255,240,254,190,13,94,194,129,0,0,0,0,0,0,0
27.967033,27.965681,124,255,240,255,189,13,90,193,129,0,0,0,0,0,0,0
28.021978,28.025717,124,255,240,254,190,12,90,193,129,0,0,0,0,0,0,0
28.021978,28.031475,123,255,240,254,190,12,90,193,129,0,0,0,0,0,0,0
28.076923,28.092274,123,255,240,254,190,13,88,193,129,0,0,0,0,0,0,0
28.131868,28.126274,123,255,240,254,190,13,88,193,129,0,0,0,0,0,0,0
28.131868,28.130211,123,255,240,254,190,13,88,193,129,0,0,0,0,0,0,0
28.186813,28.189703,124,255,240,254,190,13,88,193,129,0,0,0,0,0,0,0
28.186813,28.195726,124,255,240,255,191,13,84,193,1,0,0,0,0,0,0,0
28.241758,28.243258,124,255,240,255,191,13,84,193,1,0,0,0,0,0,0,0
28.296703,28.303679,124,255,240,255,190,13,80,193,1,0,0,0,0,0,0,0
28.296703,28.307772,124,255,240,255,191,13,80,193,1,0,0,0,0,0,0,0
28.351648,28.341164,124,255,240,255,191,13,77,194,1,0,0,0,0,0,0,0
28.406593,28.399920,124,255,240,254,191,12,74,194,1,0,0,0,0,0,0,0
28.406593,28.403807,124,255,240,254,190,12,74,194,1,0,0,0,0,0,0,0
28.461538,28.463778,124,255,240,254,190,12,72,193,1,0,0,0,0,0,0,0
28.461538,28.469685,124,255,240,255,190,12,73,193,129,0,0,0,0,0,0,0
28.516483,28.531782,124,255,240,254,191,12,72,193,129,0,0,0,0,0,0,0
28.571428,28.565834,124,255,240,254,191,12,72,193,129,0,0,0,0,0,0,0
28.571428,28.569721,124,255,240,254,191,12,72,193,129,0,0,0,0,0,0,0
28.626373,28.633162,124,255,240,254,190,11,71,193,129,0,0,0,0,0,0,0
28.626373,28.637259,124,255,240,254,190,11,71,193,129,0,0,0,0,0,0,0
28.681318,28.669636,124,255,240,254,190,11,71,193,129,0,0,0,0,0,0,0
28.736263,28.728954,124,255,240,254,190,11,70,193,129,0,0,0,0,0,0,0
28.736263,28.732775,124,255,240,255,190,14,72,194,129,0,0,0,0,0,0,0
28.791208,28.792320,124,255,240,255,190,14,72,194,129,0,0,0,0,0,0,0
28.791208,28.796728,124,255,240,255,190,14,72,194,129,0,0,0,0,0,0,0
28.846153,28.857103,124,255,240,255,190,14,72,194,129,0,0,0,0,0,0,0
28.901098,28.892607,124,255,240,255,190,14,72,194,129,0,0,0,0,0,0,0
28.901098,28.896608,124,255,240,255,190,14,72,194,129,0,0,0,0,0,0,0
28.956043,28.955429,124,255,240,255,190,14,72,194,129,0,0,0,0,0,0,0
28.956043,28.961500,124,255,240,255,190,14,72,194,129,0,0,0,0,0,0,0
29.010988,29.021780,124,255,240,254,192,13,77,194,129,0,0,0,0,0,0,0
29.010988,29.025768,124,255,240,254,192,13,77,193,1,0,0,0,0,0,0,0
29.065933,29.059460,124,255,240,254,192,13,77,193,1,0,0,0,0,0,0,0
29.120878,29.118170,124,255,240,254,190,13,80,194,1,0,0,0,0,0,0,0
29.120878,29.125648,124,255,240,254,190,12,80,194,129,0,0,0,0,0,0,0
29.175825,29.186541,124,255,240,254,190,12,79,194,129,0,0,0,0,0,0,0
29.175825,29.190432,124,255,240,255,190,12,80,193,129,0,0,0,0,0,0,0
29.230770,29.223341,124,255,240,254,191,13,81,193,129,0,0,0,0,0,0,0
29.285715,29.282209,124,255,240,255,191,13,81,193,129,0,0,0,0,0,0,0
29.285715,29.287766,124,255,240,255,191,14,82,194,129,0,0,0,0,0,0,0
29.340660,29.348970,124,255,240,255,191,14,82,194,129,0,0,0,0,0,0,0
29.340660,29.353327,124,255,240,254,191,14,82,194,129,0,0,0,0,0,0,0
29.395605,29.386242,123,255,240,254,191,14,86,193,1,0,0,0,0,0,0,0
29.450550,29.445795,123,255,240,254,190,14,86,192,1,0,0,0,0,0,0,0
29.450550,29.449780,123,255,240,255,191,12,84,194,1,0,0,0,0,0,0,0
29.505495,29.510931,123,255,240,255,191,12,84,194,1,0,0,0,0,0,0,0
29.505495,29.515030,124,255,240,255,191,12,84,194,1,0,0,0,0,0,0,0
29.560440,29.549061,124,255,240,254,190,13,86,193,1,0,0,0,0,0,0,0
29.615385,29.607830,124,255,240,255,191,13,86,193,1,0,0,0,0,0,0,0
29.615385,29.611797,124,255,240,255,191,13,85,193,1,0,0,0,0,0,0,0
29.670330,29.673834,124,255,240,254,190,14,85,194,1,0,0,0,0,0,0,0
29.670330,29.677610,124,255,240,254,191,13,86,195,1,0,0,0,0,0,0,0
29.725275,29.737265,124,255,240,254,191,13,86,195,129,0,0,0,0,0,0,0
29.780220,29.769644,124,255,240,254,191,13,86,195,129,0,0,0,0,0,0,0
29.780220,29.773598,124,255,240,254,191,13,86,195,129,0,0,0,0,0,0,0
29.835165,29.832724,124,255,240,254,191,13,86,195,129,0,0,0,0,0,0,0
29.835165,29.838490,124,255,240,254,191,13,84,194,129,0,0,0,0,0,0,0
29.890110,29.897923,124,255,240,254,191,14,86,193,129,0,0,0,0,0,0,0
29.890110,29.902695,124,255,240,254,191,14,86,193,129,0,0,0,0,0,0,0
29.945055,29.935717,124,255,240,254,190,14,86,193,129,0,0,0,0,0,0,0
30.000000,29.994431,124,255,240,254,190,13,82,194,129,0,0,0,0,0,0,0
30.000000,29.998316,124,255,240,254,190,13,82,194,129,0,0,0,0,0,0,0
30.054945,30.059996,124,255,240,254,190,13,82,194,129,0,0,0,0,0,0,0
30.054945,30.064344,124,255,240,254,190,13,82,194,129,0,0,0,0,0,0,0
30.109890,30.098148,123,255,240,254,190,14,85,194,1,0,0,0,0,0,0,0
30.164835,30.160532,123,255,240,255,190,14,82,194,1,0,0,0,0,0,0,0
30.164835,30.164801,123,255,240,255,190,14,82,194,1,0,0,0,0,0,0,0
30.219780,30.224346,123,255,240,255,190,14,82,194,1,0,0,0,0,0,0,0
30.219780,30.228336,123,255,240,255,190,14,82,194,1,0,0,0,0,0,0,0
30.274725,30.288872,124,255,240,255,190,14,82,194,1,0,0,0,0,0,0,0
30.329670,30.323044,124,255,240,255,190,14,82,194,129,0,0,0,0,0,0,0
30.329670,30.327854,124,255,240,255,190,14,82,194,129,0,0,0,0,0,0,0
30.384615,30.386827,124,255,239,254,191,12,81,194,129,0,0,0,0,0,0,0
30.384615,30.390512,124,255,239,254,191,12,81,194,129,0,0,0,0,0,0,0
30.439560,30.453695,124,255,240,254,191,12,81,194,129,0,0,0,0,0,0,0
30.494505,30.485165,124,255,240,255,190,14,81,194,129,0,0,0,0,0,0,0
30.494505,30.488985,124,255,240,255,190,14,81,194,129,0,0,0,0,0,0,0
30.549450,30.547905,124,255,240,254,190,14,81,194,129,0,0,0,0,0,0,0
30.549450,30.553770,124,255,240,254,190,13,81,194,129,0,0,0,0,0,0,0
30.604395,30.613365,124,255,240,254,191,14,77,194,1,0,0,0,0,0,0,0
30.604395,30.618500,125,255,239,254,191,10,77,194,1,0,0,0,0,0,0,0
30.659340,30.651482,124,255,240,254,191,10,76,194,1,0,0,0,0,0,0,0
30.714285,30.710392,124,255,240,255,190,13,74,194,1,0,0,0,0,0,0,0
30.714285,30.716305,124,255,240,255,190,12,75,194,1,0,0,0,0,0,0,0
30.769230,30.776423,124,255,240,255,190,12,75,194,1,0,0,0,0,0,0,0
30.769230,30.783274,124,255,240,255,190,12,75,194,1,0,0,0,0,0,0,0
30.824175,30.816032,124,255,240,254,191,13,74,194,1,0,0,0,0,0,0,0
30.879122,30.874851,124,255,240,254,191,13,74,194,1,0,0,0,0,0,0,0
30.879122,30.880556,124,255,239,255,191,13,74,194,1,0,0,0,0,0,0,0
30.934067,30.939898,124,255,239,255,191,12,77,193,129,0,0,0,0,0,0,0
30.934067,30.944815,124,255,239,254,189,14,76,194,129,0,0,0,0,0,0,0
30.989012,30.977888,124,255,240,254,191,12,76,194,129,0,0,0,0,0,0,0
31.043957,31.036863,124,255,240,254,191,12,76,194,129,0,0,0,0,0,0,0
31.043957,31.040848,124,255,240,255,190,14,76,193,129,0,0,0,0,0,0,0
31.098902,31.102789,123,255,239,254,190,13,76,193,129,0,0,0,0,0,0,0
31.098902,31.106623,124,255,239,254,190,13,76,193,129,0,0,0,0,0,0,0
31.153847,31.167160,124,255,239,254,190,14,77,194,129,0,0,0,0,0,0,0
31.208792,31.201427,124,255,239,254,191,12,76,194,1,0,0,0,0,0,0,0
31.208792,31.206406,124,255,239,254,190,14,79,194,1,0,0,0,0,0,0,0
31.263737,31.265739,124,255,239,254,190,14,79,194,1,0,0,0,0,0,0,0
31.263737,31.271133,124,255,239,254,191,12,77,194,1,0,0,0,0,0,0,0
31.318682,31.332136,124,255,239,254,190,14,77,193,1,0,0,0,0,0,0,0
31.373627,31.364433,124,255,239,254,190,14,77,193,1,0,0,0,0,0,0,0
31.373627,31.368469,125,255,239,254,190,13,77,194,1,0,0,0,0,0,0,0
31.428572,31.429754,125,255,239,254,191,15,75,194,1,0,0,0,0,0,0,0
31.428572,31.433750,124,255,239,254,190,13,76,194,1,0,0,0,0,0,0,0
31.483517,31.493998,124,255,239,254,190,13,76,194,1,0,0,0,0,0,0,0
31.538462,31.526382,124,255,239,254,190,13,76,194,1,0,0,0,0,0,0,0
31.538462,31.530172,124,255,239,254,190,13,76,194,1,0,0,0,0,0,0,0
31.593407,31.589153,124,255,239,254,191,13,76,194,1,0,0,0,0,0,0,0
31.593407,31.593138,124,255,239,254,191,10,77,193,129,0,0,0,0,0,0,0
31.648352,31.655445,124,255,239,254,191,10,77,193,129,0,0,0,0,0,0,0
31.648352,31.659483,124,255,239,254,191,10,77,193,129,0,0,0,0,0,0,0
31.703297,31.692755,124,255,239,254,191,10,77,193,129,0,0,0,0,0,0,0
31.758242,31.751522,125,255,239,254,191,10,77,193,129,0,0,0,0,0,0,0
31.758242,31.755463,125,255,239,254,190,15,78,194,129,0,0,0,0,0,0,0
31.813187,31.816307,125,255,239,254,190,15,78,194,129,0,0,0,0,0,0,0
31.813187,31.820194,125,255,239,254,190,15,78,194,129,0,0,0,0,0,0,0
31.868132,31.880890,125,255,239,254,190,15,78,194,129,0,0,0,0,0,0,0
31.923077,31.916025,124,255,239,254,190,13,79,194,129,0,0,0,0,0,0,0
31.923077,31.919973,124,255,239,254,190,13,79,194,1,0,0,0,0,0,0,0
31.978022,31.983223,124,255,239,254,190,13,79,194,1,0,0,0,0,0,0,0
31.978022,31.987467,124,255,239,254,191,14,78,194,1,0,0,0,0,0,0,0
32.032967,32.019867,124,255,239,254,190,14,77,194,1,0,0,0,0,0,0,0
32.087914,32.079216,124,255,239,254,190,14,77,193,1,0,0,0,0,0,0,0
32.087914,32.083038,124,255,239,254,190,14,77,193,1,0,0,0,0,0,0,0
32.142857,32.144238,124,255,239,254,190,12,76,193,1,0,0,0,0,0,0,0
32.142857,32.148067,124,255,239,254,191,12,76,193,129,0,0,0,0,0,0,0
32.197803,32.209698,123,255,239,254,191,13,76,193,129,0,0,0,0,0,0,0
32.252747,32.244301,123,255,239,254,190,13,77,194,129,0,0,0,0,0,0,0
32.252747,32.248158,125,255,239,254,191,14,74,194,129,0,0,0,0,0,0,0
32.307693,32.307812,125,255,239,254,191,14,74,195,129,0,0,0,0,0,0,0
32.307693,32.313572,124,255,239,254,191,14,74,195,129,0,0,0,0,0,0,0
32.362637,32.373791,124,255,238,254,191,13,72,194,129,0,0,0,0,0,0,0
32.417583,32.406555,125,255,239,254,191,13,72,194,129,0,0,0,0,0,0,0
32.417583,32.410385,124,255,238,254,191,13,70,194,1,0,0,0,0,0,0,0
32.472527,32.469978,124,255,238,254,190,11,69,194,1,0,0,0,0,0,0,0
32.472527,32.474510,124,255,238,254,190,11,69,194,1,0,0,0,0,0,0,0
32.527473,32.534924,124,255,238,254,190,11,69,194,1,0,0,0,0,0,0,0
32.527473,32.539017,125,255,238,254,190,11,69,194,1,0,0,0,0,0,0,0
32.582417,32.572815,125,255,238,254,191,11,64,194,1,0,0,0,0,0,0,0
32.637363,32.631897,125,255,238,254,191,11,64,194,1,0,0,0,0,0,0,0
32.637363,32.637730,124,255,238,254,191,11,64,194,1,0,0,0,0,0,0,0
32.692307,32.697247,124,255,238,254,190,14,62,194,1,0,0,0,0,0,0,0
32.692307,32.701286,124,255,238,254,190,12,61,194,1,0,0,0,0,0,0,0
32.747253,32.737774,124,255,238,254,191,12,61,194,129,0,0,0,0,0,0,0
32.802197,32.797489,124,255,238,254,191,12,63,194,129,0,0,0,0,0,0,0
32.802197,32.801533,124,255,238,254,190,13,64,194,129,0,0,0,0,0,0,0
32.857143,32.861084,124,255,238,254,190,12,64,194,129,0,0,0,0,0,0,0
32.857143,32.867676,124,255,238,254,190,12,64,194,129,0,0,0,0,0,0,0
32.912086,32.900536,124,255,238,254,191,12,65,194,129,0,0,0,0,0,0,0
32.967033,32.959621,124,255,238,254,191,12,65,194,129,0,0,0,0,0,0,0
32.967033,32.963917,124,255,238,254,190,14,65,194,129,0,0,0,0,0,0,0
33.021976,33.025463,124,255,238,254,190,14,68,193,129,0,0,0,0,0,0,0
33.021976,33.029377,124,255,238,254,190,12,71,193,1,0,0,0,0,0,0,0
33.076923,33.090530,124,255,238,254,191,12,77,194,1,0,0,0,0,0,0,0
33.131866,33.122570,124,255,238,254,190,12,77,194,1,0,0,0,0,0,0,0
33.131866,33.126816,124,255,238,254,190,13,81,194,1,0,0,0,0,0,0,0
33.186813,33.187916,124,255,238,255,191,14,82,194,1,0,0,0,0,0,0,0
33.186813,33.191856,124,255,238,255,191,14,82,194,1,0,0,0,0,0,0,0
33.241756,33.252392,124,255,238,255,191,14,82,194,1,0,0,0,0,0,0,0
33.296703,33.287601,124,255,238,254,190,14,88,194,1,0,0,0,0,0,0,0
33.296703,33.291889,124,255,238,254,190,13,89,195,129,0,0,0,0,0,0,0
