0.000000,0.000000,122,255,185,255,192,16,71,190,129,0,0,0,0,0,0,0
0.219780,0.241621,122,255,185,255,191,16,74,189,1,0,0,0,0,0,0,0
0.439560,0.457229,122,255,185,255,192,16,75,189,129,0,0,0,0,0,0,0
0.714286,0.731016,122,255,185,255,192,15,74,189,1,0,0,0,0,0,0,0
0.934066,0.949982,122,255,184,255,192,18,74,189,129,0,0,0,0,0,0,0
1.208791,1.216563,122,255,183,255,192,16,70,190,129,0,0,0,0,0,0,0
1.428571,1.432438,122,255,184,255,190,19,70,189,1,0,0,0,0,0,0,0
1.703297,1.704997,122,255,183,255,192,16,78,189,129,0,0,0,0,0,0,0
1.923077,1.923933,122,255,183,255,191,16,69,189,1,0,0,0,0,0,0,0
2.142857,2.165819,122,255,183,255,191,16,69,189,1,0,0,0,0,0,0,0
2.417583,2.437129,122,255,183,255,191,15,64,189,129,0,0,0,0,0,0,0
2.637363,2.654038,122,255,183,255,192,18,65,189,1,0,0,0,0,0,0,0
2.912088,2.925983,122,255,182,255,191,17,61,188,129,0,0,0,0,0,0,0
3.131868,3.142843,122,255,182,255,192,16,63,189,1,0,0,0,0,0,0,0
3.406593,3.413845,122,255,182,255,192,16,67,189,129,0,0,0,0,0,0,0
3.626374,3.629173,122,255,182,255,191,17,62,189,129,0,0,0,0,0,0,0
3.901099,3.902068,122,255,181,255,192,18,69,189,1,0,0,0,0,0,0,0
4.120879,4.122931,122,255,182,255,191,18,67,189,129,0,0,0,0,0,0,0
4.340659,4.362680,122,255,181,255,191,17,69,189,1,0,0,0,0,0,0,0
4.615385,4.629369,122,255,181,255,192,16,68,190,129,0,0,0,0,0,0,0
4.835165,4.845711,122,255,181,255,192,16,67,189,1,0,0,0,0,0,0,0
5.109890,5.114943,122,255,181,255,192,16,73,189,1,0,0,0,0,0,0,0
5.329670,5.334560,122,255,181,255,192,18,73,189,129,0,0,0,0,0,0,0
5.604395,5.605203,122,255,180,255,191,17,72,189,1,0,0,0,0,0,0,0
5.824176,5.843953,122,255,180,255,191,17,74,189,129,0,0,0,0,0,0,0
6.043956,6.058110,122,255,180,255,191,17,71,189,1,0,0,0,0,0,0,0
6.318681,6.331092,122,255,179,255,191,16,76,189,1,0,0,0,0,0,0,0
6.538462,6.550290,122,255,179,255,191,11,67,190,129,0,0,0,0,0,0,0
6.813187,6.820621,122,255,179,255,192,16,64,190,1,0,0,0,0,0,0,0
7.032967,7.038152,122,255,179,255,191,18,64,189,1,0,0,0,0,0,0,0
7.307693,7.311968,122,255,179,255,192,17,70,189,1,0,0,0,0,0,0,0
7.527472,7.532891,122,255,179,255,191,16,63,189,6,0,0,0,0,0,0,0
7.802198,7.801959,123,255,178,255,191,17,66,189,128,0,0,0,0,0,0,0
8.021978,8.021547,122,255,178,255,192,16,66,189,6,0,0,0,0,0,0,0
8.296703,8.293771,122,255,178,255,191,15,56,189,128,0,0,0,0,0,0,0
8.516483,8.513525,122,255,178,255,192,16,54,189,0,0,0,0,0,0,0,0
8.736263,8.752144,122,255,178,255,184,17,58,189,0,0,0,0,0,0,0,0
9.010989,9.021223,122,255,178,255,109,18,97,189,128,0,0,0,0,0,0,0
9.230769,9.241414,122,255,177,255,27,19,117,188,0,0,0,0,0,0,0,0
9.505494,9.511272,121,255,177,255,22,24,118,189,128,0,0,0,0,0,0,0
9.725275,9.730410,122,255,176,255,23,18,118,188,128,0,0,0,0,0,0,0
10.000000,10.001837,122,255,176,255,22,20,118,189,0,0,0,0,0,0,0,0
10.219780,10.215799,122,255,176,255,22,26,118,188,128,0,0,0,0,0,0,0
10.494506,10.489143,122,255,174,255,22,21,116,189,0,0,0,0,0,0,0,0
10.714286,10.730697,121,255,174,255,22,21,108,189,128,0,0,0,0,0,0,0
10.934066,10.947192,122,255,173,255,21,20,95,189,0,0,0,0,0,0,0,0
11.208791,11.217990,122,255,172,255,22,19,86,190,0,0,0,0,0,0,0,0
11.428572,11.436215,123,255,172,255,23,17,27,190,128,0,0,0,0,0,0,0
11.703297,11.704100,123,255,170,255,23,15,3,190,0,0,0,0,0,0,0,0
11.923077,11.920213,123,255,170,255,23,15,8,190,128,0,0,0,0,0,0,0
12.142858,12.161162,123,255,169,255,23,15,4,191,0,0,0,0,0,0,0,0
12.417583,12.436266,123,255,169,255,22,14,0,190,128,0,0,0,0,0,0,0
12.637362,12.652954,122,255,168,255,23,15,9,190,128,0,0,0,0,0,0,0
12.912087,12.929329,123,255,167,255,22,13,6,190,0,0,0,0,0,0,0,0
13.131868,13.146554,122,255,167,255,23,15,0,190,128,0,0,0,0,0,0,0
13.406593,13.418854,123,255,166,255,23,15,14,191,0,0,0,0,0,0,0,0
13.626373,13.638077,123,255,166,255,22,16,5,190,0,0,0,0,0,0,0,0
13.901099,13.914519,123,255,165,255,22,14,1,190,128,0,0,0,0,0,0,0
14.120879,14.134771,123,255,166,255,23,16,16,191,0,0,0,0,0,0,0,0
14.395604,14.403787,123,255,166,255,24,13,4,190,128,0,0,0,0,0,0,0
14.615385,14.620644,123,255,166,255,21,15,9,190,0,0,0,0,0,0,0,0
14.890110,14.893468,123,255,166,255,23,15,20,190,128,0,0,0,0,0,0,0
15.109890,15.107566,123,255,166,255,22,15,41,190,128,0,0,0,0,0,0,0
15.384615,15.380292,123,255,165,255,23,16,39,190,0,0,0,0,0,0,0,0
15.604396,15.597824,123,255,166,255,23,16,47,190,128,0,0,0,0,0,0,0
15.879121,15.874294,122,255,166,255,23,16,57,190,0,0,0,0,0,0,0,0
16.098902,16.115854,123,255,166,255,23,17,60,190,0,0,0,0,0,0,0,0
16.318682,16.329494,122,255,166,255,23,11,72,189,128,0,0,0,0,0,0,0
16.593407,16.602888,122,255,166,255,22,18,73,189,0,0,0,0,0,0,0,0
16.813187,16.825745,122,255,166,255,23,18,83,189,128,0,0,0,0,0,0,0
17.087912,17.099901,122,255,166,255,23,19,85,189,0,0,0,0,0,0,0,0
17.307692,17.316109,122,255,166,255,21,19,89,189,128,0,0,0,0,0,0,0
17.582418,17.586935,122,255,166,255,23,19,92,189,128,0,0,0,0,0,0,0
17.802198,17.805088,122,255,166,255,23,19,89,189,0,0,0,0,0,0,0,0
18.076923,18.080412,122,255,166,255,22,18,92,189,128,0,0,0,0,0,0,0
18.296703,18.300644,122,255,167,255,22,18,89,189,0,0,0,0,0,0,0,0
18.571428,18.573786,122,255,166,255,24,19,90,190,128,0,0,0,0,0,0,0
18.791208,18.789440,122,255,166,255,22,20,73,189,0,0,0,0,0,0,0,0
19.065933,19.061909,122,255,166,255,23,20,81,190,0,0,0,0,0,0,0,0
19.285715,19.278717,122,255,166,255,23,19,77,189,128,0,0,0,0,0,0,0
19.560440,19.552063,122,255,166,255,24,19,59,189,0,0,0,0,0,0,0,0
19.780220,19.796898,123,255,166,255,23,18,55,190,128,0,0,0,0,0,0,0
20.054945,20.048918,122,255,166,255,22,17,63,189,0,0,0,0,0,0,0,0
20.274725,20.268686,123,255,166,255,23,18,51,190,0,0,0,0,0,0,0,0
20.494505,20.508802,122,255,166,255,22,19,56,189,128,0,0,0,0,0,0,0
20.769230,20.784855,122,255,166,255,22,17,57,190,0,0,0,0,0,0,0,0
20.989012,21.002848,122,255,166,255,23,19,55,190,128,0,0,0,0,0,0,0
21.263737,21.274267,123,255,166,255,23,18,67,189,0,0,0,0,0,0,0,0
21.483517,21.487068,122,255,166,255,23,18,62,189,0,0,0,0,0,0,0,0
21.758242,21.760569,122,255,166,255,23,18,70,190,128,0,0,0,0,0,0,0
21.978022,21.974880,122,255,167,255,24,17,66,189,0,0,0,0,0,0,0,0
22.252747,22.249632,122,255,166,255,23,19,72,189,128,0,0,0,0,0,0,0
22.472527,22.467995,123,255,166,255,24,18,68,190,128,0,0,0,0,0,0,0
22.747253,22.742172,122,255,166,255,22,16,75,189,0,0,0,0,0,0,0,0
22.967033,22.958662,122,255,167,255,23,19,77,190,128,0,0,0,0,0,0,0
23.186813,23.199978,122,255,167,255,23,17,72,189,0,0,0,0,0,0,0,0
23.461538,23.474722,122,255,166,255,23,20,75,190,0,0,0,0,0,0,0,0
23.681318,23.693087,122,255,166,255,23,17,69,189,0,0,0,0,0,0,0,0
23.956043,23.966480,122,255,166,255,24,18,71,189,128,0,0,0,0,0,0,0
24.175825,24.177311,122,255,167,255,23,19,68,189,128,0,0,0,0,0,0,0
24.450550,24.450716,122,255,167,255,23,18,71,190,0,0,0,0,0,0,0,0
24.670330,24.667980,122,255,167,255,22,18,68,190,128,0,0,0,0,0,0,0
24.945055,24.939781,122,255,167,255,22,18,72,189,128,0,0,0,0,0,0,0
25.164835,25.155748,123,255,167,255,24,18,76,189,128,0,0,0,0,0,0,0
25.384615,25.398657,123,255,167,255,22,18,75,190,128,0,0,0,0,0,0,0
25.659340,25.672216,122,255,167,255,23,19,67,190,0,0,0,0,0,0,0,0
25.879122,25.886103,123,255,167,255,23,19,75,190,128,0,0,0,0,0,0,0
26.153847,26.161217,123,255,167,255,24,17,76,190,0,0,0,0,0,0,0,0
26.373627,26.377556,123,255,167,255,23,18,80,190,0,0,0,0,0,0,0,0
26.648352,26.646746,123,255,167,255,23,19,63,189,128,0,0,0,0,0,0,0
26.868132,26.867138,122,255,167,255,23,18,79,189,0,0,0,0,0,0,0,0
27.142857,27.140429,122,255,167,255,22,19,75,189,128,0,0,0,0,0,0,0
27.362637,27.355465,122,255,167,255,22,18,73,189,0,0,0,0,0,0,0,0
27.637363,27.629063,122,255,168,255,23,18,72,190,128,0,0,0,0,0,0,0
27.857143,27.846357,122,255,167,255,22,18,81,189,128,0,0,0,0,0,0,0
28.076923,28.088087,122,255,167,255,24,20,79,190,0,0,0,0,0,0,0,0
28.351648,28.359589,122,255,167,255,23,18,69,190,128,0,0,0,0,0,0,0
28.571428,28.580145,122,255,168,255,23,18,75,189,0,0,0,0,0,0,0,0
28.846153,28.851198,122,255,168,255,23,19,73,189,128,0,0,0,0,0,0,0
29.065933,29.068521,122,255,168,255,23,17,65,189,128,0,0,0,0,0,0,0
29.340660,29.338749,122,255,167,255,23,16,80,189,0,0,0,0,0,0,0,0
29.560440,29.554619,122,255,168,255,23,18,75,189,128,0,0,0,0,0,0,0
29.835165,29.830685,123,255,168,255,23,17,72,190,0,0,0,0,0,0,0,0
30.054945,30.047211,122,255,168,255,22,20,75,189,128,0,0,0,0,0,0,0
30.329670,30.321068,122,255,168,255,22,17,72,189,0,0,0,0,0,0,0,0
30.549450,30.560877,122,255,168,255,22,18,73,189,0,0,0,0,0,0,0,0
30.769230,30.777678,122,255,168,255,23,19,72,190,128,0,0,0,0,0,0,0
31.043957,31.048325,122,255,168,255,23,17,71,189,0,0,0,0,0,0,0,0
31.263737,31.265797,122,255,168,255,23,17,75,189,128,0,0,0,0,0,0,0
31.538462,31.533903,122,255,168,255,23,18,85,190,0,0,0,0,0,0,0,0
31.758242,31.751537,122,255,168,255,23,18,75,189,0,0,0,0,0,0,0,0
32.032967,32.028061,122,255,168,255,24,17,82,189,128,0,0,0,0,0,0,0
32.252747,32.244438,123,255,168,255,23,17,82,189,128,0,0,0,0,0,0,0
32.527473,32.518147,122,255,168,255,22,19,79,189,128,0,0,0,0,0,0,0
32.747253,32.737144,122,255,168,255,23,19,71,190,0,0,0,0,0,0,0,0
33.021976,33.011124,122,255,168,255,23,15,72,189,0,0,0,0,0,0,0,0
33.241756,33.252522,123,255,168,255,24,17,85,190,128,0,0,0,0,0,0,0
33.461540,33.467033,123,255,168,255,24,20,80,189,0,0,0,0,0,0,0,0
33.736263,33.740383,122,255,168,255,23,19,73,189,128,0,0,0,0,0,0,0
33.956043,33.955902,122,255,168,255,24,20,68,189,128,0,0,0,0,0,0,0
34.230770,34.229706,122,255,168,255,24,20,68,189,128,0,0,0,0,0,0,0
34.450550,34.444847,122,255,168,255,23,18,69,189,128,0,0,0,0,0,0,0
34.725273,34.716526,122,255,168,255,23,19,73,190,0,0,0,0,0,0,0,0
34.945053,34.938427,122,255,168,255,23,19,68,189,128,0,0,0,0,0,0,0
35.219780,35.210262,123,255,168,255,22,19,76,190,0,0,0,0,0,0,0,0
35.439560,35.425461,122,255,168,255,22,18,69,190,0,0,0,0,0,0,0,0
35.659340,35.668480,122,255,169,255,23,18,69,190,128,0,0,0,0,0,0,0
35.934067,35.945286,122,255,168,255,23,20,63,189,0,0,0,0,0,0,0,0
36.153847,36.162941,122,255,168,255,22,20,71,189,128,0,0,0,0,0,0,0
36.428570,36.431309,122,255,168,255,24,22,63,189,0,0,0,0,0,0,0,0
36.648350,36.648254,122,255,168,255,23,19,64,189,128,0,0,0,0,0,0,0
36.923077,36.920719,122,255,168,255,23,18,66,189,128,0,0,0,0,0,0,0
37.142857,37.139137,122,255,168,255,23,18,78,190,0,0,0,0,0,0,0,0
37.417583,37.410042,122,255,168,255,23,16,79,189,128,0,0,0,0,0,0,0
37.637363,37.625492,123,255,168,255,23,19,75,189,0,0,0,0,0,0,0,0
37.912086,37.896626,122,255,168,255,23,19,70,189,0,0,0,0,0,0,0,0
38.131866,38.142746,122,255,168,255,23,18,79,189,128,0,0,0,0,0,0,0
38.351650,38.358509,122,255,168,255,23,19,74,190,0,0,0,0,0,0,0,0
38.626373,38.633007,122,255,169,255,23,18,75,189,128,0,0,0,0,0,0,0
38.846153,38.849281,122,255,168,255,23,18,70,189,0,0,0,0,0,0,0,0
39.120880,39.120213,122,255,169,255,23,16,74,189,0,0,0,0,0,0,0,0
39.340660,39.338272,122,255,168,255,24,19,76,190,128,0,0,0,0,0,0,0
39.615383,39.606750,122,255,168,255,23,18,80,189,0,0,0,0,0,0,0,0
39.835163,39.822308,122,255,169,255,22,18,73,189,128,0,0,0,0,0,0,0
40.109890,40.095806,122,255,168,255,24,18,87,189,0,0,0,0,0,0,0,0
40.329670,40.314121,122,255,169,255,23,19,88,190,128,0,0,0,0,0,0,0
40.549450,40.559422,122,255,168,255,23,18,82,189,128,0,0,0,0,0,0,0
40.824177,40.830338,122,255,169,255,23,16,83,189,0,0,0,0,0,0,0,0
41.043957,41.048538,122,255,169,255,23,19,73,189,128,0,0,0,0,0,0,0
41.318680,41.322147,122,255,169,255,23,20,91,189,0,0,0,0,0,0,0,0
41.538460,41.538795,122,255,168,255,22,19,77,189,128,0,0,0,0,0,0,0
41.813187,41.810696,122,255,169,255,23,15,80,189,128,0,0,0,0,0,0,0
42.032967,42.028271,122,255,168,255,23,17,82,189,0,0,0,0,0,0,0,0
42.307693,42.299065,122,255,168,255,22,18,80,189,128,0,0,0,0,0,0,0
42.527473,42.515362,122,255,168,255,23,19,91,189,0,0,0,0,0,0,0,0
42.802197,42.787971,122,255,168,255,23,19,83,189,128,0,0,0,0,0,0,0
43.021976,43.004494,122,255,168,255,23,20,75,189,128,0,0,0,0,0,0,0
43.241756,43.250553,122,255,168,255,22,20,75,189,0,0,0,0,0,0,0,0
43.516483,43.522083,122,255,168,255,23,19,69,189,128,0,0,0,0,0,0,0
43.736263,43.737633,122,255,168,255,23,18,79,189,0,0,0,0,0,0,0,0
44.010990,44.010021,122,255,168,255,22,18,64,189,128,0,0,0,0,0,0,0
44.230770,44.227390,122,255,168,255,23,20,84,189,128,0,0,0,0,0,0,0
44.505493,44.498013,122,255,168,255,22,18,74,189,0,0,0,0,0,0,0,0
44.725273,44.711288,122,255,168,255,23,18,79,189,128,0,0,0,0,0,0,0
44.945053,44.950821,122,255,167,255,23,19,73,189,0,0,0,0,0,0,0,0
45.219780,45.221409,122,255,167,255,23,19,73,189,128,0,0,0,0,0,0,0
45.439560,45.440609,122,255,167,255,23,19,73,189,128,0,0,0,0,0,0,0
45.714287,45.715797,123,255,167,255,23,11,68,189,0,0,0,0,0,0,0,0
45.934067,45.932529,122,255,167,255,23,18,71,189,128,0,0,0,0,0,0,0
46.208790,46.199371,122,255,167,255,23,17,66,189,0,0,0,0,0,0,0,0
46.428570,46.421173,122,255,167,255,24,19,71,189,0,0,0,0,0,0,0,0
46.703297,46.693581,122,255,167,255,24,16,71,189,128,0,0,0,0,0,0,0
46.923077,46.914921,122,255,167,255,23,18,63,189,0,0,0,0,0,0,0,0
47.197803,47.183887,122,255,166,255,24,18,58,189,128,0,0,0,0,0,0,0
47.417583,47.402401,122,255,166,255,23,17,64,189,0,0,0,0,0,0,0,0
47.692307,47.675602,122,255,166,255,23,19,64,189,0,0,0,0,0,0,0,0
47.912086,47.893940,122,255,166,255,23,18,67,189,0,0,0,0,0,0,0,0
48.131866,48.132462,122,255,166,255,22,18,67,189,0,0,0,0,0,0,0,0
48.406593,48.407051,122,255,166,255,23,18,71,189,128,0,0,0,0,0,0,0
48.626373,48.624535,122,255,166,255,21,18,84,189,0,0,0,0,0,0,0,0
48.901100,48.895126,122,255,166,255,23,19,86,189,128,0,0,0,0,0,0,0
49.120880,49.107929,122,255,165,255,22,19,63,189,128,0,0,0,0,0,0,0
49.395603,49.380886,122,255,166,255,23,18,75,189,0,0,0,0,0,0,0,0
49.615383,49.601036,122,255,165,255,22,18,75,189,128,0,0,0,0,0,0,0
49.890110,49.874126,122,255,165,255,22,19,72,189,0,0,0,0,0,0,0,0
50.109890,50.091522,122,255,165,255,23,18,74,189,128,0,0,0,0,0,0,0
50.329670,50.329643,122,255,165,255,23,19,68,189,128,0,0,0,0,0,0,0
50.604397,50.602928,122,255,165,255,23,19,55,189,0,0,0,0,0,0,0,0
50.824177,50.824158,122,255,165,255,22,17,68,189,128,0,0,0,0,0,0,0
51.098900,51.097294,122,255,165,255,22,17,67,189,0,0,0,0,0,0,0,0
51.318680,51.309944,122,255,165,255,22,18,69,189,128,0,0,0,0,0,0,0
51.593407,51.579128,122,255,165,255,23,18,66,189,0,0,0,0,0,0,0,0
51.813187,51.817570,122,255,165,255,23,18,68,189,0,0,0,0,0,0,0,0
52.032967,52.037758,123,255,165,255,23,19,73,190,128,0,0,0,0,0,0,0
52.307693,52.310112,122,255,164,255,23,19,65,189,0,0,0,0,0,0,0,0
52.527473,52.524891,122,255,164,255,22,19,61,189,128,0,0,0,0,0,0,0
52.802197,52.796581,122,255,165,255,22,18,63,189,128,0,0,0,0,0,0,0
53.021976,53.016235,122,255,164,255,23,19,65,190,0,0,0,0,0,0,0,0
53.296703,53.290226,122,255,164,255,24,18,74,189,128,0,0,0,0,0,0,0
53.516483,53.504257,122,255,165,255,23,17,72,189,0,0,0,0,0,0,0,0
53.791210,53.777863,122,255,164,255,23,19,72,189,128,0,0,0,0,0,0,0
54.010990,53.993832,122,255,164,255,22,19,66,189,0,0,0,0,0,0,0,0
54.285713,54.267754,122,255,164,255,22,19,74,189,0,0,0,0,0,0,0,0
54.505493,54.509007,122,255,164,255,22,19,74,189,128,0,0,0,0,0,0,0
54.725273,54.724407,122,255,164,255,23,19,71,189,0,0,0,0,0,0,0,0
55.000000,54.996189,122,255,164,255,22,19,71,189,128,0,0,0,0,0,0,0
55.219780,55.214039,122,255,164,255,22,20,84,189,0,0,0,0,0,0,0,0
55.494507,55.484161,122,255,164,255,23,19,70,189,0,0,0,0,0,0,0,0
55.714287,55.700291,122,255,163,255,23,19,86,189,128,0,0,0,0,0,0,0
55.989010,55.975193,122,255,164,255,22,16,74,189,0,0,0,0,0,0,0,0
56.208790,56.194893,122,255,164,255,23,18,71,189,128,0,0,0,0,0,0,0
56.483517,56.465504,122,255,163,255,24,19,64,189,0,0,0,0,0,0,0,0
56.703297,56.707329,122,255,163,255,23,19,64,189,128,0,0,0,0,0,0,0
56.923077,56.926483,122,255,164,255,22,20,80,189,128,0,0,0,0,0,0,0
57.197803,57.200081,122,255,164,255,22,18,75,189,0,0,0,0,0,0,0,0
57.417583,57.420315,122,255,163,255,23,19,75,189,128,0,0,0,0,0,0,0
57.692307,57.695431,122,255,163,255,22,18,68,189,0,0,0,0,0,0,0,0
57.912086,57.913742,122,255,163,255,23,18,84,189,128,0,0,0,0,0,0,0
58.186813,58.183762,122,255,163,255,22,18,65,189,128,0,0,0,0,0,0,0
58.406593,58.399986,122,255,163,255,23,18,71,189,0,0,0,0,0,0,0,0
58.681320,58.670010,122,255,163,255,23,18,79,189,128,0,0,0,0,0,0,0
58.901100,58.888123,122,255,163,255,23,19,58,189,0,0,0,0,0,0,0,0
59.175823,59.162811,122,255,163,255,23,18,78,189,128,0,0,0,0,0,0,0
59.395603,59.377064,122,255,163,255,23,18,78,189,128,0,0,0,0,0,0,0
59.615383,59.618740,122,255,162,255,22,12,64,189,0,0,0,0,0,0,0,0
59.890110,59.890781,122,255,163,255,23,17,71,189,128,0,0,0,0,0,0,0
60.109890,60.106247,122,255,162,255,22,19,57,189,128,0,0,0,0,0,0,0
60.384617,60.381660,122,255,163,255,22,18,72,189,0,0,0,0,0,0,0,0
60.604397,60.596703,122,255,162,255,22,18,63,189,128,0,0,0,0,0,0,0
60.879120,60.868641,122,255,163,255,21,19,66,189,0,0,0,0,0,0,0,0
61.098900,61.088306,122,255,162,255,23,19,63,189,128,0,0,0,0,0,0,0
61.373627,61.361290,122,255,163,255,23,20,71,189,0,0,0,0,0,0,0,0
61.593407,61.575180,122,255,162,255,21,19,64,189,0,0,0,0,0,0,0,0
61.868134,61.849415,122,255,162,255,22,19,66,189,0,0,0,0,0,0,0,0
62.087914,62.070480,122,255,162,255,22,18,72,189,0,0,0,0,0,0,0,0
62.362637,62.343983,122,255,162,255,22,18,75,189,128,0,0,0,0,0,0,0
62.582417,62.584354,122,255,162,255,22,19,71,189,0,0,0,0,0,0,0,0
62.802197,62.799911,122,255,162,255,24,18,68,189,128,0,0,0,0,0,0,0
63.076923,63.075958,122,255,162,255,22,19,69,189,0,0,0,0,0,0,0,0
63.296703,63.294949,122,255,162,255,23,20,63,189,0,0,0,0,0,0,0,0
63.571430,63.565567,122,255,162,255,23,20,61,189,128,0,0,0,0,0,0,0
63.791210,63.787479,122,255,162,255,22,17,74,189,0,0,0,0,0,0,0,0
64.065933,64.058960,122,255,162,255,23,18,75,189,128,0,0,0,0,0,0,0
64.285713,64.276100,122,255,162,255,23,20,71,189,0,0,0,0,0,0,0,0
64.560440,64.546211,122,255,162,255,22,17,72,189,0,0,0,0,0,0,0,0
64.780220,64.761131,122,255,161,255,22,18,72,189,128,0,0,0,0,0,0,0
65.054947,65.034279,122,255,161,255,23,18,80,189,0,0,0,0,0,0,0,0
65.274727,65.251335,122,255,161,255,21,19,80,189,128,0,0,0,0,0,0,0
65.494507,65.495514,122,255,162,255,21,18,76,189,128,0,0,0,0,0,0,0
65.769234,65.768433,122,255,162,255,21,20,67,189,0,0,0,0,0,0,0,0
65.989014,65.987579,122,255,162,255,22,19,73,188,128,0,0,0,0,0,0,0
66.263733,66.260040,122,255,161,255,22,19,82,189,0,0,0,0,0,0,0,0
66.483513,66.478561,122,255,161,255,23,18,63,189,128,0,0,0,0,0,0,0
66.758240,66.748787,122,255,161,255,23,20,71,189,128,0,0,0,0,0,0,0
66.978020,66.967384,122,255,162,255,22,20,61,189,0,0,0,0,0,0,0,0
67.252747,67.240723,122,255,161,255,22,20,68,188,128,0,0,0,0,0,0,0
67.472527,67.454140,122,255,161,255,22,20,57,189,0,0,0,0,0,0,0,0
67.747253,67.729874,122,255,161,255,22,19,66,189,128,0,0,0,0,0,0,0
67.967033,67.945274,122,255,161,255,23,16,61,188,0,0,0,0,0,0,0,0
68.241760,68.218773,122,255,161,255,21,18,64,189,128,0,0,0,0,0,0,0
68.461540,68.437500,122,255,161,255,21,19,59,189,128,0,0,0,0,0,0,0
68.736267,68.681763,122,255,161,255,22,19,74,189,0,0,0,0,0,0,0,0
68.956047,68.954750,122,255,162,255,22,18,77,188,128,0,0,0,0,0,0,0
69.175827,69.172180,122,255,161,255,22,20,69,188,128,0,0,0,0,0,0,0
69.450546,69.443871,122,255,161,255,22,18,66,189,128,0,0,0,0,0,0,0
69.670326,69.659729,122,255,161,255,22,20,78,189,128,0,0,0,0,0,0,0
69.945053,69.932098,122,255,161,255,21,19,72,188,0,0,0,0,0,0,0,0
70.164833,70.152275,122,255,161,255,22,19,82,189,128,0,0,0,0,0,0,0
70.439560,70.422005,122,255,161,255,23,21,76,189,128,0,0,0,0,0,0,0
70.659340,70.640137,122,255,161,255,21,20,75,188,0,0,0,0,0,0,0,0
70.934067,70.916138,122,255,162,255,23,19,77,189,128,0,0,0,0,0,0,0
71.153847,71.136681,121,255,161,255,22,253,68,189,0,0,0,0,0,0,0,0
71.428574,71.406914,122,255,161,255,23,252,76,189,0,0,0,0,0,0,0,0
71.648354,71.623566,122,255,161,255,23,252,78,190,128,0,0,0,0,0,0,0
71.923080,71.897324,122,255,161,255,22,252,87,189,0,0,0,0,0,0,0,0
72.142860,72.115639,122,255,161,255,23,252,79,189,128,0,0,0,0,0,0,0
72.362640,72.356781,122,255,161,255,23,253,85,189,0,0,0,0,0,0,0,0
72.637360,72.626656,122,255,161,255,24,253,80,189,0,0,0,0,0,0,0,0
72.857140,72.846313,122,255,161,255,23,252,83,189,128,0,0,0,0,0,0,0
73.131866,73.121109,122,255,161,255,22,253,66,189,0,0,0,0,0,0,0,0
73.351646,73.339058,122,255,161,255,21,252,72,189,128,0,0,0,0,0,0,0
73.626373,73.608612,122,255,161,255,23,253,69,189,128,0,0,0,0,0,0,0
73.846153,73.829468,122,255,161,255,23,253,69,189,128,0,0,0,0,0,0,0
74.120880,74.100655,122,255,161,255,22,253,64,189,128,0,0,0,0,0,0,0
74.340660,74.323685,122,255,161,255,23,252,71,189,0,0,0,0,0,0,0,0
74.615387,74.595886,122,255,161,255,23,252,64,190,128,0,0,0,0,0,0,0
74.835167,74.817001,122,255,161,255,23,253,69,189,128,0,0,0,0,0,0,0
75.109894,75.089050,122,255,161,255,22,253,69,189,128,0,0,0,0,0,0,0
75.329674,75.304504,122,255,160,255,22,253,84,189,128,0,0,0,0,0,0,0
75.604393,75.577965,122,255,160,255,22,253,79,189,0,0,0,0,0,0,0,0
75.824173,75.796318,122,255,161,255,23,253,85,189,128,0,0,0,0,0,0,0
76.098900,76.072647,122,255,160,255,22,252,75,189,0,0,0,0,0,0,0,0
76.318680,76.290077,122,255,160,255,23,252,75,189,128,0,0,0,0,0,0,0
76.538460,76.533493,122,255,161,255,23,253,71,189,128,0,0,0,0,0,0,0
76.813187,76.803711,122,255,161,255,23,253,71,189,0,0,0,0,0,0,0,0
77.032967,77.021454,122,255,160,255,22,252,77,189,128,0,0,0,0,0,0,0
77.307693,77.295952,122,255,160,255,22,253,64,189,0,0,0,0,0,0,0,0
77.527473,77.517433,122,255,160,255,23,252,64,189,128,0,0,0,0,0,0,0
77.802200,77.789948,122,255,160,255,23,253,61,189,0,0,0,0,0,0,0,0
78.021980,78.010857,122,255,160,255,22,252,63,189,0,0,0,0,0,0,0,0
78.296700,78.280525,122,255,160,255,23,252,63,189,128,0,0,0,0,0,0,0
78.516487,78.495964,122,255,160,255,23,252,59,189,0,0,0,0,0,0,0,0
78.791206,78.769417,122,255,160,255,22,252,72,189,128,0,0,0,0,0,0,0
79.010986,78.988838,122,255,160,255,23,252,65,189,0,0,0,0,0,0,0,0
79.285713,79.260292,122,255,160,255,22,252,64,189,0,0,0,0,0,0,0,0
79.505493,79.480843,122,255,160,255,23,252,67,189,128,0,0,0,0,0,0,0
79.780220,79.754402,122,255,160,255,23,252,66,189,0,0,0,0,0,0,0,0
80.000000,79.974373,122,255,160,255,22,253,77,189,128,0,0,0,0,0,0,0
80.274727,80.245140,122,255,160,255,23,253,71,189,0,0,0,0,0,0,0,0
80.494507,80.489700,122,255,159,255,23,252,67,189,0,0,0,0,0,0,0,0
80.714287,80.705780,122,255,159,255,22,251,71,189,128,0,0,0,0,0,0,0
80.989014,80.982292,122,255,159,255,23,252,72,189,0,0,0,0,0,0,0,0
81.208794,81.198112,122,255,160,255,23,252,72,189,128,0,0,0,0,0,0,0
81.483513,81.473495,122,255,160,255,23,252,68,189,0,0,0,0,0,0,0,0
81.703300,81.692917,122,255,159,255,23,252,71,189,128,0,0,0,0,0,0,0
81.978020,81.962746,122,255,159,255,23,252,67,189,128,0,0,0,0,0,0,0
82.197800,82.181900,122,255,159,255,23,252,67,189,0,0,0,0,0,0,0,0
82.472527,82.454247,122,255,159,255,23,252,73,189,128,0,0,0,0,0,0,0
82.692307,82.679848,122,255,160,255,22,3,66,189,0,0,0,0,0,0,0,0
82.967033,82.946487,122,255,160,255,23,3,72,189,128,0,0,0,0,0,0,0
83.186813,83.163086,122,255,160,255,22,2,71,189,128,0,0,0,0,0,0,0
83.461540,83.436790,122,255,159,255,23,2,67,189,0,0,0,0,0,0,0,0
83.681320,83.653549,122,255,159,255,23,2,64,189,128,0,0,0,0,0,0,0
83.956047,83.924965,122,255,160,255,23,2,76,189,0,0,0,0,0,0,0,0
84.175827,84.170433,122,255,159,255,23,3,70,190,0,0,0,0,0,0,0,0
84.395607,84.389687,122,255,159,255,23,2,70,189,128,0,0,0,0,0,0,0
84.670326,84.664894,122,255,159,255,23,2,77,189,0,0,0,0,0,0,0,0
84.890106,84.878998,122,255,160,255,23,2,71,189,128,0,0,0,0,0,0,0
85.164833,85.155830,122,255,160,255,23,2,67,189,0,0,0,0,0,0,0,0
85.384613,85.375496,122,255,160,255,22,3,70,189,128,0,0,0,0,0,0,0
85.659340,85.649094,122,255,159,255,22,3,83,188,128,0,0,0,0,0,0,0
85.879120,85.865074,122,255,159,255,23,2,73,189,0,0,0,0,0,0,0,0
86.153847,86.138687,122,255,160,255,22,3,83,189,128,0,0,0,0,0,0,0
86.373627,86.355484,122,255,159,255,24,2,86,189,0,0,0,0,0,0,0,0
86.648354,86.627632,122,255,159,255,23,2,80,189,0,0,0,0,0,0,0,0
86.868134,86.844498,122,255,159,255,23,2,77,189,0,0,0,0,0,0,0,0
87.142860,87.115761,122,255,159,255,23,2,75,189,0,0,0,0,0,0,0,0
87.362640,87.330536,122,255,160,255,22,3,75,189,128,0,0,0,0,0,0,0
87.582420,87.573921,122,255,159,255,22,3,74,189,0,0,0,0,0,0,0,0
87.857140,87.845764,122,255,159,255,23,3,76,189,128,0,0,0,0,0,0,0
88.076920,88.064377,122,255,159,255,23,3,72,189,0,0,0,0,0,0,0,0
88.351646,88.339500,122,255,159,255,23,3,63,189,0,0,0,0,0,0,0,0
88.571426,88.560143,122,255,159,255,23,2,63,189,128,0,0,0,0,0,0,0
88.846153,88.834167,122,255,159,255,23,2,60,189,0,0,0,0,0,0,0,0
89.065933,89.052010,122,255,159,255,23,2,56,189,128,0,0,0,0,0,0,0
89.340660,89.322647,122,255,159,255,23,3,63,189,0,0,0,0,0,0,0,0
89.560440,89.543831,122,255,159,255,23,2,61,188,0,0,0,0,0,0,0,0
89.835167,89.813896,122,255,159,255,22,2,69,189,128,0,0,0,0,0,0,0
90.054947,90.027740,122,255,159,255,23,2,68,189,0,0,0,0,0,0,0,0
90.329674,90.304512,122,255,159,255,23,2,64,188,128,0,0,0,0,0,0,0
90.549454,90.524200,122,255,159,255,22,2,67,189,0,0,0,0,0,0,0,0
90.824173,90.793472,122,255,159,255,23,2,60,188,0,0,0,0,0,0,0,0
91.043953,91.013809,122,255,159,255,23,2,71,189,128,0,0,0,0,0,0,0
91.263733,91.255325,122,255,159,255,23,2,71,189,0,0,0,0,0,0,0,0
91.538460,91.504074,122,255,159,255,22,3,76,189,128,0,0,0,0,0,0,0
91.758240,91.746201,122,255,159,255,23,2,76,189,128,0,0,0,0,0,0,0
92.032967,92.003769,122,255,159,255,22,3,71,189,128,0,0,0,0,0,0,0
92.307693,92.275002,122,255,159,255,22,3,71,189,128,0,0,0,0,0,0,0
92.527473,92.497528,122,255,160,255,22,2,83,189,0,0,0,0,0,0,0,0
92.802200,92.770401,122,255,159,255,23,2,83,189,128,0,0,0,0,0,0,0
93.021980,92.988564,122,255,159,255,22,3,80,189,0,0,0,0,0,0,0,0
93.241760,93.229454,122,255,159,255,23,2,74,189,0,0,0,0,0,0,0,0
93.516487,93.505394,122,255,160,255,22,3,75,189,128,0,0,0,0,0,0,0
93.736267,93.724426,122,255,160,255,23,2,67,189,0,0,0,0,0,0,0,0
94.010986,93.994034,122,255,159,255,24,2,76,189,128,0,0,0,0,0,0,0
94.230766,94.210114,122,255,159,255,23,2,68,189,0,0,0,0,0,0,0,0
94.505493,94.479919,122,255,159,255,23,2,81,189,0,0,0,0,0,0,0,0
94.725273,94.698601,122,255,159,255,23,3,79,189,128,0,0,0,0,0,0,0
95.000000,94.972404,122,255,160,255,23,3,80,189,0,0,0,0,0,0,0,0
95.219780,95.190147,122,255,159,255,23,3,79,189,128,0,0,0,0,0,0,0
95.494507,95.459038,122,255,159,255,23,2,79,188,0,0,0,0,0,0,0,0
95.714287,95.702934,122,255,160,255,23,2,76,189,128,0,0,0,0,0,0,0
95.934067,95.923790,121,255,159,255,22,3,67,188,128,0,0,0,0,0,0,0
96.208794,96.193237,122,255,159,255,23,2,76,189,0,0,0,0,0,0,0,0
96.428574,96.407234,122,255,159,255,23,2,63,189,128,0,0,0,0,0,0,0
96.703300,96.679848,122,255,159,255,22,2,68,189,0,0,0,0,0,0,0,0
96.923080,96.896507,122,255,160,255,23,2,71,189,128,0,0,0,0,0,0,0
97.197800,97.169128,122,255,159,255,22,3,68,189,128,0,0,0,0,0,0,0
97.417580,97.386948,122,255,159,255,23,3,71,189,0,0,0,0,0,0,0,0
97.692307,97.657768,122,255,159,255,23,2,66,189,128,0,0,0,0,0,0,0
97.912086,97.898811,122,255,159,255,22,3,71,189,0,0,0,0,0,0,0,0
98.131866,98.119675,122,255,159,255,22,2,71,189,0,0,0,0,0,0,0,0
98.406593,98.392189,122,255,159,255,24,2,69,189,0,0,0,0,0,0,0,0
98.626373,98.607956,122,255,159,255,22,3,72,189,0,0,0,0,0,0,0,0
98.901100,98.875992,122,255,159,255,22,3,74,189,128,0,0,0,0,0,0,0
99.120880,99.092590,122,255,159,255,22,3,72,189,0,0,0,0,0,0,0,0
99.395607,99.362923,122,255,159,255,22,3,72,189,0,0,0,0,0,0,0,0
99.615387,99.581757,122,255,160,255,24,3,60,189,128,0,0,0,0,0,0,0
99.890106,99.854996,122,255,160,255,24,2,71,189,0,0,0,0,0,0,0,0
100.109894,100.093651,122,255,159,255,23,2,64,189,128,0,0,0,0,0,0,0
100.329674,100.313675,122,255,159,255,23,2,69,189,0,0,0,0,0,0,0,0
100.604393,100.584991,122,255,159,255,23,3,62,189,128,0,0,0,0,0,0,0
100.824173,100.801025,122,255,160,255,23,2,77,189,128,0,0,0,0,0,0,0
101.098900,101.073273,122,255,159,255,23,3,75,188,0,0,0,0,0,0,0,0
101.318680,101.293709,122,255,159,255,21,2,80,188,128,0,0,0,0,0,0,0
101.593407,101.566444,122,255,160,255,22,2,75,189,0,0,0,0,0,0,0,0
101.813187,101.783096,122,255,160,255,23,2,78,189,128,0,0,0,0,0,0,0
102.087914,102.058105,122,255,160,255,23,3,85,188,128,0,0,0,0,0,0,0
102.307693,102.274490,121,255,160,255,22,2,74,188,0,0,0,0,0,0,0,0
102.527473,102.515068,122,255,159,255,23,2,72,189,128,0,0,0,0,0,0,0
102.802200,102.786743,122,255,160,255,23,2,70,189,0,0,0,0,0,0,0,0
103.021980,103.006622,122,255,160,255,23,2,85,189,128,0,0,0,0,0,0,0
103.296700,103.277779,123,255,160,255,21,2,70,190,0,0,0,0,0,0,0,0
103.516487,103.494324,122,255,160,255,23,2,74,189,0,0,0,0,0,0,0,0
103.791206,103.767372,122,255,160,255,23,2,76,189,128,0,0,0,0,0,0,0
104.010986,103.983177,122,255,160,255,22,2,65,189,0,0,0,0,0,0,0,0
104.285713,104.258446,122,255,160,255,22,2,77,188,128,0,0,0,0,0,0,0
104.505493,104.471458,122,255,160,255,22,3,64,189,0,0,0,0,0,0,0,0
104.780220,104.745010,122,255,160,255,22,2,66,189,0,0,0,0,0,0,0,0
105.000000,104.962799,122,255,160,255,23,2,68,189,128,0,0,0,0,0,0,0
105.274727,105.238808,122,255,160,255,23,2,61,189,0,0,0,0,0,0,0,0
105.494507,105.478912,122,255,160,255,24,2,58,189,128,0,0,0,0,0,0,0
105.714287,105.698311,122,255,160,255,23,2,58,189,128,0,0,0,0,0,0,0
105.989014,105.972595,122,255,160,255,23,2,56,189,0,0,0,0,0,0,0,0
106.208794,106.189613,122,255,160,255,23,2,62,189,128,0,0,0,0,0,0,0
106.483513,106.463112,122,255,160,255,23,2,60,189,0,0,0,0,0,0,0,0
106.703300,106.680092,122,255,160,255,23,3,66,189,128,0,0,0,0,0,0,0
106.978020,106.952026,122,255,161,255,23,2,67,189,0,0,0,0,0,0,0,0
107.197800,107.170746,122,255,161,255,23,3,68,189,0,0,0,0,0,0,0,0
107.472527,107.443779,122,255,160,255,22,2,65,189,128,0,0,0,0,0,0,0
107.692307,107.662766,122,255,161,255,23,2,67,189,0,0,0,0,0,0,0,0
107.967033,107.937248,122,255,160,255,23,3,65,189,128,0,0,0,0,0,0,0
108.186813,108.153381,122,255,161,255,21,3,78,190,0,0,0,0,0,0,0,0
108.461540,108.425262,122,255,161,255,22,2,61,189,128,0,0,0,0,0,0,0
108.681320,108.645714,122,255,161,255,22,2,63,189,128,0,0,0,0,0,0,0
108.956047,108.918602,122,255,161,255,22,2,67,188,0,0,0,0,0,0,0,0
109.175827,109.135208,122,255,161,255,23,3,68,189,128,0,0,0,0,0,0,0
109.395607,109.380974,121,255,161,255,22,2,70,188,0,0,0,0,0,0,0,0
109.670326,109.650108,122,255,162,255,23,2,72,189,128,0,0,0,0,0,0,0
109.890106,109.869469,122,255,162,255,23,2,64,189,128,0,0,0,0,0,0,0
110.164833,110.139847,122,255,161,255,22,2,71,188,0,0,0,0,0,0,0,0
110.384613,110.358688,122,255,162,255,23,2,71,189,128,0,0,0,0,0,0,0
110.659340,110.630203,122,255,162,255,22,2,62,189,0,0,0,0,0,0,0,0
110.879120,110.844154,122,255,162,255,22,2,75,188,128,0,0,0,0,0,0,0
111.153847,111.116089,122,255,162,255,21,2,77,188,128,0,0,0,0,0,0,0
111.373627,111.333672,122,255,163,255,24,2,72,189,0,0,0,0,0,0,0,0
111.648354,111.607231,122,255,162,255,22,2,71,188,128,0,0,0,0,0,0,0
111.868134,111.852844,122,255,163,255,22,2,64,189,0,0,0,0,0,0,0,0
112.087914,112.067169,122,255,163,255,22,2,63,188,0,0,0,0,0,0,0,0
112.362640,112.339256,122,255,163,255,22,2,52,189,128,0,0,0,0,0,0,0
112.582420,112.557724,122,255,163,255,23,2,48,188,0,0,0,0,0,0,0,0
112.857140,112.829926,122,255,164,255,22,2,52,189,128,0,0,0,0,0,0,0
113.076920,113.047043,122,255,164,255,22,2,47,189,0,0,0,0,0,0,0,0
113.351646,113.319298,122,255,164,255,21,2,52,188,128,0,0,0,0,0,0,0
113.571426,113.533394,122,255,164,255,23,2,47,189,128,0,0,0,0,0,0,0
113.846153,113.807892,122,255,164,255,22,2,43,189,0,0,0,0,0,0,0,0
114.065933,114.024330,122,255,165,255,23,2,46,189,128,0,0,0,0,0,0,0
114.285713,114.267258,122,255,164,255,21,2,43,189,0,0,0,0,0,0,0,0
114.560440,114.539604,122,255,165,255,21,2,38,189,0,0,0,0,0,0,0,0
114.780220,114.760567,122,255,165,255,30,2,39,189,129,0,0,0,0,0,0,0
115.054947,115.032303,123,255,166,255,146,2,1,190,1,0,0,0,0,0,0,0
115.274727,115.246712,123,255,166,255,191,2,0,190,129,0,0,0,0,0,0,0
115.549454,115.520233,123,255,166,255,193,2,1,190,1,0,0,0,0,0,0,0
115.769234,115.734581,123,255,167,255,191,2,0,190,129,0,0,0,0,0,0,0
116.043953,116.008347,123,255,168,255,191,1,1,190,129,0,0,0,0,0,0,0
116.263733,116.225304,123,255,169,255,191,1,5,190,1,0,0,0,0,0,0,0
116.538460,116.501129,123,255,170,255,189,2,4,190,129,0,0,0,0,0,0,0
116.758240,116.717636,123,255,171,255,190,2,27,190,1,0,0,0,0,0,0,0
117.032967,116.991173,123,255,172,255,190,2,32,190,129,0,0,0,0,0,0,0
117.252747,117.231201,123,255,173,255,190,1,33,190,129,0,0,0,0,0,0,0
117.472527,117.446388,122,255,174,255,189,2,36,190,1,0,0,0,0,0,0,0
117.747253,117.719475,122,255,174,255,189,1,40,190,1,0,0,0,0,0,0,0
117.967033,117.938728,123,255,177,255,189,1,86,189,1,0,0,0,0,0,0,0
118.241760,118.213058,121,255,178,255,188,2,114,187,129,0,0,0,0,0,0,0
118.461540,118.427628,122,255,179,255,186,2,118,188,1,0,0,0,0,0,0,0
118.736267,118.699623,122,255,179,255,184,1,115,187,1,0,0,0,0,0,0,0
118.956047,118.920532,122,255,181,255,183,2,118,188,129,0,0,0,0,0,0,0
119.230766,119.192215,122,255,181,255,183,2,117,188,1,0,0,0,0,0,0,0
119.450546,119.410835,122,255,181,255,183,2,118,189,129,0,0,0,0,0,0,0
119.725273,119.684433,121,255,164,255,182,1,118,187,129,0,0,0,0,0,0,0
119.945053,119.903282,127,216,72,255,184,2,117,188,1,0,0,0,0,0,0,0
120.219780,120.178246,127,19,80,255,183,2,118,188,129,0,0,0,0,0,0,0
120.439560,120.396133,0,0,71,255,183,1,118,188,1,0,0,0,0,0,0,0
120.659340,120.640762,0,0,61,255,183,2,114,188,129,0,0,0,0,0,0,0
120.934067,120.912659,122,0,184,255,183,2,107,188,129,0,0,0,0,0,0,0
121.153847,121.129311,122,152,188,255,183,1,101,188,1,0,0,0,0,0,0,0
121.428574,121.402550,122,209,189,255,184,2,88,188,129,0,0,0,0,0,0,0
121.648354,121.626472,122,255,189,255,184,2,75,188,1,0,0,0,0,0,0,0
121.923080,121.896652,122,255,190,255,185,2,59,188,129,0,0,0,0,0,0,0
122.142860,122.110542,122,255,189,255,187,1,55,189,129,0,0,0,0,0,0,0
122.417580,122.387115,122,255,190,255,187,2,61,189,1,0,0,0,0,0,0,0
122.637360,122.606720,122,255,191,255,187,2,69,188,129,0,0,0,0,0,0,0
122.912086,122.881058,122,255,192,255,188,2,70,188,1,0,0,0,0,0,0,0
123.131866,123.093910,122,255,192,255,187,1,76,188,129,0,0,0,0,0,0,0
123.406593,123.368362,121,255,193,255,185,2,83,189,129,0,0,0,0,0,0,0
123.626373,123.590645,122,255,193,255,184,1,94,188,1,0,0,0,0,0,0,0
123.901100,123.865471,122,255,195,255,183,1,102,188,129,0,0,0,0,0,0,0
124.120880,124.082169,122,255,195,255,183,2,100,188,1,0,0,0,0,0,0,0
124.395607,124.357857,122,255,196,255,183,2,101,188,129,0,0,0,0,0,0,0
124.615387,124.577934,122,255,196,255,184,2,95,188,129,0,0,0,0,0,0,0
124.890106,124.849098,122,255,196,255,183,2,80,189,1,0,0,0,0,0,0,0
125.109894,125.066681,122,255,196,255,183,2,83,188,129,0,0,0,0,0,0,0
125.384613,125.339020,122,255,197,255,183,1,79,189,1,0,0,0,0,0,0,0
125.604393,125.558464,122,255,198,255,183,1,64,189,1,0,0,0,0,0,0,0
125.824173,125.799538,122,255,199,255,184,2,40,189,129,0,0,0,0,0,0,0
126.098900,126.069511,122,255,199,255,185,2,40,189,1,0,0,0,0,0,0,0
126.318680,126.289223,122,255,200,255,185,2,28,189,129,0,0,0,0,0,0,0
126.593407,126.565575,123,255,200,255,186,2,27,189,1,0,0,0,0,0,0,0
126.813187,126.783997,122,255,201,255,187,1,23,190,1,0,0,0,0,0,0,0
127.087914,127.053391,122,255,201,255,188,2,23,189,129,0,0,0,0,0,0,0
127.307693,127.275406,122,255,201,255,189,2,23,189,1,0,0,0,0,0,0,0
127.582420,127.550049,122,255,202,255,189,2,27,190,129,0,0,0,0,0,0,0
127.802200,127.763107,122,255,203,255,190,1,41,189,1,0,0,0,0,0,0,0
128.076920,128.031357,122,255,204,255,189,2,58,189,1,0,0,0,0,0,0,0
128.296707,128.253098,122,255,205,255,190,2,64,189,129,0,0,0,0,0,0,0
128.571426,128.495651,122,255,206,255,188,2,73,189,1,0,0,0,0,0,0,0
128.791214,128.767502,122,255,207,255,187,2,92,188,129,0,0,0,0,0,0,0
129.010986,128.986115,122,255,208,255,184,2,102,189,1,0,0,0,0,0,0,0
129.285721,129.256104,122,255,209,255,184,2,109,188,129,0,0,0,0,0,0,0
129.505493,129.473938,122,255,210,255,184,2,110,188,129,0,0,0,0,0,0,0
129.780212,129.747269,121,255,210,255,183,2,118,188,1,0,0,0,0,0,0,0
130.000000,129.965424,122,255,211,255,183,2,114,188,129,0,0,0,0,0,0,0
130.274719,130.236649,122,255,211,255,183,1,117,188,1,0,0,0,0,0,0,0
130.494507,130.452576,122,255,212,255,183,2,107,188,129,0,0,0,0,0,0,0
130.769226,130.722855,121,255,212,255,183,3,106,189,129,0,0,0,0,0,0,0
130.989014,130.966812,121,255,213,255,184,1,94,188,1,0,0,0,0,0,0,0
131.208786,131.182312,122,255,213,255,184,2,83,189,129,0,0,0,0,0,0,0
131.483521,131.454971,122,255,214,255,183,3,82,188,1,0,0,0,0,0,0,0
131.703293,131.673706,122,255,214,255,183,2,68,189,129,0,0,0,0,0,0,0
131.978027,131.949356,122,255,215,255,184,3,64,189,129,0,0,0,0,0,0,0
132.197800,132.166306,122,255,215,255,184,2,58,189,1,0,0,0,0,0,0,0
132.472534,132.440598,122,255,216,255,183,1,54,189,129,0,0,0,0,0,0,0
132.692307,132.660095,122,255,217,255,183,1,56,188,1,0,0,0,0,0,0,0
132.967026,132.932892,122,255,217,255,184,2,58,189,129,0,0,0,0,0,0,0
133.186813,133.149521,122,255,218,255,185,3,63,189,1,0,0,0,0,0,0,0
133.461533,133.420151,122,255,219,255,185,2,69,189,1,0,0,0,0,0,0,0
133.681320,133.641953,122,255,220,255,184,1,67,188,129,0,0,0,0,0,0,0
133.956039,133.910812,121,255,220,255,184,2,75,189,1,0,0,0,0,0,0,0
134.175827,134.130173,122,255,221,255,183,1,77,188,1,0,0,0,0,0,0,0
134.450546,134.402740,122,255,221,255,183,2,81,188,1,0,0,0,0,0,0,0
134.670334,134.622208,122,255,222,255,183,2,80,188,1,0,0,0,0,0,0,0
134.890106,134.866577,122,255,223,255,185,2,80,188,129,0,0,0,0,0,0,0
135.164841,135.136124,122,255,223,255,183,1,77,189,1,0,0,0,0,0,0,0
135.384613,135.357773,122,255,224,255,184,2,71,188,129,0,0,0,0,0,0,0
135.659348,135.632202,122,255,224,255,184,2,69,188,1,0,0,0,0,0,0,0
135.879120,135.848328,122,255,225,255,184,1,64,189,1,0,0,0,0,0,0,0
136.153839,136.120468,122,255,225,255,184,2,67,189,129,0,0,0,0,0,0,0
136.373627,136.338806,122,255,225,255,184,2,64,189,1,0,0,0,0,0,0,0
136.648346,136.607773,122,255,226,255,185,2,63,189,129,0,0,0,0,0,0,0
136.868134,136.826965,122,255,227,255,184,2,59,189,129,0,0,0,0,0,0,0
137.142853,137.097351,122,255,227,255,185,2,60,189,1,0,0,0,0,0,0,0
137.362640,137.317688,122,255,228,255,184,2,66,189,129,0,0,0,0,0,0,0
137.637360,137.589325,122,255,229,255,184,2,63,188,1,0,0,0,0,0,0,0
137.857147,137.829117,122,255,229,255,184,2,69,188,129,0,0,0,0,0,0,0
138.076920,138.051605,122,255,230,255,183,2,70,188,129,0,0,0,0,0,0,0
138.351654,138.327271,122,255,231,255,183,2,76,189,1,0,0,0,0,0,0,0
138.571426,138.544449,122,255,231,255,184,2,77,188,129,0,0,0,0,0,0,0
138.846161,138.817734,122,255,232,255,184,1,86,189,1,0,0,0,0,0,0,0
139.065933,139.036636,121,255,232,255,184,2,82,189,129,0,0,0,0,0,0,0
139.340652,139.307678,122,255,233,255,184,2,87,188,129,0,0,0,0,0,0,0
139.560440,139.524033,122,255,233,255,183,2,84,188,1,0,0,0,0,0,0,0
139.835159,139.793625,122,255,234,255,184,2,84,189,129,0,0,0,0,0,0,0
140.054947,140.009552,122,255,234,255,184,2,84,189,129,0,0,0,0,0,0,0
140.329666,140.282990,121,255,235,255,184,2,86,189,129,0,0,0,0,0,0,0
140.549454,140.500168,122,255,235,255,184,3,87,188,129,0,0,0,0,0,0,0
140.824173,140.775223,122,255,236,255,185,2,79,188,1,0,0,0,0,0,0,0
141.043961,140.997757,122,255,236,255,184,2,74,189,129,0,0,0,0,0,0,0
141.318680,141.269897,122,255,237,255,184,2,71,188,1,0,0,0,0,0,0,0
141.538467,141.486465,122,255,237,255,184,2,68,189,1,0,0,0,0,0,0,0
141.813187,141.763077,121,255,238,255,184,2,64,189,1,0,0,0,0,0,0,0
142.032974,141.983963,122,255,238,255,183,3,66,189,1,0,0,0,0,0,0,0
142.307693,142.256027,122,255,239,255,183,2,68,188,129,0,0,0,0,0,0,0
142.527466,142.498001,122,255,240,255,185,2,67,188,1,0,0,0,0,0,0,0
142.747253,142.718658,122,255,240,255,185,2,66,189,129,0,0,0,0,0,0,0
143.021973,142.985397,122,255,241,255,184,2,73,189,129,0,0,0,0,0,0,0
143.241760,143.203659,122,255,241,255,184,1,80,189,1,0,0,0,0,0,0,0
143.516479,143.473679,122,255,241,255,184,2,78,189,129,0,0,0,0,0,0,0
143.736267,143.695847,122,255,242,255,185,3,80,188,1,0,0,0,0,0,0,0
144.010986,143.967316,122,255,243,255,184,2,84,189,129,0,0,0,0,0,0,0
144.230774,144.184952,122,255,244,255,185,2,84,189,1,0,0,0,0,0,0,0
144.505493,144.457932,122,255,244,255,185,2,80,189,1,0,0,0,0,0,0,0
144.725281,144.676941,122,255,244,255,185,2,79,188,129,0,0,0,0,0,0,0
145.000000,144.947876,121,255,245,255,185,2,78,188,1,0,0,0,0,0,0,0
145.219788,145.167694,122,255,245,255,184,2,77,189,129,0,0,0,0,0,0,0
145.494507,145.440826,122,255,245,255,184,2,76,188,1,0,0,0,0,0,0,0
145.714279,145.687027,122,255,246,255,185,2,76,189,129,0,0,0,0,0,0,0
145.934067,145.902328,122,255,247,255,184,2,65,189,129,0,0,0,0,0,0,0
146.208786,146.176498,122,255,247,255,185,2,63,188,1,0,0,0,0,0,0,0
146.428574,146.396744,122,255,247,255,185,2,58,189,129,0,0,0,0,0,0,0
146.703293,146.664307,122,255,247,255,185,2,58,189,129,0,0,0,0,0,0,0
146.923080,146.882324,122,255,249,255,185,2,59,189,129,0,0,0,0,0,0,0
147.197800,147.154877,122,255,249,255,186,3,59,188,129,0,0,0,0,0,0,0
147.417587,147.371536,122,255,249,255,185,2,61,189,1,0,0,0,0,0,0,0
147.692307,147.647324,122,255,250,255,185,3,54,189,129,0,0,0,0,0,0,0
147.912094,147.865128,122,255,250,255,184,2,51,189,1,0,0,0,0,0,0,0
148.186813,148.138306,122,255,251,255,184,3,54,189,129,0,0,0,0,0,0,0
148.406601,148.353882,122,255,251,255,185,3,56,189,129,0,0,0,0,0,0,0
148.681320,148.631577,122,255,252,255,184,2,69,189,1,0,0,0,0,0,0,0
148.901093,148.849747,122,255,252,255,186,2,66,189,129,0,0,0,0,0,0,0
149.175827,149.121521,122,255,253,255,185,2,65,189,1,0,0,0,0,0,0,0
149.395599,149.363235,122,255,253,255,185,3,68,189,129,0,0,0,0,0,0,0
149.615387,149.579056,122,255,254,255,184,2,69,188,129,0,0,0,0,0,0,0
149.890106,149.851990,122,255,254,255,185,3,71,189,1,0,0,0,0,0,0,0
150.109894,150.071030,122,255,254,255,184,2,74,188,129,0,0,0,0,0,0,0
150.384613,150.344574,122,255,255,255,184,2,79,188,1,0,0,0,0,0,0,0
150.604401,150.565491,122,255,255,255,184,3,76,189,129,0,0,0,0,0,0,0
150.879120,150.836182,122,255,255,255,183,3,75,189,1,0,0,0,0,0,0,0
151.098907,151.049866,122,255,254,255,185,3,69,189,1,0,0,0,0,0,0,0
151.373627,151.321762,122,255,255,255,185,1,71,189,129,0,0,0,0,0,0,0
151.593399,151.539444,122,255,255,255,184,2,75,188,1,0,0,0,0,0,0,0
151.868134,151.815521,122,255,255,255,185,2,72,188,129,0,0,0,0,0,0,0
152.087906,152.037827,122,255,255,255,185,1,70,189,1,0,0,0,0,0,0,0
152.362640,152.309601,122,255,255,255,184,2,69,188,1,0,0,0,0,0,0,0
152.582413,152.527496,122,255,255,255,184,3,70,188,129,0,0,0,0,0,0,0
152.857147,152.801727,122,255,255,255,184,3,71,189,1,0,0,0,0,0,0,0
153.076920,153.046295,122,255,255,255,184,3,63,189,129,0,0,0,0,0,0,0
153.296707,153.262543,122,255,255,255,185,2,57,189,1,0,0,0,0,0,0,0
153.571426,153.536819,0,255,255,255,185,3,57,189,1,0,0,0,0,0,0,0
153.791214,153.758057,127,255,255,255,184,3,56,189,129,0,0,0,0,0,0,0
154.065933,154.032013,122,255,255,255,185,2,65,189,1,0,0,0,0,0,0,0
154.285721,154.253662,0,255,255,255,184,3,63,189,129,0,0,0,0,0,0,0
154.560440,154.528763,127,255,255,255,185,2,63,189,129,0,0,0,0,0,0,0
154.780212,154.745331,0,255,255,255,185,2,55,189,1,0,0,0,0,0,0,0
155.054947,155.015854,0,255,255,255,185,3,59,189,129,0,0,0,0,0,0,0
155.274719,155.234787,0,255,255,255,185,2,66,189,1,0,0,0,0,0,0,0
155.549454,155.509338,0,255,255,255,184,3,58,189,129,0,0,0,0,0,0,0
155.769226,155.727646,0,255,255,255,185,2,53,189,129,0,0,0,0,0,0,0
156.043961,156.000000,0,255,255,255,185,2,59,189,1,0,0,0,0,0,0,0
156.263733,156.215500,0,255,255,255,184,2,67,189,129,0,0,0,0,0,0,0
156.538467,156.491608,127,255,255,255,185,2,64,189,1,0,0,0,0,0,0,0
156.758240,156.710022,0,255,255,255,184,2,60,189,129,0,0,0,0,0,0,0
157.032974,156.980881,122,255,255,255,184,2,60,189,1,0,0,0,0,0,0,0
157.252747,157.200638,0,255,255,255,185,2,69,189,1,0,0,0,0,0,0,0
157.527466,157.475494,122,255,252,255,184,2,64,189,129,0,0,0,0,0,0,0
157.747253,157.715942,122,255,242,255,184,2,68,189,1,0,0,0,0,0,0,0
157.967026,157.930832,122,255,252,255,185,2,59,189,129,0,0,0,0,0,0,0
158.241760,158.205292,0,255,255,255,186,3,46,189,1,0,0,0,0,0,0,0
158.461533,158.424911,127,255,255,255,185,2,52,189,1,0,0,0,0,0,0,0
158.736267,158.696274,123,255,243,255,185,3,32,189,129,0,0,0,0,0,0,0
158.956039,158.918655,122,255,242,255,188,2,27,189,1,0,0,0,0,0,0,0
159.230774,159.192032,123,255,249,255,192,2,37,190,129,0,0,0,0,0,0,0
159.450546,159.410324,122,255,243,255,191,1,32,189,1,0,0,0,0,0,0,0
159.725281,159.682770,127,255,212,255,190,3,27,189,1,0,0,0,0,0,0,0
159.945053,159.902374,0,255,107,255,191,3,23,188,129,0,0,0,0,0,0,0
160.219788,160.175720,127,165,71,255,191,2,29,189,1,0,0,0,0,0,0,0
160.439560,160.395187,0,0,58,255,190,3,39,189,129,0,0,0,0,0,0,0
160.714279,160.672165,0,0,54,255,191,2,44,188,1,0,0,0,0,0,0,0
160.934067,160.894943,0,0,53,255,191,3,51,189,1,0,0,0,0,0,0,0
161.208786,161.167618,0,0,59,255,191,3,59,189,129,0,0,0,0,0,0,0
161.428574,161.383850,127,255,51,255,191,3,66,189,1,0,0,0,0,0,0,0
161.703293,161.660416,127,0,42,255,190,3,64,189,129,0,0,0,0,0,0,0
161.923080,161.880035,0,0,40,255,191,3,75,188,1,0,0,0,0,0,0,0
162.197800,162.151138,0,0,38,255,191,2,83,189,129,0,0,0,0,0,0,0
162.417587,162.368790,0,0,37,255,190,2,88,189,129,0,0,0,0,0,0,0
162.692307,162.642334,0,0,32,255,189,3,91,189,1,0,0,0,0,0,0,0
162.912094,162.862000,0,0,31,242,189,2,102,188,129,0,0,0,0,0,0,0
163.186813,163.138107,0,0,30,237,191,3,95,188,1,0,0,0,0,0,0,0
163.406601,163.353653,0,0,30,237,192,2,72,188,129,0,0,0,0,0,0,0
163.681320,163.628311,63,255,27,228,192,2,90,189,129,0,0,0,0,0,0,0
163.901093,163.847809,0,0,26,212,192,3,107,188,1,0,0,0,0,0,0,0
164.175827,164.120590,0,0,24,189,191,2,111,188,129,0,0,0,0,0,0,0
164.395599,164.339478,127,255,23,190,191,2,95,188,1,0,0,0,0,0,0,0
164.670334,164.614456,0,0,22,179,192,2,15,189,129,0,0,0,0,0,0,0
164.890106,164.831238,0,0,21,171,192,2,4,189,1,0,0,0,0,0,0,0
165.164841,165.104752,127,255,21,163,192,2,1,189,1,0,0,0,0,0,0,0
165.384613,165.347290,0,0,37,255,191,2,12,189,129,0,0,0,0,0,0,0
165.604401,165.561798,0,0,67,255,191,2,8,189,1,0,0,0,0,0,0,0
165.879120,165.838379,0,0,70,255,191,2,2,190,129,0,0,0,0,0,0,0
166.098907,166.055222,127,255,69,255,192,2,4,190,129,0,0,0,0,0,0,0
166.373627,166.332687,127,255,55,255,192,2,3,190,1,0,0,0,0,0,0,0
166.593399,166.554276,127,255,51,255,192,2,11,189,129,0,0,0,0,0,0,0
166.868134,166.829330,0,0,52,255,191,2,50,190,1,0,0,0,0,0,0,0
167.087906,167.048370,0,0,53,255,190,2,24,189,129,0,0,0,0,0,0,0
167.362640,167.319855,0,0,52,255,191,2,3,190,129,0,0,0,0,0,0,0
167.582413,167.540604,0,0,50,255,192,2,12,190,129,0,0,0,0,0,0,0
167.857147,167.814682,0,0,48,255,191,2,38,189,129,0,0,0,0,0,0,0
168.076920,168.032898,127,255,48,255,191,2,25,189,1,0,0,0,0,0,0,0
168.351654,168.306290,0,0,49,255,190,2,50,189,129,0,0,0,0,0,0,0
168.571426,168.523865,127,255,46,255,191,3,96,189,129,0,0,0,0,0,0,0
168.846161,168.801422,0,0,43,255,190,2,96,188,1,0,0,0,0,0,0,0
169.065933,169.017715,0,0,39,255,190,2,79,189,129,0,0,0,0,0,0,0
169.340652,169.287521,127,255,39,255,190,2,80,189,129,0,0,0,0,0,0,0
169.560440,169.504333,0,0,53,255,190,1,16,189,129,0,0,0,0,0,0,0
169.835159,169.778854,0,0,53,255,191,3,12,189,129,0,0,0,0,0,0,0
170.054947,169.998230,127,255,53,255,191,3,12,189,129,0,0,0,0,0,0,0
170.329666,170.270782,0,0,53,255,190,1,82,188,129,0,0,0,0,0,0,0
170.549454,170.491074,0,0,51,255,192,2,27,189,1,0,0,0,0,0,0,0
170.824173,170.762955,127,255,28,229,192,2,1,189,129,0,0,0,0,0,0,0
171.043961,170.984451,0,0,39,255,193,2,0,189,1,0,0,0,0,0,0,0
171.318680,171.258774,0,0,39,255,190,2,0,189,1,0,0,0,0,0,0,0
171.538467,171.479965,127,255,35,255,187,2,117,188,129,0,0,0,0,0,0,0
171.813187,171.752182,0,0,29,235,185,1,113,187,1,0,0,0,0,0,0,0
172.032974,171.971466,0,0,35,255,190,2,10,189,129,0,0,0,0,0,0,0
172.307693,172.247925,127,255,40,255,190,2,17,190,129,0,0,0,0,0,0,0
172.527466,172.466446,0,0,39,255,190,1,12,189,129,0,0,0,0,0,0,0
172.747253,172.710052,0,0,39,255,190,2,40,189,129,0,0,0,0,0,0,0
173.021973,172.981934,127,255,35,255,189,2,19,189,1,0,0,0,0,0,0,0
173.241760,173.203674,127,255,36,255,191,3,13,188,129,0,0,0,0,0,0,0
173.516479,173.453659,0,0,47,255,192,2,11,189,1,0,0,0,0,0,0,0
173.736267,173.697784,0,0,45,255,190,2,1,189,1,0,0,0,0,0,0,0
174.010986,173.967850,127,255,46,255,191,2,3,189,129,0,0,0,0,0,0,0
174.230774,174.186951,127,255,46,255,191,2,4,189,1,0,0,0,0,0,0,0
174.505493,174.461380,0,0,39,255,191,1,8,189,129,0,0,0,0,0,0,0
174.725281,174.678925,0,0,37,255,190,2,48,189,1,0,0,0,0,0,0,0
175.000000,174.955688,0,0,35,255,189,1,80,189,129,0,0,0,0,0,0,0
175.219788,175.171768,63,255,33,255,190,2,86,188,129,0,0,0,0,0,0,0
175.494507,175.444931,0,0,32,247,189,2,95,189,1,0,0,0,0,0,0,0
175.714279,175.654587,0,0,30,239,190,3,100,189,1,0,0,0,0,0,0,0
175.989014,175.930115,127,255,31,241,189,1,111,189,129,0,0,0,0,0,0,0
176.208786,176.152649,127,255,30,251,190,2,47,189,1,0,0,0,0,0,0,0
176.483521,176.422348,0,0,33,255,192,2,12,189,129,0,0,0,0,0,0,0
176.703293,176.664108,0,0,34,255,191,1,0,189,1,0,0,0,0,0,0,0
176.978027,176.913849,0,0,36,255,191,1,8,189,1,0,0,0,0,0,0,0
177.197800,177.159103,0,255,36,255,191,1,8,190,1,0,0,0,0,0,0,0
177.472534,177.410706,127,255,34,255,191,1,9,190,1,0,0,0,0,0,0,0
177.692307,177.631470,0,0,38,255,190,1,15,188,129,0,0,0,0,0,0,0
177.967026,177.904968,0,0,37,255,191,1,1,189,1,0,0,0,0,0,0,0
178.186813,178.127853,0,0,34,255,191,2,1,189,1,0,0,0,0,0,0,0
178.461533,178.400574,127,255,34,255,191,2,3,188,129,0,0,0,0,0,0,0
178.681320,178.619614,0,0,34,255,191,1,5,189,1,0,0,0,0,0,0,0
178.956039,178.897018,0,0,39,255,191,2,3,188,129,0,0,0,0,0,0,0
179.175827,179.116730,127,255,39,255,191,2,3,189,129,0,0,0,0,0,0,0
179.450546,179.391525,0,0,33,255,191,2,17,189,1,0,0,0,0,0,0,0
179.670334,179.609909,0,0,33,255,190,2,38,189,129,0,0,0,0,0,0,0
179.945053,179.882263,0,0,32,252,191,1,45,178,1,0,0,0,0,0,0,0
180.164841,180.099167,0,0,32,252,191,1,45,178,1,0,0,0,0,0,0,0
180.384613,180.338806,0,0,32,252,191,1,45,178,1,0,0,0,0,0,0,0
180.659348,180.608383,0,0,32,252,191,1,45,178,1,0,0,0,0,0,0,0
180.879120,180.830933,0,0,32,252,191,1,45,178,1,0,0,0,0,0,0,0
181.153839,181.109802,0,0,32,252,191,1,45,178,1,0,0,0,0,0,0,0
181.373627,181.331436,0,0,32,252,191,1,45,178,1,0,0,0,0,0,0,0
181.648346,181.583817,0,0,32,252,191,1,45,178,1,0,0,0,0,0,0,0
181.923080,181.861526,0,0,32,252,191,1,45,178,1,0,0,0,0,0,0,0
182.142853,182.089676,0,0,32,252,191,1,45,178,1,0,0,0,0,0,0,0
182.417587,182.362640,0,0,32,252,191,1,45,178,1,0,0,0,0,0,0,0
182.637360,182.586304,0,0,32,252,191,1,45,178,1,0,0,0,0,0,0,0
182.912094,182.867157,0,0,24,188,192,8,0,189,1,0,0,0,0,0,0,0
183.131866,183.088699,127,255,38,255,191,8,3,189,1,0,0,0,0,0,0,0
183.406601,183.340195,127,255,43,255,191,10,11,189,129,0,0,0,0,0,0,0
183.626373,183.578781,0,255,43,255,191,10,11,189,129,0,0,0,0,0,0,0
183.901093,183.857025,127,255,41,255,191,10,21,187,129,0,0,0,0,0,0,0
184.120880,184.073517,0,255,38,255,192,9,33,189,1,0,0,0,0,0,0,0
184.395599,184.340881,127,255,36,255,190,11,41,189,1,0,0,0,0,0,0,0
184.615387,184.558456,0,0,33,255,191,10,31,189,129,0,0,0,0,0,0,0
184.890106,184.832901,63,255,31,255,192,10,25,188,129,0,0,0,0,0,0,0
185.109894,185.052719,0,0,30,244,189,9,32,188,1,0,0,0,0,0,0,0
185.384613,185.320755,0,0,31,241,191,12,63,189,1,0,0,0,0,0,0,0
185.604401,185.540573,0,0,28,219,191,11,63,188,1,0,0,0,0,0,0,0
185.879120,185.812164,127,255,26,199,190,12,40,188,129,0,0,0,0,0,0,0
186.098907,186.051376,0,0,30,234,190,12,21,188,1,0,0,0,0,0,0,0
186.318680,186.265854,127,255,30,234,190,12,21,188,1,0,0,0,0,0,0,0
186.593399,186.541122,0,0,38,255,191,10,19,189,129,0,0,0,0,0,0,0
186.813187,186.757309,0,0,34,255,190,10,20,188,1,0,0,0,0,0,0,0
187.087906,187.031677,127,255,30,251,190,10,14,188,129,0,0,0,0,0,0,0
187.307693,187.248077,0,0,32,251,191,9,28,189,1,0,0,0,0,0,0,0
187.582413,187.520233,127,255,31,241,190,10,39,188,129,0,0,0,0,0,0,0
187.802200,187.738602,0,0,29,229,190,11,44,188,129,0,0,0,0,0,0,0
188.076920,188.013138,0,0,26,211,191,8,40,188,1,0,0,0,0,0,0,0
188.296707,188.230743,0,0,35,255,190,1,47,178,129,0,0,0,0,0,0,0
188.571426,188.506302,0,0,41,255,189,1,86,177,1,0,0,0,0,0,0,0
188.791214,188.747711,0,0,41,255,189,1,86,177,1,0,0,0,0,0,0,0
189.010986,188.968460,73,0,41,255,189,1,86,177,1,0,0,0,0,0,0,0
189.285721,189.233704,73,0,41,255,189,1,86,177,1,0,0,0,0,0,0,0
189.505493,189.453781,73,0,41,255,189,1,86,177,1,0,0,0,0,0,0,0
189.780212,189.733566,0,0,42,255,193,13,55,188,1,0,0,0,0,0,0,0
190.054947,189.987930,0,0,48,255,192,11,23,188,1,0,0,0,0,0,0,0
190.274719,190.209518,0,0,46,255,192,12,9,188,129,0,0,0,0,0,0,0
190.494507,190.449066,127,255,45,255,192,10,15,187,1,0,0,0,0,0,0,0
190.769226,190.721207,0,0,44,255,192,12,36,188,1,0,0,0,0,0,0,0
190.989014,190.943573,127,255,43,255,192,8,64,188,1,0,0,0,0,0,0,0
191.263733,191.212296,0,0,42,255,191,12,56,188,1,0,0,0,0,0,0,0
191.483521,191.433731,127,0,35,255,191,11,18,188,129,0,0,0,0,0,0,0
191.758240,191.704834,0,0,45,255,192,10,26,188,1,0,0,0,0,0,0,0
191.978027,191.924393,0,0,46,255,191,11,36,187,129,0,0,0,0,0,0,0
192.252747,192.196976,0,0,54,255,191,16,31,188,1,0,0,0,0,0,0,0
192.472534,192.415604,0,0,47,255,192,9,32,187,129,0,0,0,0,0,0,0
192.747253,192.691376,0,0,39,255,192,10,35,188,129,0,0,0,0,0,0,0
192.967026,192.910889,0,0,37,255,193,11,40,188,1,0,0,0,0,0,0,0
193.241760,193.183960,127,255,32,255,192,12,42,188,129,0,0,0,0,0,0,0
193.461533,193.400620,0,0,36,255,192,10,35,188,129,0,0,0,0,0,0,0
193.736267,193.675217,0,0,49,255,192,11,39,188,129,0,0,0,0,0,0,0
193.956039,193.893585,0,0,56,255,192,12,43,188,129,0,0,0,0,0,0,0
194.230774,194.164276,0,0,55,255,192,14,39,188,1,0,0,0,0,0,0,0
194.450546,194.382965,0,0,51,255,192,14,39,188,1,0,0,0,0,0,0,0
194.725281,194.656403,0,0,44,255,192,12,39,188,1,0,0,0,0,0,0,0
194.945053,194.880539,0,0,42,255,192,14,47,188,129,0,0,0,0,0,0,0
195.219788,195.152115,0,0,39,255,192,11,37,188,129,0,0,0,0,0,0,0
195.439560,195.370331,0,0,38,255,192,11,52,188,1,0,0,0,0,0,0,0
195.714279,195.646591,0,0,32,255,193,14,40,188,1,0,0,0,0,0,0,0
195.934067,195.869263,0,0,43,255,192,11,41,188,1,0,0,0,0,0,0,0
196.208786,196.140793,127,255,48,255,192,14,31,189,1,0,0,0,0,0,0,0
196.428574,196.383347,127,255,56,255,192,13,35,188,129,0,0,0,0,0,0,0
196.648346,196.600250,0,0,49,255,191,14,44,188,1,0,0,0,0,0,0,0
196.923080,196.873703,0,0,43,255,191,11,39,188,129,0,0,0,0,0,0,0
197.142853,197.091492,127,255,39,255,191,14,38,189,1,0,0,0,0,0,0,0
197.417587,197.365570,0,0,36,255,192,11,27,188,1,0,0,0,0,0,0,0
197.637360,197.582275,0,0,36,255,192,11,48,188,129,0,0,0,0,0,0,0
197.912094,197.854156,0,0,36,255,192,12,36,188,1,0,0,0,0,0,0,0
198.131866,198.075668,0,0,35,255,191,10,48,188,129,0,0,0,0,0,0,0
198.406601,198.345505,0,0,36,255,191,10,47,188,129,0,0,0,0,0,0,0
198.626373,198.559341,0,0,36,255,191,11,39,189,1,0,0,0,0,0,0,0
198.901093,198.829727,127,255,42,255,191,11,40,188,129,0,0,0,0,0,0,0
199.120880,199.050690,0,0,46,255,192,12,47,188,1,0,0,0,0,0,0,0
199.395599,199.324524,0,255,46,255,192,12,47,188,1,0,0,0,0,0,0,0
199.615387,199.543030,0,0,41,255,192,13,40,188,1,0,0,0,0,0,0,0
199.835159,199.782669,0,0,40,255,191,13,48,188,1,0,0,0,0,0,0,0
200.109894,200.053360,0,0,43,255,191,11,41,188,129,0,0,0,0,0,0,0
200.329666,200.268860,127,255,42,255,192,12,40,188,1,0,0,0,0,0,0,0
200.604401,200.548340,127,255,38,255,191,12,36,188,129,0,0,0,0,0,0,0
200.824173,200.768433,63,255,39,255,192,13,40,187,1,0,0,0,0,0,0,0
201.098907,201.040161,127,0,40,255,193,12,40,188,1,0,0,0,0,0,0,0
201.318680,201.260468,127,255,50,255,191,12,43,188,129,0,0,0,0,0,0,0
201.593399,201.533691,0,0,51,255,191,14,34,188,1,0,0,0,0,0,0,0
201.813187,201.749924,127,255,48,255,192,32,40,188,129,0,0,0,0,0,0,0
202.087906,202.018906,0,0,55,255,191,13,32,188,129,0,0,0,0,0,0,0
202.307693,202.238571,127,255,62,255,191,13,32,189,1,0,0,0,0,0,0,0
202.582413,202.515549,0,0,60,255,191,16,39,188,129,0,0,0,0,0,0,0
202.802200,202.731781,0,0,58,255,192,14,39,189,1,0,0,0,0,0,0,0
203.076920,203.004776,0,0,56,255,191,13,40,188,129,0,0,0,0,0,0,0
203.296707,203.245239,127,255,49,255,191,12,52,188,129,0,0,0,0,0,0,0
203.516479,203.465897,0,0,56,255,191,12,48,188,129,0,0,0,0,0,0,0
203.791214,203.739807,0,0,58,255,192,14,55,188,129,0,0,0,0,0,0,0
204.010986,203.956314,127,255,55,255,191,13,48,187,1,0,0,0,0,0,0,0
204.285721,204.233444,127,255,52,255,192,12,52,188,129,0,0,0,0,0,0,0
204.505493,204.453064,63,255,48,255,191,13,57,188,1,0,0,0,0,0,0,0
204.780212,204.725937,0,0,43,255,192,13,51,188,129,0,0,0,0,0,0,0
205.000000,204.942749,0,0,37,255,191,13,55,188,129,0,0,0,0,0,0,0
205.274719,205.217255,0,0,33,255,192,14,48,188,1,0,0,0,0,0,0,0
205.494507,205.436081,0,0,32,245,192,13,48,188,129,0,0,0,0,0,0,0
205.769226,205.705261,0,0,26,212,192,14,36,188,1,0,0,0,0,0,0,0
205.989014,205.919708,0,0,25,204,192,11,39,188,129,0,0,0,0,0,0,0
206.263733,206.193787,0,0,33,255,193,14,40,188,129,0,0,0,0,0,0,0
206.483521,206.410858,0,0,37,255,192,14,39,188,1,0,0,0,0,0,0,0
206.758240,206.683853,0,0,43,255,192,16,50,188,129,0,0,0,0,0,0,0
206.978027,206.902237,0,0,40,255,192,13,47,187,1,0,0,0,0,0,0,0
207.197800,207.147507,0,0,38,255,191,15,39,188,129,0,0,0,0,0,0,0
207.472534,207.397156,0,0,34,255,192,12,39,188,129,0,0,0,0,0,0,0
207.692307,207.637878,0,0,31,255,192,32,44,187,1,0,0,0,0,0,0,0
207.967026,207.908310,0,0,40,255,192,15,52,188,129,0,0,0,0,0,0,0
208.186813,208.127396,0,0,44,255,191,13,50,188,1,0,0,0,0,0,0,0
208.461533,208.400650,127,255,42,255,191,32,47,187,1,0,0,0,0,0,0,0
208.681320,208.616364,0,0,48,255,191,12,55,188,129,0,0,0,0,0,0,0
208.956039,208.894012,0,0,54,255,191,15,43,187,1,0,0,0,0,0,0,0
209.175827,209.111694,0,0,59,255,191,15,43,187,1,0,0,0,0,0,0,0
209.450546,209.392639,0,0,64,255,193,13,56,189,1,0,0,0,0,0,0,0
209.670334,209.608047,0,0,66,255,192,13,54,188,129,0,0,0,0,0,0,0
209.945053,209.877380,0,0,63,255,192,16,46,188,129,0,0,0,0,0,0,0
210.164841,210.098389,127,255,57,255,191,12,45,188,1,0,0,0,0,0,0,0
210.439560,210.377304,0,0,49,255,191,15,52,188,129,0,0,0,0,0,0,0
210.659348,210.593552,0,0,42,255,192,14,41,188,1,0,0,0,0,0,0,0
210.934067,210.871094,0,0,40,255,192,13,47,188,129,0,0,0,0,0,0,0
211.153839,211.091431,127,255,44,255,191,14,42,188,129,0,0,0,0,0,0,0
211.428574,211.364319,127,255,46,255,191,12,45,187,1,0,0,0,0,0,0,0
211.648346,211.583817,0,0,47,255,191,14,36,188,129,0,0,0,0,0,0,0
211.923080,211.855820,0,0,45,255,191,14,43,187,1,0,0,0,0,0,0,0
212.142853,212.082794,0,255,49,255,192,13,39,188,129,0,0,0,0,0,0,0
212.417587,212.354294,0,0,55,255,192,15,43,188,1,0,0,0,0,0,0,0
212.637360,212.573502,0,0,62,255,192,14,51,188,1,0,0,0,0,0,0,0
212.912094,212.849731,127,255,69,255,192,13,50,188,129,0,0,0,0,0,0,0
213.131866,213.070297,0,0,74,255,192,13,48,187,1,0,0,0,0,0,0,0
213.406601,213.338120,127,255,74,255,191,12,47,188,129,0,0,0,0,0,0,0
213.626373,213.555969,0,0,60,255,191,16,41,188,1,0,0,0,0,0,0,0
213.901093,213.830978,0,0,58,255,191,14,46,188,129,0,0,0,0,0,0,0
214.120880,214.048767,0,0,59,255,192,14,48,187,129,0,0,0,0,0,0,0
214.395599,214.323898,0,255,68,255,192,13,35,187,1,0,0,0,0,0,0,0
214.615387,214.543701,0,0,75,255,192,14,40,188,129,0,0,0,0,0,0,0
214.890106,214.824081,0,255,74,255,192,9,39,188,1,0,0,0,0,0,0,0
215.109894,215.041290,127,255,70,255,192,12,35,188,1,0,0,0,0,0,0,0
215.384613,215.312820,0,0,62,255,191,13,38,188,1,0,0,0,0,0,0,0
215.604401,215.534454,127,255,59,255,192,11,39,187,1,0,0,0,0,0,0,0
215.879120,215.811493,127,255,50,255,192,14,42,188,129,0,0,0,0,0,0,0
216.098907,216.030380,0,0,65,255,192,15,42,188,129,0,0,0,0,0,0,0
216.373627,216.307114,0,0,75,255,191,12,39,188,129,0,0,0,0,0,0,0
216.593399,216.525528,0,0,71,255,192,12,35,188,129,0,0,0,0,0,0,0
216.868134,216.799957,127,255,66,255,192,11,30,188,1,0,0,0,0,0,0,0
217.087906,217.019989,0,0,71,255,192,12,43,188,129,0,0,0,0,0,0,0
217.362640,217.295517,127,255,78,255,192,14,38,188,1,0,0,0,0,0,0,0
217.582413,217.520645,0,0,77,255,191,14,35,189,129,0,0,0,0,0,0,0
217.857147,217.793457,127,255,78,255,192,13,28,188,129,0,0,0,0,0,0,0
218.076920,218.010437,0,0,69,255,191,12,40,188,1,0,0,0,0,0,0,0
218.351654,218.279922,127,255,66,255,192,12,41,188,129,0,0,0,0,0,0,0
218.571426,218.499496,0,0,79,255,192,12,31,189,1,0,0,0,0,0,0,0
218.846161,218.772049,0,0,79,255,192,13,27,188,129,0,0,0,0,0,0,0
219.065933,218.994583,0,0,79,255,191,13,38,187,1,0,0,0,0,0,0,0
219.340652,219.263458,0,0,78,255,192,13,35,188,1,0,0,0,0,0,0,0
219.560440,219.503571,0,0,81,255,191,13,26,188,129,0,0,0,0,0,0,0
219.780212,219.722290,0,0,83,255,192,12,23,188,1,0,0,0,0,0,0,0
220.054947,219.975815,0,0,78,255,192,12,27,188,129,0,0,0,0,0,0,0
220.329666,220.250366,0,0,72,255,191,11,27,189,1,0,0,0,0,0,0,0
220.549454,220.489426,63,255,83,255,192,11,28,188,1,0,0,0,0,0,0,0
220.769226,220.706177,0,0,78,255,192,11,26,187,129,0,0,0,0,0,0,0
221.043961,220.986801,127,255,79,255,191,11,36,188,1,0,0,0,0,0,0,0
221.263733,221.204544,0,0,94,255,192,11,28,188,129,0,0,0,0,0,0,0
221.538467,221.476227,0,0,91,255,193,32,25,188,1,0,0,0,0,0,0,0
221.758240,221.696625,0,0,91,255,192,12,28,188,129,0,0,0,0,0,0,0
222.032974,221.968109,0,0,86,255,191,13,26,188,129,0,0,0,0,0,0,0
222.252747,222.186050,0,0,108,255,191,13,32,188,1,0,0,0,0,0,0,0
222.527466,222.456787,127,255,147,255,191,12,32,188,1,0,0,0,0,0,0,0
222.747253,222.672928,0,48,104,255,191,11,31,188,1,0,0,0,0,0,0,0
223.021973,222.944702,0,0,81,255,192,13,34,188,129,0,0,0,0,0,0,0
223.241760,223.160675,0,0,87,255,191,12,34,188,129,0,0,0,0,0,0,0
223.461533,223.405624,127,255,84,255,191,9,28,189,1,0,0,0,0,0,0,0
223.736267,223.678879,0,4,161,255,192,10,30,188,129,0,0,0,0,0,0,0
223.956039,223.898270,0,77,158,255,191,11,35,188,1,0,0,0,0,0,0,0
224.230774,224.170578,0,38,89,255,191,9,36,188,129,0,0,0,0,0,0,0
224.450546,224.388107,0,111,132,255,191,11,31,188,129,0,0,0,0,0,0,0
224.725281,224.660461,0,177,183,255,191,15,31,189,1,0,0,0,0,0,0,0
224.945053,224.883255,0,244,254,255,192,12,35,189,129,0,0,0,0,0,0,0
225.219788,225.159439,0,255,254,255,191,13,36,186,1,0,0,0,0,0,0,0
225.439560,225.373718,0,255,254,255,192,10,39,188,1,0,0,0,0,0,0,0
225.714279,225.647278,127,255,254,255,190,9,41,189,129,0,0,0,0,0,0,0
225.934067,225.868546,0,255,254,255,191,11,39,188,1,0,0,0,0,0,0,0
226.208786,226.144379,0,255,255,255,191,12,39,189,129,0,0,0,0,0,0,0
226.428574,226.360840,127,255,255,255,191,12,35,189,1,0,0,0,0,0,0,0
226.703293,226.633240,0,255,255,255,190,16,41,188,129,0,0,0,0,0,0,0
226.923080,226.852753,0,255,255,255,191,11,47,189,129,0,0,0,0,0,0,0
227.197800,227.119965,0,255,255,255,191,12,34,188,1,0,0,0,0,0,0,0
227.417587,227.335052,1,255,255,255,191,12,39,188,129,0,0,0,0,0,0,0
227.637360,227.578751,127,255,255,255,191,12,41,188,129,0,0,0,0,0,0,0
227.912094,227.830582,127,255,255,255,191,11,39,189,129,0,0,0,0,0,0,0
228.131866,228.074768,0,255,255,255,192,10,35,189,129,0,0,0,0,0,0,0
228.406601,228.342987,121,255,255,255,191,12,44,188,1,0,0,0,0,0,0,0
228.626373,228.562592,0,255,255,255,191,10,40,188,129,0,0,0,0,0,0,0
228.901093,228.835266,122,255,255,255,192,11,43,189,1,0,0,0,0,0,0,0
229.120880,229.056839,0,255,255,255,191,12,41,188,129,0,0,0,0,0,0,0
229.395599,229.332428,0,255,255,255,191,10,38,189,129,0,0,0,0,0,0,0
229.615387,229.555725,0,255,255,255,191,11,41,189,1,0,0,0,0,0,0,0
229.890106,229.824707,0,255,255,255,192,12,38,188,129,0,0,0,0,0,0,0
230.109894,230.046036,122,255,255,255,191,12,36,188,1,0,0,0,0,0,0,0
230.384613,230.321045,0,255,255,255,191,11,35,189,129,0,0,0,0,0,0,0
230.604401,230.539047,0,255,255,255,192,9,33,189,129,0,0,0,0,0,0,0
230.879120,230.810776,7,255,255,255,191,11,36,188,1,0,0,0,0,0,0,0
231.098907,231.031174,0,255,255,255,191,11,37,188,129,0,0,0,0,0,0,0
231.373627,231.305664,0,255,255,255,190,10,36,189,1,0,0,0,0,0,0,0
231.593399,231.525787,127,255,255,255,191,10,38,188,129,0,0,0,0,0,0,0
231.868134,231.799698,127,255,255,255,192,11,39,189,1,0,0,0,0,0,0,0
232.087906,232.018646,0,255,255,255,192,10,40,189,1,0,0,0,0,0,0,0
232.362640,232.294693,0,255,255,255,192,12,46,189,129,0,0,0,0,0,0,0
232.582413,232.513016,127,255,255,255,192,12,46,189,129,0,0,0,0,0,0,0
232.857147,232.788177,0,255,255,255,191,28,43,186,129,0,0,0,0,0,0,0
233.076920,233.006897,0,255,255,255,191,11,41,189,1,0,0,0,0,0,0,0
233.351654,233.276291,0,255,255,255,191,11,35,188,1,0,0,0,0,0,0,0
233.571426,233.495651,0,255,255,255,192,10,46,189,129,0,0,0,0,0,0,0
233.846161,233.771439,0,255,255,255,190,11,42,189,1,0,0,0,0,0,0,0
234.065933,233.991989,127,255,255,255,191,11,42,188,129,0,0,0,0,0,0,0
234.340652,234.265228,122,255,255,255,191,10,48,188,1,0,0,0,0,0,0,0
234.560440,234.484528,122,255,255,255,191,12,48,189,1,0,0,0,0,0,0,0
234.835159,234.758347,122,255,255,255,190,11,40,189,129,0,0,0,0,0,0,0
235.054947,234.979568,0,255,255,255,191,12,41,188,1,0,0,0,0,0,0,0
235.329666,235.256287,0,255,255,255,192,10,39,188,129,0,0,0,0,0,0,0
235.549454,235.477753,127,255,255,255,191,11,44,188,1,0,0,0,0,0,0,0
235.824173,235.753830,121,255,255,255,191,10,36,188,129,0,0,0,0,0,0,0
236.043961,235.971893,122,255,255,255,191,11,39,188,129,0,0,0,0,0,0,0
236.318680,236.248138,122,255,255,255,191,11,34,189,1,0,0,0,0,0,0,0
236.538467,236.465042,0,255,255,255,190,12,38,189,129,0,0,0,0,0,0,0
236.813187,236.733826,122,255,254,255,191,12,33,188,1,0,0,0,0,0,0,0
237.032974,236.951141,122,255,255,255,191,14,30,189,129,0,0,0,0,0,0,0
237.307693,237.222000,122,255,255,255,191,13,40,188,1,0,0,0,0,0,0,0
237.527466,237.465744,122,255,255,255,190,11,35,189,1,0,0,0,0,0,0,0
237.747253,237.684464,122,255,255,255,190,9,33,188,129,0,0,0,0,0,0,0
238.021973,237.955307,121,255,255,255,192,9,38,188,1,0,0,0,0,0,0,0
238.241760,238.176331,122,255,255,255,192,11,34,188,129,0,0,0,0,0,0,0
238.516479,238.448532,122,255,255,255,190,11,33,188,129,0,0,0,0,0,0,0
238.736267,238.664764,122,255,255,255,190,13,35,188,1,0,0,0,0,0,0,0
239.010986,238.939529,122,255,255,255,192,10,39,189,129,0,0,0,0,0,0,0
239.230774,239.154251,121,255,255,255,191,11,36,188,1,0,0,0,0,0,0,0
239.505493,239.431427,122,255,255,255,192,10,33,188,129,0,0,0,0,0,0,0
239.725281,239.649078,0,255,255,255,191,11,42,188,1,0,0,0,0,0,0,0
240.000000,239.920807,122,255,255,255,191,11,40,188,1,0,0,0,0,0,0,0
240.219788,240.138611,122,255,255,255,191,12,36,189,129,0,0,0,0,0,0,0
240.494507,240.412369,122,255,255,255,191,11,34,189,1,0,0,0,0,0,0,0
240.714279,240.632080,122,255,255,255,191,12,39,189,129,0,0,0,0,0,0,0
240.989014,240.902313,122,255,255,255,191,13,41,188,1,0,0,0,0,0,0,0
241.208786,241.120789,122,255,255,255,191,13,41,188,1,0,0,0,0,0,0,0
241.428574,241.364212,121,255,255,255,192,12,44,189,129,0,0,0,0,0,0,0
241.703293,241.640366,122,255,255,255,191,13,43,188,1,0,0,0,0,0,0,0
241.923080,241.856445,122,255,255,255,191,11,42,188,129,0,0,0,0,0,0,0
242.197800,242.128693,122,255,255,255,192,12,38,188,129,0,0,0,0,0,0,0
242.417587,242.349762,0,255,255,255,191,13,45,188,1,0,0,0,0,0,0,0
242.692307,242.625549,122,255,255,255,191,15,46,189,129,0,0,0,0,0,0,0
242.912094,242.842560,121,255,255,255,191,13,35,189,1,0,0,0,0,0,0,0
243.186813,243.115768,121,255,255,255,191,11,40,188,129,0,0,0,0,0,0,0
243.406601,243.335159,122,255,255,255,191,15,35,188,1,0,0,0,0,0,0,0
243.681320,243.605179,122,255,255,255,191,13,42,188,1,0,0,0,0,0,0,0
243.901093,243.821686,0,255,255,255,191,12,43,188,129,0,0,0,0,0,0,0
244.175827,244.096527,0,255,255,255,191,12,43,188,129,0,0,0,0,0,0,0
244.395599,244.316925,122,255,255,255,190,10,40,188,1,0,0,0,0,0,0,0
244.670334,244.589905,122,255,255,255,191,14,39,187,1,0,0,0,0,0,0,0
244.890106,244.805618,122,255,255,255,191,11,51,188,1,0,0,0,0,0,0,0
245.164841,245.080780,122,255,255,255,192,11,36,188,129,0,0,0,0,0,0,0
245.384613,245.295151,32,255,255,255,191,12,31,188,1,0,0,0,0,0,0,0
245.659348,245.572342,122,255,255,255,191,13,42,188,129,0,0,0,0,0,0,0
245.879120,245.812607,122,255,255,255,191,14,41,188,1,0,0,0,0,0,0,0
246.098907,246.032181,122,255,255,255,191,12,41,188,129,0,0,0,0,0,0,0
246.373627,246.304779,122,255,255,255,190,24,41,189,129,0,0,0,0,0,0,0
246.593399,246.522964,122,255,255,255,191,15,39,189,1,0,0,0,0,0,0,0
246.868134,246.793533,122,255,255,255,190,15,37,188,1,0,0,0,0,0,0,0
247.087906,247.012955,122,255,255,255,191,13,43,187,1,0,0,0,0,0,0,0
247.362640,247.283203,121,255,255,255,191,14,41,187,1,0,0,0,0,0,0,0
247.582413,247.498657,122,255,255,255,191,15,43,188,129,0,0,0,0,0,0,0
247.857147,247.772125,122,255,255,255,190,15,43,188,1,0,0,0,0,0,0,0
248.076920,247.987000,121,255,255,255,191,15,40,188,1,0,0,0,0,0,0,0
248.296707,248.233139,122,255,255,255,191,15,35,188,1,0,0,0,0,0,0,0
248.571426,248.505386,121,255,255,255,191,15,43,188,129,0,0,0,0,0,0,0
248.791214,248.721832,122,255,255,255,190,15,36,188,129,0,0,0,0,0,0,0
249.065933,248.996780,121,255,255,255,191,14,40,188,1,0,0,0,0,0,0,0
249.285721,249.220978,122,255,255,255,191,14,44,188,129,0,0,0,0,0,0,0
249.560440,249.489380,122,255,255,255,192,14,43,188,1,0,0,0,0,0,0,0
249.780212,249.709824,122,255,255,255,191,15,47,189,129,0,0,0,0,0,0,0
250.054947,249.980469,122,255,255,255,191,16,41,188,129,0,0,0,0,0,0,0
250.274719,250.200378,121,255,255,255,191,16,44,188,1,0,0,0,0,0,0,0
250.549454,250.472519,122,255,255,255,190,15,40,188,129,0,0,0,0,0,0,0
250.769226,250.688156,121,255,255,255,191,14,46,188,1,0,0,0,0,0,0,0
251.043961,250.961288,122,255,255,255,191,14,48,188,1,0,0,0,0,0,0,0
