0.000000,0.000000,0,64,140,255,192,12,29,188,1,0,0,0,0,0,0,0
0.274725,0.275996,0,0,87,255,191,13,35,189,129,0,0,0,0,0,0,0
0.494505,0.494781,127,255,76,255,192,12,33,188,129,0,0,0,0,0,0,0
0.769231,0.771144,0,0,87,255,191,12,31,189,1,0,0,0,0,0,0,0
0.989011,0.985116,0,0,161,255,191,12,32,188,129,0,0,0,0,0,0,0
1.263736,1.259268,0,35,158,255,191,11,36,188,1,0,0,0,0,0,0,0
1.483516,1.478144,127,86,105,255,192,10,36,188,1,0,0,0,0,0,0,0
1.758242,1.752061,0,31,126,255,191,9,39,188,129,0,0,0,0,0,0,0
1.978022,1.969834,127,148,170,255,192,11,36,188,1,0,0,0,0,0,0,0
2.252747,2.246397,0,225,254,255,192,13,39,189,129,0,0,0,0,0,0,0
2.472528,2.463922,127,255,254,255,192,10,36,189,1,0,0,0,0,0,0,0
2.747253,2.738974,0,255,254,255,192,10,39,188,1,0,0,0,0,0,0,0
2.967033,2.983914,0,255,254,255,191,13,39,188,129,0,0,0,0,0,0,0
3.241758,3.234185,0,255,254,255,191,12,36,189,1,0,0,0,0,0,0,0
3.461539,3.452788,0,255,254,255,191,12,33,189,129,0,0,0,0,0,0,0
3.681319,3.697217,0,255,255,255,191,32,39,187,1,0,0,0,0,0,0,0
3.956044,3.969575,127,255,255,255,191,13,46,189,1,0,0,0,0,0,0,0
4.175824,4.189756,0,255,255,255,191,12,40,188,129,0,0,0,0,0,0,0
4.450550,4.467314,127,255,255,255,190,12,39,188,1,0,0,0,0,0,0,0
4.725275,4.717114,1,255,255,255,192,8,33,188,129,0,0,0,0,0,0,0
4.945055,4.960950,0,255,255,255,191,12,43,188,1,0,0,0,0,0,0,0
5.164835,5.180301,0,255,255,255,191,11,39,189,129,0,0,0,0,0,0,0
5.439560,5.454581,0,255,255,255,192,10,35,189,129,0,0,0,0,0,0,0
5.659341,5.668165,0,255,255,255,191,12,44,188,1,0,0,0,0,0,0,0
5.934066,5.943537,0,255,255,255,191,14,40,188,129,0,0,0,0,0,0,0
6.153846,6.161903,127,255,255,255,191,12,43,189,1,0,0,0,0,0,0,0
6.428571,6.442942,0,255,255,255,191,11,44,189,1,0,0,0,0,0,0,0
6.648352,6.658972,0,255,255,255,192,13,35,188,129,0,0,0,0,0,0,0
6.923077,6.934080,127,255,255,255,192,11,43,188,1,0,0,0,0,0,0,0
7.142857,7.155462,0,255,255,255,191,12,36,188,129,0,0,0,0,0,0,0
7.417583,7.431823,0,255,255,255,191,11,41,188,1,0,0,0,0,0,0,0
7.637362,7.648675,0,255,255,255,191,11,35,189,129,0,0,0,0,0,0,0
7.912088,7.923537,0,255,255,255,191,11,33,188,1,0,0,0,0,0,0,0
8.131868,8.143561,7,255,255,255,191,11,36,188,1,0,0,0,0,0,0,0
8.406593,8.417999,0,255,255,255,191,11,37,189,129,0,0,0,0,0,0,0
8.626373,8.633715,0,255,255,255,190,10,36,189,1,0,0,0,0,0,0,0
8.901099,8.912465,120,255,255,255,192,11,37,188,129,0,0,0,0,0,0,0
9.120879,9.129529,0,255,255,255,192,11,32,188,129,0,0,0,0,0,0,0
9.395604,9.402202,0,255,255,255,192,10,40,189,1,0,0,0,0,0,0,0
9.615385,9.619420,0,255,255,255,192,11,42,188,129,0,0,0,0,0,0,0
9.890110,9.892459,0,255,255,255,191,12,42,188,1,0,0,0,0,0,0,0
10.109890,10.115391,0,255,255,255,191,11,46,188,129,0,0,0,0,0,0,0
10.384615,10.391039,0,255,255,255,191,13,40,188,1,0,0,0,0,0,0,0
10.604396,10.608671,0,255,255,255,191,11,39,188,1,0,0,0,0,0,0,0
10.879121,10.886537,0,255,255,255,191,10,39,189,129,0,0,0,0,0,0,0
11.098901,11.103181,0,255,255,255,190,11,42,189,1,0,0,0,0,0,0,0
11.373627,11.376636,0,255,255,255,192,11,47,189,129,0,0,0,0,0,0,0
11.593407,11.593024,0,255,255,255,191,12,47,188,1,0,0,0,0,0,0,0
11.868132,11.866888,122,255,255,255,192,11,48,189,1,0,0,0,0,0,0,0
12.087913,12.086136,122,255,255,255,190,11,40,189,129,0,0,0,0,0,0,0
12.362638,12.360732,122,255,255,255,191,11,39,188,1,0,0,0,0,0,0,0
12.582417,12.578000,0,255,255,255,192,10,39,188,129,0,0,0,0,0,0,0
12.857142,12.852910,127,255,255,255,190,12,39,188,129,0,0,0,0,0,0,0
13.076923,13.071529,127,255,255,255,190,12,39,188,129,0,0,0,0,0,0,0
13.351648,13.342638,0,255,255,255,191,12,40,188,129,0,0,0,0,0,0,0
13.571428,13.564853,122,255,255,255,192,9,38,189,1,0,0,0,0,0,0,0
13.846154,13.838824,122,255,255,255,191,11,35,189,129,0,0,0,0,0,0,0
14.065934,14.053549,122,255,254,255,191,12,33,188,1,0,0,0,0,0,0,0
14.285714,14.296000,122,255,255,255,191,14,30,189,129,0,0,0,0,0,0,0
14.560439,14.567001,122,255,255,255,192,11,38,188,129,0,0,0,0,0,0,0
14.780220,14.787257,0,255,255,255,191,12,32,188,1,0,0,0,0,0,0,0
15.054945,15.063090,122,255,255,255,192,12,35,188,129,0,0,0,0,0,0,0
15.274725,15.282277,122,255,255,255,191,32,35,187,1,0,0,0,0,0,0,0
15.549451,15.554739,122,255,255,255,191,12,35,189,129,0,0,0,0,0,0,0
15.769231,15.773060,122,255,255,255,192,11,32,188,129,0,0,0,0,0,0,0
16.043957,16.041180,122,255,255,255,191,10,34,189,1,0,0,0,0,0,0,0
16.263737,16.261333,121,255,255,255,191,11,36,188,129,0,0,0,0,0,0,0
16.538462,16.532862,121,255,255,255,191,11,36,188,1,0,0,0,0,0,0,0
16.758242,16.748688,122,255,255,255,190,13,36,188,129,0,0,0,0,0,0,0
16.978022,16.988163,127,255,255,255,191,12,38,188,129,0,0,0,0,0,0,0
17.252747,17.262861,122,255,255,255,190,11,43,188,1,0,0,0,0,0,0,0
17.472527,17.479437,122,255,255,255,192,16,35,188,129,0,0,0,0,0,0,0
17.747253,17.754152,122,255,255,255,191,11,34,189,1,0,0,0,0,0,0,0
17.967033,17.972155,121,255,255,255,191,11,35,188,1,0,0,0,0,0,0,0
18.241758,18.245676,122,255,255,255,191,13,41,188,129,0,0,0,0,0,0,0
18.461538,18.460695,121,255,255,255,190,14,39,188,1,0,0,0,0,0,0,0
18.736263,18.738413,122,255,255,255,192,12,44,189,129,0,0,0,0,0,0,0
18.956043,18.951159,121,255,255,255,191,12,43,188,1,0,0,0,0,0,0,0
19.230770,19.225235,122,255,255,255,191,11,40,188,129,0,0,0,0,0,0,0
19.450550,19.440741,122,255,255,255,191,11,35,188,129,0,0,0,0,0,0,0
19.725275,19.718761,127,255,255,255,191,12,38,189,1,0,0,0,0,0,0,0
19.945055,19.937649,122,255,255,255,191,15,46,189,129,0,0,0,0,0,0,0
20.219780,20.214844,122,255,255,255,191,12,29,188,1,0,0,0,0,0,0,0
20.439560,20.429886,121,255,255,255,191,11,40,188,1,0,0,0,0,0,0,0
20.714285,20.704054,122,255,255,255,191,15,35,188,1,0,0,0,0,0,0,0
20.934067,20.945210,122,255,255,255,191,13,43,189,1,0,0,0,0,0,0,0
21.208792,21.195221,122,255,255,255,191,11,45,188,129,0,0,0,0,0,0,0
21.428572,21.416420,122,255,255,255,191,12,40,189,1,0,0,0,0,0,0,0
21.703297,21.687740,122,255,255,255,191,12,36,189,1,0,0,0,0,0,0,0
21.923077,21.931957,122,255,255,255,191,12,44,189,1,0,0,0,0,0,0,0
22.142857,22.150164,122,255,255,255,192,11,44,188,129,0,0,0,0,0,0,0
22.417582,22.423508,122,255,255,255,191,12,36,188,129,0,0,0,0,0,0,0
22.637363,22.638182,122,255,255,255,191,12,31,188,1,0,0,0,0,0,0,0
22.912088,22.913870,121,255,255,255,192,11,40,188,129,0,0,0,0,0,0,0
23.131868,23.133568,122,255,255,255,191,14,47,189,1,0,0,0,0,0,0,0
23.406593,23.408972,122,255,255,255,191,12,41,188,129,0,0,0,0,0,0,0
23.626373,23.627684,122,255,255,255,191,16,41,189,129,0,0,0,0,0,0,0
23.901098,23.901081,122,255,255,255,192,15,41,188,1,0,0,0,0,0,0,0
24.120878,24.118574,121,255,255,255,190,14,42,188,129,0,0,0,0,0,0,0
24.395605,24.387123,121,255,255,255,190,14,47,188,1,0,0,0,0,0,0,0
24.615385,24.606375,122,255,255,255,190,14,47,188,1,0,0,0,0,0,0,0
24.890110,24.879099,122,255,255,255,191,15,43,188,129,0,0,0,0,0,0,0
25.109890,25.094532,122,255,255,255,190,15,43,188,1,0,0,0,0,0,0,0
25.384615,25.372162,122,255,255,255,192,14,40,188,129,0,0,0,0,0,0,0
25.604395,25.591671,122,255,255,255,192,15,40,188,1,0,0,0,0,0,0,0
25.824175,25.832977,121,255,255,255,192,13,39,188,129,0,0,0,0,0,0,0
26.098902,26.106524,121,255,255,255,191,15,36,188,129,0,0,0,0,0,0,0
26.318682,26.326925,121,255,255,255,192,16,40,188,1,0,0,0,0,0,0,0
26.593407,26.596468,121,255,255,255,191,15,39,188,129,0,0,0,0,0,0,0
26.813187,26.814056,122,255,255,255,192,15,44,188,1,0,0,0,0,0,0,0
27.087912,27.086100,122,255,255,255,191,16,43,188,1,0,0,0,0,0,0,0
27.307692,27.305037,122,255,255,255,190,15,41,188,129,0,0,0,0,0,0,0
27.582418,27.577446,122,255,255,255,192,15,39,188,1,0,0,0,0,0,0,0
27.802198,27.794876,121,255,255,255,191,14,49,188,129,0,0,0,0,0,0,0
28.076923,28.069057,122,255,255,255,191,32,44,188,1,0,0,0,0,0,0,0
28.296703,28.282881,122,255,255,255,192,16,47,188,129,0,0,0,0,0,0,0
28.571428,28.553963,121,255,255,255,191,13,48,188,129,0,0,0,0,0,0,0
28.791208,28.794531,122,255,255,255,190,14,52,189,1,0,0,0,0,0,0,0
29.010988,29.012218,121,255,255,255,192,15,41,188,129,0,0,0,0,0,0,0
29.285715,29.284164,122,255,255,255,190,14,44,189,1,0,0,0,0,0,0,0
29.505495,29.497955,122,255,254,255,191,20,47,188,1,0,0,0,0,0,0,0
29.780220,29.769741,122,255,255,255,191,13,50,188,129,0,0,0,0,0,0,0
30.000000,29.987801,122,255,255,255,191,14,43,188,1,0,0,0,0,0,0,0
30.274725,30.263477,121,255,255,255,191,13,52,188,129,0,0,0,0,0,0,0
30.494505,30.480207,122,255,255,255,191,15,49,188,1,0,0,0,0,0,0,0
30.769230,30.753731,121,255,255,255,191,28,51,188,1,0,0,0,0,0,0,0
30.989012,30.975780,122,255,255,255,191,15,43,188,1,0,0,0,0,0,0,0
31.263737,31.250742,122,255,255,255,191,15,48,188,1,0,0,0,0,0,0,0
31.483517,31.466055,122,255,255,255,191,14,47,188,129,0,0,0,0,0,0,0
31.758242,31.741362,121,255,255,255,191,15,54,188,1,0,0,0,0,0,0,0
31.978022,31.962248,122,255,255,255,190,15,47,188,129,0,0,0,0,0,0,0
32.252747,32.232994,121,255,254,255,190,16,46,188,1,0,0,0,0,0,0,0
32.472527,32.475525,122,255,255,255,192,14,43,188,1,0,0,0,0,0,0,0
32.692307,32.689884,121,255,255,255,191,13,38,188,129,0,0,0,0,0,0,0
32.967033,32.959747,122,255,254,255,192,15,44,188,1,0,0,0,0,0,0,0
33.186813,33.180031,121,255,255,255,191,13,46,188,129,0,0,0,0,0,0,0
33.461540,33.451351,122,255,254,255,191,13,43,188,129,0,0,0,0,0,0,0
33.681320,33.667381,122,255,254,255,191,15,43,188,1,0,0,0,0,0,0,0
33.956043,33.939270,122,255,254,255,191,15,50,188,129,0,0,0,0,0,0,0
34.175823,34.180542,121,255,253,255,192,15,50,188,1,0,0,0,0,0,0,0
34.395603,34.395470,122,255,254,255,191,16,40,188,129,0,0,0,0,0,0,0
34.670330,34.665787,122,255,253,255,191,15,46,188,129,0,0,0,0,0,0,0
34.890110,34.881874,122,255,253,255,191,16,45,188,1,0,0,0,0,0,0,0
35.164837,35.152607,122,255,253,255,191,14,54,188,129,0,0,0,0,0,0,0
35.384617,35.370510,122,255,253,255,191,14,52,188,1,0,0,0,0,0,0,0
35.659340,35.645931,122,255,253,255,191,16,47,188,129,0,0,0,0,0,0,0
35.879120,35.865654,122,255,253,255,191,13,54,189,1,0,0,0,0,0,0,0
36.153847,36.136086,121,255,253,255,191,13,50,188,1,0,0,0,0,0,0,0
36.373627,36.353718,122,255,253,255,191,14,48,188,129,0,0,0,0,0,0,0
36.648350,36.630814,123,255,252,255,191,15,55,188,1,0,0,0,0,0,0,0
36.868134,36.846756,121,255,252,255,192,14,48,188,129,0,0,0,0,0,0,0
37.087914,37.090118,121,255,252,255,192,16,49,188,129,0,0,0,0,0,0,0
37.362637,37.362473,121,255,252,255,192,16,49,188,129,0,0,0,0,0,0,0
37.582417,37.582241,121,255,252,255,190,14,39,188,129,0,0,0,0,0,0,0
37.857143,37.855274,122,255,251,255,191,15,42,188,1,0,0,0,0,0,0,0
38.076923,38.076145,122,255,251,255,192,16,30,189,129,0,0,0,0,0,0,0
38.351650,38.346577,122,255,251,255,191,13,30,189,129,0,0,0,0,0,0,0
38.571430,38.566410,122,255,251,255,191,13,35,188,1,0,0,0,0,0,0,0
38.846153,38.835888,121,255,251,255,192,12,36,188,129,0,0,0,0,0,0,0
39.065933,39.057152,122,255,251,255,192,16,32,188,1,0,0,0,0,0,0,0
39.340660,39.329632,122,255,251,255,192,15,32,189,129,0,0,0,0,0,0,0
39.560440,39.546696,121,255,251,255,191,14,36,188,1,0,0,0,0,0,0,0
39.835163,39.818531,121,255,251,255,191,15,30,188,1,0,0,0,0,0,0,0
40.054947,40.034454,122,255,250,255,192,13,28,188,129,0,0,0,0,0,0,0
40.274727,40.277893,122,255,250,255,191,13,35,189,1,0,0,0,0,0,0,0
40.549450,40.526649,122,255,250,255,191,15,35,189,129,0,0,0,0,0,0,0
40.769230,40.769497,122,255,250,255,191,14,36,188,129,0,0,0,0,0,0,0
41.043957,41.040451,122,255,250,255,191,15,35,189,1,0,0,0,0,0,0,0
41.263737,41.261555,122,255,250,255,191,13,39,189,129,0,0,0,0,0,0,0
41.538460,41.533352,122,255,250,255,191,14,48,189,1,0,0,0,0,0,0,0
41.758244,41.752979,122,255,250,255,191,14,40,188,129,0,0,0,0,0,0,0
42.032967,42.025173,122,255,250,255,191,16,48,189,129,0,0,0,0,0,0,0
42.252747,42.244076,122,255,250,255,191,14,41,188,1,0,0,0,0,0,0,0
42.527473,42.516830,122,255,250,255,190,14,38,188,129,0,0,0,0,0,0,0
42.747253,42.736183,122,255,250,255,191,14,43,188,1,0,0,0,0,0,0,0
43.021976,43.007450,122,255,249,255,190,12,39,189,1,0,0,0,0,0,0,0
43.241756,43.225868,122,255,250,255,191,13,41,188,129,0,0,0,0,0,0,0
43.516483,43.496979,122,255,250,255,191,12,35,188,1,0,0,0,0,0,0,0
43.736263,43.716484,122,255,250,255,192,22,38,189,129,0,0,0,0,0,0,0
43.956043,43.956024,122,255,249,255,191,13,38,188,129,0,0,0,0,0,0,0
44.230770,44.227291,122,255,249,255,191,14,36,188,129,0,0,0,0,0,0,0
44.450550,44.445915,122,255,249,255,192,14,42,188,129,0,0,0,0,0,0,0
44.725273,44.721325,122,255,249,255,191,14,47,188,1,0,0,0,0,0,0,0
44.945053,44.940796,122,255,249,255,192,14,42,188,129,0,0,0,0,0,0,0
45.219780,45.215130,122,255,249,255,190,14,46,189,1,0,0,0,0,0,0,0
45.439560,45.432377,122,255,249,255,191,14,42,188,129,0,0,0,0,0,0,0
45.714287,45.707722,121,255,249,255,191,16,41,188,129,0,0,0,0,0,0,0
45.934067,45.925480,121,255,249,255,192,14,48,188,1,0,0,0,0,0,0,0
46.208790,46.199177,122,255,249,255,191,16,43,188,129,0,0,0,0,0,0,0
46.428570,46.418762,121,255,249,255,191,16,48,188,1,0,0,0,0,0,0,0
46.703297,46.687454,121,255,250,255,191,15,52,188,1,0,0,0,0,0,0,0
46.923077,46.905090,122,255,249,255,191,16,54,189,129,0,0,0,0,0,0,0
47.197803,47.178692,122,255,249,255,191,15,53,188,1,0,0,0,0,0,0,0
47.417583,47.393997,122,255,249,255,191,13,56,189,129,0,0,0,0,0,0,0
47.692307,47.669422,122,255,249,255,191,13,47,187,1,0,0,0,0,0,0,0
47.912086,47.912441,122,255,250,255,191,15,51,189,1,0,0,0,0,0,0,0
48.131866,48.129814,122,255,249,255,192,13,49,188,1,0,0,0,0,0,0,0
48.406593,48.402699,122,255,249,255,191,15,40,188,1,0,0,0,0,0,0,0
48.626373,48.623344,122,255,250,255,191,16,42,188,129,0,0,0,0,0,0,0
48.901100,48.892651,122,255,250,255,191,16,44,189,1,0,0,0,0,0,0,0
49.120880,49.112713,122,255,250,255,191,13,49,189,129,0,0,0,0,0,0,0
49.395603,49.385544,122,255,249,255,190,15,51,188,1,0,0,0,0,0,0,0
49.615383,49.605263,122,255,250,255,190,13,53,187,1,0,0,0,0,0,0,0
49.890110,49.879955,122,255,250,255,191,12,49,188,129,0,0,0,0,0,0,0
50.109890,50.093430,121,255,250,255,191,16,56,189,1,0,0,0,0,0,0,0
50.384617,50.367355,122,255,250,255,191,15,53,187,129,0,0,0,0,0,0,0
50.604397,50.585197,121,255,250,255,190,14,51,188,1,0,0,0,0,0,0,0
50.879120,50.858963,122,255,250,255,191,14,54,188,1,0,0,0,0,0,0,0
51.098900,51.077633,122,255,250,255,190,14,52,188,129,0,0,0,0,0,0,0
51.373627,51.350830,122,255,250,255,191,16,52,189,1,0,0,0,0,0,0,0
51.593407,51.568413,121,255,250,255,191,16,50,188,129,0,0,0,0,0,0,0
51.813187,51.812840,122,255,250,255,191,13,53,188,1,0,0,0,0,0,0,0
52.087914,52.083530,122,255,250,255,191,14,45,187,129,0,0,0,0,0,0,0
52.307693,52.299957,121,255,250,255,192,15,60,189,129,0,0,0,0,0,0,0
52.582417,52.572643,121,255,251,255,190,15,55,188,1,0,0,0,0,0,0,0
52.802197,52.790901,122,255,250,255,191,15,55,188,1,0,0,0,0,0,0,0
53.076923,53.065914,121,255,251,255,191,14,52,189,129,0,0,0,0,0,0,0
53.296703,53.282253,121,255,251,255,191,14,55,188,1,0,0,0,0,0,0,0
53.571430,53.557568,121,255,251,255,190,15,50,188,129,0,0,0,0,0,0,0
53.791210,53.777615,122,255,251,255,192,15,49,189,129,0,0,0,0,0,0,0
54.065933,54.047878,123,255,251,255,190,15,48,189,1,0,0,0,0,0,0,0
54.285713,54.264526,122,255,250,255,190,15,49,187,1,0,0,0,0,0,0,0
54.560440,54.538906,122,255,251,255,192,15,58,188,129,0,0,0,0,0,0,0
54.780220,54.755978,122,255,251,255,191,16,57,188,129,0,0,0,0,0,0,0
55.054947,55.029747,121,255,251,255,190,15,57,188,1,0,0,0,0,0,0,0
55.274727,55.246986,122,255,251,255,191,14,56,188,129,0,0,0,0,0,0,0
55.494507,55.490551,122,255,251,255,191,15,63,189,129,0,0,0,0,0,0,0
55.769230,55.763378,121,255,251,255,191,15,64,188,129,0,0,0,0,0,0,0
55.989010,55.977116,121,255,251,255,191,14,64,188,129,0,0,0,0,0,0,0
56.263737,56.252487,120,255,249,255,192,15,65,189,1,0,0,0,0,0,0,0
56.483517,56.470440,122,255,252,255,190,16,55,188,129,0,0,0,0,0,0,0
56.758244,56.744095,121,255,251,255,192,15,60,188,1,0,0,0,0,0,0,0
56.978024,56.962700,121,255,252,255,190,15,61,188,129,0,0,0,0,0,0,0
57.252747,57.230762,121,255,252,255,191,15,56,188,129,0,0,0,0,0,0,0
57.472527,57.448971,122,255,251,255,190,14,59,188,1,0,0,0,0,0,0,0
57.747253,57.720917,121,255,252,255,192,16,65,187,129,0,0,0,0,0,0,0
57.967033,57.939487,121,255,252,255,191,32,51,189,1,0,0,0,0,0,0,0
58.186813,58.183598,122,255,252,255,191,13,55,188,1,0,0,0,0,0,0,0
58.461540,58.451744,121,255,252,255,191,13,53,188,129,0,0,0,0,0,0,0
58.681320,58.669708,121,255,251,255,191,15,56,188,1,0,0,0,0,0,0,0
58.956043,58.941895,121,255,251,255,191,16,64,188,129,0,0,0,0,0,0,0
59.175823,59.160576,121,255,252,255,190,17,56,188,1,0,0,0,0,0,0,0
59.450550,59.434082,122,255,252,255,192,14,60,188,1,0,0,0,0,0,0,0
59.670330,59.653847,122,255,252,255,191,14,52,188,1,0,0,0,0,0,0,0
59.945053,59.929855,122,255,252,255,190,15,52,188,1,0,0,0,0,0,0,0
60.164837,60.147179,122,255,253,255,190,15,57,188,129,0,0,0,0,0,0,0
60.439560,60.417603,121,255,253,255,191,14,59,188,1,0,0,0,0,0,0,0
60.659340,60.636799,122,255,252,255,191,15,63,188,129,0,0,0,0,0,0,0
60.934067,60.907646,122,255,252,255,190,15,64,188,129,0,0,0,0,0,0,0
61.153847,61.127937,121,255,253,255,190,15,63,187,1,0,0,0,0,0,0,0
61.373627,61.368935,121,255,253,255,190,15,67,187,129,0,0,0,0,0,0,0
61.648350,61.643124,121,255,253,255,192,14,60,187,1,0,0,0,0,0,0,0
61.868134,61.862827,121,255,253,255,191,15,66,188,129,0,0,0,0,0,0,0
62.142857,62.133884,122,255,253,255,190,13,68,188,1,0,0,0,0,0,0,0
62.362637,62.352352,121,255,253,255,189,15,68,187,1,0,0,0,0,0,0,0
62.637363,62.626072,122,255,253,255,191,16,62,188,129,0,0,0,0,0,0,0
62.857143,62.844330,121,255,253,255,191,15,66,187,1,0,0,0,0,0,0,0
63.131866,63.116440,121,255,253,255,190,15,64,188,129,0,0,0,0,0,0,0
63.351650,63.329227,121,255,253,255,191,16,65,188,129,0,0,0,0,0,0,0
63.626373,63.603035,122,255,253,255,190,14,60,188,1,0,0,0,0,0,0,0
63.846153,63.821144,122,255,254,255,190,15,60,187,129,0,0,0,0,0,0,0
64.120880,64.096512,121,255,254,255,190,15,70,188,1,0,0,0,0,0,0,0
64.340660,64.310669,121,255,254,255,191,13,58,188,129,0,0,0,0,0,0,0
64.615387,64.584846,121,255,254,255,191,15,61,189,129,0,0,0,0,0,0,0
64.835167,64.828339,122,255,254,255,191,15,58,188,1,0,0,0,0,0,0,0
65.054947,65.047379,121,255,254,255,191,15,55,188,129,0,0,0,0,0,0,0
65.329674,65.321655,122,255,254,255,191,16,55,187,1,0,0,0,0,0,0,0
65.549454,65.541687,121,255,254,255,189,16,60,188,129,0,0,0,0,0,0,0
65.824173,65.814621,122,255,254,255,192,17,55,188,1,0,0,0,0,0,0,0
66.043953,66.032623,122,255,254,255,189,17,59,188,129,0,0,0,0,0,0,0
66.318680,66.303413,121,255,255,255,190,15,61,188,129,0,0,0,0,0,0,0
66.538460,66.522148,121,255,254,255,191,19,60,188,1,0,0,0,0,0,0,0
66.813187,66.793602,121,255,255,255,191,17,66,188,129,0,0,0,0,0,0,0
67.032967,67.010841,121,255,254,255,191,16,66,187,1,0,0,0,0,0,0,0
67.307693,67.279869,121,255,255,255,191,15,66,186,129,0,0,0,0,0,0,0
67.527473,67.495583,121,255,255,255,190,15,66,188,129,0,0,0,0,0,0,0
67.802200,67.769859,121,255,255,255,192,15,72,188,1,0,0,0,0,0,0,0
68.021980,67.989182,121,255,255,255,191,14,73,188,129,0,0,0,0,0,0,0
68.241760,68.232079,121,255,255,255,190,17,76,188,1,0,0,0,0,0,0,0
68.516487,68.506882,121,255,255,255,190,15,72,188,129,0,0,0,0,0,0,0
68.736267,68.725296,121,255,255,255,190,32,67,187,129,0,0,0,0,0,0,0
69.010986,69.002739,122,255,255,255,191,17,70,188,1,0,0,0,0,0,0,0
69.230766,69.221634,121,255,255,255,191,15,64,188,129,0,0,0,0,0,0,0
69.505493,69.496445,122,255,255,255,190,13,60,188,1,0,0,0,0,0,0,0
69.725273,69.714081,121,255,255,255,190,15,64,187,129,0,0,0,0,0,0,0
70.000000,69.985893,122,255,255,255,190,16,62,188,129,0,0,0,0,0,0,0
70.219780,70.203552,121,255,255,255,191,14,60,187,1,0,0,0,0,0,0,0
70.494507,70.478668,122,255,255,255,191,16,60,188,129,0,0,0,0,0,0,0
70.714287,70.696259,121,255,255,255,190,16,64,187,1,0,0,0,0,0,0,0
70.989014,70.966011,122,255,255,255,192,14,57,187,1,0,0,0,0,0,0,0
71.208794,71.185265,122,255,255,255,191,15,58,189,1,0,0,0,0,0,0,0
71.483513,71.456161,121,255,255,255,191,16,67,188,1,0,0,0,0,0,0,0
71.703300,71.674576,121,255,255,255,191,17,66,187,129,0,0,0,0,0,0,0
71.978020,71.945587,121,255,255,255,191,15,69,187,1,0,0,0,0,0,0,0
72.197800,72.187721,121,255,255,255,190,16,70,188,129,0,0,0,0,0,0,0
72.417580,72.404160,121,255,255,255,191,13,67,187,1,0,0,0,0,0,0,0
72.692307,72.676514,121,255,255,255,190,14,74,187,1,0,0,0,0,0,0,0
72.912086,72.893318,122,255,255,255,191,17,79,187,129,0,0,0,0,0,0,0
73.186813,73.164276,121,255,255,255,191,16,75,187,1,0,0,0,0,0,0,0
73.406593,73.382339,121,255,255,255,190,16,75,188,129,0,0,0,0,0,0,0
73.681320,73.657860,121,255,255,255,190,16,75,188,129,0,0,0,0,0,0,0
73.901100,73.876152,121,255,255,255,191,15,69,187,1,0,0,0,0,0,0,0
74.175827,74.146240,122,255,255,255,191,14,69,187,129,0,0,0,0,0,0,0
74.395607,74.363312,121,255,255,255,191,14,72,187,1,0,0,0,0,0,0,0
74.615387,74.605194,121,255,255,255,191,14,70,187,129,0,0,0,0,0,0,0
74.890106,74.880714,121,255,255,255,191,15,66,187,1,0,0,0,0,0,0,0
75.109894,75.096069,121,255,255,255,190,15,67,188,1,0,0,0,0,0,0,0
75.384613,75.369202,121,255,255,255,192,14,58,189,129,0,0,0,0,0,0,0
75.604393,75.588821,121,255,255,255,190,16,59,187,1,0,0,0,0,0,0,0
75.879120,75.860550,122,255,255,255,191,15,64,188,129,0,0,0,0,0,0,0
76.098900,76.078499,122,255,255,255,190,15,64,188,1,0,0,0,0,0,0,0
76.373627,76.348518,122,255,255,255,190,15,62,188,129,0,0,0,0,0,0,0
76.593407,76.564911,121,255,255,255,191,16,71,187,129,0,0,0,0,0,0,0
76.868134,76.837112,122,255,255,255,190,17,75,188,1,0,0,0,0,0,0,0
77.087914,77.057045,121,255,255,255,191,15,67,188,129,0,0,0,0,0,0,0
77.362640,77.328773,121,255,255,255,191,15,66,187,1,0,0,0,0,0,0,0
77.582420,77.549683,121,255,255,255,190,17,66,188,1,0,0,0,0,0,0,0
77.857140,77.822250,121,255,255,255,192,16,65,188,129,0,0,0,0,0,0,0
78.076920,78.042068,121,255,255,255,191,17,67,188,1,0,0,0,0,0,0,0
78.296700,78.285828,121,255,255,255,190,16,65,187,129,0,0,0,0,0,0,0
78.571426,78.556870,121,255,255,255,191,15,67,188,1,0,0,0,0,0,0,0
78.791206,78.775246,121,255,255,255,190,15,68,187,129,0,0,0,0,0,0,0
79.065933,79.042557,121,255,255,255,191,15,60,187,129,0,0,0,0,0,0,0
79.285713,79.261337,122,255,255,255,190,16,64,188,1,0,0,0,0,0,0,0
79.560440,79.531761,121,255,255,255,191,15,66,188,129,0,0,0,0,0,0,0
79.780220,79.757881,121,255,255,255,190,15,70,188,1,0,0,0,0,0,0,0
80.054947,80.025047,121,255,255,255,191,15,72,188,129,0,0,0,0,0,0,0
80.274727,80.240646,122,255,255,255,190,18,63,188,129,0,0,0,0,0,0,0
80.494507,80.481438,121,255,255,255,191,15,64,187,1,0,0,0,0,0,0,0
80.769234,80.755760,121,255,255,255,191,14,57,187,129,0,0,0,0,0,0,0
80.989014,80.970543,121,255,255,255,190,14,63,188,1,0,0,0,0,0,0,0
81.263733,81.241913,121,255,255,255,191,13,61,188,129,0,0,0,0,0,0,0
81.483513,81.461578,122,255,255,255,191,16,66,188,129,0,0,0,0,0,0,0
81.758240,81.735077,121,255,255,255,190,15,68,187,1,0,0,0,0,0,0,0
81.978020,81.958542,122,255,255,255,191,15,66,187,129,0,0,0,0,0,0,0
82.252747,82.228867,121,255,255,255,192,17,78,187,1,0,0,0,0,0,0,0
82.472527,82.445518,121,255,255,255,191,15,77,187,129,0,0,0,0,0,0,0
82.747253,82.715439,121,255,255,255,191,17,70,186,129,0,0,0,0,0,0,0
82.967033,82.932190,121,255,255,255,190,15,74,187,1,0,0,0,0,0,0,0
83.241760,83.204857,121,255,255,255,191,16,73,188,129,0,0,0,0,0,0,0
83.461540,83.448349,122,255,255,255,191,16,70,188,1,0,0,0,0,0,0,0
83.681320,83.667343,121,255,255,255,190,15,67,186,1,0,0,0,0,0,0,0
83.956047,83.938240,121,255,255,255,191,16,69,188,129,0,0,0,0,0,0,0
84.175827,84.158028,121,255,255,255,191,15,67,188,1,0,0,0,0,0,0,0
84.450546,84.431244,122,255,255,255,191,15,67,188,129,0,0,0,0,0,0,0
84.670326,84.650322,121,255,255,255,191,15,61,187,1,0,0,0,0,0,0,0
84.945053,84.922592,121,255,255,255,191,14,65,188,129,0,0,0,0,0,0,0
85.164833,85.141403,122,255,255,255,190,16,64,187,1,0,0,0,0,0,0,0
85.439560,85.413734,121,255,255,255,191,16,63,187,1,0,0,0,0,0,0,0
85.659340,85.635147,122,255,255,255,191,14,54,187,129,0,0,0,0,0,0,0
85.934067,85.905182,122,255,255,255,191,14,62,189,1,0,0,0,0,0,0,0
86.153847,86.121780,121,255,254,255,190,13,60,188,129,0,0,0,0,0,0,0
86.428574,86.398506,121,255,255,255,191,15,57,187,1,0,0,0,0,0,0,0
86.648354,86.611984,121,255,255,255,191,16,63,188,1,0,0,0,0,0,0,0
86.923080,86.887672,121,255,254,255,191,16,66,188,129,0,0,0,0,0,0,0
87.142860,87.106194,121,255,254,255,191,15,72,187,1,0,0,0,0,0,0,0
87.362640,87.349625,122,255,254,255,191,17,64,187,129,0,0,0,0,0,0,0
87.637360,87.621284,121,255,254,255,191,15,63,189,1,0,0,0,0,0,0,0
87.857140,87.838272,122,255,254,255,191,15,61,189,1,0,0,0,0,0,0,0
88.131866,88.111717,121,255,254,255,191,14,69,186,129,0,0,0,0,0,0,0
88.351646,88.328545,121,255,254,255,190,16,70,188,1,0,0,0,0,0,0,0
88.626373,88.600716,121,255,254,255,191,13,65,187,129,0,0,0,0,0,0,0
88.846153,88.817375,122,255,254,255,190,15,64,186,129,0,0,0,0,0,0,0
89.120880,89.092438,120,255,254,255,190,16,57,187,1,0,0,0,0,0,0,0
89.340660,89.307472,121,255,254,255,191,14,63,189,129,0,0,0,0,0,0,0
89.615387,89.578011,122,255,254,255,191,14,60,188,1,0,0,0,0,0,0,0
89.835167,89.796997,121,255,254,255,190,16,62,189,129,0,0,0,0,0,0,0
90.109894,90.069885,122,255,254,255,190,15,63,188,1,0,0,0,0,0,0,0
90.329674,90.312744,122,255,254,255,190,15,63,188,1,0,0,0,0,0,0,0
90.549454,90.527885,121,255,253,255,191,16,66,187,129,0,0,0,0,0,0,0
90.824173,90.801750,120,255,253,255,191,15,64,187,1,0,0,0,0,0,0,0
91.043953,91.021782,121,255,254,255,191,14,64,188,129,0,0,0,0,0,0,0
91.318680,91.295227,121,255,253,255,191,16,60,187,1,0,0,0,0,0,0,0
91.538460,91.509254,121,255,253,255,191,14,67,187,129,0,0,0,0,0,0,0
91.813187,91.783302,122,255,253,255,192,16,60,188,129,0,0,0,0,0,0,0
92.032967,91.998024,121,255,253,255,192,15,61,187,1,0,0,0,0,0,0,0
92.307693,92.272263,121,255,253,255,190,13,59,187,129,0,0,0,0,0,0,0
92.527473,92.488747,121,255,253,255,191,16,60,188,1,0,0,0,0,0,0,0
92.802200,92.763039,122,255,253,255,191,15,64,188,129,0,0,0,0,0,0,0
93.021980,92.981865,121,255,253,255,190,16,66,187,129,0,0,0,0,0,0,0
93.296700,93.258461,122,255,253,255,191,14,58,188,1,0,0,0,0,0,0,0
93.516487,93.475098,121,255,253,255,191,15,59,187,129,0,0,0,0,0,0,0
93.791206,93.752647,121,255,253,255,190,16,63,188,1,0,0,0,0,0,0,0
94.010986,93.971840,121,255,253,255,190,15,56,188,129,0,0,0,0,0,0,0
94.230766,94.210175,122,255,253,255,190,16,64,188,1,0,0,0,0,0,0,0
94.505493,94.480614,122,255,253,255,191,15,60,188,1,0,0,0,0,0,0,0
94.725273,94.698608,122,255,253,255,190,16,57,187,129,0,0,0,0,0,0,0
95.000000,94.977104,122,255,253,255,190,15,61,187,1,0,0,0,0,0,0,0
95.219780,95.193855,122,255,253,255,191,16,67,188,129,0,0,0,0,0,0,0
95.494507,95.462990,122,255,253,255,191,12,62,188,1,0,0,0,0,0,0,0
95.714287,95.681046,121,255,253,255,190,15,67,187,1,0,0,0,0,0,0,0
95.989014,95.958725,121,255,253,255,190,16,63,188,129,0,0,0,0,0,0,0
96.208794,96.175255,121,255,253,255,191,15,68,187,1,0,0,0,0,0,0,0
96.483513,96.446518,121,255,253,255,191,16,67,188,129,0,0,0,0,0,0,0
96.703300,96.664879,121,255,253,255,190,17,66,187,129,0,0,0,0,0,0,0
96.978020,96.936386,121,255,253,255,191,14,67,188,1,0,0,0,0,0,0,0
97.197800,97.181046,121,255,253,255,191,16,62,188,129,0,0,0,0,0,0,0
97.417580,97.395767,121,255,253,255,191,15,60,187,1,0,0,0,0,0,0,0
97.692307,97.664436,121,255,253,255,191,15,59,187,129,0,0,0,0,0,0,0
97.912086,97.878700,121,255,253,255,190,14,63,187,1,0,0,0,0,0,0,0
98.186813,98.152870,121,255,253,255,190,15,64,187,1,0,0,0,0,0,0,0
98.406593,98.371193,122,255,253,255,191,16,62,188,129,0,0,0,0,0,0,0
98.681320,98.645264,121,255,253,255,192,13,59,187,1,0,0,0,0,0,0,0
98.901100,98.862473,121,255,253,255,191,15,59,188,129,0,0,0,0,0,0,0
99.175827,99.138435,121,255,253,255,191,15,60,188,1,0,0,0,0,0,0,0
99.395607,99.355171,121,255,253,255,191,15,56,188,1,0,0,0,0,0,0,0
99.670326,99.630524,121,255,254,255,191,15,59,187,129,0,0,0,0,0,0,0
99.890106,99.846481,121,255,253,255,191,16,59,187,129,0,0,0,0,0,0,0
100.164833,100.125229,121,255,253,255,191,14,60,187,129,0,0,0,0,0,0,0
100.384613,100.343582,121,255,254,255,191,16,59,187,129,0,0,0,0,0,0,0
100.604393,100.585312,121,255,254,255,191,15,66,187,129,0,0,0,0,0,0,0
100.879120,100.860481,122,255,254,255,191,15,67,187,129,0,0,0,0,0,0,0
101.098900,101.079773,121,255,254,255,191,14,67,187,1,0,0,0,0,0,0,0
101.373627,101.351295,121,255,254,255,190,15,69,187,129,0,0,0,0,0,0,0
101.593407,101.566444,121,255,254,255,192,16,68,187,1,0,0,0,0,0,0,0
101.868134,101.840202,122,255,254,255,191,16,69,188,1,0,0,0,0,0,0,0
102.087914,102.057373,121,255,254,255,190,15,72,188,129,0,0,0,0,0,0,0
102.362640,102.330872,121,255,254,255,190,16,74,186,1,0,0,0,0,0,0,0
102.582420,102.544823,122,255,254,255,191,15,70,188,129,0,0,0,0,0,0,0
102.857140,102.816971,122,255,254,255,191,16,72,188,1,0,0,0,0,0,0,0
103.076920,103.035332,122,255,254,255,191,16,72,188,1,0,0,0,0,0,0,0
103.351646,103.313553,121,255,254,255,191,17,71,187,129,0,0,0,0,0,0,0
103.571426,103.530624,121,255,254,255,191,15,69,187,1,0,0,0,0,0,0,0
103.846153,103.804573,121,255,254,255,191,15,69,188,129,0,0,0,0,0,0,0
104.065933,104.026222,121,255,254,255,192,16,68,187,1,0,0,0,0,0,0,0
104.340660,104.297913,121,255,254,255,190,15,67,187,129,0,0,0,0,0,0,0
104.560440,104.541275,121,255,254,255,191,17,67,187,129,0,0,0,0,0,0,0
104.780220,104.756821,122,255,254,255,191,14,67,187,1,0,0,0,0,0,0,0
105.054947,105.028442,121,255,254,255,191,16,69,187,129,0,0,0,0,0,0,0
105.274727,105.248055,122,255,254,255,191,16,71,188,1,0,0,0,0,0,0,0
105.549454,105.519638,121,255,254,255,192,15,69,187,129,0,0,0,0,0,0,0
105.769234,105.736885,121,255,254,255,190,15,61,188,1,0,0,0,0,0,0,0
106.043953,106.010246,122,255,254,255,191,15,67,188,1,0,0,0,0,0,0,0
106.263733,106.225037,121,255,254,255,191,16,65,188,129,0,0,0,0,0,0,0
106.538460,106.494270,121,255,254,255,190,15,68,187,1,0,0,0,0,0,0,0
106.758240,106.711929,121,255,254,255,191,15,67,187,129,0,0,0,0,0,0,0
106.978020,106.956017,121,255,254,255,192,16,66,187,1,0,0,0,0,0,0,0
107.252747,107.228485,121,255,254,255,190,16,68,187,1,0,0,0,0,0,0,0
107.472527,107.444626,122,255,254,255,192,14,62,188,129,0,0,0,0,0,0,0
107.747253,107.719414,121,255,254,255,191,15,63,187,1,0,0,0,0,0,0,0
107.967033,107.935806,121,255,254,255,191,16,66,188,129,0,0,0,0,0,0,0
108.241760,108.204674,121,255,254,255,191,16,68,187,1,0,0,0,0,0,0,0
108.461540,108.423874,121,255,254,255,192,15,67,187,1,0,0,0,0,0,0,0
108.736267,108.693787,121,255,254,255,192,16,64,187,129,0,0,0,0,0,0,0
108.956047,108.912262,121,255,254,255,191,16,67,187,1,0,0,0,0,0,0,0
109.230766,109.190590,121,255,255,255,191,15,64,187,129,0,0,0,0,0,0,0
109.450546,109.405479,121,255,254,255,191,16,60,189,1,0,0,0,0,0,0,0
109.670326,109.647873,122,255,254,255,191,15,58,188,1,0,0,0,0,0,0,0
109.945053,109.921577,121,255,255,255,191,16,58,187,129,0,0,0,0,0,0,0
110.164833,110.139374,122,255,255,255,191,15,66,188,1,0,0,0,0,0,0,0
110.439560,110.413918,121,255,255,255,191,14,67,187,129,0,0,0,0,0,0,0
110.659340,110.629990,121,255,255,255,191,17,66,186,129,0,0,0,0,0,0,0
110.934067,110.903961,122,255,254,255,191,16,60,187,1,0,0,0,0,0,0,0
111.153847,111.121292,121,255,254,255,191,16,64,188,129,0,0,0,0,0,0,0
111.428574,111.392654,121,255,254,255,191,17,71,188,1,0,0,0,0,0,0,0
111.648354,111.610039,121,255,255,255,191,14,71,187,129,0,0,0,0,0,0,0
111.923080,111.878075,122,255,254,255,191,17,69,188,1,0,0,0,0,0,0,0
112.142860,112.097328,121,255,255,255,191,16,64,188,129,0,0,0,0,0,0,0
112.417580,112.369240,121,255,255,255,190,15,68,188,129,0,0,0,0,0,0,0
112.637360,112.615044,122,255,255,255,190,16,68,188,1,0,0,0,0,0,0,0
112.857140,112.830757,121,255,254,255,191,15,71,187,129,0,0,0,0,0,0,0
113.131866,113.103233,121,255,254,255,192,15,71,186,129,0,0,0,0,0,0,0
113.351646,113.321960,121,255,255,255,192,15,68,187,129,0,0,0,0,0,0,0
113.626373,113.594307,121,255,254,255,191,16,69,188,129,0,0,0,0,0,0,0
113.846153,113.811897,122,255,255,255,192,16,65,187,1,0,0,0,0,0,0,0
114.120880,114.083214,122,255,255,255,191,15,60,187,129,0,0,0,0,0,0,0
114.340660,114.302979,121,255,255,255,191,16,62,187,1,0,0,0,0,0,0,0
114.615387,114.571487,121,255,255,255,191,15,66,186,1,0,0,0,0,0,0,0
114.835167,114.788239,121,255,254,255,191,15,63,187,129,0,0,0,0,0,0,0
115.109894,115.065331,121,255,254,255,192,16,63,187,1,0,0,0,0,0,0,0
115.329674,115.284477,121,255,255,255,192,15,62,187,129,0,0,0,0,0,0,0
115.604393,115.558388,121,255,254,255,191,16,64,188,1,0,0,0,0,0,0,0
115.824173,115.799751,121,255,254,255,192,16,62,187,129,0,0,0,0,0,0,0
116.043953,116.017075,122,255,255,255,191,16,62,187,129,0,0,0,0,0,0,0
116.318680,116.288597,121,255,254,255,191,15,63,188,1,0,0,0,0,0,0,0
116.538460,116.505722,121,255,254,255,190,15,68,187,129,0,0,0,0,0,0,0
116.813187,116.780014,121,255,254,255,191,16,66,187,1,0,0,0,0,0,0,0
117.032967,116.999252,121,255,254,255,191,15,67,187,129,0,0,0,0,0,0,0
117.307693,117.271255,121,255,255,255,192,15,64,188,129,0,0,0,0,0,0,0
117.527473,117.494133,121,255,254,255,192,16,68,186,1,0,0,0,0,0,0,0
117.802200,117.769447,121,255,254,255,191,14,68,187,129,0,0,0,0,0,0,0
118.021980,117.986931,121,255,254,255,191,14,63,188,1,0,0,0,0,0,0,0
118.296700,118.256065,121,255,254,255,191,16,67,187,129,0,0,0,0,0,0,0
118.516487,118.476509,121,255,254,255,191,15,66,187,129,0,0,0,0,0,0,0
118.791206,118.750893,121,255,254,255,192,15,60,187,1,0,0,0,0,0,0,0
119.010986,118.969261,121,255,254,255,191,16,63,187,129,0,0,0,0,0,0,0
119.285713,119.240425,122,255,254,255,192,16,59,187,1,0,0,0,0,0,0,0
119.505493,119.459686,121,255,254,255,192,15,59,188,129,0,0,0,0,0,0,0
119.780220,119.732971,121,255,254,255,191,16,59,188,1,0,0,0,0,0,0,0
120.000000,119.954979,121,255,254,255,192,15,59,187,1,0,0,0,0,0,0,0
120.274727,120.226540,121,255,254,255,191,15,65,188,129,0,0,0,0,0,0,0
120.494507,120.444885,121,255,254,255,191,16,62,187,1,0,0,0,0,0,0,0
120.714287,120.688614,121,255,254,255,192,14,58,188,129,0,0,0,0,0,0,0
120.989014,120.939117,121,255,254,255,191,15,62,188,129,0,0,0,0,0,0,0
121.208794,121.180687,121,255,255,255,192,24,64,186,1,0,0,0,0,0,0,0
121.483513,121.452415,122,255,255,255,192,14,59,187,129,0,0,0,0,0,0,0
121.703300,121.671616,122,255,255,255,193,15,58,188,1,0,0,0,0,0,0,0
121.978020,121.942825,122,255,255,255,192,14,59,188,129,0,0,0,0,0,0,0
122.197800,122.157295,122,255,255,255,192,14,59,188,129,0,0,0,0,0,0,0
122.472527,122.428352,121,255,255,255,192,16,63,187,1,0,0,0,0,0,0,0
122.692307,122.645439,121,255,255,255,192,16,59,188,129,0,0,0,0,0,0,0
122.967033,122.919548,121,255,255,255,192,16,60,188,129,0,0,0,0,0,0,0
123.186813,123.138168,121,255,255,255,192,16,58,187,129,0,0,0,0,0,0,0
123.461540,123.410690,121,255,255,255,192,16,64,188,1,0,0,0,0,0,0,0
123.681320,123.652451,121,255,255,255,193,16,67,187,1,0,0,0,0,0,0,0
123.901100,123.873215,121,255,255,255,192,16,63,187,129,0,0,0,0,0,0,0
124.175827,124.143181,121,255,255,255,192,15,64,187,1,0,0,0,0,0,0,0
124.395607,124.361595,121,255,255,255,193,14,59,187,129,0,0,0,0,0,0,0
124.670326,124.629898,121,255,255,255,192,15,64,188,1,0,0,0,0,0,0,0
124.890106,124.846550,121,255,255,255,192,14,64,187,129,0,0,0,0,0,0,0
125.164833,125.118652,121,255,255,255,192,16,66,187,129,0,0,0,0,0,0,0
125.384613,125.334312,121,255,255,255,192,14,69,187,1,0,0,0,0,0,0,0
125.604393,125.576599,121,255,255,255,192,16,64,188,129,0,0,0,0,0,0,0
125.879120,125.852127,121,255,255,255,193,15,70,187,1,0,0,0,0,0,0,0
126.098900,126.071121,121,255,255,255,193,14,69,187,1,0,0,0,0,0,0,0
126.373627,126.344513,121,255,255,255,192,16,68,187,129,0,0,0,0,0,0,0
126.593407,126.557106,121,255,255,255,192,15,68,187,1,0,0,0,0,0,0,0
126.868134,126.827858,121,255,255,255,192,16,67,187,129,0,0,0,0,0,0,0
127.087914,127.049866,121,255,255,255,193,14,67,188,1,0,0,0,0,0,0,0
127.362640,127.318214,121,255,255,255,192,15,68,187,129,0,0,0,0,0,0,0
127.582420,127.531845,121,255,255,255,193,15,66,188,129,0,0,0,0,0,0,0
127.802200,127.774765,121,255,255,255,193,14,68,187,1,0,0,0,0,0,0,0
128.076920,128.046036,121,255,255,255,192,14,69,187,129,0,0,0,0,0,0,0
128.296707,128.263824,121,255,255,255,192,15,65,186,129,0,0,0,0,0,0,0
128.571426,128.541489,121,255,255,255,192,15,66,187,129,0,0,0,0,0,0,0
128.791214,128.753464,121,255,255,255,193,15,67,187,129,0,0,0,0,0,0,0
129.065933,129.028519,121,255,255,255,192,13,70,187,1,0,0,0,0,0,0,0
129.285721,129.247833,121,255,255,255,191,14,68,186,129,0,0,0,0,0,0,0
129.560440,129.520370,121,255,255,255,192,13,70,188,1,0,0,0,0,0,0,0
129.780212,129.732559,121,255,255,255,193,13,68,187,129,0,0,0,0,0,0,0
130.054947,129.944946,121,255,255,255,192,14,67,187,129,0,0,0,0,0,0,0
130.274719,130.221573,121,255,255,255,192,14,67,186,1,0,0,0,0,0,0,0
130.549454,130.498978,122,255,255,255,192,16,71,187,129,0,0,0,0,0,0,0
130.769226,130.716293,121,255,255,255,193,16,68,187,1,0,0,0,0,0,0,0
130.989014,130.957596,121,255,255,255,192,14,62,186,129,0,0,0,0,0,0,0
131.263733,131.232086,122,255,255,255,192,12,67,187,129,0,0,0,0,0,0,0
131.483521,131.448959,121,255,255,255,192,13,64,188,1,0,0,0,0,0,0,0
131.758240,131.721985,121,255,255,255,193,14,60,187,129,0,0,0,0,0,0,0
131.978027,131.934891,121,255,255,255,192,14,60,188,1,0,0,0,0,0,0,0
132.252747,132.209213,121,255,255,255,193,15,63,187,129,0,0,0,0,0,0,0
132.472534,132.430145,121,255,255,255,192,15,65,188,1,0,0,0,0,0,0,0
132.747253,132.702438,121,255,255,255,192,14,62,187,1,0,0,0,0,0,0,0
132.967026,132.914734,121,255,255,255,193,16,59,188,129,0,0,0,0,0,0,0
133.241760,133.188324,121,255,255,255,192,15,60,187,1,0,0,0,0,0,0,0
133.461533,133.428802,121,255,255,255,193,13,59,188,1,0,0,0,0,0,0,0
133.681320,133.649124,122,255,255,255,193,15,67,187,1,0,0,0,0,0,0,0
133.956039,133.924194,121,255,255,255,192,15,62,188,1,0,0,0,0,0,0,0
134.175827,134.141510,121,255,255,255,193,13,66,187,129,0,0,0,0,0,0,0
134.450546,134.415131,121,255,255,255,193,16,64,187,1,0,0,0,0,0,0,0
134.670334,134.635117,121,255,255,255,192,16,68,187,129,0,0,0,0,0,0,0
134.945053,134.907837,122,255,255,255,193,15,75,187,1,0,0,0,0,0,0,0
135.164841,135.126724,121,255,255,255,192,15,76,187,1,0,0,0,0,0,0,0
135.439560,135.400742,121,255,255,255,192,16,74,187,129,0,0,0,0,0,0,0
135.659348,135.617813,121,255,255,255,192,16,75,187,1,0,0,0,0,0,0,0
135.934067,135.888306,121,255,255,255,193,14,74,187,129,0,0,0,0,0,0,0
136.153839,136.103226,121,255,255,255,192,14,76,186,1,0,0,0,0,0,0,0
136.428574,136.375366,121,255,255,255,193,16,73,187,1,0,0,0,0,0,0,0
136.648346,136.592392,121,255,255,255,193,15,74,187,129,0,0,0,0,0,0,0
136.923080,136.865845,121,255,255,255,192,15,68,187,1,0,0,0,0,0,0,0
137.142853,137.111191,121,255,255,255,192,14,66,187,129,0,0,0,0,0,0,0
137.362640,137.326904,122,255,255,255,192,15,66,187,129,0,0,0,0,0,0,0
137.637360,137.604416,121,255,255,255,193,13,66,186,1,0,0,0,0,0,0,0
137.857147,137.823242,121,255,255,255,192,16,64,187,129,0,0,0,0,0,0,0
138.131866,138.098053,121,255,255,255,192,14,63,187,1,0,0,0,0,0,0,0
138.351654,138.313721,121,255,255,255,193,16,63,187,129,0,0,0,0,0,0,0
138.626373,138.587219,121,255,255,255,192,15,67,187,1,0,0,0,0,0,0,0
138.846161,138.804260,122,255,255,255,193,15,62,187,129,0,0,0,0,0,0,0
139.120880,139.077118,121,255,255,255,193,13,59,188,129,0,0,0,0,0,0,0
139.340652,139.292511,121,255,255,255,193,15,63,186,1,0,0,0,0,0,0,0
139.615387,139.565369,121,255,255,255,192,13,66,188,129,0,0,0,0,0,0,0
139.835159,139.790100,121,255,255,255,193,16,66,187,1,0,0,0,0,0,0,0
140.109894,140.060272,121,255,255,255,192,15,63,188,129,0,0,0,0,0,0,0
140.329666,140.279831,121,255,255,255,193,14,67,187,129,0,0,0,0,0,0,0
140.604401,140.553986,121,255,255,255,193,16,65,188,1,0,0,0,0,0,0,0
140.824173,140.774963,121,255,255,255,192,16,66,188,129,0,0,0,0,0,0,0
141.098907,141.048630,121,255,255,255,194,14,66,187,1,0,0,0,0,0,0,0
141.318680,141.265900,121,255,255,255,192,14,66,187,129,0,0,0,0,0,0,0
141.593399,141.541962,121,255,255,255,192,16,67,187,1,0,0,0,0,0,0,0
141.813187,141.756363,122,255,255,255,193,14,66,187,1,0,0,0,0,0,0,0
142.087906,141.973663,121,255,255,255,192,17,68,187,129,0,0,0,0,0,0,0
142.307693,142.270172,121,255,255,255,192,16,73,187,1,0,0,0,0,0,0,0
142.527466,142.489746,121,255,255,255,192,15,72,187,129,0,0,0,0,0,0,0
142.802200,142.761948,121,255,255,255,193,16,64,188,1,0,0,0,0,0,0,0
143.021973,142.974792,121,255,255,255,192,16,65,187,1,0,0,0,0,0,0,0
143.296707,143.246582,121,255,255,255,193,16,68,187,129,0,0,0,0,0,0,0
143.516479,143.465073,121,255,255,255,192,14,67,188,1,0,0,0,0,0,0,0
143.791214,143.738556,121,255,255,255,192,15,70,187,129,0,0,0,0,0,0,0
144.010986,143.953537,121,255,255,255,192,15,72,186,1,0,0,0,0,0,0,0
144.285721,144.227905,121,255,255,255,192,15,70,187,1,0,0,0,0,0,0,0
144.505493,144.446030,121,255,255,255,193,14,70,187,129,0,0,0,0,0,0,0
144.725281,144.688431,121,255,255,255,193,15,67,187,1,0,0,0,0,0,0,0
145.000000,144.959900,121,255,255,255,193,15,66,187,129,0,0,0,0,0,0,0
145.219788,145.178467,121,255,255,255,193,15,74,187,1,0,0,0,0,0,0,0
145.494507,145.445679,121,255,255,255,193,13,70,186,1,0,0,0,0,0,0,0
145.714279,145.666122,121,255,255,255,192,16,68,187,129,0,0,0,0,0,0,0
145.989014,145.940781,121,255,255,255,193,15,66,187,1,0,0,0,0,0,0,0
146.208786,146.157013,121,255,255,255,193,16,67,187,129,0,0,0,0,0,0,0
146.483521,146.431656,121,255,255,255,192,15,69,187,1,0,0,0,0,0,0,0
146.703293,146.650223,122,255,255,255,193,15,71,188,1,0,0,0,0,0,0,0
146.978027,146.920456,121,255,255,255,192,14,73,186,129,0,0,0,0,0,0,0
147.197800,147.140381,121,255,255,255,192,16,74,187,129,0,0,0,0,0,0,0
147.472534,147.415146,120,255,255,255,192,13,65,187,129,0,0,0,0,0,0,0
147.692307,147.633499,121,255,255,255,192,16,66,187,1,0,0,0,0,0,0,0
147.912094,147.875992,121,255,255,255,193,16,66,187,1,0,0,0,0,0,0,0
148.186813,148.149811,121,255,255,255,191,15,64,187,129,0,0,0,0,0,0,0
148.406601,148.371445,121,255,255,255,192,15,64,187,1,0,0,0,0,0,0,0
148.681320,148.641418,121,255,255,255,192,16,64,187,129,0,0,0,0,0,0,0
148.901093,148.856964,121,255,255,255,192,15,69,188,1,0,0,0,0,0,0,0
149.175827,149.132446,121,255,255,255,191,15,63,187,129,0,0,0,0,0,0,0
149.395599,149.351959,120,255,255,255,192,16,61,186,129,0,0,0,0,0,0,0
149.670334,149.619598,121,255,255,255,191,15,63,189,1,0,0,0,0,0,0,0
149.890106,149.840958,121,255,255,255,192,17,65,187,129,0,0,0,0,0,0,0
150.164841,150.120972,121,255,255,255,192,15,67,188,1,0,0,0,0,0,0,0
150.384613,150.335846,122,255,255,255,192,16,66,188,129,0,0,0,0,0,0,0
150.659348,150.602951,121,255,255,255,192,15,67,187,129,0,0,0,0,0,0,0
150.879120,150.821106,121,255,255,255,192,15,64,188,1,0,0,0,0,0,0,0
151.153839,151.094147,121,255,255,255,192,15,68,187,129,0,0,0,0,0,0,0
151.373627,151.314590,121,255,255,255,193,15,64,187,1,0,0,0,0,0,0,0
151.648346,151.585907,121,255,255,255,192,15,72,187,129,0,0,0,0,0,0,0
151.868134,151.828568,121,255,255,255,192,15,68,187,129,0,0,0,0,0,0,0
152.142853,152.081055,121,255,255,255,193,15,71,186,1,0,0,0,0,0,0,0
152.362640,152.327026,121,255,255,255,192,14,72,187,129,0,0,0,0,0,0,0
152.582413,152.540512,121,255,255,255,192,16,71,187,1,0,0,0,0,0,0,0
152.857147,152.814117,121,255,254,255,192,16,68,186,1,0,0,0,0,0,0,0
153.076920,153.033737,121,255,254,255,192,15,70,187,1,0,0,0,0,0,0,0
153.351654,153.309006,121,255,254,255,192,16,73,187,1,0,0,0,0,0,0,0
153.571426,153.525543,121,255,254,255,193,15,64,187,129,0,0,0,0,0,0,0
153.846161,153.799591,121,255,254,255,192,16,72,186,1,0,0,0,0,0,0,0
154.065933,154.020432,121,255,254,255,193,16,69,186,129,0,0,0,0,0,0,0
154.340652,154.295715,121,255,254,255,192,15,71,187,1,0,0,0,0,0,0,0
154.560440,154.508911,121,255,254,255,192,15,71,187,1,0,0,0,0,0,0,0
154.835159,154.782928,121,255,254,255,192,16,66,187,129,0,0,0,0,0,0,0
155.054947,155.003479,121,255,254,255,192,16,69,187,1,0,0,0,0,0,0,0
155.329666,155.276352,122,255,253,255,193,16,69,187,129,0,0,0,0,0,0,0
155.549454,155.490982,121,255,253,255,192,15,69,188,1,0,0,0,0,0,0,0
155.824173,155.768799,121,255,253,255,192,15,69,187,1,0,0,0,0,0,0,0
156.043961,155.989136,121,255,253,255,192,14,68,187,129,0,0,0,0,0,0,0
156.318680,156.262177,121,255,253,255,193,14,66,186,1,0,0,0,0,0,0,0
156.538467,156.483246,121,255,253,255,192,16,69,186,129,0,0,0,0,0,0,0
156.813187,156.756332,121,255,253,255,192,14,64,187,1,0,0,0,0,0,0,0
157.032974,156.969864,122,255,253,255,193,15,62,187,129,0,0,0,0,0,0,0
157.252747,157.212982,120,255,252,255,193,16,63,186,129,0,0,0,0,0,0,0
157.527466,157.486435,121,255,252,255,192,16,60,187,1,0,0,0,0,0,0,0
157.747253,157.704514,121,255,252,255,192,16,63,186,129,0,0,0,0,0,0,0
158.021973,157.977417,122,255,252,255,192,15,66,187,1,0,0,0,0,0,0,0
158.241760,158.195053,121,255,252,255,192,16,66,187,129,0,0,0,0,0,0,0
158.516479,158.470520,121,255,252,255,193,16,66,187,129,0,0,0,0,0,0,0
158.736267,158.687805,121,255,252,255,192,14,66,188,1,0,0,0,0,0,0,0
159.010986,158.960678,121,255,252,255,192,16,63,188,129,0,0,0,0,0,0,0
159.230774,159.175201,121,255,252,255,192,16,65,188,1,0,0,0,0,0,0,0
159.505493,159.443604,121,255,251,255,192,15,63,187,129,0,0,0,0,0,0,0
159.725281,159.663483,121,255,251,255,193,14,67,187,129,0,0,0,0,0,0,0
160.000000,159.936554,121,255,251,255,192,14,63,187,1,0,0,0,0,0,0,0
160.219788,160.154678,121,255,251,255,192,16,67,187,129,0,0,0,0,0,0,0
160.439560,160.397263,121,255,251,255,193,15,69,187,1,0,0,0,0,0,0,0
160.714279,160.673691,121,255,251,255,191,14,70,187,129,0,0,0,0,0,0,0
160.934067,160.889771,121,255,250,255,193,15,63,188,1,0,0,0,0,0,0,0
161.208786,161.160873,121,255,250,255,193,16,61,187,1,0,0,0,0,0,0,0
161.428574,161.377258,121,255,250,255,193,14,67,188,129,0,0,0,0,0,0,0
161.703293,161.649933,122,255,250,255,192,14,67,187,1,0,0,0,0,0,0,0
161.923080,161.868134,121,255,250,255,193,16,62,187,129,0,0,0,0,0,0,0
162.197800,162.142792,120,255,250,255,192,16,57,187,1,0,0,0,0,0,0,0
162.417587,162.359329,121,255,250,255,192,15,60,187,1,0,0,0,0,0,0,0
162.692307,162.634079,121,255,250,255,192,15,59,188,129,0,0,0,0,0,0,0
162.912094,162.849426,122,255,250,255,192,15,56,188,1,0,0,0,0,0,0,0
163.131866,163.089493,121,255,250,255,192,15,57,188,129,0,0,0,0,0,0,0
163.406601,163.362991,121,255,250,255,192,16,57,187,1,0,0,0,0,0,0,0
163.626373,163.578339,121,255,250,255,192,15,63,187,1,0,0,0,0,0,0,0
163.901093,163.849609,122,255,249,255,192,16,64,187,129,0,0,0,0,0,0,0
164.120880,164.068588,121,255,249,255,193,15,67,187,1,0,0,0,0,0,0,0
164.395599,164.340073,121,255,249,255,193,16,65,186,129,0,0,0,0,0,0,0
164.615387,164.560760,121,255,249,255,192,14,64,187,1,0,0,0,0,0,0,0
164.890106,164.828827,121,255,249,255,193,15,70,187,1,0,0,0,0,0,0,0
165.109894,165.049881,121,255,249,255,192,15,67,187,129,0,0,0,0,0,0,0
165.384613,165.322144,121,255,249,255,192,14,71,186,1,0,0,0,0,0,0,0
165.604401,165.539642,121,255,249,255,192,17,71,187,129,0,0,0,0,0,0,0
165.824173,165.782074,121,255,248,255,192,15,68,187,1,0,0,0,0,0,0,0
166.098907,166.051468,121,255,248,255,193,16,65,187,1,0,0,0,0,0,0,0
166.318680,166.266968,121,255,248,255,192,16,59,187,129,0,0,0,0,0,0,0
166.593399,166.541397,122,255,248,255,192,13,54,188,1,0,0,0,0,0,0,0
166.813187,166.763412,121,255,248,255,193,14,58,187,129,0,0,0,0,0,0,0
167.087906,167.035141,121,255,248,255,192,15,56,188,129,0,0,0,0,0,0,0
167.307693,167.254395,122,255,248,255,192,14,58,188,1,0,0,0,0,0,0,0
167.582413,167.527008,121,255,248,255,192,15,55,187,129,0,0,0,0,0,0,0
167.802200,167.746460,121,255,248,255,192,15,55,187,1,0,0,0,0,0,0,0
168.076920,168.017365,121,255,248,255,192,15,56,187,129,0,0,0,0,0,0,0
168.296707,168.236572,121,255,248,255,193,14,52,187,1,0,0,0,0,0,0,0
168.571426,168.508041,121,255,247,255,192,17,52,187,129,0,0,0,0,0,0,0
168.791214,168.727142,121,255,247,255,192,14,55,187,129,0,0,0,0,0,0,0
169.065933,169.001587,121,255,248,255,192,13,59,187,129,0,0,0,0,0,0,0
169.285721,169.219910,121,255,247,255,193,15,59,187,129,0,0,0,0,0,0,0
169.560440,169.492966,121,255,248,255,191,13,60,187,1,0,0,0,0,0,0,0
169.780212,169.734375,122,255,247,255,193,14,59,187,129,0,0,0,0,0,0,0
170.000000,169.955338,121,255,247,255,191,15,66,187,129,0,0,0,0,0,0,0
170.274719,170.224426,121,255,247,255,191,13,65,187,1,0,0,0,0,0,0,0
170.494507,170.444138,121,255,247,255,193,16,66,187,129,0,0,0,0,0,0,0
170.769226,170.719208,121,255,247,255,192,15,68,188,129,0,0,0,0,0,0,0
170.989014,170.937729,121,255,247,255,193,16,67,187,129,0,0,0,0,0,0,0
171.263733,171.205887,121,255,247,255,192,14,69,187,129,0,0,0,0,0,0,0
171.483521,171.422363,121,255,247,255,193,16,66,187,1,0,0,0,0,0,0,0
171.758240,171.696121,121,255,247,255,192,15,65,188,129,0,0,0,0,0,0,0
171.978027,171.914490,121,255,247,255,193,13,61,187,1,0,0,0,0,0,0,0
172.252747,172.184464,120,255,247,255,192,15,60,187,129,0,0,0,0,0,0,0
172.472534,172.424576,121,255,247,255,192,15,58,188,129,0,0,0,0,0,0,0
172.692307,172.642365,121,255,247,255,192,16,63,186,1,0,0,0,0,0,0,0
172.967026,172.916641,121,255,247,255,193,13,59,188,129,0,0,0,0,0,0,0
173.186813,173.135834,122,255,247,255,192,15,62,188,1,0,0,0,0,0,0,0
173.461533,173.408035,121,255,247,255,192,15,62,188,1,0,0,0,0,0,0,0
173.681320,173.626816,120,255,247,255,192,16,63,187,129,0,0,0,0,0,0,0
173.956039,173.896576,121,255,247,255,192,16,62,188,1,0,0,0,0,0,0,0
174.175827,174.111771,121,255,247,255,192,17,66,187,129,0,0,0,0,0,0,0
174.450546,174.383759,121,255,247,255,192,15,51,187,1,0,0,0,0,0,0,0
174.670334,174.601578,121,255,247,255,192,15,64,187,129,0,0,0,0,0,0,0
174.945053,174.876099,121,255,247,255,192,15,64,187,129,0,0,0,0,0,0,0
175.164841,175.095093,121,255,247,255,192,15,66,188,1,0,0,0,0,0,0,0
175.384613,175.340240,121,255,247,255,192,16,72,187,129,0,0,0,0,0,0,0
175.659348,175.611710,121,255,247,255,193,14,59,188,1,0,0,0,0,0,0,0
175.879120,175.829620,121,255,247,255,192,16,59,188,129,0,0,0,0,0,0,0
176.153839,176.105087,121,255,247,255,192,16,66,186,1,0,0,0,0,0,0,0
176.373627,176.324600,121,255,247,255,193,16,59,187,1,0,0,0,0,0,0,0
176.648346,176.596283,121,255,247,255,192,15,57,188,129,0,0,0,0,0,0,0
176.868134,176.814377,122,255,247,255,192,14,58,188,1,0,0,0,0,0,0,0
177.142853,177.087891,121,255,247,255,193,15,65,187,129,0,0,0,0,0,0,0
177.362640,177.306396,122,255,247,255,192,15,76,188,1,0,0,0,0,0,0,0
177.637360,177.574554,121,255,247,255,192,14,61,188,1,0,0,0,0,0,0,0
177.857147,177.794067,121,255,247,255,192,15,55,187,129,0,0,0,0,0,0,0
178.131866,178.065948,121,255,247,255,192,15,55,187,129,0,0,0,0,0,0,0
178.351654,178.284836,122,255,247,255,192,14,54,187,129,0,0,0,0,0,0,0
178.626373,178.556519,121,255,247,255,192,14,56,188,1,0,0,0,0,0,0,0
178.846161,178.779404,122,255,247,255,192,15,57,187,1,0,0,0,0,0,0,0
179.120880,179.054733,121,255,247,255,192,15,52,187,129,0,0,0,0,0,0,0
179.340652,179.272263,121,255,247,255,192,13,57,188,1,0,0,0,0,0,0,0
179.615387,179.545258,121,255,247,255,193,14,56,187,129,0,0,0,0,0,0,0
179.835159,179.762741,121,255,247,255,193,16,56,187,1,0,0,0,0,0,0,0
180.054947,180.007980,121,255,247,255,192,15,59,187,129,0,0,0,0,0,0,0
180.329666,180.278732,121,255,247,255,192,15,62,187,129,0,0,0,0,0,0,0
180.549454,180.499619,121,255,247,255,192,15,58,187,1,0,0,0,0,0,0,0
180.824173,180.770187,121,255,247,255,192,16,67,187,129,0,0,0,0,0,0,0
181.043961,180.987152,121,255,247,255,193,14,69,187,129,0,0,0,0,0,0,0
181.318680,181.258041,121,255,247,255,191,15,65,186,129,0,0,0,0,0,0,0
181.538467,181.480255,121,255,247,255,192,13,61,188,129,0,0,0,0,0,0,0
181.813187,181.752930,121,255,247,255,192,12,68,188,1,0,0,0,0,0,0,0
182.032974,181.970200,121,255,248,255,193,16,68,187,129,0,0,0,0,0,0,0
182.307693,182.239136,121,255,248,255,192,16,64,187,1,0,0,0,0,0,0,0
182.527466,182.458328,121,255,248,255,193,13,59,187,129,0,0,0,0,0,0,0
182.802200,182.729126,121,255,247,255,192,14,63,187,129,0,0,0,0,0,0,0
183.021973,182.949051,121,255,248,255,192,15,68,187,1,0,0,0,0,0,0,0
183.241760,183.192429,121,255,248,255,192,16,64,188,129,0,0,0,0,0,0,0
183.516479,183.442902,122,255,248,255,191,15,64,187,1,0,0,0,0,0,0,0
183.736267,183.686951,121,255,248,255,192,15,66,186,129,0,0,0,0,0,0,0
184.010986,183.957489,121,255,248,255,192,15,60,187,1,0,0,0,0,0,0,0
184.230774,184.174805,122,255,248,255,192,15,62,188,1,0,0,0,0,0,0,0
184.505493,184.448318,121,255,248,255,192,15,67,187,129,0,0,0,0,0,0,0
184.725281,184.667770,121,255,248,255,191,15,58,188,1,0,0,0,0,0,0,0
185.000000,184.939819,121,255,248,255,192,16,74,187,129,0,0,0,0,0,0,0
185.219788,185.153809,121,255,248,255,192,12,70,187,129,0,0,0,0,0,0,0
185.494507,185.431473,122,255,248,255,192,13,85,187,1,0,0,0,0,0,0,0
185.714279,185.648071,121,255,248,255,193,15,55,187,129,0,0,0,0,0,0,0
185.989014,185.921844,121,255,249,255,192,15,53,187,1,0,0,0,0,0,0,0
186.208786,186.140411,121,255,249,255,192,15,66,187,129,0,0,0,0,0,0,0
186.483521,186.413315,121,255,249,255,192,15,66,187,129,0,0,0,0,0,0,0
186.703293,186.630402,121,255,249,255,192,15,66,187,129,0,0,0,0,0,0,0
186.923080,186.870911,122,255,249,255,192,15,57,188,129,0,0,0,0,0,0,0
187.197800,187.142761,121,255,249,255,191,15,63,188,1,0,0,0,0,0,0,0
187.417587,187.369247,121,255,249,255,192,14,73,187,129,0,0,0,0,0,0,0
187.692307,187.639099,121,255,249,255,192,14,66,188,129,0,0,0,0,0,0,0
187.912094,187.857941,121,255,249,255,193,14,58,187,1,0,0,0,0,0,0,0
188.186813,188.128418,121,255,249,255,192,16,60,188,129,0,0,0,0,0,0,0
188.406601,188.348053,121,255,249,255,192,15,72,187,1,0,0,0,0,0,0,0
188.681320,188.621170,121,255,249,255,192,17,75,187,129,0,0,0,0,0,0,0
188.901093,188.843384,121,255,249,255,192,14,71,186,1,0,0,0,0,0,0,0
189.175827,189.115112,121,255,249,255,192,15,61,187,1,0,0,0,0,0,0,0
189.395599,189.333023,121,255,249,255,192,15,61,187,1,0,0,0,0,0,0,0
189.670334,189.607300,121,255,249,255,192,16,67,187,1,0,0,0,0,0,0,0
189.890106,189.823273,121,255,249,255,192,15,65,187,129,0,0,0,0,0,0,0
190.164841,190.096252,121,255,249,255,192,16,66,187,129,0,0,0,0,0,0,0
190.384613,190.315979,121,255,250,255,191,14,65,188,129,0,0,0,0,0,0,0
190.659348,190.589310,121,255,250,255,192,16,67,188,129,0,0,0,0,0,0,0
190.879120,190.807831,121,255,250,255,192,16,64,187,1,0,0,0,0,0,0,0
191.153839,191.080902,121,255,250,255,191,16,61,187,129,0,0,0,0,0,0,0
191.373627,191.298401,121,255,250,255,192,16,66,187,129,0,0,0,0,0,0,0
191.593399,191.542618,121,255,250,255,191,15,59,188,129,0,0,0,0,0,0,0
191.868134,191.814514,121,255,250,255,192,16,62,187,129,0,0,0,0,0,0,0
192.087906,192.032364,121,255,250,255,192,16,67,187,1,0,0,0,0,0,0,0
192.362640,192.304138,121,255,250,255,192,15,71,188,129,0,0,0,0,0,0,0
192.582413,192.518402,121,255,250,255,193,15,70,187,1,0,0,0,0,0,0,0
192.857147,192.789612,121,255,250,255,192,17,68,188,129,0,0,0,0,0,0,0
193.076920,193.006210,122,255,250,255,193,15,67,186,129,0,0,0,0,0,0,0
193.351654,193.282181,121,255,250,255,192,15,68,188,1,0,0,0,0,0,0,0
193.571426,193.503540,122,255,250,255,192,16,67,187,129,0,0,0,0,0,0,0
193.846161,193.774597,121,255,250,255,192,14,71,188,1,0,0,0,0,0,0,0
194.065933,193.991348,122,255,250,255,191,15,68,187,1,0,0,0,0,0,0,0
194.340652,194.265076,121,255,250,255,192,15,67,187,129,0,0,0,0,0,0,0
194.560440,194.483795,121,255,250,255,192,15,72,188,1,0,0,0,0,0,0,0
194.780212,194.727371,121,255,251,255,192,14,70,188,129,0,0,0,0,0,0,0
195.054947,194.997192,121,255,250,255,192,15,68,187,1,0,0,0,0,0,0,0
195.274719,195.214874,121,255,250,255,192,15,63,187,1,0,0,0,0,0,0,0
195.549454,195.488541,121,255,251,255,192,15,65,188,1,0,0,0,0,0,0,0
195.769226,195.705658,121,255,251,255,192,16,62,188,1,0,0,0,0,0,0,0
196.043961,195.974426,121,255,251,255,192,15,58,187,129,0,0,0,0,0,0,0
196.263733,196.192001,122,255,251,255,192,15,58,188,1,0,0,0,0,0,0,0
196.538467,196.465668,121,255,251,255,192,15,64,187,1,0,0,0,0,0,0,0
196.758240,196.682266,121,255,251,255,192,15,63,188,1,0,0,0,0,0,0,0
196.978027,196.923981,121,255,251,255,192,15,64,187,1,0,0,0,0,0,0,0
197.252747,197.194519,121,255,251,255,192,15,61,188,1,0,0,0,0,0,0,0
197.472534,197.410965,121,255,251,255,192,16,70,187,1,0,0,0,0,0,0,0
197.747253,197.686874,121,255,251,255,192,15,72,187,129,0,0,0,0,0,0,0
197.967026,197.902771,121,255,251,255,191,16,72,187,129,0,0,0,0,0,0,0
198.241760,198.177475,121,255,251,255,192,15,68,187,1,0,0,0,0,0,0,0
198.461533,198.389023,121,255,251,255,191,15,69,187,129,0,0,0,0,0,0,0
198.736267,198.661545,121,255,251,255,192,15,66,187,1,0,0,0,0,0,0,0
198.956039,198.881317,121,255,251,255,192,15,64,187,129,0,0,0,0,0,0,0
199.230774,199.151703,121,255,251,255,192,14,67,188,1,0,0,0,0,0,0,0
199.450546,199.372864,121,255,251,255,192,14,67,188,1,0,0,0,0,0,0,0
199.725281,199.652939,121,255,251,255,192,15,66,187,129,0,0,0,0,0,0,0
199.945053,199.868332,121,255,251,255,193,15,66,187,1,0,0,0,0,0,0,0
200.219788,200.140945,122,255,251,255,192,15,64,187,129,0,0,0,0,0,0,0
200.439560,200.359558,120,255,251,255,193,15,62,188,129,0,0,0,0,0,0,0
200.659348,200.606369,121,255,251,255,192,15,63,188,1,0,0,0,0,0,0,0
200.934067,200.876877,121,255,251,255,192,15,63,188,1,0,0,0,0,0,0,0
201.153839,201.095963,122,255,251,255,192,14,64,188,1,0,0,0,0,0,0,0
201.428574,201.369247,121,255,252,255,192,16,64,188,129,0,0,0,0,0,0,0
201.648346,201.588455,121,255,252,255,192,16,61,187,1,0,0,0,0,0,0,0
201.923080,201.857697,121,255,252,255,192,15,62,188,1,0,0,0,0,0,0,0
202.142853,202.076172,121,255,252,255,192,16,69,187,129,0,0,0,0,0,0,0
202.417587,202.349197,121,255,252,255,192,16,67,188,1,0,0,0,0,0,0,0
202.637360,202.566055,122,255,252,255,191,16,67,186,129,0,0,0,0,0,0,0
202.912094,202.836548,121,255,252,255,192,16,64,188,129,0,0,0,0,0,0,0
203.131866,203.054489,121,255,252,255,191,15,66,187,1,0,0,0,0,0,0,0
203.406601,203.326157,121,255,252,255,192,16,66,187,129,0,0,0,0,0,0,0
203.626373,203.572250,121,255,252,255,192,14,72,187,1,0,0,0,0,0,0,0
203.846161,203.790100,121,255,252,255,192,14,72,187,1,0,0,0,0,0,0,0
204.120880,204.063919,121,255,252,255,192,16,75,188,1,0,0,0,0,0,0,0
204.340652,204.283783,121,255,252,255,191,16,78,187,129,0,0,0,0,0,0,0
204.615387,204.559113,121,255,252,255,192,16,72,187,129,0,0,0,0,0,0,0
204.835159,204.774673,121,255,252,255,192,16,73,187,1,0,0,0,0,0,0,0
205.109894,205.051117,122,255,252,255,192,16,60,188,129,0,0,0,0,0,0,0
205.329666,205.266937,121,255,252,255,192,14,67,187,1,0,0,0,0,0,0,0
205.604401,205.541489,121,255,252,255,191,16,67,187,129,0,0,0,0,0,0,0
205.824173,205.758545,121,255,252,255,192,14,67,188,129,0,0,0,0,0,0,0
206.098907,206.035980,121,255,252,255,193,15,67,187,1,0,0,0,0,0,0,0
206.318680,206.255249,121,255,252,255,192,16,59,187,129,0,0,0,0,0,0,0
206.593399,206.529953,121,255,252,255,192,14,59,188,1,0,0,0,0,0,0,0
206.813187,206.746246,121,255,252,255,193,15,60,187,129,0,0,0,0,0,0,0
207.087906,207.023697,122,255,252,255,192,16,58,187,129,0,0,0,0,0,0,0
207.307693,207.241699,121,255,252,255,192,16,62,187,1,0,0,0,0,0,0,0
207.582413,207.513626,121,255,252,255,191,14,60,188,129,0,0,0,0,0,0,0
207.802200,207.730194,122,255,252,255,191,16,63,188,1,0,0,0,0,0,0,0
208.076920,208.003937,121,255,252,255,193,15,61,187,129,0,0,0,0,0,0,0
208.296707,208.223770,121,255,252,255,193,14,66,186,1,0,0,0,0,0,0,0
208.571426,208.494965,121,255,252,255,193,14,64,187,1,0,0,0,0,0,0,0
208.791214,208.716415,122,255,252,255,192,15,63,188,129,0,0,0,0,0,0,0
209.065933,208.990738,121,255,252,255,191,16,65,186,1,0,0,0,0,0,0,0
209.285721,209.207153,121,255,252,255,192,15,68,187,129,0,0,0,0,0,0,0
209.560440,209.479645,121,255,252,255,192,14,66,186,129,0,0,0,0,0,0,0
209.780212,209.701920,122,255,252,255,192,16,67,187,1,0,0,0,0,0,0,0
210.054947,209.973434,121,255,252,255,192,15,69,186,129,0,0,0,0,0,0,0
210.274719,210.213440,121,255,252,255,192,16,64,187,1,0,0,0,0,0,0,0
210.494507,210.432129,121,255,252,255,192,14,65,187,1,0,0,0,0,0,0,0
210.769226,210.702713,121,255,252,255,191,15,68,187,1,0,0,0,0,0,0,0
210.989014,210.919769,122,255,253,255,192,15,66,188,1,0,0,0,0,0,0,0
211.263733,211.189209,121,255,252,255,192,16,69,187,129,0,0,0,0,0,0,0
211.483521,211.410080,122,255,252,255,193,16,66,186,1,0,0,0,0,0,0,0
211.758240,211.682755,121,255,253,255,192,16,67,187,129,0,0,0,0,0,0,0
211.978027,211.902679,121,255,252,255,191,15,67,187,1,0,0,0,0,0,0,0
212.252747,212.173065,121,255,253,255,192,16,67,187,1,0,0,0,0,0,0,0
212.472534,212.392761,121,255,253,255,192,14,54,188,129,0,0,0,0,0,0,0
212.747253,212.664139,121,255,253,255,192,16,58,187,1,0,0,0,0,0,0,0
212.967026,212.905807,122,255,252,255,192,16,59,188,129,0,0,0,0,0,0,0
213.186813,213.122574,121,255,253,255,192,14,62,187,1,0,0,0,0,0,0,0
213.461533,213.392532,121,255,253,255,192,15,66,187,1,0,0,0,0,0,0,0
213.681320,213.613968,122,255,253,255,192,15,64,187,129,0,0,0,0,0,0,0
213.956039,213.886368,121,255,253,255,192,16,63,187,1,0,0,0,0,0,0,0
214.175827,214.103699,121,255,253,255,192,16,63,188,129,0,0,0,0,0,0,0
214.450546,214.375534,121,255,253,255,192,15,66,187,1,0,0,0,0,0,0,0
214.670334,214.590637,121,255,253,255,191,15,64,188,1,0,0,0,0,0,0,0
214.945053,214.863861,122,255,253,255,192,15,63,187,129,0,0,0,0,0,0,0
215.164841,215.082962,122,255,253,255,192,16,67,188,1,0,0,0,0,0,0,0
215.439560,215.356308,122,255,253,255,191,15,63,187,129,0,0,0,0,0,0,0
215.659348,215.597916,121,255,253,255,192,16,59,187,1,0,0,0,0,0,0,0
215.879120,215.809998,121,255,253,255,192,15,61,187,129,0,0,0,0,0,0,0
216.153839,216.083038,122,255,253,255,191,13,57,187,129,0,0,0,0,0,0,0
216.373627,216.304520,121,255,253,255,192,15,61,188,1,0,0,0,0,0,0,0
216.648346,216.577545,121,255,253,255,192,15,64,187,129,0,0,0,0,0,0,0
216.868134,216.799652,121,255,253,255,192,14,61,188,1,0,0,0,0,0,0,0
217.142853,217.070755,121,255,253,255,192,14,58,188,129,0,0,0,0,0,0,0
217.362640,217.286743,121,255,253,255,192,15,58,187,129,0,0,0,0,0,0,0
217.637360,217.557907,121,255,253,255,192,13,62,187,1,0,0,0,0,0,0,0
217.857147,217.775528,121,255,253,255,192,14,61,188,129,0,0,0,0,0,0,0
218.131866,218.049606,121,255,253,255,191,15,64,187,1,0,0,0,0,0,0,0
218.351654,218.267807,121,255,254,255,192,15,67,188,129,0,0,0,0,0,0,0
218.626373,218.540970,121,255,253,255,192,16,65,187,129,0,0,0,0,0,0,0
218.846161,218.782104,121,255,254,255,192,16,68,187,1,0,0,0,0,0,0,0
219.065933,218.998825,121,255,254,255,192,14,68,186,129,0,0,0,0,0,0,0
219.340652,219.268738,121,255,254,255,192,14,70,187,1,0,0,0,0,0,0,0
219.560440,219.483444,121,255,254,255,192,16,69,186,1,0,0,0,0,0,0,0
219.835159,219.756531,121,255,254,255,192,16,66,187,1,0,0,0,0,0,0,0
220.054947,219.975525,121,255,254,255,192,16,69,187,1,0,0,0,0,0,0,0
220.329666,220.245438,121,255,254,255,191,16,74,186,129,0,0,0,0,0,0,0
220.549454,220.467087,121,255,254,255,192,16,76,186,1,0,0,0,0,0,0,0
220.824173,220.742096,121,255,254,255,193,15,68,187,129,0,0,0,0,0,0,0
221.043961,220.957230,121,255,254,255,192,15,64,187,129,0,0,0,0,0,0,0
221.263733,221.201492,121,255,254,255,192,14,64,187,1,0,0,0,0,0,0,0
221.538467,221.474747,121,255,254,255,192,15,67,188,129,0,0,0,0,0,0,0
221.758240,221.691025,121,255,255,255,192,15,65,187,129,0,0,0,0,0,0,0
222.032974,221.964737,121,255,255,255,192,16,63,187,129,0,0,0,0,0,0,0
222.252747,222.178528,121,255,255,255,192,16,63,187,129,0,0,0,0,0,0,0
222.527466,222.456543,122,255,255,255,192,16,63,188,1,0,0,0,0,0,0,0
222.747253,222.678436,121,255,255,255,192,15,65,188,129,0,0,0,0,0,0,0
223.021973,222.950302,121,255,255,255,191,16,63,187,1,0,0,0,0,0,0,0
223.241760,223.166565,121,255,255,255,191,14,57,188,129,0,0,0,0,0,0,0
223.516479,223.437744,122,255,255,255,192,16,64,187,129,0,0,0,0,0,0,0
223.736267,223.654800,121,255,255,255,191,16,72,187,1,0,0,0,0,0,0,0
224.010986,223.925339,121,255,255,255,192,14,71,187,129,0,0,0,0,0,0,0
224.230774,224.143036,121,255,255,255,192,16,69,186,1,0,0,0,0,0,0,0
224.450546,224.387238,121,255,255,255,191,16,66,187,129,0,0,0,0,0,0,0
224.725281,224.660217,121,255,255,255,192,14,73,188,129,0,0,0,0,0,0,0
224.945053,224.876999,122,255,255,255,192,15,74,187,129,0,0,0,0,0,0,0
225.219788,225.150482,120,255,255,255,191,13,74,187,129,0,0,0,0,0,0,0
225.439560,225.369232,122,255,255,255,191,15,69,188,1,0,0,0,0,0,0,0
225.714279,225.640640,122,255,255,255,192,15,71,187,129,0,0,0,0,0,0,0
225.934067,225.852814,121,255,255,255,192,16,69,186,129,0,0,0,0,0,0,0
226.208786,226.131088,121,255,255,255,192,16,67,187,129,0,0,0,0,0,0,0
226.428574,226.346603,122,255,255,255,192,15,66,188,129,0,0,0,0,0,0,0
226.703293,226.621445,121,255,255,255,192,14,67,187,1,0,0,0,0,0,0,0
226.923080,226.838226,121,255,255,255,192,15,67,187,129,0,0,0,0,0,0,0
227.142853,227.079514,122,255,255,255,192,14,70,187,1,0,0,0,0,0,0,0
227.417587,227.351501,121,255,255,255,192,15,67,187,1,0,0,0,0,0,0,0
227.637360,227.573914,121,255,255,255,193,15,60,187,129,0,0,0,0,0,0,0
227.912094,227.847260,121,255,255,255,191,14,63,187,1,0,0,0,0,0,0,0
228.131866,228.062729,122,255,255,255,193,15,63,187,1,0,0,0,0,0,0,0
228.406601,228.336227,121,255,255,255,192,16,61,187,1,0,0,0,0,0,0,0
228.626373,228.555847,122,255,255,255,192,13,63,188,129,0,0,0,0,0,0,0
228.901093,228.828720,121,255,255,255,192,16,65,186,129,0,0,0,0,0,0,0
229.120880,229.042175,121,255,255,255,191,14,68,187,1,0,0,0,0,0,0,0
229.395599,229.318344,121,255,255,255,192,15,66,187,129,0,0,0,0,0,0,0
229.615387,229.533859,121,255,255,255,192,14,69,188,1,0,0,0,0,0,0,0
229.890106,229.806366,121,255,255,255,192,15,68,187,129,0,0,0,0,0,0,0
230.109894,230.020203,121,255,255,255,192,13,67,187,129,0,0,0,0,0,0,0
230.384613,230.295685,121,255,255,255,192,15,71,187,1,0,0,0,0,0,0,0
230.604401,230.518158,121,255,255,255,192,15,72,187,129,0,0,0,0,0,0,0
230.879120,230.792679,121,255,255,255,191,16,69,187,1,0,0,0,0,0,0,0
231.098907,231.012466,121,255,255,255,192,13,64,187,129,0,0,0,0,0,0,0
231.373627,231.286057,122,255,255,255,192,15,66,187,1,0,0,0,0,0,0,0
231.593399,231.504242,121,255,255,255,192,14,59,187,1,0,0,0,0,0,0,0
231.813187,231.748917,121,255,255,255,192,16,63,187,129,0,0,0,0,0,0,0
232.087906,232.023575,122,255,255,255,192,16,62,187,1,0,0,0,0,0,0,0
232.307693,232.237915,121,255,255,255,193,14,59,188,129,0,0,0,0,0,0,0
232.582413,232.515320,121,255,255,255,192,14,56,187,1,0,0,0,0,0,0,0
232.802200,232.735611,121,255,255,255,192,16,59,188,1,0,0,0,0,0,0,0
233.076920,233.006149,121,255,255,255,192,16,62,187,129,0,0,0,0,0,0,0
233.296707,233.222122,121,255,255,255,192,14,62,188,1,0,0,0,0,0,0,0
233.571426,233.495941,122,255,255,255,192,14,58,188,1,0,0,0,0,0,0,0
233.791214,233.714203,121,255,255,255,191,14,57,188,1,0,0,0,0,0,0,0
234.065933,233.986252,121,255,255,255,192,14,62,188,1,0,0,0,0,0,0,0
234.285721,234.201752,121,255,255,255,192,13,64,187,129,0,0,0,0,0,0,0
234.560440,234.476212,121,255,255,255,192,15,65,187,1,0,0,0,0,0,0,0
234.780212,234.697876,121,255,255,255,193,16,61,187,129,0,0,0,0,0,0,0
235.054947,234.971283,121,255,255,255,192,13,61,187,129,0,0,0,0,0,0,0
235.274719,235.191101,122,255,255,255,192,14,64,188,1,0,0,0,0,0,0,0
235.549454,235.465073,121,255,255,255,192,14,65,187,129,0,0,0,0,0,0,0
235.769226,235.683182,121,255,255,255,192,14,61,187,1,0,0,0,0,0,0,0
236.043961,235.957245,121,255,255,255,192,15,64,187,129,0,0,0,0,0,0,0
236.263733,236.178619,121,255,255,255,192,16,61,187,1,0,0,0,0,0,0,0
236.538467,236.453384,122,255,255,255,191,15,67,187,1,0,0,0,0,0,0,0
236.758240,236.669403,122,255,255,255,192,14,65,187,129,0,0,0,0,0,0,0
237.032974,236.944153,121,255,255,255,193,14,67,187,1,0,0,0,0,0,0,0
237.252747,237.161179,120,255,255,255,192,14,64,187,129,0,0,0,0,0,0,0
237.472534,237.406372,121,255,255,255,192,15,67,187,1,0,0,0,0,0,0,0
237.747253,237.678268,121,255,255,255,192,14,69,187,129,0,0,0,0,0,0,0
237.967026,237.889404,121,255,255,255,192,14,68,188,129,0,0,0,0,0,0,0
238.241760,238.163116,122,255,255,255,192,15,73,187,1,0,0,0,0,0,0,0
238.461533,238.377365,121,255,255,255,191,15,76,187,129,0,0,0,0,0,0,0
238.736267,238.652786,121,255,255,255,192,14,72,188,1,0,0,0,0,0,0,0
238.956039,238.870392,121,255,255,255,192,15,73,186,129,0,0,0,0,0,0,0
239.230774,239.143661,121,255,255,255,191,15,71,188,129,0,0,0,0,0,0,0
239.450546,239.361725,121,255,255,255,192,16,76,186,1,0,0,0,0,0,0,0
239.725281,239.635223,122,255,255,255,192,14,72,188,129,0,0,0,0,0,0,0
239.945053,239.853653,121,255,255,255,192,14,72,186,1,0,0,0,0,0,0,0
240.164841,240.095413,121,255,255,255,191,16,74,187,129,0,0,0,0,0,0,0
240.439560,240.370010,121,255,255,255,191,16,74,187,129,0,0,0,0,0,0,0
240.659348,240.590347,121,255,255,255,192,14,73,186,1,0,0,0,0,0,0,0
240.934067,240.863541,121,255,255,255,192,16,73,186,129,0,0,0,0,0,0,0
241.153839,241.076752,121,255,255,255,192,15,68,187,1,0,0,0,0,0,0,0
241.428574,241.352234,121,255,255,255,192,16,69,187,1,0,0,0,0,0,0,0
241.648346,241.572006,121,255,255,255,192,15,71,186,129,0,0,0,0,0,0,0
241.923080,241.841660,121,255,255,255,191,14,69,187,1,0,0,0,0,0,0,0
242.142853,242.061157,122,255,255,255,191,15,68,187,129,0,0,0,0,0,0,0
242.417587,242.332291,121,255,255,255,192,14,69,187,1,0,0,0,0,0,0,0
242.637360,242.551727,121,255,255,255,191,15,72,187,129,0,0,0,0,0,0,0
242.912094,242.817902,121,255,255,255,192,13,69,186,129,0,0,0,0,0,0,0
243.131866,243.059891,121,255,255,255,192,16,64,187,1,0,0,0,0,0,0,0
243.351654,243.276947,121,255,255,255,192,14,62,188,129,0,0,0,0,0,0,0
243.626373,243.551468,121,255,255,255,192,15,64,186,1,0,0,0,0,0,0,0
243.846161,243.767258,122,255,255,255,191,13,64,188,129,0,0,0,0,0,0,0
244.120880,244.040970,121,255,255,255,192,15,56,187,129,0,0,0,0,0,0,0
244.340652,244.256622,121,255,255,255,192,14,57,187,1,0,0,0,0,0,0,0
244.615387,244.527847,122,255,255,255,192,13,65,187,129,0,0,0,0,0,0,0
244.835159,244.748230,121,255,255,255,192,13,63,188,1,0,0,0,0,0,0,0
245.109894,245.018723,122,255,255,255,192,15,63,187,129,0,0,0,0,0,0,0
245.329666,245.237869,122,255,255,255,192,16,64,187,129,0,0,0,0,0,0,0
245.604401,245.510010,121,255,255,255,192,15,70,187,1,0,0,0,0,0,0,0
245.824173,245.753250,121,255,255,255,191,15,72,186,129,0,0,0,0,0,0,0
246.043961,245.974625,121,255,255,255,191,16,69,188,1,0,0,0,0,0,0,0
246.318680,246.246155,122,255,255,255,192,15,66,187,129,0,0,0,0,0,0,0
246.538467,246.466171,122,255,255,255,192,15,68,187,129,0,0,0,0,0,0,0
246.813187,246.740311,121,255,255,255,191,13,76,187,1,0,0,0,0,0,0,0
247.032974,246.958038,121,255,255,255,192,16,78,187,129,0,0,0,0,0,0,0
247.307693,247.233063,121,255,255,255,192,13,77,187,1,0,0,0,0,0,0,0
247.527466,247.454071,121,255,255,255,191,14,74,187,129,0,0,0,0,0,0,0
247.802200,247.727051,121,255,255,255,192,15,75,187,1,0,0,0,0,0,0,0
248.021973,247.945831,121,255,255,255,192,15,72,186,1,0,0,0,0,0,0,0
248.296707,248.215027,122,255,255,255,191,15,67,187,129,0,0,0,0,0,0,0
248.516479,248.435257,121,255,255,255,192,15,70,187,1,0,0,0,0,0,0,0
248.791214,248.706940,121,255,255,255,192,15,66,187,129,0,0,0,0,0,0,0
249.010986,248.926132,121,255,255,255,192,15,66,187,129,0,0,0,0,0,0,0
249.285721,249.196579,121,255,255,255,192,15,66,187,129,0,0,0,0,0,0,0
249.505493,249.418015,121,255,255,255,191,14,67,186,129,0,0,0,0,0,0,0
249.780212,249.691086,121,255,255,255,191,13,68,187,1,0,0,0,0,0,0,0
250.000000,249.906952,121,255,255,255,191,15,64,188,129,0,0,0,0,0,0,0
250.274719,250.178070,121,255,255,255,192,15,64,187,1,0,0,0,0,0,0,0
250.494507,250.396851,121,255,255,255,192,15,64,188,129,0,0,0,0,0,0,0
250.714279,250.643509,121,255,255,255,191,15,60,187,129,0,0,0,0,0,0,0
250.989014,250.914993,121,255,255,255,192,15,62,187,1,0,0,0,0,0,0,0
