0.000000,0.000000,121,255,255,255,192,15,62,188,129,0,0,0,0,0,0,0
0.219780,0.213116,121,255,255,255,192,15,62,188,1,0,0,0,0,0,0,0
0.494505,0.479649,121,255,255,255,192,15,57,187,129,0,0,0,0,0,0,0
0.714286,0.693602,122,255,255,255,192,16,64,188,1,0,0,0,0,0,0,0
0.934066,0.932773,121,255,255,255,192,15,73,187,129,0,0,0,0,0,0,0
1.208791,1.200557,121,255,255,255,191,15,71,186,129,0,0,0,0,0,0,0
1.428571,1.412521,121,255,255,255,192,13,64,186,1,0,0,0,0,0,0,0
1.703297,1.681191,122,255,255,255,192,16,67,187,129,0,0,0,0,0,0,0
1.923077,1.921350,121,255,255,255,192,14,73,188,1,0,0,0,0,0,0,0
2.142857,2.133481,121,255,255,255,191,15,74,187,129,0,0,0,0,0,0,0
2.417583,2.398661,120,255,255,255,191,13,70,187,129,0,0,0,0,0,0,0
2.637363,2.611194,121,255,255,255,191,15,69,188,1,0,0,0,0,0,0,0
2.857143,2.850790,122,255,255,255,192,15,71,187,129,0,0,0,0,0,0,0
3.131868,3.118003,121,255,255,255,191,16,69,188,1,0,0,0,0,0,0,0
3.351648,3.328362,121,255,255,255,192,14,67,188,1,0,0,0,0,0,0,0
3.571429,3.571386,122,255,255,255,192,16,63,187,129,0,0,0,0,0,0,0
3.846154,3.838647,121,255,255,255,193,15,70,187,1,0,0,0,0,0,0,0
4.065934,4.050823,122,255,255,255,191,16,66,187,129,0,0,0,0,0,0,0
4.340659,4.316419,122,255,255,255,192,16,71,187,1,0,0,0,0,0,0,0
4.560440,4.555593,121,255,255,255,192,15,60,187,1,0,0,0,0,0,0,0
4.780220,4.768295,121,255,255,255,191,14,59,187,129,0,0,0,0,0,0,0
5.054945,5.034409,121,255,255,255,192,15,58,188,1,0,0,0,0,0,0,0
5.274725,5.274467,121,255,255,255,192,14,61,187,129,0,0,0,0,0,0,0
5.494505,5.486333,121,255,255,255,191,14,61,187,1,0,0,0,0,0,0,0
5.769231,5.753382,121,255,255,255,191,15,60,187,1,0,0,0,0,0,0,0
5.989011,5.965716,121,255,255,255,192,15,68,187,129,0,0,0,0,0,0,0
6.208791,6.205572,121,255,255,255,191,15,70,187,1,0,0,0,0,0,0,0
6.483517,6.474029,122,255,255,255,193,15,64,188,129,0,0,0,0,0,0,0
6.703297,6.685634,121,255,255,255,192,14,69,188,1,0,0,0,0,0,0,0
6.978022,6.952532,121,255,255,255,191,15,70,187,1,0,0,0,0,0,0,0
7.197802,7.193353,121,255,255,255,192,14,70,187,129,0,0,0,0,0,0,0
7.417583,7.406637,121,255,255,255,192,14,67,187,1,0,0,0,0,0,0,0
7.692307,7.673225,121,255,255,255,191,14,71,187,1,0,0,0,0,0,0,0
7.912088,7.885717,121,255,255,255,191,13,68,187,129,0,0,0,0,0,0,0
8.131868,8.125406,121,255,255,255,192,15,66,187,1,0,0,0,0,0,0,0
8.406593,8.393778,121,255,255,255,192,15,61,187,129,0,0,0,0,0,0,0
8.626373,8.604695,121,255,255,255,192,15,61,187,1,0,0,0,0,0,0,0
8.846154,8.843764,121,255,255,255,192,15,59,187,129,0,0,0,0,0,0,0
9.120879,9.110460,121,255,255,255,192,16,58,187,129,0,0,0,0,0,0,0
9.340659,9.321957,121,255,255,255,192,16,60,187,1,0,0,0,0,0,0,0
9.615385,9.589738,121,255,255,255,192,15,59,188,129,0,0,0,0,0,0,0
9.835165,9.829589,121,255,255,255,192,14,57,187,1,0,0,0,0,0,0,0
10.054945,10.042444,121,255,255,255,192,14,61,186,129,0,0,0,0,0,0,0
10.329670,10.307260,122,255,255,255,192,15,68,187,129,0,0,0,0,0,0,0
10.549451,10.547525,122,255,255,255,191,15,60,188,1,0,0,0,0,0,0,0
10.769231,10.759760,121,255,255,255,192,15,54,187,129,0,0,0,0,0,0,0
11.043956,11.027382,121,255,255,255,191,13,58,188,1,0,0,0,0,0,0,0
11.263737,11.239041,121,255,255,255,192,14,61,186,129,0,0,0,0,0,0,0
11.483517,11.477176,121,255,255,255,192,13,66,186,129,0,0,0,0,0,0,0
11.758242,11.744956,121,255,255,255,192,13,62,188,1,0,0,0,0,0,0,0
11.978022,11.958851,121,255,255,255,192,15,62,187,129,0,0,0,0,0,0,0
12.252748,12.226846,121,255,255,255,192,15,63,187,1,0,0,0,0,0,0,0
12.472528,12.464091,121,255,255,255,192,13,63,187,1,0,0,0,0,0,0,0
12.692307,12.677106,122,255,255,255,191,14,64,187,129,0,0,0,0,0,0,0
12.967033,12.944936,121,255,255,255,192,14,65,187,1,0,0,0,0,0,0,0
13.186813,13.157963,121,255,255,255,192,15,64,188,129,0,0,0,0,0,0,0
13.406593,13.396133,121,255,255,255,192,14,64,187,1,0,0,0,0,0,0,0
13.681318,13.662768,122,255,255,255,191,15,67,187,1,0,0,0,0,0,0,0
13.901099,13.878118,121,255,255,255,191,13,65,187,129,0,0,0,0,0,0,0
14.175824,14.147721,121,255,255,255,193,14,67,187,1,0,0,0,0,0,0,0
14.395604,14.386007,120,255,255,255,192,16,67,186,129,0,0,0,0,0,0,0
14.615385,14.598758,121,255,255,255,192,15,67,187,1,0,0,0,0,0,0,0
14.890110,14.865450,121,255,255,255,192,14,69,187,129,0,0,0,0,0,0,0
15.109890,15.104518,122,255,255,255,193,15,67,187,129,0,0,0,0,0,0,0
15.329670,15.316182,122,255,255,255,192,15,71,187,1,0,0,0,0,0,0,0
15.604396,15.582818,122,255,255,255,192,15,73,187,1,0,0,0,0,0,0,0
15.824176,15.795727,122,255,255,255,192,15,73,187,1,0,0,0,0,0,0,0
16.043957,16.036409,121,255,255,255,191,15,70,188,1,0,0,0,0,0,0,0
16.318682,16.311047,121,255,255,255,191,17,71,187,129,0,0,0,0,0,0,0
16.538462,16.523230,121,255,255,255,192,15,72,188,1,0,0,0,0,0,0,0
16.813187,16.790960,121,255,255,255,191,15,72,187,129,0,0,0,0,0,0,0
17.032967,17.002993,121,255,255,255,192,16,70,187,1,0,0,0,0,0,0,0
17.252747,17.241320,121,255,255,255,192,14,70,187,1,0,0,0,0,0,0,0
17.527473,17.509478,121,255,255,255,192,14,73,187,129,0,0,0,0,0,0,0
17.747253,17.721333,121,255,255,255,192,14,76,187,129,0,0,0,0,0,0,0
17.967033,17.960926,121,255,255,255,192,16,72,187,129,0,0,0,0,0,0,0
18.241758,18.228235,121,255,255,255,192,14,72,186,1,0,0,0,0,0,0,0
18.461538,18.440418,121,255,255,255,192,16,68,187,1,0,0,0,0,0,0,0
18.736263,18.708408,122,255,255,255,192,13,74,187,129,0,0,0,0,0,0,0
18.956043,18.947058,121,255,255,255,191,16,72,188,1,0,0,0,0,0,0,0
19.175825,19.158922,121,255,255,255,192,15,71,186,129,0,0,0,0,0,0,0
19.450550,19.425508,121,255,255,255,191,13,67,187,129,0,0,0,0,0,0,0
19.670330,19.639471,121,255,255,255,192,14,69,187,1,0,0,0,0,0,0,0
19.890110,19.877846,121,255,255,255,192,14,72,187,129,0,0,0,0,0,0,0
20.164835,20.144798,122,255,255,255,192,14,63,186,129,0,0,0,0,0,0,0
20.384615,20.358334,121,255,255,255,192,13,62,187,129,0,0,0,0,0,0,0
20.604395,20.596256,122,255,255,255,192,14,62,188,129,0,0,0,0,0,0,0
20.879122,20.863466,121,255,255,255,192,14,66,187,1,0,0,0,0,0,0,0
21.098902,21.075752,121,255,255,255,192,16,64,187,129,0,0,0,0,0,0,0
21.373627,21.344156,121,255,255,255,192,15,56,187,1,0,0,0,0,0,0,0
21.593407,21.582705,121,255,255,255,192,16,56,187,129,0,0,0,0,0,0,0
21.813187,21.795040,121,255,255,255,191,14,62,188,129,0,0,0,0,0,0,0
22.087912,22.060898,121,255,255,255,192,13,63,188,1,0,0,0,0,0,0,0
22.307692,22.301422,122,255,255,255,192,13,63,188,129,0,0,0,0,0,0,0
22.527473,22.514999,121,255,255,255,192,16,66,187,1,0,0,0,0,0,0,0
22.802198,22.782375,121,255,255,255,192,15,73,186,129,0,0,0,0,0,0,0
23.021978,22.994135,121,255,255,255,192,13,71,186,129,0,0,0,0,0,0,0
23.241758,23.233776,121,255,255,255,191,14,68,187,1,0,0,0,0,0,0,0
23.516483,23.502028,121,255,255,255,192,15,69,188,129,0,0,0,0,0,0,0
23.736263,23.714306,121,255,255,255,192,15,68,187,1,0,0,0,0,0,0,0
24.010988,23.981777,121,255,255,255,192,15,76,187,1,0,0,0,0,0,0,0
24.230770,24.222301,121,255,255,255,192,16,78,187,129,0,0,0,0,0,0,0
24.450550,24.435211,121,255,255,255,191,14,77,188,1,0,0,0,0,0,0,0
24.725275,24.704496,121,255,255,255,192,16,73,186,129,0,0,0,0,0,0,0
24.945055,24.914808,122,255,255,255,192,15,75,187,1,0,0,0,0,0,0,0
25.164835,25.155647,121,255,255,255,192,14,70,187,1,0,0,0,0,0,0,0
25.439560,25.423010,121,255,255,255,192,16,67,188,129,0,0,0,0,0,0,0
25.659340,25.634357,121,255,255,255,192,15,70,187,1,0,0,0,0,0,0,0
25.934067,25.901512,121,255,255,255,192,15,68,187,129,0,0,0,0,0,0,0
26.153847,26.141050,120,255,255,255,192,15,66,186,1,0,0,0,0,0,0,0
26.373627,26.354305,121,255,255,255,192,14,67,187,1,0,0,0,0,0,0,0
26.648352,26.622211,121,255,255,255,192,16,67,187,129,0,0,0,0,0,0,0
26.868132,26.834072,121,255,255,255,192,13,64,187,1,0,0,0,0,0,0,0
27.087912,27.073296,122,255,255,255,191,15,64,188,129,0,0,0,0,0,0,0
27.362637,27.339260,121,255,255,255,192,13,61,188,1,0,0,0,0,0,0,0
27.582418,27.551226,121,255,255,255,192,13,66,187,1,0,0,0,0,0,0,0
27.802198,27.792330,121,255,255,255,192,15,61,187,129,0,0,0,0,0,0,0
28.076923,28.059290,121,255,255,255,192,14,62,187,1,0,0,0,0,0,0,0
28.296703,28.270779,122,255,255,255,191,15,60,187,1,0,0,0,0,0,0,0
28.571428,28.537941,122,255,255,255,191,14,60,188,129,0,0,0,0,0,0,0
28.791208,28.777473,121,255,255,255,192,13,52,187,1,0,0,0,0,0,0,0
29.010988,28.991583,122,255,255,255,192,14,53,188,129,0,0,0,0,0,0,0
29.285715,29.258684,121,255,255,255,191,15,56,187,1,0,0,0,0,0,0,0
29.505495,29.470627,121,255,255,255,192,15,56,187,1,0,0,0,0,0,0,0
29.725275,29.710085,122,255,255,255,191,13,59,187,1,0,0,0,0,0,0,0
30.000000,29.977089,121,255,255,255,192,14,56,187,1,0,0,0,0,0,0,0
30.219780,30.189734,122,255,255,255,192,15,55,187,129,0,0,0,0,0,0,0
30.439560,30.429329,121,255,255,255,191,13,62,187,129,0,0,0,0,0,0,0
30.714285,30.697159,121,255,255,255,191,15,58,187,129,0,0,0,0,0,0,0
30.934067,30.908873,122,255,255,255,192,14,57,187,129,0,0,0,0,0,0,0
31.208792,31.175663,122,255,255,255,191,13,58,187,1,0,0,0,0,0,0,0
31.428572,31.415878,122,255,255,255,191,15,54,187,129,0,0,0,0,0,0,0
31.648352,31.629326,121,255,255,255,192,14,59,187,1,0,0,0,0,0,0,0
31.923077,31.895424,121,255,255,255,191,14,61,188,1,0,0,0,0,0,0,0
32.142857,32.108173,121,255,255,255,191,15,66,188,129,0,0,0,0,0,0,0
32.362637,32.348492,122,255,255,255,193,16,67,187,1,0,0,0,0,0,0,0
32.637363,32.616013,121,255,255,255,191,14,71,187,129,0,0,0,0,0,0,0
32.857143,32.827778,121,255,255,255,192,16,66,187,1,0,0,0,0,0,0,0
33.131866,33.095276,121,255,255,255,191,14,61,187,1,0,0,0,0,0,0,0
33.351650,33.334160,122,255,255,255,192,13,64,188,129,0,0,0,0,0,0,0
33.571430,33.546436,121,255,255,255,192,13,65,188,1,0,0,0,0,0,0,0
33.846153,33.815212,121,255,255,255,192,15,68,187,129,0,0,0,0,0,0,0
34.065933,34.055527,121,255,255,255,192,14,63,187,1,0,0,0,0,0,0,0
34.285713,34.266605,121,255,255,255,191,14,58,188,1,0,0,0,0,0,0,0
34.560440,34.534290,121,255,255,255,192,15,60,187,129,0,0,0,0,0,0,0
34.780220,34.747250,120,255,255,255,192,14,58,187,1,0,0,0,0,0,0,0
35.000000,34.988205,121,255,255,255,192,14,56,187,129,0,0,0,0,0,0,0
35.274727,35.254307,121,255,255,255,193,13,58,187,129,0,0,0,0,0,0,0
35.494507,35.466534,122,255,255,255,192,16,61,188,1,0,0,0,0,0,0,0
35.769230,35.734058,122,255,255,255,191,15,56,187,129,0,0,0,0,0,0,0
35.989010,35.973492,122,255,255,255,192,15,61,187,1,0,0,0,0,0,0,0
36.208790,36.185154,122,255,255,255,192,15,55,188,129,0,0,0,0,0,0,0
36.483517,36.452522,121,255,255,255,191,16,60,187,1,0,0,0,0,0,0,0
36.703297,36.692265,121,255,255,255,191,14,62,188,1,0,0,0,0,0,0,0
36.923077,36.902992,121,255,255,255,192,15,61,188,129,0,0,0,0,0,0,0
37.197803,37.172771,121,255,255,255,192,14,67,187,1,0,0,0,0,0,0,0
37.417583,37.384556,121,255,255,255,192,14,72,187,129,0,0,0,0,0,0,0
37.637363,37.623627,122,255,255,255,191,15,70,187,1,0,0,0,0,0,0,0
37.912086,37.890320,121,255,255,255,192,12,75,187,1,0,0,0,0,0,0,0
38.131866,38.104061,121,255,255,255,192,16,77,186,129,0,0,0,0,0,0,0
38.406593,38.372459,122,255,255,255,192,13,73,188,1,0,0,0,0,0,0,0
38.626373,38.611740,121,255,255,255,192,16,77,187,129,0,0,0,0,0,0,0
38.846153,38.823658,122,255,255,255,192,12,72,186,129,0,0,0,0,0,0,0
39.120880,39.091599,122,255,255,255,191,15,76,187,1,0,0,0,0,0,0,0
39.340660,39.304676,121,255,255,255,192,14,72,187,129,0,0,0,0,0,0,0
39.560440,39.542847,122,255,255,255,191,13,68,188,1,0,0,0,0,0,0,0
39.835163,39.809013,121,255,255,255,191,13,70,186,1,0,0,0,0,0,0,0
40.054947,40.022076,122,255,255,255,192,15,67,187,129,0,0,0,0,0,0,0
40.329670,40.291431,121,255,255,255,192,13,59,186,1,0,0,0,0,0,0,0
40.549450,40.529915,121,255,255,255,192,14,60,187,129,0,0,0,0,0,0,0
40.769230,40.742512,122,255,255,255,192,15,65,187,1,0,0,0,0,0,0,0
41.043957,41.010246,121,255,255,255,192,14,64,188,129,0,0,0,0,0,0,0
41.263737,41.249725,122,255,255,255,192,14,62,187,129,0,0,0,0,0,0,0
41.483517,41.461384,123,255,255,255,192,16,62,187,1,0,0,0,0,0,0,0
41.758244,41.729214,121,255,255,255,192,14,65,188,129,0,0,0,0,0,0,0
41.978024,41.941341,122,255,255,255,193,14,65,188,129,0,0,0,0,0,0,0
42.197803,42.180408,121,255,255,255,192,14,65,186,1,0,0,0,0,0,0,0
42.472527,42.448029,121,255,255,255,191,14,66,187,129,0,0,0,0,0,0,0
42.692307,42.660110,121,255,255,255,191,16,72,187,1,0,0,0,0,0,0,0
42.967033,42.928116,121,255,255,255,191,16,70,186,129,0,0,0,0,0,0,0
43.186813,43.166779,121,255,255,255,192,14,66,187,1,0,0,0,0,0,0,0
43.406593,43.380150,121,255,255,255,191,15,70,187,129,0,0,0,0,0,0,0
43.681320,43.646557,121,255,255,255,193,14,68,187,129,0,0,0,0,0,0,0
43.901100,43.861549,121,255,255,255,192,15,74,187,1,0,0,0,0,0,0,0
44.120880,44.099781,121,255,255,255,193,16,68,187,129,0,0,0,0,0,0,0
44.395603,44.367512,121,255,255,255,191,14,69,187,1,0,0,0,0,0,0,0
44.615383,44.580002,122,255,255,255,192,14,68,188,129,0,0,0,0,0,0,0
44.835163,44.819485,121,255,255,255,192,13,63,187,129,0,0,0,0,0,0,0
45.109890,45.088207,121,255,255,255,192,13,66,188,1,0,0,0,0,0,0,0
45.329670,45.300594,122,255,255,255,191,14,67,187,129,0,0,0,0,0,0,0
45.604397,45.575344,121,255,255,255,192,14,64,187,1,0,0,0,0,0,0,0
45.824177,45.786896,121,255,255,255,192,14,62,187,129,0,0,0,0,0,0,0
46.043957,46.026951,121,255,255,255,192,15,59,186,129,0,0,0,0,0,0,0
46.318680,46.295254,121,255,255,255,192,14,61,188,1,0,0,0,0,0,0,0
46.538460,46.506084,121,255,255,255,192,15,63,186,1,0,0,0,0,0,0,0
46.813187,46.774071,121,255,255,255,192,13,64,188,1,0,0,0,0,0,0,0
47.032967,47.013149,122,255,255,255,192,13,58,188,1,0,0,0,0,0,0,0
47.252747,47.225327,121,255,255,255,192,13,62,187,129,0,0,0,0,0,0,0
47.527473,47.493362,121,255,255,255,192,13,68,187,1,0,0,0,0,0,0,0
47.747253,47.706692,122,255,255,255,192,15,66,187,129,0,0,0,0,0,0,0
47.967033,47.945076,121,255,255,255,191,13,73,186,129,0,0,0,0,0,0,0
48.241756,48.212551,121,255,255,255,191,13,67,187,1,0,0,0,0,0,0,0
48.461540,48.425301,121,255,255,255,192,14,72,187,129,0,0,0,0,0,0,0
48.681320,48.665051,121,255,255,255,193,14,73,187,1,0,0,0,0,0,0,0
48.956043,48.932671,121,255,255,255,191,14,67,187,129,0,0,0,0,0,0,0
49.175823,49.144535,121,255,255,255,191,13,71,186,1,0,0,0,0,0,0,0
49.450550,49.411232,121,255,255,255,192,15,73,188,1,0,0,0,0,0,0,0
49.670330,49.651230,121,255,255,255,192,13,74,187,129,0,0,0,0,0,0,0
49.890110,49.863510,121,255,255,255,192,16,72,187,1,0,0,0,0,0,0,0
50.164837,50.129475,121,255,255,255,192,16,73,187,129,0,0,0,0,0,0,0
50.384617,50.368389,121,255,255,255,192,15,69,187,129,0,0,0,0,0,0,0
50.604397,50.580055,121,255,255,255,191,12,68,187,1,0,0,0,0,0,0,0
50.879120,50.847725,122,255,255,255,193,14,66,187,129,0,0,0,0,0,0,0
51.098900,51.060009,121,255,255,255,192,13,62,187,1,0,0,0,0,0,0,0
51.318680,51.299961,121,255,255,255,191,13,64,186,129,0,0,0,0,0,0,0
51.593407,51.567177,121,255,255,255,192,12,62,188,129,0,0,0,0,0,0,0
51.813187,51.780441,121,255,255,255,191,13,60,187,1,0,0,0,0,0,0,0
52.087914,52.046616,122,255,255,255,192,13,60,187,129,0,0,0,0,0,0,0
52.307693,52.286045,121,255,255,255,192,14,65,187,1,0,0,0,0,0,0,0
52.527473,52.499733,121,255,255,255,192,14,64,187,1,0,0,0,0,0,0,0
52.802197,52.766636,121,255,255,255,191,14,59,187,129,0,0,0,0,0,0,0
53.021976,52.979286,121,255,255,255,193,12,60,188,1,0,0,0,0,0,0,0
53.241756,53.219498,121,255,255,255,192,13,61,187,129,0,0,0,0,0,0,0
53.516483,53.487926,121,255,255,255,192,14,65,187,1,0,0,0,0,0,0,0
53.736263,53.702206,122,255,255,255,192,13,61,188,129,0,0,0,0,0,0,0
54.010990,53.969833,121,255,255,255,192,14,60,187,129,0,0,0,0,0,0,0
54.230770,54.209061,121,255,255,255,192,14,63,188,1,0,0,0,0,0,0,0
54.450550,54.422897,121,255,255,255,191,15,65,187,129,0,0,0,0,0,0,0
54.725273,54.690891,121,255,255,255,191,16,58,187,1,0,0,0,0,0,0,0
54.945053,54.903019,121,255,255,255,192,14,58,187,129,0,0,0,0,0,0,0
55.164837,55.141304,121,255,255,255,192,13,63,187,129,0,0,0,0,0,0,0
55.439560,55.409683,121,255,255,255,192,14,57,186,1,0,0,0,0,0,0,0
55.659340,55.620956,121,255,255,255,191,15,58,187,129,0,0,0,0,0,0,0
55.879120,55.860439,122,255,255,255,192,14,59,187,1,0,0,0,0,0,0,0
56.153847,56.126610,121,255,255,255,192,13,61,188,1,0,0,0,0,0,0,0
56.373627,56.338993,121,255,255,255,192,14,64,187,129,0,0,0,0,0,0,0
56.648350,56.606884,121,255,255,255,193,14,62,187,1,0,0,0,0,0,0,0
56.868134,56.846523,121,255,255,255,193,14,57,187,129,0,0,0,0,0,0,0
57.087914,57.058025,123,255,255,255,192,14,59,187,129,0,0,0,0,0,0,0
57.362637,57.325230,121,255,255,255,192,13,63,187,1,0,0,0,0,0,0,0
57.582417,57.538300,122,255,255,255,192,15,62,187,129,0,0,0,0,0,0,0
57.802197,57.776428,121,255,255,255,192,14,66,187,1,0,0,0,0,0,0,0
58.076923,58.043953,121,255,255,255,191,14,66,187,129,0,0,0,0,0,0,0
58.296703,58.255249,121,255,255,255,191,13,65,187,129,0,0,0,0,0,0,0
58.516483,58.495148,121,255,255,255,192,12,64,187,1,0,0,0,0,0,0,0
58.791210,58.761475,121,255,255,255,192,12,66,187,129,0,0,0,0,0,0,0
59.010990,58.974129,121,255,255,255,191,15,64,187,1,0,0,0,0,0,0,0
59.285713,59.241539,121,255,255,255,191,15,64,188,1,0,0,0,0,0,0,0
59.505493,59.480816,121,255,255,255,192,15,67,186,1,0,0,0,0,0,0,0
59.725273,59.692341,122,255,255,255,192,15,63,188,1,0,0,0,0,0,0,0
60.000000,59.959946,121,255,255,255,191,14,59,189,129,0,0,0,0,0,0,0
60.219780,60.200264,121,255,255,255,192,14,60,187,1,0,0,0,0,0,0,0
60.439560,60.412647,122,255,255,255,192,15,59,188,129,0,0,0,0,0,0,0
60.714287,60.678509,121,255,255,255,192,14,64,188,1,0,0,0,0,0,0,0
60.934067,60.891262,121,255,255,255,192,14,66,187,1,0,0,0,0,0,0,0
61.153847,61.131626,121,255,255,255,191,15,63,187,129,0,0,0,0,0,0,0
61.428570,61.397621,121,255,255,255,192,15,64,187,129,0,0,0,0,0,0,0
61.648350,61.610596,121,255,255,255,192,14,63,187,129,0,0,0,0,0,0,0
61.923077,61.877865,122,255,255,255,192,15,68,187,129,0,0,0,0,0,0,0
62.142857,62.118435,121,255,255,255,192,14,70,187,1,0,0,0,0,0,0,0
62.362637,62.330929,121,255,255,255,192,14,67,187,129,0,0,0,0,0,0,0
62.637363,62.598343,121,255,255,255,192,12,71,187,1,0,0,0,0,0,0,0
62.857143,62.811314,121,255,255,255,191,14,75,187,129,0,0,0,0,0,0,0
63.076923,63.050426,122,255,255,255,192,15,71,187,1,0,0,0,0,0,0,0
63.351650,63.317913,121,255,255,255,193,14,71,188,1,0,0,0,0,0,0,0
63.571430,63.530029,120,255,255,255,191,14,73,186,129,0,0,0,0,0,0,0
63.846153,63.798691,121,255,255,255,192,15,75,187,1,0,0,0,0,0,0,0
64.065933,64.035942,121,255,255,255,192,14,70,187,129,0,0,0,0,0,0,0
64.285713,64.248848,122,255,255,255,192,14,69,187,129,0,0,0,0,0,0,0
64.560440,64.516365,121,255,255,255,192,14,68,187,1,0,0,0,0,0,0,0
64.780220,64.756531,121,255,255,255,192,14,66,187,129,0,0,0,0,0,0,0
65.000000,64.967644,121,255,255,255,191,13,66,187,129,0,0,0,0,0,0,0
65.274727,65.235603,121,255,255,255,192,11,60,188,129,0,0,0,0,0,0,0
65.494507,65.448303,121,255,255,255,192,14,61,187,129,0,0,0,0,0,0,0
65.714287,65.686852,122,255,255,255,192,14,60,187,1,0,0,0,0,0,0,0
65.989014,65.953743,121,255,255,255,191,12,65,186,129,0,0,0,0,0,0,0
66.208794,66.167908,121,255,255,255,192,12,57,187,1,0,0,0,0,0,0,0
66.483513,66.436417,121,255,255,255,191,13,57,187,129,0,0,0,0,0,0,0
66.703300,66.675011,122,255,255,255,192,13,59,188,129,0,0,0,0,0,0,0
66.923080,66.887718,121,255,255,255,192,14,60,188,1,0,0,0,0,0,0,0
67.197800,67.155495,122,255,255,255,193,16,56,187,129,0,0,0,0,0,0,0
67.417580,67.393005,122,255,255,255,192,13,61,188,1,0,0,0,0,0,0,0
67.637360,67.606590,121,255,255,255,191,12,66,188,1,0,0,0,0,0,0,0
67.912086,67.874016,121,255,255,255,192,14,61,187,129,0,0,0,0,0,0,0
68.131866,68.085670,121,255,255,255,191,15,70,187,1,0,0,0,0,0,0,0
68.351646,68.325203,121,255,255,255,192,14,65,188,129,0,0,0,0,0,0,0
68.626373,68.593864,121,255,255,255,192,14,70,186,1,0,0,0,0,0,0,0
68.846153,68.804276,121,255,255,255,191,15,70,187,1,0,0,0,0,0,0,0
69.120880,69.072006,120,255,255,255,192,12,70,187,129,0,0,0,0,0,0,0
69.340660,69.311806,121,255,255,255,192,14,69,187,1,0,0,0,0,0,0,0
69.560440,69.523254,121,255,255,255,191,15,69,187,129,0,0,0,0,0,0,0
69.835167,69.790466,121,255,255,255,192,13,69,186,129,0,0,0,0,0,0,0
70.054947,70.029747,121,255,255,255,192,14,69,187,1,0,0,0,0,0,0,0
70.274727,70.241974,122,255,255,255,192,14,64,187,129,0,0,0,0,0,0,0
70.549454,70.509911,121,255,255,255,191,13,62,188,1,0,0,0,0,0,0,0
70.769234,70.722710,122,255,255,255,192,14,66,188,129,0,0,0,0,0,0,0
70.989014,70.963547,121,255,255,255,192,14,64,186,1,0,0,0,0,0,0,0
71.263733,71.231224,121,255,255,255,192,15,63,187,1,0,0,0,0,0,0,0
71.483513,71.443977,121,255,255,255,191,13,61,186,129,0,0,0,0,0,0,0
71.758240,71.711761,121,255,255,255,191,14,64,188,1,0,0,0,0,0,0,0
71.978020,71.951454,121,255,255,255,192,12,67,187,1,0,0,0,0,0,0,0
72.197800,72.163635,121,255,255,255,192,15,66,186,129,0,0,0,0,0,0,0
72.472527,72.431259,122,255,255,255,191,14,62,187,1,0,0,0,0,0,0,0
72.692307,72.642921,121,255,255,255,192,16,59,188,129,0,0,0,0,0,0,0
72.912086,72.881264,121,255,255,255,193,14,64,187,129,0,0,0,0,0,0,0
73.186813,73.149582,121,255,255,255,192,15,64,186,129,0,0,0,0,0,0,0
73.406593,73.361137,121,255,255,255,192,14,61,187,129,0,0,0,0,0,0,0
73.626373,73.601379,121,255,255,255,192,11,61,186,1,0,0,0,0,0,0,0
73.901100,73.870094,121,255,255,255,192,14,61,187,129,0,0,0,0,0,0,0
74.120880,74.081543,121,255,255,255,191,13,63,188,1,0,0,0,0,0,0,0
74.395607,74.347099,122,255,255,255,191,15,64,188,129,0,0,0,0,0,0,0
74.615387,74.588661,121,255,255,255,192,15,67,187,129,0,0,0,0,0,0,0
74.835167,74.800735,121,255,255,255,192,15,66,187,1,0,0,0,0,0,0,0
75.109894,75.068207,122,255,255,255,192,12,63,187,129,0,0,0,0,0,0,0
75.329674,75.281578,121,255,255,255,192,13,65,187,1,0,0,0,0,0,0,0
75.549454,75.520439,121,255,255,255,192,12,63,187,1,0,0,0,0,0,0,0
75.824173,75.787079,121,255,255,255,192,12,63,187,1,0,0,0,0,0,0,0
76.043953,75.997337,121,255,255,255,192,14,63,187,1,0,0,0,0,0,0,0
76.263733,76.237396,121,255,255,255,192,13,68,187,129,0,0,0,0,0,0,0
76.538460,76.504494,121,255,255,255,192,15,65,187,1,0,0,0,0,0,0,0
76.758240,76.715111,121,255,255,255,192,15,65,187,1,0,0,0,0,0,0,0
77.032967,76.981857,121,255,255,255,192,15,59,187,129,0,0,0,0,0,0,0
77.252747,77.221703,121,255,255,255,192,12,59,186,1,0,0,0,0,0,0,0
77.472527,77.434654,121,255,255,255,191,13,64,187,129,0,0,0,0,0,0,0
77.747253,77.700989,121,255,255,255,192,14,64,186,1,0,0,0,0,0,0,0
77.967033,77.940262,122,255,255,255,192,15,64,187,1,0,0,0,0,0,0,0
78.186813,78.152245,121,255,255,255,191,14,68,188,129,0,0,0,0,0,0,0
78.461540,78.419762,121,255,255,255,192,14,71,187,1,0,0,0,0,0,0,0
78.681320,78.631157,122,255,255,255,192,13,70,187,129,0,0,0,0,0,0,0
78.901100,78.870331,121,255,255,255,192,13,68,188,129,0,0,0,0,0,0,0
79.175827,79.137802,121,255,255,255,192,13,70,187,1,0,0,0,0,0,0,0
79.395607,79.350296,121,255,255,255,191,16,74,186,129,0,0,0,0,0,0,0
79.670326,79.618927,121,255,255,255,192,15,74,188,1,0,0,0,0,0,0,0
79.890106,79.857140,121,255,255,255,192,15,68,186,129,0,0,0,0,0,0,0
80.109894,80.070084,121,255,255,255,191,13,69,188,1,0,0,0,0,0,0,0
80.384613,80.336800,121,255,255,255,192,14,71,187,1,0,0,0,0,0,0,0
80.604393,80.577789,122,255,255,255,192,14,70,188,129,0,0,0,0,0,0,0
80.824173,80.791000,121,255,255,255,192,16,66,188,1,0,0,0,0,0,0,0
81.098900,81.058159,121,255,255,255,193,11,63,188,1,0,0,0,0,0,0,0
81.318680,81.271324,121,255,255,255,192,14,65,186,1,0,0,0,0,0,0,0
81.538460,81.511024,121,255,255,255,192,14,64,187,1,0,0,0,0,0,0,0
81.813187,81.779060,122,255,255,255,192,12,65,188,129,0,0,0,0,0,0,0
82.032967,81.991653,122,255,255,255,192,14,65,188,1,0,0,0,0,0,0,0
82.307693,82.259079,121,255,255,255,192,15,64,187,129,0,0,0,0,0,0,0
82.527473,82.497574,121,255,255,255,192,15,68,186,129,0,0,0,0,0,0,0
82.747253,82.708199,121,255,255,255,193,15,64,187,1,0,0,0,0,0,0,0
83.021980,82.977219,121,255,255,255,191,13,63,188,129,0,0,0,0,0,0,0
83.241760,83.190285,122,255,255,255,191,14,65,187,1,0,0,0,0,0,0,0
83.461540,83.428314,121,255,255,255,192,14,61,187,129,0,0,0,0,0,0,0
83.736267,83.696564,122,255,255,255,192,13,65,188,129,0,0,0,0,0,0,0
83.956047,83.911446,122,255,255,255,192,14,63,187,1,0,0,0,0,0,0,0
84.230766,84.179626,121,255,255,255,193,14,67,187,129,0,0,0,0,0,0,0
84.450546,84.418968,121,255,255,255,192,14,67,187,1,0,0,0,0,0,0,0
84.670326,84.630814,122,255,255,255,192,12,63,188,129,0,0,0,0,0,0,0
84.945053,84.898102,122,255,255,255,192,13,66,187,129,0,0,0,0,0,0,0
85.164833,85.112358,121,255,255,255,192,13,65,187,1,0,0,0,0,0,0,0
85.384613,85.351372,121,255,255,255,192,14,66,187,129,0,0,0,0,0,0,0
85.659340,85.618629,122,255,255,255,191,14,63,188,1,0,0,0,0,0,0,0
85.879120,85.831177,122,255,255,255,193,14,69,187,1,0,0,0,0,0,0,0
86.153847,86.099236,121,255,255,255,192,14,67,188,129,0,0,0,0,0,0,0
86.373627,86.338470,121,255,255,255,192,14,64,187,1,0,0,0,0,0,0,0
86.593407,86.551384,122,255,255,255,191,13,68,187,129,0,0,0,0,0,0,0
86.868134,86.818306,121,255,255,255,192,15,70,186,1,0,0,0,0,0,0,0
87.087914,87.058411,122,255,255,255,192,14,64,188,1,0,0,0,0,0,0,0
87.307693,87.270233,122,255,255,255,192,14,62,188,129,0,0,0,0,0,0,0
87.582420,87.537384,121,255,255,255,191,15,64,187,1,0,0,0,0,0,0,0
87.802200,87.750397,121,255,255,255,193,13,64,187,129,0,0,0,0,0,0,0
88.021980,87.989731,122,255,255,255,192,13,63,188,1,0,0,0,0,0,0,0
88.296700,88.255531,122,255,255,255,192,13,65,186,1,0,0,0,0,0,0,0
88.516487,88.467079,121,255,255,255,192,14,62,187,129,0,0,0,0,0,0,0
88.791206,88.735191,121,255,255,255,192,14,64,186,1,0,0,0,0,0,0,0
89.010986,88.974609,122,255,255,255,192,13,68,188,129,0,0,0,0,0,0,0
89.230766,89.188972,122,255,255,255,191,15,68,187,129,0,0,0,0,0,0,0
89.505493,89.455826,121,255,255,255,191,14,67,188,1,0,0,0,0,0,0,0
89.725273,89.669144,121,255,255,255,192,14,70,187,129,0,0,0,0,0,0,0
89.945053,89.908211,121,255,255,255,192,13,70,187,1,0,0,0,0,0,0,0
90.219780,90.175842,122,255,255,255,192,13,70,187,129,0,0,0,0,0,0,0
90.439560,90.386978,121,255,255,255,192,15,69,187,129,0,0,0,0,0,0,0
90.659340,90.626617,121,255,255,255,191,15,68,187,1,0,0,0,0,0,0,0
90.934067,90.894005,122,255,255,255,192,15,68,187,129,0,0,0,0,0,0,0
91.153847,91.106735,121,255,255,255,191,14,68,186,1,0,0,0,0,0,0,0
91.428574,91.373787,121,255,255,255,192,15,68,187,1,0,0,0,0,0,0,0
91.648354,91.613426,121,255,255,255,191,15,66,187,129,0,0,0,0,0,0,0
91.868134,91.825966,121,255,255,255,192,15,66,187,1,0,0,0,0,0,0,0
92.142860,92.093697,121,255,255,255,192,14,65,188,129,0,0,0,0,0,0,0
92.362640,92.305687,121,255,255,255,191,14,67,187,1,0,0,0,0,0,0,0
92.582420,92.545990,121,255,255,255,192,15,72,186,129,0,0,0,0,0,0,0
92.857140,92.813423,121,255,255,255,191,12,72,187,129,0,0,0,0,0,0,0
93.076920,93.024361,121,255,255,255,192,15,63,186,1,0,0,0,0,0,0,0
93.296700,93.264709,121,255,255,255,192,15,66,187,129,0,0,0,0,0,0,0
93.571426,93.533218,121,255,255,255,192,14,62,188,1,0,0,0,0,0,0,0
93.791206,93.745346,122,255,255,255,192,13,65,186,129,0,0,0,0,0,0,0
94.065933,94.012657,121,255,255,255,193,14,69,187,129,0,0,0,0,0,0,0
94.285713,94.253387,121,255,255,255,193,14,68,186,1,0,0,0,0,0,0,0
94.505493,94.465355,121,255,254,255,192,16,58,188,129,0,0,0,0,0,0,0
94.780220,94.731537,121,255,254,255,192,14,61,187,1,0,0,0,0,0,0,0
95.000000,94.943451,121,255,254,255,191,15,59,187,129,0,0,0,0,0,0,0
95.219780,95.182472,121,255,254,255,192,13,65,187,129,0,0,0,0,0,0,0
95.494507,95.450211,121,255,254,255,192,14,60,187,1,0,0,0,0,0,0,0
95.714287,95.661385,121,255,254,255,192,14,64,187,129,0,0,0,0,0,0,0
95.934067,95.900566,121,255,254,255,192,15,63,187,1,0,0,0,0,0,0,0
96.208794,96.166893,122,255,254,255,192,14,64,186,1,0,0,0,0,0,0,0
96.428574,96.378700,121,255,254,255,191,15,67,187,129,0,0,0,0,0,0,0
96.703300,96.646378,121,255,254,255,192,15,64,187,1,0,0,0,0,0,0,0
96.923080,96.886131,121,255,254,255,191,15,62,186,129,0,0,0,0,0,0,0
97.142860,97.098511,121,255,254,255,192,15,62,186,129,0,0,0,0,0,0,0
97.417580,97.365150,121,255,254,255,192,16,63,187,129,0,0,0,0,0,0,0
97.637360,97.579041,121,255,254,255,192,14,68,187,129,0,0,0,0,0,0,0
97.857140,97.819305,121,255,254,255,192,15,70,187,1,0,0,0,0,0,0,0
98.131866,98.087616,121,255,253,255,192,14,67,187,129,0,0,0,0,0,0,0
98.351646,98.300362,121,255,253,255,191,16,62,188,1,0,0,0,0,0,0,0
98.626373,98.566551,121,255,253,255,192,13,59,187,1,0,0,0,0,0,0,0
98.846153,98.806587,121,255,253,255,192,14,58,186,129,0,0,0,0,0,0,0
99.065933,99.018707,121,255,253,255,192,15,58,188,1,0,0,0,0,0,0,0
99.340660,99.284882,121,255,253,255,192,14,58,187,129,0,0,0,0,0,0,0
99.560440,99.526192,122,255,253,255,192,13,60,188,1,0,0,0,0,0,0,0
99.780220,99.737724,121,255,253,255,192,13,59,187,1,0,0,0,0,0,0,0
100.054947,100.005524,121,255,253,255,192,13,61,187,129,0,0,0,0,0,0,0
100.274727,100.218117,121,255,253,255,192,15,61,187,1,0,0,0,0,0,0,0
100.494507,100.458122,121,255,253,255,192,14,61,187,129,0,0,0,0,0,0,0
100.769234,100.723984,121,255,253,255,191,14,64,187,129,0,0,0,0,0,0,0
100.989014,100.936844,121,255,253,255,192,15,62,187,1,0,0,0,0,0,0,0
101.263733,101.203896,121,255,253,255,192,16,55,186,129,0,0,0,0,0,0,0
101.483513,101.444374,121,255,253,255,192,13,60,186,1,0,0,0,0,0,0,0
101.703300,101.658264,121,255,253,255,192,14,63,187,129,0,0,0,0,0,0,0
101.978020,101.926300,121,255,253,255,192,14,65,187,129,0,0,0,0,0,0,0
102.197800,102.137383,121,255,253,255,192,14,65,187,129,0,0,0,0,0,0,0
102.417580,102.374794,121,255,253,255,192,13,64,187,129,0,0,0,0,0,0,0
102.692307,102.642738,121,255,253,255,192,13,64,188,1,0,0,0,0,0,0,0
102.912086,102.854462,121,255,253,255,192,15,62,187,1,0,0,0,0,0,0,0
103.131866,103.094398,121,255,253,255,192,14,59,187,129,0,0,0,0,0,0,0
103.406593,103.361397,121,255,253,255,193,15,62,188,1,0,0,0,0,0,0,0
103.626373,103.574402,121,255,253,255,192,15,60,188,129,0,0,0,0,0,0,0
103.901100,103.841614,121,255,253,255,192,14,61,187,129,0,0,0,0,0,0,0
104.120880,104.082451,121,255,253,255,192,14,58,187,1,0,0,0,0,0,0,0
104.340660,104.294380,121,255,253,255,192,14,58,187,129,0,0,0,0,0,0,0
104.615387,104.561058,121,255,253,255,191,15,57,187,1,0,0,0,0,0,0,0
104.835167,104.773979,121,255,253,255,191,13,59,187,129,0,0,0,0,0,0,0
105.054947,105.013000,121,255,253,255,192,12,55,187,1,0,0,0,0,0,0,0
105.329674,105.279831,121,255,253,255,191,14,60,188,129,0,0,0,0,0,0,0
105.549454,105.491982,121,255,253,255,192,14,59,187,129,0,0,0,0,0,0,0
105.824173,105.767296,122,255,254,255,193,14,61,187,1,0,0,0,0,0,0,0
106.043953,106.006706,121,255,253,255,192,15,64,186,129,0,0,0,0,0,0,0
106.263733,106.219460,121,255,254,255,192,14,63,186,1,0,0,0,0,0,0,0
106.538460,106.487450,121,255,254,255,191,13,66,186,129,0,0,0,0,0,0,0
106.758240,106.699783,121,255,254,255,192,13,65,186,129,0,0,0,0,0,0,0
106.978020,106.938393,121,255,254,255,192,15,62,187,1,0,0,0,0,0,0,0
107.252747,107.206017,121,255,254,255,192,16,70,187,129,0,0,0,0,0,0,0
107.472527,107.418350,121,255,254,255,192,14,66,187,1,0,0,0,0,0,0,0
107.747253,107.685608,121,255,254,255,192,14,64,187,1,0,0,0,0,0,0,0
107.967033,107.924942,121,255,254,255,192,15,66,187,129,0,0,0,0,0,0,0
108.186813,108.137589,121,255,255,255,192,14,66,187,1,0,0,0,0,0,0,0
108.461540,108.405579,121,255,254,255,192,15,65,187,129,0,0,0,0,0,0,0
108.681320,108.644600,121,255,254,255,192,15,65,187,129,0,0,0,0,0,0,0
108.901100,108.856720,121,255,255,255,191,15,66,187,1,0,0,0,0,0,0,0
109.175827,109.123520,121,255,255,255,192,14,66,187,129,0,0,0,0,0,0,0
109.395607,109.336319,121,255,255,255,192,13,64,187,1,0,0,0,0,0,0,0
109.615387,109.575645,121,255,255,255,192,14,63,188,129,0,0,0,0,0,0,0
109.890106,109.841660,121,255,255,255,192,13,60,186,129,0,0,0,0,0,0,0
110.109894,110.055351,121,255,255,255,192,13,66,187,1,0,0,0,0,0,0,0
110.384613,110.323708,121,255,255,255,193,15,65,186,129,0,0,0,0,0,0,0
110.604393,110.562660,120,255,255,255,193,14,63,187,1,0,0,0,0,0,0,0
110.824173,110.774849,121,255,255,255,191,15,60,187,129,0,0,0,0,0,0,0
111.098900,111.040863,122,255,255,255,191,15,60,187,129,0,0,0,0,0,0,0
111.318680,111.280914,121,255,255,255,192,15,67,187,1,0,0,0,0,0,0,0
111.538460,111.492371,121,255,255,255,192,15,65,186,129,0,0,0,0,0,0,0
111.813187,111.759674,121,255,255,255,192,15,62,187,1,0,0,0,0,0,0,0
112.032967,111.973625,121,255,255,255,192,15,67,187,129,0,0,0,0,0,0,0
112.252747,112.212067,121,255,255,255,192,12,66,186,129,0,0,0,0,0,0,0
112.527473,112.478088,121,255,255,255,192,14,68,187,1,0,0,0,0,0,0,0
112.747253,112.691620,121,255,255,255,192,13,70,186,129,0,0,0,0,0,0,0
113.021980,112.958054,121,255,255,255,192,14,63,187,1,0,0,0,0,0,0,0
113.241760,113.198318,121,255,255,255,192,15,65,187,129,0,0,0,0,0,0,0
113.461540,113.410637,121,255,255,255,191,16,66,186,129,0,0,0,0,0,0,0
113.736267,113.677803,121,255,255,255,192,15,60,187,1,0,0,0,0,0,0,0
113.956047,113.891136,121,255,255,255,193,15,60,187,129,0,0,0,0,0,0,0
114.175827,114.134720,121,255,255,255,192,15,63,187,1,0,0,0,0,0,0,0
114.450546,114.404007,121,255,255,255,191,13,69,186,129,0,0,0,0,0,0,0
114.670326,114.615097,121,255,255,255,192,14,67,186,1,0,0,0,0,0,0,0
114.945053,114.881531,122,255,255,255,192,15,67,188,1,0,0,0,0,0,0,0
115.164833,115.121117,121,255,255,255,192,13,70,187,129,0,0,0,0,0,0,0
115.384613,115.333046,121,255,255,255,192,13,73,186,129,0,0,0,0,0,0,0
115.659340,115.598854,121,255,255,255,192,15,75,187,129,0,0,0,0,0,0,0
115.879120,115.838745,122,255,255,255,191,16,70,187,129,0,0,0,0,0,0,0
116.098900,116.051491,122,255,255,255,191,14,70,187,1,0,0,0,0,0,0,0
116.373627,116.318344,121,255,255,255,191,14,73,186,129,0,0,0,0,0,0,0
116.593407,116.528442,121,255,255,255,192,16,73,187,129,0,0,0,0,0,0,0
116.813187,116.767982,121,255,255,255,192,16,70,187,1,0,0,0,0,0,0,0
117.087914,117.035706,121,255,255,255,191,16,61,187,129,0,0,0,0,0,0,0
117.307693,117.246529,121,255,255,255,192,14,58,187,1,0,0,0,0,0,0,0
117.527473,117.486382,121,255,255,255,191,16,60,187,129,0,0,0,0,0,0,0
117.802200,117.752762,122,255,255,255,192,14,63,187,1,0,0,0,0,0,0,0
118.021980,117.965408,121,255,255,255,192,15,59,188,1,0,0,0,0,0,0,0
118.296700,118.232544,121,255,255,255,192,14,59,186,129,0,0,0,0,0,0,0
118.516487,118.473869,121,255,255,255,193,14,58,187,1,0,0,0,0,0,0,0
118.736267,118.686150,122,255,255,255,192,15,65,188,129,0,0,0,0,0,0,0
119.010986,118.953568,121,255,255,255,192,15,69,186,129,0,0,0,0,0,0,0
119.230766,119.165741,121,255,255,255,192,15,64,187,1,0,0,0,0,0,0,0
119.450546,119.405861,121,255,255,255,191,15,72,186,129,0,0,0,0,0,0,0
119.725273,119.673584,121,255,255,255,192,14,67,187,1,0,0,0,0,0,0,0
119.945053,119.883476,121,255,255,255,192,15,65,187,1,0,0,0,0,0,0,0
120.164833,120.123329,121,255,255,255,192,15,70,186,129,0,0,0,0,0,0,0
120.439560,120.390488,121,255,255,255,191,16,73,186,1,0,0,0,0,0,0,0
120.659340,120.603806,121,255,255,255,192,14,73,187,129,0,0,0,0,0,0,0
120.934067,120.870544,121,255,255,255,193,15,75,186,1,0,0,0,0,0,0,0
121.153847,121.109932,121,255,255,255,192,14,74,187,129,0,0,0,0,0,0,0
121.373627,121.322525,121,255,255,255,192,14,80,186,129,0,0,0,0,0,0,0
121.648354,121.590668,121,255,255,255,192,14,74,186,1,0,0,0,0,0,0,0
121.868134,121.802383,121,255,255,255,192,14,73,186,129,0,0,0,0,0,0,0
122.087914,122.041969,121,255,255,255,192,14,71,186,129,0,0,0,0,0,0,0
122.362640,122.310638,121,255,255,255,192,14,69,186,1,0,0,0,0,0,0,0
122.582420,122.524010,121,255,255,255,192,16,71,186,129,0,0,0,0,0,0,0
122.857140,122.791740,122,255,255,255,192,14,72,187,1,0,0,0,0,0,0,0
123.076920,123.031189,121,255,255,255,192,13,67,188,129,0,0,0,0,0,0,0
123.296700,123.243050,121,255,255,255,192,14,65,186,1,0,0,0,0,0,0,0
123.571426,123.508995,121,255,255,255,192,16,61,187,1,0,0,0,0,0,0,0
123.791206,123.749168,120,255,255,255,192,15,66,186,129,0,0,0,0,0,0,0
124.010986,123.961967,121,255,255,255,192,16,68,187,1,0,0,0,0,0,0,0
124.285713,124.228554,121,255,255,255,192,15,67,186,1,0,0,0,0,0,0,0
124.505493,124.441933,121,255,255,255,191,15,66,187,129,0,0,0,0,0,0,0
124.725273,124.682610,121,255,255,255,192,13,66,187,1,0,0,0,0,0,0,0
125.000000,124.950699,121,255,255,255,191,16,68,186,129,0,0,0,0,0,0,0
125.219780,125.163399,121,255,255,255,192,16,73,186,1,0,0,0,0,0,0,0
125.494507,125.430923,121,255,255,255,191,16,74,187,129,0,0,0,0,0,0,0
125.714287,125.671654,121,255,255,255,192,15,74,187,129,0,0,0,0,0,0,0
125.934067,125.883003,121,255,255,255,191,15,74,186,1,0,0,0,0,0,0,0
126.208794,126.150314,121,255,255,255,192,14,77,187,129,0,0,0,0,0,0,0
126.428574,126.362549,121,255,255,255,192,16,74,186,129,0,0,0,0,0,0,0
126.648354,126.603539,121,255,255,255,191,14,72,186,1,0,0,0,0,0,0,0
126.923080,126.871475,120,255,255,255,192,15,67,186,129,0,0,0,0,0,0,0
127.142860,127.084282,121,255,255,255,192,14,66,187,129,0,0,0,0,0,0,0
127.417580,127.353027,121,255,255,255,193,15,66,186,129,0,0,0,0,0,0,0
127.637360,127.592484,121,255,255,255,192,16,66,186,129,0,0,0,0,0,0,0
127.857140,127.803673,121,255,255,255,192,14,64,187,1,0,0,0,0,0,0,0
128.131866,128.070786,121,255,255,255,192,13,58,187,129,0,0,0,0,0,0,0
128.351654,128.284149,121,255,255,255,192,14,60,187,1,0,0,0,0,0,0,0
128.571426,128.522141,122,255,255,255,192,14,59,187,129,0,0,0,0,0,0,0
128.846161,128.790695,121,255,255,255,192,14,58,187,129,0,0,0,0,0,0,0
129.065933,129.003860,121,255,255,255,192,15,57,187,1,0,0,0,0,0,0,0
129.340652,129.271286,121,255,255,255,192,15,62,187,129,0,0,0,0,0,0,0
129.560440,129.510300,121,255,255,255,192,14,63,187,1,0,0,0,0,0,0,0
129.780212,129.722321,121,255,255,255,192,13,64,187,1,0,0,0,0,0,0,0
130.054947,129.989685,121,255,255,255,192,15,67,187,129,0,0,0,0,0,0,0
130.274719,130.228699,121,255,255,255,192,15,69,188,1,0,0,0,0,0,0,0
130.494507,130.440613,121,255,255,255,192,15,67,186,129,0,0,0,0,0,0,0
130.769226,130.707870,121,255,255,255,192,14,66,187,129,0,0,0,0,0,0,0
130.989014,130.922089,121,255,255,255,192,14,67,186,1,0,0,0,0,0,0,0
131.208786,131.162613,121,255,255,255,192,14,72,186,129,0,0,0,0,0,0,0
131.483521,131.430557,121,255,255,255,192,16,74,188,1,0,0,0,0,0,0,0
131.703293,131.643723,121,255,255,255,192,14,71,186,129,0,0,0,0,0,0,0
131.978027,131.911453,121,255,255,255,192,16,65,187,129,0,0,0,0,0,0,0
132.197800,132.151932,121,255,255,255,192,14,64,187,1,0,0,0,0,0,0,0
132.417587,132.363373,122,255,254,255,193,15,63,187,129,0,0,0,0,0,0,0
132.692307,132.630112,122,255,254,255,192,13,63,187,129,0,0,0,0,0,0,0
132.912094,132.842758,122,255,254,255,191,16,61,187,129,0,0,0,0,0,0,0
133.131866,133.080948,121,255,254,255,192,14,60,187,129,0,0,0,0,0,0,0
133.406601,133.348282,121,255,254,255,192,15,58,187,1,0,0,0,0,0,0,0
133.626373,133.560287,121,255,254,255,192,14,60,187,129,0,0,0,0,0,0,0
133.901093,133.829117,121,255,254,255,192,16,61,187,1,0,0,0,0,0,0,0
134.120880,134.067490,121,255,254,255,192,16,60,187,1,0,0,0,0,0,0,0
134.340652,134.279617,121,255,254,255,192,15,55,187,129,0,0,0,0,0,0,0
134.615387,134.548920,122,255,254,255,192,15,53,186,1,0,0,0,0,0,0,0
134.835159,134.763123,121,255,254,255,192,15,56,187,129,0,0,0,0,0,0,0
135.054947,135.003021,121,255,253,255,192,13,60,187,1,0,0,0,0,0,0,0
135.329666,135.269547,122,255,254,255,191,15,60,187,1,0,0,0,0,0,0,0
135.549454,135.482193,121,255,254,255,192,14,66,187,129,0,0,0,0,0,0,0
135.769226,135.721008,121,255,254,255,192,14,66,187,129,0,0,0,0,0,0,0
136.043961,135.989319,121,255,254,255,192,15,65,187,1,0,0,0,0,0,0,0
136.263733,136.202225,121,255,253,255,193,15,65,187,129,0,0,0,0,0,0,0
136.538467,136.468857,121,255,253,255,192,15,67,188,1,0,0,0,0,0,0,0
136.758240,136.709122,121,255,253,255,193,14,71,186,129,0,0,0,0,0,0,0
136.978027,136.921204,121,255,253,255,192,16,63,187,1,0,0,0,0,0,0,0
137.252747,137.188461,121,255,254,255,192,16,63,186,1,0,0,0,0,0,0,0
137.472534,137.400330,121,255,253,255,192,15,66,187,129,0,0,0,0,0,0,0
137.692307,137.640381,121,255,253,255,192,16,63,187,1,0,0,0,0,0,0,0
137.967026,137.908691,121,255,253,255,192,14,65,187,129,0,0,0,0,0,0,0
138.186813,138.121445,121,255,253,255,192,16,65,186,1,0,0,0,0,0,0,0
138.461533,138.387924,121,255,253,255,193,15,63,187,1,0,0,0,0,0,0,0
138.681320,138.627869,121,255,253,255,191,15,65,187,129,0,0,0,0,0,0,0
138.901093,138.840927,121,255,253,255,192,14,62,187,1,0,0,0,0,0,0,0
139.175827,139.108917,121,255,253,255,192,14,60,186,129,0,0,0,0,0,0,0
139.395599,139.321274,122,255,253,255,192,16,64,187,1,0,0,0,0,0,0,0
139.615387,139.559967,121,255,253,255,193,14,62,186,1,0,0,0,0,0,0,0
139.890106,139.827591,121,255,253,255,193,15,60,187,129,0,0,0,0,0,0,0
140.109894,140.039047,121,255,253,255,192,14,63,186,1,0,0,0,0,0,0,0
140.329666,140.278824,121,255,253,255,192,14,63,187,129,0,0,0,0,0,0,0
140.604401,140.545731,121,255,253,255,192,15,64,187,129,0,0,0,0,0,0,0
140.824173,140.758636,120,255,253,255,192,15,60,187,1,0,0,0,0,0,0,0
141.098907,141.025635,121,255,253,255,192,15,58,186,129,0,0,0,0,0,0,0
141.318680,141.265961,121,255,253,255,192,16,60,186,1,0,0,0,0,0,0,0
141.538467,141.478989,121,255,253,255,191,17,57,186,129,0,0,0,0,0,0,0
141.813187,141.744934,121,255,253,255,193,13,59,186,129,0,0,0,0,0,0,0
142.032974,141.957306,121,255,253,255,193,15,59,187,1,0,0,0,0,0,0,0
142.252747,142.196381,121,255,252,255,191,16,55,186,129,0,0,0,0,0,0,0
142.527466,142.462769,122,255,252,255,192,14,58,187,1,0,0,0,0,0,0,0
142.747253,142.674850,121,255,253,255,192,16,60,187,1,0,0,0,0,0,0,0
142.967026,142.913864,121,255,252,255,191,14,55,188,129,0,0,0,0,0,0,0
143.241760,143.181961,121,255,253,255,192,15,59,186,1,0,0,0,0,0,0,0
143.461533,143.392670,122,255,252,255,192,15,64,186,129,0,0,0,0,0,0,0
143.736267,143.661804,121,255,252,255,192,17,65,187,1,0,0,0,0,0,0,0
143.956039,143.900452,121,255,253,255,192,16,67,186,1,0,0,0,0,0,0,0
144.175827,144.113998,121,255,252,255,192,15,66,187,129,0,0,0,0,0,0,0
144.450546,144.380783,121,255,252,255,192,14,67,186,1,0,0,0,0,0,0,0
144.670334,144.596344,121,255,252,255,193,16,70,187,129,0,0,0,0,0,0,0
144.890106,144.836502,121,255,252,255,192,15,73,186,1,0,0,0,0,0,0,0
145.164841,145.104340,121,255,252,255,191,14,72,186,1,0,0,0,0,0,0,0
145.384613,145.316315,121,255,252,255,192,15,64,187,129,0,0,0,0,0,0,0
145.659348,145.584396,121,255,252,255,193,14,64,186,1,0,0,0,0,0,0,0
145.879120,145.824768,121,255,252,255,191,15,64,186,129,0,0,0,0,0,0,0
146.098907,146.037369,121,255,252,255,192,16,64,187,1,0,0,0,0,0,0,0
146.373627,146.302597,121,255,252,255,192,15,62,187,1,0,0,0,0,0,0,0
146.593399,146.543015,121,255,252,255,193,14,62,187,129,0,0,0,0,0,0,0
146.813187,146.755203,121,255,252,255,193,13,58,187,1,0,0,0,0,0,0,0
147.087906,147.023346,121,255,252,255,192,16,61,187,129,0,0,0,0,0,0,0
147.307693,147.235413,121,255,252,255,192,14,63,187,129,0,0,0,0,0,0,0
147.582413,147.505203,122,255,251,255,192,14,66,187,1,0,0,0,0,0,0,0
147.802200,147.743423,122,255,252,255,192,15,59,187,129,0,0,0,0,0,0,0
148.021973,147.956573,121,255,252,255,192,16,57,187,1,0,0,0,0,0,0,0
148.296707,148.223175,121,255,251,255,192,14,62,187,1,0,0,0,0,0,0,0
148.516479,148.461502,121,255,251,255,192,14,66,187,129,0,0,0,0,0,0,0
148.736267,148.672913,121,255,251,255,192,14,67,187,1,0,0,0,0,0,0,0
149.010986,148.939697,121,255,251,255,193,13,63,187,129,0,0,0,0,0,0,0
149.230774,149.177841,121,255,251,255,192,15,66,186,129,0,0,0,0,0,0,0
149.450546,149.389496,121,255,251,255,191,15,66,187,1,0,0,0,0,0,0,0
149.725281,149.656387,121,255,251,255,192,14,66,186,129,0,0,0,0,0,0,0
149.945053,149.869141,121,255,251,255,192,16,67,186,1,0,0,0,0,0,0,0
150.164841,150.107117,121,255,251,255,193,13,65,186,129,0,0,0,0,0,0,0
150.439560,150.372559,121,255,251,255,192,16,64,186,129,0,0,0,0,0,0,0
150.659348,150.585526,121,255,251,255,192,15,58,187,129,0,0,0,0,0,0,0
150.879120,150.824432,121,255,250,255,192,13,59,186,129,0,0,0,0,0,0,0
151.153839,151.091904,121,255,250,255,191,15,60,186,1,0,0,0,0,0,0,0
151.373627,151.305222,121,255,250,255,192,13,57,188,129,0,0,0,0,0,0,0
151.648346,151.573425,121,255,250,255,192,16,51,186,1,0,0,0,0,0,0,0
151.868134,151.812241,121,255,250,255,192,14,55,187,129,0,0,0,0,0,0,0
152.087906,152.024261,121,255,250,255,192,15,52,188,129,0,0,0,0,0,0,0
152.362640,152.291840,121,255,249,255,192,14,54,187,1,0,0,0,0,0,0,0
152.582413,152.505417,122,255,249,255,192,15,52,187,129,0,0,0,0,0,0,0
152.802200,152.743027,121,255,249,255,192,14,49,187,129,0,0,0,0,0,0,0
153.076920,153.009918,121,255,249,255,193,15,52,187,1,0,0,0,0,0,0,0
153.296707,153.223251,121,255,249,255,192,13,52,187,129,0,0,0,0,0,0,0
153.516479,153.463715,122,255,249,255,191,14,57,187,1,0,0,0,0,0,0,0
153.791214,153.730988,121,255,249,255,193,16,57,186,129,0,0,0,0,0,0,0
154.010986,153.942490,121,255,249,255,193,12,55,187,129,0,0,0,0,0,0,0
154.285721,154.210464,121,255,249,255,193,12,55,187,1,0,0,0,0,0,0,0
154.505493,154.449020,121,255,249,255,192,13,58,186,129,0,0,0,0,0,0,0
154.725281,154.661407,121,255,248,255,192,15,62,186,1,0,0,0,0,0,0,0
155.000000,154.927628,121,255,248,255,193,13,61,186,1,0,0,0,0,0,0,0
155.219788,155.140411,122,255,248,255,192,14,53,187,129,0,0,0,0,0,0,0
155.439560,155.379456,121,255,248,255,192,14,55,187,1,0,0,0,0,0,0,0
155.714279,155.645828,121,255,248,255,192,14,51,187,129,0,0,0,0,0,0,0
155.934067,155.858673,121,255,247,255,192,14,55,187,1,0,0,0,0,0,0,0
156.153839,156.097488,121,255,247,255,192,15,53,187,1,0,0,0,0,0,0,0
156.428574,156.363876,121,255,247,255,191,15,48,188,129,0,0,0,0,0,0,0
156.648346,156.576675,121,255,247,255,192,15,50,187,1,0,0,0,0,0,0,0
156.923080,156.843933,121,255,247,255,192,16,49,187,129,0,0,0,0,0,0,0
157.142853,157.082489,121,255,246,255,193,14,50,187,129,0,0,0,0,0,0,0
157.362640,157.295700,122,255,246,255,191,15,51,187,1,0,0,0,0,0,0,0
157.637360,157.564117,121,255,246,255,192,15,46,187,129,0,0,0,0,0,0,0
157.857147,157.776962,121,255,246,255,192,14,51,187,1,0,0,0,0,0,0,0
158.076920,158.014267,121,255,246,255,192,14,52,187,1,0,0,0,0,0,0,0
158.351654,158.281479,121,255,246,255,192,15,56,187,1,0,0,0,0,0,0,0
158.571426,158.494797,121,255,245,255,192,16,55,187,1,0,0,0,0,0,0,0
158.791214,158.733704,121,255,245,255,192,15,56,187,129,0,0,0,0,0,0,0
159.065933,159.000610,121,255,245,255,191,15,58,187,1,0,0,0,0,0,0,0
159.285721,159.214340,121,255,245,255,192,14,54,187,129,0,0,0,0,0,0,0
159.560440,159.480057,121,255,245,255,192,14,49,187,129,0,0,0,0,0,0,0
159.780212,159.720154,122,255,245,255,192,12,44,186,1,0,0,0,0,0,0,0
160.000000,159.936264,121,255,244,255,192,15,43,187,129,0,0,0,0,0,0,0
160.274719,160.202454,121,255,244,255,192,16,47,187,129,0,0,0,0,0,0,0
160.494507,160.414841,121,255,244,255,193,13,41,187,1,0,0,0,0,0,0,0
160.714279,160.657639,121,255,244,255,192,14,32,187,1,0,0,0,0,0,0,0
160.989014,160.925537,121,255,244,255,192,13,29,187,1,0,0,0,0,0,0,0
161.208786,161.138184,121,255,243,255,192,14,28,187,129,0,0,0,0,0,0,0
161.483521,161.404984,122,255,243,255,193,14,30,187,1,0,0,0,0,0,0,0
161.703293,161.645874,121,255,243,255,191,13,35,187,129,0,0,0,0,0,0,0
161.923080,161.859055,121,255,243,255,192,14,36,188,129,0,0,0,0,0,0,0
162.197800,162.126770,122,255,243,255,193,14,36,188,1,0,0,0,0,0,0,0
162.417587,162.339264,121,255,243,255,192,13,35,187,129,0,0,0,0,0,0,0
162.637360,162.578583,121,255,243,255,193,15,39,187,1,0,0,0,0,0,0,0
162.912094,162.846527,121,255,243,255,193,15,39,187,1,0,0,0,0,0,0,0
163.131866,163.058182,121,255,243,255,193,14,43,187,129,0,0,0,0,0,0,0
163.406601,163.326218,122,255,242,255,192,14,49,187,1,0,0,0,0,0,0,0
163.626373,163.566086,121,255,242,255,192,14,47,187,129,0,0,0,0,0,0,0
163.846161,163.778824,121,255,242,255,192,14,50,188,129,0,0,0,0,0,0,0
164.120880,164.046402,121,255,242,255,193,16,49,187,129,0,0,0,0,0,0,0
164.340652,164.259827,121,255,242,255,193,13,48,187,129,0,0,0,0,0,0,0
164.560440,164.501297,122,255,242,255,192,14,48,188,1,0,0,0,0,0,0,0
164.835159,164.768646,122,255,242,255,192,14,48,187,129,0,0,0,0,0,0,0
165.054947,164.979950,121,255,241,255,192,12,45,187,1,0,0,0,0,0,0,0
165.329666,165.247314,122,255,241,255,192,14,50,187,1,0,0,0,0,0,0,0
165.549454,165.487366,122,255,241,255,191,13,48,188,129,0,0,0,0,0,0,0
165.769226,165.706467,121,255,242,255,192,14,43,186,1,0,0,0,0,0,0,0
166.043961,165.976120,121,255,241,255,193,13,39,187,129,0,0,0,0,0,0,0
166.263733,166.187820,121,255,241,255,192,14,45,187,1,0,0,0,0,0,0,0
166.538467,166.454117,121,255,241,255,193,14,44,187,1,0,0,0,0,0,0,0
166.758240,166.693390,121,255,241,255,192,14,45,186,129,0,0,0,0,0,0,0
166.978027,166.905502,121,255,241,255,192,14,40,188,1,0,0,0,0,0,0,0
167.252747,167.172043,121,255,241,255,192,15,40,186,129,0,0,0,0,0,0,0
167.472534,167.411011,122,255,240,255,193,16,39,187,1,0,0,0,0,0,0,0
167.692307,167.623917,121,255,240,255,193,14,42,187,1,0,0,0,0,0,0,0
167.967026,167.891602,121,255,240,255,191,15,39,188,129,0,0,0,0,0,0,0
168.186813,168.103455,121,255,240,255,191,12,44,187,1,0,0,0,0,0,0,0
168.406601,168.344666,121,255,240,255,192,12,42,187,129,0,0,0,0,0,0,0
168.681320,168.610825,121,255,240,255,192,15,42,187,129,0,0,0,0,0,0,0
168.901093,168.821762,121,255,240,255,192,14,42,187,1,0,0,0,0,0,0,0
169.120880,169.062500,121,255,239,255,193,16,40,186,129,0,0,0,0,0,0,0
169.395599,169.329544,121,255,239,255,192,15,40,188,1,0,0,0,0,0,0,0
169.615387,169.541458,121,255,239,255,192,14,46,187,129,0,0,0,0,0,0,0
169.890106,169.808060,121,255,239,255,192,16,45,187,129,0,0,0,0,0,0,0
170.109894,170.048309,121,255,239,255,193,16,46,187,1,0,0,0,0,0,0,0
170.329666,170.259598,121,255,239,255,191,15,40,187,129,0,0,0,0,0,0,0
170.604401,170.527405,121,255,239,255,192,14,41,186,1,0,0,0,0,0,0,0
170.824173,170.739334,121,255,239,255,193,13,40,187,1,0,0,0,0,0,0,0
171.043961,170.976974,121,255,239,255,192,13,43,188,129,0,0,0,0,0,0,0
171.318680,171.245224,121,255,238,255,192,14,45,187,1,0,0,0,0,0,0,0
171.538467,171.457718,121,255,239,255,192,14,45,187,1,0,0,0,0,0,0,0
171.758240,171.697876,121,255,239,255,192,14,40,186,129,0,0,0,0,0,0,0
172.032974,171.966751,121,255,238,255,193,15,44,187,1,0,0,0,0,0,0,0
172.252747,172.179657,121,255,238,255,192,14,46,187,129,0,0,0,0,0,0,0
172.527466,172.448318,121,255,238,255,192,15,43,186,1,0,0,0,0,0,0,0
172.747253,172.687805,121,255,238,255,192,14,40,187,129,0,0,0,0,0,0,0
172.967026,172.899200,121,255,238,255,193,16,40,186,129,0,0,0,0,0,0,0
173.241760,173.166626,121,255,238,255,192,15,42,187,1,0,0,0,0,0,0,0
173.461533,173.380051,121,255,237,255,192,14,43,186,129,0,0,0,0,0,0,0
173.736267,173.594391,121,255,238,255,192,14,43,187,1,0,0,0,0,0,0,0
173.956039,173.888107,121,255,238,255,193,14,43,187,1,0,0,0,0,0,0,0
174.175827,174.100479,121,255,237,255,192,13,41,187,129,0,0,0,0,0,0,0
174.450546,174.368683,121,255,237,255,192,15,42,187,1,0,0,0,0,0,0,0
174.670334,174.584717,121,255,237,255,193,14,43,187,129,0,0,0,0,0,0,0
174.890106,174.822784,121,255,237,255,193,14,43,187,1,0,0,0,0,0,0,0
175.164841,175.089996,121,255,237,255,192,13,40,187,129,0,0,0,0,0,0,0
175.384613,175.303894,121,255,237,255,193,14,43,187,129,0,0,0,0,0,0,0
175.604401,175.543747,121,255,237,255,192,13,47,187,1,0,0,0,0,0,0,0
175.879120,175.811264,121,255,237,255,192,15,50,187,129,0,0,0,0,0,0,0
176.098907,176.022324,121,255,237,255,192,14,50,187,129,0,0,0,0,0,0,0
176.373627,176.290710,121,255,237,255,192,14,52,187,1,0,0,0,0,0,0,0
176.593399,176.530396,121,255,237,255,192,14,52,187,129,0,0,0,0,0,0,0
176.813187,176.743195,121,255,236,255,191,14,50,186,1,0,0,0,0,0,0,0
177.087906,177.010773,121,255,236,255,192,15,48,187,129,0,0,0,0,0,0,0
177.307693,177.224609,121,255,236,255,192,13,48,186,1,0,0,0,0,0,0,0
177.527466,177.464218,121,255,236,255,192,13,51,187,1,0,0,0,0,0,0,0
177.802200,177.732300,121,255,236,255,192,14,53,187,129,0,0,0,0,0,0,0
178.021973,177.944382,121,255,236,255,192,14,51,187,1,0,0,0,0,0,0,0
178.296707,178.212570,121,255,236,255,193,14,52,187,129,0,0,0,0,0,0,0
178.516479,178.453934,121,255,235,255,193,14,49,187,1,0,0,0,0,0,0,0
178.736267,178.664505,121,255,235,255,193,14,49,187,1,0,0,0,0,0,0,0
179.010986,178.931610,121,255,235,255,193,14,48,187,129,0,0,0,0,0,0,0
179.230774,179.144821,121,255,235,255,191,14,45,186,1,0,0,0,0,0,0,0
179.450546,179.383423,121,255,235,255,192,13,43,187,1,0,0,0,0,0,0,0
179.725281,179.650070,121,255,235,255,192,13,42,187,1,0,0,0,0,0,0,0
179.945053,179.863220,121,255,235,255,192,15,41,186,1,0,0,0,0,0,0,0
180.219788,180.131729,121,255,234,255,192,15,43,186,129,0,0,0,0,0,0,0
180.439560,180.370651,121,255,234,255,192,13,40,186,1,0,0,0,0,0,0,0
180.659348,180.582977,121,255,234,255,191,14,42,187,129,0,0,0,0,0,0,0
180.934067,180.851089,121,255,234,255,192,12,40,187,129,0,0,0,0,0,0,0
181.153839,181.090729,121,255,234,255,193,14,36,187,1,0,0,0,0,0,0,0
181.373627,181.302689,121,255,233,255,193,14,36,187,1,0,0,0,0,0,0,0
181.648346,181.571625,121,255,233,255,192,14,35,187,1,0,0,0,0,0,0,0
181.868134,181.784790,121,255,233,255,192,14,33,187,129,0,0,0,0,0,0,0
182.087906,182.024841,121,255,233,255,193,12,32,186,129,0,0,0,0,0,0,0
182.362640,182.291901,121,255,233,255,192,12,31,187,1,0,0,0,0,0,0,0
182.582413,182.504440,121,255,233,255,193,12,33,188,129,0,0,0,0,0,0,0
182.857147,182.770889,121,255,233,255,192,15,34,187,1,0,0,0,0,0,0,0
183.076920,183.011124,121,255,232,255,192,13,33,187,1,0,0,0,0,0,0,0
183.296707,183.223831,121,255,233,255,192,13,32,186,129,0,0,0,0,0,0,0
183.571426,183.490372,121,255,233,255,193,12,37,186,1,0,0,0,0,0,0,0
183.791214,183.701294,121,255,232,255,192,14,39,187,129,0,0,0,0,0,0,0
184.010986,183.940842,121,255,232,255,192,14,37,186,1,0,0,0,0,0,0,0
184.285721,184.209595,121,255,233,255,192,15,35,187,129,0,0,0,0,0,0,0
184.505493,184.419907,121,255,232,255,192,14,41,186,129,0,0,0,0,0,0,0
184.725281,184.660583,121,255,233,255,192,12,43,187,1,0,0,0,0,0,0,0
185.000000,184.927551,121,255,233,255,192,15,50,187,129,0,0,0,0,0,0,0
185.219788,185.139725,121,255,233,255,192,14,40,187,1,0,0,0,0,0,0,0
185.494507,185.405228,121,255,233,255,192,14,35,187,1,0,0,0,0,0,0,0
185.714279,185.645111,121,255,233,255,192,15,28,186,129,0,0,0,0,0,0,0
185.934067,185.857910,121,255,232,255,192,13,27,186,1,0,0,0,0,0,0,0
186.208786,186.124756,121,255,233,255,192,14,25,187,129,0,0,0,0,0,0,0
186.428574,186.363464,121,255,232,255,192,13,24,188,129,0,0,0,0,0,0,0
186.648346,186.575546,122,255,232,255,192,14,23,188,129,0,0,0,0,0,0,0
186.923080,186.842697,121,255,232,255,192,12,21,187,129,0,0,0,0,0,0,0
187.142853,187.055344,121,255,232,255,192,14,22,187,1,0,0,0,0,0,0,0
187.362640,187.295761,121,255,231,255,192,12,16,187,129,0,0,0,0,0,0,0
187.637360,187.563492,121,255,232,255,191,12,15,188,1,0,0,0,0,0,0,0
187.857147,187.774841,122,255,232,255,192,12,26,188,1,0,0,0,0,0,0,0
188.131866,188.041840,122,255,232,255,193,13,27,188,129,0,0,0,0,0,0,0
188.351654,188.281952,122,255,232,255,191,12,29,188,1,0,0,0,0,0,0,0
188.571426,188.494492,121,255,232,255,192,15,40,188,129,0,0,0,0,0,0,0
188.846161,188.759735,121,255,232,255,193,12,46,187,129,0,0,0,0,0,0,0
189.065933,188.999893,121,255,232,255,192,14,50,188,1,0,0,0,0,0,0,0
189.285721,189.213623,122,255,232,255,192,12,47,188,129,0,0,0,0,0,0,0
189.560440,189.482071,121,255,232,255,192,15,49,187,1,0,0,0,0,0,0,0
189.780212,189.694153,121,255,232,255,191,13,48,187,129,0,0,0,0,0,0,0
190.000000,189.932144,122,255,232,255,193,14,50,188,129,0,0,0,0,0,0,0
190.274719,190.200287,122,255,232,255,192,14,46,187,1,0,0,0,0,0,0,0
190.494507,190.411942,121,255,232,255,192,13,40,188,129,0,0,0,0,0,0,0
190.769226,190.678421,121,255,232,255,192,14,43,187,1,0,0,0,0,0,0,0
190.989014,190.917542,121,255,232,255,192,11,40,188,1,0,0,0,0,0,0,0
191.208786,191.130096,122,255,232,255,192,12,30,188,129,0,0,0,0,0,0,0
191.483521,191.395737,122,255,232,255,192,13,27,187,1,0,0,0,0,0,0,0
191.703293,191.635895,121,255,232,255,192,14,24,188,129,0,0,0,0,0,0,0
191.923080,191.848404,122,255,232,255,192,14,20,188,1,0,0,0,0,0,0,0
192.197800,192.115494,122,255,232,255,192,14,17,188,1,0,0,0,0,0,0,0
192.417587,192.327621,122,255,232,255,192,14,24,188,129,0,0,0,0,0,0,0
192.637360,192.567429,122,255,232,255,193,13,20,188,1,0,0,0,0,0,0,0
192.912094,192.834015,121,255,233,255,191,10,19,188,1,0,0,0,0,0,0,0
193.131866,193.046860,122,255,232,255,192,11,20,188,129,0,0,0,0,0,0,0
193.406601,193.315735,122,255,232,255,192,13,24,188,1,0,0,0,0,0,0,0
193.626373,193.554916,122,255,232,255,192,14,33,188,129,0,0,0,0,0,0,0
193.846161,193.766220,121,255,232,255,193,12,36,187,129,0,0,0,0,0,0,0
194.120880,194.033524,121,255,233,255,192,11,37,187,1,0,0,0,0,0,0,0
194.340652,194.247116,121,255,232,255,192,14,44,188,129,0,0,0,0,0,0,0
194.560440,194.486740,122,255,232,255,192,14,48,188,1,0,0,0,0,0,0,0
194.835159,194.752548,122,255,233,255,192,12,47,187,129,0,0,0,0,0,0,0
195.054947,194.964981,122,255,233,255,192,13,44,187,129,0,0,0,0,0,0,0
195.274719,195.204880,122,255,233,255,192,13,47,187,1,0,0,0,0,0,0,0
195.549454,195.471786,121,255,233,255,192,13,48,188,129,0,0,0,0,0,0,0
195.769226,195.684433,122,255,233,255,192,12,48,188,1,0,0,0,0,0,0,0
196.043961,195.951950,121,255,233,255,192,12,39,188,129,0,0,0,0,0,0,0
196.263733,196.190872,122,255,233,255,192,11,40,188,129,0,0,0,0,0,0,0
196.483521,196.404083,121,255,233,255,193,13,42,187,1,0,0,0,0,0,0,0
196.758240,196.671661,121,255,233,255,192,13,40,187,129,0,0,0,0,0,0,0
196.978027,196.883926,122,255,233,255,192,13,37,188,1,0,0,0,0,0,0,0
197.197800,197.122864,122,255,233,255,192,13,35,188,1,0,0,0,0,0,0,0
197.472534,197.389801,122,255,233,255,192,14,35,188,129,0,0,0,0,0,0,0
197.692307,197.602661,122,255,233,255,192,12,32,188,1,0,0,0,0,0,0,0
197.912094,197.841583,122,255,234,255,193,14,36,188,129,0,0,0,0,0,0,0
198.186813,198.106812,122,255,234,255,193,14,36,188,129,0,0,0,0,0,0,0
198.406601,198.319412,121,255,234,255,193,14,42,187,1,0,0,0,0,0,0,0
198.681320,198.587906,122,255,233,255,192,13,42,188,129,0,0,0,0,0,0,0
198.901093,198.827820,121,255,233,255,193,12,47,188,1,0,0,0,0,0,0,0
199.120880,199.040253,121,255,234,255,192,13,47,187,129,0,0,0,0,0,0,0
199.395599,199.306061,122,255,234,255,192,14,50,188,1,0,0,0,0,0,0,0
199.615387,199.545700,122,255,234,255,192,15,50,187,1,0,0,0,0,0,0,0
199.835159,199.757889,121,255,234,255,192,14,50,187,129,0,0,0,0,0,0,0
200.109894,200.025925,122,255,234,255,192,14,51,187,1,0,0,0,0,0,0,0
200.329666,200.238358,122,255,234,255,192,13,56,187,129,0,0,0,0,0,0,0
200.549454,200.477737,121,255,234,255,191,15,54,188,129,0,0,0,0,0,0,0
200.824173,200.743286,121,255,234,255,192,14,52,188,1,0,0,0,0,0,0,0
201.043961,200.956558,121,255,234,255,192,14,51,187,129,0,0,0,0,0,0,0
201.318680,201.223969,121,255,234,255,191,15,51,186,1,0,0,0,0,0,0,0
201.538467,201.462738,121,255,234,255,192,15,49,187,129,0,0,0,0,0,0,0
201.758240,201.676422,121,255,235,255,191,15,51,187,1,0,0,0,0,0,0,0
202.032974,201.943832,121,255,234,255,192,14,47,188,1,0,0,0,0,0,0,0
202.252747,202.157074,122,255,235,255,192,16,40,188,129,0,0,0,0,0,0,0
202.472534,202.394928,121,255,235,255,192,15,44,187,1,0,0,0,0,0,0,0
202.747253,202.662811,121,255,235,255,192,15,40,187,129,0,0,0,0,0,0,0
202.967026,202.875671,122,255,235,255,193,14,42,187,129,0,0,0,0,0,0,0
203.186813,203.115097,121,255,235,255,192,13,43,187,1,0,0,0,0,0,0,0
203.461533,203.381897,122,255,235,255,191,14,43,187,129,0,0,0,0,0,0,0
203.681320,203.595123,121,255,236,255,192,12,45,187,1,0,0,0,0,0,0,0
203.956039,203.861832,122,255,236,255,192,14,47,188,129,0,0,0,0,0,0,0
204.175827,204.100616,121,255,236,255,192,15,51,187,129,0,0,0,0,0,0,0
204.395599,204.313156,121,255,236,255,192,14,49,187,1,0,0,0,0,0,0,0
204.670334,204.581451,121,255,236,255,192,14,55,188,129,0,0,0,0,0,0,0
204.890106,204.794250,121,255,237,255,192,15,54,188,1,0,0,0,0,0,0,0
205.109894,205.034058,122,255,237,255,192,13,57,188,129,0,0,0,0,0,0,0
205.384613,205.300797,121,255,237,255,191,15,62,186,129,0,0,0,0,0,0,0
205.604401,205.512512,121,255,237,255,191,16,61,187,1,0,0,0,0,0,0,0
205.879120,205.780975,122,255,237,255,191,14,63,187,129,0,0,0,0,0,0,0
206.098907,206.020966,121,255,237,255,192,14,60,187,1,0,0,0,0,0,0,0
206.318680,206.232727,122,255,237,255,192,14,55,187,129,0,0,0,0,0,0,0
206.593399,206.500000,122,255,237,255,192,16,54,188,129,0,0,0,0,0,0,0
206.813187,206.740417,121,255,238,255,192,15,57,187,1,0,0,0,0,0,0,0
207.032974,206.952591,121,255,238,255,191,16,52,187,129,0,0,0,0,0,0,0
207.307693,207.220215,121,255,238,255,192,14,57,187,1,0,0,0,0,0,0,0
207.527466,207.431046,121,255,238,255,192,15,59,188,1,0,0,0,0,0,0,0
207.747253,207.670334,121,255,239,255,192,13,58,187,129,0,0,0,0,0,0,0
208.021973,207.939407,121,255,239,255,191,12,58,188,1,0,0,0,0,0,0,0
208.241760,208.151230,121,255,239,255,192,16,53,187,129,0,0,0,0,0,0,0
208.516479,208.417221,121,255,239,255,192,13,58,187,129,0,0,0,0,0,0,0
208.736267,208.656830,122,255,239,255,192,14,58,188,1,0,0,0,0,0,0,0
208.956039,208.868851,121,255,240,255,192,12,59,187,129,0,0,0,0,0,0,0
209.230774,209.137299,121,255,240,255,192,15,59,187,1,0,0,0,0,0,0,0
209.450546,209.375961,121,255,240,255,192,15,64,188,129,0,0,0,0,0,0,0
209.670334,209.588394,121,255,240,255,192,13,64,187,1,0,0,0,0,0,0,0
209.945053,209.855560,121,255,241,255,192,13,66,187,1,0,0,0,0,0,0,0
210.164841,210.069183,121,255,241,255,191,15,66,187,129,0,0,0,0,0,0,0
210.384613,210.308792,122,255,241,255,192,15,67,187,1,0,0,0,0,0,0,0
210.659348,210.575989,121,255,241,255,192,14,65,187,1,0,0,0,0,0,0,0
210.879120,210.788162,121,255,241,255,192,15,65,187,129,0,0,0,0,0,0,0
211.153839,211.055328,121,255,241,255,191,14,70,186,1,0,0,0,0,0,0,0
211.373627,211.294815,122,255,241,255,192,14,68,188,1,0,0,0,0,0,0,0
211.593399,211.508560,121,255,242,255,192,15,69,188,129,0,0,0,0,0,0,0
211.868134,211.774307,121,255,242,255,192,15,70,188,1,0,0,0,0,0,0,0
212.087906,211.988266,121,255,242,255,192,15,73,187,129,0,0,0,0,0,0,0
212.307693,212.227783,121,255,243,255,193,15,63,187,129,0,0,0,0,0,0,0
212.582413,212.496399,121,255,243,255,191,13,62,188,129,0,0,0,0,0,0,0
212.802200,212.707336,121,255,243,255,192,15,59,186,129,0,0,0,0,0,0,0
213.076920,212.976212,121,255,243,255,192,15,62,187,1,0,0,0,0,0,0,0
213.296707,213.214645,121,255,243,255,192,15,62,187,1,0,0,0,0,0,0,0
213.516479,213.424652,121,255,243,255,192,15,62,187,1,0,0,0,0,0,0,0
213.791214,213.691132,121,255,244,255,192,15,64,187,1,0,0,0,0,0,0,0
214.010986,213.930679,122,255,244,255,192,15,61,187,129,0,0,0,0,0,0,0
214.230774,214.144043,121,255,244,255,192,15,61,187,1,0,0,0,0,0,0,0
214.505493,214.409683,122,255,244,255,193,16,59,187,129,0,0,0,0,0,0,0
214.725281,214.624008,122,255,245,255,192,13,63,187,1,0,0,0,0,0,0,0
214.945053,214.863220,122,255,245,255,192,13,58,187,1,0,0,0,0,0,0,0
215.219788,215.130280,121,255,245,255,193,14,67,186,129,0,0,0,0,0,0,0
215.439560,215.341522,121,255,245,255,193,16,69,186,1,0,0,0,0,0,0,0
215.659348,215.580795,121,255,245,255,193,14,68,187,129,0,0,0,0,0,0,0
215.934067,215.847855,122,255,245,255,192,15,68,187,129,0,0,0,0,0,0,0
216.153839,216.060394,121,255,246,255,192,14,70,187,1,0,0,0,0,0,0,0
216.428574,216.328293,122,255,246,255,192,16,70,187,129,0,0,0,0,0,0,0
216.648346,216.568756,121,255,246,255,192,16,72,187,1,0,0,0,0,0,0,0
216.868134,216.780457,121,255,246,255,192,13,72,187,1,0,0,0,0,0,0,0
217.142853,217.047668,121,255,247,255,192,14,71,188,129,0,0,0,0,0,0,0
217.362640,217.262253,121,255,247,255,192,14,67,186,1,0,0,0,0,0,0,0
217.582413,217.500641,121,255,247,255,192,13,67,186,129,0,0,0,0,0,0,0
217.857147,217.767166,121,255,247,255,192,13,67,187,129,0,0,0,0,0,0,0
218.076920,217.980591,121,255,247,255,192,15,64,186,1,0,0,0,0,0,0,0
218.296707,218.219879,121,255,247,255,192,15,64,186,1,0,0,0,0,0,0,0
218.571426,218.491760,122,255,247,255,192,15,66,187,1,0,0,0,0,0,0,0
218.791214,218.703217,121,255,248,255,191,14,68,186,129,0,0,0,0,0,0,0
219.065933,218.970642,121,255,248,255,192,13,71,188,129,0,0,0,0,0,0,0
219.285721,219.184784,121,255,248,255,192,14,68,187,1,0,0,0,0,0,0,0
219.505493,219.423019,121,255,248,255,192,16,61,186,129,0,0,0,0,0,0,0
219.780212,219.690247,121,255,249,255,191,14,67,187,1,0,0,0,0,0,0,0
220.000000,219.902985,121,255,248,255,192,12,66,187,1,0,0,0,0,0,0,0
220.274719,220.172318,121,255,249,255,193,12,69,187,1,0,0,0,0,0,0,0
220.494507,220.411972,121,255,249,255,192,14,64,187,1,0,0,0,0,0,0,0
220.714279,220.624741,121,255,249,255,192,14,68,187,129,0,0,0,0,0,0,0
220.989014,220.892029,121,255,249,255,192,14,68,188,129,0,0,0,0,0,0,0
221.208786,221.105515,121,255,249,255,192,14,67,187,1,0,0,0,0,0,0,0
221.428574,221.344635,121,255,250,255,192,11,68,187,129,0,0,0,0,0,0,0
221.703293,221.613190,121,255,250,255,192,14,69,186,1,0,0,0,0,0,0,0
221.923080,221.825165,122,255,250,255,192,13,75,187,129,0,0,0,0,0,0,0
222.142853,222.064178,121,255,250,255,191,13,73,187,1,0,0,0,0,0,0,0
222.417587,222.331604,122,255,250,255,192,15,69,188,1,0,0,0,0,0,0,0
222.637360,222.546173,121,255,250,255,191,13,73,187,129,0,0,0,0,0,0,0
222.912094,222.813492,121,255,250,255,191,13,69,187,1,0,0,0,0,0,0,0
223.131866,223.054276,121,255,251,255,192,14,66,187,129,0,0,0,0,0,0,0
223.351654,223.266190,122,255,251,255,192,14,65,187,1,0,0,0,0,0,0,0
223.626373,223.533813,121,255,251,255,191,13,70,188,1,0,0,0,0,0,0,0
223.846161,223.747192,121,255,251,255,192,12,68,188,129,0,0,0,0,0,0,0
224.065933,223.987930,122,255,251,255,192,13,66,187,1,0,0,0,0,0,0,0
224.340652,224.255814,122,255,251,255,191,14,59,188,129,0,0,0,0,0,0,0
224.560440,224.466522,121,255,251,255,192,12,66,187,129,0,0,0,0,0,0,0
224.835159,224.736603,121,255,251,255,192,16,68,187,1,0,0,0,0,0,0,0
225.054947,224.951782,121,255,252,255,192,13,67,187,129,0,0,0,0,0,0,0
225.274719,225.190903,121,255,252,255,193,11,64,187,1,0,0,0,0,0,0,0
225.549454,225.458847,122,255,252,255,192,13,70,187,129,0,0,0,0,0,0,0
225.769226,225.670929,122,255,252,255,191,12,68,188,1,0,0,0,0,0,0,0
226.043961,225.945282,121,255,252,255,192,13,67,187,1,0,0,0,0,0,0,0
226.263733,226.160767,122,255,252,255,192,13,64,188,129,0,0,0,0,0,0,0
226.483521,226.400360,121,255,252,255,191,13,65,187,1,0,0,0,0,0,0,0
226.758240,226.668335,121,255,253,255,191,16,64,186,129,0,0,0,0,0,0,0
226.978027,226.880981,121,255,253,255,192,13,63,187,1,0,0,0,0,0,0,0
227.252747,227.150024,121,255,253,255,191,13,66,187,1,0,0,0,0,0,0,0
227.472534,227.390701,122,255,253,255,192,14,63,187,129,0,0,0,0,0,0,0
227.692307,227.603302,121,255,253,255,192,14,67,187,1,0,0,0,0,0,0,0
227.967026,227.868530,121,255,253,255,191,13,68,187,1,0,0,0,0,0,0,0
228.186813,228.081390,121,255,253,255,191,15,67,187,129,0,0,0,0,0,0,0
228.406601,228.320496,122,255,253,255,192,14,61,187,1,0,0,0,0,0,0,0
228.681320,228.587509,122,255,253,255,191,13,61,187,129,0,0,0,0,0,0,0
228.901093,228.800568,121,255,253,255,192,11,59,187,129,0,0,0,0,0,0,0
229.120880,229.040100,121,255,254,255,192,12,63,187,1,0,0,0,0,0,0,0
229.395599,229.307159,121,255,254,255,192,13,67,187,129,0,0,0,0,0,0,0
229.615387,229.520325,121,255,254,255,192,11,68,188,1,0,0,0,0,0,0,0
229.890106,229.785721,122,255,254,255,191,14,71,187,1,0,0,0,0,0,0,0
230.109894,230.025726,121,255,254,255,192,13,69,187,129,0,0,0,0,0,0,0
230.329666,230.238525,122,255,254,255,192,14,65,187,1,0,0,0,0,0,0,0
230.604401,230.505157,122,255,254,255,191,15,64,187,129,0,0,0,0,0,0,0
230.824173,230.717911,121,255,254,255,191,14,67,187,1,0,0,0,0,0,0,0
231.043961,230.958542,122,255,254,255,192,12,71,188,129,0,0,0,0,0,0,0
231.318680,231.225983,121,255,254,255,191,15,72,187,129,0,0,0,0,0,0,0
231.538467,231.438553,122,255,254,255,192,14,74,187,1,0,0,0,0,0,0,0
231.813187,231.706604,121,255,255,255,192,15,67,186,129,0,0,0,0,0,0,0
232.032974,231.945923,121,255,255,255,192,14,72,187,1,0,0,0,0,0,0,0
232.252747,232.157944,121,255,255,255,191,13,70,188,1,0,0,0,0,0,0,0
232.527466,232.425049,121,255,255,255,191,13,69,187,129,0,0,0,0,0,0,0
232.747253,232.666260,122,255,255,255,191,11,74,188,1,0,0,0,0,0,0,0
232.967026,232.878067,121,255,255,255,191,13,67,188,129,0,0,0,0,0,0,0
233.241760,233.144547,121,255,255,255,192,12,63,188,1,0,0,0,0,0,0,0
233.461533,233.357773,121,255,255,255,192,14,60,188,1,0,0,0,0,0,0,0
233.681320,233.597992,121,255,255,255,192,11,63,187,129,0,0,0,0,0,0,0
233.956039,233.864639,121,255,255,255,192,13,59,187,1,0,0,0,0,0,0,0
234.175827,234.077164,121,255,255,255,191,13,60,187,129,0,0,0,0,0,0,0
234.450546,234.344070,122,255,255,255,192,14,57,187,129,0,0,0,0,0,0,0
234.670334,234.583557,121,255,255,255,191,13,62,188,1,0,0,0,0,0,0,0
234.890106,234.797134,121,255,255,255,191,13,62,188,1,0,0,0,0,0,0,0
235.164841,235.064804,121,255,255,255,192,15,62,187,1,0,0,0,0,0,0,0
235.384613,235.277832,122,255,255,255,192,12,63,188,129,0,0,0,0,0,0,0
235.604401,235.517090,122,255,255,255,192,15,67,186,1,0,0,0,0,0,0,0
235.879120,235.784256,121,255,255,255,191,14,64,187,1,0,0,0,0,0,0,0
236.098907,235.995392,121,255,255,255,192,13,70,187,129,0,0,0,0,0,0,0
236.318680,236.235962,121,255,255,255,191,13,71,187,1,0,0,0,0,0,0,0
236.593399,236.503235,121,255,255,255,191,13,69,187,1,0,0,0,0,0,0,0
236.813187,236.716049,121,255,255,255,191,14,71,187,1,0,0,0,0,0,0,0
237.087906,236.981522,121,255,255,255,192,13,64,186,1,0,0,0,0,0,0,0
237.307693,237.222427,121,255,255,255,191,15,66,187,129,0,0,0,0,0,0,0
237.527466,237.435013,121,255,255,255,191,13,63,186,1,0,0,0,0,0,0,0
237.802200,237.701126,121,255,255,255,192,11,67,188,129,0,0,0,0,0,0,0
238.021973,237.912842,122,255,255,255,192,13,70,188,1,0,0,0,0,0,0,0
238.241760,238.151917,121,255,255,255,192,13,69,188,1,0,0,0,0,0,0,0
238.516479,238.419113,121,255,255,255,192,13,69,188,1,0,0,0,0,0,0,0
238.736267,238.630997,121,255,255,255,192,14,67,187,1,0,0,0,0,0,0,0
238.956039,238.869019,122,255,255,255,191,14,66,187,1,0,0,0,0,0,0,0
239.230774,239.135818,121,255,255,255,192,14,61,186,129,0,0,0,0,0,0,0
239.450546,239.348923,122,255,255,255,192,14,63,188,1,0,0,0,0,0,0,0
239.725281,239.617538,121,255,255,255,191,14,64,188,129,0,0,0,0,0,0,0
239.945053,239.856140,121,255,255,255,192,14,64,187,1,0,0,0,0,0,0,0
240.164841,240.067703,121,255,255,255,191,14,63,187,129,0,0,0,0,0,0,0
240.439560,240.334702,121,255,255,255,192,13,62,187,129,0,0,0,0,0,0,0
240.659348,240.574661,121,255,255,255,192,12,71,187,1,0,0,0,0,0,0,0
240.879120,240.785629,121,255,255,255,192,13,68,187,129,0,0,0,0,0,0,0
241.153839,241.053360,121,255,255,255,192,13,68,187,1,0,0,0,0,0,0,0
241.373627,241.267578,121,255,255,255,192,13,68,187,1,0,0,0,0,0,0,0
241.593399,241.507004,121,255,255,255,191,15,73,187,129,0,0,0,0,0,0,0
241.868134,241.773010,121,255,255,255,192,15,68,187,1,0,0,0,0,0,0,0
242.087906,241.985718,121,255,255,255,192,15,67,187,129,0,0,0,0,0,0,0
242.362640,242.253555,121,255,255,255,192,12,73,186,129,0,0,0,0,0,0,0
242.582413,242.491119,121,255,255,255,192,12,73,188,1,0,0,0,0,0,0,0
242.802200,242.703384,121,255,255,255,192,13,77,187,129,0,0,0,0,0,0,0
243.076920,242.970703,121,255,255,255,192,15,72,187,1,0,0,0,0,0,0,0
243.296707,243.210663,121,255,255,255,191,15,66,187,129,0,0,0,0,0,0,0
243.516479,243.421234,121,255,255,255,191,14,68,187,1,0,0,0,0,0,0,0
243.791214,243.689117,121,255,255,255,192,15,64,187,1,0,0,0,0,0,0,0
244.010986,243.902786,121,255,255,255,192,16,66,186,129,0,0,0,0,0,0,0
244.230774,244.141403,121,255,255,255,191,13,63,187,1,0,0,0,0,0,0,0
244.505493,244.408661,121,255,255,255,191,14,56,187,129,0,0,0,0,0,0,0
244.725281,244.621201,121,255,255,255,192,16,64,187,129,0,0,0,0,0,0,0
245.000000,244.890747,121,255,254,255,192,15,64,187,1,0,0,0,0,0,0,0
245.219788,245.129669,121,255,254,255,192,14,58,186,129,0,0,0,0,0,0,0
245.439560,245.342728,121,255,254,255,192,13,55,187,1,0,0,0,0,0,0,0
