0.000000,0.000000,122,255,254,255,192,11,68,188,1,0,0,0,0,0,0,0
0.219780,0.217173,122,255,254,255,192,13,69,187,129,0,0,0,0,0,0,0
0.494505,0.489893,121,255,254,255,192,13,69,187,129,0,0,0,0,0,0,0
0.714286,0.709817,122,255,254,255,191,13,67,189,1,0,0,0,0,0,0,0
0.989011,0.982851,121,255,254,255,192,14,64,187,129,0,0,0,0,0,0,0
1.208791,1.226549,121,255,254,255,191,14,67,187,1,0,0,0,0,0,0,0
1.483516,1.475121,122,255,254,255,191,13,71,188,129,0,0,0,0,0,0,0
1.703297,1.715867,121,255,255,255,192,13,73,189,129,0,0,0,0,0,0,0
1.923077,1.934653,121,255,255,255,192,14,74,187,1,0,0,0,0,0,0,0
2.197802,2.203679,121,255,255,255,191,13,69,186,129,0,0,0,0,0,0,0
2.417583,2.419912,121,255,255,255,192,14,70,187,1,0,0,0,0,0,0,0
2.692308,2.692206,122,255,255,255,192,13,71,188,129,0,0,0,0,0,0,0
2.912088,2.914228,121,255,255,255,191,13,69,187,129,0,0,0,0,0,0,0
3.186813,3.183567,121,255,255,255,191,15,74,187,1,0,0,0,0,0,0,0
3.406593,3.403070,122,255,255,255,192,14,64,187,129,0,0,0,0,0,0,0
3.681319,3.677875,121,255,255,255,192,12,63,188,1,0,0,0,0,0,0,0
3.901099,3.894735,121,255,255,255,191,12,64,187,1,0,0,0,0,0,0,0
4.120879,4.135622,121,255,255,255,192,14,64,187,1,0,0,0,0,0,0,0
4.395605,4.409745,121,255,255,255,192,16,56,187,1,0,0,0,0,0,0,0
4.615385,4.630973,122,255,255,255,191,14,59,188,129,0,0,0,0,0,0,0
4.890110,4.900937,122,255,255,255,192,14,59,187,1,0,0,0,0,0,0,0
5.109890,5.115822,121,255,255,255,192,16,64,188,129,0,0,0,0,0,0,0
5.384615,5.384068,121,255,255,255,192,12,65,188,1,0,0,0,0,0,0,0
5.604395,5.604460,122,255,255,255,191,14,64,188,1,0,0,0,0,0,0,0
5.879121,5.878901,121,255,255,255,192,14,64,188,129,0,0,0,0,0,0,0
6.098901,6.095198,121,255,255,255,191,13,64,187,1,0,0,0,0,0,0,0
6.373626,6.366658,121,255,255,255,191,15,69,187,129,0,0,0,0,0,0,0
6.593407,6.586019,121,255,255,255,191,13,70,188,1,0,0,0,0,0,0,0
6.868132,6.860656,121,255,255,255,191,13,69,187,1,0,0,0,0,0,0,0
7.087912,7.079331,121,255,255,255,192,15,73,187,129,0,0,0,0,0,0,0
7.307693,7.323091,121,255,255,255,192,12,68,187,1,0,0,0,0,0,0,0
7.582417,7.595805,121,255,255,255,191,13,65,188,129,0,0,0,0,0,0,0
7.802198,7.817192,121,255,255,255,192,13,63,187,1,0,0,0,0,0,0,0
8.076923,8.086009,122,255,255,255,192,14,66,187,129,0,0,0,0,0,0,0
8.296703,8.299861,121,255,255,255,192,14,66,187,129,0,0,0,0,0,0,0
8.571428,8.574597,121,255,255,255,192,13,70,187,1,0,0,0,0,0,0,0
8.791209,8.794474,121,255,255,255,191,15,66,186,129,0,0,0,0,0,0,0
9.065934,9.066154,121,255,255,255,192,15,67,187,129,0,0,0,0,0,0,0
9.285714,9.283482,121,255,255,255,191,14,64,186,129,0,0,0,0,0,0,0
9.560439,9.560203,121,255,255,255,191,13,64,187,129,0,0,0,0,0,0,0
9.780220,9.775501,121,255,255,255,192,15,64,187,1,0,0,0,0,0,0,0
10.054945,10.048067,122,255,255,255,191,14,64,188,129,0,0,0,0,0,0,0
10.274725,10.289270,121,255,255,255,192,14,64,187,1,0,0,0,0,0,0,0
10.549451,10.538119,121,255,255,255,191,14,63,187,129,0,0,0,0,0,0,0
10.769231,10.758029,121,255,255,255,192,14,63,187,129,0,0,0,0,0,0,0
10.989011,10.999242,121,255,255,255,192,12,71,187,1,0,0,0,0,0,0,0
11.263737,11.271856,121,255,255,255,191,14,65,187,129,0,0,0,0,0,0,0
11.483517,11.494482,121,255,255,255,192,14,68,187,129,0,0,0,0,0,0,0
11.758242,11.764036,121,255,255,255,192,14,70,187,1,0,0,0,0,0,0,0
11.978022,11.978082,121,255,255,255,191,15,73,187,1,0,0,0,0,0,0,0
12.252748,12.253041,122,255,255,255,192,15,68,187,1,0,0,0,0,0,0,0
12.472528,12.475635,122,255,255,255,192,15,67,187,129,0,0,0,0,0,0,0
12.747252,12.744235,121,255,255,255,192,12,73,188,1,0,0,0,0,0,0,0
12.967033,12.958647,121,255,255,255,192,13,72,187,1,0,0,0,0,0,0,0
13.241758,13.231626,121,255,255,255,192,14,72,186,129,0,0,0,0,0,0,0
13.461538,13.451033,121,255,255,255,192,15,72,187,1,0,0,0,0,0,0,0
13.736263,13.723863,121,255,255,255,192,15,65,187,129,0,0,0,0,0,0,0
13.956044,13.963655,121,255,255,255,192,15,70,188,1,0,0,0,0,0,0,0
14.175824,14.186228,121,255,255,255,192,13,68,186,1,0,0,0,0,0,0,0
14.450549,14.457965,121,255,255,255,191,15,66,186,129,0,0,0,0,0,0,0
14.670330,14.675820,121,255,255,255,192,16,61,187,1,0,0,0,0,0,0,0
14.945055,14.946542,122,255,255,255,192,15,60,187,129,0,0,0,0,0,0,0
15.164835,15.167017,121,255,255,255,192,13,63,188,1,0,0,0,0,0,0,0
15.439561,15.439884,122,255,255,255,191,13,59,188,129,0,0,0,0,0,0,0
15.659341,15.653668,121,255,254,255,192,11,56,187,129,0,0,0,0,0,0,0
15.934066,15.923951,122,255,254,255,192,16,55,187,1,0,0,0,0,0,0,0
16.153847,16.143557,121,255,254,255,192,11,57,188,129,0,0,0,0,0,0,0
16.428572,16.417530,121,255,254,255,191,13,58,187,1,0,0,0,0,0,0,0
16.648352,16.658783,122,255,254,255,193,15,57,188,129,0,0,0,0,0,0,0
16.868132,16.877405,121,255,254,255,192,14,60,186,129,0,0,0,0,0,0,0
17.142857,17.150808,122,255,254,255,191,13,64,186,1,0,0,0,0,0,0,0
17.362637,17.369486,121,255,254,255,193,15,63,187,129,0,0,0,0,0,0,0
17.637363,17.641319,122,255,254,255,192,12,62,188,129,0,0,0,0,0,0,0
17.857143,17.860264,121,255,254,255,192,13,57,187,129,0,0,0,0,0,0,0
18.131868,18.134436,121,255,254,255,191,13,60,186,129,0,0,0,0,0,0,0
18.351648,18.348429,121,255,253,255,192,14,64,187,1,0,0,0,0,0,0,0
18.626373,18.621157,121,255,253,255,193,16,66,187,129,0,0,0,0,0,0,0
18.846153,18.839779,121,255,253,255,192,14,56,186,1,0,0,0,0,0,0,0
19.120878,19.111834,121,255,253,255,192,15,64,187,129,0,0,0,0,0,0,0
19.340660,19.329929,122,255,253,255,191,15,64,187,129,0,0,0,0,0,0,0
19.615385,19.604298,121,255,253,255,191,14,61,187,1,0,0,0,0,0,0,0
19.835165,19.822418,121,255,253,255,191,14,57,188,129,0,0,0,0,0,0,0
20.109890,20.094465,121,255,253,255,192,12,59,187,1,0,0,0,0,0,0,0
20.329670,20.315165,122,255,253,255,192,14,62,187,129,0,0,0,0,0,0,0
20.604395,20.590130,121,255,253,255,192,16,59,187,129,0,0,0,0,0,0,0
20.824175,20.831907,122,255,253,255,192,16,58,187,1,0,0,0,0,0,0,0
21.043957,21.050735,121,255,253,255,191,14,56,187,129,0,0,0,0,0,0,0
21.318682,21.322050,121,255,253,255,192,14,61,187,1,0,0,0,0,0,0,0
21.538462,21.542833,122,255,253,255,193,15,59,188,129,0,0,0,0,0,0,0
21.813187,21.811487,121,255,253,255,193,14,58,187,129,0,0,0,0,0,0,0
22.032967,22.034369,121,255,253,255,192,15,64,187,1,0,0,0,0,0,0,0
22.307692,22.308912,121,255,253,255,192,14,60,187,129,0,0,0,0,0,0,0
22.527473,22.527170,121,255,253,255,191,15,60,187,1,0,0,0,0,0,0,0
22.802198,22.798952,122,255,253,255,191,14,62,187,129,0,0,0,0,0,0,0
23.021978,23.016127,121,255,253,255,192,16,61,187,1,0,0,0,0,0,0,0
23.296703,23.290142,122,255,253,255,193,14,59,187,1,0,0,0,0,0,0,0
23.516483,23.504869,122,255,252,255,191,14,63,187,129,0,0,0,0,0,0,0
23.791208,23.778368,121,255,252,255,192,15,61,187,1,0,0,0,0,0,0,0
24.010988,23.998709,121,255,252,255,192,12,66,186,129,0,0,0,0,0,0,0
24.285715,24.270651,122,255,252,255,191,14,67,187,1,0,0,0,0,0,0,0
24.505495,24.489330,121,255,252,255,192,15,66,187,1,0,0,0,0,0,0,0
24.780220,24.764965,121,255,252,255,192,14,61,187,129,0,0,0,0,0,0,0
25.000000,25.008558,121,255,252,255,192,16,59,187,1,0,0,0,0,0,0,0
25.219780,25.225307,121,255,252,255,191,13,63,187,1,0,0,0,0,0,0,0
25.494505,25.497206,121,255,252,255,193,14,67,186,1,0,0,0,0,0,0,0
25.714285,25.718893,121,255,252,255,192,16,63,188,1,0,0,0,0,0,0,0
25.989012,25.989752,122,255,252,255,192,13,63,188,129,0,0,0,0,0,0,0
26.208792,26.207533,121,255,252,255,191,15,59,187,1,0,0,0,0,0,0,0
26.483517,26.476719,121,255,252,255,192,15,56,187,129,0,0,0,0,0,0,0
26.703297,26.693995,121,255,252,255,191,13,64,187,1,0,0,0,0,0,0,0
26.978022,26.967758,121,255,252,255,192,16,57,187,129,0,0,0,0,0,0,0
27.197802,27.186224,121,255,252,255,192,16,58,187,129,0,0,0,0,0,0,0
27.472527,27.456675,121,255,253,255,192,14,61,187,1,0,0,0,0,0,0,0
27.692308,27.700413,121,255,252,255,192,17,65,187,129,0,0,0,0,0,0,0
27.912088,27.915386,121,255,252,255,192,15,69,187,1,0,0,0,0,0,0,0
28.186813,28.185783,122,255,252,255,192,15,63,187,129,0,0,0,0,0,0,0
28.406593,28.404091,121,255,252,255,192,14,66,187,129,0,0,0,0,0,0,0
28.681318,28.681753,121,255,252,255,192,14,64,187,1,0,0,0,0,0,0,0
28.901098,28.897305,121,255,252,255,192,16,71,187,129,0,0,0,0,0,0,0
29.175825,29.167641,121,255,252,255,192,15,70,187,129,0,0,0,0,0,0,0
29.395605,29.386885,121,255,252,255,191,16,71,188,129,0,0,0,0,0,0,0
29.670330,29.662632,121,255,252,255,191,16,71,188,129,0,0,0,0,0,0,0
29.890110,29.878908,121,255,252,255,192,15,67,187,1,0,0,0,0,0,0,0
30.164835,30.153196,122,255,252,255,192,13,68,187,129,0,0,0,0,0,0,0
30.384615,30.372856,121,255,252,255,192,15,67,186,1,0,0,0,0,0,0,0
30.659340,30.645836,121,255,252,255,192,16,70,188,129,0,0,0,0,0,0,0
30.879122,30.862440,121,255,252,255,192,15,66,187,129,0,0,0,0,0,0,0
31.153847,31.135908,121,255,252,255,192,15,65,187,1,0,0,0,0,0,0,0
31.373627,31.377144,121,255,252,255,191,16,65,187,129,0,0,0,0,0,0,0
31.648352,31.629673,121,255,252,255,191,14,73,187,1,0,0,0,0,0,0,0
31.868132,31.868954,121,255,252,255,193,13,66,187,129,0,0,0,0,0,0,0
32.087914,32.081879,121,255,252,255,193,14,67,187,129,0,0,0,0,0,0,0
32.362637,32.354321,122,255,252,255,193,14,64,188,1,0,0,0,0,0,0,0
32.582417,32.573727,121,255,252,255,192,15,66,186,129,0,0,0,0,0,0,0
32.857143,32.847687,121,255,252,255,191,15,60,187,1,0,0,0,0,0,0,0
33.076923,33.063511,121,255,252,255,192,14,63,187,1,0,0,0,0,0,0,0
33.351650,33.338882,121,255,252,255,191,14,64,188,1,0,0,0,0,0,0,0
33.571430,33.557091,121,255,252,255,192,12,68,187,1,0,0,0,0,0,0,0
33.846153,33.831070,121,255,252,255,192,12,67,187,129,0,0,0,0,0,0,0
34.065933,34.049580,121,255,252,255,192,14,72,187,1,0,0,0,0,0,0,0
34.340660,34.325745,121,255,252,255,192,15,68,187,129,0,0,0,0,0,0,0
34.560440,34.545200,121,255,252,255,192,15,64,187,1,0,0,0,0,0,0,0
34.835163,34.817505,121,255,252,255,192,14,63,187,1,0,0,0,0,0,0,0
35.054947,35.037319,121,255,252,255,191,12,63,187,129,0,0,0,0,0,0,0
35.329670,35.308979,121,255,252,255,193,15,66,187,1,0,0,0,0,0,0,0
35.549450,35.551506,121,255,252,255,192,14,63,187,129,0,0,0,0,0,0,0
35.769230,35.769089,121,255,251,255,192,12,62,187,1,0,0,0,0,0,0,0
36.043957,36.042591,121,255,251,255,192,14,62,188,1,0,0,0,0,0,0,0
36.263737,36.261318,121,255,251,255,192,13,55,187,129,0,0,0,0,0,0,0
36.538460,36.528584,121,255,251,255,192,14,57,186,1,0,0,0,0,0,0,0
36.758244,36.744244,121,255,251,255,192,14,58,186,129,0,0,0,0,0,0,0
37.032967,37.015804,121,255,251,255,192,16,56,188,1,0,0,0,0,0,0,0
37.252747,37.255409,121,255,252,255,192,15,60,187,1,0,0,0,0,0,0,0
37.472527,37.473049,121,255,251,255,192,14,60,187,129,0,0,0,0,0,0,0
37.747253,37.748322,121,255,251,255,192,14,58,188,1,0,0,0,0,0,0,0
37.967033,37.964394,121,255,251,255,192,14,57,187,129,0,0,0,0,0,0,0
38.241756,38.236828,121,255,251,255,193,13,65,188,1,0,0,0,0,0,0,0
38.461540,38.452209,121,255,251,255,193,14,64,187,129,0,0,0,0,0,0,0
38.736263,38.723160,121,255,251,255,192,15,62,187,129,0,0,0,0,0,0,0
38.956043,38.944855,121,255,251,255,192,12,65,187,1,0,0,0,0,0,0,0
39.230770,39.217670,121,255,251,255,192,16,70,187,129,0,0,0,0,0,0,0
39.450550,39.432510,121,255,251,255,193,15,70,187,1,0,0,0,0,0,0,0
39.725273,39.708656,121,255,251,255,192,16,69,187,129,0,0,0,0,0,0,0
39.945053,39.924480,121,255,251,255,192,15,71,187,129,0,0,0,0,0,0,0
40.219780,40.201569,121,255,251,255,192,14,71,187,1,0,0,0,0,0,0,0
40.439560,40.421234,122,255,251,255,192,14,70,188,129,0,0,0,0,0,0,0
40.714287,40.696194,121,255,251,255,192,13,69,186,1,0,0,0,0,0,0,0
40.934067,40.912689,121,255,251,255,192,13,69,187,1,0,0,0,0,0,0,0
41.208790,41.187588,121,255,251,255,191,15,68,187,129,0,0,0,0,0,0,0
41.428570,41.429935,121,255,251,255,192,14,66,187,1,0,0,0,0,0,0,0
41.648350,41.647369,121,255,251,255,192,15,63,186,129,0,0,0,0,0,0,0
41.923077,41.918736,121,255,251,255,192,14,62,187,129,0,0,0,0,0,0,0
42.142857,42.135487,121,255,251,255,191,14,62,187,129,0,0,0,0,0,0,0
42.417583,42.407219,121,255,251,255,191,15,64,187,129,0,0,0,0,0,0,0
42.637363,42.625015,121,255,251,255,193,14,64,187,1,0,0,0,0,0,0,0
42.912086,42.896851,121,255,251,255,192,14,65,187,129,0,0,0,0,0,0,0
43.131866,43.112041,121,255,251,255,192,14,62,187,1,0,0,0,0,0,0,0
43.406593,43.383778,121,255,251,255,192,14,64,187,129,0,0,0,0,0,0,0
43.626373,43.626381,121,255,251,255,191,13,62,187,129,0,0,0,0,0,0,0
43.846153,43.842823,121,255,251,255,192,13,60,187,1,0,0,0,0,0,0,0
44.120880,44.116287,121,255,251,255,192,13,64,187,129,0,0,0,0,0,0,0
44.340660,44.334332,121,255,251,255,192,14,67,188,1,0,0,0,0,0,0,0
44.615383,44.608044,121,255,251,255,192,15,74,187,129,0,0,0,0,0,0,0
44.835163,44.825932,121,255,251,255,192,16,70,186,129,0,0,0,0,0,0,0
45.109890,45.095119,121,255,251,255,192,15,72,186,1,0,0,0,0,0,0,0
45.329670,45.315197,121,255,251,255,192,14,75,187,129,0,0,0,0,0,0,0
45.604397,45.587711,121,255,251,255,192,15,75,186,1,0,0,0,0,0,0,0
45.824177,45.805046,122,255,251,255,192,13,69,187,1,0,0,0,0,0,0,0
46.098900,46.079632,121,255,251,255,192,14,70,187,129,0,0,0,0,0,0,0
46.318680,46.299038,121,255,251,255,192,16,70,186,1,0,0,0,0,0,0,0
46.593407,46.572590,121,255,251,255,192,13,64,187,129,0,0,0,0,0,0,0
46.813187,46.810932,121,255,250,255,192,15,66,187,1,0,0,0,0,0,0,0
47.032967,47.029144,121,255,251,255,191,15,68,187,129,0,0,0,0,0,0,0
47.307693,47.302280,121,255,250,255,192,12,66,187,1,0,0,0,0,0,0,0
47.527473,47.522152,121,255,250,255,192,12,67,187,1,0,0,0,0,0,0,0
47.802197,47.791183,121,255,250,255,192,12,66,186,129,0,0,0,0,0,0,0
48.021976,48.008038,121,255,250,255,192,14,75,187,1,0,0,0,0,0,0,0
48.296703,48.282578,121,255,250,255,192,13,74,187,129,0,0,0,0,0,0,0
48.516483,48.501678,121,255,250,255,191,15,72,186,1,0,0,0,0,0,0,0
48.791210,48.772419,121,255,250,255,191,15,72,186,1,0,0,0,0,0,0,0
49.010990,48.988403,122,255,250,255,192,15,64,187,129,0,0,0,0,0,0,0
49.285713,49.264027,121,255,250,255,192,14,62,188,1,0,0,0,0,0,0,0
49.505493,49.482391,121,255,250,255,191,13,58,187,129,0,0,0,0,0,0,0
49.780220,49.754608,121,255,249,255,191,14,62,187,1,0,0,0,0,0,0,0
50.000000,49.997562,122,255,250,255,191,15,64,188,129,0,0,0,0,0,0,0
50.219780,50.214893,121,255,249,255,192,14,67,187,129,0,0,0,0,0,0,0
50.494507,50.471127,121,255,249,255,192,14,65,187,1,0,0,0,0,0,0,0
50.714287,50.712814,121,255,250,255,192,14,60,187,129,0,0,0,0,0,0,0
50.989010,50.984417,122,255,249,255,192,14,60,187,129,0,0,0,0,0,0,0
51.208790,51.202991,121,255,249,255,191,14,62,188,1,0,0,0,0,0,0,0
51.483517,51.475555,121,255,249,255,193,13,65,187,129,0,0,0,0,0,0,0
51.703297,51.699902,121,255,249,255,192,14,63,187,6,0,0,0,0,0,0,0
51.978024,51.969185,121,255,249,255,192,14,62,187,128,0,0,0,0,0,0,0
52.197803,52.191765,121,255,249,255,191,13,63,187,6,0,0,0,0,0,0,0
52.472527,52.465889,121,255,249,255,192,14,63,187,6,0,0,0,0,0,0,0
52.692307,52.688728,122,255,249,255,191,12,60,187,128,0,0,0,0,0,0,0
52.967033,52.957962,121,255,249,255,160,14,63,186,0,0,0,0,0,0,0,0
53.186813,53.171131,122,255,249,255,100,13,90,187,128,0,0,0,0,0,0,0
53.461540,53.441879,120,255,249,255,22,22,118,185,0,0,0,0,0,0,0,0
53.681320,53.662636,120,255,249,255,22,26,117,186,0,0,0,0,0,0,0,0
53.956043,53.936920,121,255,248,255,22,23,118,186,128,0,0,0,0,0,0,0
54.175823,54.153465,120,255,248,255,21,23,118,185,0,0,0,0,0,0,0,0
54.450550,54.427486,120,255,247,255,23,20,118,185,0,0,0,0,0,0,0,0
54.670330,54.648815,121,255,247,255,23,19,117,186,0,0,0,0,0,0,0,0
54.945053,54.922207,121,255,247,255,23,21,109,186,128,0,0,0,0,0,0,0
55.164837,55.161949,121,255,246,255,23,17,67,186,0,0,0,0,0,0,0,0
55.384617,55.376888,121,255,245,255,23,19,65,186,0,0,0,0,0,0,0,0
55.659340,55.649246,121,255,245,255,22,15,37,186,0,0,0,0,0,0,0,0
55.879120,55.868229,121,255,244,255,22,14,23,187,0,0,0,0,0,0,0,0
56.153847,56.141266,121,255,244,255,22,11,25,187,128,0,0,0,0,0,0,0
56.373627,56.356464,121,255,243,255,23,14,15,187,128,0,0,0,0,0,0,0
56.648350,56.627003,121,255,243,255,22,13,7,188,0,0,0,0,0,0,0,0
56.868134,56.847446,122,255,242,255,22,11,5,187,128,0,0,0,0,0,0,0
57.142857,57.121277,121,255,242,255,23,11,5,188,0,0,0,0,0,0,0,0
57.362637,57.338585,122,255,241,255,23,12,3,188,128,0,0,0,0,0,0,0
57.637363,57.611515,122,255,242,255,22,13,6,187,128,0,0,0,0,0,0,0
57.857143,57.854851,122,255,241,255,22,11,8,188,0,0,0,0,0,0,0,0
58.076923,58.073006,121,255,241,255,23,12,7,188,128,0,0,0,0,0,0,0
58.351650,58.344685,122,255,241,255,23,10,16,188,0,0,0,0,0,0,0,0
58.571430,58.561386,122,255,241,255,23,12,20,188,0,0,0,0,0,0,0,0
58.846153,58.836979,122,255,241,255,23,13,23,188,0,0,0,0,0,0,0,0
59.065933,59.054466,122,255,240,255,23,13,28,188,0,0,0,0,0,0,0,0
59.340660,59.328262,121,255,241,255,22,13,40,187,128,0,0,0,0,0,0,0
59.560440,59.547581,121,255,241,255,23,14,43,188,0,0,0,0,0,0,0,0
59.835163,59.821751,121,255,241,255,23,14,56,187,128,0,0,0,0,0,0,0
60.054947,60.040882,121,255,241,255,24,15,59,187,0,0,0,0,0,0,0,0
60.329670,60.311111,121,255,241,255,23,15,65,187,128,0,0,0,0,0,0,0
60.549450,60.527241,121,255,241,255,22,16,75,187,128,0,0,0,0,0,0,0
60.824177,60.804905,121,255,241,255,23,13,80,187,0,0,0,0,0,0,0,0
61.043957,61.024509,121,255,241,255,23,12,86,187,128,0,0,0,0,0,0,0
61.318680,61.295620,121,255,241,255,23,15,89,187,128,0,0,0,0,0,0,0
61.538460,61.514046,121,255,240,255,23,15,95,186,128,0,0,0,0,0,0,0
61.813187,61.788479,121,255,241,255,23,18,97,187,128,0,0,0,0,0,0,0
62.032967,62.005539,121,255,241,255,23,15,95,186,0,0,0,0,0,0,0,0
62.307693,62.280243,121,255,241,255,23,16,94,187,128,0,0,0,0,0,0,0
62.527473,62.502712,121,255,240,255,22,17,89,187,0,0,0,0,0,0,0,0
62.802197,62.773251,121,255,240,255,22,16,90,187,128,0,0,0,0,0,0,0
63.021976,62.992092,121,255,240,255,23,17,82,188,128,0,0,0,0,0,0,0
63.241756,63.234276,121,255,240,255,23,17,85,187,0,0,0,0,0,0,0,0
63.516483,63.507408,121,255,240,255,23,16,80,187,128,0,0,0,0,0,0,0
63.736263,63.725426,121,255,240,255,22,17,75,187,0,0,0,0,0,0,0,0
64.010986,63.997246,121,255,239,255,23,15,70,187,0,0,0,0,0,0,0,0
64.230766,64.211716,121,255,239,255,23,16,64,187,0,0,0,0,0,0,0,0
64.505493,64.484802,122,255,239,255,22,15,65,187,0,0,0,0,0,0,0,0
64.725273,64.699524,121,255,239,255,23,17,64,187,128,0,0,0,0,0,0,0
65.000000,64.978951,121,255,239,255,22,16,65,187,0,0,0,0,0,0,0,0
65.219780,65.197159,121,255,238,255,23,15,67,187,128,0,0,0,0,0,0,0
65.494507,65.466927,121,255,238,255,22,16,69,187,0,0,0,0,0,0,0,0
65.714287,65.684608,121,255,238,255,22,15,70,187,0,0,0,0,0,0,0,0
65.989014,65.959312,121,255,238,255,23,16,71,187,128,0,0,0,0,0,0,0
66.208794,66.200615,121,255,238,255,23,16,72,186,0,0,0,0,0,0,0,0
66.428574,66.422417,121,255,237,255,22,24,71,187,128,0,0,0,0,0,0,0
66.703300,66.697990,121,255,237,255,22,16,75,187,0,0,0,0,0,0,0,0
66.923080,66.913658,121,255,237,255,22,17,72,187,0,0,0,0,0,0,0,0
67.197800,67.187416,121,255,237,255,22,15,71,186,128,0,0,0,0,0,0,0
67.417580,67.405052,121,255,237,255,23,16,76,187,0,0,0,0,0,0,0,0
67.692307,67.678345,121,255,236,255,23,16,80,187,128,0,0,0,0,0,0,0
67.912086,67.892708,122,255,236,255,23,16,72,187,128,0,0,0,0,0,0,0
68.186813,68.166466,121,255,236,255,23,16,71,187,0,0,0,0,0,0,0,0
68.406593,68.382797,121,255,235,255,22,15,74,187,128,0,0,0,0,0,0,0
68.681320,68.661095,121,255,235,255,23,18,73,187,0,0,0,0,0,0,0,0
68.901100,68.875092,121,255,235,255,24,17,69,186,128,0,0,0,0,0,0,0
69.175827,69.145790,121,255,235,255,23,16,70,187,128,0,0,0,0,0,0,0
69.395607,69.363579,121,255,234,255,23,16,75,187,0,0,0,0,0,0,0,0
69.670326,69.642586,121,255,234,255,23,17,73,187,128,0,0,0,0,0,0,0
69.890106,69.860703,121,255,234,255,24,16,69,187,0,0,0,0,0,0,0,0
70.109894,70.101425,122,255,234,255,22,17,69,187,128,0,0,0,0,0,0,0
70.384613,70.376595,121,255,233,255,21,15,70,187,128,0,0,0,0,0,0,0
70.604393,70.595581,121,255,233,255,23,14,73,187,128,0,0,0,0,0,0,0
70.879120,70.846718,121,255,232,255,24,15,67,187,128,0,0,0,0,0,0,0
71.098900,71.085167,121,255,232,255,23,15,64,187,0,0,0,0,0,0,0,0
71.373627,71.358559,121,255,232,255,22,17,63,187,128,0,0,0,0,0,0,0
71.593407,71.577446,121,255,232,255,23,17,68,187,128,0,0,0,0,0,0,0
71.868134,71.853645,121,255,231,255,22,15,63,188,128,0,0,0,0,0,0,0
72.087914,72.068062,121,255,231,255,23,16,67,187,128,0,0,0,0,0,0,0
72.362640,72.339020,122,255,231,255,22,15,71,187,0,0,0,0,0,0,0,0
72.582420,72.557594,121,255,230,255,23,15,72,187,128,0,0,0,0,0,0,0
72.857140,72.833046,121,255,230,255,22,15,75,187,0,0,0,0,0,0,0,0
73.076920,73.048256,121,255,230,255,23,15,58,187,128,0,0,0,0,0,0,0
73.351646,73.325920,122,255,229,255,22,16,75,188,128,0,0,0,0,0,0,0
73.571426,73.546417,121,255,229,255,22,17,64,187,0,0,0,0,0,0,0,0
73.846153,73.817894,122,255,229,255,22,15,64,187,128,0,0,0,0,0,0,0
74.065933,74.040520,122,255,228,255,23,16,65,187,0,0,0,0,0,0,0,0
74.340660,74.316254,121,255,228,255,23,16,63,187,128,0,0,0,0,0,0,0
74.560440,74.532494,121,255,228,255,23,17,58,187,0,0,0,0,0,0,0,0
74.835167,74.807869,121,255,228,255,22,18,58,187,0,0,0,0,0,0,0,0
75.054947,75.027115,121,255,227,255,23,17,58,187,128,0,0,0,0,0,0,0
75.329674,75.302696,122,255,227,255,22,15,61,188,0,0,0,0,0,0,0,0
75.549454,75.517845,121,255,226,255,23,17,63,187,128,0,0,0,0,0,0,0
75.824173,75.791519,121,255,227,255,22,15,72,187,128,0,0,0,0,0,0,0
76.043953,76.009377,122,255,226,255,22,16,71,188,0,0,0,0,0,0,0,0
76.263733,76.253616,121,255,226,255,23,16,71,187,128,0,0,0,0,0,0,0
76.538460,76.523933,121,255,225,255,22,17,72,187,0,0,0,0,0,0,0,0
76.758240,76.738976,121,255,225,255,23,15,68,187,128,0,0,0,0,0,0,0
77.032967,77.012321,121,255,225,255,22,16,72,188,128,0,0,0,0,0,0,0
77.252747,77.231102,122,255,225,255,21,15,71,188,0,0,0,0,0,0,0,0
77.527473,77.502937,121,255,224,255,23,15,62,187,128,0,0,0,0,0,0,0
77.747253,77.721405,121,255,224,255,23,15,64,187,0,0,0,0,0,0,0,0
78.021980,77.992828,121,255,224,255,22,16,68,187,0,0,0,0,0,0,0,0
78.241760,78.213120,121,255,223,255,22,16,71,188,0,0,0,0,0,0,0,0
78.516487,78.487244,121,255,223,255,23,17,71,187,128,0,0,0,0,0,0,0
78.736267,78.704567,122,255,222,255,23,15,64,188,128,0,0,0,0,0,0,0
79.010986,78.978134,121,255,222,255,22,18,59,187,0,0,0,0,0,0,0,0
79.230766,79.196030,122,255,222,255,22,14,59,188,128,0,0,0,0,0,0,0
79.505493,79.470139,121,255,222,255,23,16,68,187,0,0,0,0,0,0,0,0
79.725273,79.710464,121,255,222,255,23,17,63,188,0,0,0,0,0,0,0,0
79.945053,79.931068,121,255,222,255,23,14,59,188,128,0,0,0,0,0,0,0
80.219780,80.205704,121,255,221,255,23,15,64,187,0,0,0,0,0,0,0,0
80.439560,80.419914,121,255,221,255,22,15,55,188,128,0,0,0,0,0,0,0
80.714287,80.695396,122,255,220,255,22,15,56,187,0,0,0,0,0,0,0,0
80.934067,80.915054,121,255,220,255,23,16,63,187,0,0,0,0,0,0,0,0
81.208794,81.189972,122,255,220,255,22,16,62,188,128,0,0,0,0,0,0,0
81.428574,81.407555,121,255,219,255,22,18,52,187,0,0,0,0,0,0,0,0
81.703300,81.685905,121,255,219,255,22,15,63,187,128,0,0,0,0,0,0,0
81.923080,81.902634,122,255,219,255,22,15,63,188,0,0,0,0,0,0,0,0
82.197800,82.177544,121,255,219,255,23,16,67,187,128,0,0,0,0,0,0,0
82.417580,82.395439,121,255,219,255,23,16,68,187,128,0,0,0,0,0,0,0
82.692307,82.667122,121,255,218,255,23,17,64,188,0,0,0,0,0,0,0,0
82.912086,82.883095,121,255,218,255,22,17,64,187,128,0,0,0,0,0,0,0
83.186813,83.151863,122,255,218,255,23,16,63,187,0,0,0,0,0,0,0,0
83.406593,83.371010,121,255,217,255,22,15,56,188,128,0,0,0,0,0,0,0
83.681320,83.644402,121,255,217,255,21,15,64,187,128,0,0,0,0,0,0,0
83.901100,83.885971,121,255,217,255,22,16,63,188,0,0,0,0,0,0,0,0
84.120880,84.104187,121,255,217,255,22,17,63,187,128,0,0,0,0,0,0,0
84.395607,84.377800,121,255,217,255,22,16,73,187,0,0,0,0,0,0,0,0
84.615387,84.594902,122,255,216,255,22,16,61,188,128,0,0,0,0,0,0,0
84.890106,84.868538,122,255,216,255,21,17,59,187,128,0,0,0,0,0,0,0
85.109894,85.087234,121,255,216,255,23,18,71,187,0,0,0,0,0,0,0,0
85.384613,85.361481,122,255,216,255,22,16,71,188,128,0,0,0,0,0,0,0
85.604393,85.576691,122,255,215,255,21,16,60,188,0,0,0,0,0,0,0,0
85.879120,85.849121,121,255,215,255,23,15,71,187,0,0,0,0,0,0,0,0
86.098900,86.063019,121,255,215,255,22,15,71,187,128,0,0,0,0,0,0,0
86.373627,86.335426,121,255,215,255,22,17,64,187,0,0,0,0,0,0,0,0
86.593407,86.579124,121,255,214,255,22,16,64,187,128,0,0,0,0,0,0,0
86.813187,86.795410,121,255,214,255,22,16,74,188,0,0,0,0,0,0,0,0
87.087914,87.070282,122,255,214,255,23,18,59,188,128,0,0,0,0,0,0,0
87.307693,87.287895,122,255,213,255,23,18,71,187,128,0,0,0,0,0,0,0
87.582420,87.564133,121,255,213,255,22,17,64,187,0,0,0,0,0,0,0,0
87.802200,87.779305,122,255,213,255,22,15,61,188,128,0,0,0,0,0,0,0
88.076920,88.049789,121,255,213,255,22,17,76,187,0,0,0,0,0,0,0,0
88.296700,88.269447,122,255,213,255,23,16,72,187,0,0,0,0,0,0,0,0
88.571426,88.539932,121,255,212,255,23,16,58,187,128,0,0,0,0,0,0,0
88.791206,88.756691,122,255,212,255,23,17,66,187,0,0,0,0,0,0,0,0
89.065933,89.028786,122,255,212,255,22,14,76,188,128,0,0,0,0,0,0,0
89.285713,89.247513,122,255,211,255,22,17,71,187,0,0,0,0,0,0,0,0
89.560440,89.522942,121,255,211,255,22,16,67,188,0,0,0,0,0,0,0,0
89.780220,89.766739,121,255,211,255,22,16,51,187,128,0,0,0,0,0,0,0
90.000000,89.983864,122,255,211,255,23,17,59,187,0,0,0,0,0,0,0,0
90.274727,90.255859,121,255,210,255,23,16,64,188,128,0,0,0,0,0,0,0
90.494507,90.476196,121,255,210,255,22,17,76,187,0,0,0,0,0,0,0,0
90.769234,90.747620,122,255,210,255,22,18,79,187,128,0,0,0,0,0,0,0
90.989014,90.965721,121,255,210,255,21,16,63,188,0,0,0,0,0,0,0,0
91.263733,91.238472,122,255,210,255,23,16,77,187,0,0,0,0,0,0,0,0
91.483513,91.453377,121,255,209,255,23,16,69,187,128,0,0,0,0,0,0,0
91.758240,91.726463,121,255,209,255,23,15,64,187,0,0,0,0,0,0,0,0
91.978020,91.947639,121,255,209,255,23,15,72,188,128,0,0,0,0,0,0,0
92.252747,92.222229,121,255,208,255,23,17,64,187,0,0,0,0,0,0,0,0
92.472527,92.437637,121,255,208,255,23,17,64,187,0,0,0,0,0,0,0,0
92.747253,92.712532,121,255,208,255,23,17,75,187,128,0,0,0,0,0,0,0
92.967033,92.934181,121,255,208,255,22,19,64,187,0,0,0,0,0,0,0,0
93.241760,93.206581,121,255,207,255,22,19,65,187,128,0,0,0,0,0,0,0
93.461540,93.422821,121,255,207,255,22,17,63,187,128,0,0,0,0,0,0,0
93.736267,93.694824,121,255,207,255,22,32,71,187,0,0,0,0,0,0,0,0
93.956047,93.940071,121,255,207,255,21,18,59,187,128,0,0,0,0,0,0,0
94.175827,94.160881,121,255,206,255,22,18,75,187,0,0,0,0,0,0,0,0
94.450546,94.431679,121,255,206,255,23,17,72,187,128,0,0,0,0,0,0,0
94.670326,94.650673,122,255,205,255,22,18,65,188,128,0,0,0,0,0,0,0
94.945053,94.922707,122,255,206,255,22,17,63,188,128,0,0,0,0,0,0,0
95.164833,95.141441,121,255,205,255,21,16,72,187,128,0,0,0,0,0,0,0
95.439560,95.413483,122,255,205,255,22,18,63,188,128,0,0,0,0,0,0,0
95.659340,95.634186,121,255,204,255,22,18,71,187,128,0,0,0,0,0,0,0
95.934067,95.904259,121,255,204,255,21,17,64,188,128,0,0,0,0,0,0,0
96.153847,96.121010,121,255,204,255,23,19,64,187,128,0,0,0,0,0,0,0
96.428574,96.389343,122,255,204,255,23,16,72,187,128,0,0,0,0,0,0,0
96.648354,96.607521,121,255,203,255,22,17,76,187,0,0,0,0,0,0,0,0
96.923080,96.880676,121,255,203,255,22,17,72,187,128,0,0,0,0,0,0,0
97.142860,97.122948,121,255,202,255,21,17,68,187,0,0,0,0,0,0,0,0
97.362640,97.340439,122,255,202,255,22,17,73,188,128,0,0,0,0,0,0,0
97.637360,97.608109,121,255,202,255,23,16,63,187,128,0,0,0,0,0,0,0
97.857140,97.823784,121,255,202,255,22,17,63,187,0,0,0,0,0,0,0,0
98.131866,98.099098,121,255,201,255,23,16,63,188,128,0,0,0,0,0,0,0
98.351646,98.319801,121,255,201,255,22,17,63,187,0,0,0,0,0,0,0,0
98.626373,98.587845,121,255,201,255,22,19,59,187,0,0,0,0,0,0,0,0
98.846153,98.804604,122,255,200,255,22,18,56,188,128,0,0,0,0,0,0,0
99.120880,99.077820,122,255,200,255,23,18,63,188,0,0,0,0,0,0,0,0
99.340660,99.318886,121,255,200,255,21,16,71,188,128,0,0,0,0,0,0,0
99.560440,99.539383,121,255,200,255,22,17,75,188,0,0,0,0,0,0,0,0
99.835167,99.808151,122,255,199,255,22,17,64,188,128,0,0,0,0,0,0,0
100.054947,100.028389,121,255,198,255,22,17,72,187,128,0,0,0,0,0,0,0
100.329674,100.298248,122,255,198,255,23,16,68,188,0,0,0,0,0,0,0,0
100.549454,100.518074,121,255,198,255,22,15,71,188,128,0,0,0,0,0,0,0
100.824173,100.789253,122,255,197,255,23,19,64,187,0,0,0,0,0,0,0,0
101.043953,101.010872,121,255,197,255,21,18,77,187,128,0,0,0,0,0,0,0
101.318680,101.281593,122,255,197,255,23,18,71,187,128,0,0,0,0,0,0,0
101.538460,101.500008,122,255,197,255,22,17,64,188,0,0,0,0,0,0,0,0
101.813187,101.774078,121,255,196,255,22,17,63,188,128,0,0,0,0,0,0,0
102.032967,101.992271,121,255,196,255,21,18,63,187,0,0,0,0,0,0,0,0
102.307693,102.266357,122,255,196,255,21,17,69,187,0,0,0,0,0,0,0,0
102.527473,102.485794,122,255,196,255,22,16,63,188,128,0,0,0,0,0,0,0
102.747253,102.729134,122,255,195,255,22,17,68,187,0,0,0,0,0,0,0,0
103.021980,103.002785,121,255,195,255,22,16,75,188,128,0,0,0,0,0,0,0
103.241760,103.223076,121,255,195,255,22,17,74,187,0,0,0,0,0,0,0,0
103.516487,103.494232,122,255,195,255,22,18,67,187,128,0,0,0,0,0,0,0
103.736267,103.712234,121,255,194,255,23,17,68,187,128,0,0,0,0,0,0,0
104.010986,103.987198,121,255,193,255,24,17,63,187,0,0,0,0,0,0,0,0
104.230766,104.207283,122,255,193,255,23,17,74,187,128,0,0,0,0,0,0,0
104.505493,104.480309,122,255,193,255,22,18,63,187,0,0,0,0,0,0,0,0
104.725273,104.700729,121,255,193,255,23,17,75,187,128,0,0,0,0,0,0,0
105.000000,104.973740,121,255,192,255,22,17,76,188,128,0,0,0,0,0,0,0
105.219780,105.193108,121,255,192,255,23,18,68,187,0,0,0,0,0,0,0,0
105.494507,105.462769,121,255,192,255,23,17,66,187,128,0,0,0,0,0,0,0
105.714287,105.677429,122,255,191,255,21,16,74,187,0,0,0,0,0,0,0,0
105.989014,105.946968,121,255,191,255,23,18,74,187,0,0,0,0,0,0,0,0
106.208794,106.169540,121,255,191,255,22,17,67,187,128,0,0,0,0,0,0,0
106.483513,106.440758,122,255,190,255,22,17,72,187,0,0,0,0,0,0,0,0
106.703300,106.682121,121,255,190,255,23,17,65,187,128,0,0,0,0,0,0,0
106.923080,106.898087,121,255,190,255,23,17,77,187,0,0,0,0,0,0,0,0
107.197800,107.171120,122,255,190,255,23,17,68,188,128,0,0,0,0,0,0,0
107.417580,107.390335,121,255,189,255,22,17,68,188,128,0,0,0,0,0,0,0
107.692307,107.662727,122,255,188,255,23,17,70,188,0,0,0,0,0,0,0,0
107.912086,107.882660,121,255,188,255,22,18,68,188,128,0,0,0,0,0,0,0
108.186813,108.158394,122,255,188,255,22,18,66,188,0,0,0,0,0,0,0,0
108.406593,108.377434,121,255,187,255,23,18,71,187,128,0,0,0,0,0,0,0
108.681320,108.645584,121,255,187,255,22,17,71,187,0,0,0,0,0,0,0,0
108.901100,108.860306,121,255,187,255,22,18,60,187,0,0,0,0,0,0,0,0
109.175827,109.132561,122,255,187,255,23,19,75,188,128,0,0,0,0,0,0,0
109.395607,109.350822,122,255,186,255,21,17,67,187,0,0,0,0,0,0,0,0
109.615387,109.594879,122,255,185,255,23,17,66,188,128,0,0,0,0,0,0,0
109.890106,109.866982,122,255,185,255,22,16,64,187,128,0,0,0,0,0,0,0
110.109894,110.084045,121,255,185,255,22,16,61,188,0,0,0,0,0,0,0,0
110.384613,110.338867,121,255,184,255,22,17,73,187,128,0,0,0,0,0,0,0
110.604393,110.581474,122,255,184,255,23,18,58,188,0,0,0,0,0,0,0,0
110.879120,110.857155,121,255,184,255,24,18,56,186,0,0,0,0,0,0,0,0
111.098900,111.074493,121,255,184,255,23,17,66,187,0,0,0,0,0,0,0,0
111.373627,111.349701,122,255,183,255,22,15,68,188,0,0,0,0,0,0,0,0
111.593407,111.566040,122,255,183,255,22,16,64,188,128,0,0,0,0,0,0,0
111.868134,111.840271,121,255,182,255,23,18,63,187,0,0,0,0,0,0,0,0
112.087914,112.060753,122,255,182,255,21,18,64,188,0,0,0,0,0,0,0,0
112.362640,112.336449,121,255,182,255,22,18,61,187,0,0,0,0,0,0,0,0
112.582420,112.550293,121,255,181,255,23,16,64,187,0,0,0,0,0,0,0,0
112.857140,112.821877,122,255,181,255,23,16,59,187,128,0,0,0,0,0,0,0
113.076920,113.039719,122,255,181,255,22,17,55,188,0,0,0,0,0,0,0,0
113.351646,113.309692,122,255,181,255,22,16,64,188,128,0,0,0,0,0,0,0
113.571426,113.525543,121,255,180,255,22,15,58,187,0,0,0,0,0,0,0,0
113.846153,113.799110,121,255,180,255,23,16,62,188,128,0,0,0,0,0,0,0
114.065933,114.016968,122,255,180,255,22,17,58,187,128,0,0,0,0,0,0,0
114.285713,114.263664,121,255,179,255,23,17,72,187,0,0,0,0,0,0,0,0
114.560440,114.535187,121,255,179,255,23,16,63,188,128,0,0,0,0,0,0,0
114.780220,114.752930,121,255,179,255,23,14,60,188,0,0,0,0,0,0,0,0
115.054947,115.025230,122,255,178,255,22,15,61,188,128,0,0,0,0,0,0,0
115.274727,115.244331,122,255,178,255,22,15,64,188,128,0,0,0,0,0,0,0
115.549454,115.518555,122,255,178,255,22,17,62,187,0,0,0,0,0,0,0,0
115.769234,115.734634,122,255,177,255,22,16,58,188,128,0,0,0,0,0,0,0
116.043953,116.012039,121,255,177,255,22,18,62,188,0,0,0,0,0,0,0,0
116.263733,116.224991,122,255,177,255,23,15,64,187,0,0,0,0,0,0,0,0
116.538460,116.497612,122,255,176,255,23,15,64,187,128,0,0,0,0,0,0,0
116.758240,116.716026,121,255,176,255,22,16,55,188,0,0,0,0,0,0,0,0
117.032967,116.989685,122,255,176,255,23,15,64,187,128,0,0,0,0,0,0,0
117.252747,117.207741,121,255,175,255,22,17,60,187,0,0,0,0,0,0,0,0
117.527473,117.479301,122,255,176,255,23,17,55,188,128,0,0,0,0,0,0,0
117.747253,117.697746,122,255,175,255,22,16,58,188,128,0,0,0,0,0,0,0
117.967033,117.942001,122,255,175,255,22,15,63,188,0,0,0,0,0,0,0,0
118.241760,118.216751,122,255,174,255,24,16,52,188,128,0,0,0,0,0,0,0
118.461540,118.432991,121,255,174,255,21,15,64,187,0,0,0,0,0,0,0,0
118.736267,118.704666,122,255,174,255,23,16,60,188,128,0,0,0,0,0,0,0
118.956047,118.920586,122,255,174,255,23,16,60,188,128,0,0,0,0,0,0,0
119.230766,119.191330,121,255,173,255,22,15,50,187,0,0,0,0,0,0,0,0
119.450546,119.408241,121,255,173,255,22,18,67,188,128,0,0,0,0,0,0,0
119.725273,119.679825,122,255,173,255,23,15,56,188,0,0,0,0,0,0,0,0
119.945053,119.896729,122,255,173,255,22,15,67,188,128,0,0,0,0,0,0,0
120.164833,120.139442,122,255,172,255,23,16,63,188,128,0,0,0,0,0,0,0
120.439560,120.412628,122,255,172,255,22,15,61,188,0,0,0,0,0,0,0,0
120.659340,120.626472,121,255,172,255,22,16,59,188,128,0,0,0,0,0,0,0
120.934067,120.901581,122,255,171,255,23,14,64,188,0,0,0,0,0,0,0,0
121.153847,121.119797,121,255,172,255,22,18,60,188,128,0,0,0,0,0,0,0
121.428574,121.393707,121,255,171,255,23,16,72,187,0,0,0,0,0,0,0,0
121.648354,121.607140,122,255,171,255,22,15,58,187,0,0,0,0,0,0,0,0
121.923080,121.881676,121,255,171,255,22,16,71,187,128,0,0,0,0,0,0,0
122.142860,122.099945,122,255,170,255,22,16,63,188,0,0,0,0,0,0,0,0
122.417580,122.373131,121,255,170,255,23,18,65,188,128,0,0,0,0,0,0,0
122.637360,122.592896,122,255,170,255,23,15,56,188,128,0,0,0,0,0,0,0
122.912086,122.863907,122,255,169,255,22,16,64,188,0,0,0,0,0,0,0,0
123.131866,123.081802,121,255,170,255,22,12,63,188,128,0,0,0,0,0,0,0
123.406593,123.355873,122,255,170,255,22,16,56,188,0,0,0,0,0,0,0,0
123.626373,123.597908,122,255,169,255,23,15,45,188,128,0,0,0,0,0,0,0
123.846153,123.810661,122,255,169,255,22,16,52,188,128,0,0,0,0,0,0,0
124.120880,124.084526,122,255,168,255,23,15,60,187,0,0,0,0,0,0,0,0
124.340660,124.306168,121,255,168,255,22,15,64,188,128,0,0,0,0,0,0,0
124.615387,124.578743,122,255,168,255,22,24,61,187,0,0,0,0,0,0,0,0
124.835167,124.792206,121,255,168,255,22,16,52,188,128,0,0,0,0,0,0,0
125.109894,125.067734,121,255,168,255,24,15,55,188,0,0,0,0,0,0,0,0
125.329674,125.286667,121,255,168,255,22,14,53,187,0,0,0,0,0,0,0,0
125.604393,125.560432,122,255,168,255,23,15,48,188,128,0,0,0,0,0,0,0
125.824173,125.775208,121,255,167,255,23,15,62,188,0,0,0,0,0,0,0,0
126.098900,126.047806,121,255,167,255,23,16,46,188,128,0,0,0,0,0,0,0
126.318680,126.267860,121,255,167,255,22,15,64,188,0,0,0,0,0,0,0,0
126.538460,126.507187,121,255,167,255,21,16,59,188,0,0,0,0,0,0,0,0
126.813187,126.779228,121,255,167,255,23,16,66,188,128,0,0,0,0,0,0,0
127.032967,126.996445,122,255,167,255,23,14,67,188,0,0,0,0,0,0,0,0
127.307693,127.274574,121,255,166,255,22,16,67,187,128,0,0,0,0,0,0,0
127.527473,127.489258,122,255,166,255,22,15,64,187,0,0,0,0,0,0,0,0
127.802200,127.756783,121,255,167,255,22,16,71,187,128,0,0,0,0,0,0,0
128.021973,127.971970,121,255,166,255,21,16,71,187,128,0,0,0,0,0,0,0
128.241760,128.212921,122,255,166,255,21,16,69,187,0,0,0,0,0,0,0,0
128.516479,128.484497,122,255,166,255,23,15,63,188,128,0,0,0,0,0,0,0
128.736267,128.702179,121,255,166,255,21,16,53,187,0,0,0,0,0,0,0,0
129.010986,128.974380,121,255,166,255,22,15,64,187,128,0,0,0,0,0,0,0
129.230774,129.191605,122,255,165,255,23,15,71,187,128,0,0,0,0,0,0,0
129.505493,129.464111,121,255,165,255,23,15,64,187,0,0,0,0,0,0,0,0
129.725281,129.681870,122,255,165,255,22,16,63,188,128,0,0,0,0,0,0,0
130.000000,129.951981,122,255,165,255,21,16,55,188,0,0,0,0,0,0,0,0
130.219788,130.169098,122,255,164,255,22,15,64,188,128,0,0,0,0,0,0,0
130.494507,130.439972,122,255,165,255,23,15,66,188,128,0,0,0,0,0,0,0
130.714279,130.681992,121,255,164,255,22,19,51,187,0,0,0,0,0,0,0,0
130.934067,130.898117,122,255,164,255,22,16,56,188,128,0,0,0,0,0,0,0
131.208786,131.175110,122,255,164,255,24,18,52,188,0,0,0,0,0,0,0,0
131.428574,131.390503,122,255,164,255,22,14,56,189,0,0,0,0,0,0,0,0
131.703293,131.657089,121,255,164,255,23,14,53,188,0,0,0,0,0,0,0,0
131.923080,131.873260,121,255,164,255,22,14,58,187,0,0,0,0,0,0,0,0
132.197800,132.143448,121,255,164,255,22,17,47,187,128,0,0,0,0,0,0,0
132.417587,132.362137,122,255,164,255,21,16,55,187,0,0,0,0,0,0,0,0
132.637360,132.605026,121,255,163,255,21,16,59,188,128,0,0,0,0,0,0,0
132.912094,132.876587,121,255,163,255,23,14,62,187,0,0,0,0,0,0,0,0
133.131866,133.094559,122,255,164,255,22,16,68,187,0,0,0,0,0,0,0,0
133.406601,133.367828,121,255,163,255,22,16,59,188,128,0,0,0,0,0,0,0
133.626373,133.584198,121,255,163,255,22,15,63,188,0,0,0,0,0,0,0,0
133.901093,133.854416,121,255,163,255,22,16,56,187,128,0,0,0,0,0,0,0
134.120880,134.071381,121,255,163,255,23,17,67,188,0,0,0,0,0,0,0,0
134.395599,134.344208,122,255,163,255,22,15,49,187,0,0,0,0,0,0,0,0
134.615387,134.561066,121,255,163,255,21,18,69,187,128,0,0,0,0,0,0,0
134.890106,134.834061,122,255,163,255,22,16,60,188,0,0,0,0,0,0,0,0
135.109894,135.079300,121,255,163,255,23,16,59,187,128,0,0,0,0,0,0,0
135.329666,135.292252,121,255,163,255,22,18,72,187,128,0,0,0,0,0,0,0
135.604401,135.565338,121,255,163,255,21,17,70,187,0,0,0,0,0,0,0,0
135.824173,135.782364,121,255,162,255,21,16,76,187,128,0,0,0,0,0,0,0
136.098907,136.057114,121,255,163,255,22,15,63,188,0,0,0,0,0,0,0,0
136.318680,136.269028,121,255,163,255,22,15,63,188,0,0,0,0,0,0,0,0
136.593399,136.542831,121,255,163,255,22,18,71,187,0,0,0,0,0,0,0,0
136.813187,136.758545,122,255,163,255,22,16,63,187,0,0,0,0,0,0,0,0
137.087906,137.030930,121,255,163,255,22,17,63,187,128,0,0,0,0,0,0,0
137.307693,137.275589,122,255,162,255,22,15,52,187,0,0,0,0,0,0,0,0
137.527466,137.490524,122,255,162,255,23,16,64,187,128,0,0,0,0,0,0,0
137.802200,137.766418,121,255,162,255,22,16,68,187,128,0,0,0,0,0,0,0
138.021973,137.978867,121,255,162,255,22,18,55,188,0,0,0,0,0,0,0,0
138.296707,138.251785,121,255,163,255,21,16,76,187,128,0,0,0,0,0,0,0
138.516479,138.466934,121,255,162,255,22,15,79,187,0,0,0,0,0,0,0,0
138.791214,138.739548,122,255,162,255,22,18,64,187,128,0,0,0,0,0,0,0
139.010986,138.957184,121,255,162,255,23,16,72,187,0,0,0,0,0,0,0,0
139.285721,139.229538,121,255,162,255,23,17,80,187,0,0,0,0,0,0,0,0
139.505493,139.472672,121,255,162,255,22,15,67,188,128,0,0,0,0,0,0,0
139.725281,139.688171,122,255,162,255,21,17,83,188,0,0,0,0,0,0,0,0
140.000000,139.963486,122,255,161,255,21,15,82,187,128,0,0,0,0,0,0,0
140.219788,140.178375,121,255,161,255,22,19,63,187,128,0,0,0,0,0,0,0
140.494507,140.448654,121,255,162,255,22,15,72,187,0,0,0,0,0,0,0,0
140.714279,140.665405,121,255,161,255,22,17,66,188,128,0,0,0,0,0,0,0
140.989014,140.936630,121,255,162,255,22,18,53,188,0,0,0,0,0,0,0,0
141.208786,141.154694,121,255,161,255,21,16,58,187,0,0,0,0,0,0,0,0
141.483521,141.427597,121,255,161,255,21,18,64,187,0,0,0,0,0,0,0,0
141.703293,141.667297,121,255,161,255,21,15,49,188,0,0,0,0,0,0,0,0
141.923080,141.883484,122,255,161,255,21,19,54,187,128,0,0,0,0,0,0,0
142.197800,142.155060,121,255,161,255,21,17,51,188,0,0,0,0,0,0,0,0
142.417587,142.374207,122,255,161,255,21,17,54,188,128,0,0,0,0,0,0,0
142.692307,142.647491,121,255,161,255,21,17,48,187,0,0,0,0,0,0,0,0
142.912094,142.862839,122,255,161,255,22,18,61,187,0,0,0,0,0,0,0,0
143.186813,143.133636,121,255,161,255,22,16,48,188,128,0,0,0,0,0,0,0
143.406601,143.353043,122,255,161,255,21,18,56,188,0,0,0,0,0,0,0,0
143.681320,143.626282,121,255,161,255,21,17,64,187,128,0,0,0,0,0,0,0
143.901093,143.842407,122,255,161,255,23,16,40,188,0,0,0,0,0,0,0,0
144.120880,144.083511,122,255,161,255,22,17,64,188,0,0,0,0,0,0,0,0
144.395599,144.357849,122,255,161,255,21,17,64,188,128,0,0,0,0,0,0,0
144.615387,144.573822,122,255,160,255,21,18,60,188,0,0,0,0,0,0,0,0
144.890106,144.843063,122,255,161,255,22,18,50,188,128,0,0,0,0,0,0,0
145.109894,145.057114,121,255,161,255,22,18,72,187,0,0,0,0,0,0,0,0
145.384613,145.330292,121,255,161,255,22,18,75,187,128,0,0,0,0,0,0,0
145.604401,145.547363,122,255,161,255,20,17,69,188,128,0,0,0,0,0,0,0
145.879120,145.819275,121,255,161,255,21,16,71,187,0,0,0,0,0,0,0,0
146.098907,146.061386,121,255,161,255,22,18,76,187,128,0,0,0,0,0,0,0
146.318680,146.280487,121,255,161,255,21,18,75,187,0,0,0,0,0,0,0,0
146.593399,146.552582,121,255,161,255,21,18,71,187,128,0,0,0,0,0,0,0
146.813187,146.766785,122,255,161,255,21,19,76,188,128,0,0,0,0,0,0,0
147.087906,147.037323,121,255,160,255,21,18,76,187,0,0,0,0,0,0,0,0
147.307693,147.256943,121,255,161,255,22,18,68,187,128,0,0,0,0,0,0,0
147.582413,147.530807,121,255,161,255,22,17,53,187,0,0,0,0,0,0,0,0
147.802200,147.747452,122,255,161,255,22,19,56,188,128,0,0,0,0,0,0,0
148.076920,148.019653,122,255,160,255,21,18,61,187,128,0,0,0,0,0,0,0
148.296707,148.239731,121,255,161,255,22,24,74,187,0,0,0,0,0,0,0,0
148.571426,148.510544,122,255,160,255,21,17,75,188,128,0,0,0,0,0,0,0
148.791214,148.755173,121,255,161,255,21,16,76,187,0,0,0,0,0,0,0,0
149.010986,148.970093,122,255,160,255,22,17,56,188,128,0,0,0,0,0,0,0
149.285721,149.240845,121,255,161,255,21,19,53,188,128,0,0,0,0,0,0,0
149.505493,149.456863,122,255,161,255,21,16,59,188,0,0,0,0,0,0,0,0
149.780212,149.728653,121,255,160,255,23,16,63,188,128,0,0,0,0,0,0,0
150.000000,149.944672,121,255,161,255,23,17,68,187,0,0,0,0,0,0,0,0
150.274719,150.216522,121,255,160,255,22,18,64,187,0,0,0,0,0,0,0,0
150.494507,150.434570,121,255,161,255,21,17,59,187,128,0,0,0,0,0,0,0
150.714279,150.676193,122,255,161,255,21,16,75,187,0,0,0,0,0,0,0,0
150.989014,150.946152,121,255,161,255,23,17,68,188,128,0,0,0,0,0,0,0
151.208786,151.164398,121,255,161,255,21,16,55,188,0,0,0,0,0,0,0,0
151.483521,151.437042,121,255,161,255,21,18,79,187,128,0,0,0,0,0,0,0
151.703293,151.657654,121,255,160,255,21,17,43,188,128,0,0,0,0,0,0,0
151.978027,151.928635,121,255,160,255,21,18,59,187,0,0,0,0,0,0,0,0
152.197800,152.147278,121,255,160,255,22,17,56,187,128,0,0,0,0,0,0,0
152.472534,152.417084,121,255,160,255,22,19,47,188,0,0,0,0,0,0,0,0
152.692307,152.632065,121,255,161,255,21,15,71,188,128,0,0,0,0,0,0,0
152.912094,152.874619,121,255,161,255,20,18,64,187,0,0,0,0,0,0,0,0
153.186813,153.146500,121,255,160,255,22,17,51,187,0,0,0,0,0,0,0,0
153.406601,153.365082,121,255,160,255,20,17,72,187,128,0,0,0,0,0,0,0
153.681320,153.637665,121,255,160,255,20,17,47,187,0,0,0,0,0,0,0,0
153.901093,153.856339,121,255,160,255,21,17,72,187,128,0,0,0,0,0,0,0
154.175827,154.128799,121,255,161,255,22,18,55,187,0,0,0,0,0,0,0,0
154.395599,154.345123,122,255,160,255,22,16,63,188,0,0,0,0,0,0,0,0
154.670334,154.621124,121,255,160,255,21,15,55,188,128,0,0,0,0,0,0,0
154.890106,154.837769,121,255,161,255,21,16,64,187,0,0,0,0,0,0,0,0
155.164841,155.112411,121,255,160,255,22,17,52,187,128,0,0,0,0,0,0,0
155.384613,155.333069,122,255,161,255,21,18,63,188,0,0,0,0,0,0,0,0
155.659348,155.606308,122,255,160,255,22,17,47,188,0,0,0,0,0,0,0,0
155.879120,155.820374,122,255,161,255,22,19,72,188,128,0,0,0,0,0,0,0
156.153839,156.093338,122,255,160,255,21,17,55,187,0,0,0,0,0,0,0,0
156.373627,156.309784,121,255,160,255,20,19,56,188,128,0,0,0,0,0,0,0
156.593399,156.555496,122,255,161,255,20,19,72,188,128,0,0,0,0,0,0,0
156.868134,156.824066,122,255,160,255,21,18,53,188,0,0,0,0,0,0,0,0
157.087906,157.045303,122,255,160,255,21,17,72,187,128,0,0,0,0,0,0,0
157.362640,157.317291,122,255,161,255,22,17,63,188,0,0,0,0,0,0,0,0
157.582413,157.538177,122,255,161,255,21,18,64,187,128,0,0,0,0,0,0,0
157.857147,157.809433,121,255,161,255,20,19,71,187,0,0,0,0,0,0,0,0
158.076920,158.024551,121,255,161,255,22,19,64,188,128,0,0,0,0,0,0,0
158.351654,158.295929,121,255,161,255,21,18,63,187,128,0,0,0,0,0,0,0
158.571426,158.512985,121,255,160,255,22,19,52,188,0,0,0,0,0,0,0,0
158.846161,158.788452,121,255,160,255,22,19,74,187,128,0,0,0,0,0,0,0
159.065933,159.005844,122,255,161,255,22,18,64,187,0,0,0,0,0,0,0,0
159.340652,159.279709,121,255,161,255,21,18,63,187,128,0,0,0,0,0,0,0
159.560440,159.496643,122,255,161,255,21,17,87,188,128,0,0,0,0,0,0,0
159.780212,159.741165,121,255,161,255,21,17,72,187,0,0,0,0,0,0,0,0
160.054947,160.014236,121,255,161,255,21,17,79,187,128,0,0,0,0,0,0,0
160.274719,160.228455,121,255,161,255,21,19,79,187,0,0,0,0,0,0,0,0
160.549454,160.500595,121,255,161,255,21,19,79,187,0,0,0,0,0,0,0,0
160.769226,160.716507,121,255,161,255,21,17,87,187,128,0,0,0,0,0,0,0
161.043961,160.988922,121,255,161,255,22,17,80,187,0,0,0,0,0,0,0,0
161.263733,161.206451,122,255,161,255,21,19,79,187,128,0,0,0,0,0,0,0
161.538467,161.476883,121,255,161,255,20,18,77,187,0,0,0,0,0,0,0,0
161.758240,161.693222,122,255,161,255,21,17,73,187,128,0,0,0,0,0,0,0
161.978027,161.938690,121,255,161,255,21,17,63,188,128,0,0,0,0,0,0,0
162.252747,162.211349,121,255,161,255,21,17,71,187,0,0,0,0,0,0,0,0
162.472534,162.428421,121,255,160,255,23,17,64,187,128,0,0,0,0,0,0,0
162.747253,162.696365,121,255,160,255,21,16,55,187,0,0,0,0,0,0,0,0
162.967026,162.910934,122,255,160,255,22,19,74,188,0,0,0,0,0,0,0,0
163.241760,163.185944,121,255,160,255,22,17,59,187,0,0,0,0,0,0,0,0
163.461533,163.403519,121,255,160,255,22,18,55,187,0,0,0,0,0,0,0,0
163.736267,163.676010,121,255,160,255,22,16,55,187,128,0,0,0,0,0,0,0
163.956039,163.892593,121,255,160,255,21,16,55,187,0,0,0,0,0,0,0,0
164.230774,164.168427,121,255,160,255,21,18,47,188,128,0,0,0,0,0,0,0
164.450546,164.384354,121,255,160,255,22,16,64,187,0,0,0,0,0,0,0,0
164.725281,164.659485,121,255,160,255,21,19,64,187,0,0,0,0,0,0,0,0
164.945053,164.898376,121,255,160,255,23,19,64,187,128,0,0,0,0,0,0,0
165.164841,165.115387,121,255,160,255,21,18,63,187,0,0,0,0,0,0,0,0
165.439560,165.388428,121,255,160,255,21,17,56,187,0,0,0,0,0,0,0,0
165.659348,165.606110,121,255,160,255,21,19,84,187,0,0,0,0,0,0,0,0
165.934067,165.877014,121,255,160,255,21,17,72,188,0,0,0,0,0,0,0,0
166.153839,166.094589,121,255,160,255,21,18,79,187,128,0,0,0,0,0,0,0
166.428574,166.364197,122,255,160,255,22,18,87,187,0,0,0,0,0,0,0,0
166.648346,166.583969,121,255,160,255,20,19,79,187,128,0,0,0,0,0,0,0
166.868134,166.825531,121,255,160,255,21,20,75,187,0,0,0,0,0,0,0,0
167.142853,167.093979,121,255,160,255,23,18,87,187,0,0,0,0,0,0,0,0
167.362640,167.313553,121,255,160,255,23,18,82,187,128,0,0,0,0,0,0,0
167.637360,167.585236,121,255,159,255,21,19,80,187,0,0,0,0,0,0,0,0
167.857147,167.804535,121,255,160,255,22,17,71,187,128,0,0,0,0,0,0,0
168.131866,168.071793,121,255,160,255,21,19,78,187,0,0,0,0,0,0,0,0
168.351654,168.289948,121,255,160,255,22,17,64,187,0,0,0,0,0,0,0,0
168.626373,168.562637,121,255,159,255,20,17,55,188,128,0,0,0,0,0,0,0
168.846161,168.780884,121,255,159,255,22,19,63,188,0,0,0,0,0,0,0,0
169.120880,169.054871,121,255,159,255,21,18,48,187,128,0,0,0,0,0,0,0
169.340652,169.297928,121,255,159,255,21,17,51,188,128,0,0,0,0,0,0,0
169.560440,169.514267,121,255,159,255,22,19,55,187,0,0,0,0,0,0,0,0
169.835159,169.787292,121,255,159,255,22,17,52,188,128,0,0,0,0,0,0,0
170.054947,170.008316,121,255,159,255,22,18,64,187,0,0,0,0,0,0,0,0
170.329666,170.277557,121,255,159,255,22,18,64,187,0,0,0,0,0,0,0,0
170.549454,170.494156,121,255,158,255,21,19,72,187,0,0,0,0,0,0,0,0
170.824173,170.761047,121,255,158,255,21,17,64,187,0,0,0,0,0,0,0,0
171.043961,170.984344,121,255,159,255,21,19,68,187,128,0,0,0,0,0,0,0
171.318680,171.260757,121,255,159,255,23,17,57,188,0,0,0,0,0,0,0,0
171.538467,171.477264,122,255,159,255,21,18,64,187,128,0,0,0,0,0,0,0
171.813187,171.752075,121,255,158,255,21,18,64,188,0,0,0,0,0,0,0,0
172.032974,171.972824,121,255,159,255,20,19,64,187,128,0,0,0,0,0,0,0
172.307693,172.246521,121,255,158,255,20,18,63,187,128,0,0,0,0,0,0,0
172.527466,172.466080,122,255,158,255,21,17,59,188,0,0,0,0,0,0,0,0
172.802200,172.737823,121,255,158,255,21,17,63,187,128,0,0,0,0,0,0,0
173.021973,172.957642,121,255,159,255,22,17,47,187,128,0,0,0,0,0,0,0
173.296707,173.230774,121,255,158,255,22,18,55,187,128,0,0,0,0,0,0,0
173.516479,173.449921,121,255,159,255,22,18,63,187,128,0,0,0,0,0,0,0
173.791214,173.722122,121,255,159,255,21,18,55,188,0,0,0,0,0,0,0,0
174.010986,173.965195,122,255,158,255,20,19,55,188,128,0,0,0,0,0,0,0
174.230774,174.179138,121,255,158,255,21,18,64,188,0,0,0,0,0,0,0,0
174.505493,174.453949,121,255,158,255,21,252,64,188,128,0,0,0,0,0,0,0
174.725281,174.671997,122,255,159,255,21,252,56,187,128,0,0,0,0,0,0,0
175.000000,174.948471,121,255,158,255,21,252,64,188,0,0,0,0,0,0,0,0
175.219788,175.161270,122,255,158,255,23,252,64,187,0,0,0,0,0,0,0,0
175.494507,175.432327,121,255,158,255,21,251,56,187,0,0,0,0,0,0,0,0
175.714279,175.651733,121,255,158,255,21,252,68,187,128,0,0,0,0,0,0,0
175.989014,175.921799,121,255,158,255,22,252,64,188,0,0,0,0,0,0,0,0
176.208786,176.162369,121,255,158,255,22,251,64,187,128,0,0,0,0,0,0,0
176.428574,176.382614,121,255,158,255,22,252,64,187,128,0,0,0,0,0,0,0
176.703293,176.658295,121,255,158,255,21,252,73,187,0,0,0,0,0,0,0,0
176.923080,176.877335,121,255,159,255,21,252,72,187,128,0,0,0,0,0,0,0
177.197800,177.149231,121,255,158,255,22,252,72,187,0,0,0,0,0,0,0,0
177.417587,177.369827,121,255,158,255,21,252,64,187,128,0,0,0,0,0,0,0
177.692307,177.643906,121,255,159,255,22,252,64,188,0,0,0,0,0,0,0,0
177.912094,177.860657,121,255,159,255,21,252,80,187,0,0,0,0,0,0,0,0
178.186813,178.134369,121,255,158,255,21,252,68,187,128,0,0,0,0,0,0,0
178.406601,178.352524,121,255,158,255,21,252,86,187,0,0,0,0,0,0,0,0
178.681320,178.626541,121,255,159,255,22,252,67,187,128,0,0,0,0,0,0,0
178.901093,178.840500,121,255,158,255,21,252,59,187,0,0,0,0,0,0,0,0
179.175827,179.115082,121,255,159,255,21,251,71,187,0,0,0,0,0,0,0,0
179.395599,179.334076,121,255,158,255,21,252,72,187,128,0,0,0,0,0,0,0
179.670334,179.605652,122,255,158,255,21,252,63,187,0,0,0,0,0,0,0,0
179.890106,179.820587,121,255,158,255,21,252,64,187,128,0,0,0,0,0,0,0
180.164841,180.093369,121,255,158,255,21,252,64,187,0,0,0,0,0,0,0,0
180.384613,180.338242,121,255,158,255,21,251,72,187,0,0,0,0,0,0,0,0
180.604401,180.556763,121,255,158,255,21,251,64,187,128,0,0,0,0,0,0,0
180.879120,180.829803,121,255,158,255,21,252,66,187,0,0,0,0,0,0,0,0
181.098907,181.050568,121,255,158,255,22,252,71,187,128,0,0,0,0,0,0,0
181.373627,181.324844,121,255,158,255,21,252,59,188,0,0,0,0,0,0,0,0
181.593399,181.539932,121,255,158,255,22,252,47,187,128,0,0,0,0,0,0,0
181.868134,181.812622,121,255,158,255,22,252,55,187,128,0,0,0,0,0,0,0
182.087906,182.032104,121,255,158,255,22,251,47,187,0,0,0,0,0,0,0,0
182.362640,182.304657,121,255,158,255,22,251,64,187,128,0,0,0,0,0,0,0
182.582413,182.522110,121,255,158,255,21,251,64,187,0,0,0,0,0,0,0,0
182.857147,182.791351,122,255,158,255,21,252,49,187,128,0,0,0,0,0,0,0
183.076920,183.007690,121,255,158,255,21,252,50,187,128,0,0,0,0,0,0,0
183.351654,183.282333,122,255,157,255,23,252,70,188,0,0,0,0,0,0,0,0
183.571426,183.522751,121,255,158,255,21,251,79,187,128,0,0,0,0,0,0,0
183.791214,183.740494,121,255,158,255,21,252,77,187,0,0,0,0,0,0,0,0
184.065933,184.010864,121,255,158,255,21,252,69,187,128,0,0,0,0,0,0,0
184.285721,184.231628,121,255,158,255,21,252,72,187,128,0,0,0,0,0,0,0
184.560440,184.502899,121,255,158,255,22,251,71,187,0,0,0,0,0,0,0,0
184.780212,184.719559,121,255,157,255,22,252,75,187,128,0,0,0,0,0,0,0
185.054947,184.993668,122,255,158,255,22,251,75,187,128,0,0,0,0,0,0,0
185.274719,185.213547,122,255,157,255,20,251,63,187,128,0,0,0,0,0,0,0
185.549454,185.481796,121,255,157,255,21,252,63,187,128,0,0,0,0,0,0,0
185.769226,185.703354,122,255,158,255,21,251,63,187,0,0,0,0,0,0,0,0
186.043961,185.975647,121,255,157,255,21,2,54,188,128,0,0,0,0,0,0,0
186.263733,186.196335,121,255,158,255,22,3,72,187,0,0,0,0,0,0,0,0
186.538467,186.468338,122,255,157,255,21,2,70,187,128,0,0,0,0,0,0,0
186.758240,186.684662,121,255,157,255,21,2,73,187,128,0,0,0,0,0,0,0
186.978027,186.927643,121,255,157,255,21,2,63,187,0,0,0,0,0,0,0,0
187.252747,187.197495,122,255,157,255,21,2,63,187,128,0,0,0,0,0,0,0
187.472534,187.414612,121,255,157,255,22,2,63,187,0,0,0,0,0,0,0,0
187.747253,187.682816,121,255,157,255,23,2,59,187,128,0,0,0,0,0,0,0
187.967026,187.900528,122,255,157,255,23,2,52,187,0,0,0,0,0,0,0,0
188.241760,188.173386,122,255,157,255,21,2,64,187,0,0,0,0,0,0,0,0
188.461533,188.393784,121,255,156,255,23,3,64,187,128,0,0,0,0,0,0,0
188.736267,188.665771,121,255,156,255,22,2,76,187,0,0,0,0,0,0,0,0
188.956039,188.883301,121,255,155,255,23,2,63,187,128,0,0,0,0,0,0,0
189.230774,189.157333,122,255,156,255,21,2,63,187,0,0,0,0,0,0,0,0
189.450546,189.398590,122,255,156,255,22,3,57,187,0,0,0,0,0,0,0,0
189.670334,189.612793,121,255,155,255,22,3,64,187,128,0,0,0,0,0,0,0
189.945053,189.885040,122,255,156,255,22,2,56,188,0,0,0,0,0,0,0,0
190.164841,190.100235,121,255,155,255,23,2,55,187,128,0,0,0,0,0,0,0
190.439560,190.371033,121,255,155,255,22,2,56,188,128,0,0,0,0,0,0,0
190.659348,190.589661,121,255,155,255,22,2,74,187,0,0,0,0,0,0,0,0
190.934067,190.861237,122,255,155,255,22,2,74,187,0,0,0,0,0,0,0,0
191.153839,191.082993,121,255,155,255,24,3,73,187,0,0,0,0,0,0,0,0
191.373627,191.323563,121,255,155,255,22,2,63,187,128,0,0,0,0,0,0,0
191.648346,191.594925,122,255,155,255,23,3,48,188,128,0,0,0,0,0,0,0
191.868134,191.811996,122,255,154,255,23,3,49,188,0,0,0,0,0,0,0,0
192.142853,192.083054,121,255,154,255,23,2,49,187,128,0,0,0,0,0,0,0
192.362640,192.296631,121,255,155,255,23,3,52,188,0,0,0,0,0,0,0,0
192.637360,192.568161,121,255,155,255,24,2,64,188,128,0,0,0,0,0,0,0
192.857147,192.786713,121,255,155,255,23,2,56,187,0,0,0,0,0,0,0,0
193.131866,193.059814,122,255,155,255,23,2,64,188,0,0,0,0,0,0,0,0
193.351654,193.279556,121,255,155,255,22,3,59,188,128,0,0,0,0,0,0,0
193.626373,193.550751,121,255,155,255,24,2,76,188,0,0,0,0,0,0,0,0
193.846161,193.771362,122,255,156,255,23,2,55,188,128,0,0,0,0,0,0,0
194.065933,194.015045,122,255,155,255,23,2,52,188,0,0,0,0,0,0,0,0
194.340652,194.287506,122,255,154,255,23,2,63,188,128,0,0,0,0,0,0,0
194.560440,194.502228,121,255,156,255,24,2,66,188,128,0,0,0,0,0,0,0
194.835159,194.776413,122,255,155,255,24,2,63,188,0,0,0,0,0,0,0,0
195.054947,194.996185,122,255,155,255,25,3,72,188,128,0,0,0,0,0,0,0
195.329666,195.269882,122,255,155,255,23,3,54,188,0,0,0,0,0,0,0,0
195.549454,195.487000,122,255,155,255,23,2,80,188,0,0,0,0,0,0,0,0
195.824173,195.755829,121,255,155,255,23,2,63,188,128,0,0,0,0,0,0,0
196.043961,195.972427,122,255,155,255,23,2,63,188,128,0,0,0,0,0,0,0
196.318680,196.243423,122,255,155,255,25,3,68,188,128,0,0,0,0,0,0,0
196.538467,196.460754,122,255,155,255,23,3,71,188,128,0,0,0,0,0,0,0
196.758240,196.703979,122,255,154,255,24,2,63,188,0,0,0,0,0,0,0,0
197.032974,196.980545,121,255,154,255,24,2,55,188,128,0,0,0,0,0,0,0
197.252747,197.194656,122,255,154,255,23,2,59,188,0,0,0,0,0,0,0,0
197.527466,197.467117,122,255,154,255,23,2,47,188,128,0,0,0,0,0,0,0
197.747253,197.686844,122,255,154,255,23,2,64,188,0,0,0,0,0,0,0,0
198.021973,197.958252,122,255,154,255,23,3,64,188,128,0,0,0,0,0,0,0
198.241760,198.174759,122,255,154,255,23,2,72,188,128,0,0,0,0,0,0,0
198.516479,198.447632,122,255,154,255,23,2,84,188,0,0,0,0,0,0,0,0
198.736267,198.664993,121,255,153,255,23,2,74,188,128,0,0,0,0,0,0,0
199.010986,198.935226,122,255,152,255,22,2,63,188,0,0,0,0,0,0,0,0
199.230774,199.175278,122,255,153,255,23,3,75,188,128,0,0,0,0,0,0,0
199.450546,199.388809,122,255,153,255,23,2,75,188,128,0,0,0,0,0,0,0
199.725281,199.663513,122,255,152,255,23,3,63,188,0,0,0,0,0,0,0,0
199.945053,199.882034,122,255,153,255,23,2,63,188,128,0,0,0,0,0,0,0
200.219788,200.158447,122,255,153,255,23,3,51,188,0,0,0,0,0,0,0,0
200.439560,200.377182,122,255,152,255,25,3,47,188,128,0,0,0,0,0,0,0
200.714279,200.647766,122,255,153,255,23,3,55,188,128,0,0,0,0,0,0,0
200.934067,200.866028,122,255,153,255,23,2,55,188,0,0,0,0,0,0,0,0
201.208786,201.134842,122,255,153,255,24,3,59,188,128,0,0,0,0,0,0,0
201.428574,201.355347,122,255,153,255,23,3,55,188,0,0,0,0,0,0,0,0
201.703293,201.631500,122,255,153,255,25,2,53,188,128,0,0,0,0,0,0,0
201.923080,201.845551,122,255,153,255,22,3,51,188,128,0,0,0,0,0,0,0
202.197800,202.118423,122,255,153,255,23,3,47,188,0,0,0,0,0,0,0,0
202.417587,202.358795,122,255,153,255,23,3,53,188,128,0,0,0,0,0,0,0
202.637360,202.577377,122,255,153,255,23,2,55,188,0,0,0,0,0,0,0,0
202.912094,202.852219,122,255,153,255,23,3,55,188,128,0,0,0,0,0,0,0
203.131866,203.069397,122,255,152,255,23,3,55,188,0,0,0,0,0,0,0,0
203.406601,203.337646,122,255,153,255,23,3,48,188,0,0,0,0,0,0,0,0
203.626373,203.552887,122,255,153,255,23,3,40,188,128,0,0,0,0,0,0,0
203.901093,203.826797,122,255,153,255,24,2,48,188,0,0,0,0,0,0,0,0
204.120880,204.041946,122,255,152,255,24,3,48,188,128,0,0,0,0,0,0,0
204.340652,204.283936,122,255,153,255,24,2,40,188,128,0,0,0,0,0,0,0
204.615387,204.557846,122,255,152,255,23,2,52,188,0,0,0,0,0,0,0,0
204.835159,204.776520,122,255,152,255,25,2,64,188,128,0,0,0,0,0,0,0
205.109894,205.048782,122,255,153,255,23,2,66,188,0,0,0,0,0,0,0,0
205.329666,205.266739,122,255,152,255,22,2,68,188,128,0,0,0,0,0,0,0
205.604401,205.539032,122,255,152,255,24,3,68,188,128,0,0,0,0,0,0,0
205.824173,205.759872,122,255,152,255,22,2,76,187,0,0,0,0,0,0,0,0
206.098907,206.029556,122,255,152,255,23,2,74,188,128,0,0,0,0,0,0,0
206.318680,206.244843,122,255,152,255,23,2,63,188,0,0,0,0,0,0,0,0
206.593399,206.516785,121,255,153,255,24,3,55,188,128,0,0,0,0,0,0,0
206.813187,206.734222,121,255,152,255,24,2,53,188,0,0,0,0,0,0,0,0
207.032974,206.974228,122,255,152,255,23,2,52,188,0,0,0,0,0,0,0,0
207.307693,207.244919,122,255,153,255,22,2,64,188,128,0,0,0,0,0,0,0
207.527466,207.467224,122,255,152,255,23,2,64,188,0,0,0,0,0,0,0,0
207.802200,207.739227,122,255,153,255,24,2,64,188,128,0,0,0,0,0,0,0
208.021973,207.955505,122,255,152,255,24,2,48,188,0,0,0,0,0,0,0,0
208.296707,208.224380,122,255,153,255,23,3,48,188,0,0,0,0,0,0,0,0
208.516479,208.443161,122,255,153,255,24,2,52,188,128,0,0,0,0,0,0,0
208.791214,208.716095,122,255,153,255,23,2,48,188,0,0,0,0,0,0,0,0
209.010986,208.935760,122,255,154,255,24,2,40,188,128,0,0,0,0,0,0,0
209.285721,209.212280,122,255,155,255,24,2,36,188,0,0,0,0,0,0,0,0
209.505493,209.430115,122,255,155,255,24,2,37,188,0,0,0,0,0,0,0,0
209.780212,209.704651,122,255,155,255,24,2,39,188,128,0,0,0,0,0,0,0
210.000000,209.919693,122,255,156,255,24,2,39,188,0,0,0,0,0,0,0,0
210.274719,210.193588,122,255,156,255,24,2,31,188,128,0,0,0,0,0,0,0
210.494507,210.436539,122,255,157,255,23,3,31,187,0,0,0,0,0,0,0,0
210.714279,210.653076,122,255,157,255,23,3,29,188,128,0,0,0,0,0,0,0
210.989014,210.924347,122,255,158,255,23,2,39,188,128,0,0,0,0,0,0,0
211.208786,211.140884,122,255,157,255,23,3,31,188,0,0,0,0,0,0,0,0
211.483521,211.409454,122,255,158,255,23,3,27,188,128,0,0,0,0,0,0,0
211.703293,211.632126,122,255,158,255,24,2,33,188,0,0,0,0,0,0,0,0
211.978027,211.905365,122,255,158,255,25,3,23,188,0,0,0,0,0,0,0,0
212.197800,212.122025,122,255,159,255,22,2,32,188,128,0,0,0,0,0,0,0
212.472534,212.395279,122,255,159,255,23,2,48,188,0,0,0,0,0,0,0,0
212.692307,212.615921,122,255,159,255,23,3,64,188,128,0,0,0,0,0,0,0
212.967026,212.888901,122,255,159,255,22,2,56,188,0,0,0,0,0,0,0,0
213.186813,213.106537,122,255,159,255,23,2,63,188,0,0,0,0,0,0,0,0
213.461533,213.383392,122,255,159,255,22,2,55,188,128,0,0,0,0,0,0,0
213.681320,213.602829,122,255,160,255,23,2,55,188,0,0,0,0,0,0,0,0
213.956039,213.875092,122,255,160,255,23,2,63,188,128,0,0,0,0,0,0,0
214.175827,214.092621,122,255,161,255,23,3,55,188,0,0,0,0,0,0,0,0
214.450546,214.367630,122,255,161,255,24,2,63,188,128,0,0,0,0,0,0,0
214.670334,214.609085,122,255,161,255,24,3,79,188,0,0,0,0,0,0,0,0
214.890106,214.824692,122,255,162,255,22,2,63,188,0,0,0,0,0,0,0,0
215.164841,215.095749,122,255,161,255,22,2,72,188,128,0,0,0,0,0,0,0
215.384613,215.311035,122,255,161,255,23,3,48,188,0,0,0,0,0,0,0,0
215.659348,215.582214,122,255,162,255,23,3,39,188,0,0,0,0,0,0,0,0
215.879120,215.800888,122,255,162,255,24,2,55,188,128,0,0,0,0,0,0,0
216.153839,216.072769,122,255,163,255,24,2,55,188,0,0,0,0,0,0,0,0
216.373627,216.291092,122,255,163,255,24,2,63,188,128,0,0,0,0,0,0,0
216.648346,216.567184,122,255,163,255,22,2,60,188,0,0,0,0,0,0,0,0
216.868134,216.807098,122,255,163,255,24,2,64,188,128,0,0,0,0,0,0,0
217.087906,217.018951,122,255,163,255,23,3,56,188,128,0,0,0,0,0,0,0
217.362640,217.291946,122,255,164,255,24,3,64,188,0,0,0,0,0,0,0,0
217.582413,217.510681,122,255,164,255,22,2,48,188,128,0,0,0,0,0,0,0
217.857147,217.779282,122,255,165,255,24,3,48,188,0,0,0,0,0,0,0,0
218.076920,217.998108,122,255,165,255,24,3,48,188,128,0,0,0,0,0,0,0
218.351654,218.267868,122,255,165,255,23,2,50,188,128,0,0,0,0,0,0,0
218.571426,218.485580,122,255,165,255,23,2,47,188,0,0,0,0,0,0,0,0
218.791214,218.729309,122,255,166,255,22,2,59,188,128,0,0,0,0,0,0,0
219.065933,218.996582,122,255,166,255,23,3,71,188,0,0,0,0,0,0,0,0
219.285721,219.213852,122,255,167,255,23,2,64,188,128,0,0,0,0,0,0,0
219.560440,219.488358,122,255,167,255,24,2,50,188,0,0,0,0,0,0,0,0
219.780212,219.703888,122,255,167,255,23,2,55,188,0,0,0,0,0,0,0,0
220.054947,219.970993,122,255,167,255,23,2,63,188,128,0,0,0,0,0,0,0
220.274719,220.214600,122,255,168,255,23,2,48,189,0,0,0,0,0,0,0,0
220.494507,220.432495,122,255,168,255,81,2,43,188,129,0,0,0,0,0,0,0
220.769226,220.682159,122,255,168,255,136,2,20,188,1,0,0,0,0,0,0,0
220.989014,220.926849,122,255,168,255,192,2,0,189,1,0,0,0,0,0,0,0
221.263733,221.199051,123,255,169,255,191,3,7,189,129,0,0,0,0,0,0,0
221.483521,221.415909,122,255,170,255,192,3,7,188,1,0,0,0,0,0,0,0
221.758240,221.689362,122,255,170,255,192,3,16,189,129,0,0,0,0,0,0,0
221.978027,221.906448,123,255,171,255,190,2,8,189,1,0,0,0,0,0,0,0
222.252747,222.180832,123,255,172,255,190,2,16,190,1,0,0,0,0,0,0,0
222.472534,222.395432,122,255,173,255,190,2,56,188,129,0,0,0,0,0,0,0
222.747253,222.668579,122,255,173,255,191,2,72,189,1,0,0,0,0,0,0,0
222.967026,222.882721,122,255,175,255,189,2,64,188,129,0,0,0,0,0,0,0
223.186813,223.122253,122,255,176,255,189,1,48,188,1,0,0,0,0,0,0,0
223.461533,223.392960,122,255,177,255,191,2,52,189,1,0,0,0,0,0,0,0
223.681320,223.610703,122,255,177,255,190,2,66,187,129,0,0,0,0,0,0,0
223.956039,223.884888,122,255,178,255,189,3,77,188,1,0,0,0,0,0,0,0
224.175827,224.102203,121,255,179,255,189,1,102,188,129,0,0,0,0,0,0,0
224.450546,224.373367,122,255,180,255,190,3,117,188,1,0,0,0,0,0,0,0
224.670334,224.592926,122,255,181,255,190,2,88,187,129,0,0,0,0,0,0,0
224.945053,224.861374,121,255,182,255,191,2,116,188,129,0,0,0,0,0,0,0
225.164841,225.082962,121,255,183,255,190,2,117,188,1,0,0,0,0,0,0,0
225.439560,225.355743,121,255,183,255,189,2,112,187,129,0,0,0,0,0,0,0
225.659348,225.570740,121,255,184,255,189,2,91,187,1,0,0,0,0,0,0,0
225.879120,225.813858,121,255,184,255,189,2,115,187,1,0,0,0,0,0,0,0
226.153839,226.064880,121,255,185,255,189,3,112,186,129,0,0,0,0,0,0,0
226.373627,226.311127,121,255,185,255,189,2,112,187,1,0,0,0,0,0,0,0
226.648346,226.584503,121,255,185,255,190,3,104,188,129,0,0,0,0,0,0,0
226.868134,226.799088,121,255,185,255,189,2,111,188,129,0,0,0,0,0,0,0
227.142853,227.074158,122,255,186,255,190,2,88,188,129,0,0,0,0,0,0,0
227.362640,227.293030,122,255,186,255,190,2,63,188,129,0,0,0,0,0,0,0
227.637360,227.563248,122,255,187,255,191,3,19,188,1,0,0,0,0,0,0,0
227.857147,227.781937,122,255,187,255,190,3,15,188,129,0,0,0,0,0,0,0
228.131866,228.052979,122,255,188,255,190,3,8,188,1,0,0,0,0,0,0,0
228.351654,228.272812,122,255,188,255,192,2,11,189,129,0,0,0,0,0,0,0
228.626373,228.541489,123,255,188,255,191,3,7,188,129,0,0,0,0,0,0,0
228.846161,228.758652,122,255,188,255,192,3,11,188,1,0,0,0,0,0,0,0
229.120880,229.035995,122,255,189,255,192,2,15,188,129,0,0,0,0,0,0,0
229.340652,229.255722,122,255,189,255,191,2,31,188,1,0,0,0,0,0,0,0
229.615387,229.526154,122,255,190,255,189,3,39,189,129,0,0,0,0,0,0,0
229.835159,229.746964,122,255,190,255,190,3,49,188,129,0,0,0,0,0,0,0
230.109894,230.021927,122,255,191,255,190,3,80,188,1,0,0,0,0,0,0,0
230.329666,230.261566,122,255,192,255,190,2,96,188,129,0,0,0,0,0,0,0
230.549454,230.479935,119,255,192,255,190,2,96,188,1,0,0,0,0,0,0,0
230.824173,230.751663,119,255,192,255,190,2,96,188,1,0,0,0,0,0,0,0
231.043961,230.969345,122,255,193,255,191,3,117,188,129,0,0,0,0,0,0,0
231.318680,231.243622,122,255,193,255,190,2,87,187,1,0,0,0,0,0,0,0
231.538467,231.461426,122,255,193,255,189,2,96,189,129,0,0,0,0,0,0,0
231.813187,231.735092,122,255,194,255,189,1,75,188,1,0,0,0,0,0,0,0
232.032974,231.957611,122,255,195,255,191,2,68,188,129,0,0,0,0,0,0,0
232.307693,232.227829,122,255,196,255,190,2,84,187,1,0,0,0,0,0,0,0
232.527466,232.445450,122,255,196,255,190,2,52,188,1,0,0,0,0,0,0,0
232.802200,232.716736,122,255,197,255,191,2,63,188,129,0,0,0,0,0,0,0
233.021973,232.940201,122,255,197,255,191,2,40,188,1,0,0,0,0,0,0,0
233.296707,233.211731,122,255,197,255,191,2,31,188,129,0,0,0,0,0,0,0
233.516479,233.450378,122,255,198,255,190,3,31,188,129,0,0,0,0,0,0,0
233.736267,233.669785,122,255,198,255,191,2,47,188,1,0,0,0,0,0,0,0
234.010986,233.944168,122,255,199,255,191,3,55,189,129,0,0,0,0,0,0,0
234.285721,234.194427,122,255,199,255,191,3,63,188,1,0,0,0,0,0,0,0
234.505493,234.436035,122,255,200,255,189,2,77,188,129,0,0,0,0,0,0,0
234.725281,234.651230,122,255,200,255,191,2,72,188,1,0,0,0,0,0,0,0
235.000000,234.919067,122,255,201,255,191,2,64,188,1,0,0,0,0,0,0,0
235.219788,235.137634,122,255,201,255,191,3,68,188,129,0,0,0,0,0,0,0
235.494507,235.411713,122,255,202,255,190,3,67,188,1,0,0,0,0,0,0,0
235.714279,235.628876,122,255,202,255,189,2,91,187,129,0,0,0,0,0,0,0
235.989014,235.900772,122,255,202,255,189,2,88,188,1,0,0,0,0,0,0,0
236.208786,236.121002,122,255,203,255,190,2,71,188,1,0,0,0,0,0,0,0
236.483521,236.396683,122,255,203,255,190,2,79,188,129,0,0,0,0,0,0,0
236.703293,236.614151,122,255,204,255,191,2,72,188,1,0,0,0,0,0,0,0
236.978027,236.886276,122,255,205,255,190,2,64,188,129,0,0,0,0,0,0,0
237.197800,237.127838,122,255,205,255,191,2,63,188,1,0,0,0,0,0,0,0
237.417587,237.345581,122,255,205,255,190,2,72,188,129,0,0,0,0,0,0,0
237.692307,237.618195,122,255,205,255,190,2,56,188,129,0,0,0,0,0,0,0
237.912094,237.834534,122,255,206,255,191,2,43,188,1,0,0,0,0,0,0,0
238.186813,238.105591,122,255,207,255,190,2,55,188,129,0,0,0,0,0,0,0
238.406601,238.324326,122,255,207,255,190,2,63,188,1,0,0,0,0,0,0,0
238.681320,238.600784,122,255,208,255,190,1,63,188,1,0,0,0,0,0,0,0
238.901093,238.814484,122,255,208,255,189,2,70,188,129,0,0,0,0,0,0,0
239.175827,239.085587,122,255,208,255,189,3,76,188,1,0,0,0,0,0,0,0
239.395599,239.303345,122,255,209,255,191,2,72,188,129,0,0,0,0,0,0,0
239.615387,239.548782,122,255,209,255,190,2,74,188,129,0,0,0,0,0,0,0
239.890106,239.819473,122,255,209,255,191,2,71,188,1,0,0,0,0,0,0,0
240.109894,240.037994,122,255,210,255,189,2,61,188,129,0,0,0,0,0,0,0
240.384613,240.309784,122,255,211,255,190,2,68,188,1,0,0,0,0,0,0,0
240.604401,240.533173,122,255,211,255,190,3,80,188,129,0,0,0,0,0,0,0
240.879120,240.806335,122,255,211,255,189,3,96,188,1,0,0,0,0,0,0,0
241.098907,241.021271,122,255,212,255,190,2,92,188,1,0,0,0,0,0,0,0
241.373627,241.293472,122,255,212,255,192,2,79,188,129,0,0,0,0,0,0,0
241.593399,241.511200,122,255,212,255,191,3,75,188,1,0,0,0,0,0,0,0
241.868134,241.783508,122,255,213,255,190,3,80,188,129,0,0,0,0,0,0,0
242.087906,241.998550,122,255,213,255,189,3,92,188,1,0,0,0,0,0,0,0
242.362640,242.268204,122,255,214,255,190,2,63,188,129,0,0,0,0,0,0,0
242.582413,242.512222,122,255,214,255,190,2,54,188,129,0,0,0,0,0,0,0
242.802200,242.730942,122,255,215,255,190,3,64,188,1,0,0,0,0,0,0,0
243.076920,243.004288,122,255,215,255,191,2,63,188,129,0,0,0,0,0,0,0
243.296707,243.223877,122,255,215,255,190,3,52,188,1,0,0,0,0,0,0,0
243.571426,243.497925,122,255,216,255,191,2,64,188,1,0,0,0,0,0,0,0
243.791214,243.718109,122,255,216,255,190,1,43,188,129,0,0,0,0,0,0,0
244.065933,243.994003,122,255,216,255,191,2,62,188,1,0,0,0,0,0,0,0
244.285721,244.214935,122,255,217,255,191,2,48,188,129,0,0,0,0,0,0,0
244.560440,244.488785,122,255,217,255,191,3,43,188,1,0,0,0,0,0,0,0
244.780212,244.704132,122,255,218,255,191,3,63,188,129,0,0,0,0,0,0,0
245.054947,244.976959,122,255,218,255,191,2,66,188,129,0,0,0,0,0,0,0
245.274719,245.197800,121,255,218,255,190,2,56,188,1,0,0,0,0,0,0,0
245.549454,245.473816,122,255,219,255,190,2,63,188,129,0,0,0,0,0,0,0
245.769226,245.691193,122,255,219,255,191,2,35,188,1,0,0,0,0,0,0,0
246.043961,245.965454,122,255,220,255,190,3,48,188,129,0,0,0,0,0,0,0
246.263733,246.183624,122,255,220,255,190,2,40,188,129,0,0,0,0,0,0,0
246.538467,246.452133,122,255,221,255,190,2,55,187,129,0,0,0,0,0,0,0
246.758240,246.671692,122,255,221,255,191,3,63,188,129,0,0,0,0,0,0,0
247.032974,246.942505,122,255,221,255,191,2,64,188,1,0,0,0,0,0,0,0
247.252747,247.157944,122,255,222,255,191,2,60,188,1,0,0,0,0,0,0,0
247.527466,247.431198,121,255,222,255,191,2,66,187,129,0,0,0,0,0,0,0
247.747253,247.651123,121,255,223,255,191,3,74,188,1,0,0,0,0,0,0,0
247.967026,247.896896,121,255,223,255,191,3,66,187,129,0,0,0,0,0,0,0
248.241760,248.170029,122,255,224,255,190,3,72,187,1,0,0,0,0,0,0,0
248.461533,248.390900,121,255,224,255,190,3,80,188,129,0,0,0,0,0,0,0
248.736267,248.662003,122,255,224,255,191,2,76,188,129,0,0,0,0,0,0,0
248.956039,248.881210,121,255,225,255,191,3,90,188,1,0,0,0,0,0,0,0
249.230774,249.157822,121,255,225,255,191,2,92,188,129,0,0,0,0,0,0,0
249.450546,249.376083,121,255,226,255,190,2,87,187,1,0,0,0,0,0,0,0
249.725281,249.647354,121,255,226,255,190,2,84,187,129,0,0,0,0,0,0,0
249.945053,249.865845,121,255,227,255,190,2,79,187,1,0,0,0,0,0,0,0
250.219788,250.139175,121,255,227,255,189,3,82,187,1,0,0,0,0,0,0,0
250.439560,250.357971,121,255,227,255,190,1,78,187,129,0,0,0,0,0,0,0
250.714279,250.631302,121,255,227,255,192,2,69,187,1,0,0,0,0,0,0,0
