0.000000,0.000000,121,255,253,255,191,3,59,187,1,0,0,0,0,0,0,0
0.219780,0.219937,122,255,253,255,191,2,55,188,129,0,0,0,0,0,0,0
0.494505,0.492860,121,255,253,255,191,2,62,188,1,0,0,0,0,0,0,0
0.714286,0.714028,121,255,253,255,192,2,65,187,129,0,0,0,0,0,0,0
0.989011,0.983282,121,255,253,255,191,2,61,187,129,0,0,0,0,0,0,0
1.208791,1.225196,121,255,253,255,192,3,62,187,1,0,0,0,0,0,0,0
1.428571,1.446265,122,255,253,255,190,3,63,188,129,0,0,0,0,0,0,0
1.703297,1.719560,121,255,253,255,190,3,63,187,1,0,0,0,0,0,0,0
1.923077,1.932721,121,255,253,255,191,2,63,187,1,0,0,0,0,0,0,0
2.197802,2.205860,121,255,253,255,191,3,61,187,129,0,0,0,0,0,0,0
2.417583,2.428805,121,255,253,255,191,3,63,187,1,0,0,0,0,0,0,0
2.692308,2.697623,121,255,253,255,191,3,69,187,129,0,0,0,0,0,0,0
2.912088,2.915677,122,255,253,255,191,3,71,188,1,0,0,0,0,0,0,0
3.186813,3.190894,122,255,253,255,190,3,68,188,129,0,0,0,0,0,0,0
3.406593,3.409521,122,255,253,255,191,2,70,188,1,0,0,0,0,0,0,0
3.681319,3.680962,122,255,253,255,190,3,69,187,1,0,0,0,0,0,0,0
3.901099,3.896565,122,255,253,255,191,3,65,187,129,0,0,0,0,0,0,0
4.175824,4.169477,122,255,253,255,191,2,67,187,1,0,0,0,0,0,0,0
4.395605,4.415050,122,255,253,255,191,2,69,188,129,0,0,0,0,0,0,0
4.615385,4.630412,122,255,253,255,190,3,77,188,129,0,0,0,0,0,0,0
4.890110,4.907121,121,255,253,255,191,3,74,187,1,0,0,0,0,0,0,0
5.109890,5.124970,122,255,253,255,190,2,69,187,129,0,0,0,0,0,0,0
5.384615,5.398680,122,255,252,255,191,2,64,188,1,0,0,0,0,0,0,0
5.604395,5.617148,122,255,252,255,190,2,60,187,129,0,0,0,0,0,0,0
5.879121,5.890959,122,255,253,255,192,3,64,188,1,0,0,0,0,0,0,0
6.098901,6.107983,122,255,252,255,191,2,66,187,1,0,0,0,0,0,0,0
6.373626,6.381474,122,255,252,255,190,2,66,188,129,0,0,0,0,0,0,0
6.593407,6.600698,121,255,252,255,191,2,67,187,1,0,0,0,0,0,0,0
6.868132,6.874794,122,255,252,255,191,2,64,189,129,0,0,0,0,0,0,0
7.087912,7.091551,122,255,252,255,191,2,66,189,1,0,0,0,0,0,0,0
7.362638,7.363340,122,255,252,255,191,2,60,187,1,0,0,0,0,0,0,0
7.582417,7.582009,122,255,252,255,192,2,63,188,129,0,0,0,0,0,0,0
7.857143,7.855514,122,255,252,255,191,2,62,188,1,0,0,0,0,0,0,0
8.076923,8.072323,121,255,252,255,192,3,63,187,129,0,0,0,0,0,0,0
8.351648,8.344420,121,255,252,255,192,3,63,187,129,0,0,0,0,0,0,0
8.571428,8.587438,122,255,252,255,191,2,67,188,129,0,0,0,0,0,0,0
8.791209,8.805752,121,255,252,255,191,2,65,187,129,0,0,0,0,0,0,0
9.065934,9.080976,122,255,252,255,190,2,67,187,1,0,0,0,0,0,0,0
9.285714,9.300739,121,255,252,255,191,2,66,187,129,0,0,0,0,0,0,0
9.560439,9.572420,122,255,252,255,191,2,69,188,1,0,0,0,0,0,0,0
9.780220,9.789797,122,255,252,255,190,3,67,187,1,0,0,0,0,0,0,0
10.054945,10.062931,121,255,251,255,190,2,65,187,129,0,0,0,0,0,0,0
10.274725,10.281612,121,255,252,255,191,3,66,187,1,0,0,0,0,0,0,0
10.549451,10.549084,121,255,252,255,191,2,66,188,129,0,0,0,0,0,0,0
10.769231,10.768644,121,255,252,255,190,3,66,188,1,0,0,0,0,0,0,0
11.043956,11.043192,122,255,252,255,191,3,67,188,1,0,0,0,0,0,0,0
11.263737,11.261599,122,255,252,255,191,3,67,188,1,0,0,0,0,0,0,0
11.538462,11.531672,122,255,251,255,191,3,67,188,1,0,0,0,0,0,0,0
11.758242,11.751074,122,255,251,255,191,2,63,187,129,0,0,0,0,0,0,0
12.032967,12.022842,122,255,251,255,191,2,64,188,1,0,0,0,0,0,0,0
12.252748,12.264842,122,255,251,255,191,2,65,188,129,0,0,0,0,0,0,0
12.472528,12.485656,122,255,251,255,191,2,61,188,1,0,0,0,0,0,0,0
12.747252,12.758584,122,255,251,255,191,3,62,187,1,0,0,0,0,0,0,0
12.967033,12.977934,122,255,251,255,192,2,61,188,129,0,0,0,0,0,0,0
13.241758,13.251072,122,255,251,255,191,3,60,188,1,0,0,0,0,0,0,0
13.461538,13.472276,122,255,251,255,191,2,60,188,129,0,0,0,0,0,0,0
13.736263,13.742943,122,255,251,255,191,2,60,188,1,0,0,0,0,0,0,0
13.956044,13.962152,122,255,251,255,190,2,65,187,1,0,0,0,0,0,0,0
14.230769,14.232208,122,255,251,255,192,2,67,188,129,0,0,0,0,0,0,0
14.450549,14.454583,122,255,251,255,191,2,67,187,1,0,0,0,0,0,0,0
14.725275,14.725638,121,255,251,255,191,3,67,188,129,0,0,0,0,0,0,0
14.945055,14.939012,122,255,251,255,191,3,65,187,129,0,0,0,0,0,0,0
15.219780,15.212198,122,255,251,255,191,3,64,188,1,0,0,0,0,0,0,0
15.439561,15.430140,122,255,251,255,191,2,62,187,129,0,0,0,0,0,0,0
15.659341,15.672492,122,255,251,255,190,3,67,187,1,0,0,0,0,0,0,0
15.934066,15.941728,121,255,251,255,190,2,67,187,129,0,0,0,0,0,0,0
16.153847,16.158018,122,255,251,255,191,2,68,187,1,0,0,0,0,0,0,0
16.428572,16.430382,122,255,251,255,191,3,68,188,1,0,0,0,0,0,0,0
16.648352,16.647070,122,255,251,255,191,2,63,187,129,0,0,0,0,0,0,0
16.923077,16.919018,122,255,251,255,191,3,60,188,1,0,0,0,0,0,0,0
17.142857,17.141432,122,255,251,255,192,3,59,187,129,0,0,0,0,0,0,0
17.417582,17.415508,121,255,251,255,191,3,61,188,1,0,0,0,0,0,0,0
17.637363,17.631897,122,255,251,255,191,3,62,187,1,0,0,0,0,0,0,0
17.912088,17.907742,121,255,251,255,192,3,61,188,129,0,0,0,0,0,0,0
18.131868,18.126469,122,255,251,255,191,2,61,189,1,0,0,0,0,0,0,0
18.406593,18.400696,122,255,251,255,191,2,60,187,129,0,0,0,0,0,0,0
18.626373,18.618361,122,255,251,255,191,3,61,187,1,0,0,0,0,0,0,0
18.901098,18.891125,122,255,251,255,190,2,60,188,129,0,0,0,0,0,0,0
19.120878,19.112392,122,255,251,255,191,3,59,188,129,0,0,0,0,0,0,0
19.395605,19.386513,122,255,251,255,191,2,62,188,1,0,0,0,0,0,0,0
19.615385,19.605343,121,255,251,255,190,2,60,188,129,0,0,0,0,0,0,0
19.890110,19.878262,121,255,251,255,191,2,61,187,1,0,0,0,0,0,0,0
20.109890,20.123791,122,255,251,255,190,3,61,188,1,0,0,0,0,0,0,0
20.329670,20.339008,122,255,251,255,191,2,64,187,129,0,0,0,0,0,0,0
20.604395,20.614981,122,255,251,255,192,2,68,188,1,0,0,0,0,0,0,0
20.824175,20.831636,122,255,251,255,190,2,68,188,129,0,0,0,0,0,0,0
21.098902,21.107004,121,255,251,255,190,3,63,187,1,0,0,0,0,0,0,0
21.318682,21.323029,122,255,251,255,190,2,63,188,1,0,0,0,0,0,0,0
21.593407,21.600426,122,255,251,255,191,2,62,188,1,0,0,0,0,0,0,0
21.813187,21.818638,122,255,251,255,191,2,62,188,1,0,0,0,0,0,0,0
22.087912,22.092142,121,255,251,255,190,1,66,188,129,0,0,0,0,0,0,0
22.307692,22.310143,122,255,251,255,191,2,64,188,1,0,0,0,0,0,0,0
22.582418,22.583124,122,255,251,255,191,2,66,187,129,0,0,0,0,0,0,0
22.802198,22.800552,122,255,251,255,190,3,69,187,1,0,0,0,0,0,0,0
23.076923,23.075817,122,255,251,255,191,2,69,188,1,0,0,0,0,0,0,0
23.296703,23.294237,122,255,251,255,190,2,65,188,129,0,0,0,0,0,0,0
23.571428,23.565296,122,255,251,255,191,2,61,188,1,0,0,0,0,0,0,0
23.791208,23.781740,122,255,251,255,190,3,65,187,129,0,0,0,0,0,0,0
24.065933,24.054398,121,255,251,255,191,2,66,187,129,0,0,0,0,0,0,0
24.285715,24.272930,122,255,251,255,190,2,63,187,1,0,0,0,0,0,0,0
24.505495,24.516518,122,255,251,255,191,2,66,188,129,0,0,0,0,0,0,0
24.780220,24.788359,121,255,251,255,190,2,74,186,1,0,0,0,0,0,0,0
25.000000,25.002876,121,255,251,255,190,3,65,187,129,0,0,0,0,0,0,0
25.274725,25.275805,122,255,251,255,191,2,68,187,129,0,0,0,0,0,0,0
25.494505,25.489351,121,255,251,255,190,2,65,188,1,0,0,0,0,0,0,0
25.769230,25.763205,121,255,251,255,190,2,65,187,129,0,0,0,0,0,0,0
25.989012,25.976831,122,255,251,255,191,2,64,187,1,0,0,0,0,0,0,0
26.208792,26.219746,122,255,251,255,190,2,66,188,1,0,0,0,0,0,0,0
26.483517,26.471096,122,255,251,255,190,3,64,188,129,0,0,0,0,0,0,0
26.758242,26.745770,122,255,251,255,190,3,63,188,1,0,0,0,0,0,0,0
26.978022,26.987564,122,255,251,255,191,2,58,188,129,0,0,0,0,0,0,0
27.197802,27.203642,122,255,251,255,190,2,57,188,1,0,0,0,0,0,0,0
27.472527,27.480675,122,255,251,255,191,3,64,187,129,0,0,0,0,0,0,0
27.692308,27.698004,122,255,251,255,190,2,59,188,129,0,0,0,0,0,0,0
27.967033,27.970945,122,255,251,255,191,3,62,188,1,0,0,0,0,0,0,0
28.186813,28.191730,122,255,251,255,191,2,64,187,129,0,0,0,0,0,0,0
28.461538,28.463280,121,255,251,255,190,2,66,187,1,0,0,0,0,0,0,0
28.681318,28.681475,122,255,251,255,191,3,66,187,129,0,0,0,0,0,0,0
28.956043,28.954746,121,255,251,255,190,2,66,187,1,0,0,0,0,0,0,0
29.175825,29.169813,122,255,251,255,190,2,66,187,129,0,0,0,0,0,0,0
29.450550,29.445286,122,255,251,255,190,2,66,188,129,0,0,0,0,0,0,0
29.670330,29.663860,121,255,251,255,191,2,69,188,1,0,0,0,0,0,0,0
29.945055,29.934290,122,255,251,255,191,2,66,187,129,0,0,0,0,0,0,0
30.164835,30.155264,122,255,251,255,191,3,68,187,1,0,0,0,0,0,0,0
30.439560,30.423716,121,255,251,255,190,3,69,187,1,0,0,0,0,0,0,0
30.659340,30.665905,121,255,251,255,191,3,72,187,129,0,0,0,0,0,0,0
30.879122,30.884844,122,255,251,255,192,2,63,187,1,0,0,0,0,0,0,0
31.153847,31.160582,121,255,251,255,191,3,67,187,129,0,0,0,0,0,0,0
31.373627,31.376030,121,255,251,255,191,3,67,187,129,0,0,0,0,0,0,0
31.648352,31.651199,122,255,251,255,191,2,67,187,129,0,0,0,0,0,0,0
31.868132,31.867952,121,255,251,255,190,2,68,188,129,0,0,0,0,0,0,0
32.142857,32.141575,121,255,251,255,191,2,64,187,1,0,0,0,0,0,0,0
32.362637,32.359516,121,255,251,255,191,3,66,187,129,0,0,0,0,0,0,0
32.637363,32.625942,122,255,251,255,191,2,64,188,1,0,0,0,0,0,0,0
32.857143,32.843056,121,255,251,255,192,3,63,187,129,0,0,0,0,0,0,0
33.131866,33.124664,122,255,251,255,191,2,63,188,129,0,0,0,0,0,0,0
33.351650,33.341740,122,255,251,255,190,3,63,187,1,0,0,0,0,0,0,0
33.626373,33.616531,122,255,251,255,190,2,64,188,129,0,0,0,0,0,0,0
33.846153,33.836769,122,255,251,255,191,3,61,187,1,0,0,0,0,0,0,0
34.120880,34.107983,122,255,251,255,191,2,71,187,1,0,0,0,0,0,0,0
34.340660,34.324169,122,255,251,255,191,2,69,187,129,0,0,0,0,0,0,0
34.615383,34.597477,121,255,251,255,190,2,69,188,1,0,0,0,0,0,0,0
34.835163,34.840752,122,255,251,255,190,2,69,187,129,0,0,0,0,0,0,0
35.054947,35.058693,122,255,251,255,190,3,67,187,1,0,0,0,0,0,0,0
35.329670,35.331360,122,255,251,255,191,3,72,187,129,0,0,0,0,0,0,0
35.549450,35.549568,122,255,251,255,190,2,70,187,1,0,0,0,0,0,0,0
35.824177,35.823696,122,255,251,255,191,2,66,188,1,0,0,0,0,0,0,0
36.043957,36.041283,122,255,251,255,192,2,66,188,129,0,0,0,0,0,0,0
36.318680,36.308434,121,255,251,255,191,2,66,187,1,0,0,0,0,0,0,0
36.538460,36.526390,121,255,251,255,191,3,67,187,129,0,0,0,0,0,0,0
36.813187,36.800667,121,255,251,255,191,3,66,188,129,0,0,0,0,0,0,0
37.032967,37.016171,121,255,251,255,191,2,68,187,1,0,0,0,0,0,0,0
37.307693,37.288754,121,255,251,255,192,3,65,187,129,0,0,0,0,0,0,0
37.527473,37.530357,122,255,251,255,190,2,68,187,1,0,0,0,0,0,0,0
37.747253,37.748302,122,255,251,255,191,3,65,187,129,0,0,0,0,0,0,0
38.021976,38.021584,122,255,251,255,191,3,65,188,1,0,0,0,0,0,0,0
38.241756,38.241158,122,255,251,255,191,2,68,188,1,0,0,0,0,0,0,0
38.516483,38.518356,122,255,251,255,192,2,66,188,129,0,0,0,0,0,0,0
38.736263,38.735725,122,255,251,255,190,2,62,188,1,0,0,0,0,0,0,0
39.010990,39.008186,122,255,251,255,190,3,63,188,129,0,0,0,0,0,0,0
39.230770,39.229004,122,255,251,255,191,3,66,187,1,0,0,0,0,0,0,0
39.505493,39.496986,121,255,251,255,191,3,68,188,1,0,0,0,0,0,0,0
39.725273,39.718964,121,255,251,255,191,2,64,187,129,0,0,0,0,0,0,0
40.000000,39.993153,122,255,251,255,191,3,71,188,1,0,0,0,0,0,0,0
40.219780,40.217834,122,255,251,255,191,3,70,188,129,0,0,0,0,0,0,0
40.494507,40.486286,121,255,251,255,191,3,70,186,1,0,0,0,0,0,0,0
40.714287,40.700760,121,255,251,255,190,2,63,187,129,0,0,0,0,0,0,0
40.989010,40.974304,122,255,251,255,191,2,63,189,129,0,0,0,0,0,0,0
41.208790,41.194901,122,255,251,255,191,3,68,187,1,0,0,0,0,0,0,0
41.483517,41.464767,122,255,251,255,191,3,66,186,129,0,0,0,0,0,0,0
41.703297,41.707062,121,255,251,255,191,3,70,186,1,0,0,0,0,0,0,0
41.923077,41.919708,122,255,251,255,191,3,70,186,1,0,0,0,0,0,0,0
42.197803,42.192646,122,255,251,255,191,2,63,188,129,0,0,0,0,0,0,0
42.417583,42.412510,122,255,251,255,191,3,64,186,1,0,0,0,0,0,0,0
42.692307,42.687061,122,255,251,255,190,2,63,188,129,0,0,0,0,0,0,0
42.912086,42.901440,122,255,251,255,190,2,63,188,129,0,0,0,0,0,0,0
43.186813,43.175900,121,255,251,255,191,2,64,188,1,0,0,0,0,0,0,0
43.406593,43.395252,122,255,251,255,191,2,61,188,129,0,0,0,0,0,0,0
43.681320,43.669014,121,255,251,255,191,2,59,188,1,0,0,0,0,0,0,0
43.901100,43.885826,121,255,250,255,192,2,60,187,129,0,0,0,0,0,0,0
44.175823,44.162025,122,255,250,255,191,2,61,188,129,0,0,0,0,0,0,0
44.395603,44.382885,122,255,250,255,190,2,62,188,129,0,0,0,0,0,0,0
44.670330,44.656357,122,255,250,255,191,2,63,188,129,0,0,0,0,0,0,0
44.890110,44.871952,121,255,250,255,192,2,64,187,1,0,0,0,0,0,0,0
45.109890,45.111908,122,255,250,255,191,3,67,187,129,0,0,0,0,0,0,0
45.384617,45.386284,121,255,250,255,191,2,68,187,1,0,0,0,0,0,0,0
45.604397,45.605751,122,255,250,255,191,2,68,187,1,0,0,0,0,0,0,0
45.879120,45.877480,122,255,250,255,190,3,65,188,1,0,0,0,0,0,0,0
46.098900,46.092155,122,255,251,255,191,3,68,187,1,0,0,0,0,0,0,0
46.373627,46.363102,121,255,250,255,190,2,68,187,129,0,0,0,0,0,0,0
46.593407,46.584003,122,255,250,255,191,3,68,187,1,0,0,0,0,0,0,0
46.868134,46.858299,121,255,250,255,192,2,68,188,129,0,0,0,0,0,0,0
47.087914,47.076767,122,255,250,255,190,2,63,188,1,0,0,0,0,0,0,0
47.362637,47.351307,121,255,250,255,191,3,64,187,1,0,0,0,0,0,0,0
47.582417,47.570248,121,255,250,255,191,3,61,187,129,0,0,0,0,0,0,0
47.857143,47.840363,122,255,250,255,190,2,57,187,129,0,0,0,0,0,0,0
48.076923,48.062420,122,255,250,255,191,2,64,188,129,0,0,0,0,0,0,0
48.351650,48.334831,121,255,250,255,191,3,64,187,129,0,0,0,0,0,0,0
48.571430,48.554031,122,255,250,255,192,3,59,188,1,0,0,0,0,0,0,0
48.846153,48.826176,122,255,250,255,191,3,60,187,129,0,0,0,0,0,0,0
49.065933,49.045246,121,255,250,255,191,3,59,187,1,0,0,0,0,0,0,0
49.285713,49.287514,122,255,250,255,190,3,57,188,129,0,0,0,0,0,0,0
49.560440,49.559925,122,255,250,255,191,3,56,187,129,0,0,0,0,0,0,0
49.780220,49.775639,122,255,250,255,191,3,63,187,1,0,0,0,0,0,0,0
50.054947,50.043522,122,255,250,255,190,3,63,187,129,0,0,0,0,0,0,0
50.274727,50.259556,121,255,250,255,191,3,67,187,1,0,0,0,0,0,0,0
50.549450,50.532482,122,255,250,255,190,2,71,188,129,0,0,0,0,0,0,0
50.769230,50.752663,121,255,250,255,191,2,69,187,1,0,0,0,0,0,0,0
51.043957,51.022842,122,255,250,255,191,2,68,187,129,0,0,0,0,0,0,0
51.263737,51.240219,121,255,250,255,191,2,67,187,129,0,0,0,0,0,0,0
51.538460,51.517101,122,255,250,255,191,3,68,187,1,0,0,0,0,0,0,0
51.758244,51.735413,122,255,250,255,191,3,70,187,129,0,0,0,0,0,0,0
51.978024,51.977188,122,255,250,255,191,2,68,187,129,0,0,0,0,0,0,0
52.252747,52.250633,121,255,250,255,192,2,68,187,129,0,0,0,0,0,0,0
52.472527,52.468742,121,255,250,255,191,2,69,187,129,0,0,0,0,0,0,0
52.747253,52.740940,121,255,250,255,190,3,61,188,1,0,0,0,0,0,0,0
52.967033,52.957634,121,255,250,255,191,2,63,187,129,0,0,0,0,0,0,0
53.241756,53.228909,122,255,250,255,191,2,62,188,1,0,0,0,0,0,0,0
53.461540,53.448311,122,255,250,255,191,3,61,188,1,0,0,0,0,0,0,0
53.736263,53.720356,122,255,250,255,192,3,62,187,129,0,0,0,0,0,0,0
53.956043,53.935963,122,255,250,255,190,3,63,187,1,0,0,0,0,0,0,0
54.230770,54.209415,121,255,250,255,192,2,56,187,129,0,0,0,0,0,0,0
54.450550,54.425961,122,255,250,255,191,2,53,187,1,0,0,0,0,0,0,0
54.725273,54.702797,122,255,250,255,190,2,54,188,1,0,0,0,0,0,0,0
54.945053,54.919762,121,255,250,255,192,2,56,188,129,0,0,0,0,0,0,0
55.164837,55.163506,122,255,250,255,190,2,60,188,1,0,0,0,0,0,0,0
55.439560,55.437050,121,255,250,255,191,2,60,188,129,0,0,0,0,0,0,0
55.659340,55.655209,122,255,250,255,192,3,63,187,1,0,0,0,0,0,0,0
55.934067,55.925438,121,255,250,255,190,2,64,187,1,0,0,0,0,0,0,0
56.153847,56.143887,121,255,250,255,190,2,64,187,1,0,0,0,0,0,0,0
56.428570,56.415379,122,255,250,255,192,2,70,188,1,0,0,0,0,0,0,0
56.648350,56.641571,122,255,250,255,190,2,68,188,129,0,0,0,0,0,0,0
56.923077,56.911873,121,255,251,255,191,2,70,188,1,0,0,0,0,0,0,0
57.142857,57.132263,121,255,251,255,191,2,74,187,129,0,0,0,0,0,0,0
57.417583,57.405041,121,255,251,255,191,2,76,187,1,0,0,0,0,0,0,0
57.637363,57.622002,121,255,251,255,190,3,75,187,1,0,0,0,0,0,0,0
57.912086,57.890049,121,255,251,255,190,3,74,187,1,0,0,0,0,0,0,0
58.131866,58.108044,121,255,251,255,191,2,68,187,1,0,0,0,0,0,0,0
58.406593,58.382793,121,255,251,255,191,3,69,187,129,0,0,0,0,0,0,0
58.626373,58.601368,121,255,251,255,190,2,69,187,1,0,0,0,0,0,0,0
58.846153,58.843304,121,255,251,255,192,2,67,187,1,0,0,0,0,0,0,0
59.120880,59.117424,122,255,251,255,190,2,69,187,129,0,0,0,0,0,0,0
59.340660,59.336727,121,255,251,255,190,3,66,187,1,0,0,0,0,0,0,0
59.615383,59.613705,122,255,251,255,192,2,63,188,129,0,0,0,0,0,0,0
59.835163,59.828800,122,255,251,255,191,2,60,188,1,0,0,0,0,0,0,0
60.109890,60.105412,122,255,251,255,191,3,63,188,1,0,0,0,0,0,0,0
60.329670,60.322475,121,255,251,255,190,3,69,187,129,0,0,0,0,0,0,0
60.604397,60.595100,121,255,251,255,191,2,61,187,1,0,0,0,0,0,0,0
60.824177,60.814465,122,255,251,255,192,3,62,188,129,0,0,0,0,0,0,0
61.098900,61.087078,121,255,250,255,191,2,59,187,1,0,0,0,0,0,0,0
61.318680,61.306183,122,255,251,255,191,2,62,188,1,0,0,0,0,0,0,0
61.593407,61.580135,122,255,251,255,191,2,62,187,129,0,0,0,0,0,0,0
61.813187,61.800083,122,255,251,255,190,3,66,187,1,0,0,0,0,0,0,0
62.087914,62.070438,121,255,251,255,191,2,69,188,129,0,0,0,0,0,0,0
62.307693,62.287560,121,255,251,255,190,1,74,187,1,0,0,0,0,0,0,0
62.582417,62.557419,122,255,251,255,191,3,71,187,1,0,0,0,0,0,0,0
62.802197,62.799507,121,255,251,255,191,2,69,187,129,0,0,0,0,0,0,0
63.021976,63.013401,122,255,251,255,190,2,72,188,1,0,0,0,0,0,0,0
63.296703,63.283054,121,255,251,255,191,2,72,187,129,0,0,0,0,0,0,0
63.516483,63.500114,122,255,250,255,191,3,71,188,129,0,0,0,0,0,0,0
63.791210,63.776791,121,255,251,255,190,3,72,187,129,0,0,0,0,0,0,0
64.010986,63.993443,122,255,251,255,190,2,71,188,129,0,0,0,0,0,0,0
64.285713,64.265343,122,255,251,255,190,2,70,187,129,0,0,0,0,0,0,0
64.505493,64.482033,122,255,251,255,190,2,70,187,129,0,0,0,0,0,0,0
64.780220,64.754166,122,255,251,255,191,2,69,187,1,0,0,0,0,0,0,0
65.000000,64.996742,121,255,251,255,191,3,65,187,129,0,0,0,0,0,0,0
65.219780,65.212288,121,255,251,255,192,2,64,188,129,0,0,0,0,0,0,0
65.494507,65.483246,121,255,251,255,191,3,60,188,1,0,0,0,0,0,0,0
65.714287,65.701508,121,255,250,255,191,2,66,187,129,0,0,0,0,0,0,0
65.989014,65.978592,122,255,251,255,191,2,66,187,1,0,0,0,0,0,0,0
66.208794,66.191353,121,255,250,255,191,2,65,187,129,0,0,0,0,0,0,0
66.483513,66.463440,121,255,250,255,191,3,66,187,129,0,0,0,0,0,0,0
66.703300,66.681755,122,255,250,255,191,2,64,187,1,0,0,0,0,0,0,0
66.978020,66.953857,121,255,250,255,190,2,63,187,129,0,0,0,0,0,0,0
67.197800,67.174202,122,255,250,255,190,2,62,188,1,0,0,0,0,0,0,0
67.472527,67.444740,122,255,250,255,190,2,66,188,129,0,0,0,0,0,0,0
67.692307,67.662399,122,255,250,255,191,3,70,188,129,0,0,0,0,0,0,0
67.912086,67.906487,122,255,250,255,191,3,70,188,129,0,0,0,0,0,0,0
68.186813,68.180725,121,255,250,255,190,2,70,188,129,0,0,0,0,0,0,0
68.406593,68.394348,121,255,250,255,190,2,70,188,1,0,0,0,0,0,0,0
68.681320,68.665619,121,255,250,255,191,3,71,187,129,0,0,0,0,0,0,0
68.901100,68.884163,121,255,250,255,191,2,66,187,129,0,0,0,0,0,0,0
69.175827,69.163567,122,255,250,255,190,2,64,188,1,0,0,0,0,0,0,0
69.395607,69.377869,122,255,250,255,191,2,64,187,129,0,0,0,0,0,0,0
69.670326,69.649612,122,255,250,255,191,3,63,187,1,0,0,0,0,0,0,0
69.890106,69.867294,122,255,250,255,192,2,64,187,129,0,0,0,0,0,0,0
70.164833,70.144440,122,255,250,255,191,3,60,187,129,0,0,0,0,0,0,0
70.384613,70.362961,122,255,250,255,190,2,62,188,1,0,0,0,0,0,0,0
70.659340,70.634499,121,255,250,255,190,3,62,187,129,0,0,0,0,0,0,0
70.879120,70.853790,122,255,250,255,191,3,61,187,1,0,0,0,0,0,0,0
71.153847,71.127731,122,255,250,255,191,2,57,187,129,0,0,0,0,0,0,0
71.373627,71.343575,121,255,250,255,191,2,55,186,1,0,0,0,0,0,0,0
71.593407,71.584671,121,255,250,255,191,2,55,186,1,0,0,0,0,0,0,0
71.868134,71.854958,121,255,250,255,191,2,58,187,129,0,0,0,0,0,0,0
72.087914,72.073204,122,255,250,255,191,2,61,188,1,0,0,0,0,0,0,0
72.362640,72.349518,121,255,250,255,191,3,66,187,129,0,0,0,0,0,0,0
72.582420,72.567619,122,255,250,255,192,2,65,188,1,0,0,0,0,0,0,0
72.857140,72.844040,122,255,250,255,191,2,67,187,1,0,0,0,0,0,0,0
73.076920,73.057465,121,255,250,255,191,2,69,187,129,0,0,0,0,0,0,0
73.351646,73.335793,121,255,250,255,192,2,75,188,1,0,0,0,0,0,0,0
73.571426,73.550522,122,255,250,255,191,3,73,187,129,0,0,0,0,0,0,0
73.846153,73.818047,121,255,250,255,192,2,71,187,1,0,0,0,0,0,0,0
74.065933,74.037453,121,255,249,255,191,3,67,188,1,0,0,0,0,0,0,0
74.340660,74.312569,122,255,250,255,191,2,67,187,129,0,0,0,0,0,0,0
74.560440,74.530525,122,255,249,255,191,3,69,187,1,0,0,0,0,0,0,0
74.835167,74.804008,122,255,250,255,190,2,68,188,129,0,0,0,0,0,0,0
75.054947,75.047035,122,255,249,255,190,2,66,187,1,0,0,0,0,0,0,0
75.274727,75.262802,122,255,249,255,190,2,65,187,1,0,0,0,0,0,0,0
75.549454,75.535942,122,255,249,255,191,3,62,187,129,0,0,0,0,0,0,0
75.769234,75.755493,122,255,249,255,191,2,59,187,1,0,0,0,0,0,0,0
76.043953,76.032143,122,255,249,255,190,2,59,187,129,0,0,0,0,0,0,0
76.263733,76.248047,122,255,249,255,190,2,59,187,129,0,0,0,0,0,0,0
76.538460,76.518112,121,255,249,255,191,2,58,188,1,0,0,0,0,0,0,0
76.758240,76.733978,121,255,249,255,190,3,63,187,129,0,0,0,0,0,0,0
77.032967,77.004570,122,255,249,255,190,2,60,187,1,0,0,0,0,0,0,0
77.252747,77.223404,121,255,249,255,191,2,60,187,129,0,0,0,0,0,0,0
77.527473,77.498047,122,255,249,255,191,2,58,188,129,0,0,0,0,0,0,0
77.747253,77.716461,121,255,249,255,190,2,61,187,129,0,0,0,0,0,0,0
78.021980,77.989243,122,255,249,255,191,2,63,188,129,0,0,0,0,0,0,0
78.241760,78.208549,122,255,249,255,191,2,64,188,1,0,0,0,0,0,0,0
78.516487,78.482635,122,255,249,255,191,2,70,188,129,0,0,0,0,0,0,0
78.736267,78.727303,122,255,249,255,191,2,73,188,1,0,0,0,0,0,0,0
78.956047,78.947479,122,255,249,255,191,3,68,188,129,0,0,0,0,0,0,0
79.230766,79.219017,122,255,249,255,190,2,69,188,129,0,0,0,0,0,0,0
79.450546,79.438675,121,255,249,255,190,3,67,187,1,0,0,0,0,0,0,0
79.725273,79.712700,121,255,249,255,190,2,74,187,129,0,0,0,0,0,0,0
79.945053,79.931381,121,255,249,255,191,2,65,187,1,0,0,0,0,0,0,0
80.219780,80.206642,121,255,249,255,191,3,64,188,129,0,0,0,0,0,0,0
80.439560,80.423141,121,255,249,255,191,2,70,186,129,0,0,0,0,0,0,0
80.714287,80.696251,122,255,249,255,190,3,66,188,1,0,0,0,0,0,0,0
80.934067,80.915070,121,255,249,255,192,3,64,188,129,0,0,0,0,0,0,0
81.208794,81.184502,121,255,249,255,192,3,64,188,129,0,0,0,0,0,0,0
81.428574,81.401100,122,255,249,255,191,2,62,187,129,0,0,0,0,0,0,0
81.703300,81.675072,121,255,249,255,190,2,64,187,129,0,0,0,0,0,0,0
81.923080,81.898315,121,255,249,255,191,2,70,187,1,0,0,0,0,0,0,0
82.197800,82.174057,122,255,249,255,190,2,67,188,129,0,0,0,0,0,0,0
82.417580,82.390030,121,255,249,255,191,3,66,187,1,0,0,0,0,0,0,0
82.692307,82.665771,121,255,249,255,191,2,62,187,129,0,0,0,0,0,0,0
82.912086,82.882416,122,255,249,255,191,2,62,188,1,0,0,0,0,0,0,0
83.186813,83.154358,121,255,249,255,191,2,61,188,1,0,0,0,0,0,0,0
83.406593,83.372459,122,255,249,255,191,3,62,188,129,0,0,0,0,0,0,0
83.681320,83.646027,122,255,249,255,191,2,60,188,1,0,0,0,0,0,0,0
83.901100,83.888618,122,255,249,255,191,3,69,187,129,0,0,0,0,0,0,0
84.120880,84.104385,121,255,249,255,190,2,72,188,129,0,0,0,0,0,0,0
84.395607,84.377266,121,255,249,255,191,2,72,188,1,0,0,0,0,0,0,0
84.615387,84.592148,121,255,249,255,190,2,70,187,129,0,0,0,0,0,0,0
84.890106,84.865173,122,255,249,255,192,2,67,188,1,0,0,0,0,0,0,0
85.109894,85.086250,121,255,249,255,191,2,71,188,129,0,0,0,0,0,0,0
85.384613,85.358665,122,255,249,255,190,2,70,188,1,0,0,0,0,0,0,0
85.604393,85.575569,121,255,249,255,191,2,71,186,1,0,0,0,0,0,0,0
85.879120,85.851563,121,255,248,255,191,2,70,187,129,0,0,0,0,0,0,0
86.098900,86.067078,121,255,248,255,191,2,71,187,1,0,0,0,0,0,0,0
86.373627,86.340317,121,255,248,255,191,3,66,187,129,0,0,0,0,0,0,0
86.593407,86.580421,121,255,248,255,191,3,65,187,129,0,0,0,0,0,0,0
86.813187,86.796501,122,255,248,255,192,2,61,188,1,0,0,0,0,0,0,0
87.087914,87.066772,122,255,248,255,192,2,56,187,129,0,0,0,0,0,0,0
87.307693,87.288620,121,255,248,255,191,2,57,187,1,0,0,0,0,0,0,0
87.582420,87.557915,122,255,248,255,191,2,57,187,129,0,0,0,0,0,0,0
87.802200,87.775192,122,255,248,255,191,2,60,188,129,0,0,0,0,0,0,0
88.076920,88.046669,121,255,248,255,191,3,59,188,1,0,0,0,0,0,0,0
88.296700,88.265236,121,255,248,255,191,3,55,188,129,0,0,0,0,0,0,0
88.571426,88.539063,121,255,248,255,190,3,58,188,1,0,0,0,0,0,0,0
88.791206,88.779213,122,255,248,255,190,3,56,188,129,0,0,0,0,0,0,0
89.010986,88.998413,122,255,248,255,191,3,59,188,1,0,0,0,0,0,0,0
89.285713,89.265884,122,255,248,255,191,2,58,187,129,0,0,0,0,0,0,0
89.505493,89.484032,122,255,248,255,191,3,59,188,129,0,0,0,0,0,0,0
89.780220,89.758217,121,255,248,255,190,2,64,187,1,0,0,0,0,0,0,0
90.000000,89.975563,121,255,248,255,190,2,69,187,129,0,0,0,0,0,0,0
90.274727,90.249863,122,255,248,255,191,3,71,187,1,0,0,0,0,0,0,0
90.494507,90.466675,122,255,248,255,190,2,72,187,1,0,0,0,0,0,0,0
90.769234,90.741318,122,255,248,255,190,2,73,188,129,0,0,0,0,0,0,0
90.989014,90.961189,122,255,248,255,190,2,68,187,1,0,0,0,0,0,0,0
91.263733,91.234848,122,255,248,255,190,2,66,187,129,0,0,0,0,0,0,0
91.483513,91.452393,122,255,248,255,191,3,64,188,1,0,0,0,0,0,0,0
91.758240,91.725784,122,255,248,255,190,3,67,187,129,0,0,0,0,0,0,0
91.978020,91.942604,122,255,248,255,190,2,64,187,129,0,0,0,0,0,0,0
92.197800,92.182022,121,255,248,255,190,2,54,187,1,0,0,0,0,0,0,0
92.472527,92.452507,122,255,248,255,191,2,55,187,129,0,0,0,0,0,0,0
92.692307,92.673111,122,255,248,255,191,3,59,188,1,0,0,0,0,0,0,0
92.967033,92.944321,121,255,248,255,191,2,62,188,129,0,0,0,0,0,0,0
93.186813,93.158997,121,255,248,255,191,2,62,188,129,0,0,0,0,0,0,0
93.461540,93.439827,121,255,248,255,191,2,63,187,1,0,0,0,0,0,0,0
93.681320,93.656013,122,255,248,255,191,3,64,188,129,0,0,0,0,0,0,0
93.956047,93.926338,122,255,248,255,191,2,64,187,1,0,0,0,0,0,0,0
94.175827,94.148392,122,255,248,255,191,3,61,187,1,0,0,0,0,0,0,0
94.450546,94.420494,121,255,248,255,190,2,64,187,1,0,0,0,0,0,0,0
94.670326,94.637451,121,255,248,255,190,2,65,188,1,0,0,0,0,0,0,0
94.945053,94.909500,122,255,248,255,191,3,67,188,129,0,0,0,0,0,0,0
95.164833,95.127457,122,255,248,255,191,3,66,188,129,0,0,0,0,0,0,0
95.384613,95.369125,121,255,248,255,191,2,66,187,129,0,0,0,0,0,0,0
95.659340,95.638046,122,255,248,255,190,3,72,187,1,0,0,0,0,0,0,0
95.879120,95.856094,122,255,248,255,191,3,69,187,1,0,0,0,0,0,0,0
96.153847,96.132507,122,255,248,255,191,2,68,187,129,0,0,0,0,0,0,0
96.373627,96.344063,121,255,248,255,191,3,65,187,1,0,0,0,0,0,0,0
96.648354,96.614449,121,255,248,255,190,2,63,187,129,0,0,0,0,0,0,0
96.868134,96.834373,122,255,248,255,191,2,66,188,129,0,0,0,0,0,0,0
97.142860,97.106674,122,255,248,255,191,2,68,187,1,0,0,0,0,0,0,0
97.362640,97.324501,122,255,248,255,190,2,63,188,129,0,0,0,0,0,0,0
97.582420,97.567390,122,255,249,255,190,3,60,187,1,0,0,0,0,0,0,0
97.857140,97.840164,122,255,248,255,191,2,58,188,129,0,0,0,0,0,0,0
98.076920,98.055977,121,255,249,255,191,2,58,188,1,0,0,0,0,0,0,0
98.351646,98.329010,121,255,249,255,191,2,58,188,1,0,0,0,0,0,0,0
98.571426,98.547325,122,255,248,255,190,3,59,188,129,0,0,0,0,0,0,0
98.846153,98.816986,122,255,248,255,190,2,59,186,1,0,0,0,0,0,0,0
99.065933,99.040558,122,255,249,255,190,2,60,188,129,0,0,0,0,0,0,0
99.340660,99.315506,122,255,248,255,191,2,63,188,1,0,0,0,0,0,0,0
99.560440,99.533829,122,255,248,255,191,2,61,186,129,0,0,0,0,0,0,0
99.835167,99.800194,122,255,249,255,191,3,66,187,129,0,0,0,0,0,0,0
100.054947,100.014275,122,255,249,255,191,2,66,188,1,0,0,0,0,0,0,0
100.329674,100.293930,122,255,249,255,191,3,72,188,129,0,0,0,0,0,0,0
100.549454,100.512505,122,255,249,255,190,2,72,188,1,0,0,0,0,0,0,0
100.824173,100.782890,122,255,249,255,191,3,69,187,129,0,0,0,0,0,0,0
101.043953,101.001953,122,255,249,255,191,3,69,187,129,0,0,0,0,0,0,0
101.263733,101.244537,121,255,249,255,190,2,70,187,1,0,0,0,0,0,0,0
101.538460,101.518654,121,255,248,255,191,2,70,187,129,0,0,0,0,0,0,0
101.758240,101.735413,122,255,249,255,191,2,69,188,1,0,0,0,0,0,0,0
102.032967,102.008858,121,255,249,255,190,2,67,187,1,0,0,0,0,0,0,0
102.252747,102.231453,122,255,249,255,191,2,63,187,129,0,0,0,0,0,0,0
102.527473,102.502602,122,255,249,255,190,2,68,189,1,0,0,0,0,0,0,0
102.747253,102.721901,121,255,249,255,191,2,65,187,129,0,0,0,0,0,0,0
103.021980,102.994621,121,255,249,255,191,2,63,188,1,0,0,0,0,0,0,0
103.241760,103.211960,121,255,249,255,190,3,61,187,1,0,0,0,0,0,0,0
103.516487,103.483940,121,255,249,255,191,2,59,188,129,0,0,0,0,0,0,0
103.736267,103.700905,121,255,249,255,191,2,58,187,1,0,0,0,0,0,0,0
104.010986,103.972946,121,255,249,255,190,3,61,187,129,0,0,0,0,0,0,0
104.230766,104.188141,121,255,249,255,191,3,59,188,1,0,0,0,0,0,0,0
104.450546,104.433868,122,255,249,255,190,3,59,188,129,0,0,0,0,0,0,0
104.725273,104.705551,122,255,249,255,191,3,57,187,1,0,0,0,0,0,0,0
104.945053,104.926201,122,255,249,255,192,2,63,188,1,0,0,0,0,0,0,0
105.219780,105.195335,122,255,249,255,191,2,66,187,129,0,0,0,0,0,0,0
105.439560,105.415916,122,255,249,255,190,3,66,188,1,0,0,0,0,0,0,0
105.714287,105.688606,121,255,249,255,190,3,65,188,1,0,0,0,0,0,0,0
105.934067,105.905373,122,255,249,255,192,2,71,188,1,0,0,0,0,0,0,0
106.208794,106.179131,122,255,249,255,191,2,68,187,1,0,0,0,0,0,0,0
106.428574,106.399780,122,255,249,255,192,2,73,188,129,0,0,0,0,0,0,0
106.703300,106.668808,122,255,249,255,191,2,69,188,129,0,0,0,0,0,0,0
106.923080,106.888054,122,255,249,255,191,2,68,187,129,0,0,0,0,0,0,0
107.197800,107.155830,121,255,249,255,191,2,66,187,1,0,0,0,0,0,0,0
107.417580,107.397667,121,255,249,255,191,2,63,188,1,0,0,0,0,0,0,0
107.637360,107.618828,121,255,249,255,191,2,67,187,129,0,0,0,0,0,0,0
107.912086,107.893585,121,255,249,255,191,2,64,187,1,0,0,0,0,0,0,0
108.131866,108.113091,121,255,249,255,191,2,67,187,129,0,0,0,0,0,0,0
108.406593,108.382538,121,255,249,255,191,3,61,187,1,0,0,0,0,0,0,0
108.626373,108.602356,122,255,249,255,191,2,61,187,1,0,0,0,0,0,0,0
108.901100,108.873726,121,255,249,255,190,2,61,187,129,0,0,0,0,0,0,0
109.120880,109.092712,122,255,249,255,191,2,61,188,1,0,0,0,0,0,0,0
109.395607,109.364532,122,255,250,255,190,2,60,188,129,0,0,0,0,0,0,0
109.615387,109.582756,122,255,250,255,191,3,61,187,129,0,0,0,0,0,0,0
109.890106,109.857880,121,255,250,255,191,3,62,187,1,0,0,0,0,0,0,0
110.109894,110.074738,122,255,250,255,190,3,66,188,129,0,0,0,0,0,0,0
110.384613,110.351418,122,255,249,255,190,3,63,188,1,0,0,0,0,0,0,0
110.604393,110.566658,122,255,250,255,191,3,66,188,1,0,0,0,0,0,0,0
110.879120,110.842133,122,255,250,255,192,3,64,187,1,0,0,0,0,0,0,0
111.098900,111.057892,121,255,250,255,191,2,68,188,1,0,0,0,0,0,0,0
111.373627,111.333580,121,255,250,255,191,2,67,187,129,0,0,0,0,0,0,0
111.593407,111.550537,122,255,250,255,191,3,68,188,1,0,0,0,0,0,0,0
111.868134,111.823654,122,255,250,255,190,2,68,188,129,0,0,0,0,0,0,0
112.087914,112.067688,121,255,250,255,191,2,69,187,1,0,0,0,0,0,0,0
112.307693,112.282356,121,255,250,255,190,2,68,187,129,0,0,0,0,0,0,0
112.582420,112.553734,122,255,250,255,191,2,69,187,129,0,0,0,0,0,0,0
112.802200,112.771996,122,255,250,255,191,2,67,187,1,0,0,0,0,0,0,0
113.076920,113.046593,122,255,250,255,191,2,64,188,129,0,0,0,0,0,0,0
113.296700,113.266403,122,255,250,255,191,2,64,188,1,0,0,0,0,0,0,0
113.571426,113.534660,122,255,250,255,190,2,64,188,129,0,0,0,0,0,0,0
113.791206,113.755722,121,255,250,255,191,2,65,187,129,0,0,0,0,0,0,0
114.065933,114.029953,121,255,250,255,190,3,68,187,1,0,0,0,0,0,0,0
114.285713,114.249672,122,255,250,255,190,3,61,187,129,0,0,0,0,0,0,0
114.560440,114.519234,121,255,250,255,191,3,61,187,1,0,0,0,0,0,0,0
114.780220,114.741745,122,255,250,255,191,3,63,188,129,0,0,0,0,0,0,0
115.054947,115.012024,122,255,250,255,191,2,61,187,129,0,0,0,0,0,0,0
115.274727,115.231117,122,255,250,255,191,3,63,187,1,0,0,0,0,0,0,0
115.549454,115.504044,121,255,250,255,192,2,69,186,129,0,0,0,0,0,0,0
115.769234,115.746552,122,255,250,255,191,2,66,188,1,0,0,0,0,0,0,0
115.989014,115.964806,121,255,251,255,191,2,65,187,1,0,0,0,0,0,0,0
116.263733,116.235237,121,255,250,255,191,2,66,187,129,0,0,0,0,0,0,0
116.483513,116.456619,122,255,251,255,191,2,67,188,1,0,0,0,0,0,0,0
116.758240,116.731216,122,255,251,255,191,2,64,188,1,0,0,0,0,0,0,0
116.978020,116.950310,121,255,251,255,190,2,69,187,1,0,0,0,0,0,0,0
117.252747,117.220329,121,255,251,255,191,2,70,187,129,0,0,0,0,0,0,0
117.472527,117.435944,122,255,251,255,190,2,68,188,129,0,0,0,0,0,0,0
117.747253,117.709900,122,255,251,255,191,2,68,187,1,0,0,0,0,0,0,0
117.967033,117.927650,122,255,251,255,191,2,66,187,129,0,0,0,0,0,0,0
118.241760,118.201309,121,255,251,255,191,3,75,187,1,0,0,0,0,0,0,0
118.461540,118.422638,121,255,251,255,191,2,75,187,129,0,0,0,0,0,0,0
118.736267,118.696686,121,255,251,255,191,2,76,187,1,0,0,0,0,0,0,0
118.956047,118.909981,121,255,251,255,190,3,80,188,1,0,0,0,0,0,0,0
119.230766,119.183434,121,255,251,255,190,2,76,187,129,0,0,0,0,0,0,0
119.450546,119.403404,121,255,251,255,191,3,72,188,1,0,0,0,0,0,0,0
119.670326,119.646790,122,255,251,255,191,2,72,188,129,0,0,0,0,0,0,0
119.945053,119.920036,122,255,251,255,190,3,72,187,1,0,0,0,0,0,0,0
120.164833,120.138184,121,255,251,255,190,2,67,187,1,0,0,0,0,0,0,0
120.439560,120.414543,122,255,251,255,190,2,65,187,129,0,0,0,0,0,0,0
120.659340,120.631042,121,255,251,255,191,2,68,187,1,0,0,0,0,0,0,0
120.934067,120.903084,122,255,251,255,192,2,65,188,129,0,0,0,0,0,0,0
121.153847,121.123169,121,255,251,255,191,2,67,187,1,0,0,0,0,0,0,0
121.428574,121.396736,122,255,251,255,191,3,65,188,1,0,0,0,0,0,0,0
121.648354,121.613747,121,255,251,255,192,2,62,188,129,0,0,0,0,0,0,0
121.923080,121.885567,121,255,251,255,191,3,62,187,1,0,0,0,0,0,0,0
122.142860,122.103050,122,255,251,255,191,3,63,187,129,0,0,0,0,0,0,0
122.417580,122.372345,121,255,251,255,191,2,63,188,1,0,0,0,0,0,0,0
122.637360,122.589203,122,255,251,255,191,3,59,188,129,0,0,0,0,0,0,0
122.857140,122.832535,122,255,251,255,190,3,62,188,129,0,0,0,0,0,0,0
123.131866,123.105309,122,255,251,255,190,2,65,188,1,0,0,0,0,0,0,0
123.351646,123.323570,122,255,251,255,191,2,69,187,129,0,0,0,0,0,0,0
123.626373,123.597679,122,255,251,255,190,2,72,188,1,0,0,0,0,0,0,0
123.846153,123.814865,121,255,251,255,191,2,69,187,1,0,0,0,0,0,0,0
124.120880,124.090622,122,255,251,255,190,3,72,188,129,0,0,0,0,0,0,0
124.340660,124.304756,122,255,251,255,192,3,79,187,1,0,0,0,0,0,0,0
124.615387,124.573624,122,255,251,255,192,2,75,188,129,0,0,0,0,0,0,0
124.835167,124.794754,122,255,251,255,190,3,73,188,1,0,0,0,0,0,0,0
125.109894,125.067841,122,255,251,255,191,3,68,187,1,0,0,0,0,0,0,0
125.329674,125.283600,121,255,251,255,190,3,71,188,129,0,0,0,0,0,0,0
125.604393,125.556274,122,255,251,255,191,2,69,188,1,0,0,0,0,0,0,0
125.824173,125.777237,122,255,251,255,191,3,67,187,129,0,0,0,0,0,0,0
126.098900,126.049904,122,255,251,255,191,2,63,187,1,0,0,0,0,0,0,0
126.318680,126.268578,122,255,251,255,191,3,63,187,129,0,0,0,0,0,0,0
126.538460,126.511963,121,255,251,255,191,3,60,188,129,0,0,0,0,0,0,0
126.813187,126.783600,122,255,251,255,190,2,63,188,1,0,0,0,0,0,0,0
127.032967,127.002899,121,255,251,255,191,3,60,187,129,0,0,0,0,0,0,0
127.307693,127.280769,122,255,251,255,191,2,62,187,1,0,0,0,0,0,0,0
127.527473,127.497780,122,255,251,255,191,3,56,188,129,0,0,0,0,0,0,0
127.802200,127.769463,122,255,251,255,192,2,59,188,129,0,0,0,0,0,0,0
128.021973,127.988762,122,255,251,255,191,3,64,186,1,0,0,0,0,0,0,0
128.296707,128.262741,121,255,251,255,192,2,63,188,129,0,0,0,0,0,0,0
128.516479,128.480377,121,255,250,255,190,3,66,187,1,0,0,0,0,0,0,0
128.791214,128.752518,122,255,250,255,190,2,67,187,129,0,0,0,0,0,0,0
129.010986,128.969482,121,255,250,255,191,3,68,188,129,0,0,0,0,0,0,0
129.285721,129.243500,121,255,250,255,191,2,71,188,1,0,0,0,0,0,0,0
129.505493,129.456985,122,255,250,255,190,3,71,187,129,0,0,0,0,0,0,0
129.780212,129.730011,122,255,250,255,191,3,72,187,1,0,0,0,0,0,0,0
130.000000,129.947906,121,255,250,255,191,3,70,187,129,0,0,0,0,0,0,0
130.219788,130.193115,121,255,250,255,191,3,75,187,129,0,0,0,0,0,0,0
130.494507,130.462769,121,255,250,255,190,3,77,188,1,0,0,0,0,0,0,0
130.714279,130.681091,122,255,250,255,191,3,74,187,129,0,0,0,0,0,0,0
130.989014,130.955887,121,255,250,255,191,3,74,188,1,0,0,0,0,0,0,0
131.208786,131.177948,122,255,250,255,190,2,64,188,129,0,0,0,0,0,0,0
131.483521,131.451340,122,255,250,255,190,3,67,187,1,0,0,0,0,0,0,0
131.703293,131.665070,122,255,250,255,191,3,62,187,1,0,0,0,0,0,0,0
131.978027,131.934204,122,255,250,255,190,2,59,188,129,0,0,0,0,0,0,0
132.197800,132.151520,121,255,250,255,191,2,59,187,129,0,0,0,0,0,0,0
132.472534,132.427841,122,255,250,255,190,2,57,187,129,0,0,0,0,0,0,0
132.692307,132.644913,121,255,249,255,190,2,55,188,1,0,0,0,0,0,0,0
132.967026,132.919037,122,255,249,255,191,2,51,188,1,0,0,0,0,0,0,0
133.186813,133.137299,122,255,249,255,190,2,54,188,129,0,0,0,0,0,0,0
133.461533,133.409134,121,255,249,255,191,2,56,187,1,0,0,0,0,0,0,0
133.681320,133.652420,122,255,249,255,190,2,60,188,129,0,0,0,0,0,0,0
133.901093,133.868759,122,255,249,255,191,3,62,188,1,0,0,0,0,0,0,0
134.175827,134.141708,122,255,249,255,191,2,66,188,1,0,0,0,0,0,0,0
134.395599,134.357712,122,255,249,255,191,2,64,188,129,0,0,0,0,0,0,0
134.670334,134.628403,121,255,249,255,192,2,64,187,1,0,0,0,0,0,0,0
134.890106,134.842545,121,255,249,255,191,2,70,187,129,0,0,0,0,0,0,0
135.164841,135.112732,121,255,249,255,191,2,72,188,1,0,0,0,0,0,0,0
135.384613,135.353821,121,255,249,255,191,2,72,187,129,0,0,0,0,0,0,0
135.604401,135.572037,121,255,249,255,191,2,72,187,129,0,0,0,0,0,0,0
135.879120,135.847458,122,255,249,255,190,2,74,188,1,0,0,0,0,0,0,0
136.098907,136.065247,121,255,249,255,190,2,74,187,129,0,0,0,0,0,0,0
136.373627,136.337265,122,255,249,255,191,3,70,187,1,0,0,0,0,0,0,0
136.593399,136.554840,121,255,249,255,192,3,64,187,1,0,0,0,0,0,0,0
136.868134,136.828125,122,255,249,255,191,3,64,188,129,0,0,0,0,0,0,0
137.087906,137.045761,122,255,249,255,191,2,63,188,1,0,0,0,0,0,0,0
137.362640,137.318375,122,255,249,255,191,2,61,187,129,0,0,0,0,0,0,0
137.582413,137.539444,122,255,249,255,191,2,58,188,1,0,0,0,0,0,0,0
137.857147,137.811020,121,255,249,255,191,3,58,187,129,0,0,0,0,0,0,0
138.076920,138.028656,122,255,249,255,191,2,56,188,129,0,0,0,0,0,0,0
138.351654,138.301910,121,255,249,255,190,2,54,187,1,0,0,0,0,0,0,0
138.571426,138.519730,121,255,249,255,190,2,56,188,129,0,0,0,0,0,0,0
138.846161,138.790771,122,255,249,255,191,2,60,188,1,0,0,0,0,0,0,0
139.065933,139.033630,122,255,249,255,191,3,60,188,1,0,0,0,0,0,0,0
139.285721,139.250839,121,255,249,255,191,3,59,188,129,0,0,0,0,0,0,0
139.560440,139.524033,122,255,249,255,192,2,61,187,1,0,0,0,0,0,0,0
139.780212,139.744583,122,255,249,255,191,2,61,188,129,0,0,0,0,0,0,0
140.054947,140.016159,121,255,249,255,190,2,67,187,1,0,0,0,0,0,0,0
140.274719,140.235977,122,255,249,255,191,2,70,187,129,0,0,0,0,0,0,0
140.549454,140.506210,122,255,249,255,192,2,72,187,129,0,0,0,0,0,0,0
140.769226,140.725494,121,255,249,255,191,2,73,188,1,0,0,0,0,0,0,0
141.043961,140.995468,122,255,249,255,191,3,74,188,129,0,0,0,0,0,0,0
141.263733,141.210098,122,255,249,255,191,2,76,188,1,0,0,0,0,0,0,0
141.538467,141.482468,121,255,249,255,191,2,79,187,129,0,0,0,0,0,0,0
141.758240,141.702698,121,255,249,255,191,3,74,187,129,0,0,0,0,0,0,0
141.978027,141.945297,122,255,248,255,191,2,75,188,1,0,0,0,0,0,0,0
142.252747,142.215988,121,255,249,255,191,2,71,187,129,0,0,0,0,0,0,0
142.472534,142.437897,121,255,249,255,191,3,69,187,1,0,0,0,0,0,0,0
142.747253,142.712219,121,255,249,255,191,2,65,188,129,0,0,0,0,0,0,0
142.967026,142.928665,122,255,249,255,191,2,61,188,129,0,0,0,0,0,0,0
143.241760,143.200562,122,255,248,255,191,2,55,188,1,0,0,0,0,0,0,0
143.461533,143.419800,122,255,249,255,191,2,57,189,129,0,0,0,0,0,0,0
143.736267,143.689621,122,255,248,255,191,2,55,188,1,0,0,0,0,0,0,0
143.956039,143.909271,122,255,249,255,191,2,53,187,129,0,0,0,0,0,0,0
144.230774,144.182465,121,255,248,255,191,2,53,187,129,0,0,0,0,0,0,0
144.450546,144.401047,122,255,248,255,191,2,54,188,1,0,0,0,0,0,0,0
144.725281,144.672821,122,255,248,255,191,3,55,188,129,0,0,0,0,0,0,0
144.945053,144.889832,121,255,248,255,190,3,53,187,1,0,0,0,0,0,0,0
145.219788,145.163498,121,255,249,255,190,3,56,188,1,0,0,0,0,0,0,0
145.439560,145.405212,121,255,249,255,191,2,62,188,129,0,0,0,0,0,0,0
145.659348,145.623627,122,255,248,255,191,2,61,188,1,0,0,0,0,0,0,0
145.934067,145.894531,122,255,248,255,191,2,61,188,1,0,0,0,0,0,0,0
146.153839,146.116043,121,255,248,255,191,2,67,188,1,0,0,0,0,0,0,0
146.428574,146.386978,122,255,249,255,191,2,71,187,1,0,0,0,0,0,0,0
146.648346,146.605087,122,255,249,255,191,2,74,187,1,0,0,0,0,0,0,0
146.923080,146.870422,121,255,248,255,191,2,76,187,1,0,0,0,0,0,0,0
147.142853,147.087036,121,255,249,255,191,3,77,187,129,0,0,0,0,0,0,0
147.417587,147.359497,122,255,248,255,191,3,72,187,1,0,0,0,0,0,0,0
147.637360,147.579285,122,255,248,255,191,2,74,188,129,0,0,0,0,0,0,0
147.912094,147.853577,122,255,248,255,190,2,73,187,129,0,0,0,0,0,0,0
148.131866,148.094879,121,255,248,255,190,3,66,188,1,0,0,0,0,0,0,0
148.351654,148.313904,122,255,248,255,190,3,63,187,129,0,0,0,0,0,0,0
148.626373,148.587479,121,255,249,255,191,2,62,187,1,0,0,0,0,0,0,0
148.846161,148.806442,122,255,248,255,190,1,56,188,129,0,0,0,0,0,0,0
149.120880,149.076706,122,255,248,255,191,3,59,187,1,0,0,0,0,0,0,0
149.340652,149.297333,122,255,249,255,192,2,59,188,1,0,0,0,0,0,0,0
149.615387,149.570587,122,255,248,255,190,3,58,188,129,0,0,0,0,0,0,0
149.835159,149.786514,122,255,248,255,191,2,53,188,1,0,0,0,0,0,0,0
150.109894,150.061157,122,255,248,255,190,3,54,188,129,0,0,0,0,0,0,0
150.329666,150.279724,122,255,249,255,191,3,56,187,1,0,0,0,0,0,0,0
150.604401,150.548233,122,255,248,255,190,2,56,187,1,0,0,0,0,0,0,0
150.824173,150.764893,121,255,249,255,191,2,62,188,129,0,0,0,0,0,0,0
151.098907,151.041458,122,255,249,255,191,2,63,188,1,0,0,0,0,0,0,0
151.318680,151.284485,122,255,249,255,192,2,60,188,129,0,0,0,0,0,0,0
151.538467,151.498642,122,255,249,255,191,3,69,187,1,0,0,0,0,0,0,0
151.813187,151.771408,121,255,249,255,190,2,69,187,129,0,0,0,0,0,0,0
152.032974,151.990814,121,255,249,255,190,3,74,187,129,0,0,0,0,0,0,0
152.307693,152.265457,121,255,249,255,190,3,72,187,1,0,0,0,0,0,0,0
152.527466,152.478989,122,255,249,255,191,3,72,187,129,0,0,0,0,0,0,0
152.802200,152.758728,122,255,249,255,191,3,74,187,129,0,0,0,0,0,0,0
153.021973,152.975510,122,255,249,255,190,2,77,188,1,0,0,0,0,0,0,0
153.296707,153.246384,122,255,249,255,190,3,70,187,129,0,0,0,0,0,0,0
153.516479,153.467712,122,255,249,255,191,3,66,187,1,0,0,0,0,0,0,0
153.791214,153.737213,121,255,249,255,190,2,64,187,1,0,0,0,0,0,0,0
154.010986,153.955566,122,255,249,255,190,2,64,187,1,0,0,0,0,0,0,0
154.285721,154.229095,121,255,249,255,190,3,62,187,1,0,0,0,0,0,0,0
154.505493,154.470581,122,255,249,255,190,2,63,188,129,0,0,0,0,0,0,0
154.725281,154.689789,121,255,249,255,190,3,61,188,1,0,0,0,0,0,0,0
155.000000,154.962982,121,255,249,255,190,2,61,188,129,0,0,0,0,0,0,0
155.219788,155.182022,121,255,249,255,191,3,59,187,1,0,0,0,0,0,0,0
155.494507,155.452652,121,255,249,255,191,3,61,188,129,0,0,0,0,0,0,0
155.714279,155.671341,121,255,249,255,190,2,58,187,129,0,0,0,0,0,0,0
155.989014,155.945602,122,255,249,255,191,3,59,187,1,0,0,0,0,0,0,0
156.208786,156.163101,121,255,249,255,191,3,63,188,129,0,0,0,0,0,0,0
156.483521,156.437912,122,255,249,255,191,2,65,188,129,0,0,0,0,0,0,0
156.703293,156.659698,122,255,249,255,190,2,68,188,129,0,0,0,0,0,0,0
156.978027,156.931534,121,255,249,255,190,2,66,188,129,0,0,0,0,0,0,0
157.197800,157.147354,122,255,249,255,191,2,69,187,1,0,0,0,0,0,0,0
157.472534,157.419083,121,255,249,255,191,2,72,187,129,0,0,0,0,0,0,0
157.692307,157.638794,122,255,249,255,191,2,75,187,1,0,0,0,0,0,0,0
157.967026,157.915604,121,255,249,255,192,3,73,187,129,0,0,0,0,0,0,0
158.186813,158.128799,122,255,249,255,191,2,74,188,129,0,0,0,0,0,0,0
158.461533,158.404892,122,255,249,255,191,2,74,188,1,0,0,0,0,0,0,0
158.681320,158.623154,122,255,249,255,191,2,70,188,129,0,0,0,0,0,0,0
158.956039,158.895279,122,255,249,255,191,2,73,187,1,0,0,0,0,0,0,0
159.175827,159.138489,121,255,249,255,190,2,67,188,1,0,0,0,0,0,0,0
159.395599,159.355713,121,255,249,255,190,2,67,187,1,0,0,0,0,0,0,0
159.670334,159.630356,122,255,249,255,191,2,64,188,1,0,0,0,0,0,0,0
159.890106,159.845337,122,255,249,255,191,2,63,188,129,0,0,0,0,0,0,0
160.164841,160.118973,122,255,249,255,191,3,60,188,1,0,0,0,0,0,0,0
160.384613,160.337509,122,255,249,255,191,2,64,187,129,0,0,0,0,0,0,0
160.659348,160.611664,122,255,249,255,191,2,64,188,1,0,0,0,0,0,0,0
160.879120,160.825638,122,255,249,255,190,2,65,188,1,0,0,0,0,0,0,0
161.153839,161.100342,122,255,249,255,191,2,69,188,129,0,0,0,0,0,0,0
161.373627,161.320633,122,255,249,255,191,2,67,187,1,0,0,0,0,0,0,0
161.648346,161.593338,122,255,249,255,191,2,67,187,1,0,0,0,0,0,0,0
161.868134,161.807709,122,255,249,255,192,2,67,188,129,0,0,0,0,0,0,0
162.142853,162.080627,122,255,249,255,190,2,68,187,1,0,0,0,0,0,0,0
162.362640,162.299072,122,255,248,255,191,2,70,187,129,0,0,0,0,0,0,0
162.582413,162.542282,121,255,248,255,191,2,67,188,1,0,0,0,0,0,0,0
162.857147,162.816315,121,255,248,255,190,2,66,187,129,0,0,0,0,0,0,0
163.076920,163.031555,122,255,248,255,191,2,65,187,1,0,0,0,0,0,0,0
163.351654,163.302963,122,255,248,255,191,2,65,187,1,0,0,0,0,0,0,0
163.571426,163.518066,121,255,248,255,191,2,60,187,129,0,0,0,0,0,0,0
163.846161,163.790314,122,255,248,255,191,2,67,187,1,0,0,0,0,0,0,0
164.065933,164.007950,122,255,248,255,190,2,67,187,129,0,0,0,0,0,0,0
164.340652,164.282379,122,255,248,255,191,3,67,187,1,0,0,0,0,0,0,0
164.560440,164.498779,122,255,248,255,192,2,70,187,1,0,0,0,0,0,0,0
164.780212,164.742172,121,255,248,255,190,2,65,187,129,0,0,0,0,0,0,0
165.054947,165.014481,122,255,248,255,190,2,68,187,1,0,0,0,0,0,0,0
165.274719,165.232269,121,255,248,255,191,3,65,187,129,0,0,0,0,0,0,0
165.549454,165.506714,121,255,248,255,191,3,65,187,129,0,0,0,0,0,0,0
165.769226,165.723877,122,255,248,255,190,2,71,188,1,0,0,0,0,0,0,0
166.043961,165.993942,121,255,247,255,190,3,67,187,129,0,0,0,0,0,0,0
166.263733,166.211365,122,255,247,255,191,2,69,187,1,0,0,0,0,0,0,0
166.538467,166.483932,121,255,247,255,190,2,67,188,1,0,0,0,0,0,0,0
166.758240,166.702347,122,255,247,255,191,2,64,188,1,0,0,0,0,0,0,0
167.032974,166.971649,121,255,247,255,190,2,64,187,1,0,0,0,0,0,0,0
167.252747,167.192657,121,255,247,255,191,2,60,187,129,0,0,0,0,0,0,0
167.527466,167.467102,121,255,247,255,191,2,61,187,1,0,0,0,0,0,0,0
167.747253,167.682190,122,255,247,255,191,2,58,188,129,0,0,0,0,0,0,0
168.021973,167.956299,122,255,247,255,191,3,57,188,1,0,0,0,0,0,0,0
168.241760,168.200134,122,255,246,255,191,2,62,188,1,0,0,0,0,0,0,0
168.461533,168.416809,121,255,246,255,191,2,67,187,129,0,0,0,0,0,0,0
168.736267,168.690430,121,255,246,255,192,2,60,187,1,0,0,0,0,0,0,0
168.956039,168.909409,121,255,246,255,191,2,61,188,129,0,0,0,0,0,0,0
169.230774,169.182632,121,255,245,255,190,2,60,187,1,0,0,0,0,0,0,0
169.450546,169.394775,121,255,246,255,191,3,63,187,1,0,0,0,0,0,0,0
169.725281,169.668427,122,255,245,255,191,1,67,187,129,0,0,0,0,0,0,0
169.945053,169.886337,121,255,246,255,190,2,65,187,1,0,0,0,0,0,0,0
170.219788,170.158371,121,255,245,255,191,1,67,187,129,0,0,0,0,0,0,0
170.439560,170.375961,121,255,245,255,191,3,67,187,1,0,0,0,0,0,0,0
170.714279,170.648315,122,255,245,255,191,3,66,188,1,0,0,0,0,0,0,0
170.934067,170.867722,121,255,245,255,190,2,61,188,129,0,0,0,0,0,0,0
171.153839,171.110535,121,255,245,255,192,3,63,187,1,0,0,0,0,0,0,0
171.428574,171.384033,122,255,245,255,191,3,63,187,129,0,0,0,0,0,0,0
171.648346,171.598251,121,255,245,255,191,2,62,187,1,0,0,0,0,0,0,0
171.923080,171.868683,121,255,244,255,191,2,57,187,129,0,0,0,0,0,0,0
172.142853,172.085373,121,255,244,255,191,3,56,187,129,0,0,0,0,0,0,0
172.417587,172.354980,122,255,244,255,191,2,56,188,1,0,0,0,0,0,0,0
172.637360,172.572937,122,255,244,255,191,2,56,187,129,0,0,0,0,0,0,0
172.912094,172.847275,121,255,244,255,190,3,50,187,1,0,0,0,0,0,0,0
173.131866,173.066559,122,255,243,255,192,2,51,187,129,0,0,0,0,0,0,0
173.351654,173.308701,121,255,243,255,191,2,54,187,129,0,0,0,0,0,0,0
173.626373,173.582718,122,255,243,255,191,3,55,187,1,0,0,0,0,0,0,0
173.846161,173.800201,121,255,243,255,191,2,55,187,129,0,0,0,0,0,0,0
174.120880,174.073914,122,255,243,255,191,3,57,187,1,0,0,0,0,0,0,0
174.340652,174.289886,121,255,242,255,191,3,59,186,129,0,0,0,0,0,0,0
174.615387,174.564423,122,255,243,255,191,2,58,187,129,0,0,0,0,0,0,0
174.835159,174.783783,121,255,242,255,191,3,51,188,1,0,0,0,0,0,0,0
175.109894,175.061783,122,255,242,255,191,3,53,186,129,0,0,0,0,0,0,0
175.329666,175.276169,121,255,241,255,191,3,52,187,1,0,0,0,0,0,0,0
175.604401,175.543579,122,255,241,255,190,3,53,187,129,0,0,0,0,0,0,0
175.824173,175.764130,122,255,241,255,191,2,56,187,1,0,0,0,0,0,0,0
176.098907,176.037537,122,255,241,255,192,2,56,188,1,0,0,0,0,0,0,0
176.318680,176.254349,121,255,241,255,191,3,48,188,129,0,0,0,0,0,0,0
176.593399,176.527832,121,255,241,255,191,2,52,187,1,0,0,0,0,0,0,0
176.813187,176.767838,122,255,241,255,191,2,52,188,1,0,0,0,0,0,0,0
177.032974,176.983459,121,255,241,255,191,2,50,187,129,0,0,0,0,0,0,0
177.307693,177.257828,121,255,240,255,191,2,48,188,1,0,0,0,0,0,0,0
177.527466,177.476883,121,255,241,255,191,2,49,188,129,0,0,0,0,0,0,0
177.802200,177.747101,121,255,241,255,191,2,49,188,129,0,0,0,0,0,0,0
178.021973,177.961624,122,255,240,255,192,2,54,188,129,0,0,0,0,0,0,0
178.296707,178.233978,121,255,240,255,192,2,51,187,129,0,0,0,0,0,0,0
178.516479,178.451889,121,255,240,255,191,3,51,187,1,0,0,0,0,0,0,0
178.791214,178.721878,122,255,239,255,191,2,49,188,129,0,0,0,0,0,0,0
179.010986,178.961182,121,255,239,255,190,3,48,187,1,0,0,0,0,0,0,0
179.230774,179.177368,122,255,239,255,191,3,48,188,129,0,0,0,0,0,0,0
179.505493,179.448563,121,255,239,255,192,3,51,187,129,0,0,0,0,0,0,0
179.725281,179.666840,122,255,239,255,192,3,51,187,129,0,0,0,0,0,0,0
180.000000,179.939926,122,255,239,255,191,3,52,188,129,0,0,0,0,0,0,0
180.219788,180.156265,122,255,239,255,190,2,50,187,1,0,0,0,0,0,0,0
180.494507,180.432541,121,255,239,255,191,2,53,189,1,0,0,0,0,0,0,0
180.714279,180.650162,122,255,239,255,191,2,50,188,129,0,0,0,0,0,0,0
180.989014,180.923355,121,255,238,255,191,2,48,188,1,0,0,0,0,0,0,0
181.208786,181.143677,121,255,238,255,191,3,40,188,129,0,0,0,0,0,0,0
181.483521,181.414795,121,255,238,255,191,2,44,186,1,0,0,0,0,0,0,0
181.703293,181.655319,122,255,238,255,191,2,43,188,129,0,0,0,0,0,0,0
181.923080,181.869781,121,255,238,255,191,2,44,187,129,0,0,0,0,0,0,0
182.197800,182.142273,122,255,237,255,191,2,39,187,1,0,0,0,0,0,0,0
182.417587,182.361694,121,255,237,255,192,3,38,187,129,0,0,0,0,0,0,0
182.692307,182.631042,122,255,237,255,192,3,38,187,129,0,0,0,0,0,0,0
182.912094,182.849838,121,255,237,255,192,2,36,188,129,0,0,0,0,0,0,0
183.186813,183.119385,121,255,237,255,191,3,40,187,129,0,0,0,0,0,0,0
183.406601,183.339157,121,255,237,255,191,2,46,188,1,0,0,0,0,0,0,0
183.626373,183.581238,122,255,237,255,191,2,45,187,129,0,0,0,0,0,0,0
183.901093,183.854568,121,255,237,255,192,2,43,187,1,0,0,0,0,0,0,0
184.120880,184.071075,121,255,237,255,191,3,43,188,129,0,0,0,0,0,0,0
184.395599,184.337936,121,255,236,255,191,3,50,188,129,0,0,0,0,0,0,0
184.615387,184.554611,121,255,236,255,191,2,44,188,1,0,0,0,0,0,0,0
184.890106,184.827744,122,255,236,255,191,3,48,188,129,0,0,0,0,0,0,0
185.109894,185.048615,121,255,236,255,191,3,46,187,1,0,0,0,0,0,0,0
185.384613,185.320038,122,255,236,255,190,2,47,189,129,0,0,0,0,0,0,0
185.604401,185.537369,122,255,235,255,192,3,51,188,129,0,0,0,0,0,0,0
185.879120,185.809830,122,255,235,255,191,2,51,187,1,0,0,0,0,0,0,0
186.098907,186.052521,121,255,235,255,191,2,46,187,129,0,0,0,0,0,0,0
186.318680,186.270432,122,255,236,255,191,1,39,188,1,0,0,0,0,0,0,0
186.593399,186.537109,121,255,235,255,191,3,29,187,1,0,0,0,0,0,0,0
186.813187,186.757874,121,255,235,255,191,3,39,187,1,0,0,0,0,0,0,0
187.087906,187.028732,122,255,235,255,190,2,40,187,1,0,0,0,0,0,0,0
187.307693,187.253159,122,255,235,255,190,2,38,188,129,0,0,0,0,0,0,0
187.582413,187.527817,122,255,235,255,190,2,35,189,1,0,0,0,0,0,0,0
187.802200,187.744568,122,255,235,255,192,3,32,188,1,0,0,0,0,0,0,0
188.076920,188.015793,122,255,235,255,192,3,32,188,129,0,0,0,0,0,0,0
188.296707,188.233414,122,255,234,255,192,2,28,187,1,0,0,0,0,0,0,0
188.571426,188.505051,122,255,234,255,191,3,29,188,129,0,0,0,0,0,0,0
188.791214,188.723404,122,255,235,255,190,2,27,188,1,0,0,0,0,0,0,0
189.065933,188.996262,122,255,234,255,191,3,33,188,129,0,0,0,0,0,0,0
189.285721,189.239059,122,255,235,255,191,3,32,188,129,0,0,0,0,0,0,0
189.505493,189.456589,122,255,235,255,191,3,31,187,1,0,0,0,0,0,0,0
189.780212,189.729630,122,255,235,255,190,2,35,188,129,0,0,0,0,0,0,0
190.000000,189.947784,122,255,234,255,190,3,36,188,1,0,0,0,0,0,0,0
190.274719,190.219986,122,255,235,255,191,3,33,188,129,0,0,0,0,0,0,0
190.494507,190.432785,122,255,235,255,192,2,43,188,129,0,0,0,0,0,0,0
190.769226,190.701660,122,255,235,255,191,3,44,188,1,0,0,0,0,0,0,0
190.989014,190.917389,122,255,235,255,191,3,40,188,129,0,0,0,0,0,0,0
191.263733,191.189682,122,255,235,255,190,3,39,188,1,0,0,0,0,0,0,0
191.483521,191.410019,122,255,235,255,191,3,43,188,1,0,0,0,0,0,0,0
191.703293,191.654190,122,255,235,255,191,2,38,188,1,0,0,0,0,0,0,0
191.978027,191.925079,122,255,234,255,191,2,31,188,1,0,0,0,0,0,0,0
192.197800,192.146164,122,255,235,255,191,2,36,188,129,0,0,0,0,0,0,0
192.472534,192.420181,122,255,235,255,191,3,31,188,1,0,0,0,0,0,0,0
192.692307,192.639221,122,255,234,255,191,3,32,188,129,0,0,0,0,0,0,0
192.967026,192.911530,122,255,235,255,192,3,32,188,129,0,0,0,0,0,0,0
193.186813,193.129257,122,255,235,255,190,2,32,189,1,0,0,0,0,0,0,0
193.461533,193.402405,122,255,235,255,190,2,32,189,1,0,0,0,0,0,0,0
193.681320,193.622238,122,255,235,255,191,2,36,188,1,0,0,0,0,0,0,0
193.956039,193.889893,123,255,235,255,191,3,39,189,129,0,0,0,0,0,0,0
194.175827,194.101563,122,255,235,255,191,2,40,188,129,0,0,0,0,0,0,0
194.450546,194.377396,122,255,235,255,191,3,39,187,1,0,0,0,0,0,0,0
194.670334,194.617722,122,255,236,255,191,2,42,188,129,0,0,0,0,0,0,0
194.890106,194.836136,122,255,236,255,191,2,39,188,1,0,0,0,0,0,0,0
195.164841,195.109329,122,255,236,255,192,3,40,188,129,0,0,0,0,0,0,0
195.384613,195.327484,122,255,236,255,191,3,44,189,129,0,0,0,0,0,0,0
195.659348,195.602234,122,255,236,255,191,3,47,188,129,0,0,0,0,0,0,0
195.879120,195.816589,122,255,236,255,192,2,48,188,129,0,0,0,0,0,0,0
196.153839,196.088699,122,255,236,255,192,2,40,188,1,0,0,0,0,0,0,0
196.373627,196.307571,122,255,236,255,190,3,46,188,129,0,0,0,0,0,0,0
196.648346,196.581696,122,255,236,255,191,3,47,187,129,0,0,0,0,0,0,0
196.868134,196.798355,122,255,236,255,191,2,50,188,1,0,0,0,0,0,0,0
197.142853,197.072220,122,255,236,255,191,3,57,188,129,0,0,0,0,0,0,0
197.362640,197.288864,122,255,236,255,191,3,54,188,1,0,0,0,0,0,0,0
197.637360,197.564560,122,255,236,255,191,3,51,188,129,0,0,0,0,0,0,0
197.857147,197.780960,122,255,236,255,191,2,50,188,129,0,0,0,0,0,0,0
198.131866,198.056107,122,255,237,255,190,2,48,188,1,0,0,0,0,0,0,0
198.351654,198.301773,122,255,237,255,191,2,48,189,129,0,0,0,0,0,0,0
198.571426,198.520920,122,255,236,255,190,3,51,188,1,0,0,0,0,0,0,0
198.846161,198.790878,122,255,237,255,190,2,55,188,1,0,0,0,0,0,0,0
199.065933,199.011383,122,255,237,255,190,3,54,188,1,0,0,0,0,0,0,0
199.340652,199.287338,122,255,237,255,190,2,50,188,1,0,0,0,0,0,0,0
199.560440,199.502731,122,255,237,255,191,3,53,187,129,0,0,0,0,0,0,0
199.835159,199.777481,122,255,237,255,191,3,56,188,1,0,0,0,0,0,0,0
200.054947,199.994751,122,255,237,255,191,3,56,188,1,0,0,0,0,0,0,0
200.329666,200.269974,45,255,237,255,191,3,56,188,1,0,0,0,0,0,0,0
200.549454,200.484543,121,255,209,255,191,3,28,193,129,0,0,0,0,0,0,0
200.824173,200.760437,121,255,209,255,192,3,31,193,129,0,0,0,0,0,0,0
201.043961,200.977966,121,255,209,255,193,2,31,193,1,0,0,0,0,0,0,0
201.318680,201.250320,121,255,209,255,192,3,36,193,129,0,0,0,0,0,0,0
201.538467,201.466553,121,255,209,255,192,1,36,193,1,0,0,0,0,0,0,0
201.813187,201.740005,122,255,209,255,193,3,31,194,129,0,0,0,0,0,0,0
202.032974,201.959671,122,255,209,255,194,2,46,193,1,0,0,0,0,0,0,0
202.307693,202.231812,121,255,209,255,192,2,49,193,1,0,0,0,0,0,0,0
202.527466,202.471985,121,255,209,255,191,3,53,193,129,0,0,0,0,0,0,0
202.747253,202.689194,121,255,209,255,192,2,55,193,1,0,0,0,0,0,0,0
203.021973,202.963272,121,255,209,255,193,2,60,193,129,0,0,0,0,0,0,0
203.241760,203.182938,121,255,209,255,191,2,56,193,129,0,0,0,0,0,0,0
203.516479,203.453796,121,255,209,255,193,3,62,193,1,0,0,0,0,0,0,0
203.736267,203.668625,121,255,209,255,193,2,70,193,129,0,0,0,0,0,0,0
204.010986,203.942703,122,255,209,255,194,3,67,193,1,0,0,0,0,0,0,0
204.230774,204.163345,121,255,209,255,191,1,74,194,129,0,0,0,0,0,0,0
204.505493,204.439346,121,255,209,255,194,2,69,193,1,0,0,0,0,0,0,0
204.725281,204.655945,121,255,209,255,192,3,68,193,1,0,0,0,0,0,0,0
205.000000,204.928513,121,255,209,255,191,2,72,193,129,0,0,0,0,0,0,0
205.219788,205.146622,121,255,210,255,193,2,67,194,1,0,0,0,0,0,0,0
205.494507,205.419449,121,255,209,255,192,2,66,192,129,0,0,0,0,0,0,0
205.714279,205.636398,122,255,209,255,192,2,68,193,1,0,0,0,0,0,0,0
205.989014,205.914230,121,255,209,255,192,3,63,193,1,0,0,0,0,0,0,0
206.208786,206.130661,121,255,209,255,193,3,54,193,129,0,0,0,0,0,0,0
206.428574,206.373108,121,255,209,255,192,3,60,193,1,0,0,0,0,0,0,0
206.703293,206.649933,121,255,209,255,191,2,55,193,129,0,0,0,0,0,0,0
206.923080,206.868454,121,255,209,255,193,3,56,193,1,0,0,0,0,0,0,0
207.197800,207.137283,121,255,209,255,191,2,56,193,129,0,0,0,0,0,0,0
207.417587,207.355499,121,255,209,255,193,2,61,193,129,0,0,0,0,0,0,0
207.692307,207.630234,121,255,209,255,194,3,62,194,1,0,0,0,0,0,0,0
207.912094,207.848495,121,255,209,255,193,3,62,193,129,0,0,0,0,0,0,0
208.186813,208.117844,121,255,209,255,193,3,66,193,1,0,0,0,0,0,0,0
208.406601,208.336060,121,255,209,255,194,3,64,193,1,0,0,0,0,0,0,0
208.681320,208.609085,121,255,209,255,192,3,70,193,129,0,0,0,0,0,0,0
208.901093,208.830887,121,255,209,255,189,3,66,193,1,0,0,0,0,0,0,0
209.175827,209.101105,121,255,209,255,193,3,78,193,129,0,0,0,0,0,0,0
209.395599,209.321030,120,255,209,255,193,3,66,193,1,0,0,0,0,0,0,0
209.670334,209.595764,121,255,209,255,192,3,65,192,129,0,0,0,0,0,0,0
209.890106,209.816116,121,255,209,255,193,2,69,193,129,0,0,0,0,0,0,0
210.164841,210.085358,121,255,209,255,194,3,54,193,1,0,0,0,0,0,0,0
210.384613,210.329575,121,255,210,255,187,2,68,193,129,0,0,0,0,0,0,0
210.604401,210.547363,121,255,209,255,192,3,62,194,1,0,0,0,0,0,0,0
210.879120,210.819519,121,255,209,255,189,3,61,193,129,0,0,0,0,0,0,0
211.098907,211.034195,121,255,209,255,195,2,56,193,129,0,0,0,0,0,0,0
211.373627,211.311935,121,255,209,255,191,3,56,193,1,0,0,0,0,0,0,0
211.593399,211.532089,121,255,208,255,193,3,56,193,129,0,0,0,0,0,0,0
211.868134,211.806427,121,255,209,255,192,2,49,193,1,0,0,0,0,0,0,0
212.087906,212.025055,121,255,208,255,192,3,49,193,129,0,0,0,0,0,0,0
212.362640,212.297699,121,255,209,255,193,3,47,192,1,0,0,0,0,0,0,0
212.582413,212.518158,121,255,209,255,191,3,54,193,1,0,0,0,0,0,0,0
212.857147,212.792923,121,255,209,255,193,1,54,193,129,0,0,0,0,0,0,0
213.076920,213.007019,121,255,209,255,194,2,52,193,1,0,0,0,0,0,0,0
213.351654,213.282852,121,255,209,255,192,3,58,193,129,0,0,0,0,0,0,0
213.571426,213.506729,121,255,209,255,192,2,61,194,1,0,0,0,0,0,0,0
213.846161,213.781784,121,255,209,255,193,2,62,194,1,0,0,0,0,0,0,0
214.065933,213.996368,121,255,209,255,193,2,66,193,129,0,0,0,0,0,0,0
214.340652,214.271011,121,255,209,255,195,2,68,193,1,0,0,0,0,0,0,0
214.560440,214.489166,121,255,209,255,192,2,69,194,129,0,0,0,0,0,0,0
214.835159,214.759491,121,255,209,255,192,2,66,194,1,0,0,0,0,0,0,0
215.054947,214.975067,122,255,209,255,192,3,61,193,1,0,0,0,0,0,0,0
215.329666,215.247116,122,255,209,255,192,3,67,194,129,0,0,0,0,0,0,0
215.549454,215.491425,121,255,210,255,191,3,75,194,1,0,0,0,0,0,0,0
215.769226,215.709213,122,255,210,255,191,2,55,194,129,0,0,0,0,0,0,0
216.043961,215.981308,121,255,209,255,193,2,63,193,1,0,0,0,0,0,0,0
216.263733,216.200043,122,255,209,255,192,3,68,193,1,0,0,0,0,0,0,0
216.538467,216.474884,121,255,209,255,193,2,55,193,129,0,0,0,0,0,0,0
216.758240,216.693207,121,255,209,255,192,1,61,194,1,0,0,0,0,0,0,0
217.032974,216.967300,122,255,209,255,195,2,59,193,129,0,0,0,0,0,0,0
217.252747,217.182587,121,255,209,255,191,2,50,193,1,0,0,0,0,0,0,0
217.527466,217.455658,121,255,209,255,194,2,54,193,1,0,0,0,0,0,0,0
217.747253,217.672409,121,255,209,255,191,3,57,193,129,0,0,0,0,0,0,0
218.021973,217.943680,121,255,210,255,193,3,51,193,1,0,0,0,0,0,0,0
218.241760,218.162689,121,255,209,255,193,2,56,193,129,0,0,0,0,0,0,0
218.516479,218.436401,121,255,210,255,191,3,54,193,1,0,0,0,0,0,0,0
218.736267,218.652313,121,255,209,255,196,3,49,193,129,0,0,0,0,0,0,0
218.956039,218.895844,121,255,210,255,193,3,56,193,129,0,0,0,0,0,0,0
219.230774,219.172562,121,255,209,255,193,2,54,193,1,0,0,0,0,0,0,0
219.450546,219.388382,121,255,210,255,193,3,67,193,129,0,0,0,0,0,0,0
219.725281,219.660324,121,255,210,255,193,3,72,193,1,0,0,0,0,0,0,0
219.945053,219.877655,121,255,210,255,191,2,71,193,129,0,0,0,0,0,0,0
220.219788,220.151169,121,255,209,255,191,3,79,193,129,0,0,0,0,0,0,0
220.439560,220.369385,121,255,211,255,194,3,74,193,1,0,0,0,0,0,0,0
220.714279,220.640732,121,255,210,255,195,2,84,192,129,0,0,0,0,0,0,0
220.934067,220.860352,121,255,210,255,191,3,79,193,1,0,0,0,0,0,0,0
221.208786,221.129074,120,255,210,255,191,3,79,192,129,0,0,0,0,0,0,0
221.428574,221.349243,121,255,210,255,193,3,67,192,129,0,0,0,0,0,0,0
221.703293,221.621399,121,255,210,255,194,3,66,192,1,0,0,0,0,0,0,0
221.923080,221.842712,121,255,210,255,194,2,67,193,129,0,0,0,0,0,0,0
222.142853,222.082687,121,255,210,255,195,2,58,193,1,0,0,0,0,0,0,0
222.417587,222.354614,121,255,211,255,195,3,56,192,129,0,0,0,0,0,0,0
222.637360,222.577194,121,255,210,255,192,2,56,193,129,0,0,0,0,0,0,0
222.912094,222.850388,121,255,211,255,194,3,45,193,1,0,0,0,0,0,0,0
223.131866,223.067047,121,255,210,255,192,2,43,192,129,0,0,0,0,0,0,0
223.406601,223.339920,122,255,211,255,192,3,30,193,1,0,0,0,0,0,0,0
223.626373,223.560989,121,255,210,255,193,3,43,193,129,0,0,0,0,0,0,0
223.901093,223.830765,121,255,210,255,194,2,43,192,129,0,0,0,0,0,0,0
224.120880,224.050247,121,255,211,255,193,2,58,193,1,0,0,0,0,0,0,0
224.395599,224.319382,121,255,210,255,192,3,65,193,129,0,0,0,0,0,0,0
224.615387,224.536285,121,255,211,255,195,3,67,193,1,0,0,0,0,0,0,0
224.890106,224.809021,121,255,211,255,192,3,76,193,129,0,0,0,0,0,0,0
225.109894,225.028351,121,255,211,255,192,2,76,192,1,0,0,0,0,0,0,0
225.329666,225.269318,121,255,211,255,194,3,79,193,1,0,0,0,0,0,0,0
225.604401,225.542908,121,255,211,255,192,2,72,193,129,0,0,0,0,0,0,0
225.824173,225.761688,121,255,210,255,194,2,75,193,1,0,0,0,0,0,0,0
226.098907,226.034775,121,255,211,255,193,2,78,193,1,0,0,0,0,0,0,0
226.318680,226.250031,121,255,211,255,191,2,81,193,129,0,0,0,0,0,0,0
226.593399,226.523010,121,255,211,255,192,3,100,192,1,0,0,0,0,0,0,0
226.813187,226.745651,121,255,211,255,193,2,103,193,129,0,0,0,0,0,0,0
227.087906,227.017548,122,255,211,255,194,2,106,194,1,0,0,0,0,0,0,0
227.307693,227.232239,122,255,211,255,192,3,90,194,129,0,0,0,0,0,0,0
227.582413,227.507309,122,255,211,255,192,2,92,194,129,0,0,0,0,0,0,0
227.802200,227.725067,121,255,211,255,194,2,76,193,1,0,0,0,0,0,0,0
228.076920,227.997574,122,255,210,255,193,2,74,194,129,0,0,0,0,0,0,0
228.296707,228.217270,122,255,211,255,194,3,59,194,1,0,0,0,0,0,0,0
228.571426,228.488754,121,255,210,255,193,2,56,193,129,0,0,0,0,0,0,0
228.791214,228.706711,121,255,211,255,193,2,47,193,1,0,0,0,0,0,0,0
229.065933,228.980988,121,255,210,255,194,3,38,194,1,0,0,0,0,0,0,0
229.285721,229.221680,121,255,209,255,193,2,32,193,129,0,0,0,0,0,0,0
229.505493,229.436676,121,255,209,255,191,2,24,193,1,0,0,0,0,0,0,0
229.780212,229.709076,121,255,210,255,192,3,20,193,129,0,0,0,0,0,0,0
230.000000,229.930298,121,255,210,255,191,3,19,193,1,0,0,0,0,0,0,0
230.274719,230.201614,121,255,210,255,192,3,7,193,1,0,0,0,0,0,0,0
230.494507,230.417221,121,255,209,255,194,2,12,193,129,0,0,0,0,0,0,0
230.769226,230.688232,122,255,210,255,193,3,3,194,1,0,0,0,0,0,0,0
230.989014,230.906494,121,255,209,255,192,3,15,193,129,0,0,0,0,0,0,0
231.263733,231.179001,121,255,210,255,193,3,3,193,1,0,0,0,0,0,0,0
231.483521,231.421295,122,255,209,255,192,2,12,193,1,0,0,0,0,0,0,0
231.703293,231.633270,121,255,210,255,194,3,17,193,129,0,0,0,0,0,0,0
231.978027,231.905258,121,255,210,255,193,3,23,193,1,0,0,0,0,0,0,0
232.197800,232.123886,121,255,211,255,192,2,32,193,129,0,0,0,0,0,0,0
232.472534,232.397812,121,255,211,255,191,3,39,193,1,0,0,0,0,0,0,0
232.692307,232.610550,121,255,211,255,189,3,47,193,1,0,0,0,0,0,0,0
232.967026,232.884109,121,255,211,255,192,3,43,193,129,0,0,0,0,0,0,0
233.186813,233.104340,121,255,212,255,192,3,39,193,1,0,0,0,0,0,0,0
233.461533,233.379562,122,255,212,255,192,3,46,193,129,0,0,0,0,0,0,0
233.681320,233.594070,121,255,212,255,192,2,64,192,1,0,0,0,0,0,0,0
233.956039,233.867783,121,255,212,255,193,2,60,193,129,0,0,0,0,0,0,0
234.175827,234.110962,121,255,212,255,192,3,66,193,129,0,0,0,0,0,0,0
234.395599,234.328629,121,255,212,255,193,3,66,192,1,0,0,0,0,0,0,0
234.670334,234.601624,122,255,212,255,195,2,66,193,129,0,0,0,0,0,0,0
234.890106,234.822235,121,255,213,255,193,3,74,193,1,0,0,0,0,0,0,0
235.164841,235.094910,121,255,213,255,193,3,62,193,129,0,0,0,0,0,0,0
235.384613,235.310989,121,255,213,255,189,3,75,193,129,0,0,0,0,0,0,0
235.659348,235.581680,121,255,213,255,194,3,59,193,1,0,0,0,0,0,0,0
235.879120,235.796616,121,255,213,255,193,3,68,193,129,0,0,0,0,0,0,0
236.153839,236.066101,122,255,213,255,192,3,55,193,1,0,0,0,0,0,0,0
236.373627,236.308868,122,255,214,255,195,3,66,193,129,0,0,0,0,0,0,0
236.593399,236.523804,121,255,213,255,194,2,56,193,129,0,0,0,0,0,0,0
236.868134,236.796371,121,255,213,255,193,3,61,193,1,0,0,0,0,0,0,0
237.087906,237.017242,121,255,213,255,193,3,55,193,129,0,0,0,0,0,0,0
237.362640,237.289642,121,255,213,255,194,2,62,193,1,0,0,0,0,0,0,0
237.582413,237.509598,121,255,214,255,193,2,54,193,129,0,0,0,0,0,0,0
237.857147,237.781250,121,255,213,255,193,3,66,194,129,0,0,0,0,0,0,0
238.076920,237.996231,121,255,214,255,192,3,54,193,1,0,0,0,0,0,0,0
238.351654,238.267349,121,255,213,255,194,2,62,194,129,0,0,0,0,0,0,0
238.571426,238.487015,121,255,213,255,193,3,56,192,1,0,0,0,0,0,0,0
238.846161,238.760086,121,255,214,255,193,3,70,192,129,0,0,0,0,0,0,0
239.065933,238.977142,121,255,213,255,186,3,66,192,129,0,0,0,0,0,0,0
239.340652,239.253769,121,255,213,255,193,3,66,192,1,0,0,0,0,0,0,0
239.560440,239.495438,121,255,213,255,193,3,51,193,129,0,0,0,0,0,0,0
239.780212,239.713669,121,255,213,255,194,2,51,193,1,0,0,0,0,0,0,0
240.054947,239.987259,121,255,212,255,193,2,57,193,129,0,0,0,0,0,0,0
240.274719,240.205872,121,255,213,255,191,3,59,193,1,0,0,0,0,0,0,0
240.549454,240.474869,121,255,212,255,195,2,47,192,1,0,0,0,0,0,0,0
240.769226,240.690689,121,255,212,255,187,3,54,192,129,0,0,0,0,0,0,0
241.043961,240.966232,121,255,212,255,193,2,50,193,1,0,0,0,0,0,0,0
241.263733,241.181931,121,255,212,255,192,2,43,192,129,0,0,0,0,0,0,0
241.538467,241.454285,120,255,211,255,194,3,15,192,1,0,0,0,0,0,0,0
241.758240,241.669464,121,255,212,255,191,2,36,193,1,0,0,0,0,0,0,0
242.032974,241.946564,121,255,211,255,193,2,23,193,129,0,0,0,0,0,0,0
242.252747,242.165451,121,255,212,255,194,3,30,193,1,0,0,0,0,0,0,0
242.527466,242.437347,121,255,211,255,192,3,31,193,129,0,0,0,0,0,0,0
242.747253,242.654709,121,255,212,255,193,3,35,193,129,0,0,0,0,0,0,0
242.967026,242.898407,121,255,211,255,192,3,35,193,1,0,0,0,0,0,0,0
243.241760,243.174667,121,255,211,255,191,2,31,193,129,0,0,0,0,0,0,0
243.461533,243.391312,121,255,211,255,191,3,28,193,1,0,0,0,0,0,0,0
243.736267,243.666321,121,255,211,255,194,2,38,193,129,0,0,0,0,0,0,0
243.956039,243.882141,121,255,211,255,191,3,30,193,1,0,0,0,0,0,0,0
244.230774,244.155121,121,255,211,255,192,3,46,193,129,0,0,0,0,0,0,0
244.450546,244.371292,121,255,211,255,194,3,23,192,129,0,0,0,0,0,0,0
244.725281,244.639969,121,255,212,255,194,2,34,193,1,0,0,0,0,0,0,0
244.945053,244.855759,121,255,212,255,194,3,23,192,129,0,0,0,0,0,0,0
245.164841,245.096725,121,255,211,255,193,2,39,193,1,0,0,0,0,0,0,0
245.439560,245.368515,121,255,211,255,191,2,40,193,1,0,0,0,0,0,0,0
245.659348,245.587555,121,255,212,255,194,2,47,193,129,0,0,0,0,0,0,0
245.934067,245.863297,122,255,212,255,192,3,58,193,1,0,0,0,0,0,0,0
246.153839,246.076874,121,255,212,255,193,2,56,193,129,0,0,0,0,0,0,0
246.428574,246.346268,121,255,213,255,192,2,52,193,1,0,0,0,0,0,0,0
246.648346,246.563339,121,255,212,255,193,3,62,194,129,0,0,0,0,0,0,0
246.923080,246.835800,121,255,212,255,193,3,77,193,129,0,0,0,0,0,0,0
247.142853,247.057953,121,255,213,255,192,3,60,192,1,0,0,0,0,0,0,0
247.417587,247.328445,121,255,213,255,189,3,74,193,129,0,0,0,0,0,0,0
247.637360,247.549881,121,255,213,255,193,3,63,193,1,0,0,0,0,0,0,0
247.912094,247.824387,121,255,213,255,193,3,67,193,129,0,0,0,0,0,0,0
248.131866,248.045853,121,255,213,255,192,2,67,193,129,0,0,0,0,0,0,0
248.406601,248.320816,121,255,213,255,194,3,67,193,1,0,0,0,0,0,0,0
248.626373,248.538025,121,255,213,255,193,3,63,193,129,0,0,0,0,0,0,0
248.901093,248.813889,122,255,213,255,193,3,59,193,1,0,0,0,0,0,0,0
249.120880,249.030045,121,255,212,255,195,2,61,193,129,0,0,0,0,0,0,0
249.395599,249.303162,121,255,213,255,195,3,49,193,129,0,0,0,0,0,0,0
249.615387,249.520279,121,255,212,255,194,2,48,193,1,0,0,0,0,0,0,0
249.835159,249.762802,121,255,213,255,193,2,45,193,129,0,0,0,0,0,0,0
250.109894,250.038177,122,255,213,255,195,3,43,193,1,0,0,0,0,0,0,0
250.329666,250.251816,121,255,213,255,193,3,28,193,129,0,0,0,0,0,0,0
250.604401,250.520493,121,255,212,255,194,3,42,193,129,0,0,0,0,0,0,0
250.824173,250.737656,121,255,212,255,194,3,32,193,1,0,0,0,0,0,0,0
