0.000000,0.000000,122,255,243,255,191,3,54,187,129,0,0,0,0,0,0,0
0.274725,0.271081,121,255,243,255,192,2,56,187,1,0,0,0,0,0,0,0
0.494505,0.488568,122,255,243,255,190,2,56,187,129,0,0,0,0,0,0,0
0.769231,0.760865,122,255,243,255,191,3,60,187,129,0,0,0,0,0,0,0
0.989011,0.978045,122,255,243,255,191,2,59,188,1,0,0,0,0,0,0,0
1.263736,1.252682,122,255,243,255,191,2,61,187,129,0,0,0,0,0,0,0
1.483516,1.470710,122,255,243,255,190,2,64,188,1,0,0,0,0,0,0,0
1.703297,1.713762,122,255,243,255,191,2,65,187,1,0,0,0,0,0,0,0
1.978022,1.984293,122,255,243,255,191,3,71,188,129,0,0,0,0,0,0,0
2.197802,2.202089,121,255,243,255,191,2,75,187,1,0,0,0,0,0,0,0
2.472528,2.479798,122,255,244,255,191,2,75,188,129,0,0,0,0,0,0,0
2.692308,2.695514,122,255,244,255,192,3,75,188,1,0,0,0,0,0,0,0
2.967033,2.968180,121,255,244,255,190,3,76,188,129,0,0,0,0,0,0,0
3.186813,3.191455,122,255,244,255,191,2,78,188,129,0,0,0,0,0,0,0
3.461539,3.465250,122,255,244,255,192,2,74,188,1,0,0,0,0,0,0,0
3.681319,3.684525,121,255,244,255,190,2,70,188,129,0,0,0,0,0,0,0
3.956044,3.958048,122,255,244,255,191,3,70,187,1,0,0,0,0,0,0,0
4.175824,4.179326,122,255,244,255,190,3,63,188,129,0,0,0,0,0,0,0
4.450550,4.451172,121,255,244,255,190,3,60,187,129,0,0,0,0,0,0,0
4.670330,4.670727,121,255,244,255,191,3,54,187,1,0,0,0,0,0,0,0
4.945055,4.943460,122,255,244,255,191,2,53,188,129,0,0,0,0,0,0,0
5.164835,5.156930,121,255,244,255,190,3,51,188,1,0,0,0,0,0,0,0
5.439560,5.426736,122,255,244,255,190,2,55,188,129,0,0,0,0,0,0,0
5.659341,5.643801,122,255,244,255,191,2,63,187,1,0,0,0,0,0,0,0
5.934066,5.920842,121,255,244,255,192,2,60,187,1,0,0,0,0,0,0,0
6.153846,6.141336,122,255,244,255,191,3,60,188,129,0,0,0,0,0,0,0
6.428571,6.412865,122,255,244,255,191,2,64,188,1,0,0,0,0,0,0,0
6.648352,6.631746,122,255,244,255,191,2,67,187,129,0,0,0,0,0,0,0
6.868132,6.875495,122,255,244,255,191,3,69,187,129,0,0,0,0,0,0,0
7.142857,7.151439,122,255,244,255,190,3,71,187,1,0,0,0,0,0,0,0
7.362638,7.365024,122,255,244,255,190,2,73,187,129,0,0,0,0,0,0,0
7.637362,7.638315,122,255,244,255,191,2,74,188,1,0,0,0,0,0,0,0
7.857143,7.857462,122,255,244,255,191,2,74,188,129,0,0,0,0,0,0,0
8.131868,8.131962,122,255,244,255,190,2,75,188,129,0,0,0,0,0,0,0
8.351648,8.350061,121,255,244,255,190,2,68,187,1,0,0,0,0,0,0,0
8.626373,8.620697,122,255,244,255,191,3,66,187,129,0,0,0,0,0,0,0
8.846154,8.836460,122,255,244,255,191,2,65,188,1,0,0,0,0,0,0,0
9.120879,9.106170,121,255,244,255,192,2,63,187,129,0,0,0,0,0,0,0
9.340659,9.325135,121,255,244,255,191,2,63,187,1,0,0,0,0,0,0,0
9.560439,9.564748,122,255,244,255,191,2,60,188,129,0,0,0,0,0,0,0
9.835165,9.839289,122,255,244,255,191,3,57,188,129,0,0,0,0,0,0,0
10.054945,10.059684,121,255,244,255,191,3,53,187,1,0,0,0,0,0,0,0
10.329670,10.332142,122,255,243,255,192,3,56,187,129,0,0,0,0,0,0,0
10.549451,10.548902,122,255,244,255,191,3,59,188,129,0,0,0,0,0,0,0
10.824176,10.822865,122,255,243,255,190,2,64,187,1,0,0,0,0,0,0,0
11.043956,11.041184,122,255,243,255,190,2,62,188,129,0,0,0,0,0,0,0
11.318682,11.314216,121,255,243,255,190,2,65,187,1,0,0,0,0,0,0,0
11.538462,11.532316,122,255,243,255,191,3,65,188,129,0,0,0,0,0,0,0
11.813187,11.806495,121,255,243,255,191,3,66,187,1,0,0,0,0,0,0,0
12.032967,12.023299,121,255,243,255,192,2,70,187,1,0,0,0,0,0,0,0
12.307693,12.292180,121,255,243,255,192,2,67,187,129,0,0,0,0,0,0,0
12.527472,12.509865,122,255,243,255,191,2,68,188,1,0,0,0,0,0,0,0
12.802197,12.784406,122,255,243,255,191,3,66,188,129,0,0,0,0,0,0,0
13.021978,13.028412,122,255,243,255,190,2,64,188,1,0,0,0,0,0,0,0
13.241758,13.246852,121,255,243,255,190,2,58,187,1,0,0,0,0,0,0,0
13.516483,13.521371,121,255,243,255,191,2,54,187,129,0,0,0,0,0,0,0
13.736263,13.737657,121,255,243,255,191,3,51,187,1,0,0,0,0,0,0,0
14.010989,14.015476,121,255,243,255,191,2,50,187,129,0,0,0,0,0,0,0
14.230769,14.237116,122,255,243,255,191,3,48,187,1,0,0,0,0,0,0,0
14.505494,14.509740,122,255,243,255,191,2,44,187,1,0,0,0,0,0,0,0
14.725275,14.731269,122,255,243,255,192,2,43,187,129,0,0,0,0,0,0,0
15.000000,15.003263,121,255,242,255,190,2,46,187,1,0,0,0,0,0,0,0
15.219780,15.215806,121,255,242,255,192,2,46,187,129,0,0,0,0,0,0,0
15.494506,15.490345,122,255,242,255,190,2,51,188,1,0,0,0,0,0,0,0
15.714286,15.703928,122,255,242,255,192,2,56,188,129,0,0,0,0,0,0,0
15.989011,15.979772,121,255,242,255,191,2,54,188,129,0,0,0,0,0,0,0
16.208792,16.197718,121,255,242,255,190,2,60,187,1,0,0,0,0,0,0,0
16.483517,16.469721,121,255,242,255,191,2,61,187,129,0,0,0,0,0,0,0
16.703297,16.688337,121,255,242,255,190,2,63,187,1,0,0,0,0,0,0,0
16.978022,16.963394,122,255,242,255,191,2,65,187,129,0,0,0,0,0,0,0
17.197802,17.181038,122,255,242,255,190,2,66,188,129,0,0,0,0,0,0,0
17.472527,17.453056,121,255,242,255,191,3,60,187,1,0,0,0,0,0,0,0
17.692308,17.698389,122,255,242,255,190,2,61,188,129,0,0,0,0,0,0,0
17.912088,17.916233,122,255,241,255,191,2,56,187,1,0,0,0,0,0,0,0
18.186813,18.187815,122,255,241,255,191,3,52,188,129,0,0,0,0,0,0,0
18.406593,18.406593,122,255,241,255,191,2,52,187,129,0,0,0,0,0,0,0
18.681318,18.677446,122,255,241,255,191,2,50,187,1,0,0,0,0,0,0,0
18.901098,18.892065,122,255,241,255,190,3,44,187,129,0,0,0,0,0,0,0
19.175825,19.161774,121,255,241,255,191,3,42,187,1,0,0,0,0,0,0,0
19.395605,19.380033,121,255,241,255,191,2,40,188,129,0,0,0,0,0,0,0
19.670330,19.654034,122,255,241,255,191,1,39,188,129,0,0,0,0,0,0,0
19.890110,19.872419,121,255,241,255,192,2,43,188,1,0,0,0,0,0,0,0
20.164835,20.144125,121,255,241,255,190,2,51,188,129,0,0,0,0,0,0,0
20.384615,20.362789,121,255,241,255,191,2,56,187,1,0,0,0,0,0,0,0
20.659340,20.638468,122,255,241,255,191,3,56,187,129,0,0,0,0,0,0,0
20.879122,20.880135,122,255,241,255,191,3,58,188,1,0,0,0,0,0,0,0
21.098902,21.098593,122,255,241,255,190,2,57,187,1,0,0,0,0,0,0,0
21.373627,21.370541,122,255,241,255,190,3,56,188,129,0,0,0,0,0,0,0
21.593407,21.590055,122,255,240,255,190,3,57,187,1,0,0,0,0,0,0,0
21.868132,21.860384,121,255,240,255,191,2,49,187,129,0,0,0,0,0,0,0
22.087912,22.076721,122,255,240,255,190,3,48,188,129,0,0,0,0,0,0,0
22.362637,22.347975,121,255,240,255,191,3,48,188,129,0,0,0,0,0,0,0
22.582418,22.570778,122,255,240,255,191,3,47,187,129,0,0,0,0,0,0,0
22.857143,22.844894,122,255,240,255,191,2,45,188,1,0,0,0,0,0,0,0
23.076923,23.064856,121,255,240,255,191,2,45,187,129,0,0,0,0,0,0,0
23.351648,23.339834,122,255,239,255,192,3,40,188,1,0,0,0,0,0,0,0
23.571428,23.557934,122,255,240,255,191,3,32,188,129,0,0,0,0,0,0,0
23.846153,23.833105,122,255,239,255,191,3,29,189,129,0,0,0,0,0,0,0
24.065933,24.050739,122,255,239,255,191,2,28,188,1,0,0,0,0,0,0,0
24.340660,24.324083,122,255,239,255,190,2,39,187,129,0,0,0,0,0,0,0
24.560440,24.539434,122,255,239,255,191,3,43,188,1,0,0,0,0,0,0,0
24.780220,24.782976,121,255,239,255,191,3,41,187,129,0,0,0,0,0,0,0
25.054945,25.031826,122,255,238,255,190,3,48,188,129,0,0,0,0,0,0,0
25.329670,25.307207,121,255,239,255,190,3,50,187,1,0,0,0,0,0,0,0
25.549450,25.546734,122,255,238,255,190,2,50,188,129,0,0,0,0,0,0,0
25.769230,25.764627,121,255,238,255,190,2,49,188,1,0,0,0,0,0,0,0
26.043957,26.035873,122,255,238,255,191,3,47,188,129,0,0,0,0,0,0,0
26.263737,26.253899,122,255,238,255,190,3,47,188,129,0,0,0,0,0,0,0
26.538462,26.531902,122,255,238,255,191,3,52,187,1,0,0,0,0,0,0,0
26.758242,26.752216,122,255,238,255,190,2,50,188,129,0,0,0,0,0,0,0
27.032967,27.026279,122,255,237,255,191,3,48,188,1,0,0,0,0,0,0,0
27.252747,27.243988,122,255,238,255,190,1,43,189,129,0,0,0,0,0,0,0
27.527473,27.518145,122,255,238,255,191,2,42,187,1,0,0,0,0,0,0,0
27.747253,27.738911,122,255,237,255,191,2,36,188,1,0,0,0,0,0,0,0
28.021978,28.006224,122,255,237,255,190,2,35,188,129,0,0,0,0,0,0,0
28.241758,28.222658,122,255,237,255,191,2,32,188,1,0,0,0,0,0,0,0
28.516483,28.495588,122,255,237,255,191,2,30,188,129,0,0,0,0,0,0,0
28.736263,28.716036,122,255,237,255,191,2,31,188,129,0,0,0,0,0,0,0
29.010988,28.990524,122,255,237,255,191,2,32,188,1,0,0,0,0,0,0,0
29.230770,29.207024,122,255,237,255,190,2,32,188,129,0,0,0,0,0,0,0
29.450550,29.449364,122,255,237,255,190,3,36,188,1,0,0,0,0,0,0,0
29.725275,29.699940,122,255,237,255,191,2,32,188,129,0,0,0,0,0,0,0
29.945055,29.942476,122,255,237,255,191,2,29,188,129,0,0,0,0,0,0,0
30.219780,30.217924,122,255,237,255,190,2,28,188,1,0,0,0,0,0,0,0
30.439560,30.437828,121,255,237,255,191,2,39,188,129,0,0,0,0,0,0,0
30.714285,30.712835,122,255,237,255,190,2,40,188,1,0,0,0,0,0,0,0
30.934067,30.931356,122,255,236,255,191,3,35,187,129,0,0,0,0,0,0,0
31.208792,31.207462,122,255,236,255,190,3,35,187,129,0,0,0,0,0,0,0
31.428572,31.427849,121,255,236,255,191,2,35,187,1,0,0,0,0,0,0,0
31.703297,31.699379,122,255,236,255,191,2,32,188,129,0,0,0,0,0,0,0
31.923077,31.914986,123,255,236,255,190,3,33,188,1,0,0,0,0,0,0,0
32.197803,32.189182,122,255,236,255,192,3,31,188,129,0,0,0,0,0,0,0
32.417583,32.410126,122,255,236,255,191,2,34,188,1,0,0,0,0,0,0,0
32.692307,32.684052,122,255,236,255,192,2,35,188,1,0,0,0,0,0,0,0
32.912086,32.900543,122,255,236,255,190,3,33,188,129,0,0,0,0,0,0,0
33.186813,33.173103,122,255,236,255,190,2,33,188,1,0,0,0,0,0,0,0
33.406593,33.395065,122,255,236,255,192,2,32,188,129,0,0,0,0,0,0,0
33.681320,33.666061,122,255,236,255,190,2,35,188,129,0,0,0,0,0,0,0
33.901100,33.882767,122,255,235,255,191,2,36,187,1,0,0,0,0,0,0,0
34.175823,34.152782,122,255,236,255,191,2,38,189,129,0,0,0,0,0,0,0
34.395603,34.374943,122,255,236,255,191,2,38,188,1,0,0,0,0,0,0,0
34.670330,34.649490,122,255,235,255,191,3,39,188,129,0,0,0,0,0,0,0
34.890110,34.863831,121,255,235,255,191,3,33,188,1,0,0,0,0,0,0,0
35.109890,35.106232,122,255,235,255,191,2,39,189,1,0,0,0,0,0,0,0
35.384617,35.380474,122,255,235,255,190,1,35,188,129,0,0,0,0,0,0,0
35.604397,35.597801,123,255,235,255,190,3,36,189,1,0,0,0,0,0,0,0
35.879120,35.869225,122,255,236,255,191,3,39,188,1,0,0,0,0,0,0,0
36.098900,36.089039,122,255,235,255,190,2,44,189,1,0,0,0,0,0,0,0
36.373627,36.361946,122,255,236,255,190,2,41,188,1,0,0,0,0,0,0,0
36.593407,36.579460,122,255,235,255,191,2,46,188,129,0,0,0,0,0,0,0
36.868134,36.851707,122,255,235,255,191,2,48,188,1,0,0,0,0,0,0,0
37.087914,37.070854,122,255,236,255,192,2,49,187,129,0,0,0,0,0,0,0
37.362637,37.340607,122,255,236,255,191,3,45,188,1,0,0,0,0,0,0,0
37.582417,37.561329,123,255,236,255,191,3,47,188,129,0,0,0,0,0,0,0
37.857143,37.832993,122,255,235,255,191,2,50,188,129,0,0,0,0,0,0,0
38.076923,38.050480,122,255,235,255,190,3,49,189,1,0,0,0,0,0,0,0
38.351650,38.323574,122,255,235,255,191,2,50,188,129,0,0,0,0,0,0,0
38.571430,38.567562,122,255,235,255,191,3,48,188,129,0,0,0,0,0,0,0
38.791210,38.787914,122,255,235,255,191,2,49,188,129,0,0,0,0,0,0,0
39.065933,39.061722,122,255,235,255,190,2,44,189,129,0,0,0,0,0,0,0
39.285713,39.279205,122,255,235,255,191,2,48,187,1,0,0,0,0,0,0,0
39.560440,39.551769,122,255,235,255,191,2,44,188,1,0,0,0,0,0,0,0
39.780220,39.766605,121,255,235,255,191,3,47,188,1,0,0,0,0,0,0,0
40.054947,40.040985,122,255,235,255,190,3,50,188,129,0,0,0,0,0,0,0
40.274727,40.263561,121,255,235,255,190,2,49,188,129,0,0,0,0,0,0,0
40.549450,40.533531,122,255,235,255,192,3,49,188,1,0,0,0,0,0,0,0
40.769230,40.754185,122,255,235,255,190,3,48,188,129,0,0,0,0,0,0,0
41.043957,41.026020,122,255,235,255,191,3,49,188,1,0,0,0,0,0,0,0
41.263737,41.245689,122,255,235,255,192,2,42,187,129,0,0,0,0,0,0,0
41.538460,41.517262,122,255,235,255,192,2,39,188,129,0,0,0,0,0,0,0
41.758244,41.735470,122,255,235,255,190,2,43,188,1,0,0,0,0,0,0,0
42.032967,42.009232,122,255,234,255,192,2,50,187,129,0,0,0,0,0,0,0
42.252747,42.226784,122,255,235,255,191,2,45,188,1,0,0,0,0,0,0,0
42.527473,42.500008,122,255,235,255,191,3,47,188,129,0,0,0,0,0,0,0
42.747253,42.719501,122,255,235,255,190,2,47,188,129,0,0,0,0,0,0,0
43.021976,42.993999,121,255,235,255,191,2,47,187,1,0,0,0,0,0,0,0
43.241756,43.237492,122,255,234,255,190,2,46,188,129,0,0,0,0,0,0,0
43.461540,43.457268,122,255,235,255,192,2,50,188,1,0,0,0,0,0,0,0
43.736263,43.726086,122,255,235,255,192,3,50,188,129,0,0,0,0,0,0,0
43.956043,43.941124,122,255,235,255,192,3,50,188,129,0,0,0,0,0,0,0
44.230770,44.212128,122,255,234,255,191,2,50,188,1,0,0,0,0,0,0,0
44.450550,44.430496,122,255,235,255,191,3,52,187,129,0,0,0,0,0,0,0
44.725273,44.705654,121,255,235,255,191,2,56,188,1,0,0,0,0,0,0,0
44.945053,44.927711,122,255,235,255,191,2,55,188,129,0,0,0,0,0,0,0
45.219780,45.196850,122,255,235,255,190,2,47,188,1,0,0,0,0,0,0,0
45.439560,45.414158,122,255,235,255,192,2,52,188,1,0,0,0,0,0,0,0
45.714287,45.688301,122,255,234,255,191,2,49,188,129,0,0,0,0,0,0,0
45.934067,45.906940,122,255,235,255,191,3,47,188,1,0,0,0,0,0,0,0
46.153847,46.147194,122,255,235,255,191,2,48,187,1,0,0,0,0,0,0,0
46.428570,46.416798,122,255,235,255,191,3,48,188,129,0,0,0,0,0,0,0
46.648350,46.637032,122,255,235,255,191,2,55,188,1,0,0,0,0,0,0,0
46.923077,46.915466,122,255,235,255,191,2,52,187,129,0,0,0,0,0,0,0
47.142857,47.130714,121,255,235,255,191,2,46,188,1,0,0,0,0,0,0,0
47.417583,47.398914,122,255,235,255,190,2,50,188,1,0,0,0,0,0,0,0
47.637363,47.615978,122,255,235,255,191,3,51,187,129,0,0,0,0,0,0,0
47.912086,47.890785,122,255,235,255,192,3,49,188,1,0,0,0,0,0,0,0
48.131866,48.104988,122,255,235,255,192,2,53,188,129,0,0,0,0,0,0,0
48.406593,48.376671,122,255,235,255,191,2,55,188,129,0,0,0,0,0,0,0
48.626373,48.620731,122,255,235,255,191,3,58,188,1,0,0,0,0,0,0,0
48.901100,48.871086,122,255,235,255,191,2,60,188,129,0,0,0,0,0,0,0
49.120880,49.089554,122,255,235,255,191,1,64,187,1,0,0,0,0,0,0,0
49.340660,49.332832,122,255,236,255,191,2,51,188,129,0,0,0,0,0,0,0
49.615383,49.605968,121,255,236,255,191,3,58,188,129,0,0,0,0,0,0,0
49.835163,49.825550,121,255,235,255,191,3,58,188,1,0,0,0,0,0,0,0
50.109890,50.096382,121,255,235,255,191,3,56,187,1,0,0,0,0,0,0,0
50.329670,50.315025,121,255,236,255,191,2,60,188,1,0,0,0,0,0,0,0
50.604397,50.588924,122,255,236,255,191,3,59,188,129,0,0,0,0,0,0,0
50.824177,50.807659,121,255,236,255,191,3,60,187,129,0,0,0,0,0,0,0
51.098900,51.077057,122,255,236,255,191,3,59,189,1,0,0,0,0,0,0,0
51.318680,51.294216,122,255,236,255,190,3,59,189,129,0,0,0,0,0,0,0
51.593407,51.569233,122,255,236,255,191,3,63,188,1,0,0,0,0,0,0,0
51.813187,51.785248,122,255,237,255,192,3,64,188,129,0,0,0,0,0,0,0
52.032967,52.024323,122,255,237,255,191,2,63,188,1,0,0,0,0,0,0,0
52.307693,52.297249,121,255,237,255,191,2,61,188,1,0,0,0,0,0,0,0
52.527473,52.519653,122,255,237,255,192,3,59,187,129,0,0,0,0,0,0,0
52.802197,52.794056,122,255,237,255,190,2,57,187,1,0,0,0,0,0,0,0
53.021976,53.009254,122,255,237,255,191,3,54,188,129,0,0,0,0,0,0,0
53.296703,53.281403,122,255,237,255,192,3,56,188,129,0,0,0,0,0,0,0
53.516483,53.502602,121,255,237,255,190,3,61,188,1,0,0,0,0,0,0,0
53.791210,53.774460,121,255,238,255,190,3,62,188,129,0,0,0,0,0,0,0
54.010990,53.991734,122,255,238,255,191,2,63,188,1,0,0,0,0,0,0,0
54.285713,54.261288,122,255,238,255,190,2,65,188,129,0,0,0,0,0,0,0
54.505493,54.476841,122,255,238,255,190,2,68,187,129,0,0,0,0,0,0,0
54.780220,54.750000,122,255,238,255,191,3,63,188,1,0,0,0,0,0,0,0
55.000000,54.969280,122,255,238,255,191,1,62,188,129,0,0,0,0,0,0,0
55.219780,55.210484,121,255,238,255,191,3,62,188,1,0,0,0,0,0,0,0
55.494507,55.484478,122,255,239,255,190,2,62,188,129,0,0,0,0,0,0,0
55.714287,55.702301,122,255,239,255,190,2,65,188,1,0,0,0,0,0,0,0
55.989010,55.973717,122,255,239,255,190,2,68,189,1,0,0,0,0,0,0,0
56.208790,56.191906,122,255,239,255,191,2,71,188,129,0,0,0,0,0,0,0
56.483517,56.466053,122,255,239,255,191,3,65,188,1,0,0,0,0,0,0,0
56.703297,56.685192,122,255,239,255,191,3,65,188,1,0,0,0,0,0,0,0
56.978024,56.959171,122,255,240,255,191,2,70,187,1,0,0,0,0,0,0,0
57.197803,57.177650,122,255,240,255,190,2,66,189,129,0,0,0,0,0,0,0
57.472527,57.451656,122,255,240,255,191,2,65,188,129,0,0,0,0,0,0,0
57.692307,57.675041,121,255,240,255,191,3,63,187,1,0,0,0,0,0,0,0
57.967033,57.949089,122,255,240,255,190,2,66,187,129,0,0,0,0,0,0,0
58.186813,58.166809,122,255,241,255,191,2,70,188,1,0,0,0,0,0,0,0
58.461540,58.440403,122,255,241,255,191,2,67,188,129,0,0,0,0,0,0,0
58.681320,58.657398,122,255,241,255,190,2,64,188,129,0,0,0,0,0,0,0
58.956043,58.932823,122,255,241,255,190,2,68,188,1,0,0,0,0,0,0,0
59.175823,59.149525,122,255,241,255,192,2,69,188,129,0,0,0,0,0,0,0
59.450550,59.429420,122,255,241,255,191,3,63,187,1,0,0,0,0,0,0,0
59.670330,59.646435,122,255,241,255,191,2,65,189,129,0,0,0,0,0,0,0
59.945053,59.916351,121,255,242,255,190,2,64,188,129,0,0,0,0,0,0,0
60.164837,60.132420,122,255,241,255,190,3,66,188,1,0,0,0,0,0,0,0
60.439560,60.408508,122,255,242,255,192,2,68,188,129,0,0,0,0,0,0,0
60.659340,60.628399,121,255,242,255,191,3,65,188,1,0,0,0,0,0,0,0
60.934067,60.901131,122,255,242,255,190,2,64,188,129,0,0,0,0,0,0,0
61.153847,61.143265,121,255,242,255,191,2,62,188,129,0,0,0,0,0,0,0
61.428570,61.394142,122,255,242,255,191,2,64,187,1,0,0,0,0,0,0,0
61.648350,61.612091,122,255,242,255,191,3,67,188,129,0,0,0,0,0,0,0
61.868134,61.856400,122,255,242,255,191,2,67,188,1,0,0,0,0,0,0,0
62.142857,62.126472,122,255,243,255,190,3,65,188,129,0,0,0,0,0,0,0
62.362637,62.346657,122,255,243,255,192,3,68,187,129,0,0,0,0,0,0,0
62.637363,62.617664,121,255,243,255,192,3,69,188,1,0,0,0,0,0,0,0
62.857143,62.835922,122,255,243,255,192,2,67,188,129,0,0,0,0,0,0,0
63.131866,63.108803,122,255,243,255,190,3,63,187,1,0,0,0,0,0,0,0
63.351650,63.328773,121,255,244,255,191,2,65,188,129,0,0,0,0,0,0,0
63.626373,63.598953,122,255,244,255,190,2,73,188,1,0,0,0,0,0,0,0
63.846153,63.817783,122,255,244,255,191,2,73,188,1,0,0,0,0,0,0,0
64.120880,64.097191,122,255,244,255,191,2,67,188,129,0,0,0,0,0,0,0
64.340660,64.311058,122,255,244,255,190,2,66,188,1,0,0,0,0,0,0,0
64.615387,64.587051,121,255,244,255,191,2,67,187,129,0,0,0,0,0,0,0
64.835167,64.805931,122,255,244,255,190,3,66,188,1,0,0,0,0,0,0,0
65.109894,65.078918,122,255,244,255,191,2,74,188,1,0,0,0,0,0,0,0
65.329674,65.294685,121,255,244,255,191,2,74,187,129,0,0,0,0,0,0,0
65.604393,65.568420,121,255,245,255,191,2,69,187,1,0,0,0,0,0,0,0
65.824173,65.812981,122,255,245,255,190,2,68,188,129,0,0,0,0,0,0,0
66.098900,66.061348,122,255,245,255,191,3,69,187,1,0,0,0,0,0,0,0
66.318680,66.306923,122,255,245,255,191,3,73,188,129,0,0,0,0,0,0,0
66.593407,66.556404,121,255,245,255,190,3,75,187,129,0,0,0,0,0,0,0
66.813187,66.801239,122,255,245,255,191,2,69,187,1,0,0,0,0,0,0,0
67.032967,67.018555,122,255,245,255,191,2,72,188,134,0,0,0,0,0,0,0
67.307693,67.272499,122,255,245,255,191,2,71,187,0,0,0,0,0,0,0,0
67.582420,67.547211,122,255,245,255,190,3,68,188,134,0,0,0,0,0,0,0
67.802200,67.771637,122,255,245,255,191,2,68,189,0,0,0,0,0,0,0,0
68.076920,68.042961,122,255,245,255,190,2,70,188,0,0,0,0,0,0,0,0
68.296700,68.262939,122,255,246,255,191,3,72,188,128,0,0,0,0,0,0,0
68.571426,68.536942,122,255,246,255,138,2,78,187,0,0,0,0,0,0,0,0
68.791206,68.757095,121,255,246,255,52,3,117,187,128,0,0,0,0,0,0,0
69.065933,69.030258,121,255,246,255,22,3,118,186,0,0,0,0,0,0,0,0
69.285713,69.249588,121,255,246,255,23,3,118,186,0,0,0,0,0,0,0,0
69.560440,69.524643,121,255,245,255,22,2,118,186,128,0,0,0,0,0,0,0
69.780220,69.767456,121,255,245,255,23,2,118,185,0,0,0,0,0,0,0,0
70.000000,69.987114,120,255,245,255,23,2,118,186,128,0,0,0,0,0,0,0
70.274727,70.237167,121,255,245,255,22,3,109,187,0,0,0,0,0,0,0,0
70.494507,70.480392,121,255,244,255,22,3,107,187,0,0,0,0,0,0,0,0
70.769234,70.754776,121,255,244,255,22,3,72,187,128,0,0,0,0,0,0,0
70.989014,70.970764,121,255,243,255,23,2,58,187,0,0,0,0,0,0,0,0
71.263733,71.245186,121,255,243,255,21,3,48,187,128,0,0,0,0,0,0,0
71.483513,71.461678,121,255,242,255,22,3,34,187,0,0,0,0,0,0,0,0
71.758240,71.740540,121,255,242,255,22,2,25,187,0,0,0,0,0,0,0,0
71.978020,71.955482,121,255,241,255,23,3,17,187,128,0,0,0,0,0,0,0
72.252747,72.229881,122,255,241,255,23,2,15,188,0,0,0,0,0,0,0,0
72.472527,72.446831,122,255,241,255,23,2,8,188,128,0,0,0,0,0,0,0
72.747253,72.718765,122,255,241,255,23,2,13,188,0,0,0,0,0,0,0,0
72.967033,72.933388,122,255,240,255,23,3,11,188,0,0,0,0,0,0,0,0
73.241760,73.208443,122,255,240,255,23,2,12,188,128,0,0,0,0,0,0,0
73.461540,73.426857,122,255,240,255,21,3,11,188,0,0,0,0,0,0,0,0
73.736267,73.698494,122,255,240,255,22,3,15,188,128,0,0,0,0,0,0,0
73.956047,73.918259,122,255,240,255,23,2,21,188,0,0,0,0,0,0,0,0
74.230766,74.189728,122,255,240,255,23,2,26,188,128,0,0,0,0,0,0,0
74.450546,74.432961,122,255,240,255,22,2,31,188,128,0,0,0,0,0,0,0
74.670326,74.648575,122,255,240,255,23,3,31,187,0,0,0,0,0,0,0,0
74.945053,74.923683,122,255,240,255,23,3,41,188,128,0,0,0,0,0,0,0
75.164833,75.142212,122,255,240,255,22,2,51,188,0,0,0,0,0,0,0,0
75.439560,75.414673,122,255,240,255,23,3,54,188,128,0,0,0,0,0,0,0
75.659340,75.630646,122,255,240,255,23,2,59,188,128,0,0,0,0,0,0,0
75.934067,75.908005,122,255,240,255,23,3,63,188,0,0,0,0,0,0,0,0
76.153847,76.125809,122,255,241,255,22,2,70,188,128,0,0,0,0,0,0,0
76.428574,76.396164,122,255,241,255,22,2,74,187,128,0,0,0,0,0,0,0
76.648354,76.613960,121,255,241,255,23,3,75,188,128,0,0,0,0,0,0,0
76.923080,76.885475,122,255,241,255,22,3,77,188,128,0,0,0,0,0,0,0
77.142860,77.107178,122,255,241,255,22,2,78,188,0,0,0,0,0,0,0,0
77.417580,77.377457,122,255,241,255,23,2,77,187,128,0,0,0,0,0,0,0
77.637360,77.619804,122,255,241,255,23,2,76,187,0,0,0,0,0,0,0,0
77.857140,77.839363,122,255,241,255,23,3,72,187,128,0,0,0,0,0,0,0
78.131866,78.112556,122,255,241,255,23,3,76,188,128,0,0,0,0,0,0,0
78.351646,78.331017,122,255,241,255,22,2,71,187,0,0,0,0,0,0,0,0
78.626373,78.605873,121,255,241,255,22,2,70,188,128,0,0,0,0,0,0,0
78.846153,78.823097,121,255,241,255,23,2,70,187,0,0,0,0,0,0,0,0
79.120880,79.096107,122,255,241,255,21,2,67,188,128,0,0,0,0,0,0,0
79.340660,79.316788,122,255,241,255,23,2,68,187,0,0,0,0,0,0,0,0
79.615387,79.588562,122,255,241,255,23,2,63,188,0,0,0,0,0,0,0,0
79.835167,79.806580,121,255,241,255,22,2,67,187,128,0,0,0,0,0,0,0
80.109894,80.082146,122,255,241,255,23,3,70,187,0,0,0,0,0,0,0,0
80.329674,80.300903,122,255,241,255,22,3,71,187,128,0,0,0,0,0,0,0
80.604393,80.574173,121,255,241,255,23,2,71,187,0,0,0,0,0,0,0,0
80.824173,80.792122,122,255,241,255,23,3,68,187,0,0,0,0,0,0,0,0
81.098900,81.060692,121,255,241,255,23,2,72,188,128,0,0,0,0,0,0,0
81.318680,81.279160,121,255,242,255,22,2,72,188,0,0,0,0,0,0,0,0
81.593407,81.552238,122,255,241,255,22,2,72,188,128,0,0,0,0,0,0,0
81.813187,81.773720,122,255,241,255,23,2,76,187,0,0,0,0,0,0,0,0
82.032967,82.014145,121,255,241,255,23,2,72,187,0,0,0,0,0,0,0,0
82.307693,82.264084,121,255,242,255,23,3,78,187,128,0,0,0,0,0,0,0
82.527473,82.509544,121,255,241,255,23,2,79,187,0,0,0,0,0,0,0,0
82.802200,82.782112,122,255,241,255,22,2,76,188,128,0,0,0,0,0,0,0
83.021980,83.004112,122,255,241,255,23,3,80,187,0,0,0,0,0,0,0,0
83.296700,83.276680,122,255,241,255,23,3,76,188,0,0,0,0,0,0,0,0
83.516487,83.496552,122,255,241,255,22,3,74,187,128,0,0,0,0,0,0,0
83.791206,83.768600,121,255,241,255,23,2,78,187,0,0,0,0,0,0,0,0
84.010986,83.989563,121,255,241,255,23,3,77,187,128,0,0,0,0,0,0,0
84.285713,84.257767,122,255,241,255,23,2,75,187,0,0,0,0,0,0,0,0
84.505493,84.475975,122,255,240,255,23,2,78,187,0,0,0,0,0,0,0,0
84.780220,84.749840,121,255,241,255,23,2,70,187,128,0,0,0,0,0,0,0
85.000000,84.965134,122,255,240,255,23,2,65,187,0,0,0,0,0,0,0,0
85.274727,85.238892,122,255,241,255,21,2,72,188,128,0,0,0,0,0,0,0
85.494507,85.455078,122,255,240,255,22,2,75,187,0,0,0,0,0,0,0,0
85.769234,85.727486,122,255,240,255,21,2,75,188,128,0,0,0,0,0,0,0
85.989014,85.947746,122,255,240,255,21,2,76,187,128,0,0,0,0,0,0,0
86.263733,86.219978,121,255,240,255,23,2,76,187,0,0,0,0,0,0,0,0
86.483513,86.462212,121,255,240,255,23,2,72,187,128,0,0,0,0,0,0,0
86.703300,86.681625,122,255,240,255,23,2,72,187,0,0,0,0,0,0,0,0
86.978020,86.957306,121,255,239,255,22,3,68,188,128,0,0,0,0,0,0,0
87.197800,87.171883,122,255,239,255,22,3,69,187,128,0,0,0,0,0,0,0
87.472527,87.444649,121,255,239,255,22,2,70,187,0,0,0,0,0,0,0,0
87.692307,87.663597,122,255,239,255,23,2,73,188,128,0,0,0,0,0,0,0
87.967033,87.938339,121,255,239,255,22,3,67,188,0,0,0,0,0,0,0,0
88.186813,88.153221,122,255,239,255,23,3,71,188,128,0,0,0,0,0,0,0
88.461540,88.426468,121,255,239,255,23,2,71,187,128,0,0,0,0,0,0,0
88.681320,88.645706,122,255,238,255,23,3,66,187,0,0,0,0,0,0,0,0
88.956047,88.918388,122,255,238,255,22,3,67,188,128,0,0,0,0,0,0,0
89.175827,89.135551,121,255,238,255,23,2,68,187,0,0,0,0,0,0,0,0
89.450546,89.408112,122,255,238,255,22,2,67,187,128,0,0,0,0,0,0,0
89.670326,89.630257,122,255,238,255,23,2,71,188,0,0,0,0,0,0,0,0
89.945053,89.905960,121,255,237,255,22,3,68,187,0,0,0,0,0,0,0,0
90.164833,90.120789,121,255,237,255,22,3,63,188,128,0,0,0,0,0,0,0
90.384613,90.364487,121,255,237,255,23,2,77,187,0,0,0,0,0,0,0,0
90.659340,90.636528,122,255,237,255,22,2,76,187,128,0,0,0,0,0,0,0
90.879120,90.853233,122,255,236,255,22,3,74,188,0,0,0,0,0,0,0,0
91.153847,91.126106,122,255,236,255,23,3,72,188,0,0,0,0,0,0,0,0
91.373627,91.343697,122,255,236,255,23,2,77,187,128,0,0,0,0,0,0,0
91.648354,91.614487,122,255,236,255,22,3,71,187,0,0,0,0,0,0,0,0
91.868134,91.835228,121,255,236,255,22,2,75,187,128,0,0,0,0,0,0,0
92.142860,92.105171,122,255,235,255,22,3,80,187,0,0,0,0,0,0,0,0
92.362640,92.324524,122,255,235,255,22,3,72,187,0,0,0,0,0,0,0,0
92.637360,92.595009,121,255,235,255,23,3,72,187,128,0,0,0,0,0,0,0
92.857140,92.815804,121,255,234,255,23,2,76,188,0,0,0,0,0,0,0,0
93.131866,93.092171,121,255,234,255,22,2,77,187,128,0,0,0,0,0,0,0
93.351646,93.309921,121,255,234,255,23,3,68,187,0,0,0,0,0,0,0,0
93.626373,93.582115,122,255,234,255,22,2,67,187,0,0,0,0,0,0,0,0
93.846153,93.804718,122,255,233,255,22,3,73,188,128,0,0,0,0,0,0,0
94.120880,94.080528,122,255,233,255,23,2,75,188,0,0,0,0,0,0,0,0
94.340660,94.297295,122,255,233,255,22,2,76,187,128,0,0,0,0,0,0,0
94.615387,94.570274,122,255,233,255,22,2,72,188,0,0,0,0,0,0,0,0
94.835167,94.788475,122,255,232,255,22,2,73,187,128,0,0,0,0,0,0,0
95.109894,95.061882,121,255,232,255,23,2,77,187,128,0,0,0,0,0,0,0
95.329674,95.305313,121,255,232,255,23,2,74,188,0,0,0,0,0,0,0,0
95.549454,95.524048,122,255,232,255,23,2,68,187,128,0,0,0,0,0,0,0
95.824173,95.797600,122,255,231,255,22,2,68,187,0,0,0,0,0,0,0,0
96.043953,96.015388,122,255,231,255,22,2,74,187,0,0,0,0,0,0,0,0
96.318680,96.288124,122,255,231,255,23,2,71,188,128,0,0,0,0,0,0,0
96.538460,96.510086,122,255,230,255,22,3,79,187,0,0,0,0,0,0,0,0
96.813187,96.783669,121,255,230,255,23,2,82,187,128,0,0,0,0,0,0,0
97.032967,97.003494,121,255,230,255,22,3,79,187,0,0,0,0,0,0,0,0
97.307693,97.275223,121,255,229,255,22,3,83,187,128,0,0,0,0,0,0,0
97.527473,97.495598,121,255,229,255,22,3,80,187,0,0,0,0,0,0,0,0
97.802200,97.769478,122,255,228,255,22,2,75,187,0,0,0,0,0,0,0,0
98.021980,97.988121,121,255,228,255,22,3,75,188,128,0,0,0,0,0,0,0
98.296700,98.256310,122,255,228,255,22,3,76,187,0,0,0,0,0,0,0,0
98.516487,98.477638,121,255,227,255,23,3,74,187,128,0,0,0,0,0,0,0
98.791206,98.753265,121,255,227,255,22,2,71,187,0,0,0,0,0,0,0,0
99.010986,98.972092,121,255,227,255,23,2,69,187,0,0,0,0,0,0,0,0
99.285713,99.242249,122,255,227,255,23,2,67,187,128,0,0,0,0,0,0,0
99.505493,99.461060,122,255,226,255,22,2,64,188,0,0,0,0,0,0,0,0
99.780220,99.735443,121,255,226,255,21,2,64,188,128,0,0,0,0,0,0,0
100.000000,99.951881,122,255,225,255,22,2,66,188,0,0,0,0,0,0,0,0
100.219780,100.195946,122,255,225,255,23,3,62,187,0,0,0,0,0,0,0,0
100.494507,100.468880,122,255,225,255,21,2,63,188,128,0,0,0,0,0,0,0
100.714287,100.687500,122,255,224,255,23,3,68,188,0,0,0,0,0,0,0,0
100.989014,100.962921,122,255,224,255,23,2,61,187,128,0,0,0,0,0,0,0
101.208794,101.178070,122,255,224,255,22,2,66,188,128,0,0,0,0,0,0,0
101.483513,101.452187,121,255,223,255,24,2,63,188,0,0,0,0,0,0,0,0
101.703300,101.673935,122,255,223,255,21,2,68,188,128,0,0,0,0,0,0,0
101.978020,101.944885,122,255,223,255,22,3,68,188,0,0,0,0,0,0,0,0
102.197800,102.163986,122,255,222,255,21,2,63,187,128,0,0,0,0,0,0,0
102.472527,102.437225,122,255,221,255,22,2,64,188,0,0,0,0,0,0,0,0
102.692307,102.656631,121,255,221,255,22,3,63,187,0,0,0,0,0,0,0,0
102.967033,102.926491,122,255,221,255,24,2,67,187,128,0,0,0,0,0,0,0
103.186813,103.142830,121,255,220,255,23,2,63,188,0,0,0,0,0,0,0,0
103.461540,103.415970,121,255,220,255,22,2,67,187,128,0,0,0,0,0,0,0
103.681320,103.632668,122,255,220,255,22,2,71,187,0,0,0,0,0,0,0,0
103.956047,103.904594,122,255,220,255,22,3,63,187,0,0,0,0,0,0,0,0
104.175827,104.147369,122,255,219,255,22,2,69,187,128,0,0,0,0,0,0,0
104.395607,104.366875,122,255,219,255,22,2,58,188,0,0,0,0,0,0,0,0
104.670326,104.640793,122,255,219,255,22,2,60,188,128,0,0,0,0,0,0,0
104.890106,104.857964,122,255,218,255,23,3,63,187,0,0,0,0,0,0,0,0
105.164833,105.130692,121,255,217,255,22,3,63,187,0,0,0,0,0,0,0,0
105.384613,105.349319,122,255,217,255,22,2,63,187,128,0,0,0,0,0,0,0
105.659340,105.628014,122,255,217,255,23,3,59,187,0,0,0,0,0,0,0,0
105.879120,105.846848,122,255,217,255,22,2,63,187,128,0,0,0,0,0,0,0
106.153847,106.117744,122,255,217,255,21,2,72,187,0,0,0,0,0,0,0,0
106.373627,106.336838,121,255,216,255,22,2,65,188,0,0,0,0,0,0,0,0
106.648354,106.605293,122,255,216,255,21,3,66,188,128,0,0,0,0,0,0,0
106.868134,106.826836,122,255,215,255,22,3,63,187,0,0,0,0,0,0,0,0
107.142860,107.101837,122,255,215,255,22,2,66,188,128,0,0,0,0,0,0,0
107.362640,107.317352,121,255,214,255,22,3,68,187,0,0,0,0,0,0,0,0
107.637360,107.592827,121,255,214,255,23,3,64,187,128,0,0,0,0,0,0,0
107.857140,107.814156,122,255,214,255,22,3,68,187,128,0,0,0,0,0,0,0
108.131866,108.086044,122,255,213,255,23,3,63,187,0,0,0,0,0,0,0,0
108.351646,108.302902,122,255,213,255,22,2,77,188,128,0,0,0,0,0,0,0
108.626373,108.580765,122,255,213,255,22,2,69,188,0,0,0,0,0,0,0,0
108.846153,108.798409,121,255,212,255,22,3,71,187,128,0,0,0,0,0,0,0
109.120880,109.070107,122,255,212,255,22,2,68,188,128,0,0,0,0,0,0,0
109.340660,109.290329,121,255,211,255,22,3,63,188,0,0,0,0,0,0,0,0
109.615387,109.565125,122,255,211,255,22,2,72,187,128,0,0,0,0,0,0,0
109.835167,109.782661,121,255,210,255,22,3,68,187,0,0,0,0,0,0,0,0
110.054947,110.026718,121,255,211,255,23,3,68,187,0,0,0,0,0,0,0,0
110.329674,110.299858,122,255,210,255,23,2,75,188,128,0,0,0,0,0,0,0
110.549454,110.517807,122,255,210,255,22,2,69,188,0,0,0,0,0,0,0,0
110.824173,110.794739,121,255,209,255,22,3,67,187,128,0,0,0,0,0,0,0
111.043953,111.012634,122,255,209,255,23,2,69,187,0,0,0,0,0,0,0,0
111.318680,111.290092,122,255,208,255,21,2,65,187,0,0,0,0,0,0,0,0
111.538460,111.506325,122,255,209,255,23,2,60,188,128,0,0,0,0,0,0,0
111.813187,111.776451,122,255,208,255,21,2,71,188,0,0,0,0,0,0,0,0
112.032967,111.994499,122,255,207,255,22,2,73,187,128,0,0,0,0,0,0,0
112.307693,112.271072,122,255,207,255,22,3,72,188,0,0,0,0,0,0,0,0
112.527473,112.489479,121,255,206,255,22,3,61,187,0,0,0,0,0,0,0,0
112.802200,112.764450,121,255,206,255,23,3,66,187,128,0,0,0,0,0,0,0
113.021980,112.982834,122,255,206,255,22,2,65,187,0,0,0,0,0,0,0,0
113.296700,113.256004,121,255,205,255,23,3,66,187,128,0,0,0,0,0,0,0
113.516487,113.471558,122,255,205,255,23,3,70,188,128,0,0,0,0,0,0,0
113.791206,113.743813,121,255,205,255,22,2,66,187,0,0,0,0,0,0,0,0
114.010986,113.961243,122,255,204,255,23,2,68,187,128,0,0,0,0,0,0,0
114.285713,114.235687,121,255,204,255,23,3,71,187,0,0,0,0,0,0,0,0
114.505493,114.453629,121,255,204,255,22,2,66,187,128,0,0,0,0,0,0,0
114.780220,114.725342,122,255,203,255,24,3,71,188,0,0,0,0,0,0,0,0
115.000000,114.969887,122,255,203,255,23,3,74,188,128,0,0,0,0,0,0,0
115.219780,115.186378,122,255,203,255,22,2,64,187,128,0,0,0,0,0,0,0
115.494507,115.459465,122,255,203,255,21,2,68,188,0,0,0,0,0,0,0,0
115.714287,115.674454,121,255,202,255,23,2,67,187,128,0,0,0,0,0,0,0
115.989014,115.948784,122,255,201,255,23,2,76,188,0,0,0,0,0,0,0,0
116.208794,116.163414,122,255,201,255,22,3,66,188,128,0,0,0,0,0,0,0
116.483513,116.437492,121,255,201,255,22,3,67,187,128,0,0,0,0,0,0,0
116.703300,116.651794,121,255,200,255,23,2,73,187,0,0,0,0,0,0,0,0
116.978020,116.928345,122,255,200,255,21,3,67,187,128,0,0,0,0,0,0,0
117.197800,117.146309,122,255,199,255,22,2,64,187,0,0,0,0,0,0,0,0
117.472527,117.420753,121,255,199,255,22,2,68,187,0,0,0,0,0,0,0,0
117.692307,117.637764,122,255,198,255,22,2,61,188,128,0,0,0,0,0,0,0
117.967033,117.912140,121,255,198,255,22,2,68,188,0,0,0,0,0,0,0,0
118.186813,118.153191,121,255,198,255,23,2,63,188,128,0,0,0,0,0,0,0
118.406593,118.372078,121,255,197,255,22,3,64,187,0,0,0,0,0,0,0,0
118.681320,118.642464,121,255,197,255,22,2,61,187,0,0,0,0,0,0,0,0
118.901100,118.862701,121,255,197,255,22,2,66,187,128,0,0,0,0,0,0,0
119.175827,119.135429,121,255,196,255,22,3,63,187,0,0,0,0,0,0,0,0
119.395607,119.351082,122,255,196,255,22,3,60,188,128,0,0,0,0,0,0,0
119.670326,119.621674,122,255,196,255,23,3,70,188,0,0,0,0,0,0,0,0
119.890106,119.840034,121,255,195,255,21,2,67,187,0,0,0,0,0,0,0,0
120.164833,120.113747,121,255,195,255,23,2,68,187,128,0,0,0,0,0,0,0
120.384613,120.335228,122,255,194,255,22,2,60,187,0,0,0,0,0,0,0,0
120.659340,120.605507,121,255,194,255,22,2,71,187,128,0,0,0,0,0,0,0
120.879120,120.847900,121,255,194,255,23,2,60,187,0,0,0,0,0,0,0,0
121.153847,121.096748,122,255,193,255,22,3,63,188,0,0,0,0,0,0,0,0
121.373627,121.316986,121,255,193,255,21,2,68,187,128,0,0,0,0,0,0,0
121.593407,121.562141,122,255,192,255,21,2,66,188,0,0,0,0,0,0,0,0
121.868134,121.834183,121,255,192,255,22,2,66,187,128,0,0,0,0,0,0,0
122.087914,122.052078,121,255,192,255,22,2,65,187,0,0,0,0,0,0,0,0
122.362640,122.325325,122,255,191,255,21,3,66,187,128,0,0,0,0,0,0,0
122.582420,122.543442,122,255,191,255,22,2,68,187,128,0,0,0,0,0,0,0
122.857140,122.816833,121,255,191,255,21,2,58,186,0,0,0,0,0,0,0,0
123.076920,123.038620,121,255,190,255,22,2,59,188,128,0,0,0,0,0,0,0
123.351646,123.311394,121,255,190,255,22,2,62,188,0,0,0,0,0,0,0,0
123.571426,123.528725,122,255,190,255,22,2,57,188,128,0,0,0,0,0,0,0
123.846153,123.797180,121,255,190,255,22,3,66,187,128,0,0,0,0,0,0,0
124.065933,124.015800,122,255,189,255,22,3,59,188,0,0,0,0,0,0,0,0
124.340660,124.286179,122,255,189,255,22,2,57,188,128,0,0,0,0,0,0,0
124.560440,124.502525,121,255,189,255,23,2,65,187,0,0,0,0,0,0,0,0
124.835167,124.776604,121,255,188,255,22,2,55,188,0,0,0,0,0,0,0,0
125.054947,125.020340,121,255,188,255,22,2,64,187,128,0,0,0,0,0,0,0
125.274727,125.238083,121,255,188,255,21,3,67,187,0,0,0,0,0,0,0,0
125.549454,125.510963,122,255,187,255,22,3,65,188,128,0,0,0,0,0,0,0
125.769234,125.730057,122,255,187,255,22,3,63,187,0,0,0,0,0,0,0,0
126.043953,126.005135,121,255,187,255,23,2,63,186,128,0,0,0,0,0,0,0
126.263733,126.218140,122,255,186,255,21,2,59,188,128,0,0,0,0,0,0,0
126.538460,126.487991,121,255,186,255,22,2,66,188,0,0,0,0,0,0,0,0
126.758240,126.709167,122,255,186,255,23,2,68,187,128,0,0,0,0,0,0,0
127.032967,126.979599,121,255,185,255,23,2,60,187,0,0,0,0,0,0,0,0
127.252747,127.198952,122,255,185,255,23,3,59,187,128,0,0,0,0,0,0,0
127.527473,127.467583,121,255,184,255,22,2,70,188,128,0,0,0,0,0,0,0
127.747253,127.713814,122,255,184,255,22,2,63,188,0,0,0,0,0,0,0,0
127.967033,127.929779,121,255,184,255,22,3,64,188,128,0,0,0,0,0,0,0
128.241760,128.207916,121,255,184,255,23,3,60,186,0,0,0,0,0,0,0,0
128.461533,128.421555,122,255,183,255,22,2,63,188,0,0,0,0,0,0,0,0
128.736267,128.693542,121,255,183,255,22,2,64,187,0,0,0,0,0,0,0,0
128.956039,128.909775,122,255,183,255,22,2,56,188,0,0,0,0,0,0,0,0
129.230774,129.181671,121,255,182,255,23,2,63,187,128,0,0,0,0,0,0,0
129.450546,129.395294,121,255,183,255,21,2,60,187,0,0,0,0,0,0,0,0
129.725281,129.668427,121,255,182,255,21,2,59,188,128,0,0,0,0,0,0,0
129.945053,129.888382,123,255,182,255,23,2,64,187,128,0,0,0,0,0,0,0
130.219788,130.162170,121,255,182,255,22,3,63,188,0,0,0,0,0,0,0,0
130.439560,130.401672,121,255,181,255,22,2,61,187,128,0,0,0,0,0,0,0
130.659348,130.617477,121,255,181,255,22,3,66,186,0,0,0,0,0,0,0,0
130.934067,130.888992,121,255,180,255,21,3,66,188,128,0,0,0,0,0,0,0
131.153839,131.111938,122,255,181,255,22,2,59,188,0,0,0,0,0,0,0,0
131.428574,131.384918,122,255,180,255,23,2,68,188,0,0,0,0,0,0,0,0
131.648346,131.604233,122,255,180,255,22,2,67,188,128,0,0,0,0,0,0,0
131.923080,131.877731,122,255,180,255,22,2,67,188,0,0,0,0,0,0,0,0
132.142853,132.094925,121,255,179,255,23,3,70,187,128,0,0,0,0,0,0,0
132.417587,132.366058,122,255,179,255,22,2,63,188,0,0,0,0,0,0,0,0
132.637360,132.585190,121,255,179,255,22,2,64,188,0,0,0,0,0,0,0,0
132.912094,132.859177,122,255,179,255,22,3,62,187,128,0,0,0,0,0,0,0
133.131866,133.075775,122,255,178,255,21,2,63,188,0,0,0,0,0,0,0,0
133.406601,133.347443,121,255,178,255,22,3,64,185,128,0,0,0,0,0,0,0
133.626373,133.590302,122,255,178,255,22,2,61,188,0,0,0,0,0,0,0,0
133.846161,133.804153,121,255,178,255,23,3,66,187,0,0,0,0,0,0,0,0
134.120880,134.077606,122,255,177,255,22,2,62,188,128,0,0,0,0,0,0,0
134.340652,134.293625,121,255,177,255,22,2,64,187,0,0,0,0,0,0,0,0
134.615387,134.562347,122,255,177,255,23,2,64,187,128,0,0,0,0,0,0,0
134.835159,134.779312,122,255,176,255,22,2,63,188,0,0,0,0,0,0,0,0
135.109894,135.054993,122,255,176,255,23,2,68,187,0,0,0,0,0,0,0,0
135.329666,135.274826,122,255,176,255,24,2,61,188,128,0,0,0,0,0,0,0
135.604401,135.544571,122,255,176,255,23,2,63,188,0,0,0,0,0,0,0,0
135.824173,135.766220,122,255,176,255,23,2,66,188,128,0,0,0,0,0,0,0
136.098907,136.040665,121,255,175,255,22,2,65,187,0,0,0,0,0,0,0,0
136.318680,136.257935,121,255,175,255,22,2,67,187,128,0,0,0,0,0,0,0
136.538467,136.499969,122,255,175,255,22,2,67,188,128,0,0,0,0,0,0,0
136.813187,136.769516,122,255,174,255,23,3,67,187,0,0,0,0,0,0,0,0
137.032974,136.983139,122,255,174,255,23,2,63,188,0,0,0,0,0,0,0,0
137.307693,137.256287,121,255,174,255,22,3,71,188,0,0,0,0,0,0,0,0
137.527466,137.472565,122,255,174,255,23,2,70,187,128,0,0,0,0,0,0,0
137.802200,137.745392,122,255,173,255,22,3,68,188,128,0,0,0,0,0,0,0
138.021973,137.961166,121,255,173,255,23,2,69,186,0,0,0,0,0,0,0,0
138.296707,138.239670,122,255,173,255,22,2,59,187,128,0,0,0,0,0,0,0
138.516479,138.461090,122,255,172,255,21,3,64,188,0,0,0,0,0,0,0,0
138.791214,138.730316,122,255,173,255,21,2,65,188,128,0,0,0,0,0,0,0
139.010986,138.971786,122,255,172,255,23,2,73,187,128,0,0,0,0,0,0,0
139.230774,139.187454,122,255,172,255,22,2,60,188,0,0,0,0,0,0,0,0
139.505493,139.460892,121,255,172,255,23,2,70,187,128,0,0,0,0,0,0,0
139.725281,139.681183,122,255,171,255,23,2,59,188,0,0,0,0,0,0,0,0
140.000000,139.954376,121,255,171,255,21,2,60,187,128,0,0,0,0,0,0,0
140.219788,140.175293,121,255,171,255,22,2,60,188,0,0,0,0,0,0,0,0
140.494507,140.452484,121,255,171,255,22,2,57,188,0,0,0,0,0,0,0,0
140.714279,140.669327,121,255,171,255,22,3,60,188,128,0,0,0,0,0,0,0
140.989014,140.942688,121,255,170,255,23,2,61,188,128,0,0,0,0,0,0,0
141.208786,141.165131,121,255,169,255,23,2,60,188,128,0,0,0,0,0,0,0
141.483521,141.436890,122,255,169,255,22,3,64,187,128,0,0,0,0,0,0,0
141.703293,141.657745,122,255,169,255,23,3,62,188,0,0,0,0,0,0,0,0
141.978027,141.930618,123,255,169,255,23,3,51,189,128,0,0,0,0,0,0,0
142.197800,142.150589,121,255,169,255,22,2,64,187,0,0,0,0,0,0,0,0
142.472534,142.422653,122,255,168,255,22,2,68,187,128,0,0,0,0,0,0,0
142.692307,142.638885,121,255,168,255,23,3,67,187,0,0,0,0,0,0,0,0
142.967026,142.911194,121,255,168,255,22,3,74,188,0,0,0,0,0,0,0,0
143.186813,143.129242,122,255,168,255,23,2,67,188,128,0,0,0,0,0,0,0
143.461533,143.402130,122,255,167,255,22,2,70,187,0,0,0,0,0,0,0,0
143.681320,143.617615,122,255,167,255,21,2,71,186,128,0,0,0,0,0,0,0
143.956039,143.891235,121,255,167,255,22,3,69,187,128,0,0,0,0,0,0,0
144.175827,144.111984,122,255,167,255,22,3,64,188,0,0,0,0,0,0,0,0
144.450546,144.385956,121,255,167,255,22,3,69,187,128,0,0,0,0,0,0,0
144.670334,144.626434,121,255,166,255,23,2,74,185,0,0,0,0,0,0,0,0
144.890106,144.844696,121,255,166,255,22,2,64,187,128,0,0,0,0,0,0,0
145.164841,145.114548,122,255,166,255,22,2,80,187,128,0,0,0,0,0,0,0
145.384613,145.331512,122,255,165,255,23,2,69,188,128,0,0,0,0,0,0,0
145.659348,145.606613,122,255,165,255,21,3,80,187,128,0,0,0,0,0,0,0
145.879120,145.818909,121,255,165,255,21,2,79,187,0,0,0,0,0,0,0,0
146.153839,146.091522,122,255,164,255,22,2,68,188,128,0,0,0,0,0,0,0
146.373627,146.333450,122,255,164,255,22,2,66,187,128,0,0,0,0,0,0,0
146.648346,146.583603,122,255,164,255,22,3,64,188,128,0,0,0,0,0,0,0
146.868134,146.805344,122,255,164,255,22,2,60,188,128,0,0,0,0,0,0,0
147.087906,147.045975,121,255,164,255,22,2,66,188,0,0,0,0,0,0,0,0
147.362640,147.318481,121,255,163,255,22,3,59,187,128,0,0,0,0,0,0,0
147.582413,147.536774,121,255,163,255,22,3,55,188,0,0,0,0,0,0,0,0
147.857147,147.808578,121,255,163,255,22,2,59,187,0,0,0,0,0,0,0,0
148.076920,148.027390,121,255,162,255,22,2,55,186,128,0,0,0,0,0,0,0
148.351654,148.299881,121,255,162,255,22,2,47,188,0,0,0,0,0,0,0,0
148.571426,148.516174,121,255,162,255,22,3,56,188,128,0,0,0,0,0,0,0
148.846161,148.789520,122,255,162,255,22,2,54,187,0,0,0,0,0,0,0,0
149.065933,149.006363,122,255,162,255,24,2,56,188,128,0,0,0,0,0,0,0
149.340652,149.278778,122,255,161,255,22,3,70,187,128,0,0,0,0,0,0,0
149.560440,149.496628,121,255,161,255,23,2,69,187,0,0,0,0,0,0,0,0
149.835159,149.769348,122,255,160,255,22,2,51,188,128,0,0,0,0,0,0,0
150.054947,149.986664,122,255,161,255,23,2,72,187,0,0,0,0,0,0,0,0
150.274719,150.230637,122,255,161,255,23,2,53,187,128,0,0,0,0,0,0,0
150.549454,150.503464,122,255,160,255,22,3,60,188,128,0,0,0,0,0,0,0
150.769226,150.720551,122,255,160,255,22,2,58,188,0,0,0,0,0,0,0,0
151.043961,150.996262,122,255,159,255,23,3,56,187,128,0,0,0,0,0,0,0
151.263733,151.215530,122,255,160,255,22,3,62,188,0,0,0,0,0,0,0,0
151.538467,151.486877,121,255,160,255,22,2,63,187,128,0,0,0,0,0,0,0
151.758240,151.702438,121,255,159,255,22,2,65,187,0,0,0,0,0,0,0,0
152.032974,151.977814,122,255,159,255,21,3,71,187,0,0,0,0,0,0,0,0
152.252747,152.196960,121,255,159,255,22,2,71,187,128,0,0,0,0,0,0,0
152.527466,152.472076,121,255,158,255,22,2,64,188,0,0,0,0,0,0,0,0
152.747253,152.686768,122,255,158,255,22,2,70,187,128,0,0,0,0,0,0,0
153.021973,152.961014,121,255,158,255,21,3,68,187,0,0,0,0,0,0,0,0
153.241760,153.179245,122,255,158,255,23,2,68,187,0,0,0,0,0,0,0,0
153.516479,153.452103,121,255,158,255,22,2,63,187,128,0,0,0,0,0,0,0
153.736267,153.671631,121,255,158,255,22,2,56,188,0,0,0,0,0,0,0,0
154.010986,153.943344,121,255,157,255,23,2,63,188,128,0,0,0,0,0,0,0
154.230774,154.184708,121,255,156,255,23,3,63,188,128,0,0,0,0,0,0,0
154.450546,154.404526,122,255,155,255,21,3,64,187,0,0,0,0,0,0,0,0
154.725281,154.679855,122,255,153,255,23,3,55,188,128,0,0,0,0,0,0,0
154.945053,154.894791,121,255,152,255,22,2,73,188,0,0,0,0,0,0,0,0
155.219788,155.167664,122,255,151,255,22,2,64,188,128,0,0,0,0,0,0,0
155.439560,155.383636,121,255,149,255,21,2,56,187,128,0,0,0,0,0,0,0
155.714279,155.657394,121,255,148,255,22,2,71,187,0,0,0,0,0,0,0,0
155.934067,155.871857,122,255,147,255,23,3,57,188,128,0,0,0,0,0,0,0
156.208786,156.145157,122,255,146,255,22,3,63,187,0,0,0,0,0,0,0,0
156.428574,156.362793,122,255,144,255,22,3,56,188,128,0,0,0,0,0,0,0
156.703293,156.637283,122,255,143,255,22,2,55,188,0,0,0,0,0,0,0,0
156.923080,156.855331,122,255,141,255,23,2,50,188,0,0,0,0,0,0,0,0
157.197800,157.128479,122,255,141,255,22,3,48,188,128,0,0,0,0,0,0,0
157.417587,157.347992,121,255,140,255,22,3,59,187,0,0,0,0,0,0,0,0
157.637360,157.587158,122,255,139,255,22,2,45,188,128,0,0,0,0,0,0,0
157.912094,157.857529,122,255,138,255,23,2,63,188,0,0,0,0,0,0,0,0
158.131866,158.076416,121,255,137,255,22,3,51,188,128,0,0,0,0,0,0,0
158.406601,158.354401,121,255,137,255,22,3,63,188,128,0,0,0,0,0,0,0
158.626373,158.571732,122,255,135,255,21,3,48,187,0,0,0,0,0,0,0,0
158.901093,158.846207,122,255,135,255,23,3,62,188,128,0,0,0,0,0,0,0
159.120880,159.060883,121,255,134,255,21,3,56,188,0,0,0,0,0,0,0,0
159.395599,159.332520,122,255,134,255,23,2,62,188,0,0,0,0,0,0,0,0
159.615387,159.552444,122,255,133,255,23,2,72,187,128,0,0,0,0,0,0,0
159.890106,159.829453,122,255,133,255,22,2,63,188,0,0,0,0,0,0,0,0
160.109894,160.048782,121,255,132,255,21,2,64,188,128,0,0,0,0,0,0,0
160.384613,160.318420,121,255,132,255,23,2,56,187,0,0,0,0,0,0,0,0
160.604401,160.537888,122,255,131,255,22,3,67,187,128,0,0,0,0,0,0,0
160.879120,160.811554,122,255,131,255,22,2,56,188,128,0,0,0,0,0,0,0
161.098907,161.032715,122,255,130,255,22,3,63,188,0,0,0,0,0,0,0,0
161.373627,161.303253,122,255,130,255,22,3,50,188,128,0,0,0,0,0,0,0
161.593399,161.521408,121,255,129,255,22,2,53,187,0,0,0,0,0,0,0,0
161.813187,161.767349,122,255,129,255,22,3,68,188,128,0,0,0,0,0,0,0
162.087906,162.037216,122,255,128,255,22,2,63,187,128,0,0,0,0,0,0,0
162.307693,162.256760,122,255,128,255,21,2,55,188,0,0,0,0,0,0,0,0
162.582413,162.525650,122,255,128,255,22,3,58,187,128,0,0,0,0,0,0,0
162.802200,162.743698,122,255,127,255,23,2,70,188,0,0,0,0,0,0,0,0
163.076920,163.017242,121,255,127,255,22,2,64,187,128,0,0,0,0,0,0,0
163.296707,163.237518,122,255,127,255,22,2,63,187,128,0,0,0,0,0,0,0
163.571426,163.509109,121,255,127,255,22,2,63,188,0,0,0,0,0,0,0,0
163.791214,163.723801,121,255,126,255,21,2,64,187,128,0,0,0,0,0,0,0
164.065933,163.997864,122,255,126,255,22,3,63,188,0,0,0,0,0,0,0,0
164.285721,164.213104,122,255,126,255,22,2,75,188,0,0,0,0,0,0,0,0
164.505493,164.458160,121,255,125,255,23,3,71,187,0,0,0,0,0,0,0,0
164.780212,164.733627,121,255,124,255,22,3,64,187,0,0,0,0,0,0,0,0
165.054947,164.982529,122,255,125,255,22,2,80,187,128,0,0,0,0,0,0,0
165.274719,165.227524,122,255,124,255,22,2,75,187,0,0,0,0,0,0,0,0
165.494507,165.445267,122,255,123,255,22,2,74,187,128,0,0,0,0,0,0,0
165.769226,165.700409,121,255,124,255,22,3,79,187,0,0,0,0,0,0,0,0
166.043961,165.970993,122,255,123,255,22,3,66,188,0,0,0,0,0,0,0,0
166.263733,166.214737,122,255,122,255,22,2,80,188,128,0,0,0,0,0,0,0
166.483521,166.433212,122,255,122,255,22,2,72,188,0,0,0,0,0,0,0,0
166.758240,166.707703,122,255,121,255,23,3,69,188,128,0,0,0,0,0,0,0
166.978027,166.925232,122,255,121,255,23,3,64,188,0,0,0,0,0,0,0,0
167.252747,167.202759,122,255,120,255,22,3,63,188,0,0,0,0,0,0,0,0
167.472534,167.423141,122,255,119,255,23,3,55,187,128,0,0,0,0,0,0,0
167.747253,167.695450,122,255,118,255,23,3,59,188,0,0,0,0,0,0,0,0
167.967026,167.913177,122,255,118,255,21,2,48,188,128,0,0,0,0,0,0,0
168.241760,168.185959,122,255,117,255,24,3,55,188,0,0,0,0,0,0,0,0
168.461533,168.403336,122,255,118,255,22,2,64,188,128,0,0,0,0,0,0,0
168.736267,168.670853,122,255,117,255,22,2,47,188,128,0,0,0,0,0,0,0
168.956039,168.886154,122,255,117,255,22,2,61,188,0,0,0,0,0,0,0,0
169.230774,169.158981,122,255,116,255,22,3,67,188,128,0,0,0,0,0,0,0
169.450546,169.379318,122,255,115,255,23,2,51,188,0,0,0,0,0,0,0,0
169.725281,169.650513,122,255,115,255,23,3,55,188,0,0,0,0,0,0,0,0
169.945053,169.894547,122,255,115,255,21,3,55,188,128,0,0,0,0,0,0,0
170.164841,170.113113,121,255,115,255,22,3,59,187,0,0,0,0,0,0,0,0
170.439560,170.386002,122,255,116,255,23,3,48,188,128,0,0,0,0,0,0,0
170.659348,170.605194,122,255,116,255,22,2,72,187,128,0,0,0,0,0,0,0
170.934067,170.875168,121,255,115,255,22,2,71,188,128,0,0,0,0,0,0,0
171.153839,171.092697,122,255,114,255,22,3,55,188,128,0,0,0,0,0,0,0
171.428574,171.368408,122,255,114,255,22,2,72,188,0,0,0,0,0,0,0,0
171.648346,171.584915,122,255,114,255,23,3,63,188,128,0,0,0,0,0,0,0
171.923080,171.856125,122,255,114,255,23,2,59,188,0,0,0,0,0,0,0,0
172.142853,172.073669,121,255,114,255,22,3,64,187,128,0,0,0,0,0,0,0
172.417587,172.345245,121,255,114,255,22,3,52,188,128,0,0,0,0,0,0,0
172.637360,172.563507,122,255,113,255,22,3,63,188,0,0,0,0,0,0,0,0
172.857147,172.804550,122,255,113,255,22,3,55,188,128,0,0,0,0,0,0,0
173.131866,173.075928,122,255,113,255,22,2,71,188,0,0,0,0,0,0,0,0
173.351654,173.295654,122,255,114,255,22,2,63,188,128,0,0,0,0,0,0,0
173.626373,173.570374,121,255,113,255,22,2,76,188,128,0,0,0,0,0,0,0
173.846161,173.784073,121,255,113,255,22,2,66,187,0,0,0,0,0,0,0,0
174.120880,174.053986,122,255,113,255,23,2,82,188,128,0,0,0,0,0,0,0
174.340652,174.271744,122,255,113,255,22,3,79,188,0,0,0,0,0,0,0,0
174.615387,174.543610,121,255,112,255,21,2,71,187,128,0,0,0,0,0,0,0
174.835159,174.763565,122,255,112,255,23,2,64,188,0,0,0,0,0,0,0,0
175.109894,175.035126,122,255,111,255,22,2,72,188,0,0,0,0,0,0,0,0
175.329666,175.278030,122,255,111,255,22,3,74,188,128,0,0,0,0,0,0,0
175.549454,175.496292,122,255,111,255,22,3,63,188,0,0,0,0,0,0,0,0
175.824173,175.768814,122,255,110,255,23,3,63,188,128,0,0,0,0,0,0,0
176.043961,175.982758,122,255,110,255,21,2,54,188,0,0,0,0,0,0,0,0
176.318680,176.255692,122,255,110,255,23,3,52,188,0,0,0,0,0,0,0,0
176.538467,176.475449,122,255,110,255,22,3,63,188,128,0,0,0,0,0,0,0
176.813187,176.748123,121,255,109,255,22,2,60,187,0,0,0,0,0,0,0,0
177.032974,176.964615,122,255,108,255,21,2,53,188,128,0,0,0,0,0,0,0
177.307693,177.236664,122,255,109,255,22,3,64,188,0,0,0,0,0,0,0,0
177.527466,177.455383,122,255,108,255,21,2,63,188,0,0,0,0,0,0,0,0
177.802200,177.728836,122,255,109,255,23,3,64,187,128,0,0,0,0,0,0,0
178.021973,177.945831,121,255,108,255,22,2,72,187,0,0,0,0,0,0,0,0
178.241760,178.186172,122,255,108,255,21,2,78,187,128,0,0,0,0,0,0,0
178.516479,178.460876,122,255,108,255,23,3,67,188,0,0,0,0,0,0,0,0
178.736267,178.680740,122,255,108,255,23,2,61,188,0,0,0,0,0,0,0,0
179.010986,178.950363,121,255,108,255,23,2,77,187,128,0,0,0,0,0,0,0
179.230774,179.166840,122,255,108,255,21,2,71,188,0,0,0,0,0,0,0,0
179.505493,179.439606,122,255,108,255,22,2,72,187,128,0,0,0,0,0,0,0
179.725281,179.656784,122,255,107,255,22,2,53,188,0,0,0,0,0,0,0,0
180.000000,179.931107,121,255,108,255,22,2,55,187,0,0,0,0,0,0,0,0
180.219788,180.147507,122,255,108,255,22,2,56,188,128,0,0,0,0,0,0,0
180.494507,180.417374,121,255,106,255,22,3,64,186,0,0,0,0,0,0,0,0
180.714279,180.658920,122,255,107,255,21,3,59,188,128,0,0,0,0,0,0,0
180.934067,180.877136,122,255,106,255,21,2,72,187,0,0,0,0,0,0,0,0
181.208786,181.147827,122,255,106,255,23,2,59,188,128,0,0,0,0,0,0,0
181.428574,181.366257,122,255,107,255,22,2,66,187,128,0,0,0,0,0,0,0
181.703293,181.641098,122,255,107,255,22,3,55,187,0,0,0,0,0,0,0,0
181.923080,181.860779,122,255,106,255,23,3,68,187,128,0,0,0,0,0,0,0
182.197800,182.133652,122,255,106,255,22,2,41,188,0,0,0,0,0,0,0,0
182.417587,182.350342,121,255,107,255,23,3,56,188,0,0,0,0,0,0,0,0
182.692307,182.621613,121,255,107,255,21,3,54,187,128,0,0,0,0,0,0,0
182.912094,182.840973,121,255,107,255,22,2,52,187,0,0,0,0,0,0,0,0
183.186813,183.113892,122,255,108,255,23,2,63,188,128,0,0,0,0,0,0,0
183.406601,183.335251,122,255,108,255,21,2,69,187,0,0,0,0,0,0,0,0
183.681320,183.605133,121,255,108,255,24,2,68,187,128,0,0,0,0,0,0,0
183.901093,183.824554,122,255,108,255,21,3,56,188,128,0,0,0,0,0,0,0
184.120880,184.067154,121,255,108,255,21,2,76,187,0,0,0,0,0,0,0,0
184.395599,184.340759,121,255,108,255,22,2,72,187,128,0,0,0,0,0,0,0
184.615387,184.559586,122,255,108,255,22,3,63,187,0,0,0,0,0,0,0,0
184.890106,184.828354,121,255,109,255,21,2,76,187,128,0,0,0,0,0,0,0
185.109894,185.047546,122,255,109,255,21,3,56,187,128,0,0,0,0,0,0,0
185.384613,185.315964,121,255,109,255,23,3,66,187,0,0,0,0,0,0,0,0
185.604401,185.535675,121,255,108,255,23,3,63,187,128,0,0,0,0,0,0,0
185.879120,185.809387,121,255,109,255,23,2,71,188,0,0,0,0,0,0,0,0
186.098907,186.023224,122,255,109,255,22,2,81,187,0,0,0,0,0,0,0,0
186.373627,186.300003,121,255,109,255,23,2,71,188,128,0,0,0,0,0,0,0
186.593399,186.519623,122,255,109,255,23,2,71,187,0,0,0,0,0,0,0,0
186.868134,186.790207,122,255,109,255,21,2,82,187,128,0,0,0,0,0,0,0
187.087906,187.008362,122,255,109,255,22,2,71,187,0,0,0,0,0,0,0,0
187.362640,187.284103,121,255,109,255,22,3,58,187,128,0,0,0,0,0,0,0
187.582413,187.501175,121,255,109,255,23,2,64,187,0,0,0,0,0,0,0,0
187.802200,187.746429,121,255,108,255,22,3,70,187,0,0,0,0,0,0,0,0
188.076920,188.021530,122,255,108,255,22,2,59,187,128,0,0,0,0,0,0,0
188.351654,188.271835,121,255,108,255,23,3,62,188,0,0,0,0,0,0,0,0
188.571426,188.516525,121,255,108,255,22,3,68,188,128,0,0,0,0,0,0,0
188.791214,188.730759,122,255,108,255,22,2,63,188,0,0,0,0,0,0,0,0
189.065933,189.002563,122,255,107,255,22,2,64,187,0,0,0,0,0,0,0,0
189.285721,189.219833,122,255,108,255,24,3,62,188,128,0,0,0,0,0,0,0
189.560440,189.492874,121,255,108,255,21,3,60,187,0,0,0,0,0,0,0,0
189.780212,189.707748,121,255,107,255,23,2,49,188,128,0,0,0,0,0,0,0
190.054947,189.979080,122,255,107,255,21,2,65,188,0,0,0,0,0,0,0,0
190.274719,190.199265,121,255,107,255,23,2,64,187,0,0,0,0,0,0,0,0
190.549454,190.470169,121,255,107,255,22,2,64,187,128,0,0,0,0,0,0,0
190.769226,190.688110,122,255,107,255,22,3,59,187,0,0,0,0,0,0,0,0
190.989014,190.931229,121,255,107,255,23,2,51,188,128,0,0,0,0,0,0,0
191.263733,191.204636,121,255,107,255,22,2,64,187,0,0,0,0,0,0,0,0
191.483521,191.420090,122,255,108,255,23,2,66,188,0,0,0,0,0,0,0,0
191.758240,191.695038,121,255,107,255,22,3,68,187,128,0,0,0,0,0,0,0
191.978027,191.915451,121,255,108,255,21,1,64,187,0,0,0,0,0,0,0,0
192.252747,192.188309,121,255,108,255,22,3,64,187,128,0,0,0,0,0,0,0
192.472534,192.407242,121,255,109,255,23,2,53,188,0,0,0,0,0,0,0,0
192.747253,192.681366,122,255,108,255,22,3,50,187,128,0,0,0,0,0,0,0
192.967026,192.900421,122,255,109,255,22,2,68,188,128,0,0,0,0,0,0,0
193.241760,193.167892,121,255,109,255,22,2,59,188,0,0,0,0,0,0,0,0
193.461533,193.383133,121,255,109,255,22,2,71,188,128,0,0,0,0,0,0,0
193.736267,193.658524,122,255,110,255,23,2,74,188,0,0,0,0,0,0,0,0
193.956039,193.878693,121,255,110,255,21,2,79,187,128,0,0,0,0,0,0,0
194.230774,194.153488,121,255,111,255,22,2,80,187,128,0,0,0,0,0,0,0
194.450546,194.368576,121,255,110,255,23,2,77,187,0,0,0,0,0,0,0,0
194.725281,194.645050,121,255,110,255,23,2,78,187,128,0,0,0,0,0,0,0
194.945053,194.863724,122,255,111,255,21,3,64,187,0,0,0,0,0,0,0,0
195.219788,195.135757,122,255,110,255,22,2,66,188,128,0,0,0,0,0,0,0
195.439560,195.376297,121,255,111,255,21,2,79,188,128,0,0,0,0,0,0,0
195.659348,195.595444,122,255,110,255,22,2,68,187,0,0,0,0,0,0,0,0
195.934067,195.867645,121,255,110,255,22,2,70,188,128,0,0,0,0,0,0,0
196.153839,196.085312,122,255,111,255,23,2,63,187,0,0,0,0,0,0,0,0
196.428574,196.353058,122,255,111,255,22,2,71,187,128,0,0,0,0,0,0,0
196.648346,196.572617,122,255,110,255,22,3,73,188,128,0,0,0,0,0,0,0
196.923080,196.845352,121,255,110,255,23,2,50,187,0,0,0,0,0,0,0,0
197.142853,197.065109,122,255,111,255,24,2,51,188,128,0,0,0,0,0,0,0
197.417587,197.337311,122,255,110,255,23,3,52,188,0,0,0,0,0,0,0,0
197.637360,197.553085,122,255,111,255,22,2,57,188,0,0,0,0,0,0,0,0
197.857147,197.796982,122,255,111,255,23,2,74,187,128,0,0,0,0,0,0,0
198.131866,198.066284,122,255,111,255,23,2,58,187,0,0,0,0,0,0,0,0
198.351654,198.285110,122,255,111,255,23,2,60,188,128,0,0,0,0,0,0,0
198.626373,198.557724,122,255,111,255,21,3,73,188,0,0,0,0,0,0,0,0
198.846161,198.775681,122,255,111,255,22,3,64,187,128,0,0,0,0,0,0,0
199.120880,199.051559,121,255,110,255,21,2,67,187,0,0,0,0,0,0,0,0
199.340652,199.263794,121,255,111,255,22,2,73,187,0,0,0,0,0,0,0,0
199.615387,199.539841,122,255,111,255,23,2,64,187,128,0,0,0,0,0,0,0
199.835159,199.759872,122,255,112,255,22,2,63,188,0,0,0,0,0,0,0,0
200.109894,200.032028,122,255,111,255,22,3,70,188,128,0,0,0,0,0,0,0
200.329666,200.250580,121,255,110,255,22,2,80,188,0,0,0,0,0,0,0,0
200.604401,200.522797,122,255,111,255,23,3,63,188,0,0,0,0,0,0,0,0
200.824173,200.741318,122,255,111,255,23,2,61,188,128,0,0,0,0,0,0,0
201.098907,201.014145,122,255,111,255,23,3,63,188,0,0,0,0,0,0,0,0
201.318680,201.257324,121,255,110,255,23,3,70,187,128,0,0,0,0,0,0,0
201.538467,201.473343,122,255,110,255,22,2,63,188,128,0,0,0,0,0,0,0
201.813187,201.743790,121,255,111,255,22,3,52,187,0,0,0,0,0,0,0,0
202.032974,201.959335,122,255,111,255,22,3,67,188,128,0,0,0,0,0,0,0
202.307693,202.235031,122,255,111,255,22,2,64,188,0,0,0,0,0,0,0,0
202.527466,202.450485,121,255,111,255,22,3,76,188,128,0,0,0,0,0,0,0
202.802200,202.723404,121,255,111,255,23,3,63,188,0,0,0,0,0,0,0,0
203.021973,202.944778,121,255,110,255,22,3,64,187,0,0,0,0,0,0,0,0
203.296707,203.215546,122,255,110,255,23,2,76,188,128,0,0,0,0,0,0,0
203.516479,203.434479,121,255,111,255,23,2,66,187,0,0,0,0,0,0,0,0
203.791214,203.706680,122,255,111,255,22,3,56,187,128,0,0,0,0,0,0,0
204.010986,203.925140,121,255,110,255,24,3,75,187,0,0,0,0,0,0,0,0
204.230774,204.169159,121,255,110,255,24,3,75,187,0,0,0,0,0,0,0,0
204.505493,204.418839,121,255,110,255,22,3,63,187,128,0,0,0,0,0,0,0
204.725281,204.663513,122,255,111,255,22,3,67,188,0,0,0,0,0,0,0,0
205.000000,204.936707,121,255,111,255,23,2,75,187,128,0,0,0,0,0,0,0
205.219788,205.153671,122,255,111,255,23,2,58,187,0,0,0,0,0,0,0,0
205.494507,205.423325,122,255,111,255,22,2,61,187,0,0,0,0,0,0,0,0
205.714279,205.637833,122,255,110,255,22,2,59,187,128,0,0,0,0,0,0,0
205.989014,205.910095,121,255,110,255,21,2,63,187,0,0,0,0,0,0,0,0
206.208786,206.128662,122,255,109,255,23,2,62,187,128,0,0,0,0,0,0,0
206.483521,206.403000,122,255,109,255,22,2,68,188,0,0,0,0,0,0,0,0
206.703293,206.623077,122,255,109,255,22,3,74,187,128,0,0,0,0,0,0,0
206.978027,206.896484,122,255,110,255,23,3,64,187,128,0,0,0,0,0,0,0
207.197800,207.117386,121,255,110,255,23,2,58,187,0,0,0,0,0,0,0,0
207.472534,207.385910,122,255,110,255,23,2,58,187,0,0,0,0,0,0,0,0
207.692307,207.605225,122,255,111,255,21,3,69,187,0,0,0,0,0,0,0,0
207.967026,207.879776,121,255,111,255,23,2,64,187,128,0,0,0,0,0,0,0
208.186813,208.098480,122,255,109,255,23,3,72,187,128,0,0,0,0,0,0,0
208.406601,208.339722,122,255,111,255,23,2,66,187,0,0,0,0,0,0,0,0
208.681320,208.614685,121,255,109,255,22,3,67,187,128,0,0,0,0,0,0,0
208.901093,208.832062,122,255,109,255,23,3,59,188,0,0,0,0,0,0,0,0
209.175827,209.105591,121,255,110,255,22,2,75,187,128,0,0,0,0,0,0,0
209.395599,209.321426,121,255,109,255,22,2,71,187,0,0,0,0,0,0,0,0
209.670334,209.591904,121,255,109,255,21,3,70,187,0,0,0,0,0,0,0,0
209.890106,209.806076,121,255,109,255,23,2,60,187,128,0,0,0,0,0,0,0
210.164841,210.081497,122,255,109,255,29,251,65,179,0,0,0,0,0,0,0,0
210.384613,210.300125,115,255,109,255,25,251,72,177,128,0,0,0,0,0,0,0
210.604401,210.541061,114,255,108,255,25,250,62,177,0,0,0,0,0,0,0,0
210.879120,210.814407,114,255,108,255,25,250,51,177,0,0,0,0,0,0,0,0
211.098907,211.031738,114,255,108,255,24,251,53,176,128,0,0,0,0,0,0,0
211.373627,211.307205,114,255,108,255,21,253,48,177,0,0,0,0,0,0,0,0
211.593399,211.521149,121,255,109,255,24,252,48,187,128,0,0,0,0,0,0,0
211.868134,211.795059,122,255,108,255,23,252,68,187,0,0,0,0,0,0,0,0
212.087906,212.012314,122,255,108,255,24,252,72,187,0,0,0,0,0,0,0,0
212.362640,212.283249,122,255,108,255,25,252,66,188,128,0,0,0,0,0,0,0
212.582413,212.501205,122,255,108,255,25,252,76,187,0,0,0,0,0,0,0,0
212.857147,212.774017,122,255,108,255,24,252,68,188,128,0,0,0,0,0,0,0
213.076920,212.988800,122,255,109,255,24,253,66,187,0,0,0,0,0,0,0,0
213.351654,213.261841,121,255,108,255,24,252,66,188,0,0,0,0,0,0,0,0
213.571426,213.505951,122,255,108,255,24,253,63,188,128,0,0,0,0,0,0,0
213.791214,213.726639,122,255,108,255,24,253,69,188,0,0,0,0,0,0,0,0
214.065933,213.974838,122,255,108,255,24,252,71,188,128,0,0,0,0,0,0,0
214.285721,214.215973,122,255,107,255,24,252,71,188,0,0,0,0,0,0,0,0
214.560440,214.489471,122,255,108,255,24,252,69,187,0,0,0,0,0,0,0,0
214.780212,214.707886,122,255,108,255,24,252,71,187,128,0,0,0,0,0,0,0
215.054947,214.980499,122,255,107,255,23,253,72,187,0,0,0,0,0,0,0,0
215.274719,215.196640,122,255,107,255,24,253,68,188,128,0,0,0,0,0,0,0
215.549454,215.470734,122,255,108,255,24,252,70,188,0,0,0,0,0,0,0,0
215.769226,215.683304,122,255,107,255,25,252,58,188,0,0,0,0,0,0,0,0
216.043961,215.957474,122,255,107,255,25,253,74,188,128,0,0,0,0,0,0,0
216.263733,216.175690,122,255,107,255,24,253,79,188,0,0,0,0,0,0,0,0
216.538467,216.450439,122,255,107,255,25,253,73,187,128,0,0,0,0,0,0,0
216.758240,216.691330,121,255,107,255,23,252,64,187,0,0,0,0,0,0,0,0
216.978027,216.909744,121,255,107,255,24,252,66,188,128,0,0,0,0,0,0,0
217.252747,217.185165,122,255,107,255,25,252,59,188,128,0,0,0,0,0,0,0
217.472534,217.402969,122,255,105,255,24,252,61,188,0,0,0,0,0,0,0,0
217.747253,217.677292,122,255,107,255,24,252,59,188,128,0,0,0,0,0,0,0
217.967026,217.894058,121,255,107,255,24,252,63,188,0,0,0,0,0,0,0,0
218.241760,218.166153,122,255,105,255,25,253,63,188,128,0,0,0,0,0,0,0
218.461533,218.384354,121,255,106,255,23,252,80,188,128,0,0,0,0,0,0,0
218.736267,218.658630,121,255,105,255,24,252,64,187,0,0,0,0,0,0,0,0
218.956039,218.870972,122,255,106,255,24,253,72,188,128,0,0,0,0,0,0,0
219.230774,219.150620,122,255,105,255,24,252,67,187,0,0,0,0,0,0,0,0
219.450546,219.367676,122,255,105,255,25,252,68,187,0,0,0,0,0,0,0,0
219.725281,219.635559,122,255,104,255,25,253,71,188,128,0,0,0,0,0,0,0
219.945053,219.855896,121,255,104,255,24,253,55,188,0,0,0,0,0,0,0,0
220.219788,220.129608,122,255,104,255,25,252,63,188,128,0,0,0,0,0,0,0
220.439560,220.346268,122,255,104,255,25,252,68,188,0,0,0,0,0,0,0,0
220.659348,220.590332,122,255,104,255,26,253,64,187,128,0,0,0,0,0,0,0
220.934067,220.857117,122,255,104,255,25,253,59,188,128,0,0,0,0,0,0,0
221.153839,221.075638,122,255,104,255,24,253,63,188,0,0,0,0,0,0,0,0
221.428574,221.346222,121,255,105,255,25,252,74,187,128,0,0,0,0,0,0,0
221.648346,221.562256,122,255,103,255,24,252,72,188,0,0,0,0,0,0,0,0
221.923080,221.837265,122,255,104,255,24,252,66,188,128,0,0,0,0,0,0,0
222.142853,222.055099,122,255,102,255,25,253,56,188,0,0,0,0,0,0,0,0
222.417587,222.328445,122,255,103,255,25,253,73,187,0,0,0,0,0,0,0,0
222.637360,222.546768,122,255,102,255,25,2,71,187,128,0,0,0,0,0,0,0
222.857147,222.789642,122,255,102,255,25,2,71,188,128,0,0,0,0,0,0,0
223.131866,223.061462,122,255,103,255,24,3,72,188,128,0,0,0,0,0,0,0
223.351654,223.275681,122,255,102,255,24,3,63,188,0,0,0,0,0,0,0,0
223.626373,223.546997,121,255,102,255,24,2,61,187,0,0,0,0,0,0,0,0
223.846161,223.760941,121,255,102,255,24,2,72,187,128,0,0,0,0,0,0,0
224.120880,224.035370,122,255,102,255,25,252,64,188,0,0,0,0,0,0,0,0
224.340652,224.252747,122,255,102,255,25,253,63,188,128,0,0,0,0,0,0,0
224.615387,224.524429,122,255,100,255,24,253,55,188,0,0,0,0,0,0,0,0
224.835159,224.743607,122,255,100,255,25,252,64,188,0,0,0,0,0,0,0,0
225.109894,225.017502,122,255,100,255,24,2,64,187,128,0,0,0,0,0,0,0
225.329666,225.238312,122,255,101,255,23,2,58,188,0,0,0,0,0,0,0,0
225.549454,225.480347,122,255,101,255,25,3,71,188,128,0,0,0,0,0,0,0
225.824173,225.751038,121,255,100,255,24,253,61,188,0,0,0,0,0,0,0,0
226.098907,226.003937,122,255,100,255,24,252,68,188,0,0,0,0,0,0,0,0
226.318680,226.248505,122,255,99,255,24,252,55,188,128,0,0,0,0,0,0,0
226.538467,226.463974,122,255,100,255,24,252,66,188,0,0,0,0,0,0,0,0
226.813187,226.737930,122,255,99,255,23,3,68,188,128,0,0,0,0,0,0,0
227.032974,226.952133,122,255,100,255,24,2,74,187,0,0,0,0,0,0,0,0
227.307693,227.227814,122,255,99,255,25,2,64,188,0,0,0,0,0,0,0,0
227.527466,227.445358,122,255,100,255,25,2,77,187,128,0,0,0,0,0,0,0
227.802200,227.717255,122,255,99,255,24,2,79,188,0,0,0,0,0,0,0,0
228.021973,227.936859,122,255,98,255,24,253,83,188,128,0,0,0,0,0,0,0
228.296707,228.207611,122,255,99,255,25,253,66,188,0,0,0,0,0,0,0,0
228.516479,228.426193,122,255,99,255,24,252,71,188,0,0,0,0,0,0,0,0
228.736267,228.667191,122,255,98,255,25,252,55,188,128,0,0,0,0,0,0,0
229.010986,228.938126,121,255,98,255,25,2,55,188,0,0,0,0,0,0,0,0
229.230774,229.155502,122,255,97,255,24,2,74,187,128,0,0,0,0,0,0,0
229.505493,229.427811,122,255,98,255,25,2,74,188,0,0,0,0,0,0,0,0
229.725281,229.645660,122,255,97,255,24,3,59,188,128,0,0,0,0,0,0,0
230.000000,229.913712,122,255,97,255,23,253,64,188,128,0,0,0,0,0,0,0
230.219788,230.134033,122,255,96,255,25,253,72,188,0,0,0,0,0,0,0,0
230.494507,230.405304,122,255,96,255,25,253,63,188,0,0,0,0,0,0,0,0
230.714279,230.623734,122,255,96,255,25,252,63,188,0,0,0,0,0,0,0,0
230.989014,230.897537,122,255,96,255,24,253,64,188,128,0,0,0,0,0,0,0
231.208786,231.119751,122,255,95,255,25,3,63,188,128,0,0,0,0,0,0,0
231.483521,231.390961,122,253,95,255,24,2,59,188,0,0,0,0,0,0,0,0
231.703293,231.609177,122,253,96,255,24,2,53,188,128,0,0,0,0,0,0,0
231.923080,231.851776,122,248,95,255,24,2,64,188,0,0,0,0,0,0,0,0
232.197800,232.122574,122,249,96,255,24,252,57,188,0,0,0,0,0,0,0,0
232.417587,232.336990,122,249,95,255,25,253,72,188,128,0,0,0,0,0,0,0
232.692307,232.607056,122,247,95,255,24,253,64,188,0,0,0,0,0,0,0,0
232.912094,232.824646,122,246,95,255,24,252,64,188,128,0,0,0,0,0,0,0
233.186813,233.103455,122,244,95,255,24,2,75,188,0,0,0,0,0,0,0,0
233.406601,233.315994,122,242,94,255,25,2,64,188,128,0,0,0,0,0,0,0
233.681320,233.589233,122,240,94,255,24,2,48,188,128,0,0,0,0,0,0,0
233.901093,233.810608,122,240,94,255,23,2,63,188,0,0,0,0,0,0,0,0
234.175827,234.083954,122,240,94,255,23,252,64,188,128,0,0,0,0,0,0,0
234.395599,234.301651,122,237,94,255,26,252,63,188,0,0,0,0,0,0,0,0
234.670334,234.574677,122,237,94,255,24,253,47,188,128,0,0,0,0,0,0,0
234.890106,234.792175,122,236,94,255,24,252,72,188,0,0,0,0,0,0,0,0
235.109894,235.034256,122,234,93,255,24,253,51,188,0,0,0,0,0,0,0,0
235.384613,235.312317,122,234,94,255,23,3,68,188,128,0,0,0,0,0,0,0
235.604401,235.527679,122,234,94,255,25,3,55,188,0,0,0,0,0,0,0,0
235.879120,235.802734,122,235,93,255,23,2,52,188,128,0,0,0,0,0,0,0
236.098907,236.022659,122,234,94,255,25,2,63,188,0,0,0,0,0,0,0,0
236.373627,236.294296,122,236,93,255,24,253,59,188,0,0,0,0,0,0,0,0
236.593399,236.513382,122,235,93,255,24,252,48,188,128,0,0,0,0,0,0,0
236.868134,236.786057,122,236,94,255,25,253,64,188,0,0,0,0,0,0,0,0
237.087906,237.004105,122,237,94,255,24,252,63,188,128,0,0,0,0,0,0,0
237.362640,237.275284,122,236,94,255,25,2,47,188,0,0,0,0,0,0,0,0
237.582413,237.490570,122,238,95,255,23,2,66,188,0,0,0,0,0,0,0,0
237.857147,237.761566,122,238,94,255,24,3,80,188,128,0,0,0,0,0,0,0
238.076920,237.979935,122,238,94,255,24,2,79,188,0,0,0,0,0,0,0,0
238.351654,238.253647,122,238,94,255,24,2,91,188,128,0,0,0,0,0,0,0
238.571426,238.495163,122,240,95,255,24,252,79,188,128,0,0,0,0,0,0,0
238.791214,238.717117,122,240,95,255,25,252,79,189,0,0,0,0,0,0,0,0
239.065933,238.991913,122,241,95,255,23,253,63,189,128,0,0,0,0,0,0,0
239.285721,239.209015,122,242,95,255,24,252,63,188,0,0,0,0,0,0,0,0
239.560440,239.482483,122,241,95,255,23,3,63,188,128,0,0,0,0,0,0,0
239.780212,239.703705,122,241,95,255,24,3,80,187,0,0,0,0,0,0,0,0
240.054947,239.976685,122,241,94,255,23,3,80,188,0,0,0,0,0,0,0,0
240.274719,240.192245,122,240,95,255,24,2,72,188,128,0,0,0,0,0,0,0
240.549454,240.466324,122,241,95,255,23,253,72,188,0,0,0,0,0,0,0,0
240.769226,240.681458,122,241,94,255,26,252,72,188,128,0,0,0,0,0,0,0
241.043961,240.953613,122,239,94,255,25,252,68,188,0,0,0,0,0,0,0,0
241.263733,241.169952,122,237,94,255,25,252,72,188,128,0,0,0,0,0,0,0
241.538467,241.446732,122,236,94,255,23,3,64,188,128,0,0,0,0,0,0,0
241.758240,241.663223,122,236,94,255,25,2,72,188,0,0,0,0,0,0,0,0
242.032974,241.938858,122,236,94,255,23,2,72,188,128,0,0,0,0,0,0,0
242.252747,242.155304,122,237,94,255,24,2,72,188,0,0,0,0,0,0,0,0
242.527466,242.430557,122,236,93,255,24,3,79,188,128,0,0,0,0,0,0,0
242.747253,242.650009,122,234,93,255,23,3,79,188,128,0,0,0,0,0,0,0
243.021973,242.923920,122,232,93,255,24,3,63,188,0,0,0,0,0,0,0,0
243.241760,243.142044,122,231,93,255,26,2,59,188,128,0,0,0,0,0,0,0
243.516479,243.416656,122,230,93,255,25,2,48,188,0,0,0,0,0,0,0,0
243.736267,243.636978,122,228,92,255,24,3,64,188,128,0,0,0,0,0,0,0
244.010986,243.912613,122,226,93,255,24,3,71,188,0,0,0,0,0,0,0,0
244.230774,244.130661,122,225,92,255,24,3,37,188,0,0,0,0,0,0,0,0
244.450546,244.375351,122,223,92,255,23,2,64,188,128,0,0,0,0,0,0,0
244.725281,244.642975,122,222,92,255,24,2,63,188,0,0,0,0,0,0,0,0
244.945053,244.860657,122,221,91,255,24,2,40,188,128,0,0,0,0,0,0,0
245.219788,245.135468,122,223,92,255,24,2,63,188,0,0,0,0,0,0,0,0
245.439560,245.356995,122,221,92,255,23,3,48,188,0,0,0,0,0,0,0,0
245.714279,245.628525,122,222,91,255,23,3,75,188,128,0,0,0,0,0,0,0
245.934067,245.847260,122,222,93,255,23,3,50,188,0,0,0,0,0,0,0,0
246.208786,246.123260,122,222,93,255,25,2,55,188,128,0,0,0,0,0,0,0
246.428574,246.342087,122,223,92,255,24,2,69,188,0,0,0,0,0,0,0,0
246.703293,246.611374,122,223,93,255,24,3,68,188,0,0,0,0,0,0,0,0
246.923080,246.832184,122,223,93,255,24,3,68,188,128,0,0,0,0,0,0,0
247.197800,247.109436,122,224,92,255,25,2,76,188,0,0,0,0,0,0,0,0
247.417587,247.325867,122,227,93,255,24,2,41,188,128,0,0,0,0,0,0,0
247.692307,247.595688,122,227,93,255,24,3,59,188,0,0,0,0,0,0,0,0
247.912094,247.814423,122,227,93,255,25,2,64,188,128,0,0,0,0,0,0,0
248.186813,248.089645,122,226,93,255,25,2,63,188,128,0,0,0,0,0,0,0
248.406601,248.309296,122,226,93,255,24,2,63,188,0,0,0,0,0,0,0,0
248.681320,248.581268,122,229,94,255,24,2,58,188,128,0,0,0,0,0,0,0
248.901093,248.798874,122,232,94,255,23,3,61,188,0,0,0,0,0,0,0,0
249.120880,249.043762,122,232,94,255,24,3,48,188,128,0,0,0,0,0,0,0
249.395599,249.315857,122,235,94,255,24,3,47,188,128,0,0,0,0,0,0,0
249.615387,249.531570,122,236,94,255,24,2,52,188,0,0,0,0,0,0,0,0
249.890106,249.804871,122,239,95,255,24,2,39,188,128,0,0,0,0,0,0,0
250.109894,250.024017,122,243,95,255,25,2,64,188,0,0,0,0,0,0,0,0
250.384613,250.297043,122,248,97,255,24,2,38,188,0,0,0,0,0,0,0,0
250.604401,250.510529,122,253,98,255,25,2,41,188,128,0,0,0,0,0,0,0
250.879120,250.787888,122,255,97,255,24,2,48,188,0,0,0,0,0,0,0,0
251.098907,251.009354,122,255,98,255,24,3,48,188,128,0,0,0,0,0,0,0
