0.000000,0.000000,122,227,92,255,24,3,63,188,128,0,0,0,0,0,0,0
0.219780,0.240212,122,226,92,255,23,2,63,188,128,0,0,0,0,0,0,0
0.494505,0.514333,122,225,92,255,25,2,39,188,0,0,0,0,0,0,0,0
0.769231,0.765528,122,225,92,255,25,2,39,188,0,0,0,0,0,0,0,0
0.989011,1.009578,122,222,91,255,25,2,51,188,0,0,0,0,0,0,0,0
1.208791,1.223734,122,222,92,255,24,2,48,188,128,0,0,0,0,0,0,0
1.483516,1.497861,122,223,92,255,24,2,63,188,0,0,0,0,0,0,0,0
1.703297,1.713109,122,221,92,255,23,3,48,188,0,0,0,0,0,0,0,0
1.978022,1.984214,122,222,92,255,24,2,55,188,128,0,0,0,0,0,0,0
2.197802,2.199576,122,221,92,255,25,2,80,188,0,0,0,0,0,0,0,0
2.472528,2.475556,122,222,93,255,25,2,59,188,128,0,0,0,0,0,0,0
2.692308,2.689562,122,223,92,255,24,2,71,188,0,0,0,0,0,0,0,0
2.967033,2.963116,122,223,92,255,24,3,66,188,0,0,0,0,0,0,0,0
3.186813,3.208157,122,225,93,255,25,2,42,188,128,0,0,0,0,0,0,0
3.406593,3.421435,122,224,92,255,23,3,68,188,0,0,0,0,0,0,0,0
3.681319,3.694829,122,227,93,255,24,3,54,188,128,0,0,0,0,0,0,0
3.901099,3.909803,122,227,93,255,24,3,51,188,0,0,0,0,0,0,0,0
4.175824,4.183211,122,227,92,255,24,2,64,188,0,0,0,0,0,0,0,0
4.395605,4.401166,122,227,93,255,25,2,55,189,128,0,0,0,0,0,0,0
4.670330,4.672789,122,227,93,255,24,2,63,188,0,0,0,0,0,0,0,0
4.890110,4.893291,122,229,94,255,25,2,48,188,128,0,0,0,0,0,0,0
5.164835,5.166272,122,232,94,255,23,3,61,188,0,0,0,0,0,0,0,0
5.384615,5.382814,122,233,94,255,24,3,48,188,128,0,0,0,0,0,0,0
5.659341,5.654135,122,235,94,255,26,3,39,188,128,0,0,0,0,0,0,0
5.879121,5.877088,122,236,95,255,24,2,52,188,0,0,0,0,0,0,0,0
6.153846,6.149066,122,241,95,255,24,2,34,188,128,0,0,0,0,0,0,0
6.373626,6.390784,122,245,95,255,25,2,64,188,0,0,0,0,0,0,0,0
6.593407,6.609465,122,248,97,255,24,2,48,188,128,0,0,0,0,0,0,0
6.868132,6.884937,122,254,98,255,25,2,41,188,0,0,0,0,0,0,0,0
7.087912,7.101643,122,255,97,255,25,2,57,188,0,0,0,0,0,0,0,0
7.362638,7.368796,122,255,98,255,24,3,48,188,128,0,0,0,0,0,0,0
7.582417,7.586494,122,255,100,255,25,2,43,188,0,0,0,0,0,0,0,0
7.857143,7.862644,122,255,101,255,25,2,37,188,128,0,0,0,0,0,0,0
8.076923,8.082055,122,255,102,255,26,2,54,188,128,0,0,0,0,0,0,0
8.351648,8.350556,122,255,103,255,24,3,52,188,0,0,0,0,0,0,0,0
8.571428,8.566219,122,255,103,255,25,2,40,188,128,0,0,0,0,0,0,0
8.791209,8.811007,122,255,106,255,24,2,37,188,0,0,0,0,0,0,0,0
9.065934,9.082011,122,255,107,255,23,3,53,188,128,0,0,0,0,0,0,0
9.285714,9.300611,122,255,109,255,24,2,59,188,128,0,0,0,0,0,0,0
9.560439,9.570136,121,255,110,255,23,2,63,188,0,0,0,0,0,0,0,0
9.780220,9.788972,122,255,112,255,24,2,72,188,128,0,0,0,0,0,0,0
10.054945,10.062263,122,255,114,255,25,2,64,188,0,0,0,0,0,0,0,0
10.274725,10.278446,122,255,116,255,24,2,48,188,128,0,0,0,0,0,0,0
10.549451,10.549451,122,255,117,255,24,2,39,188,0,0,0,0,0,0,0,0
10.769231,10.773012,122,255,117,255,45,3,59,187,1,0,0,0,0,0,0,0
11.043956,11.044386,122,255,120,255,113,3,16,189,129,0,0,0,0,0,0,0
11.263737,11.262426,122,255,121,255,157,3,6,189,1,0,0,0,0,0,0,0
11.538462,11.534589,122,255,125,255,193,2,0,188,129,0,0,0,0,0,0,0
11.758242,11.752859,122,255,129,255,192,2,0,188,1,0,0,0,0,0,0,0
12.032967,12.029418,122,255,133,255,192,2,1,188,1,0,0,0,0,0,0,0
12.252748,12.271557,122,255,138,255,192,2,4,189,129,0,0,0,0,0,0,0
12.472528,12.488416,122,255,143,255,191,2,7,189,1,0,0,0,0,0,0,0
12.747252,12.763937,122,255,150,255,191,3,12,189,129,0,0,0,0,0,0,0
12.967033,12.978406,122,255,155,255,191,3,40,188,1,0,0,0,0,0,0,0
13.241758,13.251470,122,255,158,255,191,2,38,189,129,0,0,0,0,0,0,0
13.461538,13.469226,122,255,159,255,191,2,48,188,129,0,0,0,0,0,0,0
13.736263,13.742887,122,255,160,255,191,2,51,187,1,0,0,0,0,0,0,0
13.956044,13.962367,122,255,161,255,191,2,76,188,129,0,0,0,0,0,0,0
14.230769,14.232780,121,255,161,255,191,3,83,187,1,0,0,0,0,0,0,0
14.450549,14.447922,122,255,163,255,191,2,98,188,129,0,0,0,0,0,0,0
14.725275,14.720487,122,255,164,255,191,3,117,188,129,0,0,0,0,0,0,0
14.945055,14.940208,121,255,165,255,191,3,111,187,1,0,0,0,0,0,0,0
15.219780,15.213718,122,255,165,255,192,2,111,187,1,0,0,0,0,0,0,0
15.439561,15.434412,122,255,166,255,191,2,106,188,1,0,0,0,0,0,0,0
15.714286,15.709213,121,255,167,255,190,2,116,187,129,0,0,0,0,0,0,0
15.934066,15.928001,121,255,167,255,191,3,114,187,129,0,0,0,0,0,0,0
16.153847,16.170765,122,255,168,255,189,2,109,188,1,0,0,0,0,0,0,0
16.428572,16.418903,121,255,168,255,191,2,106,187,129,0,0,0,0,0,0,0
16.703297,16.693411,121,255,169,255,191,3,111,187,129,0,0,0,0,0,0,0
16.923077,16.939867,122,255,169,255,191,2,99,188,1,0,0,0,0,0,0,0
17.142857,17.153765,122,255,170,255,190,3,100,187,129,0,0,0,0,0,0,0
17.417582,17.427940,122,255,171,255,191,3,86,187,1,0,0,0,0,0,0,0
17.637363,17.645887,122,255,171,255,191,3,61,188,129,0,0,0,0,0,0,0
17.912088,17.919180,122,255,171,255,191,2,52,188,1,0,0,0,0,0,0,0
18.131868,18.136889,121,255,172,255,190,2,34,188,129,0,0,0,0,0,0,0
18.406593,18.406321,122,255,172,255,191,2,28,188,129,0,0,0,0,0,0,0
18.626373,18.626087,122,255,173,255,192,2,23,188,1,0,0,0,0,0,0,0
18.901098,18.896467,122,255,173,255,192,2,24,188,129,0,0,0,0,0,0,0
19.120878,19.114367,122,255,174,255,192,2,26,188,1,0,0,0,0,0,0,0
19.395605,19.392653,122,255,175,255,191,3,39,188,129,0,0,0,0,0,0,0
19.615385,19.608210,122,255,175,255,191,1,44,187,129,0,0,0,0,0,0,0
19.890110,19.879694,121,255,175,255,192,3,61,188,1,0,0,0,0,0,0,0
20.109890,20.123432,122,255,176,255,191,2,76,188,129,0,0,0,0,0,0,0
20.329670,20.343882,122,255,177,255,190,2,80,187,1,0,0,0,0,0,0,0
20.604395,20.616848,122,255,177,255,191,1,82,187,129,0,0,0,0,0,0,0
20.824175,20.832520,122,255,178,255,191,2,95,187,129,0,0,0,0,0,0,0
21.098902,21.105883,122,255,178,255,191,2,102,188,1,0,0,0,0,0,0,0
21.318682,21.328026,121,255,179,255,191,3,96,187,129,0,0,0,0,0,0,0
21.593407,21.599398,122,255,180,255,191,3,88,188,1,0,0,0,0,0,0,0
21.813187,21.818172,122,255,180,255,190,2,79,188,129,0,0,0,0,0,0,0
22.087912,22.087568,122,255,181,255,191,2,74,188,129,0,0,0,0,0,0,0
22.307692,22.305992,122,255,181,255,191,2,72,187,1,0,0,0,0,0,0,0
22.582418,22.575336,122,255,182,255,191,2,65,188,129,0,0,0,0,0,0,0
22.802198,22.813978,122,255,182,255,191,2,62,188,129,0,0,0,0,0,0,0
23.021978,23.032236,122,255,183,255,190,2,43,188,129,0,0,0,0,0,0,0
23.296703,23.304966,122,255,184,255,191,3,45,188,129,0,0,0,0,0,0,0
23.516483,23.522238,121,255,184,255,191,2,34,188,1,0,0,0,0,0,0,0
23.791208,23.794807,122,255,185,255,192,2,32,188,129,0,0,0,0,0,0,0
24.010988,24.008381,122,255,184,255,191,3,40,188,1,0,0,0,0,0,0,0
24.285715,24.279026,122,255,185,255,191,2,48,188,129,0,0,0,0,0,0,0
24.505495,24.497967,122,255,186,255,191,3,72,188,129,0,0,0,0,0,0,0
24.780220,24.773712,122,255,187,255,191,3,79,188,1,0,0,0,0,0,0,0
25.000000,24.993053,122,255,187,255,190,2,85,187,129,0,0,0,0,0,0,0
25.274725,25.267515,122,255,187,255,190,2,88,187,1,0,0,0,0,0,0,0
25.494505,25.486330,122,255,189,255,191,3,87,187,129,0,0,0,0,0,0,0
25.769230,25.763067,121,255,189,255,191,2,99,187,1,0,0,0,0,0,0,0
25.989012,25.980738,122,255,190,255,191,2,111,187,1,0,0,0,0,0,0,0
26.263737,26.253119,121,255,190,255,190,2,106,187,129,0,0,0,0,0,0,0
26.483517,26.471470,121,255,191,255,191,2,107,187,1,0,0,0,0,0,0,0
26.758242,26.746887,121,255,191,255,192,3,101,187,129,0,0,0,0,0,0,0
26.978022,26.965462,122,255,192,255,191,3,94,188,1,0,0,0,0,0,0,0
27.197802,27.206350,121,255,192,255,192,2,94,187,1,0,0,0,0,0,0,0
27.472527,27.479019,122,255,193,255,191,2,83,188,129,0,0,0,0,0,0,0
27.692308,27.695875,121,255,193,255,192,2,74,187,1,0,0,0,0,0,0,0
27.967033,27.969797,121,255,194,255,191,2,67,188,129,0,0,0,0,0,0,0
28.186813,28.185507,121,255,195,255,191,2,67,188,129,0,0,0,0,0,0,0
28.461538,28.462439,121,255,195,255,190,3,59,187,1,0,0,0,0,0,0,0
28.681318,28.677898,122,255,195,255,190,2,51,188,129,0,0,0,0,0,0,0
28.956043,28.953114,121,255,196,255,190,2,52,188,1,0,0,0,0,0,0,0
29.175825,29.168253,122,255,196,255,191,2,46,188,129,0,0,0,0,0,0,0
29.450550,29.445034,122,255,196,255,191,3,49,188,129,0,0,0,0,0,0,0
29.670330,29.666098,122,255,197,255,192,3,56,188,1,0,0,0,0,0,0,0
29.945055,29.940538,122,255,197,255,190,2,63,188,129,0,0,0,0,0,0,0
30.164835,30.158176,122,255,198,255,191,1,78,188,1,0,0,0,0,0,0,0
30.439560,30.431776,122,255,199,255,191,3,81,188,129,0,0,0,0,0,0,0
30.659340,30.651443,122,255,199,255,190,2,73,187,1,0,0,0,0,0,0,0
30.934067,30.920916,121,255,199,255,191,3,77,187,129,0,0,0,0,0,0,0
31.153847,31.139629,121,255,200,255,191,2,82,186,129,0,0,0,0,0,0,0
31.428572,31.414352,122,255,200,255,191,2,86,187,1,0,0,0,0,0,0,0
31.648352,31.658791,121,255,201,255,190,2,95,187,129,0,0,0,0,0,0,0
31.868132,31.873413,121,255,201,255,191,2,94,187,1,0,0,0,0,0,0,0
32.142857,32.143379,121,255,202,255,191,3,96,187,129,0,0,0,0,0,0,0
32.362637,32.357323,121,255,203,255,192,2,99,186,129,0,0,0,0,0,0,0
32.637363,32.628380,122,255,203,255,190,3,91,187,1,0,0,0,0,0,0,0
32.857143,32.847832,121,255,203,255,192,2,97,187,129,0,0,0,0,0,0,0
33.131866,33.124062,121,255,203,255,191,2,94,187,1,0,0,0,0,0,0,0
33.351650,33.341938,121,255,204,255,190,2,63,187,129,0,0,0,0,0,0,0
33.626373,33.617226,122,255,204,255,190,3,54,188,129,0,0,0,0,0,0,0
33.846153,33.836250,121,255,205,255,191,2,47,188,1,0,0,0,0,0,0,0
34.120880,34.106083,121,255,205,255,191,3,46,188,129,0,0,0,0,0,0,0
34.340660,34.349758,121,255,205,255,191,2,28,187,1,0,0,0,0,0,0,0
34.560440,34.567822,121,255,206,255,192,3,24,187,129,0,0,0,0,0,0,0
34.835163,34.838192,122,255,206,255,192,2,28,188,129,0,0,0,0,0,0,0
35.054947,35.056721,122,255,206,255,191,2,30,187,1,0,0,0,0,0,0,0
35.329670,35.330822,121,255,207,255,192,3,37,187,129,0,0,0,0,0,0,0
35.549450,35.549568,121,255,207,255,191,2,43,187,1,0,0,0,0,0,0,0
35.824177,35.824547,122,255,208,255,191,2,54,187,129,0,0,0,0,0,0,0
36.043957,36.043827,121,255,208,255,192,2,62,187,129,0,0,0,0,0,0,0
36.318680,36.317810,121,255,209,255,191,2,65,188,1,0,0,0,0,0,0,0
36.538460,36.534599,121,255,209,255,191,3,69,188,129,0,0,0,0,0,0,0
36.813187,36.805397,122,255,210,255,191,2,75,187,1,0,0,0,0,0,0,0
37.032967,37.022987,121,255,210,255,192,2,79,187,1,0,0,0,0,0,0,0
37.307693,37.294872,121,255,211,255,191,2,90,187,1,0,0,0,0,0,0,0
37.527473,37.515835,121,255,212,255,192,2,89,188,1,0,0,0,0,0,0,0
37.802197,37.787678,121,255,212,255,192,2,89,187,129,0,0,0,0,0,0,0
38.021976,38.010052,121,255,212,255,191,2,82,187,1,0,0,0,0,0,0,0
38.296703,38.285988,121,255,213,255,190,3,80,187,129,0,0,0,0,0,0,0
38.516483,38.504459,121,255,213,255,191,3,77,187,1,0,0,0,0,0,0,0
38.791210,38.773693,121,255,214,255,191,2,83,187,1,0,0,0,0,0,0,0
39.010990,39.014954,121,255,214,255,192,2,80,187,129,0,0,0,0,0,0,0
39.230770,39.236641,121,255,214,255,191,2,66,187,1,0,0,0,0,0,0,0
39.505493,39.510124,121,255,215,255,190,3,62,187,129,0,0,0,0,0,0,0
39.725273,39.726273,122,255,215,255,191,2,67,187,1,0,0,0,0,0,0,0
40.000000,39.999828,121,255,215,255,191,2,63,187,1,0,0,0,0,0,0,0
40.219780,40.216999,121,255,216,255,190,2,49,187,129,0,0,0,0,0,0,0
40.494507,40.491779,122,255,216,255,192,3,50,188,1,0,0,0,0,0,0,0
40.714287,40.710587,121,255,216,255,191,2,60,187,129,0,0,0,0,0,0,0
40.989010,40.980457,122,255,217,255,191,3,55,187,1,0,0,0,0,0,0,0
41.208790,41.201405,121,255,217,255,191,2,73,187,1,0,0,0,0,0,0,0
41.483517,41.471012,121,255,218,255,191,2,71,187,129,0,0,0,0,0,0,0
41.703297,41.691502,121,255,218,255,191,2,62,187,1,0,0,0,0,0,0,0
41.978024,41.965626,122,255,218,255,192,3,65,187,129,0,0,0,0,0,0,0
42.197803,42.181808,121,255,219,255,191,2,58,188,1,0,0,0,0,0,0,0
42.417583,42.425041,122,255,219,255,191,2,61,188,1,0,0,0,0,0,0,0
42.692307,42.697609,121,255,220,255,192,3,64,187,129,0,0,0,0,0,0,0
42.912086,42.917789,122,255,220,255,191,2,64,188,1,0,0,0,0,0,0,0
43.186813,43.189423,121,255,220,255,191,2,62,188,129,0,0,0,0,0,0,0
43.406593,43.406689,121,255,221,255,191,2,58,187,1,0,0,0,0,0,0,0
43.681320,43.682148,122,255,221,255,192,3,64,187,1,0,0,0,0,0,0,0
43.901100,43.902096,121,255,222,255,190,2,59,187,129,0,0,0,0,0,0,0
44.175823,44.174507,121,255,222,255,192,3,58,187,1,0,0,0,0,0,0,0
44.395603,44.392769,122,255,222,255,191,3,51,187,129,0,0,0,0,0,0,0
44.670330,44.661800,121,255,223,255,191,2,54,187,129,0,0,0,0,0,0,0
44.890110,44.877777,121,255,223,255,192,2,41,187,129,0,0,0,0,0,0,0
45.164837,45.151848,121,255,224,255,192,2,48,187,129,0,0,0,0,0,0,0
45.384617,45.369431,122,255,224,255,192,3,40,187,1,0,0,0,0,0,0,0
45.659340,45.643917,121,255,225,255,192,2,48,188,129,0,0,0,0,0,0,0
45.879120,45.862595,122,255,225,255,191,2,45,188,129,0,0,0,0,0,0,0
46.153847,46.136200,122,255,226,255,191,3,58,187,129,0,0,0,0,0,0,0
46.373627,46.356033,122,255,226,255,192,3,61,187,129,0,0,0,0,0,0,0
46.648350,46.629944,122,255,227,255,192,2,65,187,1,0,0,0,0,0,0,0
46.868134,46.873333,121,255,227,255,192,2,72,188,129,0,0,0,0,0,0,0
47.087914,47.093048,122,255,228,255,191,2,74,187,1,0,0,0,0,0,0,0
47.362637,47.367584,122,255,228,255,192,3,73,187,1,0,0,0,0,0,0,0
47.582417,47.586155,121,255,229,255,192,3,75,187,1,0,0,0,0,0,0,0
47.857143,47.854729,121,255,229,255,191,2,72,187,1,0,0,0,0,0,0,0
48.076923,48.071064,121,255,230,255,191,3,77,187,129,0,0,0,0,0,0,0
48.351650,48.345757,121,255,230,255,191,2,81,187,1,0,0,0,0,0,0,0
48.571430,48.561726,122,255,231,255,191,3,77,188,129,0,0,0,0,0,0,0
48.846153,48.836788,121,255,231,255,192,3,73,186,129,0,0,0,0,0,0,0
49.065933,49.056400,122,255,232,255,191,3,74,187,1,0,0,0,0,0,0,0
49.340660,49.331516,121,255,231,255,191,2,71,187,129,0,0,0,0,0,0,0
49.560440,49.546921,122,255,232,255,191,3,66,188,1,0,0,0,0,0,0,0
49.835163,49.822502,121,255,233,255,190,2,68,187,129,0,0,0,0,0,0,0
50.054947,50.039410,121,255,233,255,191,3,68,187,129,0,0,0,0,0,0,0
50.329670,50.314545,121,255,233,255,192,2,60,187,1,0,0,0,0,0,0,0
50.549450,50.534565,121,255,234,255,191,2,59,187,129,0,0,0,0,0,0,0
50.824177,50.805920,122,255,234,255,192,2,66,188,1,0,0,0,0,0,0,0
51.043957,51.022530,121,255,235,255,192,2,69,187,129,0,0,0,0,0,0,0
51.263737,51.261021,122,255,235,255,190,3,70,187,1,0,0,0,0,0,0,0
51.538460,51.531658,121,255,236,255,192,2,76,187,1,0,0,0,0,0,0,0
51.758244,51.752728,122,255,236,255,192,2,83,186,129,0,0,0,0,0,0,0
52.032967,52.026070,121,255,237,255,191,3,81,187,1,0,0,0,0,0,0,0
52.252747,52.243240,121,255,237,255,191,2,84,186,129,0,0,0,0,0,0,0
52.527473,52.516125,120,255,237,255,191,3,85,186,1,0,0,0,0,0,0,0
52.747253,52.735420,120,255,237,255,190,2,84,186,129,0,0,0,0,0,0,0
53.021976,53.009232,121,255,238,255,192,3,79,186,129,0,0,0,0,0,0,0
53.241756,53.225624,121,255,238,255,191,2,88,187,1,0,0,0,0,0,0,0
53.516483,53.503696,121,255,239,255,191,2,80,187,129,0,0,0,0,0,0,0
53.736263,53.720825,121,255,239,255,192,2,75,188,129,0,0,0,0,0,0,0
54.010990,53.993382,122,255,239,255,191,2,75,187,1,0,0,0,0,0,0,0
54.230770,54.212429,122,255,239,255,191,3,70,188,129,0,0,0,0,0,0,0
54.505493,54.487640,122,255,240,255,192,2,69,188,1,0,0,0,0,0,0,0
54.725273,54.704830,122,255,240,255,191,2,58,187,129,0,0,0,0,0,0,0
54.945053,54.948570,121,255,240,255,192,2,55,187,1,0,0,0,0,0,0,0
55.219780,55.220970,122,255,240,255,191,3,55,188,129,0,0,0,0,0,0,0
55.439560,55.441002,122,255,241,255,191,3,55,187,129,0,0,0,0,0,0,0
55.714287,55.713142,122,255,241,255,192,2,55,188,1,0,0,0,0,0,0,0
55.934067,55.931667,121,255,241,255,191,2,57,188,129,0,0,0,0,0,0,0
56.208790,56.203609,122,255,241,255,191,3,62,188,1,0,0,0,0,0,0,0
56.428570,56.421665,121,255,242,255,192,2,68,188,129,0,0,0,0,0,0,0
56.703297,56.691475,122,255,242,255,193,3,67,187,129,0,0,0,0,0,0,0
56.923077,56.910816,122,255,243,255,191,3,71,188,1,0,0,0,0,0,0,0
57.197803,57.181835,122,255,243,255,191,2,72,187,129,0,0,0,0,0,0,0
57.417583,57.404049,121,255,243,255,192,2,77,186,1,0,0,0,0,0,0,0
57.692307,57.675621,121,255,243,255,192,2,83,187,129,0,0,0,0,0,0,0
57.912086,57.890503,121,255,244,255,192,2,85,186,129,0,0,0,0,0,0,0
58.186813,58.164944,122,255,244,255,191,2,85,187,1,0,0,0,0,0,0,0
58.406593,58.386791,121,255,244,255,192,2,90,187,129,0,0,0,0,0,0,0
58.681320,58.662628,121,255,244,255,192,2,88,187,129,0,0,0,0,0,0,0
58.901100,58.877003,121,255,244,255,191,2,87,186,129,0,0,0,0,0,0,0
59.120880,59.118614,122,255,245,255,192,2,84,187,129,0,0,0,0,0,0,0
59.395603,59.387962,122,255,245,255,192,2,75,187,1,0,0,0,0,0,0,0
59.615383,59.602055,121,255,245,255,192,2,74,187,129,0,0,0,0,0,0,0
59.890110,59.876858,122,255,245,255,192,2,69,187,1,0,0,0,0,0,0,0
60.109890,60.097355,122,255,245,255,192,3,65,188,129,0,0,0,0,0,0,0
60.384617,60.371380,121,255,245,255,191,3,63,187,1,0,0,0,0,0,0,0
60.604397,60.590622,121,255,246,255,191,2,58,187,1,0,0,0,0,0,0,0
60.879120,60.864437,121,255,246,255,192,3,63,188,129,0,0,0,0,0,0,0
61.098900,61.082695,121,255,246,255,191,2,65,187,1,0,0,0,0,0,0,0
61.373627,61.354069,122,255,246,255,191,2,67,187,129,0,0,0,0,0,0,0
61.593407,61.573055,122,255,246,255,190,3,67,187,1,0,0,0,0,0,0,0
61.868134,61.845833,121,255,246,255,192,3,71,187,1,0,0,0,0,0,0,0
62.087914,62.066174,122,255,247,255,191,2,75,187,129,0,0,0,0,0,0,0
62.362637,62.336788,121,255,247,255,192,3,76,186,1,0,0,0,0,0,0,0
62.582417,62.557724,121,255,247,255,192,2,74,187,129,0,0,0,0,0,0,0
62.857143,62.837940,121,255,247,255,191,2,72,187,1,0,0,0,0,0,0,0
63.076923,63.054592,121,255,247,255,192,2,78,187,1,0,0,0,0,0,0,0
63.351650,63.325760,121,255,247,255,192,2,76,187,129,0,0,0,0,0,0,0
63.571430,63.545059,122,255,247,255,191,2,74,188,1,0,0,0,0,0,0,0
63.846153,63.820522,121,255,247,255,192,2,69,188,129,0,0,0,0,0,0,0
64.065933,64.039879,121,255,247,255,191,2,64,187,1,0,0,0,0,0,0,0
64.285713,64.283577,121,255,247,255,192,2,62,187,1,0,0,0,0,0,0,0
64.560440,64.560555,121,255,247,255,192,3,56,186,129,0,0,0,0,0,0,0
64.835167,64.808388,122,255,247,255,191,3,53,188,1,0,0,0,0,0,0,0
65.054947,65.052895,121,255,247,255,192,3,55,186,129,0,0,0,0,0,0,0
65.274727,65.269081,121,255,248,255,191,2,52,186,1,0,0,0,0,0,0,0
65.549454,65.542007,122,255,247,255,191,3,54,187,129,0,0,0,0,0,0,0
65.769234,65.760529,121,255,248,255,191,2,58,186,129,0,0,0,0,0,0,0
66.043953,66.031158,122,255,248,255,191,2,60,187,1,0,0,0,0,0,0,0
66.263733,66.252609,121,255,248,255,191,2,62,187,129,0,0,0,0,0,0,0
66.538460,66.525536,121,255,247,255,191,2,62,186,1,0,0,0,0,0,0,0
66.758240,66.743843,122,255,248,255,192,3,65,187,129,0,0,0,0,0,0,0
67.032967,67.014854,121,255,248,255,192,3,67,186,129,0,0,0,0,0,0,0
67.252747,67.234566,122,255,248,255,191,3,73,187,1,0,0,0,0,0,0,0
67.527473,67.509468,121,255,248,255,192,2,75,186,129,0,0,0,0,0,0,0
67.747253,67.728149,121,255,248,255,191,3,78,186,1,0,0,0,0,0,0,0
68.021980,68.000038,121,255,248,255,191,3,72,187,129,0,0,0,0,0,0,0
68.241760,68.221519,121,255,248,255,192,2,76,187,129,0,0,0,0,0,0,0
68.516487,68.492271,121,255,248,255,192,2,76,187,1,0,0,0,0,0,0,0
68.736267,68.733986,121,255,248,255,192,2,70,186,129,0,0,0,0,0,0,0
68.956047,68.949913,121,255,248,255,191,2,67,186,1,0,0,0,0,0,0,0
69.230766,69.225487,121,255,248,255,191,2,64,187,129,0,0,0,0,0,0,0
69.450546,69.444427,121,255,248,255,192,2,66,186,129,0,0,0,0,0,0,0
69.725273,69.719444,121,255,248,255,191,2,56,187,1,0,0,0,0,0,0,0
69.945053,69.935616,121,255,248,255,192,2,60,187,129,0,0,0,0,0,0,0
70.219780,70.209213,121,255,248,255,191,3,55,187,1,0,0,0,0,0,0,0
70.439560,70.427589,121,255,248,255,192,2,64,187,129,0,0,0,0,0,0,0
70.714287,70.699692,121,255,248,255,191,2,56,186,129,0,0,0,0,0,0,0
70.934067,70.922775,121,255,248,255,191,2,55,187,1,0,0,0,0,0,0,0
71.208794,71.196495,121,255,247,255,191,3,57,185,129,0,0,0,0,0,0,0
71.428574,71.415848,121,255,248,255,192,3,60,186,1,0,0,0,0,0,0,0
71.703300,71.688881,121,255,248,255,191,2,59,187,129,0,0,0,0,0,0,0
71.923080,71.911041,121,255,248,255,191,2,60,187,129,0,0,0,0,0,0,0
72.197800,72.183502,121,255,248,255,191,3,65,186,1,0,0,0,0,0,0,0
72.417580,72.400826,121,255,248,255,191,2,68,187,129,0,0,0,0,0,0,0
72.692307,72.676979,121,255,247,255,191,3,63,187,1,0,0,0,0,0,0,0
72.912086,72.897629,121,255,248,255,191,2,61,187,1,0,0,0,0,0,0,0
73.186813,73.172798,121,255,247,255,191,1,62,187,129,0,0,0,0,0,0,0
73.406593,73.390358,121,255,247,255,192,3,65,187,1,0,0,0,0,0,0,0
73.681320,73.661804,121,255,248,255,191,2,64,186,129,0,0,0,0,0,0,0
73.901100,73.881004,121,255,247,255,191,3,60,186,1,0,0,0,0,0,0,0
74.175827,74.151382,122,255,247,255,192,2,59,185,129,0,0,0,0,0,0,0
74.395607,74.371208,121,255,247,255,191,2,56,187,1,0,0,0,0,0,0,0
74.670326,74.645645,121,255,247,255,191,3,53,187,1,0,0,0,0,0,0,0
74.890106,74.865463,121,255,247,255,192,2,50,187,129,0,0,0,0,0,0,0
75.164833,75.139175,121,255,247,255,192,2,51,186,1,0,0,0,0,0,0,0
75.384613,75.359459,120,255,246,255,192,3,49,186,129,0,0,0,0,0,0,0
75.659340,75.631470,121,255,247,255,192,2,48,186,129,0,0,0,0,0,0,0
75.879120,75.850807,121,255,247,255,192,2,44,186,1,0,0,0,0,0,0,0
76.153847,76.126236,122,255,246,255,192,3,41,188,129,0,0,0,0,0,0,0
76.373627,76.346680,121,255,247,255,192,2,44,187,1,0,0,0,0,0,0,0
76.648354,76.618286,121,255,246,255,191,2,44,186,129,0,0,0,0,0,0,0
76.868134,76.863197,121,255,246,255,191,2,44,187,1,0,0,0,0,0,0,0
77.087914,77.078133,121,255,246,255,192,3,47,186,1,0,0,0,0,0,0,0
77.362640,77.352791,122,255,246,255,192,2,52,186,129,0,0,0,0,0,0,0
77.582420,77.567818,121,255,246,255,192,2,48,187,1,0,0,0,0,0,0,0
77.857140,77.845016,121,255,246,255,192,2,54,187,129,0,0,0,0,0,0,0
78.076920,78.064056,121,255,246,255,192,2,57,186,1,0,0,0,0,0,0,0
78.351646,78.334381,121,255,246,255,191,3,54,187,129,0,0,0,0,0,0,0
78.571426,78.553558,121,255,246,255,192,1,54,186,129,0,0,0,0,0,0,0
78.846153,78.826668,121,255,245,255,192,2,51,186,1,0,0,0,0,0,0,0
79.065933,79.047615,121,255,245,255,192,2,58,187,129,0,0,0,0,0,0,0
79.340660,79.318741,121,255,245,255,192,3,51,185,1,0,0,0,0,0,0,0
79.560440,79.535912,121,255,245,255,192,3,47,186,129,0,0,0,0,0,0,0
79.835167,79.811028,122,255,245,255,191,2,48,186,129,0,0,0,0,0,0,0
80.054947,80.030533,121,255,245,255,192,2,45,186,1,0,0,0,0,0,0,0
80.329674,80.302475,122,255,245,255,192,2,48,187,1,0,0,0,0,0,0,0
80.549454,80.522041,121,255,245,255,192,2,49,187,1,0,0,0,0,0,0,0
80.824173,80.793137,121,255,245,255,192,3,42,187,129,0,0,0,0,0,0,0
81.043953,81.015564,121,255,245,255,192,3,43,187,1,0,0,0,0,0,0,0
81.318680,81.289841,121,255,245,255,190,3,45,186,1,0,0,0,0,0,0,0
81.538460,81.506599,121,255,245,255,191,2,43,187,129,0,0,0,0,0,0,0
81.813187,81.780785,121,255,245,255,193,2,48,187,1,0,0,0,0,0,0,0
82.032967,81.999825,122,255,245,255,191,2,46,186,129,0,0,0,0,0,0,0
82.252747,82.245079,121,255,245,255,191,2,46,188,1,0,0,0,0,0,0,0
82.527473,82.517540,121,255,244,255,191,2,49,186,1,0,0,0,0,0,0,0
82.747253,82.737839,121,255,244,255,191,3,52,187,129,0,0,0,0,0,0,0
83.021980,83.012726,121,255,244,255,192,2,54,187,1,0,0,0,0,0,0,0
83.241760,83.229790,121,255,244,255,191,2,53,186,129,0,0,0,0,0,0,0
83.516487,83.507805,121,255,244,255,192,3,50,186,1,0,0,0,0,0,0,0
83.736267,83.726135,121,255,244,255,192,2,51,187,1,0,0,0,0,0,0,0
84.010986,83.995834,121,255,244,255,192,2,50,186,129,0,0,0,0,0,0,0
84.230766,84.215355,121,255,244,255,192,2,47,187,1,0,0,0,0,0,0,0
84.505493,84.490311,120,255,244,255,192,2,48,185,129,0,0,0,0,0,0,0
84.725273,84.709190,121,255,244,255,191,2,46,186,1,0,0,0,0,0,0,0
85.000000,84.985207,122,255,244,255,192,2,45,187,1,0,0,0,0,0,0,0
85.219780,85.203972,121,255,244,255,192,2,40,187,129,0,0,0,0,0,0,0
85.494507,85.477158,120,255,244,255,192,2,47,186,1,0,0,0,0,0,0,0
85.714287,85.689598,121,255,244,255,193,3,44,187,129,0,0,0,0,0,0,0
85.989014,85.959717,121,255,243,255,191,3,46,187,1,0,0,0,0,0,0,0
86.208794,86.178917,121,255,243,255,192,2,40,187,129,0,0,0,0,0,0,0
86.483513,86.453720,121,255,243,255,192,3,41,188,129,0,0,0,0,0,0,0
86.703300,86.671410,121,255,243,255,191,2,47,186,1,0,0,0,0,0,0,0
86.978020,86.944702,121,255,243,255,192,3,44,187,129,0,0,0,0,0,0,0
87.197800,87.163033,121,255,243,255,191,3,48,185,1,0,0,0,0,0,0,0
87.417580,87.406975,121,255,243,255,192,2,41,187,129,0,0,0,0,0,0,0
87.692307,87.678909,121,255,243,255,192,2,47,187,129,0,0,0,0,0,0,0
87.912086,87.897484,121,255,243,255,191,3,54,187,1,0,0,0,0,0,0,0
88.186813,88.174484,121,255,243,255,191,3,48,188,129,0,0,0,0,0,0,0
88.406593,88.393982,121,255,242,255,192,3,52,187,1,0,0,0,0,0,0,0
88.681320,88.662918,121,255,243,255,192,2,41,186,1,0,0,0,0,0,0,0
88.901100,88.882614,122,255,242,255,192,2,43,188,129,0,0,0,0,0,0,0
89.175827,89.156708,121,255,242,255,192,2,46,186,1,0,0,0,0,0,0,0
89.395607,89.375008,121,255,242,255,192,3,46,188,129,0,0,0,0,0,0,0
89.670326,89.646637,121,255,242,255,191,2,49,187,1,0,0,0,0,0,0,0
89.890106,89.863708,121,255,242,255,191,2,41,186,129,0,0,0,0,0,0,0
90.164833,90.138023,122,255,242,255,192,2,42,186,129,0,0,0,0,0,0,0
90.384613,90.354637,120,255,242,255,192,2,39,187,1,0,0,0,0,0,0,0
90.659340,90.627617,121,255,242,255,192,3,46,186,129,0,0,0,0,0,0,0
90.879120,90.848167,121,255,242,255,192,2,43,186,129,0,0,0,0,0,0,0
91.153847,91.121712,121,255,242,255,192,2,42,186,129,0,0,0,0,0,0,0
91.373627,91.362244,121,255,242,255,192,2,42,187,129,0,0,0,0,0,0,0
91.593407,91.578476,121,255,241,255,192,2,44,187,1,0,0,0,0,0,0,0
91.868134,91.856506,121,255,242,255,192,2,42,186,129,0,0,0,0,0,0,0
92.087914,92.076576,121,255,241,255,191,3,51,186,1,0,0,0,0,0,0,0
92.362640,92.348625,121,255,241,255,191,2,41,187,129,0,0,0,0,0,0,0
92.582420,92.562057,121,255,241,255,192,2,48,186,129,0,0,0,0,0,0,0
92.857140,92.834930,121,255,241,255,192,3,43,186,1,0,0,0,0,0,0,0
93.076920,93.054489,120,255,241,255,191,2,48,185,129,0,0,0,0,0,0,0
93.351646,93.329391,120,255,241,255,192,2,38,186,1,0,0,0,0,0,0,0
93.571426,93.549599,121,255,241,255,192,2,40,186,129,0,0,0,0,0,0,0
93.846153,93.821732,121,255,240,255,192,2,42,186,1,0,0,0,0,0,0,0
94.065933,94.042854,120,255,240,255,191,2,39,186,1,0,0,0,0,0,0,0
94.340660,94.317390,120,255,240,255,192,2,39,185,129,0,0,0,0,0,0,0
94.560440,94.536407,121,255,240,255,192,2,39,185,1,0,0,0,0,0,0,0
94.835167,94.809464,120,255,240,255,191,2,41,186,129,0,0,0,0,0,0,0
95.054947,95.032196,120,255,240,255,191,2,40,185,1,0,0,0,0,0,0,0
95.329674,95.300819,120,255,240,255,191,2,40,185,1,0,0,0,0,0,0,0
95.549454,95.523544,119,255,240,255,191,2,36,184,129,0,0,0,0,0,0,0
95.824173,95.793831,119,255,240,255,192,2,41,184,1,0,0,0,0,0,0,0
96.043953,96.013023,119,255,240,255,192,2,44,182,129,0,0,0,0,0,0,0
96.318680,96.289642,118,255,240,255,193,2,48,181,1,0,0,0,0,0,0,0
96.538460,96.505051,116,255,240,255,192,2,47,179,129,0,0,0,0,0,0,0
96.813187,96.779846,116,255,240,255,192,2,48,178,129,0,0,0,0,0,0,0
97.032967,97.003044,115,255,240,255,192,2,49,178,1,0,0,0,0,0,0,0
97.307693,97.275459,115,255,239,255,191,1,49,177,129,0,0,0,0,0,0,0
97.527473,97.495392,116,255,239,255,191,3,51,178,1,0,0,0,0,0,0,0
97.802200,97.768105,115,255,239,255,191,2,49,178,1,0,0,0,0,0,0,0
98.021980,97.989227,116,255,239,255,191,2,48,178,1,0,0,0,0,0,0,0
98.296700,98.263138,115,255,239,255,191,2,47,178,1,0,0,0,0,0,0,0
98.516487,98.484558,116,255,239,255,192,2,48,178,129,0,0,0,0,0,0,0
98.791206,98.757080,116,255,239,255,191,2,47,178,1,0,0,0,0,0,0,0
99.010986,98.972435,115,255,239,255,191,1,40,178,129,0,0,0,0,0,0,0
99.230766,99.216393,115,255,238,255,192,2,40,178,129,0,0,0,0,0,0,0
99.505493,99.486824,115,255,238,255,191,2,35,178,1,0,0,0,0,0,0,0
99.725273,99.707672,115,255,239,255,190,1,39,178,129,0,0,0,0,0,0,0
100.000000,99.977539,115,255,238,255,190,2,33,177,1,0,0,0,0,0,0,0
100.219780,100.197632,115,255,238,255,191,1,31,177,129,0,0,0,0,0,0,0
100.494507,100.468018,115,255,238,255,191,1,38,177,1,0,0,0,0,0,0,0
100.714287,100.688576,115,255,238,255,191,2,35,177,1,0,0,0,0,0,0,0
100.989014,100.957390,115,255,238,255,191,2,30,177,129,0,0,0,0,0,0,0
101.208794,101.176376,115,255,238,255,191,2,30,177,129,0,0,0,0,0,0,0
101.483513,101.452736,115,255,238,255,190,2,36,177,129,0,0,0,0,0,0,0
101.703300,101.672935,115,255,238,255,191,2,35,176,1,0,0,0,0,0,0,0
101.978020,101.942581,114,255,238,255,191,2,36,176,1,0,0,0,0,0,0,0
102.197800,102.164497,114,255,238,255,190,2,36,177,129,0,0,0,0,0,0,0
102.472527,102.436829,115,255,238,255,190,2,40,177,1,0,0,0,0,0,0,0
102.692307,102.656303,115,255,238,255,191,1,40,176,129,0,0,0,0,0,0,0
102.967033,102.926781,114,255,237,255,191,2,39,176,1,0,0,0,0,0,0,0
103.186813,103.150200,114,255,238,255,191,1,42,176,129,0,0,0,0,0,0,0
103.461540,103.424057,115,255,237,255,190,2,43,176,129,0,0,0,0,0,0,0
103.681320,103.643768,115,255,237,255,190,2,41,176,1,0,0,0,0,0,0,0
103.956047,103.918358,114,255,238,255,190,2,46,176,129,0,0,0,0,0,0,0
104.175827,104.138023,115,255,237,255,191,1,44,176,1,0,0,0,0,0,0,0
104.450546,104.411583,114,255,238,255,190,2,42,176,129,0,0,0,0,0,0,0
104.670326,104.630150,114,255,238,255,191,2,43,176,129,0,0,0,0,0,0,0
104.945053,104.905525,115,255,237,255,190,1,41,176,1,0,0,0,0,0,0,0
105.164833,105.124619,114,255,237,255,190,1,37,176,129,0,0,0,0,0,0,0
105.384613,105.367744,114,255,237,255,190,2,41,176,1,0,0,0,0,0,0,0
105.659340,105.641556,114,255,237,255,191,2,38,176,129,0,0,0,0,0,0,0
105.879120,105.858780,114,255,237,255,191,1,38,175,129,0,0,0,0,0,0,0
106.153847,106.134567,114,255,237,255,190,2,39,176,1,0,0,0,0,0,0,0
106.373627,106.353821,114,255,237,255,190,2,43,176,129,0,0,0,0,0,0,0
106.648354,106.624565,114,255,237,255,191,1,44,176,1,0,0,0,0,0,0,0
106.868134,106.843208,114,255,237,255,191,1,44,176,1,0,0,0,0,0,0,0
107.142860,107.114983,114,255,237,255,189,2,50,176,129,0,0,0,0,0,0,0
107.362640,107.335419,114,255,237,255,190,2,46,176,1,0,0,0,0,0,0,0
107.637360,107.607780,114,255,237,255,190,2,44,176,129,0,0,0,0,0,0,0
107.857140,107.827019,114,255,237,255,191,2,46,176,129,0,0,0,0,0,0,0
108.131866,108.100677,114,255,237,255,189,3,47,176,129,0,0,0,0,0,0,0
108.351646,108.315979,114,255,237,255,190,2,44,176,129,0,0,0,0,0,0,0
108.626373,108.586311,114,255,237,255,190,2,48,176,1,0,0,0,0,0,0,0
108.846153,108.827972,114,255,237,255,189,2,43,176,129,0,0,0,0,0,0,0
109.065933,109.045769,114,255,237,255,189,2,42,176,1,0,0,0,0,0,0,0
109.340660,109.323120,114,255,237,255,189,2,43,176,129,0,0,0,0,0,0,0
109.560440,109.543701,114,255,237,255,190,2,44,176,1,0,0,0,0,0,0,0
109.835167,109.811974,114,255,237,255,190,2,41,175,1,0,0,0,0,0,0,0
110.054947,110.028885,114,255,237,255,189,2,38,176,129,0,0,0,0,0,0,0
110.329674,110.300575,114,255,237,255,189,2,42,176,1,0,0,0,0,0,0,0
110.549454,110.525818,114,255,237,255,190,1,42,176,129,0,0,0,0,0,0,0
110.824173,110.795036,115,255,237,255,189,2,43,176,1,0,0,0,0,0,0,0
111.043953,111.009033,114,255,236,255,189,2,39,176,1,0,0,0,0,0,0,0
111.318680,111.285538,114,255,237,255,189,2,42,176,129,0,0,0,0,0,0,0
111.538460,111.501320,114,255,236,255,189,2,39,176,1,0,0,0,0,0,0,0
111.813187,111.771957,114,255,236,255,189,3,41,176,129,0,0,0,0,0,0,0
112.032967,112.013016,115,255,236,255,189,2,48,177,1,0,0,0,0,0,0,0
112.252747,112.232658,115,255,236,255,188,2,47,177,1,0,0,0,0,0,0,0
112.527473,112.505898,115,255,236,255,188,1,46,178,129,0,0,0,0,0,0,0
112.747253,112.723907,115,255,237,255,189,2,43,177,1,0,0,0,0,0,0,0
113.021980,112.996056,115,255,237,255,190,2,47,178,129,0,0,0,0,0,0,0
113.241760,113.215981,116,255,236,255,189,2,46,178,1,0,0,0,0,0,0,0
113.516487,113.489685,115,255,237,255,190,2,46,178,1,0,0,0,0,0,0,0
113.736267,113.711769,116,255,237,255,190,2,43,178,129,0,0,0,0,0,0,0
114.010986,113.983215,116,255,237,255,189,2,42,178,1,0,0,0,0,0,0,0
114.230766,114.201881,116,255,237,255,189,2,41,179,129,0,0,0,0,0,0,0
114.505493,114.470718,116,255,237,255,189,2,41,179,129,0,0,0,0,0,0,0
114.725273,114.687988,116,255,237,255,190,2,35,179,1,0,0,0,0,0,0,0
115.000000,114.961700,116,255,237,255,189,2,42,179,129,0,0,0,0,0,0,0
115.219780,115.181206,116,255,237,255,190,2,37,179,1,0,0,0,0,0,0,0
115.494507,115.456429,116,255,237,255,189,2,37,180,129,0,0,0,0,0,0,0
115.714287,115.673958,117,255,237,255,190,2,37,180,1,0,0,0,0,0,0,0
115.989014,115.949097,117,255,237,255,190,2,42,180,129,0,0,0,0,0,0,0
116.208794,116.166084,117,255,236,255,190,2,40,180,129,0,0,0,0,0,0,0
116.483513,116.442192,118,255,237,255,189,2,37,181,129,0,0,0,0,0,0,0
116.703300,116.659370,118,255,237,255,189,2,36,181,129,0,0,0,0,0,0,0
116.923080,116.904510,118,255,237,255,190,3,38,184,1,0,0,0,0,0,0,0
117.197800,117.175674,120,255,237,255,190,3,39,185,129,0,0,0,0,0,0,0
117.417580,117.394051,120,255,237,255,189,2,39,185,129,0,0,0,0,0,0,0
117.692307,117.664055,121,255,237,255,190,2,40,187,1,0,0,0,0,0,0,0
117.912086,117.882935,121,255,237,255,189,3,41,186,129,0,0,0,0,0,0,0
118.186813,118.156914,121,255,237,255,189,3,41,187,129,0,0,0,0,0,0,0
118.406593,118.374962,121,255,237,255,188,2,37,187,129,0,0,0,0,0,0,0
118.681320,118.648994,121,255,237,255,189,2,37,188,129,0,0,0,0,0,0,0
118.901100,118.868225,122,255,237,255,189,2,37,187,1,0,0,0,0,0,0,0
119.175827,119.140739,121,255,237,255,190,3,31,187,129,0,0,0,0,0,0,0
119.395607,119.357704,121,255,237,255,189,2,32,188,1,0,0,0,0,0,0,0
119.670326,119.634323,122,255,237,255,189,2,32,187,129,0,0,0,0,0,0,0
119.890106,119.853836,121,255,237,255,189,2,29,187,1,0,0,0,0,0,0,0
120.164833,120.124168,122,255,237,255,190,2,32,187,1,0,0,0,0,0,0,0
120.384613,120.342537,121,255,238,255,190,3,34,186,129,0,0,0,0,0,0,0
120.659340,120.617805,121,255,238,255,190,2,39,187,1,0,0,0,0,0,0,0
120.879120,120.835434,122,255,238,255,189,2,34,187,129,0,0,0,0,0,0,0
121.153847,121.112686,121,255,237,255,189,2,32,187,1,0,0,0,0,0,0,0
121.373627,121.333031,122,255,238,255,190,3,42,186,1,0,0,0,0,0,0,0
121.648354,121.603851,121,255,238,255,190,2,47,187,129,0,0,0,0,0,0,0
121.868134,121.821846,121,255,238,255,190,2,46,187,1,0,0,0,0,0,0,0
122.087914,122.066818,121,255,239,255,190,2,53,187,129,0,0,0,0,0,0,0
122.362640,122.339806,121,255,239,255,189,2,61,188,1,0,0,0,0,0,0,0
122.582420,122.554581,121,255,239,255,190,2,60,187,1,0,0,0,0,0,0,0
122.857140,122.823143,121,255,239,255,189,2,61,187,129,0,0,0,0,0,0,0
123.076920,123.039116,121,255,239,255,189,3,58,187,1,0,0,0,0,0,0,0
123.351646,123.315788,121,255,239,255,190,3,61,187,129,0,0,0,0,0,0,0
123.571426,123.534889,121,255,239,255,190,2,57,187,1,0,0,0,0,0,0,0
123.846153,123.804176,121,255,239,255,189,2,54,187,1,0,0,0,0,0,0,0
124.065933,124.023315,122,255,239,255,189,3,48,188,129,0,0,0,0,0,0,0
124.340660,124.298775,122,255,239,255,190,3,46,187,1,0,0,0,0,0,0,0
124.560440,124.517471,121,255,239,255,189,2,39,187,129,0,0,0,0,0,0,0
124.835167,124.790771,121,255,239,255,189,2,42,187,1,0,0,0,0,0,0,0
125.054947,125.008247,121,255,239,255,189,3,37,188,129,0,0,0,0,0,0,0
125.329674,125.282547,121,255,239,255,189,2,36,187,129,0,0,0,0,0,0,0
125.549454,125.501831,122,255,239,255,189,3,32,188,1,0,0,0,0,0,0,0
125.769234,125.744118,122,255,239,255,189,2,32,188,1,0,0,0,0,0,0,0
126.043953,126.020737,122,255,239,255,189,2,32,188,1,0,0,0,0,0,0,0
126.263733,126.234322,121,255,240,255,189,3,39,187,129,0,0,0,0,0,0,0
126.538460,126.510536,122,255,240,255,189,2,40,188,129,0,0,0,0,0,0,0
126.758240,126.727539,121,255,240,255,189,3,40,188,1,0,0,0,0,0,0,0
127.032967,127.001091,122,255,240,255,190,2,39,188,129,0,0,0,0,0,0,0
127.252747,127.221123,121,255,240,255,190,3,35,187,1,0,0,0,0,0,0,0
127.527473,127.494270,121,255,240,255,190,2,38,188,1,0,0,0,0,0,0,0
127.747253,127.713829,122,255,240,255,189,2,47,187,1,0,0,0,0,0,0,0
128.021973,127.987320,121,255,240,255,190,2,54,187,1,0,0,0,0,0,0,0
128.241760,128.201889,121,255,241,255,189,2,58,188,129,0,0,0,0,0,0,0
128.516479,128.474716,122,255,241,255,189,2,59,187,1,0,0,0,0,0,0,0
128.736267,128.689545,121,255,241,255,191,2,51,187,1,0,0,0,0,0,0,0
128.956039,128.930695,122,255,241,255,189,3,55,188,129,0,0,0,0,0,0,0
129.230774,129.207687,121,255,241,255,189,2,53,187,1,0,0,0,0,0,0,0
129.450546,129.426773,121,255,241,255,189,3,45,188,129,0,0,0,0,0,0,0
129.725281,129.701538,122,255,241,255,189,2,48,188,1,0,0,0,0,0,0,0
129.945053,129.918335,121,255,241,255,189,3,50,187,129,0,0,0,0,0,0,0
130.219788,130.191483,122,255,241,255,189,2,50,188,1,0,0,0,0,0,0,0
130.439560,130.410660,122,255,241,255,190,2,48,187,1,0,0,0,0,0,0,0
130.714279,130.688171,122,255,241,255,189,2,43,188,129,0,0,0,0,0,0,0
130.934067,130.904556,122,255,242,255,188,3,34,188,1,0,0,0,0,0,0,0
131.208786,131.183502,122,255,242,255,189,2,38,187,129,0,0,0,0,0,0,0
131.428574,131.401581,122,255,242,255,189,2,38,187,129,0,0,0,0,0,0,0
131.703293,131.672211,121,255,242,255,189,3,43,188,1,0,0,0,0,0,0,0
131.923080,131.890869,122,255,242,255,189,3,47,188,129,0,0,0,0,0,0,0
132.197800,132.167297,121,255,242,255,190,2,40,188,1,0,0,0,0,0,0,0
132.417587,132.383713,121,255,243,255,190,2,42,188,1,0,0,0,0,0,0,0
132.692307,132.652725,121,255,243,255,189,2,52,187,129,0,0,0,0,0,0,0
132.912094,132.872818,121,255,242,255,189,2,62,186,1,0,0,0,0,0,0,0
133.186813,133.144806,121,255,243,255,189,3,63,187,129,0,0,0,0,0,0,0
133.406601,133.368378,122,255,243,255,189,2,67,187,1,0,0,0,0,0,0,0
133.681320,133.638138,122,255,243,255,189,1,64,187,129,0,0,0,0,0,0,0
133.901093,133.858780,122,255,243,255,189,3,68,187,129,0,0,0,0,0,0,0
134.175827,134.134399,121,255,243,255,190,3,70,187,1,0,0,0,0,0,0,0
134.395599,134.351059,121,255,243,255,190,2,66,187,129,0,0,0,0,0,0,0
134.670334,134.621292,121,255,243,255,189,3,64,186,1,0,0,0,0,0,0,0
134.890106,134.842453,121,255,243,255,189,2,62,187,129,0,0,0,0,0,0,0
135.109894,135.084122,121,255,243,255,189,3,60,188,129,0,0,0,0,0,0,0
135.384613,135.357224,121,255,244,255,189,3,54,187,1,0,0,0,0,0,0,0
135.604401,135.575058,121,255,243,255,189,2,58,187,129,0,0,0,0,0,0,0
135.879120,135.848450,121,255,244,255,190,3,56,187,1,0,0,0,0,0,0,0
136.098907,136.067398,122,255,244,255,190,3,48,188,129,0,0,0,0,0,0,0
136.373627,136.339493,121,255,244,255,189,1,46,187,1,0,0,0,0,0,0,0
136.593399,136.559311,121,255,244,255,189,3,47,187,1,0,0,0,0,0,0,0
136.868134,136.832703,121,255,244,255,189,3,51,187,129,0,0,0,0,0,0,0
137.087906,137.049423,122,255,244,255,189,2,57,187,1,0,0,0,0,0,0,0
137.362640,137.324707,121,255,244,255,189,3,60,187,129,0,0,0,0,0,0,0
137.582413,137.544418,122,255,244,255,190,2,62,188,129,0,0,0,0,0,0,0
137.857147,137.815445,121,255,244,255,189,2,59,187,1,0,0,0,0,0,0,0
138.076920,138.034393,121,255,244,255,189,2,70,187,129,0,0,0,0,0,0,0
138.351654,138.306076,122,255,244,255,189,2,68,187,1,0,0,0,0,0,0,0
138.571426,138.525009,121,255,244,255,191,2,69,187,129,0,0,0,0,0,0,0
138.846161,138.797791,122,255,244,255,189,2,68,187,129,0,0,0,0,0,0,0
139.065933,139.015182,121,255,244,255,189,2,67,187,1,0,0,0,0,0,0,0
139.285721,139.255066,121,255,244,255,190,2,66,187,129,0,0,0,0,0,0,0
139.560440,139.530548,122,255,244,255,189,2,59,188,1,0,0,0,0,0,0,0
139.780212,139.749786,122,255,244,255,189,2,56,187,129,0,0,0,0,0,0,0
140.054947,140.025421,121,255,244,255,190,2,50,187,1,0,0,0,0,0,0,0
140.274719,140.238327,122,255,244,255,190,2,55,187,1,0,0,0,0,0,0,0
140.549454,140.513962,122,255,244,255,189,3,51,188,129,0,0,0,0,0,0,0
140.769226,140.730453,122,255,244,255,190,3,39,187,1,0,0,0,0,0,0,0
141.043961,141.002502,121,255,244,255,189,3,39,187,1,0,0,0,0,0,0,0
141.263733,141.221283,122,255,244,255,189,3,36,187,1,0,0,0,0,0,0,0
141.538467,141.496750,122,255,244,255,191,2,36,188,129,0,0,0,0,0,0,0
141.758240,141.720428,121,255,244,255,190,2,40,188,129,0,0,0,0,0,0,0
142.032974,141.992355,121,255,244,255,189,2,45,187,1,0,0,0,0,0,0,0
142.252747,142.208038,121,255,244,255,189,2,38,187,129,0,0,0,0,0,0,0
142.527466,142.482834,122,255,244,255,189,3,48,188,1,0,0,0,0,0,0,0
142.747253,142.700882,122,255,244,255,190,3,53,188,1,0,0,0,0,0,0,0
143.021973,142.975006,122,255,245,255,189,3,58,188,129,0,0,0,0,0,0,0
143.241760,143.190826,121,255,245,255,190,2,63,187,1,0,0,0,0,0,0,0
143.516479,143.468277,121,255,245,255,189,3,70,187,129,0,0,0,0,0,0,0
143.736267,143.688202,121,255,244,255,189,3,68,187,1,0,0,0,0,0,0,0
144.010986,143.962433,121,255,245,255,190,3,64,187,129,0,0,0,0,0,0,0
144.230774,144.201248,121,255,245,255,189,3,63,187,129,0,0,0,0,0,0,0
144.450546,144.421371,121,255,245,255,190,2,60,187,1,0,0,0,0,0,0,0
144.725281,144.693680,122,255,245,255,189,2,57,188,129,0,0,0,0,0,0,0
144.945053,144.915222,121,255,245,255,189,3,55,187,1,0,0,0,0,0,0,0
145.219788,145.187317,121,255,245,255,189,3,51,187,129,0,0,0,0,0,0,0
145.439560,145.406891,121,255,245,255,188,2,54,187,129,0,0,0,0,0,0,0
145.714279,145.679291,122,255,245,255,189,3,52,187,1,0,0,0,0,0,0,0
145.934067,145.899002,122,255,245,255,190,3,52,188,129,0,0,0,0,0,0,0
146.208786,146.171356,121,255,245,255,189,2,57,187,1,0,0,0,0,0,0,0
146.428574,146.391174,122,255,245,255,191,3,54,187,129,0,0,0,0,0,0,0
146.703293,146.664001,122,255,245,255,189,2,55,187,1,0,0,0,0,0,0,0
146.923080,146.881332,121,255,245,255,191,2,57,187,1,0,0,0,0,0,0,0
147.197800,147.150055,122,255,245,255,191,2,62,188,129,0,0,0,0,0,0,0
147.417587,147.370605,121,255,245,255,191,2,62,188,129,0,0,0,0,0,0,0
147.692307,147.644623,121,255,245,255,189,2,68,187,1,0,0,0,0,0,0,0
147.912094,147.864334,122,255,245,255,189,2,72,187,1,0,0,0,0,0,0,0
148.186813,148.132538,122,255,246,255,190,2,75,187,1,0,0,0,0,0,0,0
148.406601,148.351105,121,255,245,255,190,2,67,187,129,0,0,0,0,0,0,0
148.626373,148.596481,121,255,245,255,190,2,65,187,1,0,0,0,0,0,0,0
148.901093,148.868103,122,255,246,255,189,2,64,188,129,0,0,0,0,0,0,0
149.120880,149.086105,122,255,246,255,190,2,54,187,1,0,0,0,0,0,0,0
149.395599,149.353836,121,255,246,255,189,3,63,187,1,0,0,0,0,0,0,0
149.615387,149.579742,121,255,246,255,189,2,56,188,129,0,0,0,0,0,0,0
149.890106,149.856827,122,255,246,255,189,3,54,188,1,0,0,0,0,0,0,0
150.109894,150.072388,122,255,246,255,189,3,54,188,129,0,0,0,0,0,0,0
150.384613,150.345581,122,255,246,255,189,3,54,188,129,0,0,0,0,0,0,0
150.604401,150.566269,122,255,246,255,189,2,59,188,129,0,0,0,0,0,0,0
150.879120,150.840515,122,255,246,255,190,2,59,187,129,0,0,0,0,0,0,0
151.098907,151.059341,121,255,246,255,189,1,61,187,1,0,0,0,0,0,0,0
151.373627,151.332886,121,255,246,255,190,3,66,187,129,0,0,0,0,0,0,0
151.593399,151.546005,122,255,246,255,190,3,70,186,1,0,0,0,0,0,0,0
151.868134,151.812805,121,255,246,255,189,3,71,188,129,0,0,0,0,0,0,0
152.087906,152.033966,121,255,246,255,190,3,72,187,129,0,0,0,0,0,0,0
152.362640,152.308517,121,255,246,255,190,3,72,187,129,0,0,0,0,0,0,0
152.582413,152.527969,121,255,246,255,190,3,83,187,129,0,0,0,0,0,0,0
152.857147,152.804443,121,255,246,255,190,2,88,187,1,0,0,0,0,0,0,0
153.076920,153.026230,122,255,246,255,190,2,88,187,129,0,0,0,0,0,0,0
153.351654,153.297974,122,255,246,255,189,3,87,187,129,0,0,0,0,0,0,0
153.571426,153.514450,121,255,246,255,189,2,82,187,1,0,0,0,0,0,0,0
153.846161,153.791290,121,255,246,255,190,3,79,187,129,0,0,0,0,0,0,0
154.065933,154.011368,122,255,246,255,190,2,75,188,1,0,0,0,0,0,0,0
154.340652,154.283569,121,255,246,255,190,3,73,187,129,0,0,0,0,0,0,0
154.560440,154.527206,121,255,245,255,189,2,71,186,1,0,0,0,0,0,0,0
154.835159,154.776382,121,255,246,255,189,2,64,187,1,0,0,0,0,0,0,0
155.054947,155.019348,122,255,246,255,189,3,64,188,129,0,0,0,0,0,0,0
155.274719,155.239838,121,255,246,255,190,2,66,187,1,0,0,0,0,0,0,0
155.549454,155.512634,122,255,246,255,190,2,55,187,129,0,0,0,0,0,0,0
155.769226,155.731232,121,255,246,255,189,2,57,187,1,0,0,0,0,0,0,0
156.043961,156.007187,121,255,246,255,189,3,56,188,1,0,0,0,0,0,0,0
156.263733,156.226639,121,255,246,255,189,3,62,187,129,0,0,0,0,0,0,0
156.538467,156.503983,122,255,245,255,190,3,64,187,1,0,0,0,0,0,0,0
156.758240,156.723389,121,255,246,255,189,2,58,188,1,0,0,0,0,0,0,0
157.032974,156.999176,121,255,245,255,189,2,67,188,1,0,0,0,0,0,0,0
157.252747,157.212204,122,255,245,255,189,2,72,188,129,0,0,0,0,0,0,0
157.527466,157.484711,121,255,245,255,190,2,71,187,129,0,0,0,0,0,0,0
157.747253,157.703857,121,255,245,255,190,3,66,186,1,0,0,0,0,0,0,0
158.021973,157.976456,121,255,245,255,190,2,62,187,1,0,0,0,0,0,0,0
158.241760,158.190170,121,255,245,255,189,2,58,188,1,0,0,0,0,0,0,0
158.516479,158.463303,122,255,245,255,191,3,60,187,129,0,0,0,0,0,0,0
158.736267,158.681732,121,255,245,255,190,3,58,187,129,0,0,0,0,0,0,0
159.010986,158.952927,121,255,245,255,190,3,59,187,1,0,0,0,0,0,0,0
159.230774,159.170563,121,255,245,255,190,2,53,187,129,0,0,0,0,0,0,0
159.450546,159.414154,122,255,245,255,189,3,51,188,1,0,0,0,0,0,0,0
159.725281,159.689789,121,255,245,255,190,3,58,187,129,0,0,0,0,0,0,0
159.945053,159.905975,121,255,244,255,190,2,57,187,129,0,0,0,0,0,0,0
160.219788,160.184311,121,255,245,255,189,3,54,188,1,0,0,0,0,0,0,0
160.439560,160.403610,122,255,245,255,189,2,51,187,129,0,0,0,0,0,0,0
160.714279,160.674362,121,255,245,255,189,2,56,188,1,0,0,0,0,0,0,0
160.934067,160.889343,121,255,245,255,190,3,59,187,1,0,0,0,0,0,0,0
161.208786,161.162521,122,255,245,255,189,3,62,188,129,0,0,0,0,0,0,0
161.428574,161.381775,122,255,244,255,190,2,63,187,1,0,0,0,0,0,0,0
161.703293,161.654861,122,255,244,255,189,2,66,187,129,0,0,0,0,0,0,0
161.923080,161.870636,121,255,244,255,189,3,76,187,1,0,0,0,0,0,0,0
162.197800,162.144073,121,255,245,255,189,2,74,187,129,0,0,0,0,0,0,0
162.417587,162.361038,121,255,245,255,190,2,70,187,1,0,0,0,0,0,0,0
162.692307,162.635818,121,255,245,255,189,3,67,187,1,0,0,0,0,0,0,0
162.912094,162.855667,121,255,245,255,190,2,64,187,129,0,0,0,0,0,0,0
163.186813,163.128586,122,255,245,255,189,3,66,187,1,0,0,0,0,0,0,0
163.406601,163.347488,121,255,244,255,189,3,58,188,1,0,0,0,0,0,0,0
163.681320,163.620895,122,255,244,255,190,2,58,187,1,0,0,0,0,0,0,0
163.901093,163.865875,122,255,244,255,190,3,59,187,1,0,0,0,0,0,0,0
164.120880,164.082626,121,255,244,255,190,2,52,188,129,0,0,0,0,0,0,0
164.395599,164.360123,121,255,244,255,189,2,49,188,1,0,0,0,0,0,0,0
164.670334,164.608932,121,255,244,255,190,2,47,188,129,0,0,0,0,0,0,0
164.890106,164.851425,122,255,244,255,189,3,46,187,1,0,0,0,0,0,0,0
165.109894,165.070313,121,255,244,255,189,2,47,187,1,0,0,0,0,0,0,0
165.384613,165.341003,122,255,244,255,191,2,48,187,129,0,0,0,0,0,0,0
165.604401,165.562485,122,255,244,255,190,3,48,187,1,0,0,0,0,0,0,0
165.879120,165.836700,122,255,244,255,190,3,50,187,129,0,0,0,0,0,0,0
166.098907,166.052429,121,255,244,255,190,2,50,188,129,0,0,0,0,0,0,0
166.373627,166.327072,122,255,244,255,190,3,52,187,1,0,0,0,0,0,0,0
166.593399,166.546219,121,255,245,255,191,2,59,187,129,0,0,0,0,0,0,0
166.868134,166.820038,122,255,245,255,191,2,59,188,1,0,0,0,0,0,0,0
167.087906,167.039322,121,255,245,255,189,2,59,187,129,0,0,0,0,0,0,0
167.362640,167.309464,121,255,245,255,190,3,61,187,129,0,0,0,0,0,0,0
167.582413,167.526566,121,255,245,255,189,2,71,187,1,0,0,0,0,0,0,0
167.857147,167.801117,121,255,245,255,190,3,68,186,129,0,0,0,0,0,0,0
168.076920,168.021149,121,255,245,255,190,2,75,187,1,0,0,0,0,0,0,0
168.351654,168.294540,121,255,245,255,190,2,74,187,129,0,0,0,0,0,0,0
168.571426,168.511597,121,255,245,255,190,2,74,186,1,0,0,0,0,0,0,0
168.846161,168.789597,122,255,245,255,190,2,70,187,129,0,0,0,0,0,0,0
169.065933,169.006653,122,255,245,255,190,2,59,187,129,0,0,0,0,0,0,0
169.340652,169.277924,122,255,245,255,190,2,63,188,1,0,0,0,0,0,0,0
169.560440,169.498032,121,255,245,255,189,2,68,188,129,0,0,0,0,0,0,0
169.835159,169.774490,121,255,245,255,189,2,62,187,1,0,0,0,0,0,0,0
170.054947,169.991531,122,255,246,255,190,2,64,188,129,0,0,0,0,0,0,0
170.274719,170.229965,121,255,245,255,189,3,64,187,129,0,0,0,0,0,0,0
170.549454,170.505341,122,255,246,255,189,3,67,186,1,0,0,0,0,0,0,0
170.824173,170.762573,122,255,246,255,190,3,67,188,129,0,0,0,0,0,0,0
171.043961,171.005051,122,255,246,255,189,2,61,187,129,0,0,0,0,0,0,0
171.263733,171.219788,122,255,246,255,190,3,59,188,129,0,0,0,0,0,0,0
171.538467,171.492767,122,255,245,255,190,3,58,188,129,0,0,0,0,0,0,0
171.758240,171.706879,122,255,246,255,190,2,57,187,1,0,0,0,0,0,0,0
172.032974,171.979858,121,255,246,255,189,3,64,187,129,0,0,0,0,0,0,0
172.252747,172.196503,121,255,246,255,190,2,63,187,1,0,0,0,0,0,0,0
172.527466,172.470001,122,255,246,255,191,3,64,187,129,0,0,0,0,0,0,0
172.747253,172.686676,122,255,246,255,191,2,65,188,129,0,0,0,0,0,0,0
173.021973,172.958069,122,255,246,255,189,2,60,187,1,0,0,0,0,0,0,0
173.241760,173.201157,122,255,246,255,189,2,60,187,1,0,0,0,0,0,0,0
173.516479,173.451157,122,255,246,255,189,1,63,187,1,0,0,0,0,0,0,0
173.736267,173.672882,121,255,246,255,190,2,67,187,1,0,0,0,0,0,0,0
174.010986,173.945435,121,255,246,255,190,3,66,186,1,0,0,0,0,0,0,0
174.230774,174.188614,122,255,247,255,189,2,66,188,1,0,0,0,0,0,0,0
174.450546,174.408600,121,255,247,255,190,3,68,187,129,0,0,0,0,0,0,0
174.725281,174.682053,121,255,246,255,190,3,71,187,1,0,0,0,0,0,0,0
174.945053,174.898911,121,255,247,255,189,3,71,186,1,0,0,0,0,0,0,0
175.219788,175.174850,121,255,247,255,189,2,67,187,129,0,0,0,0,0,0,0
175.439560,175.394623,121,255,247,255,189,1,69,187,1,0,0,0,0,0,0,0
175.714279,175.669327,121,255,247,255,190,2,69,187,129,0,0,0,0,0,0,0
175.934067,175.886444,122,255,247,255,189,2,70,187,1,0,0,0,0,0,0,0
176.208786,176.155518,121,255,247,255,189,2,64,187,129,0,0,0,0,0,0,0
176.428574,176.373566,121,255,247,255,189,2,66,187,1,0,0,0,0,0,0,0
176.703293,176.647705,122,255,247,255,189,2,70,187,1,0,0,0,0,0,0,0
176.923080,176.866379,122,255,247,255,189,3,66,187,129,0,0,0,0,0,0,0
177.197800,177.138000,122,255,247,255,190,3,63,187,1,0,0,0,0,0,0,0
177.417587,177.357254,121,255,247,255,189,3,64,188,129,0,0,0,0,0,0,0
177.692307,177.632736,121,255,247,255,190,2,65,186,1,0,0,0,0,0,0,0
177.912094,177.849060,121,255,247,255,190,2,61,187,129,0,0,0,0,0,0,0
178.186813,178.121170,121,255,247,255,189,3,65,187,129,0,0,0,0,0,0,0
178.406601,178.340775,122,255,247,255,189,3,67,187,1,0,0,0,0,0,0,0
178.681320,178.615005,121,255,247,255,191,3,62,186,129,0,0,0,0,0,0,0
178.901093,178.834625,122,255,247,255,189,2,61,187,129,0,0,0,0,0,0,0
179.120880,179.075516,121,255,247,255,190,2,58,187,1,0,0,0,0,0,0,0
179.395599,179.351044,121,255,247,255,190,3,64,186,129,0,0,0,0,0,0,0
179.615387,179.572678,121,255,247,255,190,3,63,186,1,0,0,0,0,0,0,0
179.890106,179.844208,121,255,248,255,190,3,64,186,129,0,0,0,0,0,0,0
180.109894,180.059250,121,255,248,255,190,2,71,187,1,0,0,0,0,0,0,0
180.384613,180.329681,122,255,248,255,189,3,61,188,129,0,0,0,0,0,0,0
180.604401,180.549500,121,255,248,255,189,2,59,186,129,0,0,0,0,0,0,0
180.879120,180.825760,121,255,248,255,190,2,68,187,1,0,0,0,0,0,0,0
181.098907,181.044907,122,255,248,255,190,2,69,188,129,0,0,0,0,0,0,0
181.373627,181.318085,121,255,248,255,190,3,68,186,1,0,0,0,0,0,0,0
181.593399,181.535370,121,255,248,255,190,2,67,187,129,0,0,0,0,0,0,0
181.868134,181.804443,121,255,248,255,189,2,74,188,1,0,0,0,0,0,0,0
182.087906,182.023331,122,255,248,255,189,2,78,187,1,0,0,0,0,0,0,0
182.362640,182.299850,121,255,248,255,189,2,77,186,129,0,0,0,0,0,0,0
182.582413,182.515457,121,255,248,255,189,2,77,186,129,0,0,0,0,0,0,0
182.802200,182.756302,121,255,248,255,189,2,68,187,129,0,0,0,0,0,0,0
183.076920,183.029175,121,255,248,255,190,2,69,187,129,0,0,0,0,0,0,0
183.296707,183.248672,122,255,248,255,189,2,65,187,1,0,0,0,0,0,0,0
183.571426,183.525345,121,255,249,255,191,2,58,188,129,0,0,0,0,0,0,0
183.791214,183.742218,122,255,248,255,189,2,57,187,1,0,0,0,0,0,0,0
184.065933,184.013321,121,255,248,255,189,2,63,187,129,0,0,0,0,0,0,0
184.285721,184.231064,121,255,248,255,189,2,59,187,1,0,0,0,0,0,0,0
184.560440,184.506073,123,255,248,255,189,3,59,187,1,0,0,0,0,0,0,0
184.780212,184.726624,122,255,248,255,191,2,58,187,129,0,0,0,0,0,0,0
185.054947,184.998199,122,255,248,255,189,2,56,188,1,0,0,0,0,0,0,0
185.274719,185.217712,122,255,249,255,189,2,56,187,129,0,0,0,0,0,0,0
185.549454,185.488403,121,255,248,255,190,2,61,187,1,0,0,0,0,0,0,0
185.769226,185.708069,121,255,249,255,189,2,58,186,1,0,0,0,0,0,0,0
186.043961,185.979538,122,255,249,255,190,3,59,187,129,0,0,0,0,0,0,0
186.263733,186.196152,121,255,249,255,191,3,66,187,1,0,0,0,0,0,0,0
186.538467,186.472916,121,255,249,255,189,3,74,187,129,0,0,0,0,0,0,0
186.758240,186.689880,121,255,249,255,189,2,75,186,1,0,0,0,0,0,0,0
187.032974,186.962723,121,255,248,255,189,2,74,187,129,0,0,0,0,0,0,0
187.252747,187.187286,122,255,249,255,189,2,73,187,129,0,0,0,0,0,0,0
187.472534,187.427933,121,255,249,255,190,3,75,186,1,0,0,0,0,0,0,0
187.747253,187.701279,122,255,249,255,191,2,80,187,129,0,0,0,0,0,0,0
187.967026,187.917099,121,255,249,255,189,2,77,186,1,0,0,0,0,0,0,0
188.241760,188.190308,121,255,249,255,189,3,77,186,129,0,0,0,0,0,0,0
188.461533,188.410995,121,255,249,255,189,2,74,186,129,0,0,0,0,0,0,0
188.736267,188.680756,121,255,249,255,190,2,71,186,1,0,0,0,0,0,0,0
188.956039,188.901917,121,255,249,255,189,3,67,187,129,0,0,0,0,0,0,0
189.230774,189.171158,121,255,249,255,189,3,67,187,1,0,0,0,0,0,0,0
189.450546,189.385941,121,255,249,255,189,3,66,187,1,0,0,0,0,0,0,0
189.725281,189.664581,121,255,249,255,190,2,53,188,129,0,0,0,0,0,0,0
189.945053,189.878738,121,255,249,255,189,2,53,188,1,0,0,0,0,0,0,0
190.219788,190.150070,122,255,249,255,190,2,59,188,129,0,0,0,0,0,0,0
190.439560,190.369263,122,255,248,255,189,2,57,187,1,0,0,0,0,0,0,0
190.714279,190.642868,121,255,249,255,190,2,53,187,129,0,0,0,0,0,0,0
190.934067,190.887177,122,255,249,255,189,3,55,187,129,0,0,0,0,0,0,0
191.153839,191.106522,122,255,249,255,190,3,63,188,1,0,0,0,0,0,0,0
191.428574,191.376724,122,255,249,255,191,3,63,188,129,0,0,0,0,0,0,0
191.648346,191.594193,122,255,249,255,190,3,61,188,1,0,0,0,0,0,0,0
191.923080,191.866394,122,255,249,255,189,2,52,188,129,0,0,0,0,0,0,0
192.142853,192.089279,122,255,249,255,189,2,65,187,1,0,0,0,0,0,0,0
192.417587,192.364761,122,255,249,255,189,2,70,187,1,0,0,0,0,0,0,0
192.637360,192.581573,121,255,249,255,190,2,72,187,129,0,0,0,0,0,0,0
192.912094,192.855530,121,255,249,255,190,3,70,188,1,0,0,0,0,0,0,0
193.131866,193.076965,121,255,249,255,190,2,74,187,129,0,0,0,0,0,0,0
193.406601,193.351654,121,255,249,255,190,2,72,187,1,0,0,0,0,0,0,0
193.626373,193.568100,122,255,249,255,189,3,72,187,1,0,0,0,0,0,0,0
193.901093,193.838165,122,255,249,255,190,3,64,188,129,0,0,0,0,0,0,0
194.120880,194.056961,122,255,249,255,190,3,62,187,1,0,0,0,0,0,0,0
194.395599,194.328690,121,255,249,255,189,2,64,187,129,0,0,0,0,0,0,0
194.615387,194.545563,122,255,249,255,190,2,58,187,129,0,0,0,0,0,0,0
194.890106,194.818939,121,255,249,255,190,2,60,187,1,0,0,0,0,0,0,0
195.109894,195.040894,121,255,249,255,189,2,57,187,129,0,0,0,0,0,0,0
195.384613,195.312576,121,255,249,255,190,3,54,187,1,0,0,0,0,0,0,0
195.604401,195.553467,121,255,249,255,189,2,53,187,129,0,0,0,0,0,0,0
195.824173,195.772461,121,255,249,255,190,2,51,187,1,0,0,0,0,0,0,0
196.098907,196.049957,122,255,249,255,189,2,51,187,1,0,0,0,0,0,0,0
196.318680,196.266617,122,255,249,255,189,3,51,188,129,0,0,0,0,0,0,0
196.593399,196.541412,122,255,249,255,189,3,46,188,1,0,0,0,0,0,0,0
196.813187,196.763779,121,255,250,255,189,2,54,188,129,0,0,0,0,0,0,0
197.087906,197.037796,121,255,250,255,189,2,58,188,129,0,0,0,0,0,0,0
197.307693,197.256531,121,255,250,255,190,3,66,187,1,0,0,0,0,0,0,0
197.582413,197.531219,122,255,250,255,189,3,62,187,129,0,0,0,0,0,0,0
197.802200,197.748550,122,255,250,255,189,2,64,187,1,0,0,0,0,0,0,0
198.076920,198.020142,122,255,250,255,189,3,67,188,1,0,0,0,0,0,0,0
198.296707,198.234650,121,255,250,255,190,2,72,187,1,0,0,0,0,0,0,0
198.571426,198.510666,122,255,250,255,189,2,76,188,129,0,0,0,0,0,0,0
198.791214,198.727097,122,255,250,255,189,3,72,186,129,0,0,0,0,0,0,0
199.065933,199.002045,121,255,251,255,189,2,76,187,1,0,0,0,0,0,0,0
199.285721,199.219833,121,255,251,255,191,3,72,186,129,0,0,0,0,0,0,0
199.560440,199.493500,121,255,251,255,189,3,71,186,1,0,0,0,0,0,0,0
199.780212,199.710083,121,255,251,255,189,2,70,187,1,0,0,0,0,0,0,0
200.054947,199.982391,121,255,251,255,190,2,75,187,129,0,0,0,0,0,0,0
200.274719,200.200760,121,255,251,255,189,2,69,187,1,0,0,0,0,0,0,0
200.549454,200.474258,121,255,251,255,189,2,70,187,129,0,0,0,0,0,0,0
200.769226,200.718948,121,255,251,255,189,3,66,187,129,0,0,0,0,0,0,0
200.989014,200.936569,121,255,251,255,190,3,66,187,129,0,0,0,0,0,0,0
201.263733,201.212326,121,255,251,255,191,2,64,187,129,0,0,0,0,0,0,0
201.483521,201.431931,121,255,251,255,189,3,58,187,1,0,0,0,0,0,0,0
201.758240,201.706161,121,255,251,255,190,3,57,187,129,0,0,0,0,0,0,0
201.978027,201.925644,121,255,251,255,190,2,60,187,1,0,0,0,0,0,0,0
202.252747,202.199585,121,255,252,255,190,2,60,186,1,0,0,0,0,0,0,0
202.472534,202.421539,121,255,252,255,190,3,60,188,1,0,0,0,0,0,0,0
202.747253,202.690048,121,255,252,255,189,2,61,187,1,0,0,0,0,0,0,0
202.967026,202.911255,121,255,251,255,189,3,66,187,129,0,0,0,0,0,0,0
203.241760,203.187073,122,255,252,255,189,2,70,188,1,0,0,0,0,0,0,0
203.461533,203.406677,121,255,252,255,189,2,72,187,129,0,0,0,0,0,0,0
203.736267,203.680801,121,255,252,255,189,2,77,187,1,0,0,0,0,0,0,0
203.956039,203.901154,121,255,252,255,189,2,78,187,1,0,0,0,0,0,0,0
204.230774,204.177353,121,255,252,255,190,3,74,187,129,0,0,0,0,0,0,0
204.450546,204.394318,122,255,252,255,190,3,72,187,1,0,0,0,0,0,0,0
204.725281,204.666306,121,255,252,255,189,2,68,186,1,0,0,0,0,0,0,0
204.945053,204.886490,121,255,252,255,190,3,75,187,1,0,0,0,0,0,0,0
205.219788,205.159225,121,255,252,255,189,2,68,187,129,0,0,0,0,0,0,0
205.439560,205.379425,121,255,252,255,191,2,65,187,129,0,0,0,0,0,0,0
205.714279,205.647766,122,255,252,255,190,2,63,187,129,0,0,0,0,0,0,0
205.934067,205.865341,121,255,252,255,189,3,64,187,129,0,0,0,0,0,0,0
206.208786,206.138016,121,255,252,255,189,3,67,187,1,0,0,0,0,0,0,0
206.428574,206.355026,121,255,252,255,191,2,63,187,1,0,0,0,0,0,0,0
206.703293,206.628983,121,255,252,255,189,3,57,187,129,0,0,0,0,0,0,0
206.923080,206.845505,122,255,252,255,190,2,55,187,1,0,0,0,0,0,0,0
207.142853,207.088135,122,255,252,255,189,2,63,187,129,0,0,0,0,0,0,0
207.417587,207.364395,121,255,252,255,189,2,68,187,1,0,0,0,0,0,0,0
207.637360,207.579330,122,255,252,255,189,2,68,187,1,0,0,0,0,0,0,0
207.912094,207.855698,121,255,253,255,190,3,72,187,129,0,0,0,0,0,0,0
208.131866,208.076660,121,255,253,255,189,2,68,186,1,0,0,0,0,0,0,0
208.406601,208.349792,122,255,252,255,189,3,68,186,129,0,0,0,0,0,0,0
208.626373,208.566666,121,255,252,255,189,2,53,187,1,0,0,0,0,0,0,0
208.901093,208.840363,121,255,253,255,191,2,60,187,129,0,0,0,0,0,0,0
209.120880,209.058868,122,255,252,255,189,3,63,188,1,0,0,0,0,0,0,0
209.395599,209.333588,121,255,253,255,190,2,64,187,1,0,0,0,0,0,0,0
209.615387,209.555481,121,255,252,255,190,3,64,187,129,0,0,0,0,0,0,0
209.890106,209.825760,122,255,253,255,189,3,63,188,1,0,0,0,0,0,0,0
210.109894,210.046936,122,255,253,255,189,3,63,187,129,0,0,0,0,0,0,0
210.384613,210.316849,122,255,253,255,189,3,63,187,129,0,0,0,0,0,0,0
210.604401,210.531525,122,255,253,255,190,3,66,187,1,0,0,0,0,0,0,0
210.879120,210.808701,121,255,253,255,190,2,61,188,129,0,0,0,0,0,0,0
211.098907,211.026566,122,255,253,255,188,2,66,187,1,0,0,0,0,0,0,0
211.373627,211.299393,122,255,253,255,190,2,70,187,129,0,0,0,0,0,0,0
211.593399,211.515259,122,255,253,255,189,3,62,187,1,0,0,0,0,0,0,0
211.813187,211.757919,121,255,253,255,189,2,66,186,1,0,0,0,0,0,0,0
212.087906,212.030060,122,255,253,255,189,2,61,187,129,0,0,0,0,0,0,0
212.307693,212.249405,121,255,253,255,190,2,61,187,129,0,0,0,0,0,0,0
212.582413,212.521927,121,255,253,255,190,2,63,187,129,0,0,0,0,0,0,0
212.802200,212.735825,121,255,253,255,190,2,59,187,1,0,0,0,0,0,0,0
213.076920,213.014740,121,255,253,255,190,3,54,187,129,0,0,0,0,0,0,0
213.296707,213.237152,121,255,253,255,190,3,54,187,129,0,0,0,0,0,0,0
213.571426,213.511536,121,255,253,255,190,3,59,187,1,0,0,0,0,0,0,0
213.791214,213.732376,122,255,253,255,189,3,60,187,129,0,0,0,0,0,0,0
214.065933,214.003815,121,255,254,255,189,2,60,187,1,0,0,0,0,0,0,0
214.285721,214.219421,122,255,254,255,189,3,59,187,129,0,0,0,0,0,0,0
214.560440,214.488205,122,255,254,255,189,2,68,188,129,0,0,0,0,0,0,0
214.780212,214.708115,121,255,253,255,189,2,65,187,1,0,0,0,0,0,0,0
215.054947,214.982101,121,255,254,255,190,3,71,187,129,0,0,0,0,0,0,0
215.274719,215.203262,121,255,254,255,190,3,72,187,1,0,0,0,0,0,0,0
215.549454,215.474411,122,255,254,255,190,2,72,187,129,0,0,0,0,0,0,0
215.769226,215.694016,121,255,254,255,190,2,69,187,129,0,0,0,0,0,0,0
216.043961,215.968018,121,255,254,255,190,2,68,187,1,0,0,0,0,0,0,0
216.263733,216.186890,122,255,254,255,189,3,62,187,129,0,0,0,0,0,0,0
216.538467,216.458954,121,255,254,255,189,3,60,187,1,0,0,0,0,0,0,0
216.758240,216.700607,122,255,254,255,188,2,60,188,129,0,0,0,0,0,0,0
216.978027,216.918564,121,255,254,255,190,3,63,187,129,0,0,0,0,0,0,0
217.252747,217.195801,121,255,254,255,190,2,64,187,1,0,0,0,0,0,0,0
217.472534,217.410370,121,255,254,255,189,2,60,187,129,0,0,0,0,0,0,0
217.747253,217.689438,122,255,254,255,189,2,60,187,1,0,0,0,0,0,0,0
217.967026,217.906250,121,255,254,255,189,3,67,186,129,0,0,0,0,0,0,0
218.241760,218.177826,121,255,254,255,189,3,67,186,1,0,0,0,0,0,0,0
218.461533,218.395920,122,255,254,255,190,2,67,188,1,0,0,0,0,0,0,0
218.736267,218.670212,121,255,255,255,189,2,69,186,129,0,0,0,0,0,0,0
218.956039,218.884933,121,255,255,255,189,3,71,186,129,0,0,0,0,0,0,0
219.230774,219.157547,121,255,255,255,189,2,67,187,129,0,0,0,0,0,0,0
219.450546,219.373428,121,255,255,255,189,2,67,187,1,0,0,0,0,0,0,0
219.725281,219.645416,121,255,255,255,190,2,66,187,1,0,0,0,0,0,0,0
219.945053,219.864197,121,255,255,255,189,3,68,187,129,0,0,0,0,0,0,0
220.219788,220.140091,121,255,255,255,189,2,68,187,1,0,0,0,0,0,0,0
220.439560,220.361572,122,255,255,255,190,2,76,187,129,0,0,0,0,0,0,0
220.714279,220.633514,121,255,255,255,190,3,79,186,129,0,0,0,0,0,0,0
220.934067,220.874771,121,255,255,255,189,2,77,187,1,0,0,0,0,0,0,0
221.153839,221.092667,120,255,255,255,189,2,78,186,129,0,0,0,0,0,0,0
221.428574,221.367310,121,255,255,255,190,2,77,188,1,0,0,0,0,0,0,0
221.648346,221.585831,121,255,255,255,190,1,71,186,129,0,0,0,0,0,0,0
221.923080,221.856400,121,255,255,255,189,2,68,187,129,0,0,0,0,0,0,0
222.142853,222.072189,121,255,255,255,190,3,66,187,1,0,0,0,0,0,0,0
222.417587,222.347351,122,255,255,255,189,2,63,187,129,0,0,0,0,0,0,0
222.637360,222.565308,122,255,255,255,189,2,64,188,1,0,0,0,0,0,0,0
222.912094,222.834488,121,255,255,255,189,2,65,186,129,0,0,0,0,0,0,0
223.131866,223.054108,121,255,255,255,190,2,66,188,1,0,0,0,0,0,0,0
223.406601,223.328430,121,255,255,255,190,3,70,187,129,0,0,0,0,0,0,0
223.626373,223.547577,121,255,255,255,189,2,66,187,129,0,0,0,0,0,0,0
223.846161,223.788940,121,255,255,255,189,2,72,187,1,0,0,0,0,0,0,0
224.120880,224.061554,122,255,255,255,190,2,67,187,129,0,0,0,0,0,0,0
224.340652,224.278824,121,255,255,255,190,2,70,187,129,0,0,0,0,0,0,0
224.615387,224.554718,122,255,255,255,190,2,67,187,1,0,0,0,0,0,0,0
224.835159,224.770737,121,255,255,255,189,2,58,186,129,0,0,0,0,0,0,0
225.109894,225.047577,122,255,255,255,190,2,63,187,1,0,0,0,0,0,0,0
225.329666,225.268906,122,255,255,255,190,2,68,187,129,0,0,0,0,0,0,0
225.604401,225.541687,121,255,255,255,189,2,64,187,1,0,0,0,0,0,0,0
225.824173,225.756760,121,255,255,255,191,2,64,187,1,0,0,0,0,0,0,0
226.098907,226.033798,122,255,255,255,189,3,62,187,129,0,0,0,0,0,0,0
226.318680,226.256592,121,255,255,255,190,3,63,187,1,0,0,0,0,0,0,0
226.593399,226.529922,122,255,255,255,190,2,62,188,129,0,0,0,0,0,0,0
226.813187,226.748978,122,255,255,255,190,2,62,187,1,0,0,0,0,0,0,0
227.087906,227.021622,121,255,255,255,190,2,62,187,129,0,0,0,0,0,0,0
227.307693,227.238083,122,255,255,255,189,3,66,187,129,0,0,0,0,0,0,0
227.582413,227.512161,122,255,255,255,189,2,69,187,1,0,0,0,0,0,0,0
227.802200,227.729065,121,255,255,255,189,3,67,187,129,0,0,0,0,0,0,0
228.076920,227.997986,122,255,255,255,189,3,65,187,1,0,0,0,0,0,0,0
228.296707,228.215317,121,255,254,255,189,2,71,186,129,0,0,0,0,0,0,0
228.571426,228.488663,121,255,255,255,190,3,70,187,129,0,0,0,0,0,0,0
228.791214,228.708115,121,255,255,255,189,2,67,187,1,0,0,0,0,0,0,0
229.010986,228.952438,121,255,254,255,189,2,74,187,129,0,0,0,0,0,0,0
229.285721,229.222870,121,255,255,255,189,2,80,187,1,0,0,0,0,0,0,0
229.505493,229.438492,121,255,254,255,190,2,76,186,129,0,0,0,0,0,0,0
229.780212,229.719681,121,255,254,255,189,3,81,187,1,0,0,0,0,0,0,0
230.000000,229.939606,121,255,254,255,189,3,75,186,1,0,0,0,0,0,0,0
230.274719,230.210724,122,255,254,255,189,3,75,187,129,0,0,0,0,0,0,0
230.494507,230.424866,121,255,254,255,188,2,72,186,1,0,0,0,0,0,0,0
230.769226,230.701447,121,255,254,255,189,2,67,186,129,0,0,0,0,0,0,0
230.989014,230.918671,122,255,254,255,189,2,63,188,1,0,0,0,0,0,0,0
231.263733,231.189255,121,255,254,255,191,2,64,187,1,0,0,0,0,0,0,0
231.483521,231.411774,121,255,254,255,189,3,63,187,129,0,0,0,0,0,0,0
231.758240,231.686371,121,255,254,255,190,3,62,187,1,0,0,0,0,0,0,0
231.978027,231.900940,121,255,253,255,189,1,54,188,129,0,0,0,0,0,0,0
232.252747,232.176208,122,255,253,255,189,2,62,187,1,0,0,0,0,0,0,0
232.472534,232.397247,122,255,253,255,189,2,56,188,1,0,0,0,0,0,0,0
232.747253,232.670670,121,255,253,255,189,2,58,187,129,0,0,0,0,0,0,0
232.967026,232.886810,121,255,253,255,190,2,58,187,1,0,0,0,0,0,0,0
233.241760,233.160049,121,255,253,255,189,3,60,187,1,0,0,0,0,0,0,0
233.461533,233.381897,121,255,253,255,191,1,59,187,1,0,0,0,0,0,0,0
233.736267,233.655746,121,255,253,255,191,2,62,187,1,0,0,0,0,0,0,0
233.956039,233.872742,122,255,253,255,189,2,63,187,129,0,0,0,0,0,0,0
234.230774,234.146683,121,255,253,255,189,3,63,187,1,0,0,0,0,0,0,0
234.450546,234.364807,121,255,253,255,190,3,75,187,129,0,0,0,0,0,0,0
234.725281,234.641006,121,255,253,255,189,3,78,186,1,0,0,0,0,0,0,0
234.945053,234.859741,121,255,253,255,189,3,73,187,129,0,0,0,0,0,0,0
235.164841,235.103424,121,255,253,255,189,3,73,187,129,0,0,0,0,0,0,0
235.439560,235.378067,122,255,253,255,190,2,76,187,1,0,0,0,0,0,0,0
235.659348,235.596390,122,255,252,255,189,2,72,188,129,0,0,0,0,0,0,0
235.934067,235.871399,121,255,252,255,190,2,63,187,1,0,0,0,0,0,0,0
236.153839,236.091843,122,255,252,255,189,3,66,187,1,0,0,0,0,0,0,0
236.428574,236.363724,121,255,252,255,189,2,68,187,129,0,0,0,0,0,0,0
236.648346,236.576843,121,255,252,255,189,3,67,187,1,0,0,0,0,0,0,0
236.923080,236.847748,121,255,252,255,189,2,58,187,129,0,0,0,0,0,0,0
237.142853,237.069748,122,255,252,255,189,2,57,188,1,0,0,0,0,0,0,0
237.417587,237.342529,121,255,252,255,190,3,56,188,129,0,0,0,0,0,0,0
237.637360,237.558350,121,255,252,255,189,2,56,187,129,0,0,0,0,0,0,0
237.912094,237.829391,121,255,252,255,190,3,51,188,1,0,0,0,0,0,0,0
238.131866,238.049423,121,255,252,255,190,2,49,187,129,0,0,0,0,0,0,0
238.406601,238.321579,121,255,252,255,190,3,54,187,1,0,0,0,0,0,0,0
238.626373,238.539047,121,255,252,255,191,2,62,187,129,0,0,0,0,0,0,0
238.846161,238.777817,122,255,252,255,190,2,59,188,129,0,0,0,0,0,0,0
239.120880,239.051895,121,255,252,255,190,2,59,186,1,0,0,0,0,0,0,0
239.340652,239.272568,121,255,251,255,190,3,62,187,129,0,0,0,0,0,0,0
239.615387,239.545883,121,255,252,255,189,3,64,187,1,0,0,0,0,0,0,0
239.835159,239.760986,121,255,252,255,188,2,66,187,1,0,0,0,0,0,0,0
240.109894,240.032242,121,255,252,255,190,3,64,188,129,0,0,0,0,0,0,0
240.329666,240.255814,121,255,252,255,189,2,69,187,1,0,0,0,0,0,0,0
240.604401,240.528000,121,255,252,255,189,2,72,187,129,0,0,0,0,0,0,0
240.824173,240.745071,122,255,252,255,190,2,69,186,1,0,0,0,0,0,0,0
241.098907,241.016235,121,255,251,255,189,2,63,186,1,0,0,0,0,0,0,0
241.318680,241.236832,122,255,251,255,191,2,64,187,129,0,0,0,0,0,0,0
241.593399,241.509033,121,255,251,255,190,2,63,187,1,0,0,0,0,0,0,0
241.813187,241.727463,122,255,251,255,190,2,60,186,129,0,0,0,0,0,0,0
242.087906,242.002731,121,255,251,255,189,2,63,187,1,0,0,0,0,0,0,0
242.307693,242.219528,121,255,251,255,190,2,58,187,129,0,0,0,0,0,0,0
242.527466,242.462082,121,255,251,255,191,3,59,187,1,0,0,0,0,0,0,0
242.802200,242.736008,121,255,251,255,189,2,59,187,1,0,0,0,0,0,0,0
243.021973,242.953857,121,255,251,255,190,3,56,187,129,0,0,0,0,0,0,0
243.296707,243.226563,122,255,251,255,189,2,55,187,1,0,0,0,0,0,0,0
243.516479,243.445587,121,255,251,255,190,3,55,187,129,0,0,0,0,0,0,0
243.791214,243.719727,121,255,251,255,190,3,55,187,129,0,0,0,0,0,0,0
244.010986,243.937546,121,255,251,255,189,2,58,187,129,0,0,0,0,0,0,0
244.285721,244.211868,121,255,251,255,189,2,68,187,129,0,0,0,0,0,0,0
244.505493,244.431671,122,255,251,255,189,2,69,187,1,0,0,0,0,0,0,0
244.780212,244.701172,121,255,251,255,189,2,65,187,129,0,0,0,0,0,0,0
245.000000,244.921890,121,255,251,255,189,3,63,187,1,0,0,0,0,0,0,0
245.274719,245.194031,121,255,251,255,189,2,64,187,1,0,0,0,0,0,0,0
245.494507,245.413696,121,255,251,255,189,3,65,186,129,0,0,0,0,0,0,0
245.769226,245.682892,121,255,251,255,190,1,58,187,1,0,0,0,0,0,0,0
245.989014,245.900116,122,255,251,255,190,2,56,187,129,0,0,0,0,0,0,0
246.263733,246.175629,121,255,251,255,190,2,67,187,1,0,0,0,0,0,0,0
246.483521,246.392761,121,255,251,255,190,2,67,186,129,0,0,0,0,0,0,0
246.758240,246.667648,122,255,251,255,190,2,66,187,129,0,0,0,0,0,0,0
246.978027,246.886703,121,255,251,255,190,3,64,187,1,0,0,0,0,0,0,0
247.197800,247.129929,121,255,251,255,189,2,63,187,129,0,0,0,0,0,0,0
247.472534,247.403320,122,255,251,255,190,2,66,187,1,0,0,0,0,0,0,0
247.692307,247.621643,121,255,251,255,189,3,60,186,129,0,0,0,0,0,0,0
247.967026,247.894928,120,255,252,255,189,3,66,186,1,0,0,0,0,0,0,0
248.186813,248.111908,121,255,251,255,189,2,64,187,1,0,0,0,0,0,0,0
248.461533,248.386322,121,255,251,255,189,3,61,187,129,0,0,0,0,0,0,0
248.681320,248.606094,122,255,252,255,190,3,67,187,1,0,0,0,0,0,0,0
248.956039,248.881012,121,255,251,255,189,2,69,187,129,0,0,0,0,0,0,0
249.175827,249.100311,121,255,251,255,189,2,66,187,1,0,0,0,0,0,0,0
249.450546,249.372467,121,255,251,255,190,3,67,188,1,0,0,0,0,0,0,0
249.670334,249.590088,121,255,251,255,189,2,70,187,129,0,0,0,0,0,0,0
249.945053,249.864166,122,255,251,255,189,2,66,188,1,0,0,0,0,0,0,0
250.164841,250.079254,121,255,252,255,189,2,70,187,129,0,0,0,0,0,0,0
250.439560,250.351715,121,255,251,255,189,2,70,187,1,0,0,0,0,0,0,0
250.659348,250.573044,121,255,251,255,189,2,62,187,1,0,0,0,0,0,0,0
250.934067,250.843491,122,255,252,255,189,3,65,187,129,0,0,0,0,0,0,0
251.153839,251.061127,121,255,251,255,189,2,66,187,1,0,0,0,0,0,0,0
251.373627,251.304504,121,255,251,255,189,2,66,186,1,0,0,0,0,0,0,0
