0.000000,0.000000,122,255,48,255,22,2,58,187,0,0,0,0,0,0,0,0
0.274725,0.267582,122,255,48,255,24,3,63,188,0,0,0,0,0,0,0,0
0.494505,0.480535,122,255,48,255,23,3,59,188,0,0,0,0,0,0,0,0
0.769231,0.746497,122,255,47,255,22,2,53,188,0,0,0,0,0,0,0,0
0.989011,0.986297,122,255,46,255,23,2,55,189,128,0,0,0,0,0,0,0
1.208791,1.198993,122,255,45,255,22,2,46,188,0,0,0,0,0,0,0,0
1.483516,1.464957,121,255,45,255,24,3,55,188,128,0,0,0,0,0,0,0
1.703297,1.703717,122,255,45,255,24,2,52,187,0,0,0,0,0,0,0,0
1.923077,1.916415,122,255,44,255,23,2,63,187,0,0,0,0,0,0,0,0
2.197802,2.183313,122,255,43,255,23,2,61,188,128,0,0,0,0,0,0,0
2.417583,2.394970,122,255,43,255,23,2,66,188,0,0,0,0,0,0,0,0
2.637363,2.635282,122,255,43,255,23,2,68,187,128,0,0,0,0,0,0,0
2.912088,2.903746,121,255,43,255,23,2,64,187,128,0,0,0,0,0,0,0
3.131868,3.115000,122,255,41,255,23,3,68,187,0,0,0,0,0,0,0,0
3.406593,3.381543,122,255,42,255,23,3,66,187,128,0,0,0,0,0,0,0
3.626374,3.620957,121,255,42,255,23,3,71,187,0,0,0,0,0,0,0,0
3.846154,3.833237,121,255,42,255,22,3,78,188,128,0,0,0,0,0,0,0
4.120879,4.098887,122,255,42,255,23,2,74,188,128,0,0,0,0,0,0,0
4.340659,4.338841,122,253,41,255,21,2,72,188,0,0,0,0,0,0,0,0
4.560440,4.551124,121,252,40,255,23,2,76,187,128,0,0,0,0,0,0,0
4.835165,4.819473,122,246,39,255,23,3,79,187,0,0,0,0,0,0,0,0
5.054945,5.030666,122,241,40,255,23,2,66,188,128,0,0,0,0,0,0,0
5.274725,5.270358,122,239,40,255,23,2,72,187,128,0,0,0,0,0,0,0
5.549450,5.538599,122,234,38,255,23,3,70,187,0,0,0,0,0,0,0,0
5.769231,5.749080,122,231,38,255,23,3,67,188,128,0,0,0,0,0,0,0
6.043956,6.017800,122,225,38,255,23,3,67,188,0,0,0,0,0,0,0,0
6.263736,6.256913,122,221,37,255,22,3,66,188,0,0,0,0,0,0,0,0
6.483517,6.470767,122,218,37,255,22,3,64,187,128,0,0,0,0,0,0,0
6.758242,6.738070,122,213,35,255,23,2,59,187,0,0,0,0,0,0,0,0
6.978022,6.978076,122,209,35,255,23,2,59,188,128,0,0,0,0,0,0,0
7.197802,7.190718,122,207,36,255,23,2,51,187,0,0,0,0,0,0,0,0
7.472528,7.457094,122,200,34,255,23,3,53,188,0,0,0,0,0,0,0,0
7.692307,7.669326,122,198,34,255,23,2,53,187,128,0,0,0,0,0,0,0
7.912088,7.909019,122,197,33,255,23,2,64,187,0,0,0,0,0,0,0,0
8.186813,8.176753,122,192,34,255,23,3,66,187,128,0,0,0,0,0,0,0
8.406593,8.388457,121,188,34,255,23,3,63,188,0,0,0,0,0,0,0,0
8.681318,8.655878,121,186,32,255,23,2,63,187,128,0,0,0,0,0,0,0
8.901099,8.895568,122,182,31,255,23,3,68,188,128,0,0,0,0,0,0,0
9.120879,9.108320,122,181,32,255,23,2,69,187,0,0,0,0,0,0,0,0
9.395604,9.375632,122,180,32,255,23,2,71,188,128,0,0,0,0,0,0,0
9.615385,9.614443,122,178,31,251,24,2,74,188,0,0,0,0,0,0,0,0
9.835165,9.826157,121,176,32,252,23,3,66,188,0,0,0,0,0,0,0,0
10.109890,10.093260,122,175,31,248,23,2,64,188,128,0,0,0,0,0,0,0
10.329670,10.305447,122,172,30,247,24,3,70,187,0,0,0,0,0,0,0,0
10.549451,10.543264,121,168,29,240,23,2,59,188,128,0,0,0,0,0,0,0
10.824176,10.809126,122,168,29,242,24,3,69,187,128,0,0,0,0,0,0,0
11.043956,11.020947,121,165,31,240,29,2,62,187,0,0,0,0,0,0,0,0
11.263737,11.258760,122,161,30,236,30,3,64,188,128,0,0,0,0,0,0,0
11.538462,11.524508,122,158,29,237,34,2,65,187,0,0,0,0,0,0,0,0
11.758242,11.735545,122,158,28,232,37,2,55,188,0,0,0,0,0,0,0,0
11.978022,11.974613,122,155,29,231,46,3,58,188,0,0,0,0,0,0,0,0
12.252748,12.240060,122,154,28,232,45,2,48,188,0,0,0,0,0,0,0,0
12.472528,12.452545,123,152,28,225,43,2,52,188,128,0,0,0,0,0,0,0
12.747252,12.718925,122,151,28,223,47,2,64,188,0,0,0,0,0,0,0,0
12.967033,12.955496,121,151,29,229,45,2,57,188,128,0,0,0,0,0,0,0
13.186813,13.166846,122,151,29,235,46,2,67,187,128,0,0,0,0,0,0,0
13.461538,13.433379,122,153,28,232,45,2,64,187,0,0,0,0,0,0,0,0
13.681318,13.670786,122,154,30,233,28,2,80,187,128,0,0,0,0,0,0,0
13.901099,13.881453,122,155,28,234,29,2,82,187,128,0,0,0,0,0,0,0
14.175824,14.150122,122,157,30,237,23,2,79,188,128,0,0,0,0,0,0,0
14.395604,14.386953,122,155,30,231,31,2,79,187,128,0,0,0,0,0,0,0
14.615385,14.598614,122,155,29,231,47,2,66,188,0,0,0,0,0,0,0,0
14.890110,14.864782,122,153,29,229,61,3,59,188,128,0,0,0,0,0,0,0
15.109890,15.104530,122,152,27,224,61,2,61,187,0,0,0,0,0,0,0,0
15.329670,15.315094,123,149,29,225,72,3,53,188,0,0,0,0,0,0,0,0
15.604396,15.580174,122,149,28,227,71,2,54,188,128,0,0,0,0,0,0,0
15.824176,15.817060,122,150,29,226,54,2,63,186,0,0,0,0,0,0,0,0
16.043957,16.027903,122,149,29,226,46,2,67,189,128,0,0,0,0,0,0,0
16.318682,16.294161,121,149,29,226,46,2,67,187,0,0,0,0,0,0,0,0
16.538462,16.532873,121,149,28,226,48,2,71,187,0,0,0,0,0,0,0,0
16.758242,16.743694,123,149,29,233,56,3,75,187,128,0,0,0,0,0,0,0
17.032967,17.010485,122,150,29,228,60,2,69,188,0,0,0,0,0,0,0,0
17.252747,17.222900,122,148,27,228,50,2,64,185,128,0,0,0,0,0,0,0
17.472527,17.459131,122,150,29,232,61,2,55,188,0,0,0,0,0,0,0,0
17.747253,17.725985,122,150,30,232,49,3,66,188,0,0,0,0,0,0,0,0
17.967033,17.936939,122,150,28,231,50,3,65,187,128,0,0,0,0,0,0,0
18.186813,18.174427,121,151,28,231,49,3,79,187,0,0,0,0,0,0,0,0
18.461538,18.441629,122,152,28,229,49,2,71,188,128,0,0,0,0,0,0,0
18.681318,18.654087,122,151,28,233,48,2,69,187,128,0,0,0,0,0,0,0
18.901098,18.890804,121,151,29,224,55,2,72,188,0,0,0,0,0,0,0,0
19.175825,19.156399,122,151,30,232,70,2,59,188,128,0,0,0,0,0,0,0
19.395605,19.367847,121,150,30,230,60,3,66,188,0,0,0,0,0,0,0,0
19.615385,19.604528,122,151,29,228,54,3,63,188,128,0,0,0,0,0,0,0
19.890110,19.869190,121,150,28,229,57,2,65,187,128,0,0,0,0,0,0,0
20.109890,20.080351,122,149,29,231,56,2,69,188,0,0,0,0,0,0,0,0
20.329670,20.317890,122,150,29,227,57,3,69,187,128,0,0,0,0,0,0,0
20.604395,20.584631,121,149,28,229,57,2,53,187,0,0,0,0,0,0,0,0
20.824175,20.795874,122,150,29,230,56,3,74,188,128,0,0,0,0,0,0,0
21.043957,21.034481,122,149,27,227,55,3,64,187,128,0,0,0,0,0,0,0
21.318682,21.300930,121,149,29,228,59,3,71,187,0,0,0,0,0,0,0,0
21.538462,21.511209,122,147,28,223,58,2,71,187,128,0,0,0,0,0,0,0
21.758242,21.748831,122,145,29,223,73,2,62,188,0,0,0,0,0,0,0,0
22.032967,22.014786,122,145,27,219,76,2,57,188,0,0,0,0,0,0,0,0
22.252747,22.224731,122,144,27,221,76,2,61,188,128,0,0,0,0,0,0,0
22.472527,22.464165,122,141,26,209,76,2,56,188,0,0,0,0,0,0,0,0
22.747253,22.732677,121,142,27,223,79,2,64,188,128,0,0,0,0,0,0,0
22.967033,22.942314,122,140,27,216,79,3,55,188,0,0,0,0,0,0,0,0
23.186813,23.180754,121,142,27,222,79,2,56,188,0,0,0,0,0,0,0,0
23.461538,23.447807,122,141,28,217,80,3,64,189,128,0,0,0,0,0,0,0
23.681318,23.659826,122,141,28,216,69,3,66,187,0,0,0,0,0,0,0,0
23.956043,23.925323,122,141,28,226,68,2,56,187,128,0,0,0,0,0,0,0
24.175825,24.163561,122,143,27,220,68,2,74,188,0,0,0,0,0,0,0,0
24.395605,24.374071,122,141,28,225,67,3,58,187,0,0,0,0,0,0,0,0
24.670330,24.639153,122,142,28,221,77,2,67,187,128,0,0,0,0,0,0,0
24.890110,24.877390,122,144,28,223,71,3,63,187,0,0,0,0,0,0,0,0
25.109890,25.088423,122,143,27,223,70,2,59,189,128,0,0,0,0,0,0,0
25.384615,25.355114,122,143,27,223,71,2,62,188,128,0,0,0,0,0,0,0
25.604395,25.593664,122,144,29,225,63,3,72,188,0,0,0,0,0,0,0,0
25.824175,25.805431,122,145,27,225,59,2,68,187,128,0,0,0,0,0,0,0
26.098902,26.069675,122,146,29,225,60,2,63,187,0,0,0,0,0,0,0,0
26.318682,26.308172,122,144,28,223,60,2,72,187,128,0,0,0,0,0,0,0
26.538462,26.519598,122,146,27,225,60,3,68,186,128,0,0,0,0,0,0,0
26.813187,26.784286,121,146,27,227,60,2,66,189,0,0,0,0,0,0,0,0
27.032967,27.023144,122,147,28,226,65,2,63,187,128,0,0,0,0,0,0,0
27.252747,27.235119,122,147,29,228,64,3,71,188,0,0,0,0,0,0,0,0
27.527473,27.498634,122,148,28,226,62,3,60,188,0,0,0,0,0,0,0,0
27.747253,27.737761,119,148,27,227,54,3,67,183,128,0,0,0,0,0,0,0
27.967033,27.949259,122,149,28,227,64,3,77,188,0,0,0,0,0,0,0,0
28.241758,28.214594,122,148,28,224,60,3,68,187,128,0,0,0,0,0,0,0
28.461538,28.452366,122,148,29,227,65,2,58,188,0,0,0,0,0,0,0,0
28.681318,28.662613,121,147,28,227,67,2,66,187,0,0,0,0,0,0,0,0
28.956043,28.928011,121,146,27,221,70,2,64,187,128,0,0,0,0,0,0,0
29.175825,29.165775,121,145,28,219,72,2,47,187,0,0,0,0,0,0,0,0
29.395605,29.377853,122,143,27,222,70,2,57,187,128,0,0,0,0,0,0,0
29.670330,29.641216,122,145,29,223,77,2,60,188,0,0,0,0,0,0,0,0
29.890110,29.880438,121,143,27,224,66,2,68,187,0,0,0,0,0,0,0,0
30.109890,30.090446,121,143,27,222,72,3,66,187,128,0,0,0,0,0,0,0
30.384615,30.355362,122,143,27,228,74,2,57,187,0,0,0,0,0,0,0,0
30.604395,30.594322,121,144,27,222,69,2,75,187,128,0,0,0,0,0,0,0
30.824175,30.805725,122,145,28,224,50,2,68,189,0,0,0,0,0,0,0,0
31.098902,31.072102,123,145,28,224,52,3,79,189,0,0,0,0,0,0,0,0
31.318682,31.283323,121,145,27,229,54,3,74,187,128,0,0,0,0,0,0,0
31.538462,31.522154,121,147,29,227,57,3,69,187,0,0,0,0,0,0,0,0
31.813187,31.788069,121,148,29,225,59,2,75,187,128,0,0,0,0,0,0,0
32.032967,31.999268,123,147,27,227,60,2,67,187,0,0,0,0,0,0,0,0
32.252747,32.236557,119,146,28,226,65,3,72,188,0,0,0,0,0,0,0,0
32.527473,32.502621,122,146,27,225,75,3,64,188,128,0,0,0,0,0,0,0
32.747253,32.714436,122,146,27,223,74,2,55,188,0,0,0,0,0,0,0,0
32.967033,32.952515,122,147,28,224,76,2,63,183,128,0,0,0,0,0,0,0
33.241756,33.219955,122,146,29,226,61,2,59,188,128,0,0,0,0,0,0,0
33.461540,33.432167,121,147,28,227,62,2,79,187,0,0,0,0,0,0,0,0
33.681320,33.672070,121,145,27,221,62,2,72,187,128,0,0,0,0,0,0,0
33.956043,33.938446,122,144,27,221,77,2,70,188,0,0,0,0,0,0,0,0
34.175823,34.150677,122,144,28,223,84,2,52,188,128,0,0,0,0,0,0,0
34.450550,34.416328,122,143,28,223,87,2,58,187,128,0,0,0,0,0,0,0
34.670330,34.653744,122,143,27,221,78,2,55,187,0,0,0,0,0,0,0,0
34.890110,34.865280,122,144,27,221,72,2,68,188,128,0,0,0,0,0,0,0
35.164837,35.132759,122,143,28,221,64,3,63,188,0,0,0,0,0,0,0,0
35.384617,35.370842,122,144,27,224,64,3,76,187,128,0,0,0,0,0,0,0
35.604397,35.582031,122,146,29,227,66,3,77,187,128,0,0,0,0,0,0,0
35.879120,35.848724,122,146,28,222,68,3,76,188,0,0,0,0,0,0,0,0
36.098900,36.087215,121,144,29,225,73,2,82,187,128,0,0,0,0,0,0,0
36.318680,36.296692,121,143,28,222,80,2,72,187,0,0,0,0,0,0,0,0
36.593407,36.562866,122,143,27,221,90,3,63,189,0,0,0,0,0,0,0,0
36.813187,36.801723,122,142,27,220,93,2,60,188,128,0,0,0,0,0,0,0
37.032967,37.011978,121,141,28,219,93,2,52,188,0,0,0,0,0,0,0,0
37.307693,37.278877,122,140,26,217,92,3,64,188,0,0,0,0,0,0,0,0
37.527473,37.493187,122,138,27,214,91,2,63,188,0,0,0,0,0,0,0,0
37.747253,37.729652,121,137,27,215,94,2,56,187,0,0,0,0,0,0,0,0
38.021976,37.995880,122,135,27,215,93,2,67,183,128,0,0,0,0,0,0,0
38.241756,38.207951,121,136,27,218,109,2,56,188,0,0,0,0,0,0,0,0
38.461540,38.446499,121,137,27,217,102,2,47,188,128,0,0,0,0,0,0,0
38.736263,38.711010,121,138,27,218,83,3,66,187,0,0,0,0,0,0,0,0
38.956043,38.922665,122,139,28,222,76,2,77,188,0,0,0,0,0,0,0,0
39.175823,39.160694,122,140,28,224,68,2,64,188,128,0,0,0,0,0,0,0
39.450550,39.427544,122,142,27,225,65,3,79,188,0,0,0,0,0,0,0,0
39.670330,39.639095,121,142,27,222,63,2,79,187,128,0,0,0,0,0,0,0
39.890110,39.875874,122,143,27,226,65,2,82,188,128,0,0,0,0,0,0,0
40.164837,40.141579,123,144,29,224,74,2,74,187,0,0,0,0,0,0,0,0
40.384617,40.353706,122,145,28,226,75,2,64,187,128,0,0,0,0,0,0,0
40.659340,40.621330,122,140,26,218,86,2,63,188,0,0,0,0,0,0,0,0
40.879120,40.857643,122,143,29,226,100,2,45,184,0,0,0,0,0,0,0,0
41.098900,41.070290,122,145,28,225,71,2,71,188,128,0,0,0,0,0,0,0
41.373627,41.336727,121,145,29,230,61,2,79,186,0,0,0,0,0,0,0,0
41.593407,41.575478,122,147,28,227,54,3,88,190,128,0,0,0,0,0,0,0
41.813187,41.786411,122,148,28,224,46,2,98,187,0,0,0,0,0,0,0,0
42.087914,42.051960,122,147,29,225,55,3,91,183,128,0,0,0,0,0,0,0
42.307693,42.290504,122,146,27,220,79,2,63,188,128,0,0,0,0,0,0,0
42.527473,42.501678,122,144,26,215,105,3,63,188,0,0,0,0,0,0,0,0
42.802197,42.768600,122,141,26,217,104,2,38,184,128,0,0,0,0,0,0,0
43.021976,43.006889,122,139,26,214,112,2,39,188,0,0,0,0,0,0,0,0
43.241756,43.218075,122,137,26,216,107,3,40,188,0,0,0,0,0,0,0,0
43.516483,43.482475,122,138,26,216,91,3,55,188,128,0,0,0,0,0,0,0
43.736263,43.722065,122,137,27,213,78,3,67,188,0,0,0,0,0,0,0,0
43.956043,43.934044,122,137,28,216,79,2,72,187,128,0,0,0,0,0,0,0
44.230770,44.200211,122,137,27,218,79,2,64,188,0,0,0,0,0,0,0,0
44.450550,44.437351,121,137,26,213,87,2,73,188,0,0,0,0,0,0,0,0
44.670330,44.648388,122,136,28,215,88,3,63,188,128,0,0,0,0,0,0,0
44.945053,44.915909,115,137,28,219,96,250,48,177,0,0,0,0,0,0,0,0
45.164837,45.126526,115,138,28,217,83,251,76,173,128,0,0,0,0,0,0,0
45.384617,45.364563,114,139,28,220,81,250,57,175,0,0,0,0,0,0,0,0
45.659340,45.629742,114,139,28,218,76,250,76,176,0,0,0,0,0,0,0,0
45.879120,45.842388,114,140,28,221,73,250,85,175,128,0,0,0,0,0,0,0
46.098900,46.081768,122,141,27,221,77,253,78,185,0,0,0,0,0,0,0,0
46.373627,46.348331,121,140,28,218,81,252,64,187,128,0,0,0,0,0,0,0
46.593407,46.557621,122,140,28,217,93,252,63,188,0,0,0,0,0,0,0,0
46.813187,46.796177,121,142,29,223,91,252,53,188,0,0,0,0,0,0,0,0
47.087914,47.063332,121,143,27,226,79,253,68,188,128,0,0,0,0,0,0,0
47.307693,47.273685,122,142,26,219,73,252,75,187,0,0,0,0,0,0,0,0
47.527473,47.510727,122,141,28,219,81,252,71,188,128,0,0,0,0,0,0,0
47.802197,47.777519,121,139,26,218,85,252,61,188,128,0,0,0,0,0,0,0
48.021976,47.989391,121,139,27,218,101,253,59,188,0,0,0,0,0,0,0,0
48.296703,48.256855,122,138,26,218,101,253,53,187,128,0,0,0,0,0,0,0
48.516483,48.495411,121,138,27,216,91,253,52,188,0,0,0,0,0,0,0,0
48.736263,48.704365,122,138,26,215,84,252,64,187,0,0,0,0,0,0,0,0
49.010990,48.970066,122,137,26,215,81,252,66,188,128,0,0,0,0,0,0,0
49.230770,49.208359,122,139,28,221,84,252,71,187,0,0,0,0,0,0,0,0
49.450550,49.419544,122,139,28,219,84,253,55,191,128,0,0,0,0,0,0,0
49.725273,49.684834,122,138,26,217,74,252,71,188,0,0,0,0,0,0,0,0
49.945053,49.923695,122,138,28,223,76,252,76,190,128,0,0,0,0,0,0,0
50.164837,50.135403,122,141,28,222,85,252,63,188,128,0,0,0,0,0,0,0
50.439560,50.401993,122,142,29,223,73,253,64,188,0,0,0,0,0,0,0,0
50.659340,50.640747,121,143,28,222,73,252,86,188,128,0,0,0,0,0,0,0
50.879120,50.852093,122,143,28,222,67,252,71,188,0,0,0,0,0,0,0,0
51.153847,51.116085,122,143,29,222,73,253,71,187,0,0,0,0,0,0,0,0
51.373627,51.333485,122,143,28,215,78,253,76,187,128,0,0,0,0,0,0,0
51.593407,51.572792,121,142,28,219,81,253,63,188,0,0,0,0,0,0,0,0
51.868134,51.843430,122,143,28,221,89,252,63,188,128,0,0,0,0,0,0,0
52.087914,52.054726,122,144,28,225,83,252,68,186,0,0,0,0,0,0,0,0
52.307693,52.291454,122,144,27,223,80,253,77,188,0,0,0,0,0,0,0,0
52.582417,52.558468,122,143,27,221,75,253,67,188,128,0,0,0,0,0,0,0
52.802197,52.768818,122,143,28,219,83,253,66,188,0,0,0,0,0,0,0,0
53.076923,53.035091,121,143,28,221,84,252,56,187,128,0,0,0,0,0,0,0
53.296703,53.272293,122,139,26,216,93,253,49,188,0,0,0,0,0,0,0,0
53.516483,53.483425,122,139,27,213,105,253,55,187,0,0,0,0,0,0,0,0
53.791210,53.750267,122,136,26,210,114,252,48,189,128,0,0,0,0,0,0,0
54.010990,53.989395,122,136,27,216,101,253,50,187,0,0,0,0,0,0,0,0
54.230770,54.201675,121,138,27,217,88,252,71,187,128,0,0,0,0,0,0,0
54.505493,54.466549,122,138,28,216,70,253,74,188,128,0,0,0,0,0,0,0
54.725273,54.705616,122,139,28,219,70,253,87,187,0,0,0,0,0,0,0,0
54.945053,54.916908,122,140,28,226,72,252,79,187,128,0,0,0,0,0,0,0
55.219780,55.182610,121,141,28,221,70,252,71,188,0,0,0,0,0,0,0,0
55.439560,55.420017,122,142,27,224,70,252,72,188,0,0,0,0,0,0,0,0
55.659340,55.630219,122,143,28,221,80,252,67,188,128,0,0,0,0,0,0,0
55.934067,55.897217,122,141,27,216,81,253,69,188,0,0,0,0,0,0,0,0
56.153847,56.110554,122,139,28,218,96,252,49,188,128,0,0,0,0,0,0,0
56.373627,56.347687,122,140,28,215,97,253,46,188,0,0,0,0,0,0,0,0
56.648350,56.614140,121,138,26,212,95,252,61,188,128,0,0,0,0,0,0,0
56.868134,56.825630,122,136,27,214,95,252,63,187,128,0,0,0,0,0,0,0
57.087914,57.063656,121,135,26,214,95,253,56,191,0,0,0,0,0,0,0,0
57.362637,57.328308,121,135,26,214,95,253,56,191,0,0,0,0,0,0,0,0
57.582417,57.542988,122,135,27,214,97,2,47,188,0,0,0,0,0,0,0,0
57.802197,57.779354,122,137,26,210,92,2,71,188,0,0,0,0,0,0,0,0
58.076923,58.044956,122,137,26,214,82,2,66,188,128,0,0,0,0,0,0,0
58.296703,58.256927,121,137,28,216,81,3,75,187,0,0,0,0,0,0,0,0
58.516483,58.496929,122,137,26,218,88,252,67,188,128,0,0,0,0,0,0,0
58.791210,58.762779,121,137,27,220,97,253,60,187,0,0,0,0,0,0,0,0
59.010990,58.973297,123,139,28,219,86,252,55,189,0,0,0,0,0,0,0,0
59.230770,59.211952,120,140,28,220,84,253,63,187,128,0,0,0,0,0,0,0
59.505493,59.476563,122,140,27,216,80,253,59,187,0,0,0,0,0,0,0,0
59.725273,59.688744,121,141,27,219,74,2,66,187,128,0,0,0,0,0,0,0
60.000000,59.954662,122,141,28,217,74,3,64,189,128,0,0,0,0,0,0,0
60.219780,60.192425,121,143,27,221,75,3,68,183,0,0,0,0,0,0,0,0
60.439560,60.405437,122,144,29,225,67,2,76,189,128,0,0,0,0,0,0,0
60.714287,60.673737,122,145,29,227,62,253,72,188,0,0,0,0,0,0,0,0
60.934067,60.909164,122,145,29,227,62,252,77,188,128,0,0,0,0,0,0,0
61.153847,61.120354,121,147,28,224,62,253,85,188,128,0,0,0,0,0,0,0
61.428570,61.386211,118,147,28,226,66,253,72,188,0,0,0,0,0,0,0,0
61.648350,61.627102,123,147,29,226,73,2,85,189,128,0,0,0,0,0,0,0
61.868134,61.836994,122,146,27,223,77,2,68,183,0,0,0,0,0,0,0,0
62.142857,62.102489,122,144,28,223,84,2,73,187,0,0,0,0,0,0,0,0
62.362637,62.341248,121,142,27,223,96,2,70,187,128,0,0,0,0,0,0,0
62.582417,62.554050,121,142,27,223,95,253,56,187,0,0,0,0,0,0,0,0
62.857143,62.820068,122,142,27,219,92,252,63,187,128,0,0,0,0,0,0,0
63.076923,63.031513,122,143,28,216,84,252,59,182,0,0,0,0,0,0,0,0
63.296703,63.267250,122,142,26,217,72,253,64,187,0,0,0,0,0,0,0,0
63.571430,63.534309,122,140,26,217,72,253,69,187,128,0,0,0,0,0,0,0
63.791210,63.746758,122,141,29,222,83,2,72,187,0,0,0,0,0,0,0,0
64.010986,63.983536,121,142,26,217,83,2,59,188,128,0,0,0,0,0,0,0
64.285713,64.250175,122,140,28,217,89,3,64,188,0,0,0,0,0,0,0,0
64.505493,64.463387,122,139,26,216,99,3,60,188,128,0,0,0,0,0,0,0
64.725273,64.701889,122,139,28,221,91,253,47,188,128,0,0,0,0,0,0,0
65.000000,64.967072,122,138,27,214,83,253,63,187,0,0,0,0,0,0,0,0
65.219780,65.178574,122,136,26,216,92,253,56,188,128,0,0,0,0,0,0,0
65.439560,65.416649,122,136,27,216,93,252,59,187,0,0,0,0,0,0,0,0
65.714287,65.681839,122,137,27,216,93,253,64,190,0,0,0,0,0,0,0,0
65.934067,65.893387,122,139,27,221,79,2,74,188,128,0,0,0,0,0,0,0
66.153847,66.132713,122,138,27,220,79,3,80,188,0,0,0,0,0,0,0,0
66.428574,66.399406,123,141,28,226,74,2,68,188,128,0,0,0,0,0,0,0
66.648354,66.612045,122,142,27,221,70,2,67,187,0,0,0,0,0,0,0,0
66.923080,66.878799,122,142,28,217,71,253,64,186,0,0,0,0,0,0,0,0
67.142860,67.117844,122,141,27,217,79,252,64,187,128,0,0,0,0,0,0,0
67.362640,67.329628,122,142,27,220,82,252,64,188,0,0,0,0,0,0,0,0
67.637360,67.594597,119,140,27,218,87,252,61,182,128,0,0,0,0,0,0,0
67.857140,67.808754,122,141,27,220,101,2,58,188,0,0,0,0,0,0,0,0
68.076920,68.046364,122,140,26,219,87,2,48,188,0,0,0,0,0,0,0,0
68.351646,68.313721,120,141,28,222,88,3,75,188,128,0,0,0,0,0,0,0
68.571426,68.525597,122,143,28,225,74,3,52,187,0,0,0,0,0,0,0,0
68.791206,68.764206,121,144,28,222,55,2,89,187,128,0,0,0,0,0,0,0
69.065933,69.028496,120,143,27,220,61,3,79,187,128,0,0,0,0,0,0,0
69.285713,69.238602,122,144,27,222,78,2,79,187,0,0,0,0,0,0,0,0
69.505493,69.476997,122,144,29,223,75,3,57,188,128,0,0,0,0,0,0,0
69.780220,69.744461,122,145,27,223,81,2,62,188,0,0,0,0,0,0,0,0
70.000000,69.953568,122,143,28,222,80,2,63,186,0,0,0,0,0,0,0,0
70.219780,70.191605,122,143,27,225,80,2,52,188,128,0,0,0,0,0,0,0
70.494507,70.459541,121,143,29,223,68,2,63,188,0,0,0,0,0,0,0,0
70.714287,70.671410,121,143,27,224,70,0,64,188,128,0,0,0,0,0,0,0
70.934067,70.910683,122,143,26,219,62,2,79,188,0,0,0,0,0,0,0,0
71.208794,71.177422,122,144,28,221,69,2,72,189,128,0,0,0,0,0,0,0
71.428574,71.387474,122,144,28,225,70,2,79,188,128,0,0,0,0,0,0,0
71.703300,71.655098,124,143,27,221,72,2,72,191,0,0,0,0,0,0,0,0
71.923080,71.893501,122,143,27,225,83,3,43,188,128,0,0,0,0,0,0,0
72.142860,72.103592,120,142,27,219,83,3,56,186,0,0,0,0,0,0,0,0
72.417580,72.368729,122,142,27,220,84,2,43,190,128,0,0,0,0,0,0,0
72.637360,72.607529,121,142,27,220,78,2,64,186,128,0,0,0,0,0,0,0
72.857140,72.821068,122,142,28,223,72,2,59,188,0,0,0,0,0,0,0,0
73.131866,73.085510,122,143,28,225,71,3,51,188,128,0,0,0,0,0,0,0
73.351646,73.324371,122,144,27,221,59,3,79,188,0,0,0,0,0,0,0,0
73.571426,73.534111,122,142,28,220,60,2,57,188,0,0,0,0,0,0,0,0
73.846153,73.800346,121,142,26,220,76,2,71,188,128,0,0,0,0,0,0,0
74.065933,74.039452,120,142,28,221,76,3,56,187,0,0,0,0,0,0,0,0
74.285713,74.251839,122,143,27,219,73,2,44,188,128,0,0,0,0,0,0,0
74.560440,74.516190,122,145,29,228,70,2,63,188,0,0,0,0,0,0,0,0
74.780220,74.753960,122,145,28,230,72,2,64,187,0,0,0,0,0,0,0,0
75.000000,74.966087,121,147,29,231,42,3,83,187,128,0,0,0,0,0,0,0
75.274727,75.230644,122,147,28,223,37,2,79,188,0,0,0,0,0,0,0,0
75.494507,75.470024,121,147,29,230,53,3,85,187,128,0,0,0,0,0,0,0
75.714287,75.679878,121,148,28,229,61,2,58,188,128,0,0,0,0,0,0,0
75.989014,75.944733,122,148,28,224,62,3,56,188,0,0,0,0,0,0,0,0
76.208794,76.183914,121,145,27,219,63,2,64,187,128,0,0,0,0,0,0,0
76.428574,76.394966,121,146,29,226,66,3,39,187,0,0,0,0,0,0,0,0
76.703300,76.660500,121,146,27,223,65,2,56,187,128,0,0,0,0,0,0,0
76.923080,76.898415,121,145,27,222,66,2,69,188,128,0,0,0,0,0,0,0
77.142860,77.110443,121,148,29,233,61,2,56,188,0,0,0,0,0,0,0,0
77.417580,77.377083,122,147,28,227,38,2,80,187,128,0,0,0,0,0,0,0
77.637360,77.588737,122,148,29,227,52,2,76,188,0,0,0,0,0,0,0,0
77.857140,77.825668,121,148,29,231,53,3,51,187,0,0,0,0,0,0,0,0
78.131866,78.092522,122,148,28,224,52,2,64,188,128,0,0,0,0,0,0,0
78.351646,78.304337,122,148,27,226,52,2,63,184,0,0,0,0,0,0,0,0
78.571426,78.541840,122,150,28,230,55,2,76,187,128,0,0,0,0,0,0,0
78.846153,78.806870,122,149,29,225,47,2,68,188,0,0,0,0,0,0,0,0
79.065933,79.020248,121,149,28,228,46,3,74,187,0,0,0,0,0,0,0,0
79.285713,79.258430,122,150,30,229,48,3,80,187,128,0,0,0,0,0,0,0
79.560440,79.524651,122,151,30,233,48,2,64,187,0,0,0,0,0,0,0,0
79.780220,79.735161,122,152,29,226,44,2,63,188,128,0,0,0,0,0,0,0
80.054947,80.002937,122,152,29,233,45,3,53,187,0,0,0,0,0,0,0,0
80.274727,80.240311,120,152,28,233,41,2,51,187,128,0,0,0,0,0,0,0
80.494507,80.451904,122,152,28,232,35,3,55,189,128,0,0,0,0,0,0,0
80.769234,80.719292,122,153,30,237,34,3,58,187,0,0,0,0,0,0,0,0
80.989014,80.956421,122,155,29,238,30,3,64,188,128,0,0,0,0,0,0,0
81.208794,81.171097,122,157,30,241,23,2,68,187,0,0,0,0,0,0,0,0
81.483513,81.437309,122,157,30,237,24,2,70,188,0,0,0,0,0,0,0,0
81.703300,81.676849,122,159,31,245,23,3,56,188,128,0,0,0,0,0,0,0
81.923080,81.887581,122,160,31,244,24,2,64,188,0,0,0,0,0,0,0,0
82.197800,82.154404,122,161,30,245,24,3,56,187,128,0,0,0,0,0,0,0
82.417580,82.366653,122,163,29,243,24,2,45,188,0,0,0,0,0,0,0,0
82.637360,82.604118,122,162,29,243,23,2,38,188,0,0,0,0,0,0,0,0
82.912086,82.871109,122,165,31,250,23,2,52,188,128,0,0,0,0,0,0,0
83.131866,83.082901,122,169,31,253,23,3,60,188,0,0,0,0,0,0,0,0
83.351646,83.322990,122,171,31,254,24,2,47,188,128,0,0,0,0,0,0,0
83.626373,83.591339,122,172,31,255,55,3,53,187,129,0,0,0,0,0,0,0
83.846153,83.804710,122,172,33,255,156,2,1,188,1,0,0,0,0,0,0,0
84.120880,84.073433,122,176,34,255,192,3,2,189,129,0,0,0,0,0,0,0
84.340660,84.288994,123,182,35,255,191,3,0,189,1,0,0,0,0,0,0,0
84.560440,84.526306,122,195,37,255,191,3,0,189,1,0,0,0,0,0,0,0
84.835167,84.794914,122,208,40,255,191,2,4,189,129,0,0,0,0,0,0,0
85.054947,85.007027,122,227,44,255,192,2,1,189,1,0,0,0,0,0,0,0
85.329674,85.276253,122,250,48,255,191,2,2,189,129,0,0,0,0,0,0,0
85.549454,85.515289,123,255,52,255,191,3,11,189,1,0,0,0,0,0,0,0
85.769234,85.727043,122,255,57,255,191,2,15,188,129,0,0,0,0,0,0,0
86.043953,85.993950,123,255,61,255,191,2,23,189,129,0,0,0,0,0,0,0
86.263733,86.234268,122,255,67,255,192,2,37,188,1,0,0,0,0,0,0,0
86.483513,86.445923,122,255,72,255,192,2,41,188,129,0,0,0,0,0,0,0
86.758240,86.713966,122,255,77,255,192,2,56,189,1,0,0,0,0,0,0,0
86.978020,86.926300,122,255,81,255,191,2,74,187,129,0,0,0,0,0,0,0
87.197800,87.163284,122,255,87,255,192,3,98,187,129,0,0,0,0,0,0,0
87.472527,87.430550,121,255,89,255,191,2,97,187,1,0,0,0,0,0,0,0
87.692307,87.643303,121,255,97,255,192,2,114,187,129,0,0,0,0,0,0,0
87.912086,87.883354,122,255,101,255,191,2,113,187,1,0,0,0,0,0,0,0
88.186813,88.149628,121,255,106,255,190,2,117,187,129,0,0,0,0,0,0,0
88.406593,88.362328,121,255,109,255,191,3,112,187,129,0,0,0,0,0,0,0
88.681320,88.631355,121,255,114,255,189,3,108,186,1,0,0,0,0,0,0,0
88.901100,88.871414,121,255,117,255,191,2,118,187,129,0,0,0,0,0,0,0
89.120880,89.084015,121,255,119,255,190,3,111,187,1,0,0,0,0,0,0,0
89.395607,89.351173,121,255,122,255,192,2,104,187,1,0,0,0,0,0,0,0
89.615387,89.563507,121,255,123,255,192,2,116,186,129,0,0,0,0,0,0,0
89.835167,89.803139,122,255,125,255,191,3,98,188,1,0,0,0,0,0,0,0
90.109894,90.071030,122,255,127,255,192,2,85,188,129,0,0,0,0,0,0,0
90.329674,90.283058,122,255,128,255,192,3,56,188,1,0,0,0,0,0,0,0
90.604393,90.550003,122,255,129,255,192,2,53,188,1,0,0,0,0,0,0,0
90.824173,90.790642,122,255,132,255,191,3,28,188,129,0,0,0,0,0,0,0
91.043953,91.004631,122,255,133,255,192,2,17,188,1,0,0,0,0,0,0,0
91.318680,91.271690,122,255,134,255,192,3,5,189,129,0,0,0,0,0,0,0
91.538460,91.484962,122,255,138,255,191,3,6,188,1,0,0,0,0,0,0,0
91.758240,91.723564,122,255,139,255,191,2,12,188,1,0,0,0,0,0,0,0
92.032967,91.991341,122,255,141,255,192,3,27,188,129,0,0,0,0,0,0,0
92.252747,92.202423,122,255,146,255,191,1,42,188,1,0,0,0,0,0,0,0
92.472527,92.441544,122,255,149,255,192,2,55,188,129,0,0,0,0,0,0,0
92.747253,92.708237,122,255,151,255,191,2,62,188,129,0,0,0,0,0,0,0
92.967033,92.920212,122,255,155,255,190,3,85,187,1,0,0,0,0,0,0,0
93.241760,93.186897,121,255,157,255,192,2,88,188,129,0,0,0,0,0,0,0
93.461540,93.426750,121,255,158,255,190,2,84,188,1,0,0,0,0,0,0,0
93.681320,93.640480,122,255,158,255,191,2,94,188,129,0,0,0,0,0,0,0
93.956047,93.905304,121,255,158,255,192,3,87,188,129,0,0,0,0,0,0,0
94.175827,94.118835,122,255,159,255,190,3,84,187,1,0,0,0,0,0,0,0
94.395607,94.358429,122,255,159,255,191,2,82,188,129,0,0,0,0,0,0,0
94.670326,94.625221,122,255,160,255,191,3,67,188,1,0,0,0,0,0,0,0
94.890106,94.837029,122,255,160,255,191,2,63,188,129,0,0,0,0,0,0,0
95.109894,95.076256,122,255,161,255,191,2,63,188,1,0,0,0,0,0,0,0
95.384613,95.344093,122,255,161,255,191,2,52,187,1,0,0,0,0,0,0,0
95.604393,95.555489,122,255,161,255,191,3,49,189,129,0,0,0,0,0,0,0
95.879120,95.823898,122,255,162,255,192,2,52,188,1,0,0,0,0,0,0,0
96.098900,96.063744,122,255,162,255,192,2,48,188,129,0,0,0,0,0,0,0
96.318680,96.276337,122,255,162,255,191,3,50,188,129,0,0,0,0,0,0,0
96.593407,96.541840,122,255,163,255,191,2,52,188,1,0,0,0,0,0,0,0
96.813187,96.754829,122,255,163,255,190,2,58,187,129,0,0,0,0,0,0,0
97.032967,96.995834,122,255,164,255,190,2,60,188,1,0,0,0,0,0,0,0
97.307693,97.262161,122,255,164,255,192,3,50,188,1,0,0,0,0,0,0,0
97.527473,97.474236,121,255,165,255,191,3,54,188,129,0,0,0,0,0,0,0
97.747253,97.714394,122,255,165,255,191,3,58,188,1,0,0,0,0,0,0,0
98.021980,97.981354,122,255,166,255,191,2,71,188,129,0,0,0,0,0,0,0
98.241760,98.192024,122,255,165,255,192,2,76,188,129,0,0,0,0,0,0,0
98.516487,98.458862,122,255,166,255,191,2,82,187,1,0,0,0,0,0,0,0
98.736267,98.698509,122,255,167,255,191,2,84,188,129,0,0,0,0,0,0,0
98.956047,98.912399,122,255,167,255,191,3,79,188,1,0,0,0,0,0,0,0
99.230766,99.179306,122,255,167,255,192,3,87,187,129,0,0,0,0,0,0,0
99.450546,99.417740,122,255,168,255,190,2,72,188,1,0,0,0,0,0,0,0
99.670326,99.629921,122,255,169,255,191,2,70,187,1,0,0,0,0,0,0,0
99.945053,99.898064,122,255,169,255,190,2,66,188,129,0,0,0,0,0,0,0
100.164833,100.109985,122,255,170,255,191,2,65,188,1,0,0,0,0,0,0,0
100.384613,100.349060,122,255,169,255,191,2,48,188,1,0,0,0,0,0,0,0
100.659340,100.616524,122,255,170,255,191,2,45,188,129,0,0,0,0,0,0,0
100.879120,100.829384,121,255,170,255,192,3,42,187,1,0,0,0,0,0,0,0
101.153847,101.096802,122,255,171,255,190,3,39,188,129,0,0,0,0,0,0,0
101.373627,101.335449,122,255,171,255,191,1,36,188,1,0,0,0,0,0,0,0
101.593407,101.547432,122,255,172,255,190,2,39,188,1,0,0,0,0,0,0,0
101.868134,101.815208,122,255,172,255,192,2,53,188,129,0,0,0,0,0,0,0
102.087914,102.028946,122,255,173,255,190,2,59,188,1,0,0,0,0,0,0,0
102.307693,102.267006,121,255,173,255,191,3,58,188,129,0,0,0,0,0,0,0
102.582420,102.535263,122,255,174,255,190,2,54,188,1,0,0,0,0,0,0,0
102.802200,102.748436,122,255,174,255,191,2,65,187,1,0,0,0,0,0,0,0
103.076920,103.016403,121,255,175,255,189,3,65,188,129,0,0,0,0,0,0,0
103.296700,103.254822,122,255,176,255,191,2,79,187,1,0,0,0,0,0,0,0
103.516487,103.467682,122,255,176,255,191,2,61,188,129,0,0,0,0,0,0,0
103.791206,103.734680,122,255,176,255,191,2,64,188,1,0,0,0,0,0,0,0
104.010986,103.974953,122,255,177,255,191,2,63,187,1,0,0,0,0,0,0,0
104.230766,104.187492,121,255,177,255,191,2,54,187,129,0,0,0,0,0,0,0
104.505493,104.455475,122,255,178,255,190,2,64,187,1,0,0,0,0,0,0,0
104.725273,104.667709,122,255,178,255,191,3,67,187,129,0,0,0,0,0,0,0
104.945053,104.906776,122,255,179,255,191,3,64,188,129,0,0,0,0,0,0,0
105.219780,105.173828,122,255,179,255,192,2,64,187,1,0,0,0,0,0,0,0
105.439560,105.386581,122,255,180,255,190,1,66,187,129,0,0,0,0,0,0,0
105.714287,105.652748,122,255,180,255,191,2,55,188,1,0,0,0,0,0,0,0
105.934067,105.891563,122,255,181,255,191,3,58,188,129,0,0,0,0,0,0,0
106.153847,106.104881,122,255,181,255,191,2,56,188,129,0,0,0,0,0,0,0
106.428574,106.372299,122,255,182,255,191,3,50,188,1,0,0,0,0,0,0,0
106.648354,106.611938,121,255,182,255,190,2,64,187,129,0,0,0,0,0,0,0
106.868134,106.823311,122,255,183,255,191,3,64,188,1,0,0,0,0,0,0,0
107.142860,107.090080,122,255,183,255,191,3,59,188,1,0,0,0,0,0,0,0
107.362640,107.304085,122,255,184,255,191,2,58,188,129,0,0,0,0,0,0,0
107.582420,107.544449,122,255,184,255,190,3,59,188,1,0,0,0,0,0,0,0
107.857140,107.810516,122,255,185,255,191,2,59,187,129,0,0,0,0,0,0,0
108.076920,108.023941,121,255,186,255,192,2,75,187,1,0,0,0,0,0,0,0
108.351646,108.291359,121,255,186,255,191,3,71,188,129,0,0,0,0,0,0,0
108.571426,108.530327,121,255,187,255,191,2,75,187,129,0,0,0,0,0,0,0
108.791206,108.742714,122,255,187,255,191,3,80,187,1,0,0,0,0,0,0,0
109.065933,109.010132,121,255,188,255,189,2,73,188,129,0,0,0,0,0,0,0
109.285713,109.224693,122,255,188,255,190,2,70,188,1,0,0,0,0,0,0,0
109.505493,109.462105,122,255,188,255,191,2,59,188,1,0,0,0,0,0,0,0
109.780220,109.729630,122,255,189,255,191,2,63,187,129,0,0,0,0,0,0,0
110.000000,109.941193,122,255,189,255,191,2,63,187,129,0,0,0,0,0,0,0
110.219780,110.180412,122,255,190,255,192,2,59,188,129,0,0,0,0,0,0,0
110.494507,110.447571,122,255,190,255,191,2,61,187,1,0,0,0,0,0,0,0
110.714287,110.659645,122,255,191,255,191,2,59,188,1,0,0,0,0,0,0,0
110.989014,110.927681,122,255,191,255,191,3,53,188,129,0,0,0,0,0,0,0
111.208794,111.167168,122,255,193,255,191,2,47,188,1,0,0,0,0,0,0,0
111.428574,111.384605,122,255,193,255,190,1,41,188,129,0,0,0,0,0,0,0
111.703300,111.653404,122,255,193,255,192,2,50,188,129,0,0,0,0,0,0,0
111.923080,111.866585,122,255,194,255,191,3,51,188,1,0,0,0,0,0,0,0
112.197800,112.135361,122,255,195,255,191,2,57,188,129,0,0,0,0,0,0,0
112.417580,112.377808,122,255,195,255,192,2,65,188,1,0,0,0,0,0,0,0
112.637360,112.590302,121,255,196,255,192,2,66,188,129,0,0,0,0,0,0,0
112.912086,112.856987,122,255,196,255,192,3,70,187,129,0,0,0,0,0,0,0
113.131866,113.069427,122,255,197,255,192,2,70,187,1,0,0,0,0,0,0,0
113.351646,113.309593,121,255,197,255,190,3,74,187,129,0,0,0,0,0,0,0
113.626373,113.578049,122,255,197,255,191,2,72,187,1,0,0,0,0,0,0,0
113.846153,113.789131,122,255,198,255,191,3,84,187,129,0,0,0,0,0,0,0
114.120880,114.056572,122,255,199,255,191,2,77,187,129,0,0,0,0,0,0,0
114.340660,114.297592,122,255,199,255,191,2,82,187,1,0,0,0,0,0,0,0
114.560440,114.512215,121,255,200,255,191,3,82,188,129,0,0,0,0,0,0,0
114.835167,114.778702,122,255,201,255,191,2,78,188,1,0,0,0,0,0,0,0
115.054947,114.991394,121,255,201,255,192,2,74,187,1,0,0,0,0,0,0,0
115.274727,115.232811,121,255,202,255,192,1,63,188,129,0,0,0,0,0,0,0
115.549454,115.500320,122,255,202,255,192,2,49,187,1,0,0,0,0,0,0,0
115.769234,115.713440,122,255,202,255,191,3,44,188,129,0,0,0,0,0,0,0
116.043953,115.981171,122,255,203,255,191,3,40,188,1,0,0,0,0,0,0,0
116.263733,116.221245,122,255,204,255,191,3,40,188,1,0,0,0,0,0,0,0
116.483513,116.435234,122,255,204,255,191,3,35,188,129,0,0,0,0,0,0,0
116.758240,116.703064,122,255,205,255,191,2,38,188,1,0,0,0,0,0,0,0
116.978020,116.914825,122,255,206,255,192,3,41,188,129,0,0,0,0,0,0,0
117.197800,117.154152,122,255,206,255,191,2,44,188,129,0,0,0,0,0,0,0
117.472527,117.423233,122,255,207,255,191,2,57,188,1,0,0,0,0,0,0,0
117.692307,117.635513,121,255,207,255,191,2,53,188,129,0,0,0,0,0,0,0
117.967033,117.902725,122,255,208,255,191,2,58,187,1,0,0,0,0,0,0,0
118.186813,118.143875,122,255,209,255,191,3,73,187,129,0,0,0,0,0,0,0
118.406593,118.355698,122,255,209,255,190,2,75,187,129,0,0,0,0,0,0,0
118.681320,118.623680,121,255,210,255,191,3,85,187,1,0,0,0,0,0,0,0
118.901100,118.836067,121,255,211,255,191,2,91,187,129,0,0,0,0,0,0,0
119.120880,119.076180,121,255,211,255,191,2,92,187,1,0,0,0,0,0,0,0
119.395607,119.343040,121,255,212,255,190,2,91,187,1,0,0,0,0,0,0,0
119.615387,119.554939,121,255,212,255,191,2,91,186,129,0,0,0,0,0,0,0
119.890106,119.823532,121,255,213,255,192,2,89,186,1,0,0,0,0,0,0,0
120.109894,120.063507,121,255,213,255,192,2,89,187,129,0,0,0,0,0,0,0
120.329674,120.277252,122,255,214,255,191,2,83,187,1,0,0,0,0,0,0,0
120.604393,120.543777,122,255,214,255,191,2,88,187,129,0,0,0,0,0,0,0
120.824173,120.757996,121,255,215,255,191,2,85,187,129,0,0,0,0,0,0,0
121.043953,120.998306,122,255,215,255,190,3,88,187,1,0,0,0,0,0,0,0
121.318680,121.266968,121,255,216,255,192,3,81,187,129,0,0,0,0,0,0,0
121.538460,121.478676,122,255,216,255,191,3,73,188,1,0,0,0,0,0,0,0
121.813187,121.745811,122,255,216,255,191,2,69,186,1,0,0,0,0,0,0,0
122.032967,121.986000,121,255,217,255,192,2,64,187,129,0,0,0,0,0,0,0
122.252747,122.198280,122,255,217,255,191,2,58,188,1,0,0,0,0,0,0,0
122.527473,122.465660,122,255,218,255,191,2,59,187,129,0,0,0,0,0,0,0
122.747253,122.706017,123,255,218,255,190,3,62,188,1,0,0,0,0,0,0,0
122.967033,122.918816,121,255,219,255,191,2,60,188,1,0,0,0,0,0,0,0
123.241760,123.187531,121,255,219,255,191,3,60,188,129,0,0,0,0,0,0,0
123.461540,123.399872,122,255,220,255,191,2,60,187,1,0,0,0,0,0,0,0
123.736267,123.640190,122,255,220,255,191,2,67,188,129,0,0,0,0,0,0,0
123.956047,123.907188,121,255,220,255,192,3,71,186,1,0,0,0,0,0,0,0
124.175827,124.119835,122,255,221,255,192,3,68,187,1,0,0,0,0,0,0,0
124.450546,124.389587,122,255,221,255,191,3,69,188,129,0,0,0,0,0,0,0
124.670326,124.603592,121,255,222,255,191,3,74,187,1,0,0,0,0,0,0,0
124.890106,124.842293,122,255,222,255,191,2,80,186,129,0,0,0,0,0,0,0
125.164833,125.109711,121,255,222,255,191,2,86,187,1,0,0,0,0,0,0,0
125.384613,125.322365,121,255,223,255,190,2,77,187,1,0,0,0,0,0,0,0
125.659340,125.592537,121,255,223,255,192,2,75,187,129,0,0,0,0,0,0,0
125.879120,125.831291,122,255,224,255,192,2,68,187,1,0,0,0,0,0,0,0
126.098900,126.043365,121,255,224,255,191,3,64,187,129,0,0,0,0,0,0,0
126.373627,126.311264,121,255,225,255,191,2,76,187,129,0,0,0,0,0,0,0
126.593407,126.525101,121,255,225,255,192,2,76,187,1,0,0,0,0,0,0,0
126.813187,126.764168,121,255,225,255,192,2,67,187,129,0,0,0,0,0,0,0
127.087914,127.032837,122,255,226,255,192,2,62,188,1,0,0,0,0,0,0,0
127.307693,127.244598,122,255,226,255,191,2,63,187,129,0,0,0,0,0,0,0
127.582420,127.513435,122,255,227,255,191,2,60,187,129,0,0,0,0,0,0,0
127.802200,127.753731,121,255,227,255,192,2,58,187,1,0,0,0,0,0,0,0
128.021973,127.967003,122,255,227,255,192,3,59,188,129,0,0,0,0,0,0,0
128.296707,128.234528,122,255,228,255,191,1,67,187,1,0,0,0,0,0,0,0
128.516479,128.447372,121,255,228,255,191,3,59,187,1,0,0,0,0,0,0,0
128.736267,128.686859,122,255,229,255,192,2,63,187,129,0,0,0,0,0,0,0
129.010986,128.955582,121,255,229,255,192,3,57,188,1,0,0,0,0,0,0,0
129.230774,129.167862,121,255,229,255,192,2,58,188,129,0,0,0,0,0,0,0
129.505493,129.436462,121,255,230,255,191,2,63,188,1,0,0,0,0,0,0,0
129.725281,129.675400,122,255,230,255,192,2,63,187,1,0,0,0,0,0,0,0
129.945053,129.888718,121,255,231,255,191,3,67,186,129,0,0,0,0,0,0,0
130.219788,130.157013,122,255,231,255,191,3,72,187,1,0,0,0,0,0,0,0
130.439560,130.369873,122,255,231,255,191,3,72,187,1,0,0,0,0,0,0,0
130.659348,130.609451,121,255,232,255,191,2,68,186,1,0,0,0,0,0,0,0
130.934067,130.877548,121,255,232,255,191,3,65,187,1,0,0,0,0,0,0,0
131.153839,131.091400,122,255,233,255,191,3,76,187,129,0,0,0,0,0,0,0
131.428574,131.359802,122,255,233,255,191,2,74,188,129,0,0,0,0,0,0,0
131.648346,131.600388,121,255,233,255,190,3,67,187,129,0,0,0,0,0,0,0
131.868134,131.812775,121,255,234,255,190,2,64,187,129,0,0,0,0,0,0,0
132.142853,132.080917,121,255,234,255,191,3,70,187,1,0,0,0,0,0,0,0
132.362640,132.294495,123,255,234,255,192,2,63,188,129,0,0,0,0,0,0,0
132.582413,132.533615,121,255,235,255,190,2,62,187,1,0,0,0,0,0,0,0
132.857147,132.800354,122,255,235,255,191,2,57,188,1,0,0,0,0,0,0,0
133.076920,133.013367,121,255,235,255,191,3,59,187,129,0,0,0,0,0,0,0
133.351654,133.282349,122,255,236,255,191,3,56,188,1,0,0,0,0,0,0,0
133.571426,133.522812,121,255,236,255,191,3,65,187,129,0,0,0,0,0,0,0
133.791214,133.736038,122,255,236,255,192,2,62,188,1,0,0,0,0,0,0,0
134.065933,134.004074,122,255,237,255,191,2,67,187,129,0,0,0,0,0,0,0
134.285721,134.216721,122,255,237,255,191,3,73,187,129,0,0,0,0,0,0,0
134.505493,134.456314,122,255,237,255,191,2,73,187,1,0,0,0,0,0,0,0
134.780212,134.724670,122,255,238,255,191,2,67,187,129,0,0,0,0,0,0,0
135.000000,134.937408,122,255,238,255,191,2,73,186,1,0,0,0,0,0,0,0
135.274719,135.205566,122,255,239,255,192,2,72,187,1,0,0,0,0,0,0,0
135.494507,135.445160,122,255,239,255,191,2,77,187,129,0,0,0,0,0,0,0
135.714279,135.658218,121,255,239,255,191,3,77,186,1,0,0,0,0,0,0,0
135.989014,135.924591,121,255,239,255,192,3,80,188,129,0,0,0,0,0,0,0
136.208786,136.138290,122,255,240,255,191,2,67,187,1,0,0,0,0,0,0,0
136.428574,136.377655,121,255,240,255,191,3,68,186,129,0,0,0,0,0,0,0
136.703293,136.646072,122,255,241,255,191,2,75,187,129,0,0,0,0,0,0,0
136.923080,136.858246,121,255,241,255,191,2,74,187,1,0,0,0,0,0,0,0
137.197800,137.126022,121,255,241,255,191,2,75,188,129,0,0,0,0,0,0,0
137.417587,137.366714,121,255,241,255,192,3,69,187,1,0,0,0,0,0,0,0
137.637360,137.578995,122,255,241,255,191,2,72,187,1,0,0,0,0,0,0,0
137.912094,137.845001,121,255,242,255,192,3,69,187,129,0,0,0,0,0,0,0
138.131866,138.058655,121,255,242,255,192,3,66,187,1,0,0,0,0,0,0,0
138.351654,138.299896,122,255,242,255,191,3,63,186,129,0,0,0,0,0,0,0
138.626373,138.567398,121,255,242,255,191,3,67,187,129,0,0,0,0,0,0,0
138.846161,138.778702,121,255,243,255,191,3,73,187,129,0,0,0,0,0,0,0
139.065933,139.019180,122,255,243,255,191,2,73,188,129,0,0,0,0,0,0,0
139.340652,139.286392,121,255,243,255,191,2,78,186,1,0,0,0,0,0,0,0
139.560440,139.501434,122,255,244,255,191,3,72,187,129,0,0,0,0,0,0,0
139.835159,139.766922,122,255,244,255,191,2,77,187,1,0,0,0,0,0,0,0
140.054947,139.981094,121,255,244,255,190,3,76,187,1,0,0,0,0,0,0,0
140.274719,140.221130,122,255,244,255,192,2,76,187,129,0,0,0,0,0,0,0
140.549454,140.490082,121,255,244,255,191,2,81,187,1,0,0,0,0,0,0,0
140.769226,140.701355,121,255,245,255,191,2,81,187,129,0,0,0,0,0,0,0
140.989014,140.940323,121,255,245,255,191,3,86,187,129,0,0,0,0,0,0,0
141.263733,141.207901,121,255,245,255,191,2,81,187,1,0,0,0,0,0,0,0
141.483521,141.420700,122,255,245,255,191,3,76,187,129,0,0,0,0,0,0,0
141.758240,141.687286,122,255,245,255,191,3,77,187,1,0,0,0,0,0,0,0
141.978027,141.926865,121,255,246,255,191,3,75,187,1,0,0,0,0,0,0,0
142.197800,142.141495,121,255,245,255,192,2,72,186,1,0,0,0,0,0,0,0
142.472534,142.408035,121,255,246,255,190,2,67,187,1,0,0,0,0,0,0,0
142.692307,142.620316,121,255,246,255,191,3,66,187,129,0,0,0,0,0,0,0
142.912094,142.859909,121,255,246,255,191,1,71,187,1,0,0,0,0,0,0,0
143.186813,143.127899,121,255,246,255,191,3,72,187,129,0,0,0,0,0,0,0
143.406601,143.339813,121,255,246,255,191,2,71,188,1,0,0,0,0,0,0,0
143.681320,143.607895,121,255,246,255,191,3,79,187,1,0,0,0,0,0,0,0
143.901093,143.848740,121,255,246,255,190,3,77,186,129,0,0,0,0,0,0,0
144.120880,144.061646,121,255,246,255,192,2,76,186,1,0,0,0,0,0,0,0
144.395599,144.328644,121,255,246,255,190,2,76,186,129,0,0,0,0,0,0,0
144.615387,144.542435,121,255,246,255,191,2,79,187,129,0,0,0,0,0,0,0
144.835159,144.782654,121,255,247,255,191,3,76,187,1,0,0,0,0,0,0,0
145.109894,145.050232,121,255,246,255,191,2,69,187,129,0,0,0,0,0,0,0
145.329666,145.263138,121,255,246,255,191,3,70,186,1,0,0,0,0,0,0,0
145.604401,145.530182,121,255,246,255,190,2,76,186,129,0,0,0,0,0,0,0
145.824173,145.771133,122,255,246,255,192,2,76,188,129,0,0,0,0,0,0,0
146.043961,145.982681,121,255,246,255,191,2,69,187,1,0,0,0,0,0,0,0
146.318680,146.249573,121,255,246,255,191,2,68,187,129,0,0,0,0,0,0,0
146.538467,146.463974,121,255,246,255,191,2,66,187,1,0,0,0,0,0,0,0
146.758240,146.701508,121,255,246,255,191,2,64,187,1,0,0,0,0,0,0,0
147.032974,146.970490,122,255,246,255,191,2,66,187,129,0,0,0,0,0,0,0
147.252747,147.183380,121,255,246,255,192,2,63,187,1,0,0,0,0,0,0,0
147.527466,147.451706,121,255,246,255,192,2,62,187,129,0,0,0,0,0,0,0
147.747253,147.690292,122,255,246,255,191,2,59,187,1,0,0,0,0,0,0,0
147.967026,147.903046,122,255,246,255,191,2,64,187,129,0,0,0,0,0,0,0
148.241760,148.170975,121,255,246,255,192,3,60,188,129,0,0,0,0,0,0,0
148.461533,148.410721,122,255,246,255,191,3,62,187,1,0,0,0,0,0,0,0
148.681320,148.623001,121,255,246,255,191,3,58,187,129,0,0,0,0,0,0,0
148.956039,148.891205,121,255,246,255,191,3,60,188,1,0,0,0,0,0,0,0
149.175827,149.104126,122,255,245,255,191,2,58,188,1,0,0,0,0,0,0,0
149.395599,149.345261,121,255,245,255,191,2,56,187,129,0,0,0,0,0,0,0
149.670334,149.612000,121,255,245,255,192,2,63,188,1,0,0,0,0,0,0,0
149.890106,149.824600,121,255,245,255,191,2,62,187,129,0,0,0,0,0,0,0
150.164841,150.092697,122,255,245,255,192,2,58,188,1,0,0,0,0,0,0,0
150.384613,150.331863,121,255,245,255,191,2,56,186,1,0,0,0,0,0,0,0
150.604401,150.544724,121,255,245,255,192,3,50,187,129,0,0,0,0,0,0,0
150.879120,150.813065,122,255,245,255,191,2,55,188,1,0,0,0,0,0,0,0
151.098907,151.026672,122,255,245,255,191,2,60,187,129,0,0,0,0,0,0,0
151.318680,151.266708,121,255,244,255,192,3,55,186,1,0,0,0,0,0,0,0
151.593399,151.532150,122,255,244,255,192,2,59,187,1,0,0,0,0,0,0,0
151.813187,151.744690,121,255,244,255,192,2,54,187,129,0,0,0,0,0,0,0
152.087906,152.012939,122,255,244,255,191,2,55,187,1,0,0,0,0,0,0,0
152.307693,152.252335,121,255,244,255,191,2,52,187,129,0,0,0,0,0,0,0
152.527466,152.463425,121,255,244,255,191,2,52,187,129,0,0,0,0,0,0,0
152.802200,152.731247,121,255,244,255,191,3,53,188,1,0,0,0,0,0,0,0
153.021973,152.944748,121,255,243,255,191,3,56,187,129,0,0,0,0,0,0,0
153.241760,153.183701,121,255,243,255,192,2,56,187,1,0,0,0,0,0,0,0
153.516479,153.451202,122,255,243,255,191,2,53,188,129,0,0,0,0,0,0,0
153.736267,153.662979,122,255,243,255,192,2,51,187,129,0,0,0,0,0,0,0
153.956039,153.903503,122,255,243,255,191,2,47,188,1,0,0,0,0,0,0,0
154.230774,154.170822,122,255,243,255,191,3,48,188,129,0,0,0,0,0,0,0
154.450546,154.385651,122,255,243,255,192,3,49,188,1,0,0,0,0,0,0,0
154.725281,154.653061,122,255,242,255,192,3,44,188,129,0,0,0,0,0,0,0
154.945053,154.866928,122,255,243,255,191,2,46,188,129,0,0,0,0,0,0,0
155.164841,155.105850,121,255,242,255,191,2,50,187,1,0,0,0,0,0,0,0
155.439560,155.372818,121,255,242,255,193,3,46,187,129,0,0,0,0,0,0,0
155.659348,155.585831,121,255,242,255,192,3,50,188,1,0,0,0,0,0,0,0
155.879120,155.825226,121,255,242,255,191,2,43,186,129,0,0,0,0,0,0,0
156.153839,156.092529,122,255,242,255,191,3,51,187,129,0,0,0,0,0,0,0
156.373627,156.305222,122,255,241,255,191,2,50,187,1,0,0,0,0,0,0,0
156.648346,156.572906,121,255,241,255,192,2,53,186,1,0,0,0,0,0,0,0
156.868134,156.814575,121,255,241,255,191,2,59,186,1,0,0,0,0,0,0,0
157.087906,157.025345,121,255,241,255,191,2,53,187,129,0,0,0,0,0,0,0
157.362640,157.294174,122,255,241,255,192,2,51,188,129,0,0,0,0,0,0,0
157.582413,157.507492,121,255,241,255,191,2,50,186,1,0,0,0,0,0,0,0
157.802200,157.748032,122,255,241,255,192,3,55,188,129,0,0,0,0,0,0,0
158.076920,158.015121,121,255,241,255,191,2,59,187,129,0,0,0,0,0,0,0
158.296707,158.230865,121,255,241,255,192,2,61,188,1,0,0,0,0,0,0,0
158.571426,158.497269,122,255,241,255,192,2,53,187,129,0,0,0,0,0,0,0
158.791214,158.737320,122,255,241,255,191,2,50,188,1,0,0,0,0,0,0,0
159.010986,158.950653,121,255,240,255,191,2,54,188,129,0,0,0,0,0,0,0
159.285721,159.219269,121,255,240,255,192,2,56,188,1,0,0,0,0,0,0,0
159.505493,159.430038,122,255,240,255,191,2,51,188,1,0,0,0,0,0,0,0
159.725281,159.670868,121,255,240,255,191,2,49,188,129,0,0,0,0,0,0,0
160.000000,159.938339,122,255,239,255,192,3,40,187,1,0,0,0,0,0,0,0
160.219788,160.153015,121,255,239,255,190,2,47,187,129,0,0,0,0,0,0,0
160.494507,160.419708,121,255,239,255,191,3,45,186,1,0,0,0,0,0,0,0
160.714279,160.659760,121,255,239,255,191,2,42,188,1,0,0,0,0,0,0,0
160.934067,160.873184,121,255,239,255,192,2,42,187,129,0,0,0,0,0,0,0
161.208786,161.142120,121,255,239,255,192,2,42,187,1,0,0,0,0,0,0,0
161.428574,161.354080,121,255,239,255,192,2,40,187,129,0,0,0,0,0,0,0
161.703293,161.621933,121,255,239,255,192,3,43,187,1,0,0,0,0,0,0,0
161.923080,161.861664,122,255,238,255,191,3,43,188,1,0,0,0,0,0,0,0
162.142853,162.075470,122,255,238,255,191,2,43,188,129,0,0,0,0,0,0,0
162.417587,162.342041,122,255,238,255,191,2,44,187,1,0,0,0,0,0,0,0
162.637360,162.555450,121,255,238,255,192,3,50,187,129,0,0,0,0,0,0,0
162.857147,162.794540,121,255,238,255,192,2,49,187,129,0,0,0,0,0,0,0
163.131866,163.063187,121,255,238,255,191,2,50,186,1,0,0,0,0,0,0,0
163.351654,163.274811,121,255,238,255,193,2,54,186,129,0,0,0,0,0,0,0
163.571426,163.515289,122,255,238,255,192,2,59,187,1,0,0,0,0,0,0,0
163.846161,163.781662,122,255,237,255,192,2,63,187,1,0,0,0,0,0,0,0
164.065933,163.993881,121,255,238,255,191,2,60,187,129,0,0,0,0,0,0,0
164.340652,164.261307,121,255,237,255,191,2,57,187,1,0,0,0,0,0,0,0
164.560440,164.502411,122,255,237,255,192,2,54,188,129,0,0,0,0,0,0,0
164.780212,164.716309,122,255,237,255,192,3,56,188,1,0,0,0,0,0,0,0
165.054947,164.984558,121,255,237,255,193,2,56,186,129,0,0,0,0,0,0,0
165.274719,165.195313,121,255,237,255,191,2,48,186,129,0,0,0,0,0,0,0
165.494507,165.435593,121,255,237,255,191,3,48,188,1,0,0,0,0,0,0,0
165.769226,165.703476,121,255,236,255,192,3,48,187,129,0,0,0,0,0,0,0
165.989014,165.916275,121,255,237,255,191,1,45,186,1,0,0,0,0,0,0,0
166.263733,166.182800,121,255,236,255,191,3,39,186,129,0,0,0,0,0,0,0
166.483521,166.423172,121,255,236,255,191,2,42,187,129,0,0,0,0,0,0,0
166.703293,166.636353,122,255,236,255,191,3,40,187,1,0,0,0,0,0,0,0
166.978027,166.904083,121,255,236,255,192,2,43,186,129,0,0,0,0,0,0,0
167.197800,167.116257,121,255,236,255,191,2,42,186,1,0,0,0,0,0,0,0
167.417587,167.355957,121,255,235,255,192,3,43,187,1,0,0,0,0,0,0,0
167.692307,167.624054,121,255,235,255,191,2,45,187,129,0,0,0,0,0,0,0
167.912094,167.835861,121,255,235,255,192,2,49,187,1,0,0,0,0,0,0,0
168.186813,168.103638,121,255,235,255,192,2,50,187,129,0,0,0,0,0,0,0
168.406601,168.342346,121,255,235,255,192,2,51,186,1,0,0,0,0,0,0,0
168.626373,168.555298,121,255,235,255,191,3,51,187,1,0,0,0,0,0,0,0
168.901093,168.824280,121,255,235,255,191,2,53,186,129,0,0,0,0,0,0,0
169.120880,169.039001,121,255,234,255,192,3,53,186,1,0,0,0,0,0,0,0
169.340652,169.278381,121,255,235,255,192,2,51,186,129,0,0,0,0,0,0,0
169.615387,169.544937,121,255,235,255,192,2,53,186,129,0,0,0,0,0,0,0
169.835159,169.757416,121,255,234,255,192,2,50,187,1,0,0,0,0,0,0,0
170.109894,170.026123,121,255,234,255,192,2,51,186,129,0,0,0,0,0,0,0
170.329666,170.264740,121,255,233,255,192,2,44,187,1,0,0,0,0,0,0,0
170.549454,170.477325,121,255,233,255,192,2,40,188,129,0,0,0,0,0,0,0
170.824173,170.746826,122,255,234,255,192,2,39,186,1,0,0,0,0,0,0,0
171.043961,170.959229,121,255,233,255,191,3,43,186,1,0,0,0,0,0,0,0
171.263733,171.197968,122,255,233,255,191,3,39,187,129,0,0,0,0,0,0,0
171.538467,171.472672,121,255,233,255,192,2,38,187,1,0,0,0,0,0,0,0
171.758240,171.687759,120,255,233,255,192,2,34,188,129,0,0,0,0,0,0,0
172.032974,171.955948,121,255,233,255,192,2,41,187,1,0,0,0,0,0,0,0
172.252747,172.168655,121,255,233,255,192,3,41,187,1,0,0,0,0,0,0,0
172.472534,172.407196,121,255,233,255,192,3,43,187,129,0,0,0,0,0,0,0
172.747253,172.675781,121,255,233,255,192,2,47,187,1,0,0,0,0,0,0,0
172.967026,172.888931,121,255,233,255,191,2,50,187,129,0,0,0,0,0,0,0
173.241760,173.156845,121,255,232,255,191,3,49,187,1,0,0,0,0,0,0,0
173.461533,173.396515,121,255,232,255,191,2,52,187,1,0,0,0,0,0,0,0
173.681320,173.609787,121,255,232,255,191,2,52,187,129,0,0,0,0,0,0,0
173.956039,173.877350,122,255,232,255,191,3,54,187,1,0,0,0,0,0,0,0
174.175827,174.091461,121,255,232,255,192,2,51,187,129,0,0,0,0,0,0,0
174.395599,174.329742,121,255,231,255,192,2,48,185,1,0,0,0,0,0,0,0
174.670334,174.597687,121,255,231,255,192,2,49,186,1,0,0,0,0,0,0,0
174.890106,174.811417,121,255,231,255,191,2,46,187,129,0,0,0,0,0,0,0
175.164841,175.080536,121,255,231,255,191,3,48,186,1,0,0,0,0,0,0,0
175.384613,175.320313,121,255,231,255,191,2,44,186,129,0,0,0,0,0,0,0
175.604401,175.532898,121,255,231,255,191,3,47,187,129,0,0,0,0,0,0,0
175.879120,175.801285,121,255,231,255,192,2,42,187,1,0,0,0,0,0,0,0
176.098907,176.014725,121,255,231,255,193,2,42,186,129,0,0,0,0,0,0,0
176.318680,176.254425,121,255,231,255,191,2,41,187,1,0,0,0,0,0,0,0
176.593399,176.522247,121,255,231,255,192,2,35,187,129,0,0,0,0,0,0,0
176.813187,176.734589,121,255,230,255,193,2,36,186,129,0,0,0,0,0,0,0
177.087906,177.003784,121,255,230,255,192,2,38,186,1,0,0,0,0,0,0,0
177.307693,177.243942,121,255,230,255,192,2,40,186,129,0,0,0,0,0,0,0
177.527466,177.456223,121,255,230,255,192,2,34,186,1,0,0,0,0,0,0,0
177.802200,177.723007,121,255,230,255,192,2,35,187,129,0,0,0,0,0,0,0
178.021973,177.937210,121,255,230,255,192,2,37,186,129,0,0,0,0,0,0,0
178.241760,178.176590,121,255,229,255,192,2,37,187,1,0,0,0,0,0,0,0
178.516479,178.443604,121,255,229,255,191,2,32,186,129,0,0,0,0,0,0,0
178.736267,178.656555,121,255,229,255,192,3,37,186,1,0,0,0,0,0,0,0
179.010986,178.926529,121,255,229,255,192,2,41,186,129,0,0,0,0,0,0,0
179.230774,179.166275,121,255,229,255,191,2,43,186,129,0,0,0,0,0,0,0
179.450546,179.378494,121,255,229,255,192,2,43,186,1,0,0,0,0,0,0,0
179.725281,179.646912,121,255,229,255,191,3,41,187,129,0,0,0,0,0,0,0
179.945053,179.859451,120,255,229,255,192,3,44,186,1,0,0,0,0,0,0,0
180.164841,180.099304,121,255,229,255,192,2,43,187,1,0,0,0,0,0,0,0
180.439560,180.367828,121,255,229,255,191,3,34,186,129,0,0,0,0,0,0,0
180.659348,180.580872,121,255,229,255,191,3,39,186,1,0,0,0,0,0,0,0
180.934067,180.848038,121,255,229,255,191,2,39,187,129,0,0,0,0,0,0,0
181.153839,181.087204,121,255,229,255,192,2,40,187,1,0,0,0,0,0,0,0
181.373627,181.301086,121,255,229,255,192,3,39,187,1,0,0,0,0,0,0,0
181.648346,181.567841,121,255,229,255,191,2,43,186,129,0,0,0,0,0,0,0
181.868134,181.780487,121,255,229,255,191,2,36,186,1,0,0,0,0,0,0,0
182.087906,182.020798,121,255,229,255,192,2,42,186,129,0,0,0,0,0,0,0
182.362640,182.288879,121,255,229,255,192,2,40,186,129,0,0,0,0,0,0,0
182.582413,182.499939,121,255,229,255,192,3,40,187,1,0,0,0,0,0,0,0
182.802200,182.739777,121,255,229,255,191,2,43,186,129,0,0,0,0,0,0,0
183.076920,183.008301,121,255,229,255,192,2,43,188,1,0,0,0,0,0,0,0
183.296707,183.223633,121,255,229,255,192,3,37,186,129,0,0,0,0,0,0,0
183.571426,183.489761,121,255,229,255,192,2,42,186,1,0,0,0,0,0,0,0
183.791214,183.702469,121,255,229,255,192,2,41,186,1,0,0,0,0,0,0,0
184.010986,183.942307,121,255,229,255,192,3,39,186,129,0,0,0,0,0,0,0
184.285721,184.210922,121,255,229,255,191,2,39,187,1,0,0,0,0,0,0,0
184.505493,184.422775,122,255,229,255,192,3,40,185,129,0,0,0,0,0,0,0
184.780212,184.691391,120,255,229,255,191,2,38,186,129,0,0,0,0,0,0,0
185.000000,184.931519,121,255,229,255,191,3,40,186,1,0,0,0,0,0,0,0
185.219788,185.144882,122,255,229,255,191,3,37,188,129,0,0,0,0,0,0,0
185.494507,185.412308,122,255,229,255,193,2,37,187,1,0,0,0,0,0,0,0
185.714279,185.625473,121,255,229,255,191,3,38,186,129,0,0,0,0,0,0,0
185.934067,185.864685,121,255,229,255,192,2,39,186,1,0,0,0,0,0,0,0
186.208786,186.134018,121,255,229,255,192,3,32,186,1,0,0,0,0,0,0,0
186.428574,186.346680,121,255,229,255,192,2,38,186,129,0,0,0,0,0,0,0
186.703293,186.613846,121,255,229,255,192,2,37,187,1,0,0,0,0,0,0,0
186.923080,186.853073,121,255,229,255,191,2,37,187,1,0,0,0,0,0,0,0
187.142853,187.066803,121,255,229,255,192,2,38,187,129,0,0,0,0,0,0,0
187.417587,187.334839,121,255,229,255,192,2,36,187,1,0,0,0,0,0,0,0
187.637360,187.547806,121,255,230,255,192,2,35,186,129,0,0,0,0,0,0,0
187.857147,187.788803,121,255,229,255,191,2,40,186,1,0,0,0,0,0,0,0
188.131866,188.056900,121,255,230,255,191,2,39,186,129,0,0,0,0,0,0,0
188.351654,188.269028,121,255,230,255,191,2,37,185,129,0,0,0,0,0,0,0
188.626373,188.536743,121,255,230,255,192,3,39,187,1,0,0,0,0,0,0,0
188.846161,188.777740,121,255,230,255,192,2,36,186,129,0,0,0,0,0,0,0
189.065933,188.990021,121,255,230,255,192,2,36,186,1,0,0,0,0,0,0,0
189.340652,189.257538,121,255,230,255,191,3,37,186,1,0,0,0,0,0,0,0
189.560440,189.470596,121,255,230,255,191,2,40,186,129,0,0,0,0,0,0,0
189.780212,189.711182,121,255,231,255,191,3,46,186,1,0,0,0,0,0,0,0
190.054947,189.979187,121,255,230,255,192,3,44,186,129,0,0,0,0,0,0,0
190.274719,190.191666,121,255,231,255,192,2,44,186,1,0,0,0,0,0,0,0
190.549454,190.458878,121,255,231,255,192,2,42,186,1,0,0,0,0,0,0,0
190.769226,190.699341,121,255,231,255,191,3,44,186,129,0,0,0,0,0,0,0
190.989014,190.912460,121,255,231,255,192,2,46,187,1,0,0,0,0,0,0,0
191.263733,191.180038,121,255,231,255,191,2,44,186,129,0,0,0,0,0,0,0
191.483521,191.394073,121,255,231,255,192,2,45,187,1,0,0,0,0,0,0,0
191.703293,191.635803,122,255,231,255,191,3,43,187,1,0,0,0,0,0,0,0
191.978027,191.902298,121,255,232,255,192,2,49,186,129,0,0,0,0,0,0,0
192.197800,192.115402,121,255,232,255,193,2,47,186,1,0,0,0,0,0,0,0
192.472534,192.383545,121,255,232,255,192,2,50,186,129,0,0,0,0,0,0,0
192.692307,192.622208,121,255,232,255,192,2,44,186,1,0,0,0,0,0,0,0
192.912094,192.834335,121,255,232,255,191,2,48,185,1,0,0,0,0,0,0,0
193.186813,193.101334,121,255,233,255,191,2,44,186,129,0,0,0,0,0,0,0
193.406601,193.314758,122,255,232,255,192,2,47,187,1,0,0,0,0,0,0,0
193.626373,193.554398,121,255,232,255,192,2,48,187,129,0,0,0,0,0,0,0
193.901093,193.820831,121,255,232,255,192,3,48,187,129,0,0,0,0,0,0,0
194.120880,194.035034,121,255,233,255,192,2,48,186,1,0,0,0,0,0,0,0
194.395599,194.304031,121,255,233,255,192,2,47,187,129,0,0,0,0,0,0,0
194.615387,194.542450,122,255,233,255,191,2,50,187,1,0,0,0,0,0,0,0
194.835159,194.756668,121,255,233,255,191,2,51,187,129,0,0,0,0,0,0,0
195.109894,195.023605,120,255,233,255,192,2,51,187,129,0,0,0,0,0,0,0
195.329666,195.238358,121,255,233,255,192,3,52,185,1,0,0,0,0,0,0,0
195.549454,195.477875,121,255,234,255,192,2,52,186,129,0,0,0,0,0,0,0
195.824173,195.747574,121,255,234,255,192,2,57,186,1,0,0,0,0,0,0,0
196.043961,195.961365,121,255,234,255,192,2,54,187,129,0,0,0,0,0,0,0
196.318680,196.227646,121,255,234,255,191,2,52,185,129,0,0,0,0,0,0,0
196.538467,196.468750,121,255,234,255,192,2,50,186,1,0,0,0,0,0,0,0
196.758240,196.681229,121,255,234,255,191,3,50,187,129,0,0,0,0,0,0,0
197.032974,196.949844,121,255,234,255,192,2,50,186,1,0,0,0,0,0,0,0
197.252747,197.162704,121,255,234,255,192,2,55,187,129,0,0,0,0,0,0,0
197.472534,197.402405,121,255,234,255,191,3,50,186,129,0,0,0,0,0,0,0
197.747253,197.670593,120,255,234,255,192,2,50,187,1,0,0,0,0,0,0,0
197.967026,197.884689,121,255,235,255,191,2,42,186,129,0,0,0,0,0,0,0
198.241760,198.152634,121,255,235,255,191,3,48,187,1,0,0,0,0,0,0,0
198.461533,198.392853,121,255,235,255,191,3,46,188,129,0,0,0,0,0,0,0
198.681320,198.603622,121,255,235,255,192,3,43,187,129,0,0,0,0,0,0,0
198.956039,198.871811,122,255,235,255,193,2,44,187,1,0,0,0,0,0,0,0
199.175827,199.085663,121,255,235,255,191,2,42,187,129,0,0,0,0,0,0,0
199.395599,199.324738,120,255,235,255,191,2,44,187,1,0,0,0,0,0,0,0
199.670334,199.591675,120,255,235,255,192,3,39,187,1,0,0,0,0,0,0,0
199.890106,199.806152,121,255,235,255,192,3,45,186,129,0,0,0,0,0,0,0
200.164841,200.074142,121,255,235,255,191,2,45,186,1,0,0,0,0,0,0,0
200.384613,200.314240,121,255,235,255,191,2,48,187,129,0,0,0,0,0,0,0
200.604401,200.527161,121,255,236,255,192,3,49,187,1,0,0,0,0,0,0,0
200.879120,200.794357,121,255,236,255,192,3,50,187,129,0,0,0,0,0,0,0
201.098907,201.008102,122,255,236,255,192,2,51,187,129,0,0,0,0,0,0,0
201.318680,201.248001,121,255,236,255,191,2,49,187,1,0,0,0,0,0,0,0
201.593399,201.514618,121,255,236,255,192,2,49,187,129,0,0,0,0,0,0,0
201.813187,201.726608,121,255,236,255,192,2,49,186,129,0,0,0,0,0,0,0
202.087906,201.994553,122,255,236,255,192,2,39,187,1,0,0,0,0,0,0,0
202.307693,202.234238,121,255,236,255,192,3,42,187,129,0,0,0,0,0,0,0
202.527466,202.447098,121,255,236,255,192,2,37,186,1,0,0,0,0,0,0,0
202.802200,202.714264,121,255,236,255,192,2,38,186,129,0,0,0,0,0,0,0
203.021973,202.925552,122,255,236,255,191,3,36,187,129,0,0,0,0,0,0,0
203.241760,203.165863,121,255,237,255,191,2,37,188,1,0,0,0,0,0,0,0
203.516479,203.432968,121,255,237,255,192,2,31,187,129,0,0,0,0,0,0,0
203.736267,203.643433,121,255,237,255,191,2,36,186,129,0,0,0,0,0,0,0
203.956039,203.885620,121,255,237,255,192,2,41,186,129,0,0,0,0,0,0,0
204.230774,204.155273,121,255,237,255,191,3,39,187,129,0,0,0,0,0,0,0
204.450546,204.368408,121,255,237,255,190,2,36,187,1,0,0,0,0,0,0,0
204.725281,204.635269,122,255,237,255,191,2,38,188,129,0,0,0,0,0,0,0
204.945053,204.848404,122,255,237,255,191,3,42,187,1,0,0,0,0,0,0,0
205.164841,205.088516,121,255,237,255,191,2,48,187,129,0,0,0,0,0,0,0
205.439560,205.355865,121,255,237,255,191,3,44,187,1,0,0,0,0,0,0,0
205.659348,205.567688,121,255,237,255,192,2,45,187,1,0,0,0,0,0,0,0
205.934067,205.836609,122,255,237,255,191,3,49,187,129,0,0,0,0,0,0,0
206.153839,206.076675,121,255,238,255,192,2,47,187,1,0,0,0,0,0,0,0
206.373627,206.288025,121,255,238,255,191,3,50,187,129,0,0,0,0,0,0,0
206.648346,206.555130,121,255,238,255,192,2,47,187,129,0,0,0,0,0,0,0
206.868134,206.796066,121,255,238,255,191,2,49,188,1,0,0,0,0,0,0,0
207.087906,207.008713,122,255,238,255,191,3,45,188,129,0,0,0,0,0,0,0
207.362640,207.276077,121,255,238,255,192,3,43,187,1,0,0,0,0,0,0,0
207.582413,207.488983,122,255,238,255,191,2,39,187,129,0,0,0,0,0,0,0
207.802200,207.729828,122,255,238,255,191,2,44,187,1,0,0,0,0,0,0,0
208.076920,207.998703,122,255,239,255,191,3,45,186,1,0,0,0,0,0,0,0
208.296707,208.213806,122,255,239,255,192,3,37,187,129,0,0,0,0,0,0,0
208.571426,208.480591,122,255,239,255,191,2,36,187,1,0,0,0,0,0,0,0
208.791214,208.719543,122,255,239,255,191,2,36,187,1,0,0,0,0,0,0,0
209.010986,208.932404,122,255,239,255,192,2,35,188,129,0,0,0,0,0,0,0
209.285721,209.200394,122,255,239,255,192,3,39,187,1,0,0,0,0,0,0,0
209.505493,209.412262,122,255,239,255,191,2,36,187,129,0,0,0,0,0,0,0
209.780212,209.681534,122,255,239,255,192,2,43,188,1,0,0,0,0,0,0,0
210.000000,209.921341,122,255,239,255,192,2,43,188,129,0,0,0,0,0,0,0
210.219788,210.133728,121,255,240,255,191,2,47,187,129,0,0,0,0,0,0,0
210.494507,210.401566,122,255,239,255,191,2,49,188,1,0,0,0,0,0,0,0
210.714279,210.641937,122,255,240,255,191,2,45,187,129,0,0,0,0,0,0,0
210.934067,210.853653,121,255,240,255,191,2,50,188,1,0,0,0,0,0,0,0
211.208786,211.121216,121,255,240,255,191,2,47,187,1,0,0,0,0,0,0,0
211.428574,211.333649,121,255,240,255,192,2,55,187,129,0,0,0,0,0,0,0
211.648346,211.573761,121,255,240,255,191,2,58,187,1,0,0,0,0,0,0,0
211.923080,211.842072,121,255,240,255,191,2,61,188,129,0,0,0,0,0,0,0
212.142853,212.052795,121,255,240,255,191,2,54,187,129,0,0,0,0,0,0,0
212.417587,212.321198,121,255,240,255,191,2,44,188,1,0,0,0,0,0,0,0
212.637360,212.562347,122,255,240,255,191,3,43,187,129,0,0,0,0,0,0,0
212.857147,212.775574,121,255,240,255,191,3,40,187,1,0,0,0,0,0,0,0
213.131866,213.042572,122,255,240,255,192,2,35,188,129,0,0,0,0,0,0,0
213.351654,213.254166,121,255,241,255,192,3,40,187,1,0,0,0,0,0,0,0
213.571426,213.494797,122,255,240,255,192,2,41,188,1,0,0,0,0,0,0,0
213.846161,213.763000,122,255,241,255,192,2,42,187,129,0,0,0,0,0,0,0
214.065933,213.975128,122,255,241,255,192,2,42,187,1,0,0,0,0,0,0,0
214.340652,214.242554,122,255,240,255,191,3,46,188,129,0,0,0,0,0,0,0
214.560440,214.483490,122,255,241,255,191,2,39,188,1,0,0,0,0,0,0,0
214.780212,214.696472,121,255,241,255,190,2,45,188,1,0,0,0,0,0,0,0
215.054947,214.965271,121,255,241,255,192,2,56,187,129,0,0,0,0,0,0,0
215.274719,215.178482,121,255,241,255,191,2,58,187,1,0,0,0,0,0,0,0
215.494507,215.419998,122,255,241,255,192,2,58,188,129,0,0,0,0,0,0,0
215.769226,215.686539,121,255,241,255,193,2,61,186,129,0,0,0,0,0,0,0
215.989014,215.899902,121,255,241,255,191,2,63,187,1,0,0,0,0,0,0,0
216.263733,216.168152,121,255,241,255,191,3,61,187,129,0,0,0,0,0,0,0
216.483521,216.408936,122,255,241,255,191,2,59,187,1,0,0,0,0,0,0,0
216.703293,216.622253,122,255,241,255,192,2,56,188,129,0,0,0,0,0,0,0
216.978027,216.891876,122,255,241,255,192,2,62,187,129,0,0,0,0,0,0,0
217.197800,217.104935,122,255,241,255,192,3,58,188,1,0,0,0,0,0,0,0
217.472534,217.373032,121,255,242,255,191,3,60,186,129,0,0,0,0,0,0,0
217.692307,217.613342,121,255,241,255,192,2,59,187,1,0,0,0,0,0,0,0
217.912094,217.826569,121,255,242,255,191,2,54,187,129,0,0,0,0,0,0,0
218.186813,218.093567,121,255,241,255,191,2,53,187,129,0,0,0,0,0,0,0
218.406601,218.307190,122,255,241,255,192,3,50,187,1,0,0,0,0,0,0,0
218.626373,218.546829,121,255,242,255,191,2,51,187,129,0,0,0,0,0,0,0
218.901093,218.814316,121,255,242,255,192,3,47,186,1,0,0,0,0,0,0,0
219.120880,219.026276,122,255,241,255,191,3,54,188,129,0,0,0,0,0,0,0
219.395599,219.294937,121,255,241,255,191,2,55,187,129,0,0,0,0,0,0,0
219.615387,219.535004,122,255,241,255,192,3,55,186,1,0,0,0,0,0,0,0
219.835159,219.747894,122,255,242,255,191,3,52,188,129,0,0,0,0,0,0,0
220.109894,220.016113,122,255,242,255,191,2,48,187,1,0,0,0,0,0,0,0
220.329666,220.229416,121,255,242,255,191,3,48,187,1,0,0,0,0,0,0,0
220.549454,220.468811,122,255,242,255,191,3,56,187,129,0,0,0,0,0,0,0
220.824173,220.738297,121,255,242,255,191,3,59,187,1,0,0,0,0,0,0,0
221.043961,220.951157,122,255,242,255,192,2,59,187,129,0,0,0,0,0,0,0
221.318680,221.218567,121,255,242,255,193,2,58,187,1,0,0,0,0,0,0,0
221.538467,221.458939,121,255,242,255,191,3,66,187,1,0,0,0,0,0,0,0
221.758240,221.671646,121,255,242,255,191,3,70,187,129,0,0,0,0,0,0,0
222.032974,221.939529,121,255,242,255,191,3,72,187,1,0,0,0,0,0,0,0
222.252747,222.153488,121,255,242,255,191,2,74,186,129,0,0,0,0,0,0,0
222.472534,222.393478,121,255,242,255,192,2,67,187,1,0,0,0,0,0,0,0
222.747253,222.660385,121,255,242,255,191,2,66,187,1,0,0,0,0,0,0,0
222.967026,222.873703,121,255,242,255,191,2,62,186,129,0,0,0,0,0,0,0
223.241760,223.142838,121,255,242,255,192,2,62,188,1,0,0,0,0,0,0,0
223.461533,223.382889,121,255,242,255,191,3,60,187,129,0,0,0,0,0,0,0
223.681320,223.593826,122,255,242,255,191,2,55,188,1,0,0,0,0,0,0,0
223.956039,223.861969,122,255,242,255,192,3,55,188,1,0,0,0,0,0,0,0
224.175827,224.075714,121,255,242,255,191,3,55,187,129,0,0,0,0,0,0,0
224.395599,224.316437,121,255,243,255,191,3,54,188,1,0,0,0,0,0,0,0
224.670334,224.583954,122,255,241,255,191,2,50,187,129,0,0,0,0,0,0,0
224.890106,224.797134,121,255,242,255,192,3,48,187,1,0,0,0,0,0,0,0
225.164841,225.065277,122,255,243,255,192,2,52,188,1,0,0,0,0,0,0,0
225.384613,225.305740,122,255,243,255,191,2,50,188,129,0,0,0,0,0,0,0
225.604401,225.517670,121,255,243,255,191,2,54,188,1,0,0,0,0,0,0,0
225.879120,225.786224,122,255,242,255,192,3,51,187,129,0,0,0,0,0,0,0
226.098907,225.998154,121,255,242,255,191,2,56,187,1,0,0,0,0,0,0,0
226.318680,226.238464,122,255,243,255,191,2,57,188,1,0,0,0,0,0,0,0
226.593399,226.506714,122,255,243,255,191,2,59,188,129,0,0,0,0,0,0,0
226.813187,226.720245,122,255,243,255,191,3,58,188,1,0,0,0,0,0,0,0
227.087906,226.987717,121,255,243,255,192,2,60,187,129,0,0,0,0,0,0,0
227.307693,227.227203,121,255,243,255,192,3,64,187,129,0,0,0,0,0,0,0
227.527466,227.440201,122,255,243,255,191,2,60,187,1,0,0,0,0,0,0,0
227.802200,227.707672,121,255,243,255,191,3,63,188,129,0,0,0,0,0,0,0
228.021973,227.920166,122,255,243,255,191,3,65,187,1,0,0,0,0,0,0,0
228.241760,228.159958,122,255,244,255,191,1,65,187,1,0,0,0,0,0,0,0
228.516479,228.427277,121,255,244,255,191,2,67,187,129,0,0,0,0,0,0,0
228.736267,228.639709,121,255,243,255,191,2,68,187,1,0,0,0,0,0,0,0
229.010986,228.906662,122,255,244,255,192,2,66,187,129,0,0,0,0,0,0,0
229.230774,229.148132,121,255,243,255,191,2,63,188,1,0,0,0,0,0,0,0
229.450546,229.360870,121,255,244,255,192,2,61,187,129,0,0,0,0,0,0,0
229.725281,229.626312,121,255,244,255,191,3,60,186,129,0,0,0,0,0,0,0
229.945053,229.838989,122,255,244,255,192,3,59,188,1,0,0,0,0,0,0,0
230.164841,230.079086,122,255,244,255,191,2,59,187,129,0,0,0,0,0,0,0
230.439560,230.346085,122,255,244,255,192,2,63,187,1,0,0,0,0,0,0,0
230.659348,230.558472,121,255,244,255,192,2,66,187,1,0,0,0,0,0,0,0
230.879120,230.798523,121,255,244,255,191,3,64,187,129,0,0,0,0,0,0,0
231.153839,231.066940,121,255,245,255,191,2,61,187,1,0,0,0,0,0,0,0
231.373627,231.280914,121,255,244,255,192,3,66,187,129,0,0,0,0,0,0,0
231.648346,231.552612,121,255,244,255,192,3,66,187,1,0,0,0,0,0,0,0
231.868134,231.768845,122,255,245,255,191,2,67,187,1,0,0,0,0,0,0,0
232.142853,232.036179,121,255,245,255,192,2,71,187,129,0,0,0,0,0,0,0
232.362640,232.276062,121,255,245,255,191,3,78,186,1,0,0,0,0,0,0,0
232.582413,232.489899,121,255,245,255,191,3,82,187,129,0,0,0,0,0,0,0
232.857147,232.756897,121,255,245,255,192,2,70,186,1,0,0,0,0,0,0,0
233.076920,232.996185,121,255,245,255,192,2,64,186,1,0,0,0,0,0,0,0
233.296707,233.208923,122,255,245,255,192,2,66,188,129,0,0,0,0,0,0,0
233.571426,233.476654,121,255,245,255,191,2,58,187,1,0,0,0,0,0,0,0
233.791214,233.689819,122,255,245,255,193,3,57,187,129,0,0,0,0,0,0,0
234.010986,233.929779,122,255,245,255,191,2,56,187,1,0,0,0,0,0,0,0
234.285721,234.197250,122,255,245,255,191,2,57,188,1,0,0,0,0,0,0,0
234.505493,234.411484,121,255,245,255,192,2,56,187,129,0,0,0,0,0,0,0
234.780212,234.678619,122,255,245,255,192,2,50,187,1,0,0,0,0,0,0,0
235.000000,234.892319,122,255,245,255,191,2,53,187,129,0,0,0,0,0,0,0
235.219788,235.132416,121,255,246,255,192,3,56,187,1,0,0,0,0,0,0,0
235.494507,235.401199,121,255,245,255,192,3,53,188,129,0,0,0,0,0,0,0
235.714279,235.614243,121,255,246,255,192,3,54,187,129,0,0,0,0,0,0,0
235.989014,235.881760,122,255,246,255,191,2,58,188,1,0,0,0,0,0,0,0
236.208786,236.121094,122,255,246,255,191,3,63,188,129,0,0,0,0,0,0,0
236.428574,236.335815,121,255,246,255,192,2,61,187,1,0,0,0,0,0,0,0
236.703293,236.602768,121,255,246,255,191,3,64,187,1,0,0,0,0,0,0,0
236.923080,236.815887,121,255,247,255,191,3,71,187,129,0,0,0,0,0,0,0
237.142853,237.055161,122,255,247,255,191,2,68,188,1,0,0,0,0,0,0,0
237.417587,237.322159,121,255,247,255,191,3,72,186,129,0,0,0,0,0,0,0
237.637360,237.535538,121,255,247,255,191,2,75,187,1,0,0,0,0,0,0,0
237.912094,237.803741,122,255,247,255,191,2,76,187,1,0,0,0,0,0,0,0
238.131866,238.042542,121,255,247,255,191,2,78,186,129,0,0,0,0,0,0,0
238.351654,238.256622,121,255,247,255,192,2,82,188,1,0,0,0,0,0,0,0
238.626373,238.523499,121,255,247,255,191,2,77,187,129,0,0,0,0,0,0,0
238.846161,238.737457,121,255,247,255,191,3,74,187,1,0,0,0,0,0,0,0
239.065933,238.976242,121,255,247,255,192,2,68,187,1,0,0,0,0,0,0,0
239.340652,239.244659,121,255,247,255,191,2,68,188,129,0,0,0,0,0,0,0
239.560440,239.457870,121,255,247,255,191,3,65,187,1,0,0,0,0,0,0,0
239.835159,239.726135,121,255,247,255,191,2,62,187,129,0,0,0,0,0,0,0
240.054947,239.964783,121,255,247,255,191,3,66,187,1,0,0,0,0,0,0,0
240.274719,240.177673,121,255,247,255,192,3,58,187,1,0,0,0,0,0,0,0
240.549454,240.445618,121,255,248,255,191,2,58,187,129,0,0,0,0,0,0,0
240.769226,240.686096,121,255,247,255,191,3,56,187,1,0,0,0,0,0,0,0
240.989014,240.897858,121,255,248,255,191,2,58,187,1,0,0,0,0,0,0,0
241.263733,241.165848,121,255,248,255,192,2,51,187,129,0,0,0,0,0,0,0
241.483521,241.379333,121,255,248,255,191,3,53,186,1,0,0,0,0,0,0,0
241.758240,241.649139,121,255,248,255,191,2,58,187,129,0,0,0,0,0,0,0
241.978027,241.888260,121,255,248,255,192,3,58,186,1,0,0,0,0,0,0,0
242.197800,242.101074,121,255,248,255,192,2,65,187,129,0,0,0,0,0,0,0
242.472534,242.368164,121,255,248,255,191,2,70,186,129,0,0,0,0,0,0,0
242.692307,242.582489,121,255,248,255,192,3,70,186,1,0,0,0,0,0,0,0
242.912094,242.821960,122,255,248,255,190,2,74,187,129,0,0,0,0,0,0,0
243.186813,243.090622,121,255,248,255,192,3,73,187,1,0,0,0,0,0,0,0
243.406601,243.302444,121,255,248,255,192,2,72,187,129,0,0,0,0,0,0,0
243.681320,243.570618,121,255,249,255,191,2,80,186,129,0,0,0,0,0,0,0
243.901093,243.810074,121,255,249,255,191,3,74,186,1,0,0,0,0,0,0,0
244.120880,244.024323,121,255,248,255,191,2,70,187,129,0,0,0,0,0,0,0
244.395599,244.292313,122,255,248,255,191,3,62,187,1,0,0,0,0,0,0,0
244.615387,244.505127,121,255,249,255,191,3,65,186,129,0,0,0,0,0,0,0
244.835159,244.746429,122,255,249,255,191,3,58,188,129,0,0,0,0,0,0,0
245.109894,245.014313,122,255,249,255,191,2,59,188,1,0,0,0,0,0,0,0
245.329666,245.228882,121,255,249,255,192,2,56,187,129,0,0,0,0,0,0,0
