0.000000,0.000000,0,255,38,255,190,2,56,186,129,0,0,0,0,0,0,0
0.219780,0.217484,0,255,42,255,190,2,71,186,1,0,0,0,0,0,0,0
0.494505,0.491768,0,255,37,255,191,3,77,185,129,0,0,0,0,0,0,0
0.714286,0.710961,0,255,39,255,191,3,75,185,129,0,0,0,0,0,0,0
0.989011,0.982279,0,255,39,255,191,2,72,186,1,0,0,0,0,0,0,0
1.208791,1.199030,0,255,37,255,190,2,68,186,129,0,0,0,0,0,0,0
1.483516,1.471066,0,255,35,255,191,3,74,186,1,0,0,0,0,0,0,0
1.703297,1.715139,0,255,35,255,190,2,86,186,129,0,0,0,0,0,0,0
1.923077,1.932155,0,255,41,255,190,2,75,187,129,0,0,0,0,0,0,0
2.197802,2.201235,0,255,43,255,191,2,80,187,1,0,0,0,0,0,0,0
2.417583,2.422464,0,255,38,255,191,3,77,187,129,0,0,0,0,0,0,0
2.692308,2.696482,0,255,38,255,191,2,76,186,1,0,0,0,0,0,0,0
2.912088,2.915683,0,255,37,255,191,2,73,187,129,0,0,0,0,0,0,0
3.186813,3.185436,0,255,40,255,190,3,63,187,1,0,0,0,0,0,0,0
3.406593,3.406243,127,255,41,255,191,2,54,186,1,0,0,0,0,0,0,0
3.681319,3.682503,0,255,38,255,190,2,55,186,129,0,0,0,0,0,0,0
3.901099,3.905653,0,255,36,255,190,3,70,186,1,0,0,0,0,0,0,0
4.175824,4.173070,0,255,38,255,190,3,71,186,129,0,0,0,0,0,0,0
4.395605,4.389879,0,255,39,255,191,3,57,187,1,0,0,0,0,0,0,0
4.670330,4.668160,0,255,42,255,191,2,48,187,1,0,0,0,0,0,0,0
4.890110,4.883657,0,255,38,255,190,2,40,187,129,0,0,0,0,0,0,0
5.164835,5.156281,0,255,42,255,190,2,31,187,1,0,0,0,0,0,0,0
5.384615,5.375821,127,255,45,255,191,2,39,188,129,0,0,0,0,0,0,0
5.659341,5.647740,127,255,43,255,190,3,34,187,129,0,0,0,0,0,0,0
5.879121,5.866894,0,255,41,255,190,3,46,186,129,0,0,0,0,0,0,0
6.153846,6.141998,0,255,41,255,190,2,39,187,129,0,0,0,0,0,0,0
6.373626,6.383676,0,255,48,255,190,2,56,186,129,0,0,0,0,0,0,0
6.593407,6.601354,0,255,46,255,191,2,61,186,129,0,0,0,0,0,0,0
6.868132,6.877923,0,255,45,255,191,2,73,186,1,0,0,0,0,0,0,0
7.087912,7.092129,0,255,43,255,190,2,65,186,129,0,0,0,0,0,0,0
7.362638,7.364326,0,255,42,255,190,2,63,186,129,0,0,0,0,0,0,0
7.582417,7.580822,127,255,48,255,190,3,63,185,1,0,0,0,0,0,0,0
7.857143,7.851104,0,255,46,255,190,3,71,185,129,0,0,0,0,0,0,0
8.076923,8.070199,0,255,40,255,190,3,68,188,1,0,0,0,0,0,0,0
8.351648,8.344529,0,255,42,255,189,3,74,186,129,0,0,0,0,0,0,0
8.571428,8.561282,0,255,42,255,191,3,79,186,129,0,0,0,0,0,0,0
8.846154,8.832283,0,255,40,255,190,3,79,185,1,0,0,0,0,0,0,0
9.065934,9.055185,0,255,40,255,191,2,79,186,129,0,0,0,0,0,0,0
9.340659,9.328937,0,255,41,255,191,2,67,185,1,0,0,0,0,0,0,0
9.560439,9.548828,127,255,41,255,190,3,67,186,1,0,0,0,0,0,0,0
9.835165,9.821214,0,255,41,255,190,3,59,187,129,0,0,0,0,0,0,0
10.054945,10.063926,127,255,39,255,190,2,59,185,1,0,0,0,0,0,0,0
10.274725,10.280319,0,255,40,255,191,2,67,187,129,0,0,0,0,0,0,0
10.549451,10.550177,0,255,41,255,190,2,72,187,1,0,0,0,0,0,0,0
10.769231,10.764395,0,255,42,255,190,3,76,187,1,0,0,0,0,0,0,0
11.043956,11.036586,0,255,41,255,190,2,55,186,129,0,0,0,0,0,0,0
11.263737,11.255627,0,255,39,255,190,2,54,186,1,0,0,0,0,0,0,0
11.538462,11.526225,0,255,42,255,190,3,42,187,129,0,0,0,0,0,0,0
11.758242,11.765858,127,255,43,255,190,2,42,187,1,0,0,0,0,0,0,0
11.978022,11.981366,0,255,39,255,190,2,41,187,1,0,0,0,0,0,0,0
12.252748,12.257776,0,255,39,255,191,3,47,185,129,0,0,0,0,0,0,0
12.472528,12.476407,0,255,41,255,191,2,46,187,1,0,0,0,0,0,0,0
12.747252,12.747043,0,255,39,255,191,2,48,187,129,0,0,0,0,0,0,0
12.967033,12.962238,0,255,38,255,190,2,59,186,1,0,0,0,0,0,0,0
13.241758,13.240472,127,255,38,255,191,2,74,186,129,0,0,0,0,0,0,0
13.461538,13.457895,0,255,39,255,190,3,83,185,1,0,0,0,0,0,0,0
13.736263,13.727089,0,255,38,255,191,3,70,185,1,0,0,0,0,0,0,0
13.956044,13.943422,127,255,40,255,190,2,65,187,129,0,0,0,0,0,0,0
14.230769,14.218539,0,255,38,255,191,3,59,186,1,0,0,0,0,0,0,0
14.450549,14.436380,127,255,39,255,190,2,65,186,129,0,0,0,0,0,0,0
14.725275,14.713995,0,255,40,255,190,1,53,186,1,0,0,0,0,0,0,0
14.945055,14.930123,0,255,39,255,190,3,47,186,1,0,0,0,0,0,0,0
15.219780,15.203049,0,255,38,255,191,3,39,186,129,0,0,0,0,0,0,0
15.439561,15.424119,0,255,39,255,191,2,32,185,1,0,0,0,0,0,0,0
15.714286,15.699704,0,255,39,255,190,3,28,188,129,0,0,0,0,0,0,0
15.934066,15.939235,63,255,40,255,191,3,26,188,129,0,0,0,0,0,0,0
16.208792,16.192301,127,255,43,255,191,3,26,188,1,0,0,0,0,0,0,0
16.428572,16.412790,0,255,40,255,191,3,26,188,129,0,0,0,0,0,0,0
16.703297,16.686865,0,255,40,255,192,2,44,188,1,0,0,0,0,0,0,0
16.923077,16.927597,0,255,40,255,191,3,61,187,129,0,0,0,0,0,0,0
17.142857,17.146179,0,255,40,255,191,3,78,184,129,0,0,0,0,0,0,0
17.417582,17.419672,0,255,39,255,191,3,106,184,129,0,0,0,0,0,0,0
17.637363,17.640533,127,255,39,255,191,3,117,186,129,0,0,0,0,0,0,0
17.912088,17.916216,0,255,38,255,191,3,117,186,1,0,0,0,0,0,0,0
18.131868,18.136770,0,255,34,255,190,2,118,185,129,0,0,0,0,0,0,0
18.406593,18.410217,0,255,35,255,190,3,117,184,1,0,0,0,0,0,0,0
18.626373,18.626469,127,255,36,255,192,3,96,185,129,0,0,0,0,0,0,0
18.901098,18.900265,0,255,37,255,191,3,86,183,129,0,0,0,0,0,0,0
19.120878,19.119221,0,255,37,255,191,2,91,184,1,0,0,0,0,0,0,0
19.395605,19.393635,127,255,39,255,191,2,94,184,129,0,0,0,0,0,0,0
19.615385,19.611061,0,255,39,255,191,3,88,184,1,0,0,0,0,0,0,0
19.890110,19.882126,127,255,36,255,191,3,90,183,1,0,0,0,0,0,0,0
20.109890,20.098721,0,255,38,255,191,2,89,183,129,0,0,0,0,0,0,0
20.384615,20.374046,0,255,36,255,191,3,103,184,1,0,0,0,0,0,0,0
20.604395,20.589184,0,255,38,255,191,2,117,185,129,0,0,0,0,0,0,0
20.879122,20.860662,127,255,38,255,189,2,117,186,1,0,0,0,0,0,0,0
21.098902,21.081831,127,255,34,255,191,3,116,186,129,0,0,0,0,0,0,0
21.373627,21.358770,0,255,36,255,189,3,116,185,129,0,0,0,0,0,0,0
21.593407,21.576307,0,255,37,255,189,2,94,187,1,0,0,0,0,0,0,0
21.868132,21.850380,0,255,38,255,189,2,67,186,129,0,0,0,0,0,0,0
22.087912,22.070349,0,255,38,255,190,3,21,188,1,0,0,0,0,0,0,0
22.362637,22.343142,0,255,40,255,191,2,3,187,129,0,0,0,0,0,0,0
22.582418,22.586664,127,255,38,255,190,3,2,188,129,0,0,0,0,0,0,0
22.802198,22.803728,0,255,39,255,191,3,1,188,1,0,0,0,0,0,0,0
23.076923,23.077141,127,255,40,255,191,2,1,188,129,0,0,0,0,0,0,0
23.296703,23.296894,0,255,39,255,192,2,0,188,1,0,0,0,0,0,0,0
23.571428,23.566238,0,255,39,255,193,3,0,188,129,0,0,0,0,0,0,0
23.791208,23.779613,0,255,41,255,192,2,1,188,1,0,0,0,0,0,0,0
24.065933,24.052919,0,255,42,255,191,3,1,187,1,0,0,0,0,0,0,0
24.285715,24.272884,127,255,42,255,191,3,0,187,129,0,0,0,0,0,0,0
24.560440,24.546598,0,255,42,255,191,3,13,188,1,0,0,0,0,0,0,0
24.780220,24.772285,0,255,44,255,191,2,23,187,129,0,0,0,0,0,0,0
25.054945,25.047701,0,255,39,255,189,3,73,186,1,0,0,0,0,0,0,0
25.274725,25.262075,0,255,39,255,188,3,102,185,1,0,0,0,0,0,0,0
25.549450,25.538330,0,255,39,255,190,2,118,186,129,0,0,0,0,0,0,0
25.769230,25.755653,0,255,37,255,189,2,116,186,1,0,0,0,0,0,0,0
26.043957,26.028589,0,255,38,255,189,3,117,185,129,0,0,0,0,0,0,0
26.263737,26.252516,0,255,37,255,190,3,102,185,1,0,0,0,0,0,0,0
26.538462,26.522375,0,255,39,255,190,3,98,186,1,0,0,0,0,0,0,0
26.758242,26.742249,0,255,38,255,189,3,68,185,129,0,0,0,0,0,0,0
27.032967,27.017887,0,255,42,255,190,3,53,187,1,0,0,0,0,0,0,0
27.252747,27.234379,0,255,37,255,191,3,34,186,129,0,0,0,0,0,0,0
27.527473,27.506657,0,255,35,255,190,2,28,187,1,0,0,0,0,0,0,0
27.747253,27.751064,0,255,37,255,191,2,25,187,1,0,0,0,0,0,0,0
27.967033,27.969006,127,255,38,255,190,2,24,187,129,0,0,0,0,0,0,0
28.241758,28.242460,0,255,38,255,191,3,26,187,1,0,0,0,0,0,0,0
28.461538,28.459938,0,255,40,255,190,2,41,185,129,0,0,0,0,0,0,0
28.736263,28.733383,0,255,37,255,191,2,44,187,129,0,0,0,0,0,0,0
28.956043,28.952837,0,255,39,255,191,3,74,185,129,0,0,0,0,0,0,0
29.230770,29.224728,0,255,36,255,190,3,90,185,129,0,0,0,0,0,0,0
29.450550,29.442003,0,255,39,255,191,2,109,184,1,0,0,0,0,0,0,0
29.725275,29.717642,0,255,41,255,190,3,117,185,129,0,0,0,0,0,0,0
29.945055,29.938656,127,255,39,255,190,3,117,185,1,0,0,0,0,0,0,0
30.219780,30.212790,0,255,37,255,189,2,116,185,129,0,0,0,0,0,0,0
30.439560,30.426674,0,255,38,255,190,3,110,186,129,0,0,0,0,0,0,0
30.714285,30.700281,0,255,40,255,190,2,92,186,1,0,0,0,0,0,0,0
30.934067,30.919638,0,255,39,255,190,2,81,186,129,0,0,0,0,0,0,0
31.208792,31.191940,0,255,38,255,191,3,62,186,1,0,0,0,0,0,0,0
31.428572,31.410673,0,255,37,255,190,2,51,184,1,0,0,0,0,0,0,0
31.703297,31.687035,0,255,35,255,190,3,37,186,129,0,0,0,0,0,0,0
31.923077,31.903732,0,255,38,255,191,2,34,186,1,0,0,0,0,0,0,0
32.197803,32.179344,0,255,41,255,191,2,33,186,129,0,0,0,0,0,0,0
32.417583,32.397575,127,255,42,255,190,2,33,187,1,0,0,0,0,0,0,0
32.692307,32.674450,0,255,39,255,191,2,35,188,129,0,0,0,0,0,0,0
32.912086,32.890640,0,255,40,255,191,3,47,184,1,0,0,0,0,0,0,0
33.131866,33.134750,127,255,39,255,190,2,57,187,1,0,0,0,0,0,0,0
33.406593,33.408901,0,255,37,255,191,2,76,186,129,0,0,0,0,0,0,0
33.681320,33.660580,0,255,36,255,190,3,83,185,1,0,0,0,0,0,0,0
33.901100,33.879723,0,255,36,255,189,3,97,185,129,0,0,0,0,0,0,0
34.175823,34.153694,0,255,34,255,190,2,103,185,1,0,0,0,0,0,0,0
34.395603,34.377052,127,255,35,255,190,2,107,185,1,0,0,0,0,0,0,0
34.670330,34.648838,0,255,38,255,190,2,106,185,129,0,0,0,0,0,0,0
34.890110,34.867722,0,255,35,255,191,2,95,184,1,0,0,0,0,0,0,0
35.109890,35.108669,0,255,37,255,190,3,86,186,129,0,0,0,0,0,0,0
35.384617,35.384609,0,255,38,255,190,2,78,186,1,0,0,0,0,0,0,0
35.604397,35.599388,0,255,36,255,191,2,72,185,1,0,0,0,0,0,0,0
35.879120,35.875851,127,255,38,255,190,2,63,186,129,0,0,0,0,0,0,0
36.098900,36.094322,0,255,37,255,191,3,51,186,1,0,0,0,0,0,0,0
36.373627,36.368862,0,255,36,255,190,2,47,185,129,0,0,0,0,0,0,0
36.593407,36.587330,0,255,39,255,191,2,37,186,1,0,0,0,0,0,0,0
36.868134,36.861786,0,255,39,255,190,2,40,186,129,0,0,0,0,0,0,0
37.087914,37.080189,0,255,42,255,190,2,38,186,129,0,0,0,0,0,0,0
37.362637,37.353241,0,255,40,255,192,2,38,185,1,0,0,0,0,0,0,0
37.582417,37.569557,0,255,39,255,191,3,36,186,129,0,0,0,0,0,0,0
37.857143,37.847057,0,255,37,255,190,2,53,185,1,0,0,0,0,0,0,0
38.076923,38.062641,0,255,36,255,191,3,58,187,129,0,0,0,0,0,0,0
38.351650,38.335705,0,255,35,255,191,3,62,185,1,0,0,0,0,0,0,0
38.571430,38.551941,0,255,36,255,190,3,63,185,1,0,0,0,0,0,0,0
38.846153,38.828663,0,255,36,255,190,3,75,185,129,0,0,0,0,0,0,0
39.065933,39.047607,0,255,36,255,189,3,84,186,1,0,0,0,0,0,0,0
39.340660,39.318340,0,255,36,255,190,2,84,185,1,0,0,0,0,0,0,0
39.560440,39.539886,0,255,35,255,191,2,85,185,1,0,0,0,0,0,0,0
39.835163,39.810886,0,255,39,255,190,2,83,185,1,0,0,0,0,0,0,0
40.054947,40.051373,0,255,39,255,190,2,75,185,129,0,0,0,0,0,0,0
40.274727,40.272587,0,255,40,255,190,2,70,185,1,0,0,0,0,0,0,0
40.549450,40.548790,0,255,40,255,190,2,72,186,129,0,0,0,0,0,0,0
40.769230,40.764870,0,255,40,255,192,2,63,185,1,0,0,0,0,0,0,0
41.043957,41.042946,0,255,36,255,191,3,66,187,1,0,0,0,0,0,0,0
41.263737,41.260269,0,255,41,255,191,2,64,186,129,0,0,0,0,0,0,0
41.538460,41.532951,0,255,39,255,190,3,66,186,1,0,0,0,0,0,0,0
41.758244,41.752037,127,255,38,255,191,2,68,186,129,0,0,0,0,0,0,0
42.032967,42.023827,0,255,41,255,190,2,67,186,129,0,0,0,0,0,0,0
42.252747,42.247540,0,255,39,255,190,3,75,186,1,0,0,0,0,0,0,0
42.527473,42.524158,0,255,39,255,190,2,75,186,129,0,0,0,0,0,0,0
42.747253,42.744038,0,255,38,255,191,2,77,185,1,0,0,0,0,0,0,0
43.021976,43.016655,0,255,37,255,189,3,74,184,129,0,0,0,0,0,0,0
43.241756,43.238293,0,255,39,255,191,2,70,185,1,0,0,0,0,0,0,0
43.516483,43.510704,0,255,39,255,190,2,62,187,1,0,0,0,0,0,0,0
43.736263,43.725376,0,255,37,255,191,2,57,188,129,0,0,0,0,0,0,0
44.010990,44.003792,127,255,37,255,191,3,54,187,1,0,0,0,0,0,0,0
44.230770,44.224731,0,255,36,255,190,3,48,188,129,0,0,0,0,0,0,0
44.505493,44.497551,0,255,39,255,190,2,47,186,1,0,0,0,0,0,0,0
44.725273,44.715862,0,255,41,255,191,2,48,188,129,0,0,0,0,0,0,0
45.000000,44.987217,0,255,36,255,191,2,45,187,129,0,0,0,0,0,0,0
45.219780,45.207272,0,255,43,255,191,2,47,187,1,0,0,0,0,0,0,0
45.494507,45.477074,0,255,43,255,192,3,55,187,129,0,0,0,0,0,0,0
45.714287,45.693573,0,255,36,255,190,2,54,185,1,0,0,0,0,0,0,0
45.989010,45.965355,0,255,37,255,190,3,56,185,1,0,0,0,0,0,0,0
46.208790,46.185959,127,255,39,255,191,2,56,186,129,0,0,0,0,0,0,0
46.483517,46.458214,0,255,36,255,190,3,63,186,1,0,0,0,0,0,0,0
46.703297,46.701439,0,255,36,255,191,3,62,186,129,0,0,0,0,0,0,0
46.923077,46.918560,127,255,40,255,190,3,59,185,1,0,0,0,0,0,0,0
47.197803,47.194653,127,255,37,255,191,2,51,185,129,0,0,0,0,0,0,0
47.472527,47.445850,127,255,40,255,191,3,48,187,129,0,0,0,0,0,0,0
47.692307,47.686111,0,255,39,255,190,2,42,186,1,0,0,0,0,0,0,0
47.912086,47.905308,0,255,38,255,190,2,40,187,129,0,0,0,0,0,0,0
48.186813,48.178391,0,255,39,255,191,3,37,188,1,0,0,0,0,0,0,0
48.406593,48.396759,0,255,38,255,190,2,37,186,129,0,0,0,0,0,0,0
48.681320,48.668957,0,255,41,255,191,2,43,185,129,0,0,0,0,0,0,0
48.901100,48.887894,0,255,39,255,190,2,52,186,1,0,0,0,0,0,0,0
49.175823,49.159317,0,255,37,255,192,2,53,186,129,0,0,0,0,0,0,0
49.395603,49.383663,0,255,40,255,190,2,61,187,1,0,0,0,0,0,0,0
49.670330,49.657894,0,255,45,255,191,3,70,185,129,0,0,0,0,0,0,0
49.890110,49.877300,0,255,39,255,190,2,74,185,1,0,0,0,0,0,0,0
50.164837,50.154541,0,255,37,255,190,2,76,186,1,0,0,0,0,0,0,0
50.384617,50.373947,0,255,38,255,190,3,69,184,129,0,0,0,0,0,0,0
50.659340,50.645313,0,255,39,255,189,2,65,187,1,0,0,0,0,0,0,0
50.879120,50.866440,0,255,36,255,190,3,55,187,1,0,0,0,0,0,0,0
51.153847,51.143940,0,255,39,255,191,3,49,187,1,0,0,0,0,0,0,0
51.373627,51.355808,0,255,39,255,191,3,46,186,1,0,0,0,0,0,0,0
51.648350,51.624634,0,255,39,255,191,3,47,185,129,0,0,0,0,0,0,0
51.868134,51.844208,0,255,40,255,191,3,48,186,1,0,0,0,0,0,0,0
52.142857,52.121906,0,255,38,255,191,3,51,185,129,0,0,0,0,0,0,0
52.362637,52.338631,0,255,40,255,191,3,57,185,129,0,0,0,0,0,0,0
52.637363,52.612942,127,255,41,255,190,2,70,186,1,0,0,0,0,0,0,0
52.857143,52.830994,127,255,41,255,191,3,80,185,129,0,0,0,0,0,0,0
53.131866,53.104595,0,255,39,255,189,2,91,185,1,0,0,0,0,0,0,0
53.351650,53.323761,0,255,38,255,190,2,99,186,129,0,0,0,0,0,0,0
53.626373,53.596878,0,255,37,255,190,2,101,185,1,0,0,0,0,0,0,0
53.846153,53.841671,127,255,38,255,190,2,98,184,1,0,0,0,0,0,0,0
54.065933,54.056866,0,255,39,255,191,3,90,186,129,0,0,0,0,0,0,0
54.340660,54.323559,0,255,39,255,190,3,75,186,1,0,0,0,0,0,0,0
54.560440,54.537819,0,255,37,255,190,2,58,185,129,0,0,0,0,0,0,0
54.835163,54.812149,127,255,39,255,190,3,50,186,1,0,0,0,0,0,0,0
55.054947,55.032951,0,255,36,255,191,2,52,186,129,0,0,0,0,0,0,0
55.329670,55.306347,127,255,37,255,191,3,50,186,129,0,0,0,0,0,0,0
55.549450,55.526852,127,255,35,255,190,3,47,186,1,0,0,0,0,0,0,0
55.824177,55.800869,0,255,37,255,192,2,48,185,129,0,0,0,0,0,0,0
56.043957,56.019287,0,255,36,255,190,2,55,186,1,0,0,0,0,0,0,0
56.318680,56.291927,0,255,37,255,190,3,70,186,129,0,0,0,0,0,0,0
56.538460,56.511776,0,255,38,255,191,3,79,185,129,0,0,0,0,0,0,0
56.758244,56.752617,0,255,36,255,191,2,89,185,1,0,0,0,0,0,0,0
57.032967,57.023624,0,255,37,255,190,3,98,185,129,0,0,0,0,0,0,0
57.252747,57.247086,127,255,38,255,190,2,107,185,1,0,0,0,0,0,0,0
57.527473,57.519192,0,255,39,255,189,3,110,185,129,0,0,0,0,0,0,0
57.747253,57.739109,127,255,36,255,191,2,102,185,129,0,0,0,0,0,0,0
58.021976,58.013641,127,255,39,255,189,2,91,185,1,0,0,0,0,0,0,0
58.296703,58.263935,0,255,41,255,190,2,79,184,129,0,0,0,0,0,0,0
58.516483,58.506966,0,255,40,255,191,2,64,185,1,0,0,0,0,0,0,0
58.736263,58.725182,0,255,38,255,190,2,48,186,129,0,0,0,0,0,0,0
59.010990,58.997845,0,255,38,255,190,3,42,188,129,0,0,0,0,0,0,0
59.230770,59.221359,0,255,35,255,190,2,47,185,1,0,0,0,0,0,0,0
59.505493,59.494705,127,255,35,255,190,2,39,186,129,0,0,0,0,0,0,0
59.725273,59.716797,0,255,37,255,191,2,40,186,1,0,0,0,0,0,0,0
60.000000,59.990421,0,255,37,255,191,2,47,186,129,0,0,0,0,0,0,0
60.219780,60.210293,0,255,37,255,190,2,56,184,1,0,0,0,0,0,0,0
60.494507,60.482704,127,255,37,255,190,2,61,186,1,0,0,0,0,0,0,0
60.714287,60.706314,0,255,36,255,190,2,73,185,129,0,0,0,0,0,0,0
60.989010,60.977844,127,255,37,255,190,2,79,184,1,0,0,0,0,0,0,0
61.208790,61.196213,0,255,36,255,191,2,79,185,129,0,0,0,0,0,0,0
61.483517,61.469296,0,255,36,255,191,2,82,187,1,0,0,0,0,0,0,0
61.703297,61.691273,0,255,38,255,190,2,84,184,129,0,0,0,0,0,0,0
61.978024,61.960125,0,255,37,255,190,2,72,186,129,0,0,0,0,0,0,0
62.197803,62.179733,0,255,40,255,190,2,71,185,1,0,0,0,0,0,0,0
62.472527,62.453911,0,255,41,255,190,3,50,186,129,0,0,0,0,0,0,0
62.692307,62.673786,0,255,40,255,191,2,60,186,1,0,0,0,0,0,0,0
62.967033,62.947445,0,255,37,255,191,3,51,185,129,0,0,0,0,0,0,0
63.186813,63.161076,0,255,39,255,191,3,53,185,129,0,0,0,0,0,0,0
63.461540,63.432236,0,255,38,255,190,2,48,185,1,0,0,0,0,0,0,0
63.681320,63.649948,0,255,40,255,191,2,53,185,129,0,0,0,0,0,0,0
63.901100,63.893112,0,255,39,255,191,3,59,186,1,0,0,0,0,0,0,0
64.175827,64.162758,0,255,39,255,190,3,62,186,129,0,0,0,0,0,0,0
64.395607,64.381546,0,255,39,255,190,2,66,185,129,0,0,0,0,0,0,0
64.670326,64.654686,127,255,36,255,190,3,59,185,1,0,0,0,0,0,0,0
64.890106,64.875435,0,255,37,255,190,3,50,185,129,0,0,0,0,0,0,0
65.164833,65.150078,0,255,39,255,191,3,35,186,1,0,0,0,0,0,0,0
65.384613,65.369339,0,255,36,255,191,3,23,187,1,0,0,0,0,0,0,0
65.659340,65.641479,0,255,37,255,192,2,23,187,1,0,0,0,0,0,0,0
65.879120,65.855888,0,255,39,255,191,2,28,187,1,0,0,0,0,0,0,0
66.153847,66.125862,0,255,38,255,192,2,31,186,129,0,0,0,0,0,0,0
66.373627,66.345833,0,255,38,255,192,2,50,186,1,0,0,0,0,0,0,0
66.648354,66.615540,127,255,38,255,191,2,69,184,1,0,0,0,0,0,0,0
66.868134,66.835930,0,255,37,255,191,2,115,183,1,0,0,0,0,0,0,0
67.142860,67.112450,0,255,35,255,190,3,117,187,1,0,0,0,0,0,0,0
67.362640,67.333153,127,255,32,253,190,2,118,185,129,0,0,0,0,0,0,0
67.637360,67.607338,0,255,30,243,191,2,110,184,1,0,0,0,0,0,0,0
67.857140,67.820816,127,255,34,255,191,3,86,185,129,0,0,0,0,0,0,0
68.076920,68.065819,0,255,32,255,190,3,75,186,1,0,0,0,0,0,0,0
68.351646,68.339935,0,255,34,255,191,3,98,183,1,0,0,0,0,0,0,0
68.571426,68.559807,0,255,35,255,190,3,116,183,129,0,0,0,0,0,0,0
68.846153,68.834137,0,255,33,255,189,3,117,185,1,0,0,0,0,0,0,0
69.065933,69.049904,0,255,34,255,190,2,112,184,129,0,0,0,0,0,0,0
69.340660,69.327988,0,255,34,255,190,3,58,187,1,0,0,0,0,0,0,0
69.560440,69.546242,0,255,35,255,190,3,32,187,1,0,0,0,0,0,0,0
69.835167,69.817764,0,255,37,255,190,2,12,187,129,0,0,0,0,0,0,0
70.054947,70.035927,0,255,37,255,191,3,1,188,1,0,0,0,0,0,0,0
70.329674,70.311249,0,255,38,255,191,3,1,188,129,0,0,0,0,0,0,0
70.549454,70.532837,0,255,39,255,192,2,0,188,1,0,0,0,0,0,0,0
70.824173,70.803169,127,255,40,255,192,3,1,187,1,0,0,0,0,0,0,0
71.043953,71.021790,0,255,39,255,191,3,1,188,129,0,0,0,0,0,0,0
71.318680,71.298157,0,255,42,255,192,2,1,188,1,0,0,0,0,0,0,0
71.538460,71.515533,0,255,40,255,193,3,2,187,129,0,0,0,0,0,0,0
71.813187,71.789978,0,255,39,255,191,3,14,186,1,0,0,0,0,0,0,0
72.032967,72.009094,0,255,40,255,191,2,40,185,1,0,0,0,0,0,0,0
72.307693,72.288696,0,255,42,255,186,2,103,186,129,0,0,0,0,0,0,0
72.527473,72.503693,0,255,40,255,189,3,117,187,1,0,0,0,0,0,0,0
72.802200,72.773643,0,255,40,255,190,2,117,184,129,0,0,0,0,0,0,0
73.021980,72.993782,0,255,37,255,191,2,68,187,1,0,0,0,0,0,0,0
73.296700,73.268372,0,255,37,255,191,2,66,185,129,0,0,0,0,0,0,0
73.516487,73.487358,0,255,37,255,190,2,98,186,129,0,0,0,0,0,0,0
73.791206,73.759773,0,255,37,255,191,3,107,185,1,0,0,0,0,0,0,0
74.010986,73.983749,0,255,38,255,190,2,99,185,129,0,0,0,0,0,0,0
74.285713,74.256477,0,255,39,255,191,2,100,186,1,0,0,0,0,0,0,0
74.505493,74.475410,0,255,38,255,191,2,93,185,129,0,0,0,0,0,0,0
74.780220,74.753517,0,255,40,255,191,2,79,185,129,0,0,0,0,0,0,0
75.000000,74.973824,0,255,41,255,190,3,67,185,1,0,0,0,0,0,0,0
75.274727,75.250809,0,255,38,255,191,3,51,185,129,0,0,0,0,0,0,0
75.494507,75.466499,0,255,40,255,191,3,48,187,1,0,0,0,0,0,0,0
75.769234,75.737740,0,255,39,255,191,2,42,187,129,0,0,0,0,0,0,0
75.989014,75.955269,127,255,39,255,191,2,43,186,129,0,0,0,0,0,0,0
76.263733,76.229561,0,255,40,255,191,2,41,185,1,0,0,0,0,0,0,0
76.483513,76.449890,127,255,38,255,191,3,35,185,129,0,0,0,0,0,0,0
76.758240,76.726425,0,255,39,255,191,3,35,187,1,0,0,0,0,0,0,0
76.978020,76.944008,0,255,38,255,191,3,30,186,129,0,0,0,0,0,0,0
77.252747,77.221428,0,255,36,255,191,3,32,185,1,0,0,0,0,0,0,0
77.472527,77.439346,0,255,38,255,191,2,36,185,129,0,0,0,0,0,0,0
77.747253,77.713799,0,255,39,255,191,2,43,185,129,0,0,0,0,0,0,0
77.967033,77.933395,127,255,37,255,191,2,56,186,1,0,0,0,0,0,0,0
78.241760,78.208733,0,255,36,255,191,3,72,184,129,0,0,0,0,0,0,0
78.461540,78.425995,0,255,37,255,191,3,87,186,1,0,0,0,0,0,0,0
78.736267,78.699448,0,255,37,255,191,2,102,186,129,0,0,0,0,0,0,0
78.956047,78.916672,0,255,35,255,191,3,100,185,129,0,0,0,0,0,0,0
79.230766,79.191566,127,255,37,255,190,3,95,186,1,0,0,0,0,0,0,0
79.450546,79.435265,0,255,36,255,192,2,80,186,129,0,0,0,0,0,0,0
79.670326,79.651344,0,255,36,255,190,3,60,184,1,0,0,0,0,0,0,0
79.945053,79.923599,0,255,36,255,191,2,51,186,1,0,0,0,0,0,0,0
80.164833,80.142174,127,255,38,255,192,3,43,186,129,0,0,0,0,0,0,0
80.439560,80.415512,0,255,39,255,190,2,39,185,1,0,0,0,0,0,0,0
80.659340,80.633362,0,255,40,255,191,2,36,186,129,0,0,0,0,0,0,0
80.934067,80.905304,0,255,37,255,192,2,37,185,1,0,0,0,0,0,0,0
81.153847,81.120033,127,255,38,255,192,3,42,186,129,0,0,0,0,0,0,0
81.428574,81.393433,0,255,37,255,191,2,52,187,129,0,0,0,0,0,0,0
81.648354,81.609512,0,255,37,255,191,3,67,185,1,0,0,0,0,0,0,0
81.923080,81.881882,0,255,39,255,191,2,67,185,129,0,0,0,0,0,0,0
82.142860,82.124107,0,255,38,255,192,2,78,185,1,0,0,0,0,0,0,0
82.362640,82.343201,0,255,40,255,191,2,79,185,1,0,0,0,0,0,0,0
82.637360,82.618881,0,255,39,255,191,2,84,187,1,0,0,0,0,0,0,0
82.857140,82.837715,0,255,40,255,191,2,82,185,1,0,0,0,0,0,0,0
83.131866,83.112465,0,255,42,255,190,3,69,186,129,0,0,0,0,0,0,0
83.351646,83.334000,127,255,42,255,192,3,66,185,1,0,0,0,0,0,0,0
83.626373,83.610985,0,255,41,255,191,2,58,187,129,0,0,0,0,0,0,0
83.846153,83.826752,0,255,41,255,191,3,55,184,1,0,0,0,0,0,0,0
84.120880,84.098129,127,255,39,255,191,3,56,186,1,0,0,0,0,0,0,0
84.340660,84.318672,0,255,43,255,191,3,54,186,129,0,0,0,0,0,0,0
84.615387,84.594299,0,255,40,255,191,3,60,186,1,0,0,0,0,0,0,0
84.835167,84.817863,0,255,39,255,190,3,67,184,129,0,0,0,0,0,0,0
85.109894,85.089607,0,255,39,255,191,2,75,183,1,0,0,0,0,0,0,0
85.329674,85.312645,0,255,39,255,191,2,80,185,1,0,0,0,0,0,0,0
85.604393,85.561554,0,255,40,255,191,2,80,185,129,0,0,0,0,0,0,0
85.879120,85.836830,0,255,39,255,191,2,71,185,1,0,0,0,0,0,0,0
86.098900,86.080505,0,255,41,255,191,3,69,187,129,0,0,0,0,0,0,0
86.318680,86.302048,0,255,39,255,191,3,63,185,129,0,0,0,0,0,0,0
86.593407,86.572853,0,255,40,255,191,2,56,187,1,0,0,0,0,0,0,0
86.813187,86.790428,127,255,41,255,191,3,49,186,129,0,0,0,0,0,0,0
87.087914,87.064766,0,255,37,255,190,2,48,187,1,0,0,0,0,0,0,0
87.307693,87.281883,127,255,39,255,192,2,52,185,129,0,0,0,0,0,0,0
87.582420,87.558403,127,255,41,255,191,2,54,184,1,0,0,0,0,0,0,0
87.802200,87.777855,0,255,37,255,192,2,55,186,1,0,0,0,0,0,0,0
88.076920,88.051407,0,255,39,255,191,3,63,186,129,0,0,0,0,0,0,0
88.296700,88.272011,0,255,39,255,190,3,62,187,1,0,0,0,0,0,0,0
88.571426,88.544212,0,255,37,255,192,2,62,185,129,0,0,0,0,0,0,0
88.791206,88.764862,0,255,37,255,191,3,59,187,1,0,0,0,0,0,0,0
89.065933,89.033791,0,255,40,255,191,2,59,185,129,0,0,0,0,0,0,0
89.285713,89.249039,0,255,41,255,191,3,56,186,129,0,0,0,0,0,0,0
89.560440,89.527428,0,255,37,255,191,2,51,185,1,0,0,0,0,0,0,0
89.780220,89.746567,0,255,40,255,191,2,56,185,129,0,0,0,0,0,0,0
90.054947,90.016899,0,255,40,255,191,2,56,186,1,0,0,0,0,0,0,0
90.274727,90.232201,0,255,39,255,191,2,58,186,129,0,0,0,0,0,0,0
90.549454,90.507072,0,255,39,255,192,2,58,186,129,0,0,0,0,0,0,0
90.769234,90.728127,127,255,39,255,192,2,60,186,1,0,0,0,0,0,0,0
90.989014,90.969635,0,255,39,255,191,3,64,187,129,0,0,0,0,0,0,0
91.263733,91.239388,0,255,36,255,191,2,62,186,1,0,0,0,0,0,0,0
91.483513,91.456779,127,255,38,255,191,2,66,187,129,0,0,0,0,0,0,0
91.758240,91.732185,0,255,40,255,192,3,64,184,129,0,0,0,0,0,0,0
91.978020,91.946945,0,255,41,255,191,2,60,187,1,0,0,0,0,0,0,0
92.252747,92.221527,0,255,39,255,191,2,55,186,129,0,0,0,0,0,0,0
92.472527,92.437645,0,255,39,255,191,2,50,185,1,0,0,0,0,0,0,0
92.747253,92.712128,0,255,38,255,191,2,50,186,129,0,0,0,0,0,0,0
92.967033,92.924728,0,255,37,255,191,3,49,185,129,0,0,0,0,0,0,0
93.241760,93.197449,0,255,36,255,191,3,52,187,1,0,0,0,0,0,0,0
93.461540,93.440834,0,255,38,255,191,3,52,185,129,0,0,0,0,0,0,0
93.681320,93.654938,0,255,37,255,190,2,57,185,1,0,0,0,0,0,0,0
93.956047,93.929008,0,255,37,255,191,3,61,186,129,0,0,0,0,0,0,0
94.175827,94.147789,0,255,38,255,191,3,59,187,129,0,0,0,0,0,0,0
94.450546,94.422852,0,255,37,255,191,2,64,185,1,0,0,0,0,0,0,0
94.670326,94.646622,0,255,36,255,191,3,67,188,129,0,0,0,0,0,0,0
94.945053,94.924332,0,255,36,255,192,2,72,184,1,0,0,0,0,0,0,0
95.164833,95.141510,0,255,39,255,191,3,74,185,129,0,0,0,0,0,0,0
95.439560,95.419579,0,255,35,255,191,2,74,186,1,0,0,0,0,0,0,0
95.659340,95.637802,127,255,37,255,191,2,73,184,1,0,0,0,0,0,0,0
95.934067,95.910820,0,255,42,255,191,3,69,187,129,0,0,0,0,0,0,0
96.153847,96.130287,0,255,39,255,192,2,68,186,1,0,0,0,0,0,0,0
96.428574,96.400665,0,255,36,255,191,2,57,187,129,0,0,0,0,0,0,0
96.648354,96.617271,0,255,39,255,192,2,58,188,1,0,0,0,0,0,0,0
96.923080,96.889404,0,255,37,255,191,2,59,187,1,0,0,0,0,0,0,0
97.142860,97.109695,0,255,39,255,191,3,63,187,129,0,0,0,0,0,0,0
97.417580,97.379509,127,255,36,255,191,3,66,186,1,0,0,0,0,0,0,0
97.637360,97.599319,0,255,37,255,192,3,71,186,129,0,0,0,0,0,0,0
97.912086,97.871422,127,255,39,255,191,3,80,187,1,0,0,0,0,0,0,0
98.131866,98.089684,0,255,37,255,191,3,82,187,129,0,0,0,0,0,0,0
98.406593,98.363129,0,255,36,255,191,3,80,187,129,0,0,0,0,0,0,0
98.626373,98.602150,0,255,36,255,191,3,79,188,1,0,0,0,0,0,0,0
98.901100,98.825928,0,255,38,255,191,3,76,188,129,0,0,0,0,0,0,0
99.120880,99.098488,0,255,34,255,191,3,69,186,1,0,0,0,0,0,0,0
99.340660,99.313889,0,255,35,255,191,3,67,187,129,0,0,0,0,0,0,0
99.615387,99.580688,0,255,36,255,192,2,62,187,129,0,0,0,0,0,0,0
99.835167,99.800667,0,255,37,255,191,3,64,186,1,0,0,0,0,0,0,0
100.109894,100.072350,0,255,39,255,191,2,63,185,129,0,0,0,0,0,0,0
100.329674,100.292061,127,255,41,255,190,2,67,186,1,0,0,0,0,0,0,0
100.604393,100.568321,127,255,39,255,191,3,76,186,129,0,0,0,0,0,0,0
100.824173,100.786690,127,255,40,255,191,3,79,186,129,0,0,0,0,0,0,0
101.098900,101.064278,0,255,39,255,190,2,82,187,1,0,0,0,0,0,0,0
101.318680,101.284004,0,255,37,255,191,2,78,187,129,0,0,0,0,0,0,0
101.593407,101.556839,127,255,37,255,191,3,79,187,1,0,0,0,0,0,0,0
101.813187,101.775673,0,255,37,255,191,2,66,186,129,0,0,0,0,0,0,0
102.087914,102.048599,0,255,39,255,191,2,60,186,1,0,0,0,0,0,0,0
102.307693,102.269394,127,255,39,255,191,3,52,187,1,0,0,0,0,0,0,0
102.582420,102.544525,127,255,37,255,192,2,51,185,129,0,0,0,0,0,0,0
102.802200,102.763664,0,255,37,255,192,3,50,186,1,0,0,0,0,0,0,0
103.076920,103.037224,127,255,36,255,192,2,56,185,129,0,0,0,0,0,0,0
103.296700,103.254440,0,255,37,255,192,2,59,185,1,0,0,0,0,0,0,0
103.571426,103.528206,0,255,38,255,191,2,74,187,1,0,0,0,0,0,0,0
103.791206,103.747505,0,255,37,255,191,3,76,186,129,0,0,0,0,0,0,0
104.065933,104.021263,0,255,35,255,192,2,78,186,1,0,0,0,0,0,0,0
104.285713,104.261528,0,255,43,255,192,3,81,187,129,0,0,0,0,0,0,0
104.560440,104.511131,0,255,40,255,191,2,78,186,1,0,0,0,0,0,0,0
104.780220,104.756310,0,255,37,255,191,2,67,186,129,0,0,0,0,0,0,0
105.000000,104.972282,0,255,37,255,190,2,67,187,129,0,0,0,0,0,0,0
105.274727,105.245781,0,255,39,255,191,3,61,187,1,0,0,0,0,0,0,0
105.494507,105.462593,0,255,38,255,191,3,51,185,129,0,0,0,0,0,0,0
105.769234,105.734993,0,255,36,255,191,3,45,187,1,0,0,0,0,0,0,0
105.989014,105.950760,0,255,36,255,191,3,46,185,129,0,0,0,0,0,0,0
106.263733,106.228737,0,255,38,255,191,2,39,186,129,0,0,0,0,0,0,0
106.483513,106.450035,0,255,36,255,192,2,44,186,1,0,0,0,0,0,0,0
106.758240,106.719772,0,255,36,255,191,3,45,186,129,0,0,0,0,0,0,0
106.978020,106.936211,0,255,37,255,192,3,66,184,1,0,0,0,0,0,0,0
107.252747,107.209038,0,255,38,255,191,2,67,186,1,0,0,0,0,0,0,0
107.472527,107.424538,0,255,39,255,191,2,80,185,129,0,0,0,0,0,0,0
107.692307,107.666061,0,255,37,255,191,2,79,185,1,0,0,0,0,0,0,0
107.967033,107.939194,127,255,40,255,191,2,73,185,129,0,0,0,0,0,0,0
108.241760,108.191582,127,255,36,255,191,2,63,186,1,0,0,0,0,0,0,0
108.461540,108.435333,0,255,36,255,191,2,60,185,1,0,0,0,0,0,0,0
108.681320,108.656212,0,255,42,255,191,3,51,185,129,0,0,0,0,0,0,0
108.956047,108.928436,127,255,41,255,191,2,51,186,1,0,0,0,0,0,0,0
109.175827,109.148308,0,255,39,255,191,2,57,186,129,0,0,0,0,0,0,0
109.450546,109.404694,0,255,39,255,191,3,63,185,1,0,0,0,0,0,0,0
109.725273,109.681221,0,255,39,255,191,2,73,187,129,0,0,0,0,0,0,0
109.945053,109.899162,0,255,37,255,191,2,78,184,129,0,0,0,0,0,0,0
110.219780,110.170303,0,255,38,255,191,2,87,186,1,0,0,0,0,0,0,0
110.439560,110.413300,0,255,38,255,191,2,90,185,129,0,0,0,0,0,0,0
110.659340,110.631355,0,255,35,255,191,3,86,185,1,0,0,0,0,0,0,0
110.934067,110.905678,0,255,36,255,192,2,85,185,129,0,0,0,0,0,0,0
111.153847,111.119949,127,255,36,255,191,3,76,184,1,0,0,0,0,0,0,0
111.428574,111.394737,0,255,37,255,190,2,65,185,1,0,0,0,0,0,0,0
111.648354,111.613831,0,255,35,255,191,3,53,184,129,0,0,0,0,0,0,0
111.923080,111.888428,127,255,37,255,190,3,47,185,1,0,0,0,0,0,0,0
112.142860,112.106239,0,255,38,255,191,3,42,185,129,0,0,0,0,0,0,0
112.417580,112.374886,0,255,39,255,191,2,39,184,1,0,0,0,0,0,0,0
112.637360,112.590340,127,255,44,255,191,2,43,185,1,0,0,0,0,0,0,0
112.912086,112.864723,0,255,43,255,191,3,56,186,129,0,0,0,0,0,0,0
113.131866,113.083084,0,255,40,255,191,3,74,185,1,0,0,0,0,0,0,0
113.406593,113.357529,127,255,38,255,192,2,90,184,129,0,0,0,0,0,0,0
113.626373,113.578079,0,255,37,255,191,2,104,184,1,0,0,0,0,0,0,0
113.901100,113.849449,127,255,36,255,190,2,107,185,1,0,0,0,0,0,0,0
114.120880,114.069733,0,255,35,255,191,2,100,185,129,0,0,0,0,0,0,0
114.395607,114.343842,0,255,37,255,191,2,89,185,1,0,0,0,0,0,0,0
114.615387,114.587715,127,255,40,255,191,3,72,186,129,0,0,0,0,0,0,0
114.835167,114.808380,0,255,42,255,191,3,56,185,1,0,0,0,0,0,0,0
115.109894,115.081558,0,255,45,255,191,3,44,186,129,0,0,0,0,0,0,0
115.329674,115.297943,127,255,48,255,191,2,36,186,129,0,0,0,0,0,0,0
115.604393,115.572487,0,255,51,255,192,2,23,187,1,0,0,0,0,0,0,0
115.824173,115.790382,0,255,52,255,191,3,21,186,129,0,0,0,0,0,0,0
116.098900,116.064301,0,255,51,255,191,2,27,187,1,0,0,0,0,0,0,0
116.318680,116.276535,127,255,46,255,192,2,44,185,129,0,0,0,0,0,0,0
116.593407,116.554871,127,255,44,255,191,2,69,184,129,0,0,0,0,0,0,0
116.813187,116.770325,127,255,44,255,191,3,112,183,1,0,0,0,0,0,0,0
117.087914,117.044914,0,255,46,255,191,3,115,183,129,0,0,0,0,0,0,0
117.307693,117.263641,0,255,43,255,191,3,106,185,1,0,0,0,0,0,0,0
117.582420,117.541153,0,255,41,255,191,2,82,186,129,0,0,0,0,0,0,0
117.802200,117.758736,127,255,39,255,190,3,70,186,129,0,0,0,0,0,0,0
118.076920,118.030365,127,255,43,255,191,2,43,185,1,0,0,0,0,0,0,0
118.296700,118.252213,0,255,46,255,191,2,31,187,129,0,0,0,0,0,0,0
118.571426,118.525459,0,255,51,255,191,2,14,186,1,0,0,0,0,0,0,0
118.791206,118.747879,0,255,51,255,191,2,10,187,129,0,0,0,0,0,0,0
119.065933,119.018051,0,255,45,255,193,2,13,188,129,0,0,0,0,0,0,0
119.285713,119.237190,0,255,44,255,192,3,20,187,1,0,0,0,0,0,0,0
119.560440,119.514420,0,255,41,255,192,2,26,186,129,0,0,0,0,0,0,0
119.780220,119.731613,0,255,40,255,188,2,117,184,1,0,0,0,0,0,0,0
120.054947,120.005379,0,255,37,255,189,3,115,185,129,0,0,0,0,0,0,0
120.274727,120.228516,0,255,37,255,190,2,113,185,1,0,0,0,0,0,0,0
120.549454,120.500458,0,255,38,255,190,3,113,185,1,0,0,0,0,0,0,0
120.769234,120.717171,0,255,39,255,191,2,32,186,129,0,0,0,0,0,0,0
120.989014,120.960602,0,255,43,255,190,2,93,187,1,0,0,0,0,0,0,0
121.263733,121.211685,0,255,53,255,191,3,50,188,129,0,0,0,0,0,0,0
121.538460,121.486404,127,255,57,255,190,3,40,188,129,0,0,0,0,0,0,0
121.758240,121.705109,0,255,61,255,190,2,6,187,1,0,0,0,0,0,0,0
122.032967,121.978775,0,255,49,255,191,2,1,187,129,0,0,0,0,0,0,0
122.252747,122.197205,0,255,65,255,192,2,0,187,1,0,0,0,0,0,0,0
122.472527,122.443115,127,255,65,255,191,3,1,188,129,0,0,0,0,0,0,0
122.747253,122.717758,127,255,57,255,191,3,9,186,1,0,0,0,0,0,0,0
123.021980,122.967369,127,255,46,255,192,2,17,182,1,0,0,0,0,0,0,0
123.241760,123.188820,0,255,36,255,189,2,117,187,129,0,0,0,0,0,0,0
123.461540,123.427940,127,255,36,255,190,3,117,187,129,0,0,0,0,0,0,0
123.736267,123.701492,127,255,29,224,192,1,112,185,129,0,0,0,0,0,0,0
123.956047,123.922615,127,255,29,245,193,2,32,186,129,0,0,0,0,0,0,0
124.230766,124.200844,0,255,38,255,192,3,102,183,1,0,0,0,0,0,0,0
124.505493,124.451843,0,255,20,155,189,3,117,185,129,0,0,0,0,0,0,0
124.725273,124.669945,127,213,18,147,190,3,100,186,1,0,0,0,0,0,0,0
125.000000,124.945717,0,228,33,255,189,2,86,185,129,0,0,0,0,0,0,0
125.219780,125.189880,127,238,39,255,190,3,48,187,1,0,0,0,0,0,0,0
125.439560,125.408508,0,255,50,255,191,3,28,186,129,0,0,0,0,0,0,0
125.714287,125.678734,127,255,54,255,191,2,17,187,129,0,0,0,0,0,0,0
125.934067,125.900574,0,255,64,255,191,2,1,187,1,0,0,0,0,0,0,0
126.208794,126.178558,0,255,63,255,192,2,1,188,129,0,0,0,0,0,0,0
126.428574,126.392715,127,255,61,255,192,2,1,187,1,0,0,0,0,0,0,0
126.703300,126.667618,0,255,63,255,192,2,1,186,129,0,0,0,0,0,0,0
126.923080,126.890450,127,255,54,255,192,2,0,181,1,0,0,0,0,0,0,0
127.197800,127.164948,0,255,44,255,192,2,6,176,1,0,0,0,0,0,0,0
127.417580,127.383987,127,255,41,255,191,2,3,177,129,0,0,0,0,0,0,0
127.692307,127.657486,127,255,33,255,190,2,117,185,1,0,0,0,0,0,0,0
127.912086,127.874443,0,255,23,193,190,2,117,187,129,0,0,0,0,0,0,0
128.186813,128.150345,0,255,16,133,189,3,118,187,129,0,0,0,0,0,0,0
128.406601,128.364960,0,205,13,99,191,2,58,188,1,0,0,0,0,0,0,0
128.681320,128.640076,0,163,10,72,191,3,107,186,129,0,0,0,0,0,0,0
128.901093,128.860367,127,138,8,73,193,2,6,184,1,0,0,0,0,0,0,0
129.175827,129.135178,0,123,12,104,191,2,1,187,129,0,0,0,0,0,0,0
129.395599,129.351883,127,113,12,84,191,3,87,184,129,0,0,0,0,0,0,0
129.670334,129.622925,0,102,10,80,188,3,118,186,1,0,0,0,0,0,0,0
129.890106,129.840973,127,94,15,118,190,2,118,183,129,0,0,0,0,0,0,0
130.164841,130.110886,127,147,32,255,191,3,104,186,1,0,0,0,0,0,0,0
130.384613,130.327332,0,180,28,222,188,3,56,185,129,0,0,0,0,0,0,0
130.659348,130.601044,127,188,31,246,191,2,104,187,1,0,0,0,0,0,0,0
130.879120,130.843277,0,227,35,255,191,3,31,185,1,0,0,0,0,0,0,0
131.098907,131.061905,0,245,35,255,190,2,42,186,129,0,0,0,0,0,0,0
131.373627,131.332916,0,255,36,255,190,2,2,186,1,0,0,0,0,0,0,0
131.593399,131.552734,0,255,38,255,192,2,2,187,129,0,0,0,0,0,0,0
131.868134,131.827286,0,255,37,255,192,2,0,186,1,0,0,0,0,0,0,0
132.087906,132.045334,0,255,36,255,191,2,0,186,1,0,0,0,0,0,0,0
132.362640,132.318039,127,255,37,255,191,2,1,184,129,0,0,0,0,0,0,0
132.582413,132.537613,0,255,39,255,192,2,0,177,1,0,0,0,0,0,0,0
132.857147,132.809448,0,255,27,215,191,1,4,176,129,0,0,0,0,0,0,0
133.076920,133.023392,0,255,34,255,191,2,12,176,1,0,0,0,0,0,0,0
133.351654,133.294617,127,255,38,255,191,1,31,176,1,0,0,0,0,0,0,0
133.571426,133.514999,127,255,41,255,189,2,77,175,129,0,0,0,0,0,0,0
133.846161,133.786743,0,255,41,255,190,3,117,181,1,0,0,0,0,0,0,0
134.065933,134.030701,127,255,36,255,190,2,112,182,129,0,0,0,0,0,0,0
134.285721,134.247711,0,255,36,255,192,2,52,176,1,0,0,0,0,0,0,0
134.560440,134.520844,0,255,34,255,191,2,33,176,1,0,0,0,0,0,0,0
134.780212,134.739929,0,255,34,255,190,2,99,176,129,0,0,0,0,0,0,0
135.054947,135.015091,0,255,36,255,189,2,109,176,1,0,0,0,0,0,0,0
135.274719,135.234970,0,255,36,255,188,1,105,175,129,0,0,0,0,0,0,0
135.549454,135.513763,0,255,35,255,189,2,117,178,1,0,0,0,0,0,0,0
135.769226,135.732147,127,255,38,255,189,2,117,179,1,0,0,0,0,0,0,0
136.043961,136.003571,127,255,33,255,190,2,91,178,129,0,0,0,0,0,0,0
136.263733,136.226822,0,255,36,255,191,2,52,176,1,0,0,0,0,0,0,0
136.538467,136.500793,0,255,36,255,191,2,43,175,129,0,0,0,0,0,0,0
136.758240,136.718231,0,255,37,255,191,2,39,175,1,0,0,0,0,0,0,0
137.032974,136.988388,127,255,36,255,192,2,29,175,129,0,0,0,0,0,0,0
137.252747,137.204254,0,255,36,255,192,2,19,175,129,0,0,0,0,0,0,0
137.527466,137.478226,0,255,38,255,192,2,14,175,1,0,0,0,0,0,0,0
137.747253,137.697479,0,255,40,255,191,2,12,174,129,0,0,0,0,0,0,0
138.021973,137.976593,127,255,43,255,191,1,15,175,1,0,0,0,0,0,0,0
138.241760,138.195847,0,255,38,255,192,2,16,175,129,0,0,0,0,0,0,0
138.516479,138.462372,0,255,38,255,192,2,20,175,1,0,0,0,0,0,0,0
138.736267,138.677109,127,255,39,255,191,2,24,175,1,0,0,0,0,0,0,0
139.010986,138.952835,0,255,38,255,191,2,36,175,129,0,0,0,0,0,0,0
139.230774,139.171829,0,255,39,255,191,1,43,174,1,0,0,0,0,0,0,0
139.450546,139.413498,0,255,38,255,190,2,55,175,129,0,0,0,0,0,0,0
139.725281,139.681091,0,255,39,255,189,2,74,180,129,0,0,0,0,0,0,0
139.945053,139.905258,0,255,36,255,190,2,117,187,1,0,0,0,0,0,0,0
140.219788,140.179443,0,255,32,255,189,3,88,187,129,0,0,0,0,0,0,0
140.439560,140.400192,127,255,35,255,193,2,0,187,1,0,0,0,0,0,0,0
140.714279,140.669067,0,255,35,255,192,3,1,188,129,0,0,0,0,0,0,0
140.934067,140.887268,0,255,34,255,191,2,0,187,1,0,0,0,0,0,0,0
141.208786,141.158646,127,255,33,255,192,2,1,187,1,0,0,0,0,0,0,0
141.428574,141.379868,0,255,33,255,190,3,1,188,129,0,0,0,0,0,0,0
141.703293,141.649429,0,255,28,235,191,3,1,187,1,0,0,0,0,0,0,0
141.923080,141.866028,0,252,30,243,191,3,1,187,129,0,0,0,0,0,0,0
142.197800,142.140152,0,254,32,255,192,2,5,185,1,0,0,0,0,0,0,0
142.417587,142.381195,0,252,30,237,193,2,29,178,1,0,0,0,0,0,0,0
142.637360,142.600189,0,241,27,222,190,2,83,175,129,0,0,0,0,0,0,0
142.912094,142.866196,0,228,23,207,188,2,118,184,1,0,0,0,0,0,0,0
143.131866,143.086960,0,211,24,191,189,2,117,186,129,0,0,0,0,0,0,0
143.406601,143.361862,127,217,30,246,191,3,32,187,1,0,0,0,0,0,0,0
143.626373,143.581894,0,210,20,163,192,2,0,186,1,0,0,0,0,0,0,0
143.901093,143.850555,127,211,25,213,191,2,7,187,129,0,0,0,0,0,0,0
144.120880,144.067001,0,213,25,201,189,2,94,187,1,0,0,0,0,0,0,0
144.395599,144.337265,127,201,23,183,190,3,31,186,129,0,0,0,0,0,0,0
144.615387,144.556244,127,199,23,189,191,2,27,187,129,0,0,0,0,0,0,0
144.890106,144.829407,0,192,22,180,190,2,107,184,1,0,0,0,0,0,0,0
145.109894,145.047913,127,196,25,207,190,3,117,183,129,0,0,0,0,0,0,0
145.384613,145.323761,0,204,28,219,190,3,117,185,1,0,0,0,0,0,0,0
145.604401,145.542053,0,206,27,216,190,2,117,186,129,0,0,0,0,0,0,0
145.879120,145.815384,0,214,28,231,190,2,74,186,1,0,0,0,0,0,0,0
146.098907,146.057251,0,224,30,239,191,3,61,187,129,0,0,0,0,0,0,0
146.318680,146.274567,0,234,33,255,190,3,67,188,129,0,0,0,0,0,0,0
146.593399,146.540848,0,244,31,254,190,3,53,187,1,0,0,0,0,0,0,0
146.813187,146.760986,0,242,30,236,191,2,36,187,129,0,0,0,0,0,0,0
147.087906,147.033127,0,239,28,229,190,3,30,186,1,0,0,0,0,0,0,0
147.307693,147.250610,0,231,27,215,191,2,31,187,129,0,0,0,0,0,0,0
147.582413,147.522034,0,223,26,210,191,2,27,187,129,0,0,0,0,0,0,0
147.802200,147.745056,0,225,29,237,191,2,19,187,1,0,0,0,0,0,0,0
148.076920,148.017593,0,228,30,241,191,3,9,188,129,0,0,0,0,0,0,0
148.296707,148.233780,0,232,29,230,191,2,3,186,1,0,0,0,0,0,0,0
148.516479,148.476700,0,227,28,230,190,3,1,187,129,0,0,0,0,0,0,0
148.791214,148.745667,0,229,28,228,191,2,2,187,129,0,0,0,0,0,0,0
149.010986,148.966583,0,217,24,190,191,3,0,187,1,0,0,0,0,0,0,0
149.285721,149.239868,0,199,21,168,191,2,1,186,129,0,0,0,0,0,0,0
149.505493,149.461441,0,192,20,160,191,3,4,186,1,0,0,0,0,0,0,0
149.780212,149.731339,0,178,21,165,191,2,10,186,129,0,0,0,0,0,0,0
150.000000,149.945587,127,177,23,171,192,2,20,186,129,0,0,0,0,0,0,0
150.274719,150.220490,0,170,19,150,191,2,40,186,1,0,0,0,0,0,0,0
150.494507,150.438019,0,162,20,154,191,2,69,186,129,0,0,0,0,0,0,0
150.769226,150.706635,0,163,20,159,190,2,101,186,1,0,0,0,0,0,0,0
150.989014,150.948456,127,154,15,118,190,2,115,184,129,0,0,0,0,0,0,0
151.208786,151.164169,127,137,11,96,191,3,106,185,129,0,0,0,0,0,0,0
151.483521,151.439438,0,118,9,76,190,2,89,186,1,0,0,0,0,0,0,0
151.703293,151.657425,0,100,9,57,190,3,79,187,129,0,0,0,0,0,0,0
151.978027,151.926376,0,83,6,47,190,2,51,188,1,0,0,0,0,0,0,0
152.197800,152.143433,0,68,5,42,191,2,37,188,1,0,0,0,0,0,0,0
152.472534,152.417572,0,57,5,32,190,3,16,187,129,0,0,0,0,0,0,0
152.692307,152.635300,0,50,4,29,191,2,14,187,1,0,0,0,0,0,0,0
152.967026,152.909378,127,41,4,26,191,3,15,187,129,0,0,0,0,0,0,0
153.186813,153.128159,127,37,3,24,190,2,15,187,1,0,0,0,0,0,0,0
153.461533,153.399628,0,39,7,52,191,3,19,187,129,0,0,0,0,0,0,0
153.681320,153.617371,127,40,5,40,191,3,28,189,1,0,0,0,0,0,0,0
153.956039,153.889297,127,40,5,43,191,3,34,187,1,0,0,0,0,0,0,0
154.175827,154.133331,0,44,7,59,190,3,48,187,129,0,0,0,0,0,0,0
154.395599,154.348679,0,52,8,75,191,2,58,187,1,0,0,0,0,0,0,0
154.670334,154.620728,127,56,16,118,190,3,67,186,129,0,0,0,0,0,0,0
154.890106,154.840286,0,90,19,153,191,2,74,186,1,0,0,0,0,0,0,0
155.164841,155.109573,0,107,15,127,191,2,75,186,1,0,0,0,0,0,0,0
155.384613,155.329025,0,109,15,122,190,3,67,187,129,0,0,0,0,0,0,0
155.659348,155.604767,127,118,18,144,191,3,56,187,1,0,0,0,0,0,0,0
155.879120,155.826004,0,129,18,155,191,2,50,187,129,0,0,0,0,0,0,0
156.153839,156.095795,0,142,23,176,190,3,40,188,1,0,0,0,0,0,0,0
156.373627,156.311981,0,152,22,170,190,2,36,188,1,0,0,0,0,0,0,0
156.648346,156.585052,0,155,21,163,190,1,26,188,129,0,0,0,0,0,0,0
156.868134,156.804428,0,162,22,182,190,3,15,186,1,0,0,0,0,0,0,0
157.142853,157.078339,0,169,24,195,191,2,15,187,129,0,0,0,0,0,0,0
157.362640,157.295090,127,179,24,192,190,2,15,187,1,0,0,0,0,0,0,0
157.637360,157.571030,0,183,23,191,191,2,16,186,1,0,0,0,0,0,0,0
157.857147,157.811935,127,184,24,189,192,2,15,187,129,0,0,0,0,0,0,0
158.076920,158.034286,0,190,26,200,191,2,23,186,1,0,0,0,0,0,0,0
158.351654,158.307632,127,188,22,179,191,2,31,186,129,0,0,0,0,0,0,0
158.571426,158.527145,0,182,23,183,190,2,44,186,1,0,0,0,0,0,0,0
158.846161,158.801895,127,187,27,208,191,3,70,187,1,0,0,0,0,0,0,0
159.065933,159.022507,0,202,29,222,190,3,96,186,129,0,0,0,0,0,0,0
159.340652,159.296310,0,203,24,201,190,2,116,185,1,0,0,0,0,0,0,0
159.560440,159.515137,0,196,24,184,190,2,117,187,129,0,0,0,0,0,0,0
159.835159,159.789444,0,190,23,180,190,2,105,184,1,0,0,0,0,0,0,0
160.054947,160.005371,0,183,21,165,189,2,89,187,129,0,0,0,0,0,0,0
160.329666,160.278534,127,178,20,164,190,2,67,186,129,0,0,0,0,0,0,0
160.549454,160.492630,0,172,22,164,192,3,43,189,1,0,0,0,0,0,0,0
160.824173,160.764374,0,161,18,141,190,3,20,188,129,0,0,0,0,0,0,0
161.043961,160.981689,0,150,15,130,191,2,15,187,1,0,0,0,0,0,0,0
161.318680,161.256317,0,144,16,135,191,3,12,187,129,0,0,0,0,0,0,0
161.538467,161.472321,0,143,15,129,191,3,10,188,129,0,0,0,0,0,0,0
161.813187,161.747177,0,137,16,128,192,2,8,187,1,0,0,0,0,0,0,0
162.032974,161.963226,0,128,15,114,191,3,9,187,129,0,0,0,0,0,0,0
162.307693,162.239685,0,123,14,111,191,3,13,186,1,0,0,0,0,0,0,0
162.527466,162.484192,0,119,15,112,191,3,18,187,129,0,0,0,0,0,0,0
162.747253,162.696777,127,115,13,104,190,3,25,187,129,0,0,0,0,0,0,0
163.021973,162.968826,0,107,14,113,192,3,45,187,1,0,0,0,0,0,0,0
163.241760,163.188431,127,113,17,143,190,2,65,187,129,0,0,0,0,0,0,0
163.516479,163.458496,0,122,15,119,191,2,100,186,1,0,0,0,0,0,0,0
163.736267,163.675568,127,121,16,120,190,2,107,187,1,0,0,0,0,0,0,0
164.010986,163.948349,0,123,17,130,189,2,111,187,1,0,0,0,0,0,0,0
164.230774,164.169998,0,124,15,128,190,2,103,184,1,0,0,0,0,0,0,0
164.505493,164.445648,0,125,16,130,191,3,89,186,129,0,0,0,0,0,0,0
164.725281,164.658890,0,129,18,135,190,2,80,187,1,0,0,0,0,0,0,0
165.000000,164.932022,0,128,18,132,190,2,57,187,129,0,0,0,0,0,0,0
165.219788,165.151535,0,130,16,131,191,3,37,186,1,0,0,0,0,0,0,0
165.494507,165.425552,0,132,19,149,191,3,27,188,1,0,0,0,0,0,0,0
165.714279,165.668488,0,136,19,151,190,3,25,187,129,0,0,0,0,0,0,0
165.934067,165.887726,127,139,20,156,191,2,21,188,1,0,0,0,0,0,0,0
166.208786,166.158951,0,139,16,132,192,2,22,187,129,0,0,0,0,0,0,0
166.428574,166.375381,0,143,19,158,190,3,22,187,1,0,0,0,0,0,0,0
166.703293,166.647842,0,148,19,157,190,3,25,187,1,0,0,0,0,0,0,0
166.923080,166.861481,0,154,20,167,191,2,30,187,129,0,0,0,0,0,0,0
167.197800,167.136078,0,161,22,189,191,3,30,188,1,0,0,0,0,0,0,0
167.417587,167.354279,127,167,26,214,191,2,32,187,129,0,0,0,0,0,0,0
167.692307,167.629654,127,181,24,191,189,2,33,188,1,0,0,0,0,0,0,0
167.912094,167.847763,127,179,23,180,190,3,46,187,1,0,0,0,0,0,0,0
168.186813,168.122864,0,176,21,170,191,2,48,187,129,0,0,0,0,0,0,0
168.406601,168.343475,0,172,21,169,190,2,50,188,1,0,0,0,0,0,0,0
168.681320,168.622223,0,174,23,184,191,3,42,187,129,0,0,0,0,0,0,0
168.901093,168.838257,0,175,22,172,191,2,40,188,129,0,0,0,0,0,0,0
169.175827,169.111755,0,172,19,158,191,2,39,187,1,0,0,0,0,0,0,0
169.395599,169.330276,0,171,23,183,190,3,35,186,129,0,0,0,0,0,0,0
169.670334,169.604584,0,177,23,180,191,2,30,187,1,0,0,0,0,0,0,0
169.890106,169.819656,0,175,21,171,190,2,24,187,129,0,0,0,0,0,0,0
170.109894,170.061264,127,169,19,155,191,2,26,187,1,0,0,0,0,0,0,0
170.384613,170.328583,127,172,21,180,191,3,25,187,1,0,0,0,0,0,0,0
170.604401,170.543976,0,165,20,155,190,2,27,187,129,0,0,0,0,0,0,0
170.879120,170.815918,0,161,20,153,190,2,36,188,1,0,0,0,0,0,0,0
171.098907,171.034225,127,160,19,159,191,2,37,187,1,0,0,0,0,0,0,0
171.373627,171.304047,0,158,19,152,190,2,58,188,1,0,0,0,0,0,0,0
171.593399,171.546387,0,172,28,221,190,2,71,187,129,0,0,0,0,0,0,0
171.813187,171.761322,0,182,23,187,189,3,82,188,129,0,0,0,0,0,0,0
172.087906,172.033478,0,173,20,150,190,2,95,186,1,0,0,0,0,0,0,0
172.307693,172.251785,127,167,18,154,190,2,94,187,129,0,0,0,0,0,0,0
172.582413,172.524902,0,158,19,146,190,3,91,187,1,0,0,0,0,0,0,0
172.802200,172.742371,127,152,16,131,190,2,82,187,129,0,0,0,0,0,0,0
173.076920,173.013458,127,144,15,134,190,2,64,187,129,0,0,0,0,0,0,0
173.296707,173.233704,0,139,15,129,190,2,44,188,1,0,0,0,0,0,0,0
173.571426,173.503448,0,137,16,132,190,3,29,188,129,0,0,0,0,0,0,0
173.791214,173.720734,0,133,16,119,190,2,17,187,1,0,0,0,0,0,0,0
174.065933,173.991959,0,127,16,128,191,2,14,187,129,0,0,0,0,0,0,0
174.285721,174.231796,0,123,13,113,191,2,13,187,129,0,0,0,0,0,0,0
174.505493,174.446259,0,120,14,118,191,3,12,187,1,0,0,0,0,0,0,0
174.780212,174.721237,0,112,13,101,190,2,18,188,129,0,0,0,0,0,0,0
175.000000,174.934540,127,108,13,98,191,3,25,187,1,0,0,0,0,0,0,0
175.274719,175.211777,0,106,14,105,190,2,32,187,129,0,0,0,0,0,0,0
175.494507,175.423386,0,104,13,98,191,3,47,187,129,0,0,0,0,0,0,0
175.714279,175.662766,0,116,17,146,191,3,70,187,1,0,0,0,0,0,0,0
175.989014,175.939178,0,123,18,136,190,2,90,186,129,0,0,0,0,0,0,0
176.208786,176.154007,0,120,13,111,189,3,100,185,1,0,0,0,0,0,0,0
176.483521,176.424515,0,115,12,99,190,2,100,186,129,0,0,0,0,0,0,0
176.703293,176.640259,0,108,11,92,191,2,94,187,129,0,0,0,0,0,0,0
176.978027,176.909760,0,103,12,97,190,3,79,186,1,0,0,0,0,0,0,0
177.197800,177.126419,0,97,10,88,190,2,65,186,129,0,0,0,0,0,0,0
177.472534,177.397507,0,92,11,82,190,2,51,188,1,0,0,0,0,0,0,0
177.692307,177.640289,0,89,9,83,191,3,25,188,129,0,0,0,0,0,0,0
177.912094,177.858185,0,82,8,67,190,2,10,187,1,0,0,0,0,0,0,0
178.186813,178.133133,0,80,11,74,191,3,6,188,1,0,0,0,0,0,0,0
178.406601,178.350677,0,78,8,76,190,3,6,188,129,0,0,0,0,0,0,0
178.681320,178.615799,0,76,9,67,191,2,4,188,1,0,0,0,0,0,0,0
178.901093,178.834732,127,74,7,62,191,2,2,188,1,0,0,0,0,0,0,0
179.175827,179.104553,0,64,7,52,191,2,8,187,1,0,0,0,0,0,0,0
179.395599,179.322037,0,58,5,45,192,2,12,188,1,0,0,0,0,0,0,0
179.670334,179.596054,0,56,7,51,191,3,21,187,129,0,0,0,0,0,0,0
179.890106,179.838608,0,64,12,102,190,3,34,188,1,0,0,0,0,0,0,0
180.109894,180.056503,127,83,14,122,191,2,42,188,129,0,0,0,0,0,0,0
180.384613,180.327896,127,88,13,96,190,3,66,187,1,0,0,0,0,0,0,0
180.604401,180.548889,0,94,15,112,191,3,82,187,1,0,0,0,0,0,0,0
180.879120,180.824203,0,110,17,146,189,2,90,186,129,0,0,0,0,0,0,0
181.098907,181.040283,0,123,20,158,189,3,84,186,1,0,0,0,0,0,0,0
181.373627,181.313477,0,130,18,146,190,3,77,187,129,0,0,0,0,0,0,0
181.593399,181.529556,0,134,18,143,191,2,58,188,1,0,0,0,0,0,0,0
181.868134,181.799301,0,138,19,155,189,2,42,188,1,0,0,0,0,0,0,0
182.087906,182.015396,0,149,25,183,190,3,23,188,129,0,0,0,0,0,0,0
182.362640,182.288788,0,162,23,187,191,3,8,188,1,0,0,0,0,0,0,0
182.582413,182.508087,127,170,24,190,191,2,5,188,129,0,0,0,0,0,0,0
182.802200,182.751938,127,178,26,206,191,3,8,188,1,0,0,0,0,0,0,0
183.076920,183.022018,0,191,26,217,190,3,5,188,129,0,0,0,0,0,0,0
183.296707,183.240845,0,205,30,240,192,3,3,187,129,0,0,0,0,0,0,0
183.571426,183.506241,0,213,29,242,191,2,8,188,1,0,0,0,0,0,0,0
183.791214,183.726837,0,226,30,241,191,2,12,189,129,0,0,0,0,0,0,0
184.065933,183.999756,127,236,33,255,190,3,22,188,1,0,0,0,0,0,0,0
184.285721,184.218491,0,249,34,255,190,2,35,187,129,0,0,0,0,0,0,0
184.560440,184.491516,0,252,33,255,191,2,52,188,129,0,0,0,0,0,0,0
184.780212,184.711029,0,253,33,255,190,2,76,187,1,0,0,0,0,0,0,0
185.054947,184.982712,0,255,36,255,189,2,86,187,129,0,0,0,0,0,0,0
185.274719,185.203522,0,255,34,255,190,2,79,187,1,0,0,0,0,0,0,0
185.549454,185.480576,127,255,29,236,190,2,74,186,129,0,0,0,0,0,0,0
185.769226,185.698517,0,251,30,235,191,3,64,187,129,0,0,0,0,0,0,0
186.043961,185.971649,0,237,25,207,189,2,48,187,1,0,0,0,0,0,0,0
186.263733,186.192169,0,233,29,228,190,2,23,189,129,0,0,0,0,0,0,0
186.538467,186.462936,0,226,28,219,190,3,12,187,1,0,0,0,0,0,0,0
186.758240,186.706070,0,222,28,216,190,2,8,189,129,0,0,0,0,0,0,0
186.978027,186.925842,0,190,17,127,191,3,3,188,129,0,0,0,0,0,0,0
187.252747,187.196472,0,191,23,186,191,3,3,188,1,0,0,0,0,0,0,0
187.472534,187.414063,0,190,21,173,191,3,3,189,129,0,0,0,0,0,0,0
187.747253,187.681122,0,184,22,169,191,3,4,188,1,0,0,0,0,0,0,0
187.967026,187.901581,0,175,22,170,191,3,9,188,1,0,0,0,0,0,0,0
188.241760,188.176743,127,171,23,180,190,3,15,188,129,0,0,0,0,0,0,0
188.461533,188.393539,0,175,22,168,191,3,29,187,1,0,0,0,0,0,0,0
188.736267,188.663605,0,166,18,143,190,2,41,188,129,0,0,0,0,0,0,0
188.956039,188.883591,0,153,18,130,190,3,65,187,1,0,0,0,0,0,0,0
189.230774,189.155319,0,143,16,120,190,3,87,186,129,0,0,0,0,0,0,0
189.450546,189.396622,0,137,15,124,191,2,92,187,1,0,0,0,0,0,0,0
189.670334,189.610367,0,130,17,139,190,3,94,187,1,0,0,0,0,0,0,0
189.945053,189.887344,0,141,21,164,189,3,84,186,129,0,0,0,0,0,0,0
190.164841,190.107483,0,154,23,174,190,3,72,187,1,0,0,0,0,0,0,0
190.439560,190.375366,0,154,18,152,190,2,53,187,129,0,0,0,0,0,0,0
190.659348,190.593643,0,149,17,140,190,3,42,186,1,0,0,0,0,0,0,0
190.934067,190.864212,0,143,17,135,191,2,28,189,1,0,0,0,0,0,0,0
191.153839,191.083511,0,138,15,127,190,2,19,188,129,0,0,0,0,0,0,0
191.428574,191.357178,0,126,12,104,191,3,17,187,1,0,0,0,0,0,0,0
191.648346,191.577744,0,121,14,117,191,3,13,188,129,0,0,0,0,0,0,0
191.923080,191.847900,0,125,17,136,190,2,17,188,1,0,0,0,0,0,0,0
192.142853,192.065384,0,132,19,151,191,2,17,188,1,0,0,0,0,0,0,0
192.362640,192.307419,0,136,17,146,191,2,24,188,129,0,0,0,0,0,0,0
192.637360,192.556381,0,153,22,175,191,2,27,189,1,0,0,0,0,0,0,0
192.857147,192.799850,0,154,20,150,192,2,44,187,129,0,0,0,0,0,0,0
193.131866,193.069763,0,151,19,161,190,3,58,188,1,0,0,0,0,0,0,0
193.351654,193.295776,0,164,25,203,191,2,80,185,1,0,0,0,0,0,0,0
193.626373,193.570053,0,172,25,207,190,2,82,187,129,0,0,0,0,0,0,0
193.846161,193.788284,127,181,23,195,190,2,89,187,1,0,0,0,0,0,0,0
194.120880,194.056824,0,196,27,225,189,3,82,187,129,0,0,0,0,0,0,0
194.340652,194.277344,127,200,27,213,191,2,73,186,129,0,0,0,0,0,0,0
194.615387,194.552948,127,211,29,230,190,2,58,187,1,0,0,0,0,0,0,0
194.835159,194.770218,0,212,26,216,190,3,44,187,129,0,0,0,0,0,0,0
195.109894,195.042587,0,211,27,210,191,2,21,188,1,0,0,0,0,0,0,0
195.329666,195.259018,0,217,30,234,190,3,8,189,129,0,0,0,0,0,0,0
195.604401,195.536362,127,217,27,226,191,2,8,187,1,0,0,0,0,0,0,0
195.824173,195.751266,0,225,30,244,191,2,5,188,129,0,0,0,0,0,0,0
196.098907,196.022568,0,223,28,221,190,3,3,188,129,0,0,0,0,0,0,0
196.318680,196.241257,0,232,33,254,191,2,3,188,1,0,0,0,0,0,0,0
196.593399,196.515793,0,240,34,255,192,3,9,188,129,0,0,0,0,0,0,0
196.813187,196.733063,0,255,39,255,191,3,15,188,1,0,0,0,0,0,0,0
197.032974,196.974426,0,255,34,255,191,3,22,187,1,0,0,0,0,0,0,0
197.307693,197.247513,127,255,31,254,191,3,36,188,129,0,0,0,0,0,0,0
197.527466,197.469513,0,247,29,226,191,3,62,188,1,0,0,0,0,0,0,0
197.802200,197.741928,0,244,27,213,190,2,90,186,129,0,0,0,0,0,0,0
198.021973,197.960022,0,255,36,255,189,2,104,186,1,0,0,0,0,0,0,0
198.296707,198.236649,0,255,37,255,189,2,109,187,129,0,0,0,0,0,0,0
198.516479,198.454269,0,255,40,255,190,2,99,186,129,0,0,0,0,0,0,0
198.791214,198.725510,0,255,43,255,189,2,89,187,1,0,0,0,0,0,0,0
199.010986,198.943588,0,255,42,255,190,2,71,186,129,0,0,0,0,0,0,0
199.285721,199.216705,0,255,40,255,189,2,48,188,1,0,0,0,0,0,0,0
199.505493,199.428238,127,255,44,255,191,2,34,188,129,0,0,0,0,0,0,0
199.780212,199.698883,0,255,49,255,190,2,22,187,129,0,0,0,0,0,0,0
200.000000,199.918915,0,255,48,255,191,3,18,188,1,0,0,0,0,0,0,0
200.274719,200.195801,0,255,47,255,190,2,16,186,129,0,0,0,0,0,0,0
200.494507,200.416031,0,255,57,255,190,2,17,188,1,0,0,0,0,0,0,0
200.714279,200.657501,0,255,57,255,191,3,14,187,129,0,0,0,0,0,0,0
200.989014,200.928970,0,255,60,255,190,2,20,188,1,0,0,0,0,0,0,0
201.208786,201.151657,0,255,58,255,191,2,27,188,1,0,0,0,0,0,0,0
201.483521,201.400131,0,255,61,255,190,3,35,188,129,0,0,0,0,0,0,0
201.703293,201.644653,0,255,60,255,190,2,51,187,1,0,0,0,0,0,0,0
201.978027,201.918045,0,255,60,255,190,2,76,186,129,0,0,0,0,0,0,0
202.197800,202.134399,0,255,60,255,189,3,92,188,1,0,0,0,0,0,0,0
202.472534,202.406555,0,255,67,255,190,3,113,186,1,0,0,0,0,0,0,0
202.692307,202.625641,0,255,69,255,191,2,117,185,129,0,0,0,0,0,0,0
202.967026,202.900284,127,255,68,255,190,3,116,185,1,0,0,0,0,0,0,0
203.186813,203.120239,0,255,67,255,189,3,104,186,129,0,0,0,0,0,0,0
203.461533,203.391296,127,255,67,255,191,2,87,186,1,0,0,0,0,0,0,0
203.681320,203.612808,0,255,68,255,189,2,65,187,1,0,0,0,0,0,0,0
203.956039,203.882401,0,255,69,255,189,2,43,187,129,0,0,0,0,0,0,0
204.175827,204.099472,0,255,71,255,191,3,41,188,1,0,0,0,0,0,0,0
204.450546,204.372452,0,255,69,255,190,3,34,186,129,0,0,0,0,0,0,0
204.670334,204.586502,0,255,71,255,190,2,24,187,1,0,0,0,0,0,0,0
204.890106,204.826767,0,255,69,255,190,2,27,187,1,0,0,0,0,0,0,0
205.164841,205.103134,0,255,77,255,191,2,31,188,129,0,0,0,0,0,0,0
205.384613,205.325958,127,255,69,255,190,2,44,187,1,0,0,0,0,0,0,0
205.659348,205.598328,0,255,67,255,191,2,55,187,129,0,0,0,0,0,0,0
205.879120,205.812531,0,255,72,255,190,2,71,186,1,0,0,0,0,0,0,0
206.153839,206.087799,127,255,68,255,190,2,82,186,1,0,0,0,0,0,0,0
206.373627,206.309067,127,255,65,255,190,2,95,186,129,0,0,0,0,0,0,0
206.648346,206.580338,127,255,68,255,189,3,102,186,1,0,0,0,0,0,0,0
206.868134,206.799377,0,255,70,255,189,2,100,186,129,0,0,0,0,0,0,0
207.142853,207.076981,0,255,67,255,190,3,93,186,1,0,0,0,0,0,0,0
207.362640,207.290894,0,255,73,255,190,2,82,188,129,0,0,0,0,0,0,0
207.637360,207.560699,0,255,67,255,190,2,69,187,129,0,0,0,0,0,0,0
207.857147,207.781921,127,255,69,255,191,3,51,188,1,0,0,0,0,0,0,0
208.131866,208.057083,127,255,70,255,190,2,44,188,129,0,0,0,0,0,0,0
208.351654,208.279144,0,255,68,255,190,2,32,187,1,0,0,0,0,0,0,0
208.626373,208.548904,0,255,54,255,190,2,33,188,129,0,0,0,0,0,0,0
208.846161,208.770432,0,255,70,255,191,2,35,187,129,0,0,0,0,0,0,0
209.120880,209.043671,0,255,69,255,190,2,37,186,1,0,0,0,0,0,0,0
209.340652,209.264282,127,255,74,255,191,3,39,187,129,0,0,0,0,0,0,0
209.615387,209.537628,0,255,68,255,190,3,59,186,1,0,0,0,0,0,0,0
209.835159,209.756561,0,255,66,255,190,2,73,186,129,0,0,0,0,0,0,0
210.109894,210.032440,0,255,66,255,190,3,94,187,129,0,0,0,0,0,0,0
210.329666,210.251801,0,255,71,255,191,2,99,186,1,0,0,0,0,0,0,0
210.604401,210.527954,0,255,70,255,189,3,113,186,129,0,0,0,0,0,0,0
210.824173,210.747833,0,255,69,255,189,2,104,185,1,0,0,0,0,0,0,0
211.098907,211.024460,0,255,69,255,190,3,88,188,129,0,0,0,0,0,0,0
211.318680,211.241211,0,255,70,255,191,3,72,186,1,0,0,0,0,0,0,0
211.593399,211.514862,0,255,71,255,190,2,55,186,1,0,0,0,0,0,0,0
211.813187,211.730682,0,255,70,255,189,3,28,188,129,0,0,0,0,0,0,0
212.087906,212.004547,0,255,70,255,188,3,22,188,1,0,0,0,0,0,0,0
212.307693,212.226715,127,255,68,255,191,3,20,187,129,0,0,0,0,0,0,0
212.582413,212.500671,0,255,69,255,191,3,22,188,1,0,0,0,0,0,0,0
212.802200,212.719360,127,255,67,255,190,2,18,187,1,0,0,0,0,0,0,0
213.076920,212.995850,0,255,67,255,191,3,31,187,129,0,0,0,0,0,0,0
213.296707,213.214127,0,255,68,255,191,2,46,187,1,0,0,0,0,0,0,0
213.571426,213.490387,0,255,68,255,191,2,62,187,129,0,0,0,0,0,0,0
213.791214,213.708130,0,255,67,255,190,2,99,185,1,0,0,0,0,0,0,0
214.065933,213.988449,0,255,68,255,189,2,117,185,129,0,0,0,0,0,0,0
214.285721,214.204361,127,255,67,255,190,3,118,187,129,0,0,0,0,0,0,0
214.560440,214.477615,0,255,70,255,189,2,117,186,1,0,0,0,0,0,0,0
214.780212,214.696335,127,255,67,255,191,2,105,186,129,0,0,0,0,0,0,0
215.054947,214.970245,0,255,65,255,190,2,80,187,1,0,0,0,0,0,0,0
215.274719,215.186768,0,255,67,255,189,3,54,188,129,0,0,0,0,0,0,0
215.494507,215.431427,127,255,66,255,190,2,43,187,129,0,0,0,0,0,0,0
215.769226,215.680603,0,255,68,255,191,2,26,188,1,0,0,0,0,0,0,0
216.043961,215.960373,0,255,70,255,191,2,24,187,129,0,0,0,0,0,0,0
216.263733,216.181244,0,255,68,255,190,3,19,186,1,0,0,0,0,0,0,0
216.538467,216.456329,0,255,70,255,191,2,20,188,129,0,0,0,0,0,0,0
216.758240,216.669159,0,255,68,255,192,3,23,187,1,0,0,0,0,0,0,0
216.978027,216.913483,127,255,66,255,191,3,26,188,1,0,0,0,0,0,0,0
217.252747,217.163223,127,255,68,255,191,3,32,187,129,0,0,0,0,0,0,0
217.472534,217.409912,0,255,67,255,191,2,60,187,1,0,0,0,0,0,0,0
217.747253,217.658295,0,255,71,255,191,2,69,187,129,0,0,0,0,0,0,0
217.967026,217.899567,127,255,69,255,190,2,89,186,1,0,0,0,0,0,0,0
218.241760,218.152969,127,255,68,255,189,3,107,186,1,0,0,0,0,0,0,0
218.516479,218.428131,0,255,68,255,190,3,113,185,129,0,0,0,0,0,0,0
218.736267,218.670013,0,255,61,255,190,3,110,187,1,0,0,0,0,0,0,0
218.956039,218.890045,127,255,68,255,190,3,95,186,129,0,0,0,0,0,0,0
219.230774,219.141129,127,255,69,255,189,3,87,187,129,0,0,0,0,0,0,0
219.450546,219.387009,127,255,49,255,190,3,67,187,1,0,0,0,0,0,0,0
219.725281,219.657761,0,255,69,255,190,3,46,188,129,0,0,0,0,0,0,0
219.945053,219.876373,0,255,68,255,191,3,27,188,1,0,0,0,0,0,0,0
220.219788,220.150818,0,255,68,255,190,3,22,188,129,0,0,0,0,0,0,0
220.439560,220.367722,127,255,68,255,190,2,16,188,1,0,0,0,0,0,0,0
220.714279,220.643219,127,255,68,255,191,2,16,187,1,0,0,0,0,0,0,0
220.934067,220.860260,0,255,69,255,191,2,18,188,129,0,0,0,0,0,0,0
221.208786,221.133453,0,255,65,255,191,3,15,187,1,0,0,0,0,0,0,0
221.428574,221.350204,0,255,65,255,191,3,26,187,129,0,0,0,0,0,0,0
221.703293,221.623672,0,255,68,255,190,2,34,187,1,0,0,0,0,0,0,0
221.923080,221.841293,0,255,70,255,190,3,56,186,1,0,0,0,0,0,0,0
222.197800,222.118332,0,255,64,255,190,2,72,187,129,0,0,0,0,0,0,0
222.417587,222.333420,0,255,68,255,190,3,96,185,1,0,0,0,0,0,0,0
222.692307,222.601318,0,255,67,255,190,3,117,187,129,0,0,0,0,0,0,0
222.912094,222.823380,127,255,65,255,190,2,117,185,1,0,0,0,0,0,0,0
223.186813,223.095337,0,255,66,255,189,3,117,186,129,0,0,0,0,0,0,0
223.406601,223.339783,0,255,65,255,189,2,106,186,129,0,0,0,0,0,0,0
223.626373,223.554718,0,255,68,255,190,3,92,185,1,0,0,0,0,0,0,0
223.901093,223.828384,0,255,65,255,190,3,71,187,129,0,0,0,0,0,0,0
224.120880,224.046783,0,255,68,255,189,3,54,187,1,0,0,0,0,0,0,0
224.395599,224.318939,127,255,63,255,191,3,45,186,129,0,0,0,0,0,0,0
224.615387,224.532944,127,255,64,255,190,2,46,187,129,0,0,0,0,0,0,0
224.890106,224.806488,0,255,64,255,191,2,44,188,1,0,0,0,0,0,0,0
225.109894,225.027176,0,255,65,255,190,2,39,187,129,0,0,0,0,0,0,0
225.384613,225.299759,0,255,64,255,190,3,39,188,1,0,0,0,0,0,0,0
225.604401,225.515106,127,255,63,255,190,3,41,187,1,0,0,0,0,0,0,0
225.824173,225.757767,0,255,64,255,190,2,42,187,129,0,0,0,0,0,0,0
226.098907,226.033295,0,255,65,255,191,2,44,187,1,0,0,0,0,0,0,0
226.373627,226.281830,0,255,66,255,190,2,45,187,129,0,0,0,0,0,0,0
226.593399,226.502014,0,255,60,255,190,2,48,187,1,0,0,0,0,0,0,0
226.868134,226.775391,0,255,62,255,190,3,55,186,129,0,0,0,0,0,0,0
227.087906,227.017868,0,255,62,255,191,3,52,187,129,0,0,0,0,0,0,0
227.307693,227.235870,0,255,63,255,190,3,58,187,1,0,0,0,0,0,0,0
227.582413,227.509415,0,255,63,255,190,2,58,187,129,0,0,0,0,0,0,0
227.802200,227.727478,127,255,62,255,190,2,60,186,1,0,0,0,0,0,0,0
228.076920,227.996811,0,255,59,255,190,2,65,187,129,0,0,0,0,0,0,0
228.296707,228.214706,0,255,58,255,191,2,60,187,1,0,0,0,0,0,0,0
228.571426,228.486603,0,255,63,255,191,2,62,187,1,0,0,0,0,0,0,0
228.791214,228.707779,0,255,59,255,190,3,57,188,129,0,0,0,0,0,0,0
229.065933,228.982208,127,255,56,255,190,1,55,187,1,0,0,0,0,0,0,0
229.285721,229.197662,0,255,57,255,190,3,61,186,129,0,0,0,0,0,0,0
229.560440,229.476730,127,255,56,255,191,2,60,187,1,0,0,0,0,0,0,0
229.780212,229.694839,127,255,57,255,190,3,68,187,1,0,0,0,0,0,0,0
230.054947,229.971710,0,255,55,255,190,2,77,185,129,0,0,0,0,0,0,0
230.274719,230.190231,0,255,45,255,190,2,82,188,1,0,0,0,0,0,0,0
230.549454,230.463486,0,255,58,255,190,3,98,185,129,0,0,0,0,0,0,0
230.769226,230.681641,0,255,56,255,191,2,103,186,1,0,0,0,0,0,0,0
231.043961,230.956223,0,255,55,255,190,2,108,184,129,0,0,0,0,0,0,0
231.263733,231.176971,0,255,55,255,189,3,104,185,129,0,0,0,0,0,0,0
231.538467,231.454651,0,255,55,255,190,3,96,187,1,0,0,0,0,0,0,0
231.758240,231.669327,0,255,52,255,190,2,86,187,129,0,0,0,0,0,0,0
232.032974,231.938873,0,255,55,255,190,2,76,186,1,0,0,0,0,0,0,0
232.252747,232.182678,0,255,58,255,190,2,62,187,129,0,0,0,0,0,0,0
232.472534,232.396973,127,255,55,255,190,2,53,187,129,0,0,0,0,0,0,0
232.747253,232.674118,0,255,55,255,190,3,40,187,1,0,0,0,0,0,0,0
232.967026,232.895401,0,255,57,255,191,2,35,188,129,0,0,0,0,0,0,0
233.241760,233.167755,0,255,55,255,190,3,31,186,1,0,0,0,0,0,0,0
233.461533,233.383728,0,255,53,255,190,3,31,187,129,0,0,0,0,0,0,0
233.736267,233.657120,0,255,51,255,191,3,31,186,129,0,0,0,0,0,0,0
233.956039,233.881042,0,255,51,255,190,3,39,188,1,0,0,0,0,0,0,0
234.230774,234.150192,127,255,53,255,191,3,48,187,129,0,0,0,0,0,0,0
234.450546,234.366440,0,255,54,255,190,2,57,186,1,0,0,0,0,0,0,0
234.725281,234.635422,127,255,54,255,191,2,68,186,129,0,0,0,0,0,0,0
234.945053,234.854538,0,255,54,255,191,3,82,185,129,0,0,0,0,0,0,0
235.164841,235.094864,127,255,50,255,191,3,94,186,1,0,0,0,0,0,0,0
235.439560,235.369141,0,255,50,255,191,3,103,185,129,0,0,0,0,0,0,0
235.714279,235.620438,127,255,47,255,191,2,107,185,1,0,0,0,0,0,0,0
235.934067,235.863617,0,255,50,255,190,3,107,184,129,0,0,0,0,0,0,0
236.153839,236.075058,127,255,49,255,190,2,92,186,129,0,0,0,0,0,0,0
236.428574,236.349915,0,255,49,255,190,2,91,186,1,0,0,0,0,0,0,0
236.648346,236.573227,0,255,52,255,191,3,69,186,129,0,0,0,0,0,0,0
236.923080,236.848846,0,255,50,255,191,3,55,187,1,0,0,0,0,0,0,0
237.142853,237.067169,127,255,49,255,191,3,41,187,129,0,0,0,0,0,0,0
237.417587,237.344299,0,255,50,255,191,3,39,186,1,0,0,0,0,0,0,0
237.637360,237.561951,0,255,49,255,191,3,40,186,1,0,0,0,0,0,0,0
237.912094,237.838715,0,255,47,255,191,2,37,185,129,0,0,0,0,0,0,0
238.131866,238.055435,0,255,45,255,191,2,41,182,1,0,0,0,0,0,0,0
238.406601,238.326324,0,255,45,255,192,2,53,177,129,0,0,0,0,0,0,0
238.626373,238.539810,0,255,48,255,191,1,62,176,1,0,0,0,0,0,0,0
238.901093,238.812317,0,255,52,255,191,2,76,176,1,0,0,0,0,0,0,0
239.120880,239.026428,0,255,52,255,191,2,86,176,129,0,0,0,0,0,0,0
239.395599,239.301270,0,255,49,255,191,2,100,176,1,0,0,0,0,0,0,0
239.615387,239.518799,0,255,48,255,190,1,104,178,129,0,0,0,0,0,0,0
239.890106,239.792847,0,255,48,255,191,3,98,178,1,0,0,0,0,0,0,0
240.109894,240.036346,0,255,48,255,190,2,88,178,1,0,0,0,0,0,0,0
240.329666,240.254471,0,255,49,255,191,2,74,177,129,0,0,0,0,0,0,0
240.604401,240.530518,0,255,51,255,191,2,58,176,1,0,0,0,0,0,0,0
240.824173,240.745926,0,255,50,255,192,2,46,175,129,0,0,0,0,0,0,0
241.098907,241.016876,0,255,44,255,193,2,35,175,1,0,0,0,0,0,0,0
241.318680,241.236450,0,255,47,255,193,2,30,175,129,0,0,0,0,0,0,0
241.593399,241.510513,0,255,47,255,191,2,28,175,129,0,0,0,0,0,0,0
241.813187,241.731216,0,255,44,255,192,2,30,175,1,0,0,0,0,0,0,0
242.087906,242.003510,0,255,47,255,191,1,26,175,129,0,0,0,0,0,0,0
242.307693,242.214981,0,255,47,255,192,2,32,174,1,0,0,0,0,0,0,0
242.582413,242.486710,0,255,45,255,192,1,40,174,129,0,0,0,0,0,0,0
242.802200,242.706055,0,255,48,255,192,2,51,174,129,0,0,0,0,0,0,0
243.021973,242.950226,0,255,49,255,192,2,65,174,1,0,0,0,0,0,0,0
243.296707,243.224350,0,255,46,255,192,2,76,174,129,0,0,0,0,0,0,0
243.516479,243.437271,0,255,43,255,191,2,89,174,1,0,0,0,0,0,0,0
243.791214,243.713608,0,255,44,255,192,2,91,175,1,0,0,0,0,0,0,0
244.010986,243.932358,0,255,43,255,191,2,95,174,129,0,0,0,0,0,0,0
244.285721,244.206680,0,255,45,255,191,2,83,175,1,0,0,0,0,0,0,0
244.505493,244.426239,0,255,41,255,191,2,78,174,129,0,0,0,0,0,0,0
244.780212,244.702499,0,255,42,255,192,2,62,174,1,0,0,0,0,0,0,0
245.000000,244.919922,0,255,39,255,191,2,54,174,1,0,0,0,0,0,0,0
245.274719,245.198669,127,255,43,255,192,2,47,174,129,0,0,0,0,0,0,0
245.494507,245.420944,0,255,45,255,192,2,33,174,1,0,0,0,0,0,0,0
245.769226,245.690231,0,255,44,255,192,1,32,174,129,0,0,0,0,0,0,0
245.989014,245.908234,127,255,44,255,193,2,35,174,1,0,0,0,0,0,0,0
246.263733,246.186462,0,255,45,255,193,1,36,174,129,0,0,0,0,0,0,0
246.483521,246.407791,0,255,45,255,192,2,39,173,129,0,0,0,0,0,0,0
246.758240,246.678589,0,255,45,255,192,2,48,173,1,0,0,0,0,0,0,0
246.978027,246.897324,127,255,43,255,192,2,56,173,129,0,0,0,0,0,0,0
247.252747,247.171036,0,255,48,255,192,2,77,173,1,0,0,0,0,0,0,0
247.472534,247.390076,0,255,45,255,192,2,83,173,129,0,0,0,0,0,0,0
247.747253,247.657761,0,255,38,255,191,2,99,174,1,0,0,0,0,0,0,0
247.967026,247.874512,0,255,39,255,192,2,112,173,1,0,0,0,0,0,0,0
248.241760,248.145569,0,255,39,255,191,2,114,174,129,0,0,0,0,0,0,0
248.461533,248.362061,0,255,41,255,191,1,111,174,1,0,0,0,0,0,0,0
248.681320,248.606476,0,255,42,255,191,1,101,173,129,0,0,0,0,0,0,0
248.956039,248.877853,0,255,41,255,191,2,98,173,129,0,0,0,0,0,0,0
249.175827,249.095535,0,255,42,255,191,2,80,173,1,0,0,0,0,0,0,0
249.450546,249.368576,0,255,40,255,192,2,67,173,129,0,0,0,0,0,0,0
249.670334,249.587341,0,255,41,255,191,2,56,173,1,0,0,0,0,0,0,0
249.945053,249.860611,0,255,40,255,192,2,49,173,129,0,0,0,0,0,0,0
250.164841,250.079849,0,255,42,255,192,2,46,173,1,0,0,0,0,0,0,0
250.439560,250.349091,0,255,45,255,191,2,45,173,1,0,0,0,0,0,0,0
250.659348,250.563492,0,255,41,255,193,2,50,173,129,0,0,0,0,0,0,0
250.934067,250.837555,127,255,41,255,191,1,52,173,1,0,0,0,0,0,0,0
251.153839,251.054428,0,255,40,255,193,1,59,173,129,0,0,0,0,0,0,0
251.428574,251.328674,0,255,44,255,192,2,68,173,129,0,0,0,0,0,0,0
