0.000000,0.000000,0,255,55,255,190,3,31,186,1,0,0,0,0,0,0,0
0.219780,0.216452,127,255,53,255,190,3,31,187,129,0,0,0,0,0,0,0
0.494505,0.493264,127,255,53,255,191,3,31,186,129,0,0,0,0,0,0,0
0.714286,0.713198,0,255,52,255,190,3,39,188,1,0,0,0,0,0,0,0
0.989011,0.989816,0,255,54,255,190,2,48,187,129,0,0,0,0,0,0,0
1.208791,1.213017,127,255,54,255,190,2,57,186,1,0,0,0,0,0,0,0
1.483516,1.485739,127,255,55,255,191,2,67,186,129,0,0,0,0,0,0,0
1.703297,1.704208,0,255,53,255,190,3,83,185,1,0,0,0,0,0,0,0
1.978022,1.980780,0,255,50,255,191,3,98,185,1,0,0,0,0,0,0,0
2.197802,2.198622,0,255,50,255,191,3,104,186,129,0,0,0,0,0,0,0
2.472528,2.472900,0,255,48,255,191,3,109,186,1,0,0,0,0,0,0,0
2.692308,2.691063,0,255,50,255,191,2,105,185,129,0,0,0,0,0,0,0
2.967033,2.962436,0,255,49,255,190,3,91,186,1,0,0,0,0,0,0,0
3.186813,3.184282,0,255,48,255,190,3,82,186,1,0,0,0,0,0,0,0
3.461539,3.459029,0,255,53,255,191,3,69,186,129,0,0,0,0,0,0,0
3.681319,3.680985,0,255,49,255,190,3,54,185,1,0,0,0,0,0,0,0
3.956044,3.956205,0,255,51,255,190,2,41,187,129,0,0,0,0,0,0,0
4.175824,4.170730,0,255,50,255,191,3,39,186,1,0,0,0,0,0,0,0
4.395605,4.414414,127,255,49,255,191,3,40,185,1,0,0,0,0,0,0,0
4.670330,4.689999,127,255,47,255,190,2,37,185,129,0,0,0,0,0,0,0
4.890110,4.908724,0,255,46,255,191,2,43,182,1,0,0,0,0,0,0,0
5.164835,5.159963,0,255,44,255,191,1,57,177,129,0,0,0,0,0,0,0
5.439560,5.434908,0,255,49,255,192,1,64,176,1,0,0,0,0,0,0,0
5.659341,5.678097,0,255,53,255,193,2,78,176,1,0,0,0,0,0,0,0
5.879121,5.894588,0,255,49,255,191,1,90,176,129,0,0,0,0,0,0,0
6.153846,6.169077,0,255,49,255,191,2,100,176,1,0,0,0,0,0,0,0
6.373626,6.389785,127,255,48,255,190,1,104,178,129,0,0,0,0,0,0,0
6.648352,6.666515,0,255,48,255,191,2,98,178,1,0,0,0,0,0,0,0
6.868132,6.881907,0,255,49,255,191,2,78,178,129,0,0,0,0,0,0,0
7.142857,7.155375,0,255,50,255,192,2,72,177,129,0,0,0,0,0,0,0
7.362638,7.376428,0,255,53,255,191,2,55,176,1,0,0,0,0,0,0,0
7.637362,7.651023,0,255,48,255,192,2,46,175,129,0,0,0,0,0,0,0
7.857143,7.872402,0,255,47,255,191,2,32,175,1,0,0,0,0,0,0,0
8.131868,8.144865,127,255,47,255,193,2,32,175,129,0,0,0,0,0,0,0
8.351648,8.359176,0,255,46,255,192,2,28,175,129,0,0,0,0,0,0,0
8.626373,8.631480,0,255,44,255,192,2,30,175,1,0,0,0,0,0,0,0
8.846154,8.852565,0,255,47,255,193,2,28,175,129,0,0,0,0,0,0,0
9.120879,9.123658,0,255,47,255,193,2,35,174,1,0,0,0,0,0,0,0
9.340659,9.345201,0,255,47,255,192,2,43,174,129,0,0,0,0,0,0,0
9.615385,9.616927,0,255,48,255,192,2,56,175,1,0,0,0,0,0,0,0
9.835165,9.837122,0,255,49,255,192,2,66,174,1,0,0,0,0,0,0,0
10.109890,10.110773,0,255,46,255,192,2,77,174,129,0,0,0,0,0,0,0
10.329670,10.329661,0,255,43,255,191,1,90,174,1,0,0,0,0,0,0,0
10.604396,10.604558,0,255,42,255,191,2,96,174,129,0,0,0,0,0,0,0
10.824176,10.826651,0,255,44,255,191,2,95,175,1,0,0,0,0,0,0,0
11.098901,11.097988,127,255,43,255,191,2,82,175,1,0,0,0,0,0,0,0
11.318682,11.315631,0,255,43,255,191,2,70,174,129,0,0,0,0,0,0,0
11.593407,11.589543,0,255,40,255,192,1,61,174,1,0,0,0,0,0,0,0
11.813187,11.810972,0,255,40,255,191,1,50,174,129,0,0,0,0,0,0,0
12.087913,12.086087,0,255,45,255,191,2,40,174,1,0,0,0,0,0,0,0
12.307693,12.307676,0,255,45,255,192,2,33,174,129,0,0,0,0,0,0,0
12.582417,12.582009,0,255,44,255,191,1,32,174,129,0,0,0,0,0,0,0
12.802197,12.802112,0,255,43,255,193,2,37,173,1,0,0,0,0,0,0,0
13.076923,13.076144,0,255,44,255,192,2,33,173,129,0,0,0,0,0,0,0
13.296703,13.297911,0,255,46,255,192,2,42,174,1,0,0,0,0,0,0,0
13.571428,13.573177,0,255,43,255,192,2,51,173,1,0,0,0,0,0,0,0
13.791209,13.792017,0,255,43,255,192,2,63,173,129,0,0,0,0,0,0,0
14.065934,14.067126,0,255,46,255,193,1,79,173,1,0,0,0,0,0,0,0
14.285714,14.284093,0,255,43,255,192,1,87,174,129,0,0,0,0,0,0,0
14.560439,14.557748,0,255,38,255,192,2,105,173,1,0,0,0,0,0,0,0
14.780220,14.777997,127,255,39,255,191,2,111,174,129,0,0,0,0,0,0,0
15.054945,15.053148,127,255,40,255,191,2,114,173,129,0,0,0,0,0,0,0
15.274725,15.269641,127,255,40,255,191,2,106,173,1,0,0,0,0,0,0,0
15.549451,15.544960,0,255,42,255,192,2,98,173,129,0,0,0,0,0,0,0
15.769231,15.767565,0,255,41,255,191,2,98,173,129,0,0,0,0,0,0,0
16.043957,16.046106,0,255,41,255,192,1,73,174,129,0,0,0,0,0,0,0
16.263737,16.259197,0,255,41,255,191,2,60,173,1,0,0,0,0,0,0,0
16.538462,16.533733,0,255,40,255,192,1,55,173,1,0,0,0,0,0,0,0
16.758242,16.751579,0,255,39,255,192,2,48,173,129,0,0,0,0,0,0,0
17.032967,17.026695,0,255,44,255,192,2,47,173,1,0,0,0,0,0,0,0
17.252747,17.244286,0,255,44,255,192,2,47,173,1,0,0,0,0,0,0,0
17.527473,17.517679,0,255,42,255,192,2,49,173,1,0,0,0,0,0,0,0
17.747253,17.738733,0,255,42,255,192,1,59,173,1,0,0,0,0,0,0,0
17.967033,17.980993,0,255,41,255,191,1,62,173,129,0,0,0,0,0,0,0
18.241758,18.232332,0,255,44,255,191,1,71,173,1,0,0,0,0,0,0,0
18.461538,18.474470,0,255,41,255,192,2,77,173,129,0,0,0,0,0,0,0
18.736263,18.742823,127,255,25,195,192,2,87,173,129,0,0,0,0,0,0,0
18.956043,18.960619,127,255,37,255,191,2,91,173,1,0,0,0,0,0,0,0
19.230770,19.233757,0,255,43,255,191,2,89,173,129,0,0,0,0,0,0,0
19.450550,19.454674,0,255,40,255,191,1,83,173,1,0,0,0,0,0,0,0
19.725275,19.724422,0,255,41,255,191,2,69,173,129,0,0,0,0,0,0,0
19.945055,19.940659,0,255,41,255,192,1,61,173,1,0,0,0,0,0,0,0
20.219780,20.211681,0,255,43,255,191,2,52,173,1,0,0,0,0,0,0,0
20.439560,20.430548,0,255,39,255,191,2,50,173,129,0,0,0,0,0,0,0
20.714285,20.707640,0,255,39,255,192,1,52,173,1,0,0,0,0,0,0,0
20.934067,20.927200,0,255,38,255,192,2,54,173,129,0,0,0,0,0,0,0
21.208792,21.200024,0,255,41,255,193,2,59,173,1,0,0,0,0,0,0,0
21.428572,21.419065,0,255,40,255,192,2,69,172,1,0,0,0,0,0,0,0
21.703297,21.693975,0,255,43,255,192,1,80,173,129,0,0,0,0,0,0,0
21.923077,21.911566,127,255,41,255,192,1,88,173,1,0,0,0,0,0,0,0
22.197802,22.189636,0,255,43,255,192,2,102,173,129,0,0,0,0,0,0,0
22.417582,22.407892,0,255,47,255,191,2,102,172,129,0,0,0,0,0,0,0
22.692308,22.684046,0,255,41,255,193,1,102,172,129,0,0,0,0,0,0,0
22.912088,22.907614,0,255,41,255,192,2,99,173,129,0,0,0,0,0,0,0
23.186813,23.182308,127,255,39,255,192,2,91,173,1,0,0,0,0,0,0,0
23.406593,23.399580,0,255,44,255,191,2,81,173,129,0,0,0,0,0,0,0
23.681318,23.670853,0,255,42,255,192,2,67,172,1,0,0,0,0,0,0,0
23.901098,23.891811,0,255,42,255,192,2,58,172,129,0,0,0,0,0,0,0
24.175825,24.169004,0,255,42,255,192,2,47,172,1,0,0,0,0,0,0,0
24.395605,24.390280,0,255,39,255,192,1,47,172,1,0,0,0,0,0,0,0
24.670330,24.666389,0,255,43,255,192,2,44,172,129,0,0,0,0,0,0,0
24.890110,24.880331,0,255,43,255,192,2,40,172,1,0,0,0,0,0,0,0
25.164835,25.155544,127,255,44,255,192,2,43,172,129,0,0,0,0,0,0,0
25.384615,25.373606,127,255,47,255,191,2,44,172,1,0,0,0,0,0,0,0
25.659340,25.647575,0,255,44,255,192,2,47,172,1,0,0,0,0,0,0,0
25.879122,25.866459,0,255,45,255,192,2,50,172,129,0,0,0,0,0,0,0
26.153847,26.140436,0,255,45,255,192,2,56,172,1,0,0,0,0,0,0,0
26.373627,26.361853,0,255,45,255,192,2,57,172,129,0,0,0,0,0,0,0
26.593407,26.606169,0,255,47,255,192,2,62,172,1,0,0,0,0,0,0,0
26.868132,26.879887,0,255,45,255,192,1,66,172,129,0,0,0,0,0,0,0
27.087912,27.096172,0,255,44,255,192,2,68,172,129,0,0,0,0,0,0,0
27.362637,27.366810,0,255,42,255,192,2,72,172,1,0,0,0,0,0,0,0
27.582418,27.588572,0,255,41,255,192,2,74,172,129,0,0,0,0,0,0,0
27.857143,27.863726,0,255,43,255,192,2,76,172,129,0,0,0,0,0,0,0
28.076923,28.086304,0,255,43,255,191,2,71,172,129,0,0,0,0,0,0,0
28.351648,28.357103,0,255,45,255,192,2,69,172,129,0,0,0,0,0,0,0
28.571428,28.577696,0,255,42,255,192,2,65,172,1,0,0,0,0,0,0,0
28.846153,28.851875,127,255,42,255,192,2,59,172,129,0,0,0,0,0,0,0
29.065933,29.068581,0,255,42,255,192,2,56,172,1,0,0,0,0,0,0,0
29.340660,29.334751,0,255,42,255,192,2,46,172,129,0,0,0,0,0,0,0
29.560440,29.548229,0,255,40,255,192,2,47,172,129,0,0,0,0,0,0,0
29.835165,29.821836,0,255,48,255,192,2,43,172,1,0,0,0,0,0,0,0
30.054945,30.044619,0,255,47,255,192,2,47,172,129,0,0,0,0,0,0,0
30.329670,30.319283,0,255,44,255,192,2,54,172,1,0,0,0,0,0,0,0
30.549450,30.540592,0,255,46,255,192,2,54,172,129,0,0,0,0,0,0,0
30.824175,30.812780,0,255,46,255,191,1,62,172,129,0,0,0,0,0,0,0
31.043957,31.032925,0,255,47,255,191,2,70,172,1,0,0,0,0,0,0,0
31.318682,31.305853,0,255,45,255,191,2,79,172,129,0,0,0,0,0,0,0
31.538462,31.524109,0,255,46,255,192,2,87,171,1,0,0,0,0,0,0,0
31.813187,31.801165,127,255,44,255,192,2,91,171,1,0,0,0,0,0,0,0
32.032967,32.019310,0,255,47,255,191,1,92,171,1,0,0,0,0,0,0,0
32.252747,32.262016,0,255,44,255,192,2,85,172,1,0,0,0,0,0,0,0
32.527473,32.511292,0,255,39,255,191,2,84,172,129,0,0,0,0,0,0,0
32.802197,32.788414,0,255,45,255,192,2,75,172,1,0,0,0,0,0,0,0
33.021976,33.032017,0,255,42,255,192,2,60,171,129,0,0,0,0,0,0,0
33.241756,33.251686,127,255,43,255,192,2,54,172,1,0,0,0,0,0,0,0
33.516483,33.525753,0,255,45,255,192,2,47,172,1,0,0,0,0,0,0,0
33.736263,33.742294,0,255,45,255,192,2,42,171,129,0,0,0,0,0,0,0
34.010990,34.014553,0,255,44,255,192,2,37,172,1,0,0,0,0,0,0,0
34.230770,34.234688,0,255,46,255,192,1,41,172,129,0,0,0,0,0,0,0
34.505493,34.510685,0,255,47,255,192,2,46,171,1,0,0,0,0,0,0,0
34.725273,34.726860,0,255,45,255,191,2,51,171,1,0,0,0,0,0,0,0
35.000000,35.003021,0,255,49,255,193,2,56,171,129,0,0,0,0,0,0,0
35.219780,35.225693,0,255,47,255,192,2,65,171,1,0,0,0,0,0,0,0
35.494507,35.498940,0,255,44,255,192,2,71,171,129,0,0,0,0,0,0,0
35.714287,35.719646,0,255,43,255,192,2,85,171,1,0,0,0,0,0,0,0
35.989010,35.994808,0,255,43,255,191,2,83,171,1,0,0,0,0,0,0,0
36.208790,36.213646,0,255,44,255,191,2,87,171,129,0,0,0,0,0,0,0
36.483517,36.488338,0,255,45,255,191,2,82,171,1,0,0,0,0,0,0,0
36.703297,36.708942,0,255,43,255,191,2,76,172,129,0,0,0,0,0,0,0
36.978024,36.978909,0,255,47,255,192,2,66,171,1,0,0,0,0,0,0,0
37.197803,37.202366,0,255,45,255,191,2,56,171,129,0,0,0,0,0,0,0
37.472527,37.474209,0,255,43,255,192,2,48,172,129,0,0,0,0,0,0,0
37.692307,37.696835,127,255,44,255,192,2,44,171,1,0,0,0,0,0,0,0
37.967033,37.975380,0,255,48,255,192,2,40,171,129,0,0,0,0,0,0,0
38.241756,38.225956,0,255,44,255,192,2,39,171,1,0,0,0,0,0,0,0
38.461540,38.446327,0,255,46,255,191,2,41,171,129,0,0,0,0,0,0,0
38.736263,38.722534,0,255,50,255,192,2,45,171,1,0,0,0,0,0,0,0
38.956043,38.941372,0,255,49,255,192,2,49,171,1,0,0,0,0,0,0,0
39.230770,39.219028,127,255,47,255,192,1,57,171,129,0,0,0,0,0,0,0
39.450550,39.441917,0,255,48,255,192,2,66,171,1,0,0,0,0,0,0,0
39.725273,39.713810,0,255,49,255,192,2,82,171,129,0,0,0,0,0,0,0
39.945053,39.931965,0,255,46,255,191,2,93,171,1,0,0,0,0,0,0,0
40.219780,40.206776,0,255,45,255,191,2,100,171,1,0,0,0,0,0,0,0
40.439560,40.428146,0,255,41,255,191,2,100,171,129,0,0,0,0,0,0,0
40.714287,40.703690,0,255,47,255,192,2,92,171,1,0,0,0,0,0,0,0
40.934067,40.925114,0,255,45,255,191,2,84,171,129,0,0,0,0,0,0,0
41.208790,41.199291,127,255,44,255,191,2,77,171,1,0,0,0,0,0,0,0
41.428570,41.420410,0,255,41,255,191,1,66,171,129,0,0,0,0,0,0,0
41.703297,41.693722,127,255,43,255,191,2,55,171,129,0,0,0,0,0,0,0
41.923077,41.915813,0,255,47,255,193,1,42,171,1,0,0,0,0,0,0,0
42.197803,42.195332,0,255,44,255,192,1,40,171,129,0,0,0,0,0,0,0
42.417583,42.413506,0,255,47,255,193,1,40,171,1,0,0,0,0,0,0,0
42.692307,42.687195,0,255,45,255,192,2,36,171,129,0,0,0,0,0,0,0
42.912086,42.909267,0,255,44,255,193,2,39,171,129,0,0,0,0,0,0,0
43.186813,43.184555,0,255,45,255,193,1,47,171,1,0,0,0,0,0,0,0
43.406593,43.403591,0,255,49,255,191,1,55,171,129,0,0,0,0,0,0,0
43.681320,43.676620,127,255,45,255,192,2,62,170,1,0,0,0,0,0,0,0
43.901100,43.895763,0,255,44,255,191,1,73,171,129,0,0,0,0,0,0,0
44.175823,44.168842,0,255,44,255,192,2,80,171,129,0,0,0,0,0,0,0
44.395603,44.390793,0,255,48,255,191,2,92,171,1,0,0,0,0,0,0,0
44.670330,44.662685,0,255,46,255,191,2,96,171,129,0,0,0,0,0,0,0
44.890110,44.885521,127,255,44,255,191,2,95,171,1,0,0,0,0,0,0,0
45.164837,45.159492,127,255,42,255,191,2,85,171,129,0,0,0,0,0,0,0
45.384617,45.377605,127,255,43,255,191,2,79,171,129,0,0,0,0,0,0,0
45.659340,45.649696,127,255,40,255,191,2,67,171,1,0,0,0,0,0,0,0
45.879120,45.876694,0,255,46,255,192,2,53,171,129,0,0,0,0,0,0,0
46.153847,46.149822,0,255,46,255,192,2,41,171,1,0,0,0,0,0,0,0
46.373627,46.371883,127,255,45,255,192,2,44,170,129,0,0,0,0,0,0,0
46.648350,46.648033,127,255,45,255,192,2,40,170,1,0,0,0,0,0,0,0
46.868134,46.870716,0,255,44,255,191,2,40,170,129,0,0,0,0,0,0,0
47.142857,47.124084,0,255,48,255,192,1,40,170,129,0,0,0,0,0,0,0
47.362637,47.367313,0,255,49,255,192,2,43,170,1,0,0,0,0,0,0,0
47.637363,47.639984,0,255,50,255,192,2,46,170,1,0,0,0,0,0,0,0
47.857143,47.860432,0,255,47,255,192,2,67,170,1,0,0,0,0,0,0,0
48.131866,48.135468,0,255,46,255,192,1,74,170,129,0,0,0,0,0,0,0
48.351650,48.355568,0,255,44,255,192,2,89,171,129,0,0,0,0,0,0,0
48.626373,48.605309,0,255,47,255,191,1,96,171,1,0,0,0,0,0,0,0
48.901100,48.880260,0,255,45,255,191,2,100,171,129,0,0,0,0,0,0,0
49.120880,49.102367,0,255,44,255,191,2,95,171,1,0,0,0,0,0,0,0
49.395603,49.376392,0,255,46,255,191,2,90,171,129,0,0,0,0,0,0,0
49.615383,49.597404,0,255,46,255,191,1,80,171,129,0,0,0,0,0,0,0
49.890110,49.870071,0,255,45,255,192,2,68,170,1,0,0,0,0,0,0,0
50.109890,50.089745,0,255,41,255,191,2,54,171,129,0,0,0,0,0,0,0
50.384617,50.365372,0,255,47,255,192,2,47,170,1,0,0,0,0,0,0,0
50.604397,50.582172,0,255,48,255,191,2,40,170,129,0,0,0,0,0,0,0
50.879120,50.856693,0,255,49,255,192,2,40,170,1,0,0,0,0,0,0,0
51.098900,51.100834,0,255,32,240,193,1,35,170,1,0,0,0,0,0,0,0
51.318680,51.320049,0,255,43,255,192,2,39,170,129,0,0,0,0,0,0,0
51.593407,51.591564,0,255,45,255,192,2,41,170,1,0,0,0,0,0,0,0
51.813187,51.813610,0,255,48,255,192,1,48,170,129,0,0,0,0,0,0,0
52.087914,52.085449,0,255,47,255,192,1,52,170,1,0,0,0,0,0,0,0
52.307693,52.306049,0,255,48,255,192,2,65,170,1,0,0,0,0,0,0,0
52.582417,52.581486,0,255,50,255,192,2,78,170,129,0,0,0,0,0,0,0
52.802197,52.799011,0,255,47,255,191,2,85,171,1,0,0,0,0,0,0,0
53.076923,53.072311,0,255,43,255,192,2,92,171,129,0,0,0,0,0,0,0
53.296703,53.290871,0,255,44,255,192,1,94,171,1,0,0,0,0,0,0,0
53.571430,53.561153,0,255,44,255,192,1,91,171,1,0,0,0,0,0,0,0
53.791210,53.778797,127,255,44,255,192,1,84,170,129,0,0,0,0,0,0,0
54.065933,54.054115,0,255,44,255,191,2,76,170,1,0,0,0,0,0,0,0
54.285713,54.271885,0,255,47,255,192,2,66,170,129,0,0,0,0,0,0,0
54.560440,54.545715,0,255,47,255,191,1,52,170,1,0,0,0,0,0,0,0
54.780220,54.759209,0,255,47,255,192,2,47,170,1,0,0,0,0,0,0,0
55.054947,55.034618,0,255,48,255,192,2,42,170,129,0,0,0,0,0,0,0
55.274727,55.253613,0,255,45,255,192,1,40,170,1,0,0,0,0,0,0,0
55.549450,55.527061,127,255,45,255,191,1,40,170,1,0,0,0,0,0,0,0
55.769230,55.747807,127,255,48,255,192,2,41,170,1,0,0,0,0,0,0,0
56.043957,56.019676,0,255,47,255,192,2,48,170,1,0,0,0,0,0,0,0
56.263737,56.263618,0,255,49,255,192,2,54,170,129,0,0,0,0,0,0,0
56.538460,56.514599,127,255,48,255,191,2,58,170,1,0,0,0,0,0,0,0
56.758244,56.760368,127,255,47,255,193,2,62,170,129,0,0,0,0,0,0,0
57.032967,57.010719,0,255,46,255,192,2,71,170,1,0,0,0,0,0,0,0
57.252747,57.232124,0,255,48,255,192,2,84,170,129,0,0,0,0,0,0,0
57.527473,57.502777,127,255,49,255,191,2,108,170,129,0,0,0,0,0,0,0
57.747253,57.746651,127,255,44,255,191,2,117,172,1,0,0,0,0,0,0,0
58.021976,57.998280,0,255,44,255,191,2,111,173,129,0,0,0,0,0,0,0
58.241756,58.221153,0,255,45,255,190,2,81,172,1,0,0,0,0,0,0,0
58.516483,58.492355,127,255,44,255,192,2,59,171,129,0,0,0,0,0,0,0
58.736263,58.715763,0,255,47,255,192,2,40,170,1,0,0,0,0,0,0,0
59.010990,58.989262,0,255,48,255,191,2,26,170,1,0,0,0,0,0,0,0
59.230770,59.206406,127,255,50,255,192,2,17,170,129,0,0,0,0,0,0,0
59.505493,59.480774,0,255,47,255,192,2,13,170,1,0,0,0,0,0,0,0
59.725273,59.700722,0,255,46,255,193,2,18,170,129,0,0,0,0,0,0,0
59.945053,59.944599,0,255,50,255,193,2,22,170,129,0,0,0,0,0,0,0
60.219780,60.213985,127,255,52,255,193,2,30,170,1,0,0,0,0,0,0,0
60.439560,60.434330,127,255,50,255,193,1,36,170,129,0,0,0,0,0,0,0
60.714287,60.706165,0,255,48,255,193,2,60,170,1,0,0,0,0,0,0,0
60.934067,60.926044,0,255,46,255,191,2,85,170,129,0,0,0,0,0,0,0
61.208790,61.201775,0,255,45,255,188,2,108,170,1,0,0,0,0,0,0,0
61.428570,61.417919,0,255,48,255,189,2,116,170,1,0,0,0,0,0,0,0
61.703297,61.691772,0,255,46,255,189,2,115,171,129,0,0,0,0,0,0,0
61.923077,61.915287,0,255,40,255,190,1,100,172,1,0,0,0,0,0,0,0
62.197803,62.191383,0,255,48,255,189,2,94,171,129,0,0,0,0,0,0,0
62.417583,62.409233,0,255,47,255,190,1,79,170,1,0,0,0,0,0,0,0
62.692307,62.679737,0,255,42,255,191,2,70,170,129,0,0,0,0,0,0,0
62.912086,62.902458,0,255,45,255,190,2,58,170,129,0,0,0,0,0,0,0
63.186813,63.177872,0,255,45,255,190,2,51,170,1,0,0,0,0,0,0,0
63.406593,63.398682,0,255,46,255,190,2,44,170,1,0,0,0,0,0,0,0
63.681320,63.673431,0,255,44,255,190,1,36,170,1,0,0,0,0,0,0,0
63.901100,63.888939,0,255,45,255,190,2,33,170,129,0,0,0,0,0,0,0
64.175827,64.158638,0,255,48,255,191,2,33,170,129,0,0,0,0,0,0,0
64.395607,64.375351,0,255,49,255,191,1,30,170,1,0,0,0,0,0,0,0
64.670326,64.648117,0,255,45,255,192,2,32,170,129,0,0,0,0,0,0,0
64.890106,64.887764,0,255,51,255,192,2,34,170,1,0,0,0,0,0,0,0
65.109894,65.104874,0,255,46,255,191,1,40,170,1,0,0,0,0,0,0,0
65.384613,65.380196,127,255,46,255,191,1,49,170,129,0,0,0,0,0,0,0
65.604393,65.601845,127,255,46,255,190,2,64,170,1,0,0,0,0,0,0,0
65.879120,65.855568,0,255,45,255,190,2,80,170,129,0,0,0,0,0,0,0
66.153847,66.130013,127,255,44,255,190,2,93,170,1,0,0,0,0,0,0,0
66.373627,66.345932,127,255,43,255,191,2,104,170,1,0,0,0,0,0,0,0
66.648354,66.621307,127,255,46,255,190,2,106,170,129,0,0,0,0,0,0,0
66.868134,66.840240,0,255,44,255,191,1,99,170,1,0,0,0,0,0,0,0
67.142860,67.120346,127,255,44,255,189,2,96,170,129,0,0,0,0,0,0,0
67.362640,67.340485,0,255,43,255,190,1,82,170,1,0,0,0,0,0,0,0
67.637360,67.614922,0,255,44,255,191,2,71,170,129,0,0,0,0,0,0,0
67.857140,67.836510,0,255,42,255,190,1,60,170,1,0,0,0,0,0,0,0
68.131866,68.109283,127,255,42,255,190,2,52,170,1,0,0,0,0,0,0,0
68.351646,68.327591,0,255,45,255,190,2,48,170,129,0,0,0,0,0,0,0
68.626373,68.602028,0,255,45,255,190,2,50,170,1,0,0,0,0,0,0,0
68.846153,68.819923,0,255,42,255,191,2,48,170,129,0,0,0,0,0,0,0
69.120880,69.097382,0,255,44,255,191,1,49,170,1,0,0,0,0,0,0,0
69.340660,69.316048,0,255,44,255,191,2,51,170,1,0,0,0,0,0,0,0
69.615387,69.588417,127,255,46,255,190,2,52,170,129,0,0,0,0,0,0,0
69.835167,69.810524,0,255,45,255,190,2,60,170,1,0,0,0,0,0,0,0
70.109894,70.085434,0,255,47,255,191,2,65,170,129,0,0,0,0,0,0,0
70.329674,70.302490,0,255,44,255,189,2,62,170,1,0,0,0,0,0,0,0
70.604393,70.577560,0,255,45,255,191,1,73,170,129,0,0,0,0,0,0,0
70.824173,70.794350,127,255,46,255,191,2,75,170,129,0,0,0,0,0,0,0
71.043953,71.040344,0,255,42,255,191,2,77,170,1,0,0,0,0,0,0,0
71.318680,71.313904,0,255,43,255,191,2,79,170,129,0,0,0,0,0,0,0
71.538460,71.532166,127,255,45,255,191,2,81,170,1,0,0,0,0,0,0,0
71.813187,71.807068,127,255,43,255,190,2,79,170,1,0,0,0,0,0,0,0
72.032967,72.029282,0,255,42,255,192,1,74,170,129,0,0,0,0,0,0,0
72.307693,72.300446,0,255,45,255,191,2,70,170,1,0,0,0,0,0,0,0
72.527473,72.522186,0,255,47,255,190,1,64,170,129,0,0,0,0,0,0,0
72.802200,72.794281,0,255,41,255,190,1,64,170,1,0,0,0,0,0,0,0
73.021980,73.011711,127,255,45,255,191,2,62,170,129,0,0,0,0,0,0,0
73.296700,73.285950,0,255,41,255,191,2,58,170,129,0,0,0,0,0,0,0
73.516487,73.509605,0,255,43,255,191,2,55,170,1,0,0,0,0,0,0,0
73.791206,73.783783,0,255,45,255,191,1,53,170,129,0,0,0,0,0,0,0
74.010986,74.003922,0,255,44,255,190,2,54,170,1,0,0,0,0,0,0,0
74.285713,74.274513,0,255,45,255,191,1,60,170,129,0,0,0,0,0,0,0
74.505493,74.495163,0,255,45,255,191,2,65,170,1,0,0,0,0,0,0,0
74.780220,74.768501,0,255,45,255,191,2,64,170,1,0,0,0,0,0,0,0
75.000000,74.986946,0,255,44,255,191,2,67,170,129,0,0,0,0,0,0,0
75.274727,75.261726,127,255,44,255,191,2,71,170,1,0,0,0,0,0,0,0
75.494507,75.484200,127,255,46,255,190,1,73,170,129,0,0,0,0,0,0,0
75.769234,75.759361,127,255,41,255,192,2,77,170,1,0,0,0,0,0,0,0
75.989014,75.979187,127,255,44,255,191,2,77,170,1,0,0,0,0,0,0,0
76.263733,76.255341,0,255,42,255,191,2,78,170,129,0,0,0,0,0,0,0
76.483513,76.474121,0,255,42,255,190,2,72,170,1,0,0,0,0,0,0,0
76.758240,76.746216,0,255,46,255,190,1,63,170,129,0,0,0,0,0,0,0
76.978020,76.964058,0,255,44,255,190,2,60,170,1,0,0,0,0,0,0,0
77.252747,77.237930,0,255,44,255,191,2,59,170,129,0,0,0,0,0,0,0
77.472527,77.457962,0,255,45,255,191,2,54,170,129,0,0,0,0,0,0,0
77.747253,77.732086,0,255,47,255,190,2,52,170,1,0,0,0,0,0,0,0
77.967033,77.952728,127,255,45,255,191,2,51,170,129,0,0,0,0,0,0,0
78.241760,78.232536,0,255,43,255,190,2,54,170,1,0,0,0,0,0,0,0
78.461540,78.446953,0,255,44,255,191,2,58,170,129,0,0,0,0,0,0,0
78.736267,78.718567,0,255,45,255,191,2,64,170,129,0,0,0,0,0,0,0
78.956047,78.940155,127,255,48,255,191,2,70,170,1,0,0,0,0,0,0,0
79.230766,79.216423,0,255,47,255,191,2,73,170,129,0,0,0,0,0,0,0
79.450546,79.436707,0,255,45,255,190,1,76,170,1,0,0,0,0,0,0,0
79.725273,79.709167,127,255,44,255,190,2,76,170,129,0,0,0,0,0,0,0
79.945053,79.929771,0,255,43,255,190,2,80,170,129,0,0,0,0,0,0,0
80.219780,80.205658,0,255,45,255,190,1,72,170,1,0,0,0,0,0,0,0
80.439560,80.424133,0,255,41,255,190,1,71,170,129,0,0,0,0,0,0,0
80.714287,80.696022,0,255,43,255,190,2,61,170,1,0,0,0,0,0,0,0
80.934067,80.913078,0,255,49,255,191,2,53,170,129,0,0,0,0,0,0,0
81.208794,81.190689,0,255,50,255,191,2,51,170,129,0,0,0,0,0,0,0
81.428574,81.412079,0,255,46,255,191,1,50,170,1,0,0,0,0,0,0,0
81.703300,81.680740,0,255,47,255,190,1,50,170,129,0,0,0,0,0,0,0
81.923080,81.905083,127,255,47,255,191,2,47,170,1,0,0,0,0,0,0,0
82.197800,82.179367,0,255,45,255,190,2,51,170,1,0,0,0,0,0,0,0
82.417580,82.401794,0,255,45,255,191,2,62,170,1,0,0,0,0,0,0,0
82.692307,82.674202,0,255,47,255,190,2,67,170,1,0,0,0,0,0,0,0
82.912086,82.893242,0,255,48,255,190,1,78,170,129,0,0,0,0,0,0,0
83.186813,83.167053,0,255,46,255,190,1,76,170,1,0,0,0,0,0,0,0
83.406593,83.385727,0,255,45,255,190,2,77,170,129,0,0,0,0,0,0,0
83.681320,83.658134,0,255,39,255,190,2,79,170,1,0,0,0,0,0,0,0
83.901100,83.877960,0,255,48,255,191,2,67,170,1,0,0,0,0,0,0,0
84.175827,84.158165,127,255,47,255,191,2,66,170,129,0,0,0,0,0,0,0
84.395607,84.377472,0,255,45,255,191,2,60,169,1,0,0,0,0,0,0,0
84.670326,84.653984,127,255,47,255,191,2,56,170,129,0,0,0,0,0,0,0
84.890106,84.872192,0,255,43,255,191,2,56,170,1,0,0,0,0,0,0,0
85.164833,85.148590,0,255,49,255,190,1,58,170,1,0,0,0,0,0,0,0
85.384613,85.365723,0,255,47,255,190,2,58,169,129,0,0,0,0,0,0,0
85.659340,85.639488,127,255,48,255,190,1,62,170,1,0,0,0,0,0,0,0
85.879120,85.861496,127,255,47,255,191,2,73,170,129,0,0,0,0,0,0,0
86.153847,86.133255,0,255,44,255,190,2,79,170,1,0,0,0,0,0,0,0
86.373627,86.351334,127,255,40,255,190,2,83,170,129,0,0,0,0,0,0,0
86.648354,86.627434,127,255,40,255,190,2,82,170,129,0,0,0,0,0,0,0
86.868134,86.849174,127,255,45,255,190,2,84,170,1,0,0,0,0,0,0,0
87.142860,87.125717,0,255,43,255,191,2,83,170,129,0,0,0,0,0,0,0
87.362640,87.342392,0,255,43,255,190,2,76,170,1,0,0,0,0,0,0,0
87.637360,87.616730,0,255,47,255,191,1,66,170,129,0,0,0,0,0,0,0
87.857140,87.840294,0,255,47,255,191,2,59,170,129,0,0,0,0,0,0,0
88.131866,88.117340,0,255,43,255,191,2,52,170,1,0,0,0,0,0,0,0
88.351646,88.333359,0,255,42,255,191,2,52,169,129,0,0,0,0,0,0,0
88.626373,88.609825,127,255,42,255,191,1,50,169,1,0,0,0,0,0,0,0
88.846153,88.827927,127,255,40,255,191,1,50,169,1,0,0,0,0,0,0,0
89.120880,89.105225,0,255,44,255,191,2,51,170,1,0,0,0,0,0,0,0
89.340660,89.322495,0,255,50,255,191,2,55,169,1,0,0,0,0,0,0,0
89.615387,89.596466,0,255,49,255,191,2,65,170,129,0,0,0,0,0,0,0
89.835167,89.818222,0,255,45,255,191,1,70,170,1,0,0,0,0,0,0,0
90.109894,90.095665,0,255,44,255,190,2,82,169,129,0,0,0,0,0,0,0
90.329674,90.314651,0,255,44,255,190,2,87,170,1,0,0,0,0,0,0,0
90.604393,90.588219,0,255,43,255,189,1,93,170,1,0,0,0,0,0,0,0
90.824173,90.809952,0,255,43,255,189,2,86,169,129,0,0,0,0,0,0,0
91.098900,91.083717,0,255,43,255,191,2,82,170,1,0,0,0,0,0,0,0
91.318680,91.300621,0,255,45,255,189,1,71,169,129,0,0,0,0,0,0,0
91.593407,91.578598,0,255,45,255,190,2,67,170,1,0,0,0,0,0,0,0
91.813187,91.798889,0,255,44,255,191,1,52,169,129,0,0,0,0,0,0,0
92.087914,92.073898,0,255,47,255,190,2,47,169,129,0,0,0,0,0,0,0
92.307693,92.293869,0,255,46,255,191,1,45,169,1,0,0,0,0,0,0,0
92.582420,92.564461,127,255,49,255,192,2,48,169,129,0,0,0,0,0,0,0
92.802200,92.785477,0,255,47,255,191,2,48,169,1,0,0,0,0,0,0,0
93.076920,93.058304,0,255,44,255,191,2,50,169,129,0,0,0,0,0,0,0
93.296700,93.277031,0,255,46,255,191,1,56,169,129,0,0,0,0,0,0,0
93.571426,93.551071,0,255,52,255,190,2,61,169,1,0,0,0,0,0,0,0
93.791206,93.771500,127,255,50,255,191,1,68,170,129,0,0,0,0,0,0,0
94.065933,94.043724,0,255,48,255,190,2,77,170,1,0,0,0,0,0,0,0
94.285713,94.264305,0,255,44,255,190,2,85,170,129,0,0,0,0,0,0,0
94.560440,94.534790,0,255,43,255,191,2,90,169,1,0,0,0,0,0,0,0
94.780220,94.754814,0,255,45,255,191,2,93,169,1,0,0,0,0,0,0,0
95.054947,95.021919,0,255,41,255,191,2,90,170,129,0,0,0,0,0,0,0
95.274727,95.245178,0,255,43,255,191,2,86,170,1,0,0,0,0,0,0,0
95.549454,95.519722,0,255,45,255,191,1,78,169,129,0,0,0,0,0,0,0
95.769234,95.739227,0,255,45,255,191,1,69,169,1,0,0,0,0,0,0,0
96.043953,96.015793,0,255,44,255,190,2,65,170,1,0,0,0,0,0,0,0
96.263733,96.239029,127,255,48,255,191,1,57,169,129,0,0,0,0,0,0,0
96.538460,96.516304,0,255,47,255,192,1,54,169,1,0,0,0,0,0,0,0
96.758240,96.733978,127,255,44,255,191,2,51,169,129,0,0,0,0,0,0,0
97.032967,97.010811,127,255,43,255,191,2,52,169,129,0,0,0,0,0,0,0
97.252747,97.233093,0,255,47,255,191,2,57,169,129,0,0,0,0,0,0,0
97.527473,97.505844,0,255,49,255,191,1,58,169,129,0,0,0,0,0,0,0
97.747253,97.726555,0,255,52,255,190,2,61,169,1,0,0,0,0,0,0,0
98.021980,98.003281,0,255,48,255,192,2,62,169,129,0,0,0,0,0,0,0
98.241760,98.221176,0,255,53,255,190,2,66,169,1,0,0,0,0,0,0,0
98.516487,98.500511,0,255,51,255,190,2,67,169,129,0,0,0,0,0,0,0
98.736267,98.723434,0,255,50,255,191,2,67,169,129,0,0,0,0,0,0,0
99.010986,98.971313,0,255,51,255,190,2,70,170,1,0,0,0,0,0,0,0
99.230766,99.213333,0,255,50,255,190,2,67,169,129,0,0,0,0,0,0,0
99.505493,99.481796,0,255,55,255,191,2,70,169,1,0,0,0,0,0,0,0
99.725273,99.702545,0,255,52,255,190,2,73,169,129,0,0,0,0,0,0,0
100.000000,99.976669,0,255,50,255,191,2,75,169,129,0,0,0,0,0,0,0
100.219780,100.192955,0,255,51,255,190,2,76,169,1,0,0,0,0,0,0,0
100.494507,100.462715,127,255,54,255,191,2,74,169,129,0,0,0,0,0,0,0
100.714287,100.688774,0,255,51,255,190,2,71,169,1,0,0,0,0,0,0,0
100.989014,100.963623,127,255,50,255,191,2,64,170,129,0,0,0,0,0,0,0
101.208794,101.180489,0,255,50,255,191,2,54,169,129,0,0,0,0,0,0,0
101.483513,101.453056,0,255,51,255,190,2,52,169,1,0,0,0,0,0,0,0
101.703300,101.677292,127,255,51,255,190,2,48,169,129,0,0,0,0,0,0,0
101.978020,101.952614,0,255,57,255,191,2,49,169,1,0,0,0,0,0,0,0
102.197800,102.174286,0,255,58,255,191,1,49,169,129,0,0,0,0,0,0,0
102.472527,102.450249,0,255,54,255,191,2,57,169,1,0,0,0,0,0,0,0
102.692307,102.669495,0,255,52,255,190,2,62,169,1,0,0,0,0,0,0,0
102.967033,102.940506,0,255,52,255,191,2,70,169,129,0,0,0,0,0,0,0
103.186813,103.156219,0,255,51,255,190,1,74,169,1,0,0,0,0,0,0,0
103.461540,103.434608,127,255,53,255,191,1,79,169,129,0,0,0,0,0,0,0
103.681320,103.654022,127,255,53,255,190,2,76,170,1,0,0,0,0,0,0,0
103.956047,103.929337,0,255,55,255,190,2,76,171,1,0,0,0,0,0,0,0
104.175827,104.143761,127,255,55,255,190,2,63,170,129,0,0,0,0,0,0,0
104.450546,104.420166,127,255,56,255,190,1,53,169,1,0,0,0,0,0,0,0
104.670326,104.642433,0,255,53,255,190,2,45,169,129,0,0,0,0,0,0,0
104.945053,104.914780,127,255,56,255,190,2,41,169,1,0,0,0,0,0,0,0
105.164833,105.136925,0,255,57,255,191,1,35,169,129,0,0,0,0,0,0,0
105.439560,105.406082,127,255,55,255,190,2,33,169,129,0,0,0,0,0,0,0
105.659340,105.629433,0,255,52,255,190,2,31,169,1,0,0,0,0,0,0,0
105.934067,105.901016,127,255,55,255,191,2,42,169,129,0,0,0,0,0,0,0
106.153847,106.120674,0,255,56,255,191,2,45,169,1,0,0,0,0,0,0,0
106.428574,106.392357,127,255,57,255,191,1,57,169,129,0,0,0,0,0,0,0
106.648354,106.617332,127,255,55,255,190,1,63,169,129,0,0,0,0,0,0,0
106.923080,106.887398,0,255,54,255,191,2,79,169,1,0,0,0,0,0,0,0
107.142860,107.110268,0,255,55,255,191,2,85,169,129,0,0,0,0,0,0,0
107.417580,107.385757,0,255,56,255,190,2,82,169,1,0,0,0,0,0,0,0
107.637360,107.606728,0,255,51,255,190,2,76,170,129,0,0,0,0,0,0,0
107.912086,107.876999,0,255,50,255,189,2,69,170,1,0,0,0,0,0,0,0
108.131866,108.094231,0,255,52,255,190,2,59,169,1,0,0,0,0,0,0,0
108.406593,108.370537,0,255,53,255,191,2,47,169,129,0,0,0,0,0,0,0
108.626373,108.590630,0,255,51,255,191,1,50,169,1,0,0,0,0,0,0,0
108.901100,108.865105,0,255,51,255,192,2,47,169,129,0,0,0,0,0,0,0
109.120880,109.085922,0,255,54,255,190,2,46,169,1,0,0,0,0,0,0,0
109.395607,109.363205,0,255,52,255,191,2,46,169,1,0,0,0,0,0,0,0
109.615387,109.581062,127,255,54,255,191,2,56,169,129,0,0,0,0,0,0,0
109.890106,109.855652,127,255,52,255,191,2,67,169,1,0,0,0,0,0,0,0
110.109894,110.073235,0,255,55,255,190,2,81,169,129,0,0,0,0,0,0,0
110.384613,110.347412,0,255,58,255,190,2,94,169,1,0,0,0,0,0,0,0
110.604393,110.566612,0,255,52,255,190,2,103,169,1,0,0,0,0,0,0,0
110.879120,110.839180,127,255,51,255,190,2,100,169,129,0,0,0,0,0,0,0
111.098900,111.057999,0,255,53,255,190,2,94,170,1,0,0,0,0,0,0,0
111.373627,111.335670,127,255,50,255,190,2,84,170,129,0,0,0,0,0,0,0
111.593407,111.554192,0,255,51,255,190,2,73,169,1,0,0,0,0,0,0,0
111.868134,111.824989,0,255,54,255,190,2,65,169,129,0,0,0,0,0,0,0
112.087914,112.045845,0,255,55,255,191,1,60,169,129,0,0,0,0,0,0,0
112.307693,112.288094,0,255,52,255,191,2,57,169,1,0,0,0,0,0,0,0
112.582420,112.563049,127,255,52,255,190,1,52,169,129,0,0,0,0,0,0,0
112.857140,112.814651,127,255,54,255,190,1,48,169,129,0,0,0,0,0,0,0
113.076920,113.057465,0,255,52,255,190,1,50,169,129,0,0,0,0,0,0,0
113.296700,113.277542,0,255,55,255,191,2,53,169,129,0,0,0,0,0,0,0
113.571426,113.553070,0,255,53,255,190,2,57,169,1,0,0,0,0,0,0,0
113.791206,113.772278,0,255,53,255,190,2,67,169,129,0,0,0,0,0,0,0
114.065933,114.045197,0,255,55,255,191,1,78,169,1,0,0,0,0,0,0,0
114.340660,114.295586,127,255,53,255,190,1,87,169,129,0,0,0,0,0,0,0
114.560440,114.517090,127,255,61,255,191,2,96,169,129,0,0,0,0,0,0,0
114.835167,114.795853,0,255,53,255,191,1,96,169,1,0,0,0,0,0,0,0
115.054947,115.018005,0,255,54,255,189,2,91,170,129,0,0,0,0,0,0,0
115.329674,115.296188,0,255,55,255,190,2,85,169,1,0,0,0,0,0,0,0
115.549454,115.518784,0,255,56,255,189,2,72,169,129,0,0,0,0,0,0,0
115.824173,115.789505,0,255,58,255,191,2,63,169,1,0,0,0,0,0,0,0
116.043953,116.004074,0,255,45,255,190,1,58,169,1,0,0,0,0,0,0,0
116.318680,116.278313,0,255,54,255,191,2,51,169,129,0,0,0,0,0,0,0
116.538460,116.502075,0,255,59,255,191,2,47,169,1,0,0,0,0,0,0,0
116.813187,116.776154,127,255,58,255,191,2,44,169,129,0,0,0,0,0,0,0
117.032967,116.994926,0,255,57,255,191,1,46,169,1,0,0,0,0,0,0,0
117.307693,117.270157,0,255,57,255,191,2,47,169,129,0,0,0,0,0,0,0
117.527473,117.491272,0,255,59,255,191,2,50,169,129,0,0,0,0,0,0,0
117.802200,117.765343,127,255,59,255,190,1,52,169,1,0,0,0,0,0,0,0
118.021980,117.984955,0,255,58,255,190,1,63,169,129,0,0,0,0,0,0,0
118.296700,118.262352,127,255,58,255,190,2,71,169,1,0,0,0,0,0,0,0
118.516487,118.476585,0,255,59,255,190,1,80,169,1,0,0,0,0,0,0,0
118.791206,118.751366,0,255,62,255,190,2,85,170,129,0,0,0,0,0,0,0
119.010986,118.971603,0,255,60,255,189,2,81,171,1,0,0,0,0,0,0,0
119.285713,119.244896,0,255,60,255,190,2,72,170,129,0,0,0,0,0,0,0
119.505493,119.466377,0,255,62,255,190,2,59,170,1,0,0,0,0,0,0,0
119.780220,119.742584,0,255,62,255,189,2,53,170,129,0,0,0,0,0,0,0
120.000000,119.961685,0,255,66,255,190,2,38,169,129,0,0,0,0,0,0,0
120.274727,120.233047,127,255,66,255,190,2,32,169,1,0,0,0,0,0,0,0
120.494507,120.450012,0,255,66,255,190,2,26,169,129,0,0,0,0,0,0,0
120.769234,120.725906,0,255,65,255,191,2,23,169,1,0,0,0,0,0,0,0
120.989014,120.947388,0,255,67,255,190,2,25,169,129,0,0,0,0,0,0,0
121.263733,121.217407,0,255,66,255,191,2,36,169,129,0,0,0,0,0,0,0
121.483513,121.437225,127,255,64,255,191,2,45,169,1,0,0,0,0,0,0,0
121.758240,121.714211,0,255,59,255,190,2,86,169,129,0,0,0,0,0,0,0
121.978020,121.939751,0,255,58,255,191,2,97,170,1,0,0,0,0,0,0,0
122.252747,122.214394,0,255,55,255,189,2,101,170,129,0,0,0,0,0,0,0
122.472527,122.433907,0,255,54,255,189,3,94,170,1,0,0,0,0,0,0,0
122.747253,122.709541,0,255,63,255,189,1,84,171,1,0,0,0,0,0,0,0
122.967033,122.930710,0,255,61,255,190,2,75,170,129,0,0,0,0,0,0,0
123.241760,123.204521,127,255,63,255,189,1,60,169,1,0,0,0,0,0,0,0
123.461540,123.425224,0,255,68,255,190,2,49,169,129,0,0,0,0,0,0,0
123.736267,123.698471,0,255,69,255,190,2,36,169,1,0,0,0,0,0,0,0
123.956047,123.918549,0,255,74,255,191,2,26,169,129,0,0,0,0,0,0,0
124.230766,124.194283,127,255,75,255,190,2,19,169,129,0,0,0,0,0,0,0
124.450546,124.409332,0,255,76,255,191,1,17,169,1,0,0,0,0,0,0,0
124.725273,124.689117,0,255,73,255,190,2,22,169,129,0,0,0,0,0,0,0
124.945053,124.909149,127,255,71,255,191,2,32,168,1,0,0,0,0,0,0,0
125.219780,125.180733,0,255,63,255,191,2,71,169,129,0,0,0,0,0,0,0
125.439560,125.400917,0,255,55,255,189,1,111,169,129,0,0,0,0,0,0,0
125.714287,125.680336,0,255,54,255,189,2,117,169,1,0,0,0,0,0,0,0
125.934067,125.897972,127,255,55,255,191,2,118,169,129,0,0,0,0,0,0,0
126.208794,126.168983,127,255,57,255,190,2,106,169,1,0,0,0,0,0,0,0
126.428574,126.389900,0,255,53,255,191,2,87,169,129,0,0,0,0,0,0,0
126.703300,126.666397,0,255,55,255,190,2,53,169,1,0,0,0,0,0,0,0
126.923080,126.881866,0,255,60,255,190,2,77,169,1,0,0,0,0,0,0,0
127.197800,127.157188,127,255,67,255,189,2,67,169,129,0,0,0,0,0,0,0
127.417580,127.376488,0,255,72,255,190,2,60,169,1,0,0,0,0,0,0,0
127.692307,127.651344,0,255,76,255,190,2,43,169,129,0,0,0,0,0,0,0
127.912086,127.870506,0,255,76,255,190,2,26,169,1,0,0,0,0,0,0,0
128.186813,128.146439,0,255,77,255,191,1,22,169,1,0,0,0,0,0,0,0
128.406601,128.364899,0,255,74,255,191,2,25,169,129,0,0,0,0,0,0,0
128.681320,128.640503,0,255,73,255,191,2,31,168,1,0,0,0,0,0,0,0
128.901093,128.859833,0,255,66,255,193,2,25,168,129,0,0,0,0,0,0,0
129.175827,129.133545,0,255,61,255,191,2,117,169,1,0,0,0,0,0,0,0
129.395599,129.354721,127,255,56,255,190,2,112,168,1,0,0,0,0,0,0,0
129.670334,129.632370,0,255,52,255,189,2,117,169,129,0,0,0,0,0,0,0
129.890106,129.853607,127,255,54,255,190,2,98,168,1,0,0,0,0,0,0,0
130.164841,130.124130,127,255,56,255,190,1,93,169,129,0,0,0,0,0,0,0
130.384613,130.348282,0,255,58,255,189,2,69,169,1,0,0,0,0,0,0,0
130.659348,130.618713,0,255,62,255,190,1,69,168,1,0,0,0,0,0,0,0
130.879120,130.837799,0,255,69,255,190,2,53,169,129,0,0,0,0,0,0,0
131.153839,131.110168,0,255,75,255,191,2,38,169,1,0,0,0,0,0,0,0
131.373627,131.333679,127,255,76,255,190,2,20,169,129,0,0,0,0,0,0,0
131.648346,131.607544,0,255,77,255,191,2,9,168,1,0,0,0,0,0,0,0
131.868134,131.821854,0,255,77,255,192,1,11,168,1,0,0,0,0,0,0,0
132.142853,132.100449,0,255,73,255,192,2,11,168,129,0,0,0,0,0,0,0
132.362640,132.318909,0,255,65,255,191,2,29,168,1,0,0,0,0,0,0,0
132.637360,132.595123,0,255,60,255,192,2,0,168,129,0,0,0,0,0,0,0
132.857147,132.814423,127,255,54,255,189,2,117,168,1,0,0,0,0,0,0,0
133.131866,133.090836,0,255,48,255,190,2,118,171,129,0,0,0,0,0,0,0
133.351654,133.310349,0,255,38,255,191,2,88,170,129,0,0,0,0,0,0,0
133.626373,133.583633,0,255,45,255,191,2,79,168,1,0,0,0,0,0,0,0
133.846161,133.800079,127,255,45,255,192,2,74,168,129,0,0,0,0,0,0,0
134.120880,134.081116,0,255,48,255,191,1,68,168,1,0,0,0,0,0,0,0
134.340652,134.301254,127,255,58,255,191,2,70,169,129,0,0,0,0,0,0,0
134.615387,134.573303,0,255,68,255,189,1,61,169,1,0,0,0,0,0,0,0
134.835159,134.790619,127,255,71,255,191,1,34,169,1,0,0,0,0,0,0,0
135.109894,135.065689,0,255,73,255,192,1,13,168,129,0,0,0,0,0,0,0
135.329666,135.284195,0,255,75,255,193,2,7,168,1,0,0,0,0,0,0,0
135.604401,135.556244,0,255,76,255,192,2,21,168,129,0,0,0,0,0,0,0
135.824173,135.773270,0,255,73,255,192,2,21,168,1,0,0,0,0,0,0,0
136.043961,136.017838,0,255,63,255,191,2,28,168,1,0,0,0,0,0,0,0
136.318680,136.270386,0,255,55,255,191,1,2,168,129,0,0,0,0,0,0,0
136.593399,136.542221,0,255,51,255,190,2,117,168,1,0,0,0,0,0,0,0
136.813187,136.760742,0,255,41,255,191,2,118,168,129,0,0,0,0,0,0,0
137.087906,137.036682,127,255,37,255,190,1,118,168,1,0,0,0,0,0,0,0
137.307693,137.259888,127,255,41,255,192,2,26,168,129,0,0,0,0,0,0,0
137.582413,137.533798,0,255,45,255,191,1,69,168,129,0,0,0,0,0,0,0
137.802200,137.750549,127,255,43,255,191,2,117,168,1,0,0,0,0,0,0,0
138.076920,138.025772,0,255,49,255,190,2,87,168,129,0,0,0,0,0,0,0
138.296707,138.249969,0,255,52,255,191,2,114,168,1,0,0,0,0,0,0,0
138.571426,138.524445,0,255,50,255,190,2,70,168,129,0,0,0,0,0,0,0
138.791214,138.741730,0,255,52,255,190,2,59,168,129,0,0,0,0,0,0,0
139.065933,139.017410,0,255,55,255,191,2,21,168,1,0,0,0,0,0,0,0
139.285721,139.237030,127,255,57,255,191,2,28,168,129,0,0,0,0,0,0,0
139.560440,139.510422,0,255,59,255,192,2,7,168,1,0,0,0,0,0,0,0
139.780212,139.729095,0,255,60,255,193,2,16,167,129,0,0,0,0,0,0,0
140.054947,140.003479,0,255,57,255,193,2,14,168,129,0,0,0,0,0,0,0
140.274719,140.226105,0,255,55,255,192,2,28,168,1,0,0,0,0,0,0,0
140.549454,140.498627,0,255,58,255,192,1,27,168,129,0,0,0,0,0,0,0
140.769226,140.718506,127,255,59,255,192,1,41,168,1,0,0,0,0,0,0,0
141.043961,140.997559,0,255,54,255,191,2,59,168,129,0,0,0,0,0,0,0
141.263733,141.211304,0,255,57,255,188,1,114,168,129,0,0,0,0,0,0,0
141.538467,141.485901,0,255,54,255,190,2,118,168,1,0,0,0,0,0,0,0
141.758240,141.710037,0,255,54,255,191,1,103,168,129,0,0,0,0,0,0,0
142.032974,141.986176,127,255,53,255,190,2,67,168,1,0,0,0,0,0,0,0
142.252747,142.204849,0,255,52,255,189,2,57,168,129,0,0,0,0,0,0,0
142.527466,142.476395,0,255,49,255,189,3,117,185,1,0,0,0,0,0,0,0
142.747253,142.697464,0,255,51,255,191,2,47,185,1,0,0,0,0,0,0,0
143.021973,142.972565,0,255,57,255,193,2,0,172,129,0,0,0,0,0,0,0
143.241760,143.195969,127,255,63,255,191,2,2,169,1,0,0,0,0,0,0,0
143.516479,143.472137,0,255,62,255,191,2,8,168,129,0,0,0,0,0,0,0
143.736267,143.691223,0,255,67,255,191,2,11,168,1,0,0,0,0,0,0,0
144.010986,143.966705,127,255,65,255,192,1,0,168,1,0,0,0,0,0,0,0
144.230774,144.188034,0,255,63,255,191,1,1,168,129,0,0,0,0,0,0,0
144.505493,144.464447,0,255,66,255,192,2,12,168,1,0,0,0,0,0,0,0
144.725281,144.678192,0,255,62,255,192,2,24,168,129,0,0,0,0,0,0,0
145.000000,144.951523,127,255,57,255,191,2,38,168,1,0,0,0,0,0,0,0
145.219788,145.173752,0,255,55,255,189,2,118,171,129,0,0,0,0,0,0,0
145.494507,145.444229,0,255,47,255,190,2,117,175,129,0,0,0,0,0,0,0
145.714279,145.666107,0,255,50,255,193,2,53,169,1,0,0,0,0,0,0,0
145.989014,145.938385,0,255,57,255,192,2,27,168,129,0,0,0,0,0,0,0
146.208786,146.156387,0,255,55,255,191,2,77,168,1,0,0,0,0,0,0,0
146.428574,146.398682,0,255,60,255,191,2,89,168,129,0,0,0,0,0,0,0
146.703293,146.668747,0,255,54,255,190,2,64,168,129,0,0,0,0,0,0,0
146.923080,146.885559,0,255,54,255,189,2,100,168,1,0,0,0,0,0,0,0
147.197800,147.157852,0,255,52,255,189,2,116,168,129,0,0,0,0,0,0,0
147.417587,147.374985,0,255,53,255,189,2,117,171,1,0,0,0,0,0,0,0
147.692307,147.645294,127,255,54,255,190,1,98,172,1,0,0,0,0,0,0,0
147.912094,147.866425,0,255,58,255,191,2,55,169,1,0,0,0,0,0,0,0
148.186813,148.136536,0,255,56,255,190,2,54,169,1,0,0,0,0,0,0,0
148.406601,148.355484,0,255,57,255,191,1,34,168,129,0,0,0,0,0,0,0
148.681320,148.627365,0,255,59,255,192,2,22,168,1,0,0,0,0,0,0,0
148.901093,148.867172,127,255,60,255,191,2,19,168,1,0,0,0,0,0,0,0
149.175827,149.120224,0,255,62,255,191,2,16,168,1,0,0,0,0,0,0,0
149.395599,149.364029,127,255,61,255,192,2,12,168,1,0,0,0,0,0,0,0
149.670334,149.613342,0,255,61,255,191,2,9,168,129,0,0,0,0,0,0,0
149.890106,149.856461,0,255,57,255,191,1,16,168,1,0,0,0,0,0,0,0
150.109894,150.072708,0,255,56,255,192,2,24,167,129,0,0,0,0,0,0,0
150.384613,150.344116,0,255,58,255,191,1,33,168,1,0,0,0,0,0,0,0
150.604401,150.564102,127,255,60,255,191,1,42,168,1,0,0,0,0,0,0,0
150.879120,150.839523,0,255,57,255,191,2,71,168,129,0,0,0,0,0,0,0
151.098907,151.061325,0,255,57,255,190,2,116,168,1,0,0,0,0,0,0,0
151.373627,151.332275,0,255,54,255,190,2,117,169,129,0,0,0,0,0,0,0
151.593399,151.552155,0,255,54,255,191,2,113,170,1,0,0,0,0,0,0,0
151.868134,151.822739,0,255,57,255,191,1,75,168,1,0,0,0,0,0,0,0
152.087906,152.044586,0,255,64,255,192,2,68,168,129,0,0,0,0,0,0,0
152.362640,152.315491,0,255,62,255,191,2,65,168,1,0,0,0,0,0,0,0
152.582413,152.534897,0,255,62,255,191,2,64,168,129,0,0,0,0,0,0,0
152.857147,152.806519,0,255,60,255,191,2,63,168,129,0,0,0,0,0,0,0
153.076920,153.028015,0,255,56,255,191,2,72,168,1,0,0,0,0,0,0,0
153.351654,153.304199,0,255,59,255,190,2,80,168,129,0,0,0,0,0,0,0
153.571426,153.522583,0,255,57,255,191,2,80,170,1,0,0,0,0,0,0,0
153.846161,153.795090,0,255,55,255,190,2,70,170,129,0,0,0,0,0,0,0
154.065933,154.017105,0,255,58,255,191,2,56,169,1,0,0,0,0,0,0,0
154.340652,154.285812,0,255,58,255,190,2,47,168,129,0,0,0,0,0,0,0
154.560440,154.508133,0,255,57,255,192,1,36,168,129,0,0,0,0,0,0,0
154.835159,154.782394,0,255,60,255,192,2,23,168,1,0,0,0,0,0,0,0
155.054947,155.003067,0,255,60,255,191,2,21,168,129,0,0,0,0,0,0,0
155.329666,155.275940,0,255,58,255,192,1,22,168,1,0,0,0,0,0,0,0
155.549454,155.498428,0,255,59,255,191,1,25,168,129,0,0,0,0,0,0,0
155.824173,155.769363,127,255,60,255,192,2,33,168,129,0,0,0,0,0,0,0
156.043961,155.989777,0,255,54,255,191,1,44,168,1,0,0,0,0,0,0,0
156.318680,156.267532,127,255,61,255,191,2,69,168,129,0,0,0,0,0,0,0
156.538467,156.486771,0,255,60,255,190,2,95,168,1,0,0,0,0,0,0,0
156.813187,156.762512,0,255,54,255,190,1,117,168,1,0,0,0,0,0,0,0
157.032974,156.980713,0,255,52,255,191,2,117,169,129,0,0,0,0,0,0,0
157.307693,157.255722,0,255,59,255,191,2,88,169,1,0,0,0,0,0,0,0
157.527466,157.474411,0,255,55,255,191,2,71,168,129,0,0,0,0,0,0,0
157.802200,157.748901,0,255,55,255,191,1,67,168,1,0,0,0,0,0,0,0
158.021973,157.963409,0,255,54,255,192,2,64,168,129,0,0,0,0,0,0,0
158.296707,158.238739,0,255,58,255,191,2,59,168,1,0,0,0,0,0,0,0
158.516479,158.460739,0,255,54,255,191,2,61,168,1,0,0,0,0,0,0,0
158.791214,158.732086,0,255,55,255,191,1,63,168,129,0,0,0,0,0,0,0
159.010986,158.952087,0,255,54,255,191,2,64,168,1,0,0,0,0,0,0,0
159.285721,159.225388,0,255,50,255,191,2,60,168,129,0,0,0,0,0,0,0
159.505493,159.444687,0,255,50,255,192,2,49,168,1,0,0,0,0,0,0,0
159.725281,159.690613,0,255,50,255,192,1,37,168,1,0,0,0,0,0,0,0
160.000000,159.961517,0,255,49,255,192,2,32,168,129,0,0,0,0,0,0,0
160.219788,160.181076,0,255,49,255,191,2,32,167,1,0,0,0,0,0,0,0
160.494507,160.453278,0,255,55,255,191,2,32,168,129,0,0,0,0,0,0,0
160.714279,160.674088,127,255,52,255,192,2,36,167,1,0,0,0,0,0,0,0
160.989014,160.927765,0,255,50,255,191,2,46,168,129,0,0,0,0,0,0,0
161.208786,161.171295,127,255,47,255,192,2,49,168,129,0,0,0,0,0,0,0
161.483521,161.445847,0,255,47,255,191,2,73,167,1,0,0,0,0,0,0,0
161.703293,161.665421,0,255,44,255,190,2,96,168,129,0,0,0,0,0,0,0
161.978027,161.917328,0,255,44,255,190,2,108,168,1,0,0,0,0,0,0,0
162.197800,162.159409,0,255,44,255,190,2,108,169,1,0,0,0,0,0,0,0
162.472534,162.410156,0,255,46,255,190,2,92,169,129,0,0,0,0,0,0,0
162.747253,162.686691,0,255,43,255,190,2,81,168,1,0,0,0,0,0,0,0
162.967026,162.906479,0,255,44,255,191,2,64,168,129,0,0,0,0,0,0,0
163.241760,163.182053,127,255,45,255,191,1,58,168,1,0,0,0,0,0,0,0
163.461533,163.401672,0,255,45,255,191,2,56,168,129,0,0,0,0,0,0,0
163.736267,163.674438,0,255,45,255,191,2,56,168,1,0,0,0,0,0,0,0
163.956039,163.895447,0,255,47,255,191,2,50,168,1,0,0,0,0,0,0,0
164.230774,164.171188,0,255,49,255,191,2,49,168,129,0,0,0,0,0,0,0
164.450546,164.390915,0,255,51,255,191,2,48,168,1,0,0,0,0,0,0,0
164.725281,164.663681,0,255,56,255,192,2,50,168,129,0,0,0,0,0,0,0
164.945053,164.884384,0,255,53,255,191,2,45,168,1,0,0,0,0,0,0,0
165.219788,165.162506,0,255,52,255,192,2,44,168,1,0,0,0,0,0,0,0
165.439560,165.380463,0,255,55,255,191,2,49,168,129,0,0,0,0,0,0,0
165.714279,165.652817,0,255,55,255,192,1,51,168,1,0,0,0,0,0,0,0
165.934067,165.895828,0,255,51,255,192,2,54,168,129,0,0,0,0,0,0,0
166.208786,166.146210,0,255,53,255,191,1,70,168,1,0,0,0,0,0,0,0
166.428574,166.366119,0,255,50,255,191,2,73,168,1,0,0,0,0,0,0,0
166.703293,166.642120,0,255,49,255,191,2,83,168,129,0,0,0,0,0,0,0
166.923080,166.860901,0,255,47,255,191,1,82,169,1,0,0,0,0,0,0,0
167.197800,167.138412,0,255,44,255,191,2,79,169,129,0,0,0,0,0,0,0
167.417587,167.359268,0,255,42,255,190,2,68,168,1,0,0,0,0,0,0,0
167.692307,167.634308,0,255,44,255,191,2,64,168,1,0,0,0,0,0,0,0
167.912094,167.850922,0,255,48,255,190,2,53,168,129,0,0,0,0,0,0,0
168.186813,168.129990,127,255,46,255,191,2,47,168,1,0,0,0,0,0,0,0
168.406601,168.349701,0,255,46,255,191,2,44,168,129,0,0,0,0,0,0,0
168.681320,168.620499,0,255,47,255,192,2,37,168,1,0,0,0,0,0,0,0
168.901093,168.862488,0,255,50,255,191,2,34,168,129,0,0,0,0,0,0,0
169.120880,169.079865,0,255,46,255,192,2,31,168,129,0,0,0,0,0,0,0
169.395599,169.331619,127,255,45,255,191,2,33,167,1,0,0,0,0,0,0,0
169.670334,169.608047,0,255,46,255,191,2,41,168,129,0,0,0,0,0,0,0
169.890106,169.830246,127,255,46,255,191,1,49,167,1,0,0,0,0,0,0,0
170.164841,170.102661,0,255,44,255,192,2,53,168,1,0,0,0,0,0,0,0
170.384613,170.323425,127,255,42,255,192,2,71,168,129,0,0,0,0,0,0,0
170.659348,170.600784,0,255,45,255,191,2,82,168,1,0,0,0,0,0,0,0
170.879120,170.821152,127,255,44,255,190,2,91,169,129,0,0,0,0,0,0,0
171.153839,171.098709,127,255,41,255,190,2,87,170,1,0,0,0,0,0,0,0
171.373627,171.323288,0,255,41,255,191,2,82,170,129,0,0,0,0,0,0,0
171.648346,171.593597,0,255,41,255,191,2,67,170,1,0,0,0,0,0,0,0
171.868134,171.812271,0,255,44,255,191,2,59,169,1,0,0,0,0,0,0,0
172.142853,172.085098,127,255,44,255,191,2,47,168,129,0,0,0,0,0,0,0
172.362640,172.307404,127,255,46,255,191,2,43,168,1,0,0,0,0,0,0,0
172.637360,172.585815,0,255,43,255,192,2,38,168,129,0,0,0,0,0,0,0
172.857147,172.802292,127,255,45,255,192,1,38,168,1,0,0,0,0,0,0,0
173.131866,173.076691,127,255,50,255,192,2,33,168,129,0,0,0,0,0,0,0
173.351654,173.300079,0,255,48,255,190,2,37,168,129,0,0,0,0,0,0,0
173.626373,173.574158,0,255,49,255,192,2,38,168,1,0,0,0,0,0,0,0
173.846161,173.790558,0,255,49,255,191,2,44,168,129,0,0,0,0,0,0,0
174.120880,174.069412,0,255,47,255,191,2,49,168,1,0,0,0,0,0,0,0
174.340652,174.288300,127,255,47,255,191,2,53,168,129,0,0,0,0,0,0,0
174.615387,174.560806,0,255,48,255,191,2,65,168,129,0,0,0,0,0,0,0
174.835159,174.775787,0,255,48,255,192,2,81,168,1,0,0,0,0,0,0,0
175.109894,175.053391,0,255,46,255,191,2,93,169,129,0,0,0,0,0,0,0
175.329666,175.272598,0,255,50,255,190,2,96,171,1,0,0,0,0,0,0,0
175.604401,175.548752,0,255,47,255,190,2,87,171,129,0,0,0,0,0,0,0
175.824173,175.765976,0,255,46,255,190,2,77,171,129,0,0,0,0,0,0,0
176.098907,176.041138,0,255,45,255,191,2,62,170,1,0,0,0,0,0,0,0
176.318680,176.261780,0,255,44,255,191,1,51,169,129,0,0,0,0,0,0,0
176.593399,176.536224,0,255,46,255,192,2,37,168,1,0,0,0,0,0,0,0
176.813187,176.757141,0,255,44,255,191,2,36,168,129,0,0,0,0,0,0,0
177.087906,177.031219,0,255,43,255,191,2,36,168,129,0,0,0,0,0,0,0
177.307693,177.251556,0,255,42,255,192,1,33,168,1,0,0,0,0,0,0,0
177.582413,177.521301,127,255,37,255,191,2,33,168,129,0,0,0,0,0,0,0
177.802200,177.744675,0,255,40,255,192,2,37,168,1,0,0,0,0,0,0,0
178.076920,178.023026,0,255,35,255,192,2,42,168,129,0,0,0,0,0,0,0
178.296707,178.244080,0,255,34,255,192,1,53,168,1,0,0,0,0,0,0,0
178.571426,178.520065,0,255,27,222,191,2,62,168,1,0,0,0,0,0,0,0
178.791214,178.737350,127,255,29,228,191,2,72,168,129,0,0,0,0,0,0,0
179.065933,179.012955,0,234,21,172,190,2,74,170,1,0,0,0,0,0,0,0
179.285721,179.235764,127,208,19,155,191,3,76,171,129,0,0,0,0,0,0,0
179.560440,179.511765,0,179,15,120,190,2,67,171,1,0,0,0,0,0,0,0
179.780212,179.731262,0,162,16,131,191,3,58,170,129,0,0,0,0,0,0,0
180.054947,180.002365,0,148,15,130,190,2,50,169,129,0,0,0,0,0,0,0
180.274719,180.215912,127,143,15,117,191,2,47,168,1,0,0,0,0,0,0,0
180.549454,180.495743,0,127,15,106,190,2,40,168,129,0,0,0,0,0,0,0
180.769226,180.711777,127,125,15,118,190,2,41,168,1,0,0,0,0,0,0,0
181.043961,180.979813,0,129,18,141,191,2,46,168,129,0,0,0,0,0,0,0
181.263733,181.198181,0,136,21,171,191,2,54,168,129,0,0,0,0,0,0,0
181.483521,181.439026,0,154,24,192,192,2,60,168,1,0,0,0,0,0,0,0
181.758240,181.689133,0,161,21,174,192,2,67,168,129,0,0,0,0,0,0,0
181.978027,181.933441,0,167,24,188,190,2,82,170,1,0,0,0,0,0,0,0
182.252747,182.204391,0,172,22,171,189,3,86,173,129,0,0,0,0,0,0,0
182.472534,182.423538,0,173,23,183,190,2,86,173,129,0,0,0,0,0,0,0
182.747253,182.698532,127,176,24,193,190,2,75,174,1,0,0,0,0,0,0,0
182.967026,182.916702,0,189,26,200,191,2,66,174,129,0,0,0,0,0,0,0
183.241760,183.187744,127,191,25,200,190,2,54,172,1,0,0,0,0,0,0,0
183.461533,183.404831,0,199,27,216,190,2,44,171,129,0,0,0,0,0,0,0
183.736267,183.677704,0,214,31,245,190,2,30,170,129,0,0,0,0,0,0,0
183.956039,183.896912,0,223,32,250,191,2,29,169,1,0,0,0,0,0,0,0
184.230774,184.166504,0,234,31,253,191,1,28,169,129,0,0,0,0,0,0,0
184.450546,184.389862,0,248,36,255,192,2,29,168,1,0,0,0,0,0,0,0
184.725281,184.664551,0,252,31,252,191,2,26,168,129,0,0,0,0,0,0,0
184.945053,184.886093,0,253,33,255,191,2,35,168,1,0,0,0,0,0,0,0
185.219788,185.155228,0,255,32,255,191,2,49,168,1,0,0,0,0,0,0,0
185.439560,185.376038,0,255,34,255,190,2,73,170,129,0,0,0,0,0,0,0
185.714279,185.651672,0,255,35,255,189,2,86,173,1,0,0,0,0,0,0,0
185.934067,185.874359,0,255,32,255,190,2,96,177,129,0,0,0,0,0,0,0
186.208786,186.142181,127,255,30,233,189,2,84,182,1,0,0,0,0,0,0,0
186.428574,186.363159,127,245,26,210,190,2,76,181,1,0,0,0,0,0,0,0
186.703293,186.642532,127,234,25,205,190,2,61,178,129,0,0,0,0,0,0,0
186.923080,186.861206,0,212,22,171,189,2,43,175,1,0,0,0,0,0,0,0
187.197800,187.129837,0,197,20,162,190,3,39,174,129,0,0,0,0,0,0,0
187.417587,187.348022,0,179,19,145,190,2,36,174,1,0,0,0,0,0,0,0
187.637360,187.592865,127,171,18,147,190,3,31,174,1,0,0,0,0,0,0,0
187.912094,187.865585,0,157,18,141,191,2,26,174,129,0,0,0,0,0,0,0
188.131866,188.083069,0,145,17,129,191,2,20,173,1,0,0,0,0,0,0,0
188.406601,188.357452,0,141,15,130,191,3,19,172,129,0,0,0,0,0,0,0
188.626373,188.573593,127,135,15,116,190,2,20,171,1,0,0,0,0,0,0,0
188.901093,188.846832,127,130,17,131,190,2,21,171,129,0,0,0,0,0,0,0
189.120880,189.069763,127,130,17,136,190,2,25,171,129,0,0,0,0,0,0,0
189.395599,189.342285,0,134,19,148,191,3,32,172,1,0,0,0,0,0,0,0
189.615387,189.561630,0,137,21,163,190,2,43,172,129,0,0,0,0,0,0,0
189.890106,189.834320,0,152,23,180,189,2,59,178,1,0,0,0,0,0,0,0
190.109894,190.048508,0,157,21,172,190,3,71,181,129,0,0,0,0,0,0,0
190.384613,190.315506,0,155,17,141,190,3,74,182,129,0,0,0,0,0,0,0
190.604401,190.536636,0,152,19,152,190,2,63,184,1,0,0,0,0,0,0,0
190.879120,190.809570,127,161,23,196,190,3,51,186,129,0,0,0,0,0,0,0
191.098907,191.030518,0,171,20,171,190,2,36,187,1,0,0,0,0,0,0,0
191.318680,191.273026,0,178,24,197,190,2,27,187,129,0,0,0,0,0,0,0
191.593399,191.545441,0,182,24,192,191,3,15,186,129,0,0,0,0,0,0,0
191.813187,191.762497,0,191,27,216,190,2,8,187,1,0,0,0,0,0,0,0
192.087906,192.037460,0,197,26,215,191,2,4,188,129,0,0,0,0,0,0,0
192.307693,192.257538,0,202,27,212,191,2,2,188,1,0,0,0,0,0,0,0
192.582413,192.525742,0,198,25,197,190,3,5,187,129,0,0,0,0,0,0,0
192.802200,192.744370,0,206,30,242,192,2,8,188,129,0,0,0,0,0,0,0
193.076920,193.019470,0,213,27,216,190,3,12,188,1,0,0,0,0,0,0,0
193.296707,193.234253,0,213,27,226,192,2,24,185,129,0,0,0,0,0,0,0
193.571426,193.508789,127,220,30,243,190,3,32,186,1,0,0,0,0,0,0,0
193.791214,193.728043,0,225,28,237,190,2,72,186,1,0,0,0,0,0,0,0
194.065933,194.003098,0,243,36,255,189,3,97,185,129,0,0,0,0,0,0,0
194.285721,194.219971,0,249,32,255,189,2,102,186,1,0,0,0,0,0,0,0
194.560440,194.493927,0,250,30,249,191,3,87,187,129,0,0,0,0,0,0,0
194.780212,194.713547,0,246,29,243,190,3,66,187,1,0,0,0,0,0,0,0
195.054947,194.991669,0,243,30,232,191,2,53,187,129,0,0,0,0,0,0,0
195.274719,195.210037,0,240,30,235,190,3,35,188,1,0,0,0,0,0,0,0
195.549454,195.481400,0,235,27,210,191,2,29,188,1,0,0,0,0,0,0,0
195.769226,195.699326,0,221,24,197,191,3,36,187,129,0,0,0,0,0,0,0
196.043961,195.972870,0,214,25,201,191,2,36,187,1,0,0,0,0,0,0,0
196.263733,196.191711,127,205,24,183,191,2,33,187,129,0,0,0,0,0,0,0
196.538467,196.465820,0,197,24,193,191,3,39,186,1,0,0,0,0,0,0,0
196.758240,196.710709,0,199,26,208,191,3,50,188,1,0,0,0,0,0,0,0
197.032974,196.962372,0,207,27,222,191,3,49,188,129,0,0,0,0,0,0,0
197.252747,197.203629,127,208,28,219,191,2,46,188,1,0,0,0,0,0,0,0
197.527466,197.453308,0,214,29,226,192,2,47,188,129,0,0,0,0,0,0,0
197.747253,197.699341,0,214,28,220,192,3,51,185,1,0,0,0,0,0,0,0
197.967026,197.912598,0,213,28,216,190,2,59,187,1,0,0,0,0,0,0,0
198.241760,198.181625,0,227,32,255,191,2,65,187,129,0,0,0,0,0,0,0
198.461533,198.407013,127,232,29,237,190,2,71,187,1,0,0,0,0,0,0,0
198.736267,198.674377,0,229,28,234,190,3,84,186,129,0,0,0,0,0,0,0
198.956039,198.891769,0,232,31,241,190,2,91,188,1,0,0,0,0,0,0,0
199.230774,199.168640,127,236,31,246,189,2,96,188,129,0,0,0,0,0,0,0
199.450546,199.389603,0,234,27,218,191,3,88,186,129,0,0,0,0,0,0,0
199.725281,199.661133,0,228,29,226,190,2,79,186,1,0,0,0,0,0,0,0
199.945053,199.883011,0,224,27,224,190,3,58,189,129,0,0,0,0,0,0,0
200.219788,200.153412,0,227,27,219,190,3,50,188,129,0,0,0,0,0,0,0
200.439560,200.373184,0,227,30,237,190,3,29,188,129,0,0,0,0,0,0,0
200.714279,200.642639,127,229,28,234,190,2,22,187,129,0,0,0,0,0,0,0
200.934067,200.861404,0,237,32,255,191,2,23,187,1,0,0,0,0,0,0,0
201.153839,201.104065,127,237,31,243,191,3,18,188,129,0,0,0,0,0,0,0
201.428574,201.377472,127,242,34,255,191,2,21,188,1,0,0,0,0,0,0,0
201.703293,201.628281,0,247,32,255,191,2,29,187,129,0,0,0,0,0,0,0
201.923080,201.847900,0,254,36,255,190,3,40,188,129,0,0,0,0,0,0,0
202.197800,202.122971,0,255,39,255,191,3,64,187,1,0,0,0,0,0,0,0
202.417587,202.342529,127,255,37,255,189,3,93,187,129,0,0,0,0,0,0,0
202.692307,202.619736,0,255,31,249,189,2,110,185,1,0,0,0,0,0,0,0
202.912094,202.835480,0,255,31,255,190,3,107,186,129,0,0,0,0,0,0,0
203.131866,203.082031,0,255,32,255,190,2,82,186,129,0,0,0,0,0,0,0
203.406601,203.332245,0,255,35,255,189,3,76,187,1,0,0,0,0,0,0,0
203.681320,203.608078,0,255,33,255,190,2,56,189,129,0,0,0,0,0,0,0
203.901093,203.850739,0,255,36,255,191,3,40,187,1,0,0,0,0,0,0,0
204.120880,204.067841,0,255,36,255,190,2,36,188,129,0,0,0,0,0,0,0
204.395599,204.341293,0,255,37,255,191,3,27,187,1,0,0,0,0,0,0,0
204.615387,204.561874,127,255,42,255,190,2,17,188,1,0,0,0,0,0,0,0
204.890106,204.835663,0,255,43,255,191,2,10,188,129,0,0,0,0,0,0,0
205.109894,205.052994,0,255,48,255,191,2,7,188,1,0,0,0,0,0,0,0
205.384613,205.329559,0,255,48,255,191,2,7,187,129,0,0,0,0,0,0,0
205.604401,205.548706,0,255,50,255,192,3,8,187,1,0,0,0,0,0,0,0
205.879120,205.825104,0,255,54,255,191,2,20,188,129,0,0,0,0,0,0,0
206.098907,206.043533,127,255,54,255,191,2,25,186,129,0,0,0,0,0,0,0
206.373627,206.316223,0,255,59,255,191,2,68,186,1,0,0,0,0,0,0,0
206.593399,206.537216,127,255,61,255,187,2,111,187,129,0,0,0,0,0,0,0
206.868134,206.812439,0,255,59,255,189,2,118,186,1,0,0,0,0,0,0,0
207.087906,207.029922,0,255,57,255,190,2,102,187,129,0,0,0,0,0,0,0
207.362640,207.300034,0,255,57,255,190,2,64,187,129,0,0,0,0,0,0,0
207.582413,207.519302,0,255,60,255,191,2,73,187,1,0,0,0,0,0,0,0
207.857147,207.796387,0,255,63,255,190,2,90,187,129,0,0,0,0,0,0,0
208.076920,208.014175,127,255,59,255,191,3,77,188,1,0,0,0,0,0,0,0
208.351654,208.287628,0,255,57,255,190,3,88,188,129,0,0,0,0,0,0,0
208.571426,208.505615,0,255,55,255,190,2,102,187,129,0,0,0,0,0,0,0
208.846161,208.782669,0,255,58,255,190,2,87,185,1,0,0,0,0,0,0,0
209.065933,209.003662,127,255,61,255,191,2,60,189,129,0,0,0,0,0,0,0
209.340652,209.279312,0,255,63,255,191,3,38,188,1,0,0,0,0,0,0,0
209.560440,209.498459,0,255,61,255,190,2,20,189,129,0,0,0,0,0,0,0
209.835159,209.768784,0,255,70,255,190,3,7,188,1,0,0,0,0,0,0,0
210.054947,209.988022,127,255,65,255,192,2,3,188,1,0,0,0,0,0,0,0
210.329666,210.264069,0,255,63,255,191,2,3,187,129,0,0,0,0,0,0,0
210.549454,210.481247,0,255,69,255,191,3,5,188,1,0,0,0,0,0,0,0
210.824173,210.759750,0,255,66,255,192,2,16,187,129,0,0,0,0,0,0,0
211.043961,210.976547,127,255,64,255,191,3,29,188,129,0,0,0,0,0,0,0
211.318680,211.249008,127,255,64,255,191,3,61,188,1,0,0,0,0,0,0,0
211.538467,211.466339,0,255,58,255,190,2,117,187,129,0,0,0,0,0,0,0
211.813187,211.739365,0,255,59,255,189,2,118,186,1,0,0,0,0,0,0,0
212.032974,211.959183,0,255,59,255,190,3,97,187,129,0,0,0,0,0,0,0
212.307693,212.234726,0,255,57,255,191,3,58,188,1,0,0,0,0,0,0,0
212.527466,212.454330,0,255,59,255,190,2,62,188,1,0,0,0,0,0,0,0
212.802200,212.725601,0,255,60,255,191,2,75,189,129,0,0,0,0,0,0,0
213.021973,212.947861,0,255,57,255,191,2,67,187,1,0,0,0,0,0,0,0
213.296707,213.222672,0,255,64,255,191,2,78,187,129,0,0,0,0,0,0,0
213.516479,213.447693,0,255,64,255,190,2,103,187,1,0,0,0,0,0,0,0
213.791214,213.720200,0,255,65,255,190,2,100,187,1,0,0,0,0,0,0,0
214.010986,213.936951,0,255,66,255,191,2,77,186,129,0,0,0,0,0,0,0
214.285721,214.214874,0,255,66,255,190,2,59,188,1,0,0,0,0,0,0,0
214.505493,214.436401,0,255,67,255,191,3,38,187,129,0,0,0,0,0,0,0
214.780212,214.707993,0,255,72,255,190,3,14,188,1,0,0,0,0,0,0,0
215.000000,214.930817,0,255,69,255,191,2,2,187,129,0,0,0,0,0,0,0
215.274719,215.210358,0,255,67,255,188,2,1,189,129,0,0,0,0,0,0,0
215.494507,215.429810,0,255,67,255,191,3,1,189,1,0,0,0,0,0,0,0
215.769226,215.703583,0,255,64,255,192,2,0,188,129,0,0,0,0,0,0,0
215.989014,215.921082,127,255,67,255,192,3,2,189,1,0,0,0,0,0,0,0
216.263733,216.198868,0,255,69,255,192,3,8,188,129,0,0,0,0,0,0,0
216.483521,216.417313,0,255,70,255,192,2,20,189,129,0,0,0,0,0,0,0
216.758240,216.690948,0,255,68,255,190,2,60,187,1,0,0,0,0,0,0,0
216.978027,216.911697,127,255,66,255,189,2,118,186,129,0,0,0,0,0,0,0
217.252747,217.190201,0,255,60,255,189,2,117,187,1,0,0,0,0,0,0,0
217.472534,217.407990,127,255,61,255,190,2,100,187,129,0,0,0,0,0,0,0
217.747253,217.678833,127,255,67,255,192,3,53,189,1,0,0,0,0,0,0,0
217.967026,217.907440,127,255,67,255,191,3,59,187,1,0,0,0,0,0,0,0
218.241760,218.185837,0,255,64,255,190,3,82,188,129,0,0,0,0,0,0,0
218.461533,218.402908,0,255,65,255,191,3,77,188,1,0,0,0,0,0,0,0
218.736267,218.680923,0,255,66,255,190,2,94,187,129,0,0,0,0,0,0,0
219.010986,218.930511,0,255,67,255,189,2,117,188,1,0,0,0,0,0,0,0
219.230774,219.149384,127,255,68,255,189,2,100,186,1,0,0,0,0,0,0,0
219.450546,219.392258,0,255,68,255,190,2,71,186,129,0,0,0,0,0,0,0
219.725281,219.665390,0,255,67,255,190,2,57,187,1,0,0,0,0,0,0,0
219.945053,219.888123,0,255,66,255,191,2,26,188,129,0,0,0,0,0,0,0
220.219788,220.137772,127,255,68,255,192,2,12,190,1,0,0,0,0,0,0,0
220.439560,220.383408,0,255,65,255,192,3,3,188,129,0,0,0,0,0,0,0
220.714279,220.653793,127,255,68,255,191,3,2,189,129,0,0,0,0,0,0,0
220.934067,220.874390,0,255,66,255,191,2,1,189,1,0,0,0,0,0,0,0
221.208786,221.145203,0,255,69,255,192,2,2,189,129,0,0,0,0,0,0,0
221.428574,221.367981,0,255,70,255,192,2,6,188,1,0,0,0,0,0,0,0
221.703293,221.639923,0,255,69,255,193,2,20,187,129,0,0,0,0,0,0,0
221.923080,221.859070,127,255,69,255,192,2,31,187,129,0,0,0,0,0,0,0
222.197800,222.132782,0,255,68,255,190,2,97,187,1,0,0,0,0,0,0,0
222.417587,222.350983,0,255,61,255,189,2,117,185,129,0,0,0,0,0,0,0
222.692307,222.622467,0,255,62,255,189,3,118,189,1,0,0,0,0,0,0,0
222.912094,222.842438,0,255,66,255,190,2,81,187,129,0,0,0,0,0,0,0
223.186813,223.119125,0,255,73,255,190,2,58,187,129,0,0,0,0,0,0,0
223.406601,223.336243,0,255,69,255,191,2,72,188,1,0,0,0,0,0,0,0
223.681320,223.607651,0,255,65,255,191,2,81,187,129,0,0,0,0,0,0,0
223.901093,223.827423,0,255,63,255,190,3,79,187,1,0,0,0,0,0,0,0
224.175827,224.103577,127,255,63,255,190,2,100,185,129,0,0,0,0,0,0,0
224.395599,224.322556,0,255,65,255,190,2,105,186,1,0,0,0,0,0,0,0
224.670334,224.593719,0,255,63,255,190,2,87,186,1,0,0,0,0,0,0,0
224.890106,224.812088,0,255,61,255,190,3,53,188,129,0,0,0,0,0,0,0
225.164841,225.086685,127,255,63,255,190,2,50,187,129,0,0,0,0,0,0,0
225.384613,225.311203,0,255,65,255,190,3,17,189,129,0,0,0,0,0,0,0
225.659348,225.581467,0,255,68,255,190,2,11,189,1,0,0,0,0,0,0,0
225.879120,225.801178,0,255,68,255,191,2,8,188,1,0,0,0,0,0,0,0
226.153839,226.081345,127,255,67,255,191,2,6,189,129,0,0,0,0,0,0,0
226.373627,226.303818,0,255,64,255,191,3,15,188,1,0,0,0,0,0,0,0
226.648346,226.573471,0,255,63,255,191,2,23,188,129,0,0,0,0,0,0,0
226.868134,226.794174,127,255,63,255,192,1,33,188,1,0,0,0,0,0,0,0
227.142853,227.070313,0,255,68,255,191,2,75,188,129,0,0,0,0,0,0,0
227.362640,227.290085,127,255,73,255,191,2,117,187,129,0,0,0,0,0,0,0
227.637360,227.567398,127,255,62,255,189,2,117,188,1,0,0,0,0,0,0,0
227.857147,227.787216,0,255,61,255,190,3,114,188,129,0,0,0,0,0,0,0
228.131866,228.063675,0,255,65,255,191,2,72,188,1,0,0,0,0,0,0,0
228.351654,228.279892,0,255,61,255,190,2,75,189,129,0,0,0,0,0,0,0
228.626373,228.552734,127,255,62,255,191,3,82,187,129,0,0,0,0,0,0,0
228.846161,228.773270,127,255,64,255,191,2,82,186,1,0,0,0,0,0,0,0
229.120880,229.051514,0,255,64,255,190,3,94,186,129,0,0,0,0,0,0,0
229.340652,229.265640,0,255,65,255,190,2,102,187,1,0,0,0,0,0,0,0
229.615387,229.541870,127,255,60,255,190,2,104,187,1,0,0,0,0,0,0,0
229.835159,229.762955,0,255,61,255,191,2,75,186,1,0,0,0,0,0,0,0
230.109894,230.036743,0,255,62,255,191,2,56,187,1,0,0,0,0,0,0,0
230.329666,230.255325,127,255,63,255,191,3,35,188,129,0,0,0,0,0,0,0
230.604401,230.530273,0,255,69,255,190,3,20,188,1,0,0,0,0,0,0,0
230.824173,230.745071,0,255,64,255,191,2,6,188,129,0,0,0,0,0,0,0
231.098907,231.016327,0,255,65,255,191,3,2,188,1,0,0,0,0,0,0,0
231.318680,231.235168,0,255,63,255,191,3,0,188,1,0,0,0,0,0,0,0
231.538467,231.476456,0,255,66,255,192,3,4,188,129,0,0,0,0,0,0,0
231.813187,231.726715,0,255,64,255,193,2,9,188,1,0,0,0,0,0,0,0
232.087906,232.000916,0,255,60,255,192,2,19,187,129,0,0,0,0,0,0,0
232.307693,232.245270,0,255,64,255,192,2,36,187,1,0,0,0,0,0,0,0
232.527466,232.461182,0,255,62,255,190,2,65,187,1,0,0,0,0,0,0,0
232.802200,232.736862,127,255,61,255,189,3,117,187,129,0,0,0,0,0,0,0
233.021973,232.956070,0,255,54,255,189,2,117,187,1,0,0,0,0,0,0,0
233.296707,233.231339,0,255,60,255,191,2,81,187,129,0,0,0,0,0,0,0
233.571426,233.483856,0,255,63,255,191,2,62,188,1,0,0,0,0,0,0,0
233.791214,233.705215,0,255,59,255,191,3,76,188,1,0,0,0,0,0,0,0
234.065933,233.981720,0,255,61,255,191,3,90,188,129,0,0,0,0,0,0,0
234.285721,234.199249,0,255,60,255,190,3,84,187,1,0,0,0,0,0,0,0
234.505493,234.442474,0,255,59,255,190,2,112,186,129,0,0,0,0,0,0,0
234.780212,234.715729,0,255,60,255,190,3,117,187,1,0,0,0,0,0,0,0
235.000000,234.934616,0,255,54,255,190,3,95,186,129,0,0,0,0,0,0,0
235.274719,235.210236,0,255,62,255,190,2,71,186,129,0,0,0,0,0,0,0
235.494507,235.426834,127,255,60,255,190,2,50,188,1,0,0,0,0,0,0,0
235.769226,235.704666,0,255,63,255,191,3,40,187,129,0,0,0,0,0,0,0
235.989014,235.926300,0,255,62,255,191,3,19,188,1,0,0,0,0,0,0,0
236.263733,236.197830,127,255,60,255,191,3,8,189,129,0,0,0,0,0,0,0
236.483521,236.420456,0,255,60,255,192,2,4,188,129,0,0,0,0,0,0,0
236.758240,236.670364,0,255,63,255,191,3,7,188,1,0,0,0,0,0,0,0
236.978027,236.915848,0,255,65,255,192,2,8,186,129,0,0,0,0,0,0,0
237.252747,237.187271,0,255,61,255,192,3,14,188,1,0,0,0,0,0,0,0
237.472534,237.409286,0,255,63,255,192,2,27,187,129,0,0,0,0,0,0,0
237.747253,237.682205,0,255,60,255,192,3,63,186,1,0,0,0,0,0,0,0
237.967026,237.902908,0,255,64,255,190,3,109,186,1,0,0,0,0,0,0,0
238.241760,238.172195,0,255,60,255,190,3,118,186,129,0,0,0,0,0,0,0
238.461533,238.391342,127,255,58,255,190,2,116,186,1,0,0,0,0,0,0,0
238.736267,238.666351,0,255,61,255,190,2,68,188,129,0,0,0,0,0,0,0
238.956039,238.885712,0,255,58,255,192,2,62,186,129,0,0,0,0,0,0,0
239.230774,239.161240,0,255,60,255,191,2,84,188,1,0,0,0,0,0,0,0
239.450546,239.381897,0,255,59,255,191,2,86,187,129,0,0,0,0,0,0,0
239.725281,239.652954,127,255,58,255,190,3,86,187,1,0,0,0,0,0,0,0
239.945053,239.877502,0,255,60,255,191,2,114,186,129,0,0,0,0,0,0,0
240.219788,240.155518,0,255,59,255,190,2,108,186,1,0,0,0,0,0,0,0
240.439560,240.369736,0,255,57,255,190,3,85,187,129,0,0,0,0,0,0,0
240.714279,240.645828,127,255,62,255,190,2,63,187,129,0,0,0,0,0,0,0
240.934067,240.864151,127,255,60,255,190,2,46,188,1,0,0,0,0,0,0,0
241.208786,241.138687,127,255,57,255,190,2,20,189,129,0,0,0,0,0,0,0
241.428574,241.360748,0,255,63,255,190,3,11,188,1,0,0,0,0,0,0,0
241.703293,241.633682,0,255,64,255,191,2,6,187,129,0,0,0,0,0,0,0
241.923080,241.857346,0,255,63,255,191,3,2,189,129,0,0,0,0,0,0,0
242.197800,242.130112,0,255,62,255,192,3,1,187,1,0,0,0,0,0,0,0
242.417587,242.346970,0,255,64,255,193,2,5,188,129,0,0,0,0,0,0,0
242.692307,242.620483,0,255,64,255,192,2,11,185,1,0,0,0,0,0,0,0
242.912094,242.840881,0,255,64,255,193,3,22,182,129,0,0,0,0,0,0,0
243.186813,243.115417,127,255,61,255,192,1,37,172,129,0,0,0,0,0,0,0
243.406601,243.331818,0,255,61,255,185,1,87,172,1,0,0,0,0,0,0,0
243.681320,243.601303,127,255,60,255,189,2,117,180,129,0,0,0,0,0,0,0
243.901093,243.819611,0,255,47,255,190,2,114,186,1,0,0,0,0,0,0,0
244.175827,244.095306,0,255,54,255,192,2,59,184,1,0,0,0,0,0,0,0
244.395599,244.316574,127,255,55,255,191,2,58,177,129,0,0,0,0,0,0,0
244.670334,244.592102,0,255,56,255,192,2,90,175,1,0,0,0,0,0,0,0
244.890106,244.811554,0,255,59,255,192,2,103,172,129,0,0,0,0,0,0,0
245.164841,245.084122,0,255,58,255,191,2,94,174,1,0,0,0,0,0,0,0
245.384613,245.303635,0,255,60,255,191,2,113,175,129,0,0,0,0,0,0,0
245.659348,245.581116,0,255,61,255,191,2,117,180,1,0,0,0,0,0,0,0
245.879120,245.802261,127,255,59,255,190,3,105,178,1,0,0,0,0,0,0,0
246.153839,246.078629,0,255,59,255,191,2,66,176,129,0,0,0,0,0,0,0
246.373627,246.293915,0,255,65,255,192,2,54,174,1,0,0,0,0,0,0,0
246.648346,246.573242,0,255,63,255,191,2,43,173,129,0,0,0,0,0,0,0
246.868134,246.794830,0,255,63,255,191,1,27,172,1,0,0,0,0,0,0,0
247.142853,247.061981,0,255,61,255,193,2,19,171,1,0,0,0,0,0,0,0
247.362640,247.280151,0,255,60,255,192,1,16,171,129,0,0,0,0,0,0,0
247.637360,247.551163,0,255,65,255,192,2,8,170,1,0,0,0,0,0,0,0
247.857147,247.772446,0,255,63,255,193,2,8,170,129,0,0,0,0,0,0,0
248.131866,248.051498,0,255,69,255,192,2,11,170,1,0,0,0,0,0,0,0
248.351654,248.269547,127,255,64,255,192,2,19,170,1,0,0,0,0,0,0,0
248.626373,248.549835,0,255,68,255,192,2,25,170,129,0,0,0,0,0,0,0
248.846161,248.771591,127,255,67,255,192,1,36,169,1,0,0,0,0,0,0,0
249.120880,249.042191,0,255,64,255,191,1,62,169,129,0,0,0,0,0,0,0
249.340652,249.257080,0,255,62,255,189,2,94,170,1,0,0,0,0,0,0,0
249.615387,249.533798,0,255,62,255,190,2,115,170,1,0,0,0,0,0,0,0
249.835159,249.754395,127,255,64,255,189,2,117,172,129,0,0,0,0,0,0,0
250.109894,250.031448,0,255,62,255,189,1,108,172,1,0,0,0,0,0,0,0
250.329666,250.247574,0,255,63,255,190,2,98,171,129,0,0,0,0,0,0,0
250.604401,250.521591,0,255,61,255,190,2,72,170,1,0,0,0,0,0,0,0
250.824173,250.735535,0,255,59,255,191,1,60,170,129,0,0,0,0,0,0,0
251.098907,251.010284,0,255,61,255,193,2,48,169,129,0,0,0,0,0,0,0
251.318680,251.226212,127,255,65,255,192,2,44,170,1,0,0,0,0,0,0,0
251.593399,251.500336,0,255,61,255,192,2,45,169,129,0,0,0,0,0,0,0
251.813187,251.721497,127,255,61,255,191,2,51,170,1,0,0,0,0,0,0,0
252.032974,251.964584,0,255,63,255,190,2,60,171,129,0,0,0,0,0,0,0
252.307693,252.236877,0,255,68,255,189,3,117,187,1,0,0,0,0,0,0,0
252.527466,252.458740,0,255,60,255,189,2,117,188,1,0,0,0,0,0,0,0
