0.000000,0.000000,122,255,255,255,192,14,59,188,129,0,0,0,0,0,0,0
0.714286,0.710818,121,255,255,255,191,14,69,187,129,0,0,0,0,0,0,0
1.428571,1.424549,121,255,255,255,192,16,70,188,1,0,0,0,0,0,0,0
2.142857,2.137758,122,255,255,255,192,16,69,187,1,0,0,0,0,0,0,0
2.857143,2.851169,121,255,255,255,192,16,72,186,1,0,0,0,0,0,0,0
3.571429,3.562117,121,255,255,255,193,15,58,188,1,0,0,0,0,0,0,0
4.285714,4.273943,121,255,255,255,191,14,56,186,129,0,0,0,0,0,0,0
5.000000,4.984657,122,255,255,255,192,16,66,187,129,0,0,0,0,0,0,0
5.714286,5.695931,121,255,255,255,192,15,68,187,129,0,0,0,0,0,0,0
6.428571,6.406962,121,255,255,255,192,15,73,186,1,0,0,0,0,0,0,0
7.142857,7.062994,121,255,255,255,192,13,73,186,129,0,0,0,0,0,0,0
7.802198,7.802794,121,255,255,255,191,14,72,187,1,0,0,0,0,0,0,0
8.516483,8.514074,121,255,255,255,192,14,69,186,1,0,0,0,0,0,0,0
9.230769,9.224583,121,255,255,255,192,15,67,187,129,0,0,0,0,0,0,0
9.945055,9.936122,121,255,255,255,192,16,67,186,129,0,0,0,0,0,0,0
10.659341,10.646361,121,255,255,255,192,15,68,187,1,0,0,0,0,0,0,0
11.373627,11.359051,121,255,255,255,192,16,75,186,1,0,0,0,0,0,0,0
12.087913,12.072983,121,255,255,255,191,15,74,187,1,0,0,0,0,0,0,0
12.802197,12.783329,121,255,255,255,192,15,69,187,1,0,0,0,0,0,0,0
13.516483,13.495190,121,255,255,255,193,15,66,186,1,0,0,0,0,0,0,0
14.230769,14.208549,121,255,255,255,192,13,58,187,129,0,0,0,0,0,0,0
14.945055,14.920770,121,255,255,255,192,14,58,187,129,0,0,0,0,0,0,0
15.659341,15.631571,122,255,255,255,191,15,65,187,129,0,0,0,0,0,0,0
16.373627,16.370121,122,255,255,255,193,15,70,187,1,0,0,0,0,0,0,0
17.087912,17.080568,121,255,255,255,192,16,67,187,1,0,0,0,0,0,0,0
17.802198,17.792635,121,255,255,255,192,16,73,186,129,0,0,0,0,0,0,0
18.516483,18.505007,121,255,255,255,191,15,59,186,129,0,0,0,0,0,0,0
19.230770,19.215881,121,255,254,255,192,14,60,187,129,0,0,0,0,0,0,0
19.945055,19.929237,121,255,254,255,191,14,60,187,129,0,0,0,0,0,0,0
20.659340,20.640421,121,255,253,255,191,16,53,187,1,0,0,0,0,0,0,0
21.373627,21.350870,121,255,253,255,192,13,60,187,1,0,0,0,0,0,0,0
22.087912,22.063452,121,255,254,255,192,15,65,187,1,0,0,0,0,0,0,0
22.802198,22.774426,121,255,253,255,192,15,73,186,129,0,0,0,0,0,0,0
23.516483,23.487131,121,255,253,255,192,15,68,186,129,0,0,0,0,0,0,0
24.230770,24.200720,121,255,253,255,191,16,63,187,129,0,0,0,0,0,0,0
24.890110,24.883980,121,255,253,255,192,16,66,187,129,0,0,0,0,0,0,0
25.604395,25.596151,121,255,253,255,192,15,63,187,1,0,0,0,0,0,0,0
26.318682,26.306133,120,255,253,255,193,16,62,186,1,0,0,0,0,0,0,0
27.032967,27.017570,121,255,253,255,193,14,55,187,129,0,0,0,0,0,0,0
27.747253,27.731611,121,255,253,255,193,15,56,187,129,0,0,0,0,0,0,0
28.461538,28.443233,120,255,253,255,193,14,54,186,129,0,0,0,0,0,0,0
29.175825,29.152512,121,255,253,255,192,15,58,187,1,0,0,0,0,0,0,0
29.890110,29.864260,121,255,252,255,192,17,65,186,1,0,0,0,0,0,0,0
30.604395,30.575125,121,255,252,255,192,13,69,186,1,0,0,0,0,0,0,0
31.318682,31.292652,121,255,252,255,191,15,73,186,129,0,0,0,0,0,0,0
32.032967,32.004818,121,255,252,255,192,16,67,187,129,0,0,0,0,0,0,0
32.747253,32.716778,122,255,252,255,192,15,62,187,129,0,0,0,0,0,0,0
33.461540,33.427860,121,255,252,255,191,15,64,187,1,0,0,0,0,0,0,0
34.175823,34.168156,121,255,252,255,192,16,57,187,1,0,0,0,0,0,0,0
34.890110,34.878555,121,255,251,255,193,16,67,186,1,0,0,0,0,0,0,0
35.604397,35.589687,121,255,251,255,191,15,66,187,1,0,0,0,0,0,0,0
36.318680,36.301796,121,255,251,255,192,13,63,187,129,0,0,0,0,0,0,0
37.032967,37.012150,121,255,250,255,192,14,59,186,129,0,0,0,0,0,0,0
37.747253,37.724159,121,255,250,255,192,13,53,187,129,0,0,0,0,0,0,0
38.461540,38.435078,122,255,250,255,192,14,53,187,1,0,0,0,0,0,0,0
39.175823,39.146358,121,255,249,255,193,13,50,187,1,0,0,0,0,0,0,0
39.890110,39.857380,121,255,249,255,193,14,54,187,129,0,0,0,0,0,0,0
40.549450,40.539848,121,255,249,255,193,14,56,187,1,0,0,0,0,0,0,0
41.263737,41.250198,121,255,248,255,192,14,53,187,129,0,0,0,0,0,0,0
41.978024,41.963142,122,255,247,255,192,14,55,187,1,0,0,0,0,0,0,0
42.692307,42.674534,121,255,247,255,192,15,50,187,1,0,0,0,0,0,0,0
43.406593,43.384880,121,255,247,255,192,15,52,187,1,0,0,0,0,0,0,0
44.120880,44.096661,121,255,246,255,192,14,52,187,1,0,0,0,0,0,0,0
44.835163,44.807598,121,255,245,255,192,15,57,187,129,0,0,0,0,0,0,0
45.549450,45.516754,121,255,245,255,192,15,55,188,129,0,0,0,0,0,0,0
46.263737,46.228455,121,255,244,255,192,15,42,187,129,0,0,0,0,0,0,0
46.978024,46.941814,121,255,244,255,191,13,34,187,1,0,0,0,0,0,0,0
47.692307,47.679214,121,255,243,255,192,14,33,187,1,0,0,0,0,0,0,0
48.406593,48.388149,121,255,243,255,192,15,37,188,1,0,0,0,0,0,0,0
49.120880,49.102192,121,255,243,255,192,14,42,187,129,0,0,0,0,0,0,0
49.835163,49.814255,121,255,242,255,192,14,46,186,129,0,0,0,0,0,0,0
50.549450,50.524700,122,255,242,255,192,15,48,187,129,0,0,0,0,0,0,0
51.263737,51.237568,122,255,242,255,192,15,45,188,1,0,0,0,0,0,0,0
51.978024,51.952370,122,255,241,255,192,12,43,188,1,0,0,0,0,0,0,0
52.692307,52.662106,121,255,241,255,192,15,44,187,129,0,0,0,0,0,0,0
53.406593,53.373894,121,255,241,255,192,15,42,186,129,0,0,0,0,0,0,0
54.120880,54.083302,121,255,240,255,192,15,40,187,129,0,0,0,0,0,0,0
54.835163,54.796776,121,255,240,255,192,15,42,187,1,0,0,0,0,0,0,0
55.549450,55.508167,121,255,239,255,192,15,40,187,1,0,0,0,0,0,0,0
56.208790,56.191818,121,255,239,255,192,14,46,187,1,0,0,0,0,0,0,0
56.923077,56.903061,121,255,239,255,192,14,45,187,1,0,0,0,0,0,0,0
57.637363,57.614700,121,255,238,255,192,13,45,187,129,0,0,0,0,0,0,0
58.351650,58.326088,122,255,238,255,192,13,44,187,129,0,0,0,0,0,0,0
59.065933,59.037991,121,255,238,255,192,14,40,187,129,0,0,0,0,0,0,0
59.780220,59.751770,121,255,238,255,192,14,43,187,1,0,0,0,0,0,0,0
60.494507,60.461594,121,255,237,255,192,15,42,187,1,0,0,0,0,0,0,0
61.208790,61.172626,121,255,237,255,191,15,43,186,129,0,0,0,0,0,0,0
61.923077,61.883953,121,255,236,255,191,15,48,186,129,0,0,0,0,0,0,0
62.637363,62.596642,121,255,236,255,193,14,49,187,129,0,0,0,0,0,0,0
63.351650,63.308552,121,255,236,255,192,14,50,186,129,0,0,0,0,0,0,0
64.065933,64.021919,121,255,236,255,192,13,53,186,1,0,0,0,0,0,0,0
64.780220,64.760818,121,255,235,255,192,14,45,187,1,0,0,0,0,0,0,0
65.494507,65.475998,121,255,235,255,192,13,43,187,1,0,0,0,0,0,0,0
66.208794,66.186867,121,255,234,255,193,12,42,187,129,0,0,0,0,0,0,0
66.923080,66.896484,121,255,234,255,192,13,41,186,129,0,0,0,0,0,0,0
67.637360,67.608284,121,255,234,255,193,12,31,187,129,0,0,0,0,0,0,0
68.351646,68.320190,121,255,233,255,192,12,31,187,1,0,0,0,0,0,0,0
69.065933,69.032463,121,255,232,255,192,13,33,187,1,0,0,0,0,0,0,0
69.780220,69.744316,121,255,232,255,192,14,32,187,1,0,0,0,0,0,0,0
70.494507,70.455399,121,255,233,255,192,15,35,187,129,0,0,0,0,0,0,0
71.208794,71.166519,121,255,232,255,192,15,50,187,129,0,0,0,0,0,0,0
71.923080,71.879051,121,255,233,255,192,14,25,187,129,0,0,0,0,0,0,0
72.637360,72.590973,121,255,232,255,192,13,24,187,1,0,0,0,0,0,0,0
73.296700,73.275505,121,255,232,255,192,14,20,187,1,0,0,0,0,0,0,0
74.010986,73.989334,121,255,232,255,192,12,26,188,1,0,0,0,0,0,0,0
74.725273,74.701241,121,255,232,255,192,14,39,186,129,0,0,0,0,0,0,0
75.439560,75.411438,121,255,232,255,192,12,47,188,129,0,0,0,0,0,0,0
76.153847,76.124329,122,255,232,255,192,14,46,187,1,0,0,0,0,0,0,0
76.868134,76.834679,122,255,232,255,192,14,43,187,1,0,0,0,0,0,0,0
77.582420,77.545235,122,255,232,255,192,14,31,188,1,0,0,0,0,0,0,0
78.296700,78.255890,122,255,232,255,192,10,23,188,129,0,0,0,0,0,0,0
79.010986,78.963531,122,255,233,255,191,12,19,188,1,0,0,0,0,0,0,0
79.725273,79.677521,122,255,232,255,193,12,28,188,129,0,0,0,0,0,0,0
80.439560,80.389687,121,255,232,255,192,14,44,188,129,0,0,0,0,0,0,0
81.153847,81.127815,121,255,233,255,191,13,43,188,129,0,0,0,0,0,0,0
81.868134,81.840622,122,255,233,255,192,12,48,188,1,0,0,0,0,0,0,0
82.582420,82.552406,121,255,233,255,192,14,41,187,1,0,0,0,0,0,0,0
83.296700,83.262230,122,255,233,255,193,13,35,188,1,0,0,0,0,0,0,0
84.010986,83.974503,122,255,233,255,193,11,38,187,129,0,0,0,0,0,0,0
84.725273,84.683701,122,255,234,255,191,13,40,187,1,0,0,0,0,0,0,0
85.439560,85.395554,121,255,234,255,192,13,47,187,129,0,0,0,0,0,0,0
86.153847,86.107208,121,255,234,255,191,14,51,187,129,0,0,0,0,0,0,0
86.868134,86.819008,122,255,235,255,192,13,52,188,1,0,0,0,0,0,0,0
87.582420,87.531593,121,255,234,255,193,14,51,186,1,0,0,0,0,0,0,0
88.296700,88.246513,121,255,235,255,192,12,47,188,129,0,0,0,0,0,0,0
88.956047,88.927315,122,255,235,255,192,13,42,187,129,0,0,0,0,0,0,0
89.670326,89.638855,122,255,235,255,192,14,44,187,129,0,0,0,0,0,0,0
90.439560,90.386612,122,255,236,255,192,13,52,187,1,0,0,0,0,0,0,0
91.098900,91.069489,121,255,236,255,192,14,58,188,1,0,0,0,0,0,0,0
91.813187,91.781151,122,255,237,255,192,15,64,187,1,0,0,0,0,0,0,0
92.527473,92.493202,121,255,237,255,192,15,57,187,129,0,0,0,0,0,0,0
93.241760,93.204178,121,255,238,255,191,14,52,188,129,0,0,0,0,0,0,0
93.956047,93.915390,121,255,239,255,191,14,58,187,129,0,0,0,0,0,0,0
94.670326,94.628685,121,255,239,255,191,15,60,187,1,0,0,0,0,0,0,0
95.384613,95.337715,122,255,240,255,192,16,60,188,1,0,0,0,0,0,0,0
96.098900,96.049248,121,255,240,255,192,14,68,188,1,0,0,0,0,0,0,0
96.813187,96.762245,122,255,241,255,192,13,64,188,129,0,0,0,0,0,0,0
97.527473,97.474152,121,255,241,255,192,16,66,186,129,0,0,0,0,0,0,0
98.241760,98.186684,121,255,242,255,192,14,72,187,129,0,0,0,0,0,0,0
98.956047,98.925064,121,255,243,255,192,12,59,187,129,0,0,0,0,0,0,0
99.670326,99.636292,121,255,244,255,192,14,62,187,129,0,0,0,0,0,0,0
100.384613,100.348831,121,255,244,255,192,13,63,188,1,0,0,0,0,0,0,0
101.098900,101.060059,121,255,245,255,193,13,60,187,1,0,0,0,0,0,0,0
101.813187,101.771446,121,255,245,255,193,14,68,187,1,0,0,0,0,0,0,0
102.527473,102.485329,122,255,246,255,192,16,72,188,129,0,0,0,0,0,0,0
103.241760,103.194534,121,255,247,255,192,15,71,188,129,0,0,0,0,0,0,0
103.956047,103.906761,121,255,247,255,192,15,65,187,129,0,0,0,0,0,0,0
104.670326,104.619019,121,255,248,255,192,13,63,187,129,0,0,0,0,0,0,0
105.384613,105.331139,121,255,248,255,192,14,61,187,1,0,0,0,0,0,0,0
106.098900,106.042114,121,255,249,255,192,13,64,187,1,0,0,0,0,0,0,0
106.813187,106.754547,121,255,249,255,191,13,65,187,129,0,0,0,0,0,0,0
107.472527,107.438820,121,255,249,255,192,14,72,187,129,0,0,0,0,0,0,0
108.186813,108.149117,121,255,250,255,192,15,75,187,129,0,0,0,0,0,0,0
108.901100,108.860191,121,255,250,255,193,16,72,187,1,0,0,0,0,0,0,0
109.615387,109.572052,121,255,251,255,192,12,67,186,1,0,0,0,0,0,0,0
110.329674,110.284737,121,255,251,255,192,13,65,187,1,0,0,0,0,0,0,0
111.043953,110.996956,121,255,252,255,192,14,67,187,129,0,0,0,0,0,0,0
111.758240,111.708237,121,255,252,255,191,14,69,186,129,0,0,0,0,0,0,0
112.472527,112.422173,122,255,252,255,192,15,64,187,129,0,0,0,0,0,0,0
113.186813,113.136314,121,255,253,255,191,13,64,187,1,0,0,0,0,0,0,0
113.901100,113.848320,122,255,253,255,192,13,70,188,1,0,0,0,0,0,0,0
114.615387,114.560020,122,255,253,255,192,14,61,187,1,0,0,0,0,0,0,0
115.329674,115.271355,121,255,254,255,191,15,64,187,1,0,0,0,0,0,0,0
116.043953,115.981705,122,255,254,255,191,14,71,187,129,0,0,0,0,0,0,0
116.758240,116.718628,121,255,254,255,191,13,64,187,129,0,0,0,0,0,0,0
117.472527,117.429085,121,255,254,255,191,15,73,187,1,0,0,0,0,0,0,0
118.186813,118.140099,121,255,255,255,192,14,70,187,1,0,0,0,0,0,0,0
118.901100,118.850983,122,255,255,255,191,15,74,188,1,0,0,0,0,0,0,0
119.615387,119.563812,122,255,255,255,191,13,63,187,129,0,0,0,0,0,0,0
120.329674,120.274681,121,255,255,255,191,15,60,187,129,0,0,0,0,0,0,0
121.043953,120.985657,122,255,255,255,192,13,69,188,129,0,0,0,0,0,0,0
121.758240,121.698288,122,255,255,255,192,15,67,186,1,0,0,0,0,0,0,0
122.472527,122.410767,121,255,255,255,191,15,72,187,1,0,0,0,0,0,0,0
123.186813,123.123039,121,255,255,255,192,16,65,187,1,0,0,0,0,0,0,0
123.846153,123.806747,122,255,255,255,192,14,65,187,129,0,0,0,0,0,0,0
124.560440,124.517937,121,255,255,255,191,14,67,187,129,0,0,0,0,0,0,0
125.274727,125.227287,121,255,255,255,191,13,64,187,129,0,0,0,0,0,0,0
125.989014,125.941223,121,255,255,255,192,15,64,187,1,0,0,0,0,0,0,0
126.703300,126.652100,121,255,255,255,192,13,68,187,1,0,0,0,0,0,0,0
127.417580,127.363167,121,255,255,255,192,14,70,187,1,0,0,0,0,0,0,0
128.131866,128.072372,121,255,255,255,192,13,64,187,1,0,0,0,0,0,0,0
128.846161,128.783188,121,255,255,255,191,15,75,187,129,0,0,0,0,0,0,0
129.560440,129.494629,121,255,255,255,192,15,65,187,129,0,0,0,0,0,0,0
130.274719,130.232895,122,255,255,255,191,13,66,186,129,0,0,0,0,0,0,0
130.989014,130.943039,121,255,254,255,193,13,64,187,1,0,0,0,0,0,0,0
131.703293,131.651672,121,255,254,255,192,14,54,188,1,0,0,0,0,0,0,0
132.417587,132.366898,122,255,254,255,193,15,57,188,129,0,0,0,0,0,0,0
133.131866,133.078232,121,255,254,255,193,15,61,187,129,0,0,0,0,0,0,0
133.846161,133.787750,121,255,254,255,192,14,59,187,129,0,0,0,0,0,0,0
134.560440,134.498993,121,255,253,255,193,16,58,187,1,0,0,0,0,0,0,0
135.274719,135.208450,121,255,253,255,192,12,59,187,1,0,0,0,0,0,0,0
135.989014,135.918777,122,255,253,255,192,14,59,188,1,0,0,0,0,0,0,0
136.648346,136.602982,121,255,253,255,192,14,55,188,129,0,0,0,0,0,0,0
137.362640,137.312546,122,255,253,255,193,15,59,188,129,0,0,0,0,0,0,0
138.076920,138.022995,121,255,253,255,192,15,60,187,129,0,0,0,0,0,0,0
138.791214,138.734924,121,255,252,255,192,14,62,187,1,0,0,0,0,0,0,0
139.505493,139.445877,121,255,252,255,192,12,58,187,129,0,0,0,0,0,0,0
140.219788,140.156342,121,255,252,255,192,16,66,187,1,0,0,0,0,0,0,0
140.934067,140.868179,121,255,252,255,192,15,62,187,129,0,0,0,0,0,0,0
141.648346,141.577179,121,255,252,255,192,16,63,188,1,0,0,0,0,0,0,0
142.362640,142.290497,121,255,252,255,192,16,57,188,129,0,0,0,0,0,0,0
143.076920,143.026947,121,255,252,255,191,16,62,187,129,0,0,0,0,0,0,0
143.791214,143.739685,121,255,252,255,192,15,63,187,1,0,0,0,0,0,0,0
144.505493,144.452240,121,255,252,255,191,16,64,186,1,0,0,0,0,0,0,0
145.219788,145.162567,121,255,252,255,192,15,67,187,1,0,0,0,0,0,0,0
145.934067,145.873703,122,255,252,255,191,15,66,187,129,0,0,0,0,0,0,0
146.648346,146.583054,121,255,252,255,192,14,68,187,129,0,0,0,0,0,0,0
147.362640,147.293396,121,255,252,255,193,14,67,187,1,0,0,0,0,0,0,0
148.076920,148.004791,122,255,252,255,193,14,64,188,1,0,0,0,0,0,0,0
148.736267,148.687927,121,255,252,255,192,14,63,187,1,0,0,0,0,0,0,0
149.450546,149.399994,121,255,252,255,193,14,67,187,129,0,0,0,0,0,0,0
150.164841,150.110245,121,255,252,255,192,15,65,187,129,0,0,0,0,0,0,0
150.934067,150.861069,121,255,252,255,191,13,64,187,129,0,0,0,0,0,0,0
151.648346,151.573135,121,255,251,255,191,14,62,187,1,0,0,0,0,0,0,0
152.307693,152.254166,121,255,251,255,193,15,57,186,1,0,0,0,0,0,0,0
153.021973,152.964264,121,255,251,255,192,13,56,187,129,0,0,0,0,0,0,0
153.736267,153.675186,121,255,251,255,192,16,61,187,129,0,0,0,0,0,0,0
154.450546,154.387863,121,255,251,255,192,15,62,187,129,0,0,0,0,0,0,0
155.164841,155.100555,121,255,251,255,193,15,68,186,1,0,0,0,0,0,0,0
155.879120,155.811050,121,255,251,255,192,13,70,188,1,0,0,0,0,0,0,0
156.593399,156.521561,121,255,251,255,191,15,71,187,1,0,0,0,0,0,0,0
157.307693,157.235184,121,255,251,255,192,14,66,186,129,0,0,0,0,0,0,0
158.021973,157.949280,121,255,251,255,193,14,64,187,129,0,0,0,0,0,0,0
158.736267,158.660141,121,255,251,255,191,12,62,188,129,0,0,0,0,0,0,0
159.450546,159.372574,121,255,251,255,192,14,63,187,1,0,0,0,0,0,0,0
160.164841,160.110168,121,255,251,255,192,15,67,187,1,0,0,0,0,0,0,0
160.879120,160.819580,121,255,251,255,192,15,69,187,1,0,0,0,0,0,0,0
161.593399,161.532761,122,255,251,255,193,13,71,187,129,0,0,0,0,0,0,0
162.307693,162.246048,121,255,250,255,192,14,66,187,129,0,0,0,0,0,0,0
163.021973,162.958206,121,255,250,255,192,14,65,187,1,0,0,0,0,0,0,0
163.736267,163.671158,121,255,250,255,192,14,75,188,129,0,0,0,0,0,0,0
164.450546,164.384872,121,255,250,255,191,15,72,186,1,0,0,0,0,0,0,0
165.164841,165.099930,121,255,249,255,192,14,60,187,129,0,0,0,0,0,0,0
165.879120,165.810623,122,255,249,255,192,16,63,188,1,0,0,0,0,0,0,0
166.593399,166.524185,121,255,249,255,192,13,59,186,129,0,0,0,0,0,0,0
167.307693,167.240677,121,255,249,255,192,12,63,187,6,0,0,0,0,0,0,0
168.021973,167.956375,121,255,249,255,192,13,63,187,6,0,0,0,0,0,0,0
168.736267,168.670990,121,255,249,255,160,14,63,186,0,0,0,0,0,0,0,0
169.450546,169.384201,120,255,249,255,21,23,118,186,128,0,0,0,0,0,0,0
170.164841,170.096512,121,255,248,255,22,22,117,185,128,0,0,0,0,0,0,0
170.879120,170.807953,121,255,246,255,22,18,80,186,128,0,0,0,0,0,0,0
171.593399,171.519241,122,255,244,255,22,16,36,186,0,0,0,0,0,0,0,0
172.307693,172.230362,121,255,243,255,22,13,10,186,0,0,0,0,0,0,0,0
173.021973,172.941391,121,255,242,255,23,14,1,188,0,0,0,0,0,0,0,0
173.736267,173.654907,122,255,241,255,22,13,5,188,128,0,0,0,0,0,0,0
174.395599,174.335403,122,255,241,255,23,13,20,188,0,0,0,0,0,0,0,0
175.109894,175.045135,122,255,241,255,23,13,38,188,128,0,0,0,0,0,0,0
175.824173,175.757126,121,255,241,255,24,15,59,187,0,0,0,0,0,0,0,0
176.538467,176.468475,121,255,241,255,23,13,80,187,0,0,0,0,0,0,0,0
177.252747,177.179962,121,255,241,255,23,17,98,186,0,0,0,0,0,0,0,0
177.967026,177.893066,121,255,241,255,23,16,94,187,128,0,0,0,0,0,0,0
178.681320,178.604187,121,255,240,255,23,17,83,187,128,0,0,0,0,0,0,0
179.395599,179.314804,121,255,240,255,23,16,77,187,128,0,0,0,0,0,0,0
180.109894,180.028152,121,255,239,255,22,15,65,188,0,0,0,0,0,0,0,0
180.824173,180.738968,121,255,238,255,24,17,64,187,0,0,0,0,0,0,0,0
181.538467,181.475647,122,255,238,255,23,15,67,188,0,0,0,0,0,0,0,0
182.252747,182.185944,121,255,237,255,22,16,73,187,128,0,0,0,0,0,0,0
182.967026,182.897476,121,255,236,255,22,18,77,187,128,0,0,0,0,0,0,0
183.681320,183.609222,121,255,236,255,22,16,77,188,0,0,0,0,0,0,0,0
184.395599,184.324524,121,255,235,255,23,16,68,187,0,0,0,0,0,0,0,0
185.109894,185.036163,121,255,234,255,24,15,67,187,0,0,0,0,0,0,0,0
185.824173,185.745575,122,255,233,255,22,15,74,187,128,0,0,0,0,0,0,0
186.538467,186.458984,121,255,233,255,22,12,63,187,128,0,0,0,0,0,0,0
187.252747,187.168610,121,255,232,255,23,16,63,187,128,0,0,0,0,0,0,0
187.967026,187.880417,121,255,231,255,22,14,71,187,128,0,0,0,0,0,0,0
188.681320,188.593994,121,255,230,255,23,16,72,187,0,0,0,0,0,0,0,0
189.340652,189.277222,121,255,229,255,23,15,63,187,0,0,0,0,0,0,0,0
190.054947,189.989243,121,255,228,255,23,16,56,187,128,0,0,0,0,0,0,0
190.769226,190.699646,121,255,227,255,23,16,63,186,128,0,0,0,0,0,0,0
191.483521,191.409729,121,255,227,255,22,15,69,187,128,0,0,0,0,0,0,0
192.197800,192.121780,121,255,226,255,22,17,71,186,0,0,0,0,0,0,0,0
192.912094,192.834106,121,255,225,255,23,16,71,187,0,0,0,0,0,0,0,0
193.626373,193.545288,121,255,224,255,23,15,61,188,0,0,0,0,0,0,0,0
194.340652,194.255646,121,255,223,255,22,15,68,188,128,0,0,0,0,0,0,0
195.054947,194.966125,121,255,222,255,23,16,56,187,128,0,0,0,0,0,0,0
195.769226,195.704056,121,255,221,255,22,31,67,185,128,0,0,0,0,0,0,0
196.483521,196.416382,121,255,220,255,22,16,63,188,0,0,0,0,0,0,0,0
197.197800,197.129120,122,255,220,255,22,18,52,187,0,0,0,0,0,0,0,0
197.912094,197.840500,122,255,219,255,23,16,63,187,0,0,0,0,0,0,0,0
198.626373,198.552475,121,255,218,255,22,18,67,187,128,0,0,0,0,0,0,0
199.340652,199.264374,122,255,217,255,23,14,71,188,128,0,0,0,0,0,0,0
200.054947,199.976700,121,255,217,255,22,17,63,187,128,0,0,0,0,0,0,0
200.769226,200.690994,121,255,215,255,21,17,59,187,0,0,0,0,0,0,0,0
201.483521,201.401703,121,255,215,255,23,15,72,187,0,0,0,0,0,0,0,0
202.197800,202.113403,121,255,215,255,22,16,68,187,0,0,0,0,0,0,0,0
202.912094,202.826874,121,255,214,255,22,18,71,187,0,0,0,0,0,0,0,0
203.626373,203.539551,122,255,213,255,22,16,66,188,128,0,0,0,0,0,0,0
204.340652,204.250885,121,255,213,255,22,15,58,187,128,0,0,0,0,0,0,0
205.054947,204.966125,122,255,211,255,22,15,64,188,0,0,0,0,0,0,0,0
205.769226,205.678299,121,255,211,255,21,19,71,187,0,0,0,0,0,0,0,0
206.483521,206.390320,121,255,210,255,23,32,64,187,0,0,0,0,0,0,0,0
207.197800,207.102386,121,255,209,255,21,16,75,188,128,0,0,0,0,0,0,0
207.857147,207.785660,121,255,209,255,22,18,79,187,128,0,0,0,0,0,0,0
208.571426,208.496063,121,255,208,255,23,17,78,188,0,0,0,0,0,0,0,0
209.285721,209.207138,121,255,207,255,22,18,59,187,0,0,0,0,0,0,0,0
210.000000,209.917953,121,255,206,255,22,18,57,188,0,0,0,0,0,0,0,0
210.714279,210.635757,121,255,205,255,23,16,63,188,128,0,0,0,0,0,0,0
211.428574,211.348221,121,255,204,255,22,18,71,187,128,0,0,0,0,0,0,0
212.142853,212.061737,122,255,204,255,23,16,72,187,128,0,0,0,0,0,0,0
212.857147,212.774109,121,255,203,255,22,17,68,187,0,0,0,0,0,0,0,0
213.571426,213.484558,121,255,202,255,22,17,72,187,0,0,0,0,0,0,0,0
214.285721,214.193878,121,255,201,255,22,17,63,188,0,0,0,0,0,0,0,0
215.000000,214.904892,122,255,200,255,23,19,68,187,128,0,0,0,0,0,0,0
215.714279,215.616226,121,255,199,255,22,17,61,187,0,0,0,0,0,0,0,0
216.428574,216.355286,122,255,198,255,22,17,82,188,128,0,0,0,0,0,0,0
217.142853,217.065948,121,255,197,255,22,15,68,187,0,0,0,0,0,0,0,0
217.857147,217.777588,121,255,196,255,21,19,64,188,0,0,0,0,0,0,0,0
218.571426,218.486496,121,255,195,255,22,16,76,187,0,0,0,0,0,0,0,0
219.285721,219.197922,122,255,195,255,23,17,71,187,128,0,0,0,0,0,0,0
220.000000,219.909363,121,255,193,255,23,17,74,187,128,0,0,0,0,0,0,0
220.714279,220.619690,121,255,192,255,23,16,68,187,128,0,0,0,0,0,0,0
221.428574,221.332077,121,255,192,255,21,18,67,187,0,0,0,0,0,0,0,0
222.142853,222.043884,121,255,190,255,22,16,71,187,0,0,0,0,0,0,0,0
222.857147,222.756729,122,255,189,255,22,17,74,187,0,0,0,0,0,0,0,0
223.516479,223.440079,121,255,188,255,22,19,72,187,128,0,0,0,0,0,0,0
224.230774,224.149490,121,255,187,255,23,16,63,187,128,0,0,0,0,0,0,0
224.945053,224.861191,122,255,186,255,22,18,59,188,128,0,0,0,0,0,0,0
225.659348,225.572601,122,255,185,255,22,16,64,188,0,0,0,0,0,0,0,0
226.373627,226.285614,122,255,184,255,23,18,58,188,0,0,0,0,0,0,0,0
227.087906,226.995193,121,255,183,255,21,17,64,186,0,0,0,0,0,0,0,0
227.802200,227.704773,122,255,182,255,22,15,64,188,128,0,0,0,0,0,0,0
228.516479,228.414490,122,255,181,255,23,16,59,187,128,0,0,0,0,0,0,0
229.230774,229.152191,121,255,180,255,21,16,60,190,128,0,0,0,0,0,0,0
229.945053,229.861450,122,255,179,255,22,15,60,188,0,0,0,0,0,0,0,0
230.659348,230.572311,122,255,178,255,22,15,68,188,0,0,0,0,0,0,0,0
231.373627,231.281891,122,255,178,255,22,17,62,187,0,0,0,0,0,0,0,0
232.087906,231.993271,122,255,177,255,23,15,66,188,128,0,0,0,0,0,0,0
232.802200,232.703049,121,255,176,255,22,16,61,187,128,0,0,0,0,0,0,0
233.516479,233.413071,122,255,175,255,22,16,63,188,128,0,0,0,0,0,0,0
234.175827,234.096115,121,255,174,255,23,14,60,187,0,0,0,0,0,0,0,0
234.890106,234.806564,121,255,173,255,22,15,53,188,0,0,0,0,0,0,0,0
235.604401,235.516296,122,255,173,255,22,15,62,188,0,0,0,0,0,0,0,0
236.318680,236.226761,122,255,172,255,22,15,60,188,0,0,0,0,0,0,0,0
237.032974,236.936417,122,255,171,255,22,17,70,188,128,0,0,0,0,0,0,0
237.747253,237.645462,122,255,171,255,23,15,75,188,128,0,0,0,0,0,0,0
238.461533,238.356445,122,255,170,255,22,16,55,188,0,0,0,0,0,0,0,0
239.175827,239.093658,122,255,169,255,23,15,65,188,0,0,0,0,0,0,0,0
239.890106,239.802979,121,255,168,255,22,16,56,188,0,0,0,0,0,0,0,0
240.604401,240.513107,121,255,168,255,23,14,47,188,128,0,0,0,0,0,0,0
241.318680,241.222366,122,255,168,255,22,15,54,188,128,0,0,0,0,0,0,0
242.032974,241.934326,121,255,167,255,22,15,61,187,128,0,0,0,0,0,0,0
242.747253,242.646973,121,255,167,255,23,16,64,188,0,0,0,0,0,0,0,0
243.461533,243.358093,121,255,166,255,22,17,68,187,0,0,0,0,0,0,0,0
244.175827,244.068863,122,255,166,255,22,15,62,188,128,0,0,0,0,0,0,0
244.835159,244.751266,122,255,165,255,24,15,64,187,128,0,0,0,0,0,0,0
245.549454,245.460541,122,255,165,255,23,17,59,188,128,0,0,0,0,0,0,0
246.263733,246.170776,121,255,164,255,23,15,55,188,0,0,0,0,0,0,0,0
246.978027,246.883194,122,255,164,255,21,16,61,188,0,0,0,0,0,0,0,0
247.692307,247.593384,121,255,164,255,22,14,58,187,0,0,0,0,0,0,0,0
248.406601,248.306335,121,255,163,255,22,17,55,187,0,0,0,0,0,0,0,0
249.120880,249.017670,122,255,163,255,23,17,47,187,128,0,0,0,0,0,0,0
249.835159,249.727020,121,255,163,255,23,18,68,187,128,0,0,0,0,0,0,0
250.549454,250.464844,121,255,163,255,21,17,69,187,128,0,0,0,0,0,0,0
251.263733,251.176331,121,255,162,255,22,15,64,188,0,0,0,0,0,0,0,0
251.978027,251.885529,122,255,163,255,23,17,72,187,0,0,0,0,0,0,0,0
252.692307,252.595825,121,255,163,255,21,17,74,187,128,0,0,0,0,0,0,0
253.406601,253.304871,122,255,162,255,21,14,63,188,128,0,0,0,0,0,0,0
254.120880,254.013306,121,255,163,255,21,16,76,187,128,0,0,0,0,0,0,0
254.835159,254.724106,121,255,162,255,22,18,73,187,128,0,0,0,0,0,0,0
255.494507,255.406998,121,255,162,255,21,17,83,188,0,0,0,0,0,0,0,0
256.208801,256.116730,121,255,161,255,21,16,64,187,0,0,0,0,0,0,0,0
256.923065,256.828461,122,255,161,255,22,15,48,187,128,0,0,0,0,0,0,0
257.637360,257.537445,121,255,161,255,22,16,59,187,128,0,0,0,0,0,0,0
258.351654,258.244598,122,255,161,255,21,15,72,188,128,0,0,0,0,0,0,0
259.065948,258.954468,122,255,161,255,22,19,73,188,0,0,0,0,0,0,0,0
259.780212,259.690765,121,255,161,255,23,18,63,188,0,0,0,0,0,0,0,0
260.494507,260.399872,121,255,161,255,21,17,55,187,0,0,0,0,0,0,0,0
261.208801,261.109497,121,255,161,255,22,19,80,187,128,0,0,0,0,0,0,0
261.923065,261.818939,121,255,161,255,21,17,63,188,128,0,0,0,0,0,0,0
262.637360,262.529297,121,255,161,255,22,18,78,188,128,0,0,0,0,0,0,0
263.351654,263.240479,121,255,161,255,21,17,52,187,0,0,0,0,0,0,0,0
264.065948,263.950409,121,255,160,255,22,17,74,187,0,0,0,0,0,0,0,0
264.725281,264.632721,121,255,160,255,22,17,56,188,0,0,0,0,0,0,0,0
265.439575,265.343384,121,255,161,255,21,18,64,187,128,0,0,0,0,0,0,0
266.153839,266.051025,121,255,160,255,21,18,63,187,128,0,0,0,0,0,0,0
266.868134,266.761566,121,255,161,255,21,18,75,187,128,0,0,0,0,0,0,0
267.582428,267.473083,121,255,160,255,21,17,68,187,0,0,0,0,0,0,0,0
268.296692,268.182434,122,255,160,255,22,17,51,187,0,0,0,0,0,0,0,0
269.010986,268.919312,121,255,160,255,23,18,53,187,0,0,0,0,0,0,0,0
269.725281,269.630951,121,255,160,255,21,17,72,187,128,0,0,0,0,0,0,0
270.439575,270.339905,121,255,160,255,21,15,55,188,128,0,0,0,0,0,0,0
271.153839,271.059692,122,255,160,255,22,18,75,187,128,0,0,0,0,0,0,0
271.868134,271.768219,122,255,160,255,21,17,59,188,0,0,0,0,0,0,0,0
272.582428,272.479034,122,255,160,255,21,18,53,188,0,0,0,0,0,0,0,0
273.296692,273.189087,121,255,161,255,22,19,59,188,0,0,0,0,0,0,0,0
274.010986,273.900635,121,255,160,255,20,17,64,187,128,0,0,0,0,0,0,0
274.725281,274.610352,121,255,161,255,22,18,61,188,128,0,0,0,0,0,0,0
275.439575,275.321228,122,255,161,255,21,17,87,188,128,0,0,0,0,0,0,0
276.098907,276.001251,121,255,161,255,22,20,71,187,0,0,0,0,0,0,0,0
276.813202,276.711212,121,255,160,255,22,17,75,187,0,0,0,0,0,0,0,0
277.527466,277.421234,122,255,161,255,21,19,73,187,128,0,0,0,0,0,0,0
278.241760,278.129517,121,255,160,255,21,19,72,187,128,0,0,0,0,0,0,0
278.956055,278.840759,121,255,161,255,22,15,63,187,128,0,0,0,0,0,0,0
279.670319,279.551880,121,255,161,255,20,16,65,187,0,0,0,0,0,0,0,0
280.384613,280.263641,121,255,160,255,22,16,64,187,0,0,0,0,0,0,0,0
281.098907,280.999512,121,255,160,255,20,17,55,188,0,0,0,0,0,0,0,0
281.813202,281.709076,121,255,160,255,23,18,67,188,128,0,0,0,0,0,0,0
282.527466,282.421661,121,255,160,255,21,19,88,187,128,0,0,0,0,0,0,0
283.241760,283.140656,121,255,160,255,21,19,59,187,128,0,0,0,0,0,0,0
283.956055,283.851257,121,255,159,255,21,18,75,187,0,0,0,0,0,0,0,0
284.670319,284.564758,121,255,159,255,21,19,56,188,0,0,0,0,0,0,0,0
285.384613,285.275238,121,255,159,255,22,19,52,187,0,0,0,0,0,0,0,0
286.098907,285.986633,122,255,159,255,20,17,46,187,128,0,0,0,0,0,0,0
286.813202,286.694977,121,255,159,255,21,16,77,187,128,0,0,0,0,0,0,0
287.527466,287.406006,121,255,158,255,22,20,71,187,128,0,0,0,0,0,0,0
288.241760,288.118225,121,255,158,255,23,18,48,188,0,0,0,0,0,0,0,0
288.901093,288.801147,121,255,159,255,23,17,48,187,0,0,0,0,0,0,0,0
289.615387,289.510101,122,255,158,255,23,17,64,188,128,0,0,0,0,0,0,0
290.329681,290.223633,121,255,158,255,22,252,63,187,128,0,0,0,0,0,0,0
291.043945,290.934479,121,255,158,255,22,252,63,187,0,0,0,0,0,0,0,0
291.758240,291.643738,122,255,158,255,21,252,71,187,0,0,0,0,0,0,0,0
292.472534,292.354034,121,255,158,255,21,252,73,187,0,0,0,0,0,0,0,0
293.186798,293.066559,121,255,158,255,21,252,64,187,128,0,0,0,0,0,0,0
293.901093,293.778259,121,255,158,255,21,251,68,187,128,0,0,0,0,0,0,0
294.615387,294.488861,121,255,159,255,22,252,87,187,128,0,0,0,0,0,0,0
295.329681,295.227631,121,255,159,255,21,251,75,187,0,0,0,0,0,0,0,0
296.043945,295.937286,121,255,158,255,22,252,63,187,0,0,0,0,0,0,0,0
296.758240,296.648163,122,255,158,255,21,252,55,187,0,0,0,0,0,0,0,0
297.472534,297.359070,121,255,158,255,22,251,48,187,128,0,0,0,0,0,0,0
298.186798,298.069885,121,255,158,255,22,251,61,187,128,0,0,0,0,0,0,0
298.901093,298.778320,121,255,158,255,21,252,50,187,128,0,0,0,0,0,0,0
299.615387,299.490234,121,255,157,255,21,251,65,187,128,0,0,0,0,0,0,0
300.329681,300.202179,121,255,158,255,21,252,64,187,0,0,0,0,0,0,0,0
300.989014,300.883820,121,255,158,255,22,252,75,188,128,0,0,0,0,0,0,0
301.703308,301.595886,121,255,158,255,21,2,71,187,128,0,0,0,0,0,0,0
302.417572,302.305298,121,255,157,255,22,2,58,187,128,0,0,0,0,0,0,0
303.131866,303.017365,121,255,157,255,22,1,66,187,0,0,0,0,0,0,0,0
303.846161,303.728943,122,255,156,255,21,2,69,187,0,0,0,0,0,0,0,0
304.560425,304.437927,121,255,156,255,24,3,59,188,0,0,0,0,0,0,0,0
305.274719,305.147247,121,255,156,255,22,3,64,187,128,0,0,0,0,0,0,0
305.989014,305.858368,121,255,154,255,23,2,63,188,128,0,0,0,0,0,0,0
306.703308,306.593903,122,255,155,255,23,2,63,188,128,0,0,0,0,0,0,0
307.417572,307.304077,122,255,155,255,23,2,55,188,0,0,0,0,0,0,0,0
308.131866,308.015533,121,255,154,255,24,3,44,188,0,0,0,0,0,0,0,0
308.846161,308.723175,122,255,155,255,23,3,48,188,0,0,0,0,0,0,0,0
309.560425,309.433319,122,255,155,255,24,3,80,187,0,0,0,0,0,0,0,0
310.274719,310.145264,122,255,155,255,23,2,64,188,128,0,0,0,0,0,0,0
310.989014,310.856323,122,255,155,255,23,3,63,188,128,0,0,0,0,0,0,0
311.648346,311.539337,122,255,155,255,24,3,79,188,128,0,0,0,0,0,0,0
312.362640,312.250000,122,255,155,255,23,2,63,188,0,0,0,0,0,0,0,0
313.076935,312.959930,122,255,154,255,23,2,47,188,0,0,0,0,0,0,0,0
313.791199,313.674316,122,255,154,255,23,3,64,188,128,0,0,0,0,0,0,0
314.505493,314.383789,122,255,153,255,23,2,85,189,0,0,0,0,0,0,0,0
315.219788,315.094086,122,255,152,255,22,2,59,188,128,0,0,0,0,0,0,0
315.934052,315.804291,122,255,152,255,23,3,55,188,0,0,0,0,0,0,0,0
316.648346,316.515106,122,255,153,255,23,2,55,188,0,0,0,0,0,0,0,0
317.362640,317.251801,122,255,153,255,24,2,51,188,0,0,0,0,0,0,0,0
318.076935,317.960327,122,255,153,255,24,2,57,188,128,0,0,0,0,0,0,0
318.791199,318.670532,122,255,152,255,24,2,59,188,128,0,0,0,0,0,0,0
319.505493,319.379303,122,255,153,255,23,2,44,188,128,0,0,0,0,0,0,0
320.219788,320.090485,122,255,152,255,24,2,48,188,0,0,0,0,0,0,0,0
320.934052,320.800293,122,255,153,255,24,3,72,188,0,0,0,0,0,0,0,0
321.593414,321.483459,122,255,152,255,22,2,76,187,0,0,0,0,0,0,0,0
322.307678,322.191742,122,255,153,255,24,2,63,188,128,0,0,0,0,0,0,0
323.021973,322.902618,122,255,153,255,23,3,52,188,128,0,0,0,0,0,0,0
323.736267,323.614777,122,255,152,255,23,3,64,188,128,0,0,0,0,0,0,0
324.450562,324.325684,122,255,153,255,23,2,48,188,0,0,0,0,0,0,0,0
325.164825,325.033325,122,255,155,255,23,2,33,188,0,0,0,0,0,0,0,0
325.879120,325.744293,122,255,156,255,24,2,39,188,0,0,0,0,0,0,0,0
326.593414,326.481598,122,255,158,255,23,2,31,188,128,0,0,0,0,0,0,0
327.307678,327.191040,122,255,158,255,23,3,33,188,128,0,0,0,0,0,0,0
328.021973,327.902649,122,255,158,255,24,3,32,188,128,0,0,0,0,0,0,0
328.736267,328.614258,122,255,159,255,22,2,63,188,0,0,0,0,0,0,0,0
329.450562,329.322266,122,255,160,255,23,2,55,188,0,0,0,0,0,0,0,0
330.164825,330.031769,122,255,161,255,23,2,59,188,0,0,0,0,0,0,0,0
330.879120,330.749908,122,255,161,255,22,2,72,188,128,0,0,0,0,0,0,0
331.593414,331.458740,122,255,162,255,23,2,39,188,128,0,0,0,0,0,0,0
332.307678,332.168732,122,255,163,255,24,2,61,188,0,0,0,0,0,0,0,0
332.967041,332.851013,122,255,164,255,23,2,56,188,0,0,0,0,0,0,0,0
333.681305,333.564606,122,255,165,255,22,2,48,188,0,0,0,0,0,0,0,0
334.395599,334.278076,122,255,165,255,22,2,47,188,128,0,0,0,0,0,0,0
335.109894,334.987396,122,255,167,255,23,2,64,188,128,0,0,0,0,0,0,0
335.824188,335.698730,122,255,168,255,23,2,72,188,128,0,0,0,0,0,0,0
336.538452,336.411469,122,255,168,255,151,2,8,188,1,0,0,0,0,0,0,0
337.252747,337.121277,123,255,169,255,193,3,1,189,1,0,0,0,0,0,0,0
337.967041,337.831329,123,255,171,255,189,3,8,189,1,0,0,0,0,0,0,0
338.681305,338.543243,122,255,174,255,190,3,64,189,129,0,0,0,0,0,0,0
339.395599,339.253174,122,255,177,255,191,2,42,188,129,0,0,0,0,0,0,0
340.109894,339.988617,122,255,179,255,190,3,104,188,129,0,0,0,0,0,0,0
340.824188,340.698517,122,255,182,255,190,3,116,188,1,0,0,0,0,0,0,0
341.538452,341.411041,121,255,184,255,190,2,111,187,1,0,0,0,0,0,0,0
342.252747,342.122559,121,255,185,255,189,3,107,187,1,0,0,0,0,0,0,0
342.967041,342.834869,122,255,186,255,190,2,80,189,129,0,0,0,0,0,0,0
343.681305,343.547791,122,255,187,255,190,1,17,188,129,0,0,0,0,0,0,0
344.395599,344.260132,122,255,188,255,190,2,7,189,129,0,0,0,0,0,0,0
345.109894,344.970947,122,255,189,255,191,2,31,188,1,0,0,0,0,0,0,0
345.824188,345.681915,122,255,191,255,190,3,72,188,1,0,0,0,0,0,0,0
346.538452,346.394135,122,255,193,255,190,2,96,188,1,0,0,0,0,0,0,0
347.252747,347.107178,122,255,194,255,190,2,95,188,129,0,0,0,0,0,0,0
347.912079,347.790314,122,255,196,255,190,2,59,188,129,0,0,0,0,0,0,0
348.626373,348.502197,122,255,196,255,189,3,64,188,129,0,0,0,0,0,0,0
349.340668,349.213989,122,255,198,255,191,3,43,188,1,0,0,0,0,0,0,0
350.054932,349.924377,122,255,199,255,189,3,63,188,1,0,0,0,0,0,0,0
350.769226,350.636963,122,255,201,255,191,3,64,188,129,0,0,0,0,0,0,0
351.483521,351.347778,122,255,202,255,189,2,91,187,129,0,0,0,0,0,0,0
352.197815,352.060577,122,255,204,255,190,2,79,188,129,0,0,0,0,0,0,0
352.912079,352.772949,122,255,205,255,190,2,63,188,129,0,0,0,0,0,0,0
353.626373,353.484375,122,255,206,255,191,2,43,188,1,0,0,0,0,0,0,0
354.340668,354.195374,122,255,207,255,189,2,63,188,1,0,0,0,0,0,0,0
355.054932,354.906799,122,255,208,255,190,3,72,188,1,0,0,0,0,0,0,0
355.769226,355.645081,122,255,209,255,191,2,71,188,1,0,0,0,0,0,0,0
356.483521,356.356262,122,255,211,255,190,3,72,188,129,0,0,0,0,0,0,0
357.197815,357.066803,122,255,212,255,191,3,63,188,129,0,0,0,0,0,0,0
357.912079,357.777679,122,255,213,255,190,3,92,188,1,0,0,0,0,0,0,0
358.626373,358.488495,122,255,214,255,190,3,48,188,1,0,0,0,0,0,0,0
359.340668,359.201233,122,255,216,255,192,2,74,188,129,0,0,0,0,0,0,0
360.054932,359.913391,122,255,217,255,191,2,48,188,129,0,0,0,0,0,0,0
360.769226,360.624786,121,255,218,255,192,2,51,188,129,0,0,0,0,0,0,0
361.483521,361.336761,122,255,219,255,190,3,56,188,129,0,0,0,0,0,0,0
362.197815,362.047882,122,255,220,255,192,3,48,188,1,0,0,0,0,0,0,0
362.857147,362.728577,122,255,222,255,191,2,59,188,1,0,0,0,0,0,0,0
363.571442,363.438904,122,255,223,255,190,3,70,187,1,0,0,0,0,0,0,0
364.285706,364.148956,122,255,224,255,191,3,80,188,129,0,0,0,0,0,0,0
365.000000,364.861023,121,255,226,255,190,2,91,188,129,0,0,0,0,0,0,0
365.714294,365.573151,121,255,227,255,190,2,82,188,129,0,0,0,0,0,0,0
366.428558,366.284546,121,255,228,255,189,3,76,187,1,0,0,0,0,0,0,0
367.142853,366.996674,121,255,228,255,191,2,67,188,1,0,0,0,0,0,0,0
367.857147,367.706787,121,255,229,255,191,2,50,188,129,0,0,0,0,0,0,0
368.571442,368.418091,121,255,230,255,191,2,48,188,129,0,0,0,0,0,0,0
369.285706,369.157684,122,255,231,255,191,3,64,188,129,0,0,0,0,0,0,0
370.000000,369.868286,122,255,233,255,189,2,80,188,1,0,0,0,0,0,0,0
370.714294,370.577911,122,255,233,255,190,3,66,188,1,0,0,0,0,0,0,0
371.428558,371.288879,122,255,234,255,189,2,66,187,1,0,0,0,0,0,0,0
372.142853,372.002625,122,255,235,255,191,3,45,188,129,0,0,0,0,0,0,0
372.857147,372.712860,122,255,236,255,190,2,47,188,129,0,0,0,0,0,0,0
373.571442,373.421753,121,255,237,255,190,2,56,188,129,0,0,0,0,0,0,0
374.285706,374.133972,122,255,238,255,189,3,67,188,1,0,0,0,0,0,0,0
375.000000,374.844452,121,255,239,255,191,2,72,188,1,0,0,0,0,0,0,0
375.659332,375.530365,121,255,241,255,191,2,66,187,1,0,0,0,0,0,0,0
376.373627,376.240448,122,255,242,255,191,3,60,188,1,0,0,0,0,0,0,0
377.087921,376.953125,122,255,243,255,190,3,68,187,1,0,0,0,0,0,0,0
377.802185,377.665039,121,255,244,255,190,2,68,188,129,0,0,0,0,0,0,0
378.516479,378.375458,122,255,245,255,191,2,73,187,129,0,0,0,0,0,0,0
379.230774,379.088531,122,255,246,255,190,2,74,188,129,0,0,0,0,0,0,0
379.945068,379.801727,121,255,247,255,190,2,73,187,1,0,0,0,0,0,0,0
380.659332,380.512299,121,255,248,255,190,2,69,187,1,0,0,0,0,0,0,0
381.373627,381.225311,122,255,249,255,190,3,68,187,129,0,0,0,0,0,0,0
382.087921,381.937103,121,255,250,255,190,2,73,188,1,0,0,0,0,0,0,0
382.802185,382.649902,121,255,251,255,191,2,75,187,129,0,0,0,0,0,0,0
383.516479,383.360870,122,255,251,255,191,2,78,187,1,0,0,0,0,0,0,0
384.230774,384.075226,121,255,252,255,191,2,78,188,1,0,0,0,0,0,0,0
384.945068,384.787231,121,255,253,255,191,2,80,187,1,0,0,0,0,0,0,0
385.659332,385.525513,121,255,253,255,191,2,71,188,129,0,0,0,0,0,0,0
386.373627,386.236755,122,255,254,255,190,3,76,188,129,0,0,0,0,0,0,0
387.087921,386.948700,121,255,254,255,191,3,73,187,129,0,0,0,0,0,0,0
387.802185,387.660706,123,255,255,255,189,2,79,187,129,0,0,0,0,0,0,0
388.516479,388.373291,122,255,255,255,191,2,77,187,1,0,0,0,0,0,0,0
389.230774,389.086243,122,255,255,255,190,2,68,188,1,0,0,0,0,0,0,0
389.945068,389.797729,121,255,255,255,190,3,65,187,1,0,0,0,0,0,0,0
390.659332,390.510040,122,255,255,255,190,2,60,188,129,0,0,0,0,0,0,0
391.373627,391.227844,121,255,255,255,190,3,56,187,129,0,0,0,0,0,0,0
392.087921,391.940399,121,255,255,255,190,2,56,187,1,0,0,0,0,0,0,0
392.802185,392.649414,121,255,255,255,191,2,66,188,1,0,0,0,0,0,0,0
393.516479,393.359406,122,255,255,255,191,3,70,187,1,0,0,0,0,0,0,0
394.230774,394.073242,121,255,255,255,190,2,70,187,129,0,0,0,0,0,0,0
394.945068,394.784393,121,255,255,255,190,2,70,187,129,0,0,0,0,0,0,0
395.604401,395.466736,121,255,255,255,190,2,52,188,1,0,0,0,0,0,0,0
396.318695,396.179108,122,255,255,255,192,2,44,188,1,0,0,0,0,0,0,0
397.032959,396.891846,121,255,255,255,191,3,58,187,1,0,0,0,0,0,0,0
397.747253,397.602844,122,255,255,255,191,3,64,188,129,0,0,0,0,0,0,0
398.461548,398.317474,122,255,255,255,191,2,72,187,129,0,0,0,0,0,0,0
399.175812,399.028748,121,255,255,255,191,2,70,187,129,0,0,0,0,0,0,0
399.890106,399.740662,121,255,255,255,190,3,59,187,1,0,0,0,0,0,0,0
400.604401,400.451111,121,255,255,255,191,2,61,187,1,0,0,0,0,0,0,0
401.318695,401.161926,121,255,255,255,190,3,59,187,1,0,0,0,0,0,0,0
402.032959,401.875122,122,255,255,255,191,3,57,188,129,0,0,0,0,0,0,0
402.747253,402.587830,121,255,255,255,191,3,60,187,129,0,0,0,0,0,0,0
403.461548,403.299103,121,255,255,255,191,2,66,187,129,0,0,0,0,0,0,0
404.175812,404.011292,121,255,255,255,191,2,66,186,1,0,0,0,0,0,0,0
404.890106,404.748138,121,255,255,255,191,2,59,186,1,0,0,0,0,0,0,0
405.604401,405.458527,121,255,254,255,191,3,59,187,1,0,0,0,0,0,0,0
406.318695,406.170593,121,255,253,255,191,3,51,187,129,0,0,0,0,0,0,0
407.032959,406.883087,121,255,253,255,191,2,52,187,129,0,0,0,0,0,0,0
407.747253,407.594635,121,255,252,255,191,3,55,186,129,0,0,0,0,0,0,0
408.461548,408.307617,121,255,252,255,191,3,62,186,1,0,0,0,0,0,0,0
409.175812,409.018494,121,255,251,255,191,2,68,187,1,0,0,0,0,0,0,0
409.890106,409.729767,121,255,251,255,190,2,62,187,1,0,0,0,0,0,0,0
410.604401,410.439758,121,255,250,255,192,2,56,187,1,0,0,0,0,0,0,0
411.318695,411.151550,121,255,249,255,191,2,50,187,129,0,0,0,0,0,0,0
411.978027,411.834198,121,255,248,255,191,2,46,186,129,0,0,0,0,0,0,0
412.692322,412.544830,121,255,247,255,191,2,51,187,1,0,0,0,0,0,0,0
413.406586,413.257111,121,255,247,255,191,3,53,186,1,0,0,0,0,0,0,0
414.120880,413.970123,120,255,246,255,192,2,54,185,1,0,0,0,0,0,0,0
414.835175,414.682526,120,255,245,255,191,3,42,184,129,0,0,0,0,0,0,0
415.549438,415.392242,118,255,244,255,192,2,45,181,129,0,0,0,0,0,0,0
416.263733,416.102203,115,255,244,255,193,2,35,177,129,0,0,0,0,0,0,0
416.978027,416.813171,115,255,242,255,192,2,35,177,1,0,0,0,0,0,0,0
417.692322,417.525116,115,255,242,255,192,2,37,177,1,0,0,0,0,0,0,0
418.406586,418.237610,115,255,241,255,192,1,37,176,129,0,0,0,0,0,0,0
419.120880,418.949799,114,255,240,255,192,2,41,176,129,0,0,0,0,0,0,0
419.835175,419.689667,114,255,240,255,193,2,44,176,129,0,0,0,0,0,0,0
420.549438,420.400848,114,255,239,255,192,2,46,176,1,0,0,0,0,0,0,0
421.263733,421.112488,114,255,238,255,193,1,41,176,1,0,0,0,0,0,0,0
421.978027,421.825836,114,255,237,255,193,2,40,176,1,0,0,0,0,0,0,0
422.692322,422.537140,114,255,237,255,193,1,35,175,129,0,0,0,0,0,0,0
423.406586,423.249664,114,255,236,255,192,2,36,175,1,0,0,0,0,0,0,0
424.120880,423.960266,114,255,235,255,192,1,36,175,129,0,0,0,0,0,0,0
424.835175,424.674988,114,255,235,255,193,2,35,175,1,0,0,0,0,0,0,0
425.549438,425.388397,113,255,234,255,193,2,40,175,1,0,0,0,0,0,0,0
426.263733,426.102020,113,255,234,255,193,1,39,174,1,0,0,0,0,0,0,0
426.978027,426.814850,113,255,233,255,193,2,41,175,129,0,0,0,0,0,0,0
427.692322,427.526306,113,255,233,255,193,2,38,174,129,0,0,0,0,0,0,0
428.406586,428.238159,113,255,233,255,193,2,36,174,129,0,0,0,0,0,0,0
429.120880,428.951172,113,255,233,255,192,2,38,174,1,0,0,0,0,0,0,0
429.835175,429.662689,113,255,232,255,193,2,39,174,1,0,0,0,0,0,0,0
430.494507,430.345978,113,255,232,255,192,2,41,174,1,0,0,0,0,0,0,0
431.208801,431.058685,113,255,231,255,193,1,39,174,129,0,0,0,0,0,0,0
431.923065,431.768494,113,255,231,255,193,2,40,173,129,0,0,0,0,0,0,0
432.637360,432.480164,112,255,231,255,192,2,42,174,129,0,0,0,0,0,0,0
433.351654,433.191132,112,255,230,255,193,2,36,174,1,0,0,0,0,0,0,0
434.065948,433.905151,113,255,230,255,192,1,36,174,1,0,0,0,0,0,0,0
434.780212,434.617065,112,255,229,255,192,1,36,173,1,0,0,0,0,0,0,0
435.494507,435.328339,112,255,230,255,193,2,35,173,129,0,0,0,0,0,0,0
436.208801,436.038483,112,255,230,255,192,2,35,173,129,0,0,0,0,0,0,0
436.923065,436.749939,113,255,229,255,192,2,41,174,129,0,0,0,0,0,0,0
437.637360,437.462311,113,255,229,255,192,2,37,174,1,0,0,0,0,0,0,0
438.351654,438.200592,113,255,229,255,192,2,39,175,1,0,0,0,0,0,0,0
439.065948,438.912018,114,255,229,255,192,2,36,175,1,0,0,0,0,0,0,0
439.780212,439.623932,114,255,229,255,192,2,35,175,129,0,0,0,0,0,0,0
440.494507,440.335388,114,255,229,255,192,2,37,175,129,0,0,0,0,0,0,0
441.208801,441.047577,114,255,229,255,191,2,48,177,1,0,0,0,0,0,0,0
441.923065,441.759399,116,255,229,255,191,2,49,178,1,0,0,0,0,0,0,0
442.637360,442.472809,116,255,230,255,191,2,48,180,1,0,0,0,0,0,0,0
443.351654,443.182129,119,255,230,255,190,2,47,183,1,0,0,0,0,0,0,0
444.065948,443.892242,121,255,230,255,190,3,33,187,129,0,0,0,0,0,0,0
444.780212,444.605164,121,255,231,255,191,3,41,187,129,0,0,0,0,0,0,0
445.494507,445.317841,121,255,231,255,190,3,42,187,1,0,0,0,0,0,0,0
446.208801,446.028046,122,255,231,255,192,3,33,188,1,0,0,0,0,0,0,0
446.923065,446.742493,121,255,231,255,191,2,40,187,1,0,0,0,0,0,0,0
447.582428,447.427795,121,255,231,255,191,2,53,188,129,0,0,0,0,0,0,0
448.296692,448.137787,121,255,231,255,192,3,56,187,129,0,0,0,0,0,0,0
449.010986,448.849854,122,255,231,255,190,3,56,187,129,0,0,0,0,0,0,0
449.725281,449.560669,122,255,232,255,191,2,47,188,1,0,0,0,0,0,0,0
450.439575,450.272003,122,255,232,255,191,3,39,188,1,0,0,0,0,0,0,0
451.153839,450.990662,121,255,232,255,191,2,36,188,1,0,0,0,0,0,0,0
451.868134,451.701172,121,255,233,255,191,3,33,187,129,0,0,0,0,0,0,0
452.582428,452.413300,122,255,233,255,192,2,51,188,129,0,0,0,0,0,0,0
453.296692,453.125549,122,255,233,255,191,2,61,187,1,0,0,0,0,0,0,0
454.010986,453.837036,121,255,233,255,190,2,58,188,1,0,0,0,0,0,0,0
454.725281,454.550629,122,255,233,255,191,2,48,188,1,0,0,0,0,0,0,0
455.439575,455.262177,122,124,233,255,191,2,48,188,129,0,0,0,0,0,0,0
456.153839,455.972290,121,124,233,255,192,2,42,188,129,0,0,0,0,0,0,0
456.868134,456.710052,122,255,234,255,191,2,47,187,129,0,0,0,0,0,0,0
457.582428,457.419647,122,255,234,255,192,3,48,188,1,0,0,0,0,0,0,0
458.296692,458.131287,122,255,234,255,190,2,56,188,1,0,0,0,0,0,0,0
459.010986,458.842712,122,255,235,255,191,2,59,188,1,0,0,0,0,0,0,0
459.725281,459.555359,122,255,235,255,190,3,61,188,129,0,0,0,0,0,0,0
460.439575,460.264252,122,255,235,255,191,2,59,187,129,0,0,0,0,0,0,0
461.153839,460.975006,121,255,235,255,191,2,56,188,129,0,0,0,0,0,0,0
461.868134,461.686127,122,255,235,255,191,2,48,188,1,0,0,0,0,0,0,0
462.582428,462.396942,121,255,235,255,191,3,49,187,1,0,0,0,0,0,0,0
463.241760,463.081604,122,255,236,255,191,2,55,188,1,0,0,0,0,0,0,0
463.956055,463.792999,122,255,236,255,191,2,49,188,1,0,0,0,0,0,0,0
464.670319,464.507813,122,255,236,255,191,3,60,187,129,0,0,0,0,0,0,0
465.384613,465.219299,121,255,236,255,191,2,62,187,129,0,0,0,0,0,0,0
466.098907,465.931000,122,255,236,255,190,2,55,188,1,0,0,0,0,0,0,0
466.813202,466.642120,122,255,237,255,191,2,52,188,1,0,0,0,0,0,0,0
467.527466,467.353333,122,255,236,255,192,2,51,188,1,0,0,0,0,0,0,0
468.241760,468.065247,122,255,237,255,191,2,50,189,129,0,0,0,0,0,0,0
468.956055,468.774139,122,255,237,255,191,2,58,188,129,0,0,0,0,0,0,0
469.670319,469.487518,122,255,237,255,190,3,60,188,129,0,0,0,0,0,0,0
470.384613,470.200409,121,255,238,255,191,2,66,188,1,0,0,0,0,0,0,0
471.098907,470.912933,122,255,238,255,192,2,63,188,1,0,0,0,0,0,0,0
471.813202,471.626678,121,255,238,255,191,2,60,188,1,0,0,0,0,0,0,0
472.527466,472.338928,122,255,239,255,191,3,60,188,129,0,0,0,0,0,0,0
473.241760,473.078186,121,255,239,255,191,3,54,188,129,0,0,0,0,0,0,0
473.956055,473.789581,122,255,239,255,191,2,55,188,129,0,0,0,0,0,0,0
474.670319,474.504242,122,255,240,255,190,3,57,188,1,0,0,0,0,0,0,0
475.384613,475.214508,122,255,240,255,190,2,65,187,1,0,0,0,0,0,0,0
476.098907,475.926544,122,255,240,255,191,3,59,189,1,0,0,0,0,0,0,0
476.813202,476.638153,122,255,241,255,191,3,55,188,129,0,0,0,0,0,0,0
477.527466,477.350616,122,255,241,255,190,3,58,188,129,0,0,0,0,0,0,0
478.241760,478.062286,121,255,242,255,191,2,52,187,1,0,0,0,0,0,0,0
478.956055,478.774719,122,255,242,255,191,2,58,187,1,0,0,0,0,0,0,0
479.670319,479.485779,122,255,243,255,191,2,70,187,1,0,0,0,0,0,0,0
480.384613,480.197693,121,255,243,255,190,2,72,187,1,0,0,0,0,0,0,0
481.098907,480.909027,122,255,244,255,190,2,78,188,129,0,0,0,0,0,0,0
481.813202,481.620514,121,255,244,255,191,3,67,188,129,0,0,0,0,0,0,0
482.472534,482.305328,122,255,244,255,191,3,58,188,1,0,0,0,0,0,0,0
483.186798,483.016968,121,255,245,255,191,2,63,188,1,0,0,0,0,0,0,0
483.901093,483.727417,122,255,245,255,191,2,63,188,1,0,0,0,0,0,0,0
484.615387,484.439636,122,255,245,255,191,2,59,187,129,0,0,0,0,0,0,0
485.329681,485.152130,121,255,246,255,190,3,60,187,129,0,0,0,0,0,0,0
486.043945,485.864868,121,255,246,255,191,3,63,187,129,0,0,0,0,0,0,0
486.758240,486.575409,121,255,247,255,191,3,67,188,1,0,0,0,0,0,0,0
487.472534,487.289551,122,255,247,255,191,3,70,188,1,0,0,0,0,0,0,0
488.186798,487.999603,122,255,247,255,190,2,64,188,1,0,0,0,0,0,0,0
488.901093,488.713531,122,255,248,255,192,2,63,188,129,0,0,0,0,0,0,0
489.615387,489.423615,122,255,248,255,191,2,67,188,129,0,0,0,0,0,0,0
490.329681,490.137024,122,255,249,255,191,3,72,187,1,0,0,0,0,0,0,0
491.043945,490.848511,121,255,249,255,191,2,71,188,1,0,0,0,0,0,0,0
491.758240,491.585907,121,255,249,255,191,3,71,187,1,0,0,0,0,0,0,0
492.472534,492.296936,122,255,249,255,191,2,68,188,129,0,0,0,0,0,0,0
493.186798,493.005829,122,255,250,255,190,3,62,188,129,0,0,0,0,0,0,0
493.901093,493.717407,122,255,250,255,191,2,55,188,129,0,0,0,0,0,0,0
494.615387,494.430786,122,255,251,255,191,3,58,188,1,0,0,0,0,0,0,0
495.329681,495.145050,122,255,251,255,191,3,63,188,1,0,0,0,0,0,0,0
496.043945,495.856140,122,255,251,255,191,1,73,187,1,0,0,0,0,0,0,0
496.758240,496.571808,122,255,252,255,191,2,81,188,129,0,0,0,0,0,0,0
497.472534,497.281219,122,255,252,255,190,1,78,188,129,0,0,0,0,0,0,0
498.186798,497.993378,122,255,252,255,191,2,67,188,129,0,0,0,0,0,0,0
498.901093,498.705658,122,255,252,255,191,2,68,188,1,0,0,0,0,0,0,0
499.615387,499.417572,122,255,252,255,190,3,67,188,1,0,0,0,0,0,0,0
500.274719,500.099243,122,255,253,255,191,2,63,188,1,0,0,0,0,0,0,0
500.989014,500.813171,122,255,252,255,191,2,71,188,129,0,0,0,0,0,0,0
501.703308,501.522064,122,255,253,255,191,1,72,188,129,0,0,0,0,0,0,0
502.417572,502.234039,122,255,253,255,190,3,66,188,129,0,0,0,0,0,0,0
503.131866,502.945831,122,255,253,255,191,2,59,188,1,0,0,0,0,0,0,0
503.846161,503.657806,122,255,253,255,190,2,56,188,1,0,0,0,0,0,0,0
504.560425,504.373199,122,255,253,255,191,3,56,188,1,0,0,0,0,0,0,0
505.274719,505.084503,121,255,253,255,191,2,67,187,129,0,0,0,0,0,0,0
505.989014,505.792847,122,255,253,255,190,1,65,187,1,0,0,0,0,0,0,0
506.703308,506.505829,122,255,254,255,190,2,73,187,129,0,0,0,0,0,0,0
507.417572,507.216980,121,255,254,255,190,2,82,188,1,0,0,0,0,0,0,0
508.131866,507.954407,122,255,254,255,190,3,72,187,1,0,0,0,0,0,0,0
508.846161,508.665497,122,255,254,255,190,3,52,188,1,0,0,0,0,0,0,0
509.560425,509.379272,122,255,254,255,191,2,43,188,129,0,0,0,0,0,0,0
510.274719,510.089081,122,255,254,255,191,2,46,189,129,0,0,0,0,0,0,0
510.989014,510.801666,121,255,254,255,191,3,52,187,129,0,0,0,0,0,0,0
511.703308,511.518921,121,255,254,255,190,2,74,187,1,0,0,0,0,0,0,0
512.417603,512.230469,121,255,254,255,190,2,84,187,1,0,0,0,0,0,0,0
513.131897,512.942383,122,255,255,255,190,3,79,187,129,0,0,0,0,0,0,0
513.846130,513.652832,121,255,255,255,191,2,78,187,129,0,0,0,0,0,0,0
514.560425,514.364868,121,255,255,255,191,2,67,187,129,0,0,0,0,0,0,0
515.274719,515.076233,122,255,255,255,191,2,55,187,1,0,0,0,0,0,0,0
515.989014,515.789307,122,255,254,255,191,3,55,188,1,0,0,0,0,0,0,0
516.703308,516.499451,122,255,254,255,191,3,73,188,1,0,0,0,0,0,0,0
517.417603,517.213379,121,255,254,255,191,3,76,187,1,0,0,0,0,0,0,0
518.076904,517.895203,122,255,254,255,190,2,71,187,129,0,0,0,0,0,0,0
518.791199,518.605652,121,255,254,255,191,2,69,187,129,0,0,0,0,0,0,0
519.505493,519.317871,121,255,254,255,191,3,64,188,1,0,0,0,0,0,0,0
520.219788,520.027893,122,255,254,255,191,2,57,188,1,0,0,0,0,0,0,0
520.934082,520.738770,121,255,254,255,191,2,53,187,1,0,0,0,0,0,0,0
521.648376,521.450806,122,255,254,255,191,2,70,188,129,0,0,0,0,0,0,0
522.362610,522.160950,122,255,254,255,190,2,69,188,129,0,0,0,0,0,0,0
523.076904,522.874878,122,255,254,255,192,3,78,188,129,0,0,0,0,0,0,0
523.791199,523.586121,122,255,253,255,191,3,76,188,1,0,0,0,0,0,0,0
524.505493,524.300415,121,255,253,255,191,3,63,187,1,0,0,0,0,0,0,0
525.219788,525.012207,122,255,253,255,191,2,56,188,1,0,0,0,0,0,0,0
525.934082,525.749390,122,255,253,255,191,2,48,188,1,0,0,0,0,0,0,0
526.648376,526.459534,122,255,253,255,190,2,43,188,129,0,0,0,0,0,0,0
527.362610,527.168762,121,255,253,255,190,2,56,187,129,0,0,0,0,0,0,0
528.076904,527.881592,121,255,253,255,191,3,64,187,1,0,0,0,0,0,0,0
528.791199,528.594177,122,255,253,255,191,2,75,187,1,0,0,0,0,0,0,0
529.505493,529.306213,121,255,253,255,191,3,78,187,129,0,0,0,0,0,0,0
530.219788,530.017517,122,255,253,255,191,3,72,186,129,0,0,0,0,0,0,0
530.934082,530.729431,122,255,253,255,191,2,68,188,129,0,0,0,0,0,0,0
531.648376,531.440979,122,255,253,255,190,2,63,188,1,0,0,0,0,0,0,0
532.362610,532.154053,122,255,252,255,190,2,59,188,1,0,0,0,0,0,0,0
533.076904,532.866089,122,255,253,255,191,2,59,187,1,0,0,0,0,0,0,0
533.736267,533.551025,122,255,252,255,191,3,65,188,129,0,0,0,0,0,0,0
534.450562,534.263794,121,255,252,255,191,2,59,188,129,0,0,0,0,0,0,0
535.164856,534.974854,122,255,252,255,191,3,63,188,129,0,0,0,0,0,0,0
535.879150,535.686401,122,255,252,255,191,3,64,187,1,0,0,0,0,0,0,0
536.593384,536.399231,121,255,252,255,191,2,66,188,1,0,0,0,0,0,0,0
537.307678,537.110657,121,255,252,255,192,3,56,188,1,0,0,0,0,0,0,0
538.021973,537.819885,122,255,253,255,190,2,55,187,129,0,0,0,0,0,0,0
538.736267,538.533020,122,255,253,255,190,2,65,188,129,0,0,0,0,0,0,0
539.450562,539.243958,122,255,253,255,191,3,68,188,129,0,0,0,0,0,0,0
540.164856,539.956299,121,255,253,255,191,2,66,188,129,0,0,0,0,0,0,0
540.879150,540.667603,121,255,253,255,190,2,70,187,1,0,0,0,0,0,0,0
541.593384,541.379089,121,255,253,255,190,3,63,187,1,0,0,0,0,0,0,0
542.307678,542.117126,122,255,253,255,191,3,68,188,129,0,0,0,0,0,0,0
543.021973,542.826660,122,255,253,255,191,3,67,188,129,0,0,0,0,0,0,0
543.736267,543.537292,122,255,253,255,190,3,63,188,129,0,0,0,0,0,0,0
544.450562,544.251831,122,255,253,255,191,3,59,188,1,0,0,0,0,0,0,0
545.164856,544.964600,121,255,253,255,191,2,58,187,1,0,0,0,0,0,0,0
545.879150,545.674561,121,255,253,255,191,2,63,188,1,0,0,0,0,0,0,0
546.593384,546.385498,122,255,253,255,191,2,63,187,129,0,0,0,0,0,0,0
547.307678,547.096863,121,255,253,255,191,3,61,187,129,0,0,0,0,0,0,0
548.021973,547.808044,122,255,253,255,190,2,60,189,129,0,0,0,0,0,0,0
548.736267,548.520508,122,255,254,255,191,3,69,187,1,0,0,0,0,0,0,0
549.395630,549.201721,121,255,254,255,191,2,69,188,1,0,0,0,0,0,0,0
550.109863,549.913330,122,255,254,255,191,2,68,188,1,0,0,0,0,0,0,0
550.824158,550.625732,122,255,254,255,191,3,73,187,129,0,0,0,0,0,0,0
551.538452,551.336792,121,255,254,255,192,2,66,188,129,0,0,0,0,0,0,0
552.252747,552.046631,122,255,254,255,190,1,63,187,1,0,0,0,0,0,0,0
552.967041,552.758484,121,255,254,255,191,3,64,187,1,0,0,0,0,0,0,0
553.681335,553.468750,122,255,254,255,191,2,59,187,1,0,0,0,0,0,0,0
554.395630,554.179260,122,255,254,255,190,2,66,188,129,0,0,0,0,0,0,0
555.109863,554.892151,121,255,254,255,190,2,72,187,129,0,0,0,0,0,0,0
555.824158,555.605957,121,255,255,255,191,2,67,187,129,0,0,0,0,0,0,0
556.538452,556.344116,122,255,254,255,190,2,70,188,1,0,0,0,0,0,0,0
557.252747,557.055725,122,255,254,255,191,3,68,187,1,0,0,0,0,0,0,0
557.967041,557.765503,122,255,255,255,190,2,65,187,1,0,0,0,0,0,0,0
558.681335,558.475830,121,255,255,255,191,3,59,187,129,0,0,0,0,0,0,0
559.395630,559.188110,122,255,254,255,191,2,58,188,129,0,0,0,0,0,0,0
560.109863,559.898804,121,255,254,255,191,2,66,187,129,0,0,0,0,0,0,0
560.824158,560.609070,122,255,255,255,190,2,68,188,129,0,0,0,0,0,0,0
561.538452,561.321228,121,255,255,255,191,3,73,187,1,0,0,0,0,0,0,0
562.252747,562.033386,121,255,254,255,190,3,65,188,1,0,0,0,0,0,0,0
562.912109,562.715332,121,255,254,255,191,2,66,187,129,0,0,0,0,0,0,0
563.626404,563.427612,121,255,254,255,190,2,63,188,1,0,0,0,0,0,0,0
564.340637,564.140442,122,255,254,255,190,3,62,188,129,0,0,0,0,0,0,0
565.054932,564.852661,121,255,254,255,191,2,66,187,1,0,0,0,0,0,0,0
565.769226,565.564941,122,255,254,255,191,2,72,188,1,0,0,0,0,0,0,0
566.483521,566.276184,122,255,254,255,190,3,67,187,1,0,0,0,0,0,0,0
567.197815,566.988770,121,255,254,255,190,2,64,187,129,0,0,0,0,0,0,0
567.912109,567.699341,122,255,254,255,190,3,65,187,129,0,0,0,0,0,0,0
568.626404,568.409424,122,255,254,255,191,2,61,188,129,0,0,0,0,0,0,0
569.340637,569.123718,121,255,254,255,190,2,59,187,1,0,0,0,0,0,0,0
570.054932,569.836609,122,255,254,255,191,3,64,188,1,0,0,0,0,0,0,0
570.769226,570.547668,121,255,254,255,191,2,70,187,1,0,0,0,0,0,0,0
571.483521,571.271790,122,255,254,255,191,2,67,187,129,0,0,0,0,0,0,0
572.197815,571.985901,122,255,254,255,191,2,69,187,129,0,0,0,0,0,0,0
572.912109,572.695007,121,255,254,255,190,2,62,187,129,0,0,0,0,0,0,0
573.626404,573.406982,122,255,254,255,191,2,67,188,1,0,0,0,0,0,0,0
574.340637,574.116882,122,255,254,255,190,2,64,187,1,0,0,0,0,0,0,0
575.054932,574.828003,121,255,254,255,190,2,62,187,1,0,0,0,0,0,0,0
575.769226,575.567261,122,255,253,255,191,2,68,188,129,0,0,0,0,0,0,0
576.483521,576.278015,122,255,253,255,191,3,64,188,129,0,0,0,0,0,0,0
577.197815,576.990723,122,255,254,255,191,3,70,187,1,0,0,0,0,0,0,0
577.912109,577.701904,122,255,254,255,191,2,70,187,1,0,0,0,0,0,0,0
578.626404,578.412964,122,255,253,255,191,2,68,188,1,0,0,0,0,0,0,0
579.340637,579.123840,122,255,253,255,191,2,63,188,129,0,0,0,0,0,0,0
580.054932,579.835693,122,255,253,255,190,2,59,188,129,0,0,0,0,0,0,0
580.769226,580.545898,121,255,253,255,191,3,64,187,1,0,0,0,0,0,0,0
581.483521,581.257324,122,255,253,255,190,2,61,188,1,0,0,0,0,0,0,0
582.197815,581.968506,121,255,253,255,191,2,62,187,1,0,0,0,0,0,0,0
582.857117,582.652161,122,255,253,255,191,3,66,188,129,0,0,0,0,0,0,0
583.571411,583.361755,122,255,253,255,191,3,63,187,1,0,0,0,0,0,0,0
584.285706,584.073853,121,255,253,255,192,1,74,187,129,0,0,0,0,0,0,0
585.000000,584.786438,121,255,253,255,190,3,66,187,129,0,0,0,0,0,0,0
585.714294,585.498657,121,255,253,255,190,1,66,187,1,0,0,0,0,0,0,0
586.428589,586.209229,121,255,253,255,190,2,70,187,1,0,0,0,0,0,0,0
587.142883,586.920715,122,255,253,255,191,3,63,187,129,0,0,0,0,0,0,0
587.857117,587.631958,121,255,253,255,191,2,66,187,129,0,0,0,0,0,0,0
588.571411,588.344116,122,255,253,255,191,2,68,187,129,0,0,0,0,0,0,0
589.285706,589.055908,122,255,253,255,191,2,66,188,129,0,0,0,0,0,0,0
590.000000,589.768677,123,255,253,255,191,2,70,188,1,0,0,0,0,0,0,0
590.714294,590.506958,122,255,253,255,191,2,60,186,1,0,0,0,0,0,0,0
591.428589,591.218262,121,255,253,255,192,2,65,187,129,0,0,0,0,0,0,0
592.142883,591.928711,121,255,253,255,190,2,62,187,129,0,0,0,0,0,0,0
592.857117,592.640747,121,255,253,255,190,1,60,187,129,0,0,0,0,0,0,0
593.571411,593.354248,122,255,253,255,191,3,71,187,1,0,0,0,0,0,0,0
594.285706,594.065552,121,255,253,255,191,2,68,187,1,0,0,0,0,0,0,0
595.000000,594.778259,122,255,253,255,190,2,65,187,1,0,0,0,0,0,0,0
595.714294,595.489136,122,255,252,255,191,3,72,187,129,0,0,0,0,0,0,0
596.428589,596.202393,121,255,252,255,191,3,64,188,129,0,0,0,0,0,0,0
597.142883,596.912720,121,255,252,255,191,2,69,187,129,0,0,0,0,0,0,0
597.857117,597.625061,123,255,252,255,192,2,64,189,1,0,0,0,0,0,0,0
598.571411,598.336426,122,255,252,255,191,3,62,188,129,0,0,0,0,0,0,0
599.230774,599.020264,122,255,252,255,191,2,64,188,1,0,0,0,0,0,0,0
599.945068,599.731506,121,255,252,255,190,3,64,187,1,0,0,0,0,0,0,0
600.659363,600.444763,122,255,252,255,191,3,68,187,129,0,0,0,0,0,0,0
601.373596,601.156433,121,255,252,255,191,3,70,187,129,0,0,0,0,0,0,0
602.087891,601.867859,122,255,252,255,191,2,68,186,1,0,0,0,0,0,0,0
602.802185,602.581299,121,255,252,255,191,2,65,187,1,0,0,0,0,0,0,0
603.516479,603.291687,122,255,251,255,192,2,63,188,1,0,0,0,0,0,0,0
604.230774,604.002930,122,255,251,255,191,2,60,187,129,0,0,0,0,0,0,0
604.945068,604.714722,122,255,251,255,192,2,65,188,129,0,0,0,0,0,0,0
605.659363,605.425598,122,255,251,255,191,2,63,188,1,0,0,0,0,0,0,0
606.373596,606.137085,122,255,251,255,190,3,67,188,1,0,0,0,0,0,0,0
607.087891,606.850708,122,255,251,255,190,3,68,188,1,0,0,0,0,0,0,0
607.802185,607.588135,122,255,251,255,191,2,62,188,129,0,0,0,0,0,0,0
608.516479,608.300659,121,255,251,255,191,2,59,187,129,0,0,0,0,0,0,0
609.230774,609.010620,122,255,251,255,191,2,60,187,129,0,0,0,0,0,0,0
609.945068,609.723022,121,255,251,255,191,3,56,187,1,0,0,0,0,0,0,0
610.659363,610.435974,122,255,251,255,191,2,61,187,1,0,0,0,0,0,0,0
611.373596,611.148743,122,255,251,255,192,2,68,188,1,0,0,0,0,0,0,0
612.087891,611.860718,122,255,251,255,191,2,64,188,129,0,0,0,0,0,0,0
612.802185,612.573242,122,255,251,255,190,3,61,187,129,0,0,0,0,0,0,0
613.516479,613.286316,122,255,251,255,191,3,67,188,129,0,0,0,0,0,0,0
614.230774,613.998230,122,255,251,255,191,3,60,188,1,0,0,0,0,0,0,0
614.945068,614.709900,122,255,251,255,190,2,65,188,1,0,0,0,0,0,0,0
615.659363,615.421753,122,255,251,255,191,2,69,187,1,0,0,0,0,0,0,0
616.373596,616.133789,121,255,251,255,190,2,67,187,129,0,0,0,0,0,0,0
617.032959,616.817261,122,255,251,255,190,2,66,189,129,0,0,0,0,0,0,0
617.747253,617.529602,122,255,251,255,191,2,60,188,129,0,0,0,0,0,0,0
618.461548,618.239990,121,255,251,255,190,3,63,187,1,0,0,0,0,0,0,0
619.175842,618.952209,121,255,251,255,191,3,65,187,1,0,0,0,0,0,0,0
619.890137,619.664551,122,255,251,255,190,3,65,188,1,0,0,0,0,0,0,0
620.604370,620.376465,121,255,251,255,191,3,70,187,129,0,0,0,0,0,0,0
621.318665,621.089050,122,255,251,255,190,2,70,187,129,0,0,0,0,0,0,0
622.032959,621.799194,122,255,251,255,191,2,62,188,1,0,0,0,0,0,0,0
622.747253,622.510559,121,255,251,255,190,2,63,188,1,0,0,0,0,0,0,0
623.461548,623.222717,121,255,251,255,190,1,62,187,1,0,0,0,0,0,0,0
624.175842,623.933899,122,255,251,255,191,2,63,188,129,0,0,0,0,0,0,0
624.890137,624.645447,121,255,251,255,191,2,71,188,129,0,0,0,0,0,0,0
625.604370,625.383057,121,255,251,255,191,2,68,187,129,0,0,0,0,0,0,0
626.318665,626.092102,122,255,251,255,191,3,70,187,129,0,0,0,0,0,0,0
627.032959,626.802917,121,255,251,255,191,2,66,187,1,0,0,0,0,0,0,0
627.747253,627.516724,121,255,251,255,191,2,68,187,1,0,0,0,0,0,0,0
628.461548,628.226624,122,255,251,255,191,2,70,186,1,0,0,0,0,0,0,0
629.175842,628.938721,121,255,251,255,191,3,68,187,129,0,0,0,0,0,0,0
629.890137,629.651062,122,255,251,255,192,2,65,187,129,0,0,0,0,0,0,0
630.604370,630.362000,122,255,251,255,190,2,69,187,1,0,0,0,0,0,0,0
631.318665,631.074585,121,255,251,255,192,2,67,187,1,0,0,0,0,0,0,0
632.032959,631.794312,122,255,251,255,191,3,68,187,1,0,0,0,0,0,0,0
632.747253,632.506897,122,255,251,255,191,3,66,188,129,0,0,0,0,0,0,0
633.461548,633.218079,121,255,251,255,190,3,60,188,129,0,0,0,0,0,0,0
634.175842,633.931396,122,255,251,255,191,2,61,188,129,0,0,0,0,0,0,0
634.835144,634.614014,122,255,250,255,191,3,61,188,129,0,0,0,0,0,0,0
635.604370,635.357849,121,255,250,255,190,3,64,187,1,0,0,0,0,0,0,0
636.318665,636.070923,122,255,250,255,191,2,67,187,1,0,0,0,0,0,0,0
636.978027,636.753418,121,255,250,255,191,2,68,187,129,0,0,0,0,0,0,0
637.692322,637.462769,121,255,250,255,190,2,63,187,129,0,0,0,0,0,0,0
638.406616,638.172241,122,255,250,255,191,2,59,187,129,0,0,0,0,0,0,0
639.120850,638.884766,122,255,250,255,191,2,59,187,1,0,0,0,0,0,0,0
639.835144,639.595642,122,255,250,255,190,2,58,187,1,0,0,0,0,0,0,0
640.549438,640.307251,121,255,250,255,190,2,63,187,1,0,0,0,0,0,0,0
641.263733,641.018921,122,255,250,255,191,3,71,188,129,0,0,0,0,0,0,0
641.978027,641.729919,121,255,250,255,191,2,68,187,129,0,0,0,0,0,0,0
642.692322,642.442749,122,255,250,255,192,3,68,188,1,0,0,0,0,0,0,0
643.406616,643.156006,121,255,250,255,191,3,63,187,1,0,0,0,0,0,0,0
644.120850,643.895325,121,255,250,255,191,3,61,188,1,0,0,0,0,0,0,0
644.835144,644.605774,121,255,250,255,191,3,58,187,129,0,0,0,0,0,0,0
645.549438,645.317566,121,255,250,255,191,3,59,187,129,0,0,0,0,0,0,0
646.263733,646.027954,122,255,250,255,190,3,60,188,129,0,0,0,0,0,0,0
646.978027,646.737671,122,255,250,255,190,3,68,188,1,0,0,0,0,0,0,0
647.692322,647.448669,122,255,250,255,191,2,71,187,1,0,0,0,0,0,0,0
648.406616,648.160156,121,255,251,255,190,3,74,187,1,0,0,0,0,0,0,0
649.120850,648.873230,122,255,251,255,191,2,69,187,129,0,0,0,0,0,0,0
649.835144,649.584900,122,255,251,255,190,2,68,188,129,0,0,0,0,0,0,0
650.549438,650.296387,122,255,251,255,190,2,59,188,129,0,0,0,0,0,0,0
651.208801,650.980591,122,255,251,255,191,3,64,187,1,0,0,0,0,0,0,0
651.923096,651.693787,122,255,251,255,192,2,60,188,1,0,0,0,0,0,0,0
652.637390,652.403870,122,255,251,255,190,2,66,188,1,0,0,0,0,0,0,0
653.351624,653.115051,121,255,251,255,190,2,74,187,129,0,0,0,0,0,0,0
654.065918,653.826660,121,255,251,255,191,2,73,188,129,0,0,0,0,0,0,0
654.780212,654.539734,122,255,251,255,190,2,70,187,129,0,0,0,0,0,0,0
655.494507,655.252991,122,255,251,255,191,2,70,188,1,0,0,0,0,0,0,0
656.208801,655.965027,122,255,251,255,191,3,60,188,1,0,0,0,0,0,0,0
656.923096,656.676636,122,255,250,255,191,2,65,187,129,0,0,0,0,0,0,0
657.637390,657.387939,122,255,251,255,191,2,63,187,1,0,0,0,0,0,0,0
658.351624,658.100159,121,255,250,255,191,2,70,187,129,0,0,0,0,0,0,0
659.065918,658.813354,122,255,250,255,190,2,70,188,1,0,0,0,0,0,0,0
659.780212,659.527344,121,255,250,255,191,3,68,187,1,0,0,0,0,0,0,0
660.494507,660.238647,121,255,250,255,191,1,64,187,1,0,0,0,0,0,0,0
661.208801,660.952271,121,255,250,255,191,3,62,187,129,0,0,0,0,0,0,0
661.923096,661.688416,122,255,250,255,191,2,57,187,129,0,0,0,0,0,0,0
662.637390,662.398132,122,255,250,255,191,2,59,187,129,0,0,0,0,0,0,0
663.351624,663.109314,122,255,250,255,191,3,66,187,129,0,0,0,0,0,0,0
664.065918,663.822754,121,255,250,255,190,2,74,187,1,0,0,0,0,0,0,0
664.780212,664.533875,121,255,249,255,190,3,63,188,1,0,0,0,0,0,0,0
665.494507,665.244751,122,255,249,255,191,3,69,187,1,0,0,0,0,0,0,0
666.208801,665.956787,121,255,249,255,191,3,60,187,129,0,0,0,0,0,0,0
666.923096,666.669495,122,255,249,255,191,3,59,188,129,0,0,0,0,0,0,0
667.637390,667.382385,122,255,249,255,191,2,60,187,1,0,0,0,0,0,0,0
668.351624,668.095154,121,255,249,255,191,3,60,188,1,0,0,0,0,0,0,0
669.065918,668.806641,122,255,249,255,192,2,65,188,1,0,0,0,0,0,0,0
669.725281,669.491150,121,255,249,255,190,3,68,188,129,0,0,0,0,0,0,0
670.439575,670.202698,122,255,249,255,191,2,71,188,129,0,0,0,0,0,0,0
671.153870,670.913086,122,255,249,255,192,2,68,187,129,0,0,0,0,0,0,0
671.868103,671.625366,121,255,249,255,191,2,64,188,1,0,0,0,0,0,0,0
672.582397,672.336365,122,255,249,255,192,3,67,187,1,0,0,0,0,0,0,0
673.296692,673.047974,121,255,249,255,190,3,63,188,1,0,0,0,0,0,0,0
674.010986,673.759033,122,255,249,255,190,2,63,188,129,0,0,0,0,0,0,0
674.725281,674.469604,121,255,249,255,191,2,71,188,129,0,0,0,0,0,0,0
675.439575,675.182739,121,255,248,255,190,2,70,187,1,0,0,0,0,0,0,0
676.153870,675.894287,122,255,249,255,190,2,70,188,1,0,0,0,0,0,0,0
676.868103,676.605469,122,255,248,255,191,2,67,188,1,0,0,0,0,0,0,0
677.582397,677.343628,122,255,248,255,189,2,61,188,1,0,0,0,0,0,0,0
678.296692,678.056091,122,255,248,255,191,2,57,188,129,0,0,0,0,0,0,0
679.010986,678.766479,121,255,248,255,192,3,54,188,129,0,0,0,0,0,0,0
679.725281,679.480652,122,255,248,255,190,2,59,188,1,0,0,0,0,0,0,0
680.439575,680.190735,122,255,248,255,191,2,60,186,1,0,0,0,0,0,0,0
681.153870,680.901733,122,255,248,255,191,3,71,187,1,0,0,0,0,0,0,0
681.868103,681.612488,121,255,248,255,190,2,66,187,129,0,0,0,0,0,0,0
682.582397,682.324097,122,255,248,255,191,3,63,188,129,0,0,0,0,0,0,0
683.296692,683.035156,122,255,248,255,191,2,55,187,129,0,0,0,0,0,0,0
684.010986,683.748047,122,255,248,255,191,2,63,188,1,0,0,0,0,0,0,0
684.725281,684.460510,121,255,248,255,191,2,63,187,1,0,0,0,0,0,0,0
685.384644,685.143921,121,255,248,255,190,2,65,188,1,0,0,0,0,0,0,0
686.098877,685.857361,121,255,248,255,191,2,66,187,129,0,0,0,0,0,0,0
686.813171,686.568604,122,255,248,255,191,2,68,187,129,0,0,0,0,0,0,0
687.527466,687.280212,121,255,249,255,191,1,67,187,129,0,0,0,0,0,0,0
688.241760,687.992615,122,255,249,255,190,3,60,187,1,0,0,0,0,0,0,0
688.956055,688.703796,122,255,248,255,190,2,61,188,1,0,0,0,0,0,0,0
689.670349,689.414612,122,255,249,255,191,3,59,187,1,0,0,0,0,0,0,0
690.384644,690.125916,121,255,249,255,191,2,63,187,129,0,0,0,0,0,0,0
691.098877,690.845276,121,255,249,255,191,2,75,186,129,0,0,0,0,0,0,0
691.813171,691.555481,122,255,249,255,191,2,67,188,129,0,0,0,0,0,0,0
692.527466,692.268799,121,255,249,255,191,2,69,188,1,0,0,0,0,0,0,0
693.241760,692.978333,122,255,249,255,190,2,68,189,1,0,0,0,0,0,0,0
693.956055,693.689514,122,255,249,255,191,2,60,187,1,0,0,0,0,0,0,0
694.670349,694.402344,121,255,249,255,190,2,63,187,129,0,0,0,0,0,0,0
695.384644,695.140747,122,255,249,255,191,3,59,188,129,0,0,0,0,0,0,0
696.098877,695.851929,122,255,249,255,191,2,66,188,1,0,0,0,0,0,0,0
696.813171,696.564941,122,255,249,255,191,3,69,187,1,0,0,0,0,0,0,0
697.527466,697.276428,122,255,249,255,192,3,68,187,1,0,0,0,0,0,0,0
698.241760,697.988281,122,255,249,255,190,3,66,188,129,0,0,0,0,0,0,0
698.956055,698.701904,122,255,249,255,190,3,66,187,1,0,0,0,0,0,0,0
699.670349,699.414368,121,255,250,255,190,2,59,188,129,0,0,0,0,0,0,0
700.384644,700.125671,122,255,250,255,191,3,62,187,1,0,0,0,0,0,0,0
701.098877,700.838501,121,255,250,255,190,3,63,188,1,0,0,0,0,0,0,0
701.813171,701.550293,122,255,250,255,191,2,68,188,1,0,0,0,0,0,0,0
702.527466,702.262024,121,255,250,255,191,3,68,187,129,0,0,0,0,0,0,0
703.241760,702.973877,121,255,250,255,190,2,66,187,129,0,0,0,0,0,0,0
703.956055,703.685791,122,255,250,255,190,2,64,188,129,0,0,0,0,0,0,0
704.670349,704.398193,122,255,250,255,190,3,68,187,1,0,0,0,0,0,0,0
705.329651,705.082825,121,255,250,255,191,3,61,188,1,0,0,0,0,0,0,0
706.043945,705.796326,122,255,250,255,191,2,65,188,129,0,0,0,0,0,0,0
706.758240,706.506836,121,255,251,255,191,2,65,187,1,0,0,0,0,0,0,0
707.472534,707.221375,122,255,251,255,191,2,67,188,129,0,0,0,0,0,0,0
708.186829,707.931641,121,255,251,255,191,2,69,187,129,0,0,0,0,0,0,0
708.901123,708.645325,122,255,251,255,191,2,75,187,1,0,0,0,0,0,0,0
709.615356,709.358032,122,255,251,255,190,2,81,187,1,0,0,0,0,0,0,0
710.329651,710.070190,121,255,251,255,190,2,71,188,1,0,0,0,0,0,0,0
711.043945,710.782471,122,255,251,255,190,3,64,188,129,0,0,0,0,0,0,0
711.758240,711.492981,121,255,251,255,191,2,64,188,129,0,0,0,0,0,0,0
712.472534,712.201660,121,255,251,255,191,3,63,187,129,0,0,0,0,0,0,0
713.186829,712.914429,122,255,251,255,191,3,59,188,1,0,0,0,0,0,0,0
713.901123,713.625671,122,255,251,255,190,2,64,187,1,0,0,0,0,0,0,0
714.615356,714.364380,122,255,251,255,191,2,74,188,1,0,0,0,0,0,0,0
715.329651,715.075623,122,255,251,255,192,2,75,188,129,0,0,0,0,0,0,0
716.043945,715.787598,121,255,251,255,191,2,71,187,129,0,0,0,0,0,0,0
716.758240,716.498901,121,255,251,255,192,2,63,187,129,0,0,0,0,0,0,0
717.472534,717.212097,121,255,251,255,191,2,63,188,1,0,0,0,0,0,0,0
718.186829,717.923523,121,255,251,255,191,3,57,188,1,0,0,0,0,0,0,0
718.901123,718.634460,122,255,251,255,191,3,64,186,1,0,0,0,0,0,0,0
719.615356,719.345703,122,255,250,255,190,2,67,187,129,0,0,0,0,0,0,0
720.329651,720.054749,121,255,250,255,191,3,76,187,129,0,0,0,0,0,0,0
721.043945,720.766357,121,255,250,255,190,2,76,187,1,0,0,0,0,0,0,0
721.758240,721.480286,122,255,250,255,191,3,74,188,1,0,0,0,0,0,0,0
722.417603,722.164368,122,255,250,255,191,2,64,187,1,0,0,0,0,0,0,0
723.131897,722.875732,122,255,250,255,190,2,57,187,129,0,0,0,0,0,0,0
723.846130,723.589050,122,255,249,255,192,2,52,187,129,0,0,0,0,0,0,0
724.560425,724.300232,122,255,249,255,192,3,62,188,129,0,0,0,0,0,0,0
725.274719,725.012085,121,255,249,255,191,3,64,187,1,0,0,0,0,0,0,0
725.989014,725.727051,122,255,249,255,191,2,72,187,1,0,0,0,0,0,0,0
726.703308,726.438843,121,255,249,255,190,3,73,187,1,0,0,0,0,0,0,0
727.417603,727.150574,121,255,249,255,190,3,66,187,129,0,0,0,0,0,0,0
728.131897,727.861084,122,255,249,255,191,2,61,188,129,0,0,0,0,0,0,0
