0.000000,0.000000,121,255,251,255,191,3,76,186,129,0,0,0,0,0,0,0
0.714286,0.712219,120,255,251,255,192,2,67,185,1,0,0,0,0,0,0,0
1.428571,1.423628,121,255,251,255,191,3,64,188,1,0,0,0,0,0,0,0
2.087912,2.106902,121,255,251,255,191,2,68,186,1,0,0,0,0,0,0,0
2.802198,2.817979,122,255,252,255,192,2,63,187,129,0,0,0,0,0,0,0
3.516484,3.530407,121,255,252,255,191,2,69,186,129,0,0,0,0,0,0,0
4.230769,4.242261,122,255,252,255,191,3,70,187,129,0,0,0,0,0,0,0
4.945055,4.955676,122,255,252,255,192,3,68,186,1,0,0,0,0,0,0,0
5.659341,5.666701,121,255,252,255,191,3,75,186,1,0,0,0,0,0,0,0
6.373626,6.377668,121,255,252,255,191,2,73,187,1,0,0,0,0,0,0,0
7.087912,7.089314,121,255,252,255,191,3,71,186,1,0,0,0,0,0,0,0
7.802198,7.800025,121,255,252,255,192,2,68,187,129,0,0,0,0,0,0,0
8.516483,8.511621,121,255,252,255,192,2,74,185,129,0,0,0,0,0,0,0
9.230769,9.223603,121,255,251,255,191,3,74,186,1,0,0,0,0,0,0,0
9.945055,9.961807,121,255,251,255,192,2,76,185,1,0,0,0,0,0,0,0
10.659341,10.671845,121,255,251,255,191,2,75,186,1,0,0,0,0,0,0,0
11.373627,11.384749,121,255,251,255,191,2,67,186,129,0,0,0,0,0,0,0
12.087913,12.095036,121,255,250,255,192,2,68,185,129,0,0,0,0,0,0,0
12.802197,12.807452,121,255,250,255,192,2,66,186,1,0,0,0,0,0,0,0
13.516483,13.519260,120,255,249,255,191,2,64,186,1,0,0,0,0,0,0,0
14.230769,14.231895,122,255,249,255,191,3,61,186,1,0,0,0,0,0,0,0
14.945055,14.942974,120,255,248,255,191,3,62,186,1,0,0,0,0,0,0,0
15.659341,15.654670,121,255,248,255,192,2,66,186,129,0,0,0,0,0,0,0
16.373627,16.365438,121,255,247,255,192,2,59,185,129,0,0,0,0,0,0,0
17.087912,17.078587,121,255,247,255,191,3,58,186,1,0,0,0,0,0,0,0
17.747253,17.760948,120,255,246,255,191,2,58,187,1,0,0,0,0,0,0,0
18.461538,18.471403,121,255,245,255,192,2,59,187,1,0,0,0,0,0,0,0
19.175825,19.180864,121,255,244,255,192,3,52,185,1,0,0,0,0,0,0,0
19.890110,19.896929,121,255,243,255,191,3,47,186,129,0,0,0,0,0,0,0
20.604395,20.611073,121,255,243,255,192,3,44,186,129,0,0,0,0,0,0,0
21.318682,21.323299,121,255,242,255,192,3,44,187,1,0,0,0,0,0,0,0
22.032967,22.034681,120,255,242,255,192,2,47,186,129,0,0,0,0,0,0,0
22.747253,22.747553,121,255,241,255,191,2,45,187,1,0,0,0,0,0,0,0
23.461538,23.460165,121,255,241,255,191,2,45,186,129,0,0,0,0,0,0,0
24.175825,24.172686,121,255,240,255,192,2,46,186,129,0,0,0,0,0,0,0
24.890110,24.884443,121,255,240,255,192,3,43,186,129,0,0,0,0,0,0,0
25.604395,25.597595,121,255,239,255,191,2,47,186,1,0,0,0,0,0,0,0
26.318682,26.308004,121,255,239,255,192,2,41,187,1,0,0,0,0,0,0,0
27.032967,27.020283,122,255,239,255,192,2,43,187,1,0,0,0,0,0,0,0
27.747253,27.733276,121,255,238,255,192,2,48,186,129,0,0,0,0,0,0,0
28.461538,28.469978,121,255,237,255,191,3,45,187,129,0,0,0,0,0,0,0
29.175825,29.180634,121,255,237,255,191,2,45,186,129,0,0,0,0,0,0,0
29.890110,29.893484,121,255,237,255,192,2,40,186,1,0,0,0,0,0,0,0
30.604395,30.604973,121,255,237,255,191,2,45,187,1,0,0,0,0,0,0,0
31.318682,31.316519,121,255,236,255,191,3,34,187,1,0,0,0,0,0,0,0
32.032967,32.027641,121,255,236,255,192,2,32,186,129,0,0,0,0,0,0,0
32.747253,32.738308,122,255,236,255,191,2,38,188,129,0,0,0,0,0,0,0
33.461540,33.447983,122,255,236,255,192,2,23,188,1,0,0,0,0,0,0,0
34.175823,34.162170,121,255,236,255,192,2,28,187,1,0,0,0,0,0,0,0
34.890110,34.872738,121,255,236,255,192,2,28,186,1,0,0,0,0,0,0,0
35.549450,35.557896,122,255,236,255,191,3,31,186,1,0,0,0,0,0,0,0
36.263737,36.269123,122,255,236,255,191,2,33,188,129,0,0,0,0,0,0,0
36.978024,36.980618,122,255,236,255,191,3,41,187,129,0,0,0,0,0,0,0
37.692307,37.692940,121,255,236,255,192,2,39,187,129,0,0,0,0,0,0,0
38.406593,38.406029,121,255,236,255,192,3,50,187,1,0,0,0,0,0,0,0
39.120880,39.117092,122,255,236,255,191,2,46,187,1,0,0,0,0,0,0,0
39.835163,39.828869,121,255,236,255,192,3,46,187,129,0,0,0,0,0,0,0
40.549450,40.539845,121,255,236,255,191,1,51,187,129,0,0,0,0,0,0,0
41.263737,41.249355,121,255,236,255,193,2,50,187,129,0,0,0,0,0,0,0
41.978024,41.962822,122,255,236,255,191,2,59,187,1,0,0,0,0,0,0,0
42.692307,42.674572,121,255,236,255,192,2,62,187,1,0,0,0,0,0,0,0
43.406593,43.412487,121,255,236,255,191,2,59,187,1,0,0,0,0,0,0,0
44.120880,44.126835,121,255,236,255,190,3,56,186,1,0,0,0,0,0,0,0
44.835163,44.838741,121,255,235,255,191,2,46,186,129,0,0,0,0,0,0,0
45.549450,45.551537,122,255,235,255,192,2,49,187,129,0,0,0,0,0,0,0
46.263737,46.264687,121,255,235,255,192,2,52,187,1,0,0,0,0,0,0,0
46.978024,46.975430,122,255,235,255,191,2,59,187,1,0,0,0,0,0,0,0
47.692307,47.686634,122,255,235,255,191,2,63,187,129,0,0,0,0,0,0,0
48.406593,48.398590,121,255,235,255,191,2,54,187,1,0,0,0,0,0,0,0
49.120880,49.110596,121,255,235,255,191,3,56,186,129,0,0,0,0,0,0,0
49.835163,49.823128,121,255,235,255,191,3,52,187,129,0,0,0,0,0,0,0
50.549450,50.534050,121,255,235,255,192,2,50,187,1,0,0,0,0,0,0,0
51.263737,51.244446,122,255,235,255,191,3,50,187,1,0,0,0,0,0,0,0
51.978024,51.957760,121,255,235,255,191,3,52,188,1,0,0,0,0,0,0,0
52.692307,52.671116,122,255,235,255,192,2,51,187,129,0,0,0,0,0,0,0
53.351650,53.353539,121,255,235,255,192,2,51,187,129,0,0,0,0,0,0,0
54.065933,54.067314,122,255,235,255,191,2,65,188,1,0,0,0,0,0,0,0
54.780220,54.778915,121,255,235,255,192,2,58,187,1,0,0,0,0,0,0,0
55.494507,55.489525,122,255,235,255,191,3,62,186,1,0,0,0,0,0,0,0
56.208790,56.202358,121,255,235,255,192,3,63,186,129,0,0,0,0,0,0,0
56.923077,56.913227,120,255,236,255,191,2,59,188,129,0,0,0,0,0,0,0
57.637363,57.625252,122,255,236,255,191,3,62,187,129,0,0,0,0,0,0,0
58.351650,58.335537,121,255,236,255,191,2,65,187,1,0,0,0,0,0,0,0
59.065933,59.045101,121,255,236,255,191,2,67,187,129,0,0,0,0,0,0,0
59.780220,59.756542,122,255,236,255,192,2,63,187,1,0,0,0,0,0,0,0
60.494507,60.470886,121,255,236,255,192,2,66,186,129,0,0,0,0,0,0,0
61.208790,61.181870,121,255,237,255,191,2,56,186,129,0,0,0,0,0,0,0
61.923077,61.919048,120,255,236,255,192,2,60,185,129,0,0,0,0,0,0,0
62.637363,62.632359,121,255,237,255,191,2,62,185,1,0,0,0,0,0,0,0
63.351650,63.344475,122,255,237,255,191,2,69,188,1,0,0,0,0,0,0,0
64.065933,64.056534,121,255,237,255,192,2,72,185,1,0,0,0,0,0,0,0
64.780220,64.768188,121,255,237,255,191,3,69,185,129,0,0,0,0,0,0,0
65.494507,65.480354,120,255,237,255,192,2,63,185,129,0,0,0,0,0,0,0
66.208794,66.188721,121,255,237,255,191,3,60,186,129,0,0,0,0,0,0,0
66.923080,66.901825,121,255,237,255,191,3,63,187,1,0,0,0,0,0,0,0
67.637360,67.611549,121,255,237,255,192,3,55,186,1,0,0,0,0,0,0,0
68.351646,68.323975,121,255,238,255,191,2,63,187,1,0,0,0,0,0,0,0
69.065933,69.036415,121,255,238,255,192,2,72,187,129,0,0,0,0,0,0,0
69.725273,69.718399,122,255,237,255,191,3,67,187,129,0,0,0,0,0,0,0
70.439560,70.429527,121,255,238,255,191,2,67,187,129,0,0,0,0,0,0,0
71.153847,71.141647,121,255,238,255,191,3,61,187,1,0,0,0,0,0,0,0
71.868134,71.854279,122,255,238,255,192,2,62,187,1,0,0,0,0,0,0,0
72.582420,72.563957,121,255,238,255,191,2,51,187,129,0,0,0,0,0,0,0
73.296700,73.277588,121,255,238,255,192,2,58,186,129,0,0,0,0,0,0,0
74.010986,73.990257,121,255,238,255,191,2,68,187,129,0,0,0,0,0,0,0
74.725273,74.703156,121,255,238,255,192,2,69,186,129,0,0,0,0,0,0,0
75.439560,75.413818,121,255,238,255,192,2,65,186,1,0,0,0,0,0,0,0
76.153847,76.125092,120,255,238,255,192,2,65,186,1,0,0,0,0,0,0,0
76.868134,76.838669,120,255,238,255,192,2,50,186,1,0,0,0,0,0,0,0
77.582420,77.549644,121,255,238,255,192,3,47,186,129,0,0,0,0,0,0,0
78.296700,78.288750,122,255,238,255,192,3,45,187,129,0,0,0,0,0,0,0
79.010986,79.000343,121,255,238,255,192,2,53,187,129,0,0,0,0,0,0,0
79.725273,79.712875,120,255,238,255,191,2,65,185,1,0,0,0,0,0,0,0
80.439560,80.430962,121,255,238,255,190,3,70,186,1,0,0,0,0,0,0,0
81.153847,81.142204,120,255,238,255,191,2,65,186,1,0,0,0,0,0,0,0
81.868134,81.853790,121,255,238,255,191,2,56,186,129,0,0,0,0,0,0,0
82.582420,82.565437,122,255,237,255,192,2,49,187,129,0,0,0,0,0,0,0
83.296700,83.277321,121,255,237,255,191,2,42,187,129,0,0,0,0,0,0,0
84.010986,83.989525,121,255,237,255,191,3,52,187,1,0,0,0,0,0,0,0
84.725273,84.699814,120,255,237,255,192,2,47,186,1,0,0,0,0,0,0,0
85.439560,85.410881,120,255,237,255,191,3,58,187,1,0,0,0,0,0,0,0
86.153847,86.121384,120,255,237,255,192,3,63,185,129,0,0,0,0,0,0,0
86.868134,86.832672,120,255,236,255,191,3,54,185,129,0,0,0,0,0,0,0
87.527473,87.517380,121,255,236,255,191,3,58,187,1,0,0,0,0,0,0,0
88.241760,88.229797,121,255,236,255,191,3,53,186,1,0,0,0,0,0,0,0
88.956047,88.941086,120,255,236,255,192,1,48,185,1,0,0,0,0,0,0,0
89.670326,89.652519,121,255,235,255,192,2,51,185,129,0,0,0,0,0,0,0
90.384613,90.362869,120,255,235,255,191,2,56,185,129,0,0,0,0,0,0,0
91.098900,91.076180,121,255,235,255,192,2,46,186,129,0,0,0,0,0,0,0
91.813187,91.787773,121,255,235,255,191,2,43,186,129,0,0,0,0,0,0,0
92.527473,92.501289,121,255,234,255,192,2,42,186,1,0,0,0,0,0,0,0
93.241760,93.211800,121,255,234,255,192,2,39,186,1,0,0,0,0,0,0,0
93.956047,93.925102,121,255,234,255,192,2,34,186,1,0,0,0,0,0,0,0
94.670326,94.638725,121,255,233,255,192,3,34,187,129,0,0,0,0,0,0,0
95.384613,95.350021,121,255,233,255,192,3,38,187,129,0,0,0,0,0,0,0
96.098900,96.062645,121,255,233,255,192,2,35,186,1,0,0,0,0,0,0,0
96.813187,96.774399,122,255,233,255,192,2,42,186,1,0,0,0,0,0,0,0
97.527473,97.514130,121,255,233,255,192,3,34,187,1,0,0,0,0,0,0,0
98.241760,98.226089,121,255,233,255,192,3,34,186,129,0,0,0,0,0,0,0
98.956047,98.935921,121,255,233,255,191,3,31,187,129,0,0,0,0,0,0,0
99.670326,99.646317,121,255,233,255,191,2,31,186,129,0,0,0,0,0,0,0
100.384613,100.357582,121,255,233,255,191,2,32,187,1,0,0,0,0,0,0,0
101.098900,101.067635,122,255,233,255,191,2,40,188,1,0,0,0,0,0,0,0
101.813187,101.780067,121,255,233,255,191,2,41,187,129,0,0,0,0,0,0,0
102.527473,102.491707,122,255,234,255,192,3,45,188,129,0,0,0,0,0,0,0
103.241760,103.202576,121,255,234,255,192,2,46,186,129,0,0,0,0,0,0,0
103.956047,103.915421,121,255,234,255,192,2,41,188,129,0,0,0,0,0,0,0
104.670326,104.628601,122,255,234,255,191,2,46,187,1,0,0,0,0,0,0,0
105.329674,105.312958,121,255,235,255,192,3,57,186,1,0,0,0,0,0,0,0
106.043953,106.023628,121,255,235,255,192,3,49,187,1,0,0,0,0,0,0,0
106.758240,106.735634,122,255,235,255,191,3,58,188,129,0,0,0,0,0,0,0
107.472527,107.447075,122,255,235,255,191,2,58,187,129,0,0,0,0,0,0,0
108.186813,108.160797,121,255,235,255,191,2,64,186,129,0,0,0,0,0,0,0
108.901100,108.872139,122,255,236,255,191,2,58,186,1,0,0,0,0,0,0,0
109.615387,109.582687,121,255,235,255,191,2,61,187,1,0,0,0,0,0,0,0
110.329674,110.294601,122,255,235,255,192,2,59,188,129,0,0,0,0,0,0,0
111.043953,111.004532,121,255,236,255,191,2,54,186,129,0,0,0,0,0,0,0
111.758240,111.716957,122,255,236,255,192,3,59,187,129,0,0,0,0,0,0,0
112.472527,112.429230,121,255,235,255,192,2,51,186,1,0,0,0,0,0,0,0
113.186813,113.167923,121,255,236,255,191,3,53,187,1,0,0,0,0,0,0,0
113.901100,113.877594,122,255,236,255,191,2,57,187,1,0,0,0,0,0,0,0
114.615387,114.587883,121,255,236,255,191,2,54,187,129,0,0,0,0,0,0,0
115.329674,115.299538,121,255,236,255,191,3,55,187,129,0,0,0,0,0,0,0
116.043953,116.010452,120,255,237,255,191,2,59,187,1,0,0,0,0,0,0,0
116.758240,116.722466,122,255,237,255,191,2,62,188,1,0,0,0,0,0,0,0
117.472527,117.432961,121,255,238,255,191,2,60,186,1,0,0,0,0,0,0,0
118.186813,118.144249,121,255,238,255,191,2,61,187,129,0,0,0,0,0,0,0
118.901100,118.856781,121,255,239,255,190,2,56,187,129,0,0,0,0,0,0,0
119.615387,119.568176,122,255,240,255,191,2,63,188,129,0,0,0,0,0,0,0
120.274727,120.249283,121,255,240,255,191,3,54,187,1,0,0,0,0,0,0,0
120.989014,120.962440,121,255,241,255,191,2,58,187,1,0,0,0,0,0,0,0
121.703300,121.673828,121,255,241,255,192,2,64,187,1,0,0,0,0,0,0,0
122.417580,122.385628,121,255,242,255,192,2,66,186,1,0,0,0,0,0,0,0
123.131866,123.098465,120,255,242,255,191,2,70,187,129,0,0,0,0,0,0,0
123.846153,123.809227,121,255,243,255,192,3,68,186,129,0,0,0,0,0,0,0
124.560440,124.525337,122,255,244,255,191,3,69,186,1,0,0,0,0,0,0,0
125.274727,125.236168,121,255,244,255,192,3,67,187,1,0,0,0,0,0,0,0
125.989014,125.948128,122,255,245,255,192,2,66,187,1,0,0,0,0,0,0,0
126.703300,126.658943,121,255,245,255,191,2,74,186,129,0,0,0,0,0,0,0
127.417580,127.371002,121,255,246,255,192,2,75,187,129,0,0,0,0,0,0,0
128.131866,128.082138,120,255,246,255,191,3,95,185,129,0,0,0,0,0,0,0
128.846161,128.798416,121,255,247,255,191,2,87,186,6,0,0,0,0,0,0,0
129.560440,129.513321,122,255,247,255,191,2,76,187,0,0,0,0,0,0,0,0
130.274719,130.224823,120,255,247,255,124,2,84,186,0,0,0,0,0,0,0,0
130.989014,130.937561,121,255,246,255,23,2,117,185,128,0,0,0,0,0,0,0
131.703293,131.676254,121,255,246,255,22,3,102,186,128,0,0,0,0,0,0,0
132.417587,132.387222,121,255,245,255,22,2,62,186,128,0,0,0,0,0,0,0
133.131866,133.101563,121,255,245,255,23,2,43,188,0,0,0,0,0,0,0,0
133.846161,133.812378,121,255,243,255,22,3,24,187,0,0,0,0,0,0,0,0
134.560440,134.524445,121,255,243,255,23,2,23,186,0,0,0,0,0,0,0,0
135.274719,135.236984,121,255,242,255,22,2,23,186,128,0,0,0,0,0,0,0
135.989014,135.947952,121,255,242,255,22,3,32,187,128,0,0,0,0,0,0,0
136.703293,136.658295,121,255,242,255,22,2,42,187,128,0,0,0,0,0,0,0
137.417587,137.370422,121,255,243,255,24,2,59,187,0,0,0,0,0,0,0,0
138.131866,138.082016,121,255,243,255,23,3,70,187,0,0,0,0,0,0,0,0
138.846161,138.794022,121,255,243,255,23,2,73,186,128,0,0,0,0,0,0,0
139.560440,139.507126,121,255,244,255,24,2,74,187,128,0,0,0,0,0,0,0
140.274719,140.224960,122,255,244,255,23,3,67,186,128,0,0,0,0,0,0,0
140.989014,140.938309,122,255,245,255,24,2,67,187,0,0,0,0,0,0,0,0
141.703293,141.649521,121,255,244,255,23,3,65,187,0,0,0,0,0,0,0,0
142.417587,142.363174,121,255,245,255,22,3,74,187,0,0,0,0,0,0,0,0
143.131866,143.077469,121,255,245,255,24,2,74,186,128,0,0,0,0,0,0,0
143.791214,143.760880,121,255,245,255,23,3,75,187,128,0,0,0,0,0,0,0
144.505493,144.474503,122,255,245,255,23,2,73,186,128,0,0,0,0,0,0,0
145.219788,145.186981,121,255,245,255,23,2,74,187,0,0,0,0,0,0,0,0
145.934067,145.897644,121,255,245,255,23,2,71,187,0,0,0,0,0,0,0,0
146.648346,146.610168,122,255,245,255,22,2,65,187,0,0,0,0,0,0,0,0
147.362640,147.323166,122,255,244,255,23,3,71,187,128,0,0,0,0,0,0,0
148.076920,148.035950,121,255,244,255,22,2,76,187,128,0,0,0,0,0,0,0
148.791214,148.746094,121,255,244,255,23,3,68,187,0,0,0,0,0,0,0,0
149.505493,149.459045,121,255,244,255,22,2,73,187,0,0,0,0,0,0,0,0
150.219788,150.168564,121,255,243,255,23,3,66,187,0,0,0,0,0,0,0,0
150.934067,150.878845,121,255,243,255,23,2,67,187,128,0,0,0,0,0,0,0
151.648346,151.589722,122,255,243,255,23,2,66,187,128,0,0,0,0,0,0,0
152.362640,152.328140,121,255,242,255,23,3,73,187,128,0,0,0,0,0,0,0
153.076920,153.037918,122,255,241,255,23,2,74,187,0,0,0,0,0,0,0,0
153.791214,153.750198,121,255,241,255,23,2,80,187,0,0,0,0,0,0,0,0
154.505493,154.463455,122,255,240,255,22,3,68,187,0,0,0,0,0,0,0,0
155.219788,155.176392,121,255,240,255,23,3,73,187,128,0,0,0,0,0,0,0
155.934067,155.886169,122,255,239,255,22,3,75,187,128,0,0,0,0,0,0,0
156.648346,156.598648,122,255,239,255,22,2,71,187,128,0,0,0,0,0,0,0
157.362640,157.309311,122,255,238,255,22,2,63,187,128,0,0,0,0,0,0,0
158.076920,158.023621,122,255,238,255,22,3,73,187,0,0,0,0,0,0,0,0
158.791214,158.734482,121,255,237,255,22,2,63,187,0,0,0,0,0,0,0,0
159.505493,159.446228,122,255,236,255,23,2,69,188,128,0,0,0,0,0,0,0
160.219788,160.158356,122,255,236,255,23,2,56,187,128,0,0,0,0,0,0,0
160.879120,160.840820,122,255,234,255,22,2,56,187,128,0,0,0,0,0,0,0
161.593399,161.551224,122,255,234,255,23,3,75,187,0,0,0,0,0,0,0,0
162.307693,162.262909,122,255,233,255,23,2,68,187,0,0,0,0,0,0,0,0
163.021973,162.974457,121,255,232,255,24,3,60,187,0,0,0,0,0,0,0,0
163.736267,163.687500,122,255,232,255,23,3,59,187,128,0,0,0,0,0,0,0
164.450546,164.399567,121,255,231,255,21,3,64,187,128,0,0,0,0,0,0,0
165.164841,165.111847,122,255,230,255,23,2,72,187,128,0,0,0,0,0,0,0
165.879120,165.822708,121,255,230,255,24,2,64,187,0,0,0,0,0,0,0,0
166.593399,166.533890,122,255,229,255,22,2,63,187,0,0,0,0,0,0,0,0
167.307693,167.244949,122,255,229,255,23,3,63,187,0,0,0,0,0,0,0,0
168.021973,167.982666,122,255,228,255,22,3,76,188,128,0,0,0,0,0,0,0
168.736267,168.691559,122,255,227,255,22,2,78,188,128,0,0,0,0,0,0,0
169.450546,169.403473,122,255,226,255,23,2,68,187,128,0,0,0,0,0,0,0
170.164841,170.115326,122,255,225,255,23,3,74,188,0,0,0,0,0,0,0,0
170.879120,170.828476,122,255,224,255,24,3,64,188,0,0,0,0,0,0,0,0
171.593399,171.539551,122,255,223,255,23,2,71,188,0,0,0,0,0,0,0,0
172.307693,172.251663,122,255,223,255,23,3,72,187,128,0,0,0,0,0,0,0
173.021973,172.963669,122,255,222,255,24,3,63,188,128,0,0,0,0,0,0,0
173.736267,173.673615,122,255,221,255,23,3,69,187,128,0,0,0,0,0,0,0
174.450546,174.386963,122,255,220,255,22,2,75,187,0,0,0,0,0,0,0,0
175.164841,175.098053,121,255,219,255,24,3,74,187,0,0,0,0,0,0,0,0
175.824173,175.780975,122,255,218,255,22,2,72,188,128,0,0,0,0,0,0,0
176.538467,176.493668,122,255,217,255,23,3,64,187,128,0,0,0,0,0,0,0
177.252747,177.204910,122,255,217,255,23,2,71,187,128,0,0,0,0,0,0,0
177.967026,177.916245,122,255,215,255,24,3,73,187,0,0,0,0,0,0,0,0
178.681320,178.627777,122,255,215,255,23,2,65,187,0,0,0,0,0,0,0,0
179.395599,179.341339,122,255,214,255,22,2,64,188,0,0,0,0,0,0,0,0
180.109894,180.053253,122,255,213,255,23,2,71,187,128,0,0,0,0,0,0,0
180.824173,180.764999,122,255,212,255,22,2,73,187,128,0,0,0,0,0,0,0
181.538467,181.478577,122,255,211,255,22,3,64,187,128,0,0,0,0,0,0,0
182.252747,182.190018,122,255,210,255,23,2,64,187,0,0,0,0,0,0,0,0
182.967026,182.903320,122,255,209,255,24,2,56,187,0,0,0,0,0,0,0,0
183.681320,183.615494,122,255,208,255,23,3,64,188,0,0,0,0,0,0,0,0
184.395599,184.328598,122,255,207,255,23,3,74,187,128,0,0,0,0,0,0,0
185.109894,185.041122,121,255,206,255,23,2,64,188,128,0,0,0,0,0,0,0
185.824173,185.753922,121,255,205,255,23,2,67,187,128,0,0,0,0,0,0,0
186.538467,186.468048,122,255,204,255,23,3,71,188,0,0,0,0,0,0,0,0
187.252747,187.206131,122,255,203,255,23,2,63,188,0,0,0,0,0,0,0,0
187.967026,187.917465,122,255,202,255,23,2,63,188,0,0,0,0,0,0,0,0
188.681320,188.627441,122,255,201,255,24,3,71,188,0,0,0,0,0,0,0,0
189.395599,189.339920,122,255,201,255,23,3,59,188,128,0,0,0,0,0,0,0
190.109894,190.050812,122,255,199,255,23,3,69,187,128,0,0,0,0,0,0,0
190.824173,190.761093,122,255,198,255,22,3,78,187,0,0,0,0,0,0,0,0
191.538467,191.472839,122,255,197,255,23,3,69,187,0,0,0,0,0,0,0,0
192.252747,192.185059,122,255,196,255,24,2,66,187,0,0,0,0,0,0,0,0
192.967026,192.894836,122,255,195,255,23,2,63,188,128,0,0,0,0,0,0,0
193.681320,193.608032,122,255,194,255,23,3,73,187,128,0,0,0,0,0,0,0
194.340652,194.290924,122,255,193,255,23,2,58,187,128,0,0,0,0,0,0,0
195.054947,195.001953,122,255,192,255,23,3,67,187,0,0,0,0,0,0,0,0
195.769226,195.713226,122,255,191,255,23,3,51,187,0,0,0,0,0,0,0,0
196.483521,196.425400,122,255,190,255,25,3,47,187,0,0,0,0,0,0,0,0
197.197800,197.137451,122,255,189,255,23,2,71,188,128,0,0,0,0,0,0,0
197.912094,197.851807,121,255,188,255,23,2,79,187,128,0,0,0,0,0,0,0
198.626373,198.562103,121,255,187,255,22,2,62,187,128,0,0,0,0,0,0,0
199.340652,199.270737,122,255,186,255,24,2,62,187,0,0,0,0,0,0,0,0
200.054947,199.982178,122,255,185,255,23,2,67,187,0,0,0,0,0,0,0,0
200.769226,200.699478,121,255,184,255,23,2,59,187,0,0,0,0,0,0,0,0
201.483521,201.409576,122,255,183,255,24,3,58,187,128,0,0,0,0,0,0,0
202.197800,202.121902,121,255,182,255,23,2,68,185,128,0,0,0,0,0,0,0
202.912094,202.857620,121,255,181,255,23,2,69,187,128,0,0,0,0,0,0,0
203.626373,203.568390,121,255,180,255,23,3,86,187,0,0,0,0,0,0,0,0
204.340652,204.279938,121,255,179,255,23,2,76,187,0,0,0,0,0,0,0,0
205.054947,204.989716,121,255,179,255,22,2,65,187,0,0,0,0,0,0,0,0
205.769226,205.700729,121,255,177,255,23,3,62,187,128,0,0,0,0,0,0,0
206.483521,206.410461,122,255,176,255,23,3,63,187,128,0,0,0,0,0,0,0
207.197800,207.118912,122,255,175,255,22,2,62,187,128,0,0,0,0,0,0,0
207.857147,207.801361,122,255,174,255,22,2,63,187,0,0,0,0,0,0,0,0
208.571426,208.510025,122,255,173,255,23,2,59,187,0,0,0,0,0,0,0,0
209.285721,209.220490,122,255,172,255,22,2,56,187,0,0,0,0,0,0,0,0
210.000000,209.931198,122,255,171,255,23,3,64,187,128,0,0,0,0,0,0,0
210.714279,210.641586,122,255,171,255,23,2,74,187,128,0,0,0,0,0,0,0
211.428574,211.352554,122,255,169,255,22,2,71,187,128,0,0,0,0,0,0,0
212.142853,212.064880,122,255,168,255,24,2,64,187,0,0,0,0,0,0,0,0
212.857147,212.802383,122,255,167,255,23,2,58,187,0,0,0,0,0,0,0,0
213.571426,213.512527,122,255,167,255,23,3,63,188,0,0,0,0,0,0,0,0
214.285721,214.223969,122,255,166,255,24,2,50,188,128,0,0,0,0,0,0,0
215.000000,214.934937,121,255,164,255,23,2,72,187,128,0,0,0,0,0,0,0
215.714279,215.643311,122,255,163,255,23,2,75,188,128,0,0,0,0,0,0,0
216.428574,216.354477,122,255,163,255,23,3,74,187,0,0,0,0,0,0,0,0
217.142853,217.064102,122,255,162,255,22,2,71,187,0,0,0,0,0,0,0,0
217.802200,217.746002,122,255,161,255,24,2,73,188,0,0,0,0,0,0,0,0
218.516479,218.456711,122,255,160,255,24,2,71,188,128,0,0,0,0,0,0,0
219.230774,219.165863,122,255,159,255,24,3,72,187,128,0,0,0,0,0,0,0
219.945053,219.874237,122,255,158,255,24,3,68,187,128,0,0,0,0,0,0,0
220.659348,220.584732,122,255,154,255,23,2,71,187,0,0,0,0,0,0,0,0
221.373627,221.294098,122,255,148,255,24,3,73,187,0,0,0,0,0,0,0,0
222.087906,222.005371,122,255,141,255,24,3,61,188,0,0,0,0,0,0,0,0
222.802200,222.717819,122,255,133,255,23,3,63,187,128,0,0,0,0,0,0,0
223.516479,223.454941,122,255,127,255,24,2,49,188,128,0,0,0,0,0,0,0
224.230774,224.163986,122,255,121,255,22,2,57,187,128,0,0,0,0,0,0,0
224.945053,224.876358,122,255,115,255,24,3,58,188,0,0,0,0,0,0,0,0
225.659348,225.586243,123,255,110,255,23,3,64,188,0,0,0,0,0,0,0,0
226.373627,226.296066,122,255,105,255,25,2,62,187,0,0,0,0,0,0,0,0
227.087906,227.009018,122,255,100,255,24,2,71,188,128,0,0,0,0,0,0,0
227.802200,227.718430,121,255,95,255,24,2,72,188,128,0,0,0,0,0,0,0
228.461533,228.401199,121,255,91,255,24,3,59,187,128,0,0,0,0,0,0,0
229.175827,229.112747,121,255,85,255,22,3,59,187,0,0,0,0,0,0,0,0
229.890106,229.820694,122,255,81,255,23,3,64,187,0,0,0,0,0,0,0,0
230.604401,230.530014,122,255,76,255,24,2,52,188,0,0,0,0,0,0,0,0
231.318680,231.242233,122,255,72,255,23,2,68,187,128,0,0,0,0,0,0,0
232.032974,231.952988,122,255,69,255,24,3,72,187,128,0,0,0,0,0,0,0
232.747253,232.664642,122,255,64,255,25,3,61,187,0,0,0,0,0,0,0,0
233.461533,233.375549,122,255,60,255,23,3,56,188,0,0,0,0,0,0,0,0
234.175827,234.087189,122,255,55,255,23,2,48,187,0,0,0,0,0,0,0,0
234.890106,234.825165,122,255,53,255,23,3,60,187,128,0,0,0,0,0,0,0
235.604401,235.533478,122,255,51,255,23,2,55,187,128,0,0,0,0,0,0,0
236.318680,236.244873,122,255,47,255,23,2,60,188,128,0,0,0,0,0,0,0
237.032974,236.955124,122,255,45,255,24,2,64,188,0,0,0,0,0,0,0,0
237.747253,237.663956,122,255,44,255,24,2,80,188,0,0,0,0,0,0,0,0
238.461533,238.373932,122,255,42,255,24,3,71,187,0,0,0,0,0,0,0,0
239.120880,239.056778,122,255,39,255,24,3,56,187,128,0,0,0,0,0,0,0
239.835159,239.766602,122,255,36,255,24,3,63,187,128,0,0,0,0,0,0,0
240.549454,240.476105,122,255,35,255,23,2,60,188,128,0,0,0,0,0,0,0
241.263733,241.188751,122,255,34,255,24,3,62,188,0,0,0,0,0,0,0,0
241.978027,241.900238,122,255,31,254,23,2,48,188,0,0,0,0,0,0,0,0
242.692307,242.607162,122,244,29,240,24,3,52,188,0,0,0,0,0,0,0,0
243.406601,243.314590,122,235,28,229,23,3,65,187,128,0,0,0,0,0,0,0
244.120880,244.048767,121,228,27,221,23,3,71,187,128,0,0,0,0,0,0,0
244.835159,244.757401,122,219,27,214,23,3,61,188,128,0,0,0,0,0,0,0
245.549454,245.463058,122,213,28,214,25,3,69,187,0,0,0,0,0,0,0,0
246.208786,246.142563,122,205,25,205,23,3,64,187,0,0,0,0,0,0,0,0
246.923080,246.850525,121,201,25,196,23,2,70,187,0,0,0,0,0,0,0,0
247.637360,247.558731,121,195,25,194,23,3,61,187,0,0,0,0,0,0,0,0
248.351654,248.266541,121,189,24,187,23,3,63,187,128,0,0,0,0,0,0,0
249.065933,248.973679,121,182,22,180,24,2,73,188,128,0,0,0,0,0,0,0
249.780212,249.708298,122,178,21,173,23,3,61,187,0,0,0,0,0,0,0,0
250.494507,250.414230,122,169,20,170,23,2,63,187,0,0,0,0,0,0,0,0
251.208786,251.121658,122,162,19,160,25,2,64,183,0,0,0,0,0,0,0,0
251.923080,251.829559,122,158,19,157,27,2,67,188,128,0,0,0,0,0,0,0
252.582413,252.507614,121,153,18,153,48,2,56,188,128,0,0,0,0,0,0,0
253.296707,253.214157,122,150,19,149,51,3,58,187,128,0,0,0,0,0,0,0
254.010986,253.921387,122,147,18,147,56,3,46,189,0,0,0,0,0,0,0,0
254.725281,254.629868,122,149,19,152,42,3,66,187,0,0,0,0,0,0,0,0
255.439560,255.360916,121,152,20,154,35,3,73,187,0,0,0,0,0,0,0,0
256.153839,256.070648,122,155,21,160,34,2,80,188,128,0,0,0,0,0,0,0
256.868134,256.776764,121,156,20,158,40,3,63,187,128,0,0,0,0,0,0,0
257.527466,257.455536,121,154,20,160,50,3,60,187,128,0,0,0,0,0,0,0
258.241760,258.170563,121,155,20,158,31,3,76,186,0,0,0,0,0,0,0,0
258.956055,258.876862,118,149,18,153,80,2,43,188,0,0,0,0,0,0,0,0
259.670319,259.590637,121,150,21,156,40,2,69,187,0,0,0,0,0,0,0,0
260.384613,260.296844,121,153,19,153,31,2,70,187,128,0,0,0,0,0,0,0
261.098907,261.002289,121,153,19,155,58,2,64,186,128,0,0,0,0,0,0,0
261.813202,261.737457,122,153,20,153,37,3,64,187,128,0,0,0,0,0,0,0
262.527466,262.445923,122,154,19,156,42,2,74,187,0,0,0,0,0,0,0,0
263.241760,263.151703,121,151,20,147,46,3,71,186,0,0,0,0,0,0,0,0
263.956055,263.856934,122,149,18,150,69,2,58,188,0,0,0,0,0,0,0,0
264.615387,264.535156,121,149,20,150,48,3,80,186,128,0,0,0,0,0,0,0
265.329681,265.240967,122,151,20,150,54,2,77,187,128,0,0,0,0,0,0,0
266.043945,265.945648,122,149,19,152,71,2,66,187,128,0,0,0,0,0,0,0
266.758240,266.678009,121,147,19,149,64,2,64,188,0,0,0,0,0,0,0,0
267.472534,267.384766,122,145,19,148,65,2,72,187,0,0,0,0,0,0,0,0
268.186798,268.091431,123,143,17,146,86,3,59,189,0,0,0,0,0,0,0,0
268.846161,268.770813,121,142,17,141,66,2,68,187,128,0,0,0,0,0,0,0
269.560425,269.479309,122,140,17,144,95,2,64,188,128,0,0,0,0,0,0,0
270.274719,270.185913,122,143,17,143,64,2,65,187,128,0,0,0,0,0,0,0
270.989014,270.894684,119,143,18,146,65,2,75,186,0,0,0,0,0,0,0,0
271.703308,271.628296,123,144,18,147,81,3,60,190,0,0,0,0,0,0,0,0
272.417572,272.332855,121,147,19,149,58,2,86,187,0,0,0,0,0,0,0,0
273.131866,273.040405,122,144,19,140,79,2,71,182,128,0,0,0,0,0,0,0
273.846161,273.746552,122,140,18,136,101,2,50,187,128,0,0,0,0,0,0,0
274.505493,274.424011,121,141,19,145,78,2,69,187,128,0,0,0,0,0,0,0
275.219788,275.133057,122,139,17,140,88,2,63,187,0,0,0,0,0,0,0,0
275.934052,275.839142,123,138,18,141,84,2,65,189,0,0,0,0,0,0,0,0
276.648346,276.545105,122,141,19,143,62,2,80,187,0,0,0,0,0,0,0,0
277.362640,277.281586,121,141,17,143,85,2,71,187,128,0,0,0,0,0,0,0
278.076935,277.988617,114,140,18,146,92,251,72,176,128,0,0,0,0,0,0,0
278.791199,278.694641,115,141,17,144,84,252,63,177,128,0,0,0,0,0,0,0
279.505493,279.403229,122,139,18,138,88,253,51,187,0,0,0,0,0,0,0,0
280.164825,280.082184,120,133,19,137,82,253,68,186,0,0,0,0,0,0,0,0
280.879120,280.788483,121,140,18,148,70,252,80,187,0,0,0,0,0,0,0,0
281.593414,281.494690,121,143,19,145,39,252,93,187,128,0,0,0,0,0,0,0
282.307678,282.203003,122,146,18,147,76,252,47,188,128,0,0,0,0,0,0,0
283.021973,282.937622,122,146,19,146,70,253,64,188,128,0,0,0,0,0,0,0
283.736267,283.643250,122,146,18,152,62,252,63,187,128,0,0,0,0,0,0,0
284.450562,284.351715,122,148,20,149,59,252,59,188,0,0,0,0,0,0,0,0
285.164825,285.060394,122,149,19,154,43,253,67,188,0,0,0,0,0,0,0,0
285.824188,285.741577,121,151,20,155,42,253,75,186,128,0,0,0,0,0,0,0
286.538452,286.449280,121,154,21,157,43,252,74,187,128,0,0,0,0,0,0,0
287.252747,287.156616,121,154,19,156,47,252,64,188,128,0,0,0,0,0,0,0
287.967041,287.862732,120,155,21,156,35,253,68,187,128,0,0,0,0,0,0,0
288.681305,288.596436,122,156,21,154,46,252,70,188,0,0,0,0,0,0,0,0
289.395599,289.303680,122,151,18,150,63,253,60,188,0,0,0,0,0,0,0,0
290.109894,290.009430,121,148,20,150,67,252,47,187,0,0,0,0,0,0,0,0
290.824188,290.717194,122,147,19,149,57,3,68,188,128,0,0,0,0,0,0,0
291.483521,291.397430,122,144,18,147,85,253,32,188,128,0,0,0,0,0,0,0
292.197815,292.102600,121,151,18,155,23,253,91,187,128,0,0,0,0,0,0,0
292.912079,292.810791,121,153,20,156,52,2,75,187,0,0,0,0,0,0,0,0
293.626373,293.519440,122,150,20,152,73,253,60,187,0,0,0,0,0,0,0,0
294.340668,294.255188,121,146,18,146,75,3,59,188,128,0,0,0,0,0,0,0
295.054932,294.960510,121,144,18,143,75,2,59,188,128,0,0,0,0,0,0,0
295.769226,295.670837,122,145,19,144,65,252,72,187,128,0,0,0,0,0,0,0
296.483521,296.378326,121,144,19,147,71,3,70,187,0,0,0,0,0,0,0,0
297.142853,297.058197,122,144,19,147,66,3,59,187,0,0,0,0,0,0,0,0
297.857147,297.763367,122,146,18,149,72,252,67,188,0,0,0,0,0,0,0,0
298.571442,298.472565,123,144,18,144,79,3,61,188,128,0,0,0,0,0,0,0
299.285706,299.178223,122,144,18,145,83,2,48,190,128,0,0,0,0,0,0,0
300.000000,299.911957,122,143,19,147,61,3,59,187,128,0,0,0,0,0,0,0
300.714294,300.617889,121,146,19,146,61,2,63,187,128,0,0,0,0,0,0,0
301.428558,301.323822,121,147,20,148,69,3,59,187,0,0,0,0,0,0,0,0
302.142853,302.030853,121,144,18,148,87,2,50,187,0,0,0,0,0,0,0,0
302.802185,302.707642,121,150,20,154,23,2,98,186,128,0,0,0,0,0,0,0
303.516479,303.413544,122,152,20,155,60,3,65,188,128,0,0,0,0,0,0,0
304.230774,304.118927,122,147,18,148,80,2,40,188,128,0,0,0,0,0,0,0
304.945068,304.854095,124,145,19,149,62,3,56,189,128,0,0,0,0,0,0,0
305.659332,305.560486,121,145,18,146,57,2,68,187,0,0,0,0,0,0,0,0
306.373627,306.265320,120,149,19,145,54,2,64,185,0,0,0,0,0,0,0,0
307.032959,306.943329,121,149,20,150,50,2,68,187,0,0,0,0,0,0,0,0
307.747253,307.649292,122,149,20,151,61,3,59,188,128,0,0,0,0,0,0,0
308.461548,308.354401,121,149,20,150,54,3,71,188,128,0,0,0,0,0,0,0
309.175812,309.087158,121,148,18,147,54,2,73,187,128,0,0,0,0,0,0,0
309.890106,309.793304,122,148,19,149,57,3,63,187,0,0,0,0,0,0,0,0
310.604401,310.501526,122,148,19,151,59,2,58,187,0,0,0,0,0,0,0,0
311.318695,311.205627,121,149,20,153,48,3,67,187,0,0,0,0,0,0,0,0
311.978027,311.884857,122,152,19,157,31,2,65,187,128,0,0,0,0,0,0,0
312.692322,312.594513,122,147,19,156,29,3,71,187,128,0,0,0,0,0,0,0
313.406586,313.302399,121,160,20,162,24,2,70,187,128,0,0,0,0,0,0,0
314.120880,314.009094,121,168,22,174,22,2,48,187,0,0,0,0,0,0,0,0
314.835175,314.719238,122,179,23,189,23,2,55,187,0,0,0,0,0,0,0,0
315.549438,315.452515,122,196,26,207,22,2,49,187,0,0,0,0,0,0,0,0
316.263733,316.161407,121,214,29,227,23,2,40,188,128,0,0,0,0,0,0,0
316.978027,316.874054,119,237,33,255,27,2,39,186,129,0,0,0,0,0,0,0
317.692322,317.583923,123,246,37,255,191,3,0,189,129,0,0,0,0,0,0,0
318.406586,318.294891,123,255,49,255,191,2,2,189,1,0,0,0,0,0,0,0
319.120880,319.006531,122,255,63,255,191,2,21,188,1,0,0,0,0,0,0,0
319.835175,319.723145,121,255,77,255,190,2,47,188,129,0,0,0,0,0,0,0
320.549438,320.436646,122,255,94,255,190,2,84,187,129,0,0,0,0,0,0,0
321.263733,321.148285,121,255,111,255,190,3,118,187,129,0,0,0,0,0,0,0
321.978027,321.860413,121,255,123,255,191,2,116,187,1,0,0,0,0,0,0,0
322.692322,322.573364,121,255,132,255,190,3,118,187,1,0,0,0,0,0,0,0
323.351654,323.253998,121,255,139,255,190,2,95,187,1,0,0,0,0,0,0,0
324.065948,323.962646,122,255,144,255,190,2,44,188,129,0,0,0,0,0,0,0
324.780212,324.675751,122,255,150,255,191,2,6,188,129,0,0,0,0,0,0,0
325.494507,325.386139,122,255,157,255,191,3,20,188,129,0,0,0,0,0,0,0
326.208801,326.099243,121,255,159,255,191,2,54,187,1,0,0,0,0,0,0,0
326.923065,326.812408,121,255,161,255,190,2,81,187,1,0,0,0,0,0,0,0
327.637360,327.521179,121,255,162,255,191,2,91,187,1,0,0,0,0,0,0,0
328.351654,328.231750,122,255,163,255,190,2,66,187,129,0,0,0,0,0,0,0
329.065948,328.969604,121,255,165,255,191,2,49,188,129,0,0,0,0,0,0,0
329.780212,329.679321,122,255,166,255,189,2,36,188,129,0,0,0,0,0,0,0
330.494507,330.389313,122,255,168,255,192,2,54,187,1,0,0,0,0,0,0,0
331.208801,331.100616,122,255,169,255,190,3,59,188,1,0,0,0,0,0,0,0
331.923065,331.808014,121,255,171,255,191,2,80,187,1,0,0,0,0,0,0,0
332.637360,332.518463,121,255,173,255,190,2,80,187,129,0,0,0,0,0,0,0
333.351654,333.229279,122,255,174,255,190,3,69,188,129,0,0,0,0,0,0,0
334.010986,333.911499,122,255,176,255,191,3,57,187,129,0,0,0,0,0,0,0
334.725281,334.620605,122,255,177,255,190,2,32,188,129,0,0,0,0,0,0,0
335.439575,335.333435,121,255,180,255,190,3,35,187,1,0,0,0,0,0,0,0
336.153839,336.042450,122,255,181,255,190,2,52,187,1,0,0,0,0,0,0,0
336.868134,336.749664,121,255,183,255,190,3,71,187,1,0,0,0,0,0,0,0
337.582428,337.460693,121,255,185,255,190,2,88,186,129,0,0,0,0,0,0,0
338.296692,338.170654,121,255,186,255,191,2,101,186,129,0,0,0,0,0,0,0
339.010986,338.910095,121,255,188,255,191,2,86,187,129,0,0,0,0,0,0,0
339.725281,339.619415,122,255,189,255,191,2,71,187,1,0,0,0,0,0,0,0
340.439575,340.331665,122,255,190,255,191,2,49,187,1,0,0,0,0,0,0,0
341.153839,341.042023,121,255,192,255,191,2,54,187,1,0,0,0,0,0,0,0
341.868134,341.753815,121,255,193,255,191,2,66,187,1,0,0,0,0,0,0,0
342.582428,342.466156,121,255,195,255,191,3,77,186,129,0,0,0,0,0,0,0
343.296692,343.176788,121,255,196,255,190,3,79,187,129,0,0,0,0,0,0,0
344.010986,343.888977,121,255,197,255,191,2,88,187,129,0,0,0,0,0,0,0
344.725281,344.601135,121,255,198,255,191,1,64,187,1,0,0,0,0,0,0,0
345.439575,345.313507,121,255,199,255,191,3,52,186,1,0,0,0,0,0,0,0
346.153839,346.025513,121,255,201,255,191,3,47,187,1,0,0,0,0,0,0,0
346.813202,346.709076,121,255,202,255,191,2,55,186,129,0,0,0,0,0,0,0
347.527466,347.418488,122,255,204,255,192,2,62,188,129,0,0,0,0,0,0,0
348.241760,348.128571,121,255,205,255,191,3,75,187,129,0,0,0,0,0,0,0
348.956055,348.839294,120,255,206,255,191,3,86,186,1,0,0,0,0,0,0,0
349.670319,349.549011,122,255,208,255,191,3,78,187,1,0,0,0,0,0,0,0
350.384613,350.260254,121,255,209,255,191,2,68,186,1,0,0,0,0,0,0,0
351.098907,350.972198,122,255,210,255,192,3,61,187,129,0,0,0,0,0,0,0
351.813202,351.685516,121,255,211,255,192,3,54,187,129,0,0,0,0,0,0,0
352.527466,352.397278,121,255,212,255,190,2,60,186,129,0,0,0,0,0,0,0
353.241760,353.135010,121,255,214,255,191,3,69,187,1,0,0,0,0,0,0,0
353.956055,353.846039,121,255,215,255,191,2,80,186,1,0,0,0,0,0,0,0
354.670319,354.555969,120,255,216,255,191,3,83,185,1,0,0,0,0,0,0,0
355.384613,355.268555,121,255,217,255,191,3,66,186,129,0,0,0,0,0,0,0
356.098907,355.981262,121,255,218,255,191,3,59,185,129,0,0,0,0,0,0,0
356.813202,356.691742,121,255,219,255,191,3,59,187,129,0,0,0,0,0,0,0
357.527466,357.400848,121,255,220,255,192,2,68,186,1,0,0,0,0,0,0,0
358.241760,358.114685,121,255,221,255,191,2,75,185,1,0,0,0,0,0,0,0
358.956055,358.824982,120,255,222,255,191,2,86,185,1,0,0,0,0,0,0,0
359.670319,359.537750,120,255,223,255,191,3,88,185,129,0,0,0,0,0,0,0
360.329681,360.221497,120,255,224,255,191,2,88,185,129,0,0,0,0,0,0,0
361.043945,360.933868,120,255,224,255,191,2,84,185,129,0,0,0,0,0,0,0
361.758240,361.645294,121,255,225,255,191,2,66,187,1,0,0,0,0,0,0,0
362.472534,362.358643,121,255,225,255,192,2,60,187,1,0,0,0,0,0,0,0
363.186798,363.070770,121,255,226,255,191,3,47,188,1,0,0,0,0,0,0,0
363.901093,363.782684,120,255,226,255,191,2,48,187,129,0,0,0,0,0,0,0
364.615387,364.496185,121,255,227,255,191,3,55,187,129,0,0,0,0,0,0,0
365.329681,365.210297,121,255,228,255,191,2,69,186,129,0,0,0,0,0,0,0
366.043945,365.922882,121,255,228,255,191,3,85,186,1,0,0,0,0,0,0,0
366.758240,366.634003,120,255,229,255,191,2,79,185,1,0,0,0,0,0,0,0
367.472534,367.346741,121,255,229,255,191,2,59,185,1,0,0,0,0,0,0,0
368.186798,368.057800,121,255,230,255,190,2,57,187,129,0,0,0,0,0,0,0
368.901093,368.771790,120,255,230,255,191,3,55,185,129,0,0,0,0,0,0,0
369.615387,369.482666,118,255,230,255,192,2,67,180,129,0,0,0,0,0,0,0
370.329681,370.194977,115,255,231,255,192,2,78,177,129,0,0,0,0,0,0,0
371.043945,370.906647,115,255,231,255,192,2,81,177,1,0,0,0,0,0,0,0
371.758240,371.644775,114,255,232,255,189,2,74,176,129,0,0,0,0,0,0,0
372.472534,372.355469,114,255,232,255,190,2,61,176,129,0,0,0,0,0,0,0
373.186798,373.067169,114,255,232,255,189,2,45,176,129,0,0,0,0,0,0,0
373.901093,373.779175,114,255,232,255,190,2,44,175,129,0,0,0,0,0,0,0
374.615387,374.491425,114,255,232,255,191,2,50,175,1,0,0,0,0,0,0,0
375.329681,375.203033,114,255,232,255,189,1,61,175,1,0,0,0,0,0,0,0
376.043945,375.915894,113,255,233,255,190,2,71,175,1,0,0,0,0,0,0,0
376.758240,376.627014,113,255,233,255,189,2,66,175,129,0,0,0,0,0,0,0
377.472534,377.338959,113,255,233,255,190,1,64,175,129,0,0,0,0,0,0,0
378.186798,378.050781,113,255,233,255,190,2,56,175,1,0,0,0,0,0,0,0
378.901093,378.763885,113,255,233,255,189,2,53,174,1,0,0,0,0,0,0,0
379.615387,379.476715,113,255,233,255,190,1,56,174,1,0,0,0,0,0,0,0
380.329681,380.196899,113,255,233,255,190,2,52,174,129,0,0,0,0,0,0,0
381.043945,380.907654,113,255,234,255,190,1,40,174,129,0,0,0,0,0,0,0
381.758240,381.619568,113,255,234,255,190,1,34,174,129,0,0,0,0,0,0,0
382.472534,382.333252,113,255,234,255,190,1,37,174,1,0,0,0,0,0,0,0
383.131866,383.016937,113,255,234,255,191,2,43,174,1,0,0,0,0,0,0,0
383.846161,383.728546,113,255,234,255,190,2,42,174,1,0,0,0,0,0,0,0
384.560425,384.439056,113,255,235,255,190,2,25,174,129,0,0,0,0,0,0,0
385.274719,385.149811,116,255,235,255,189,3,81,179,129,0,0,0,0,0,0,0
385.989014,385.862671,121,255,235,255,189,3,73,185,129,0,0,0,0,0,0,0
386.703308,386.573120,121,255,235,255,189,3,45,187,1,0,0,0,0,0,0,0
387.417572,387.286926,122,255,235,255,190,2,9,188,1,0,0,0,0,0,0,0
388.131866,387.997345,122,255,234,255,191,2,1,188,1,0,0,0,0,0,0,0
388.846161,388.711212,122,255,235,255,191,2,1,188,129,0,0,0,0,0,0,0
389.560425,389.421875,122,255,236,255,190,3,8,188,129,0,0,0,0,0,0,0
390.274719,390.132843,122,255,236,255,190,3,35,188,129,0,0,0,0,0,0,0
390.989014,390.845276,122,255,236,255,190,3,55,188,1,0,0,0,0,0,0,0
391.703308,391.583771,122,255,238,255,190,3,53,187,1,0,0,0,0,0,0,0
392.417572,392.291870,121,255,239,255,191,3,47,186,1,0,0,0,0,0,0,0
393.131866,393.003204,121,255,240,255,190,3,18,187,129,0,0,0,0,0,0,0
393.846161,393.715088,122,255,240,255,191,2,19,188,129,0,0,0,0,0,0,0
394.560425,394.425629,121,255,241,255,190,3,73,188,1,0,0,0,0,0,0,0
395.274719,395.137482,121,255,242,255,190,2,80,186,1,0,0,0,0,0,0,0
395.989014,395.849487,121,255,243,255,190,2,89,186,1,0,0,0,0,0,0,0
396.703308,396.562805,121,255,243,255,190,2,88,186,129,0,0,0,0,0,0,0
397.417572,397.274506,121,255,243,255,191,2,41,188,129,0,0,0,0,0,0,0
398.131866,397.987183,122,255,243,255,191,3,21,188,129,0,0,0,0,0,0,0
398.791199,398.670685,122,255,243,255,191,3,19,187,1,0,0,0,0,0,0,0
399.505493,399.381409,121,255,244,255,190,1,57,186,1,0,0,0,0,0,0,0
400.219788,400.092682,121,255,244,255,191,2,69,186,1,0,0,0,0,0,0,0
400.934052,400.804626,120,255,244,255,191,2,89,187,129,0,0,0,0,0,0,0
401.648346,401.515717,120,255,244,255,190,2,91,185,129,0,0,0,0,0,0,0
402.362640,402.229309,122,255,245,255,190,3,63,187,129,0,0,0,0,0,0,0
403.076935,402.939789,122,255,245,255,190,3,44,188,1,0,0,0,0,0,0,0
403.791199,403.649200,122,255,245,255,190,2,29,187,1,0,0,0,0,0,0,0
404.505493,404.359222,121,255,245,255,191,3,29,187,1,0,0,0,0,0,0,0
405.219788,405.070923,122,255,245,255,190,2,41,187,1,0,0,0,0,0,0,0
405.934052,405.810089,121,255,246,255,190,2,77,187,129,0,0,0,0,0,0,0
406.648346,406.521393,121,255,246,255,190,3,77,185,129,0,0,0,0,0,0,0
407.362640,407.234528,121,255,246,255,190,2,69,187,1,0,0,0,0,0,0,0
408.076935,407.946136,121,255,246,255,189,2,70,187,1,0,0,0,0,0,0,0
408.791199,408.659546,122,255,247,255,191,3,50,188,129,0,0,0,0,0,0,0
409.505493,409.372131,121,255,246,255,191,3,42,187,129,0,0,0,0,0,0,0
410.219788,410.083679,121,255,247,255,191,2,65,187,129,0,0,0,0,0,0,0
410.934052,410.796143,121,255,247,255,190,3,49,188,129,0,0,0,0,0,0,0
411.648346,411.507599,121,255,247,255,191,2,65,187,1,0,0,0,0,0,0,0
412.362640,412.219604,121,255,247,255,191,3,66,187,1,0,0,0,0,0,0,0
413.076935,412.932495,121,255,248,255,190,2,75,186,129,0,0,0,0,0,0,0
413.791199,413.642944,121,255,248,255,191,3,54,188,129,0,0,0,0,0,0,0
414.505493,414.354401,122,255,248,255,190,3,68,187,129,0,0,0,0,0,0,0
415.219788,415.069153,121,255,248,255,190,3,67,187,1,0,0,0,0,0,0,0
415.934052,415.781647,121,255,248,255,190,3,60,188,1,0,0,0,0,0,0,0
416.648346,416.495148,121,255,248,255,190,3,82,186,1,0,0,0,0,0,0,0
417.307678,417.179443,121,255,248,255,189,3,49,187,129,0,0,0,0,0,0,0
418.021973,417.891724,122,255,248,255,191,2,45,186,129,0,0,0,0,0,0,0
418.736267,418.603607,122,255,249,255,190,2,55,188,129,0,0,0,0,0,0,0
419.450562,419.314728,120,255,249,255,191,3,67,186,1,0,0,0,0,0,0,0
420.164825,420.025238,121,255,249,255,191,2,63,187,1,0,0,0,0,0,0,0
420.879120,420.737549,121,255,249,255,190,2,92,187,1,0,0,0,0,0,0,0
421.593414,421.448792,121,255,249,255,190,2,78,186,129,0,0,0,0,0,0,0
422.307678,422.158783,121,255,249,255,190,2,66,187,129,0,0,0,0,0,0,0
423.021973,422.868866,122,255,249,255,190,2,59,188,129,0,0,0,0,0,0,0
423.736267,423.582916,122,255,249,255,192,2,35,188,1,0,0,0,0,0,0,0
424.450562,424.294495,121,255,249,255,191,2,46,187,1,0,0,0,0,0,0,0
425.164825,425.033417,121,255,249,255,191,2,53,187,1,0,0,0,0,0,0,0
425.879120,425.746460,121,255,249,255,191,3,84,187,129,0,0,0,0,0,0,0
426.593414,426.456818,122,255,249,255,190,2,76,187,129,0,0,0,0,0,0,0
427.307678,427.168762,121,255,249,255,190,2,84,186,129,0,0,0,0,0,0,0
428.021973,427.880524,121,255,249,255,190,3,77,187,1,0,0,0,0,0,0,0
428.736267,428.590698,122,255,249,255,191,2,56,188,1,0,0,0,0,0,0,0
429.450562,429.301575,121,255,249,255,190,2,60,186,129,0,0,0,0,0,0,0
430.164825,430.012390,122,255,249,255,191,2,56,188,129,0,0,0,0,0,0,0
430.879120,430.723450,121,255,249,255,190,2,49,187,129,0,0,0,0,0,0,0
431.593414,431.435577,121,255,249,255,190,2,51,187,1,0,0,0,0,0,0,0
432.307678,432.148651,121,255,249,255,191,2,58,187,1,0,0,0,0,0,0,0
432.967041,432.831757,121,255,249,255,191,2,73,187,1,0,0,0,0,0,0,0
433.681305,433.543823,123,255,249,255,191,3,52,188,129,0,0,0,0,0,0,0
434.395599,434.255310,121,255,249,255,191,2,68,187,129,0,0,0,0,0,0,0
435.109894,434.964996,121,255,250,255,190,3,70,188,129,0,0,0,0,0,0,0
435.824188,435.677216,122,255,249,255,190,2,63,186,1,0,0,0,0,0,0,0
436.538452,436.388245,121,255,250,255,190,2,76,188,1,0,0,0,0,0,0,0
437.252747,437.098328,122,255,250,255,191,2,51,188,1,0,0,0,0,0,0,0
437.967041,437.811279,121,255,250,255,191,2,34,188,129,0,0,0,0,0,0,0
438.681305,438.521667,122,255,251,255,191,3,39,187,129,0,0,0,0,0,0,0
439.395599,439.260620,122,255,251,255,191,2,58,188,129,0,0,0,0,0,0,0
440.109894,439.951263,121,255,252,255,191,3,56,188,129,0,0,0,0,0,0,0
440.824188,440.663696,121,255,253,255,190,3,92,187,1,0,0,0,0,0,0,0
441.538452,441.402527,121,255,253,255,190,3,96,185,129,0,0,0,0,0,0,0
442.252747,442.115479,122,255,253,255,191,3,85,187,129,0,0,0,0,0,0,0
442.967041,442.825562,121,255,253,255,190,2,75,187,129,0,0,0,0,0,0,0
443.681305,443.537231,122,255,254,255,191,3,34,188,1,0,0,0,0,0,0,0
444.395599,444.248871,122,255,254,255,191,3,30,188,1,0,0,0,0,0,0,0
445.109894,444.960938,122,255,254,255,190,1,38,188,1,0,0,0,0,0,0,0
445.824188,445.674500,122,255,255,255,190,2,68,188,129,0,0,0,0,0,0,0
446.538452,446.385742,122,255,255,255,191,2,76,187,129,0,0,0,0,0,0,0
447.252747,447.095398,121,255,255,255,190,2,99,186,129,0,0,0,0,0,0,0
447.967041,447.806519,121,255,255,255,190,2,92,186,1,0,0,0,0,0,0,0
448.681305,448.518524,121,255,255,255,191,2,80,187,1,0,0,0,0,0,0,0
449.395599,449.231537,121,255,255,255,190,3,64,186,1,0,0,0,0,0,0,0
450.109894,449.944885,122,255,255,255,191,2,35,187,129,0,0,0,0,0,0,0
450.769226,450.627167,122,255,255,255,191,2,26,187,129,0,0,0,0,0,0,0
451.483521,451.337921,122,255,255,255,190,3,50,188,129,0,0,0,0,0,0,0
452.197815,452.050873,121,255,255,255,190,3,82,187,1,0,0,0,0,0,0,0
452.912079,452.764069,121,255,255,255,190,3,92,186,1,0,0,0,0,0,0,0
453.626373,453.474426,121,255,255,255,190,2,89,185,1,0,0,0,0,0,0,0
454.340668,454.188721,121,255,255,255,191,2,75,186,1,0,0,0,0,0,0,0
455.054932,454.902496,121,255,255,255,191,2,62,186,129,0,0,0,0,0,0,0
455.769226,455.617249,121,255,255,255,191,2,52,187,129,0,0,0,0,0,0,0
456.483521,456.335663,121,255,255,255,189,2,65,187,1,0,0,0,0,0,0,0
457.197815,457.051361,0,255,255,255,190,2,56,187,1,0,0,0,0,0,0,0
457.912079,457.767914,0,255,255,255,190,3,68,186,1,0,0,0,0,0,0,0
458.681305,458.513397,127,255,255,255,191,2,64,186,129,0,0,0,0,0,0,0
459.395599,459.230835,0,255,255,255,190,3,66,187,129,0,0,0,0,0,0,0
460.109894,459.947266,0,255,255,255,190,1,52,186,1,0,0,0,0,0,0,0
460.824188,460.665039,127,255,255,255,190,3,63,187,1,0,0,0,0,0,0,0
461.538452,461.381897,0,255,255,255,190,2,64,187,1,0,0,0,0,0,0,0
462.252747,462.098175,0,255,255,255,190,2,72,187,129,0,0,0,0,0,0,0
462.967041,462.818329,0,255,255,255,189,2,83,187,129,0,0,0,0,0,0,0
463.681305,463.534180,0,255,255,255,190,3,80,186,129,0,0,0,0,0,0,0
464.395599,464.249420,0,255,255,255,190,2,50,188,1,0,0,0,0,0,0,0
465.109894,464.964935,0,255,255,255,190,2,40,187,1,0,0,0,0,0,0,0
465.824188,465.679688,0,255,255,255,190,2,51,186,129,0,0,0,0,0,0,0
466.538452,466.393372,127,255,255,255,191,2,56,185,129,0,0,0,0,0,0,0
467.252747,467.082336,0,255,255,255,191,2,64,187,129,0,0,0,0,0,0,0
467.967041,467.819672,0,255,255,255,189,2,85,186,1,0,0,0,0,0,0,0
468.681305,468.534973,0,255,255,255,190,2,86,186,1,0,0,0,0,0,0,0
469.395599,469.249725,127,255,255,255,191,3,75,186,1,0,0,0,0,0,0,0
470.109894,469.962036,0,255,255,255,190,3,71,186,129,0,0,0,0,0,0,0
470.824188,470.678070,0,255,255,255,190,2,46,187,129,0,0,0,0,0,0,0
471.538452,471.366730,0,255,255,255,190,3,44,187,129,0,0,0,0,0,0,0
472.252747,472.104584,0,255,255,255,190,2,51,187,1,0,0,0,0,0,0,0
472.967041,472.794952,0,255,255,255,190,2,72,186,1,0,0,0,0,0,0,0
473.681305,473.508636,0,255,255,255,190,3,55,187,1,0,0,0,0,0,0,0
474.395599,474.224121,0,255,255,255,190,3,74,187,129,0,0,0,0,0,0,0
475.109894,474.940765,0,255,255,255,191,3,75,186,129,0,0,0,0,0,0,0
475.824188,475.654236,0,255,255,255,189,2,66,186,129,0,0,0,0,0,0,0
476.538452,476.375793,0,255,255,255,190,2,63,185,1,0,0,0,0,0,0,0
477.252747,477.095001,0,255,255,255,190,3,65,186,1,0,0,0,0,0,0,0
477.967041,477.809509,0,255,255,255,189,2,50,186,1,0,0,0,0,0,0,0
478.681305,478.525909,127,255,255,255,191,2,60,187,129,0,0,0,0,0,0,0
479.395599,479.240326,0,255,255,255,190,3,51,187,129,0,0,0,0,0,0,0
480.109894,479.956238,0,255,255,255,190,3,66,186,1,0,0,0,0,0,0,0
480.824188,480.668671,0,255,255,255,191,2,59,187,1,0,0,0,0,0,0,0
481.538452,481.383331,0,255,255,255,191,2,68,186,1,0,0,0,0,0,0,0
482.252747,482.100159,0,255,255,255,191,3,73,186,129,0,0,0,0,0,0,0
482.967041,482.816071,127,255,255,255,191,3,65,186,129,0,0,0,0,0,0,0
483.681305,483.528809,0,255,255,255,190,2,83,186,129,0,0,0,0,0,0,0
484.395599,484.239594,0,255,255,255,191,2,56,187,1,0,0,0,0,0,0,0
485.109894,484.956177,0,255,255,255,189,2,60,186,1,0,0,0,0,0,0,0
485.824188,485.668976,127,255,255,255,190,2,56,187,1,0,0,0,0,0,0,0
486.538452,486.382965,0,255,255,255,189,2,55,186,129,0,0,0,0,0,0,0
487.252747,487.099854,0,255,255,255,190,2,50,188,129,0,0,0,0,0,0,0
488.021973,487.843842,0,255,255,255,191,3,69,187,1,0,0,0,0,0,0,0
488.736267,488.558624,127,255,255,255,190,2,82,185,1,0,0,0,0,0,0,0
489.450562,489.280304,0,255,255,255,189,2,72,186,1,0,0,0,0,0,0,0
490.164825,489.993713,0,255,255,255,190,2,69,187,129,0,0,0,0,0,0,0
490.879120,490.708740,0,255,255,255,190,2,75,186,129,0,0,0,0,0,0,0
491.593414,491.427399,0,255,255,255,190,2,50,187,129,0,0,0,0,0,0,0
492.307678,492.139404,127,255,255,255,190,3,51,187,1,0,0,0,0,0,0,0
493.021973,492.856262,0,255,255,255,191,2,63,187,1,0,0,0,0,0,0,0
493.736267,493.573578,127,255,255,255,190,3,75,186,1,0,0,0,0,0,0,0
494.450562,494.293488,127,255,255,255,191,3,61,185,129,0,0,0,0,0,0,0
495.164825,495.007538,0,255,255,255,190,2,70,187,129,0,0,0,0,0,0,0
495.879120,495.700256,0,255,255,255,190,2,75,186,1,0,0,0,0,0,0,0
496.593414,496.414337,0,255,255,255,189,2,67,186,1,0,0,0,0,0,0,0
497.307678,497.128937,0,255,255,255,190,2,85,185,1,0,0,0,0,0,0,0
498.021973,497.845673,0,255,255,255,191,3,52,187,129,0,0,0,0,0,0,0
498.736267,498.559601,0,255,255,255,190,2,53,186,129,0,0,0,0,0,0,0
499.450562,499.278503,0,255,255,255,190,3,50,187,129,0,0,0,0,0,0,0
500.164825,500.003967,0,255,255,255,190,2,62,188,1,0,0,0,0,0,0,0
500.879120,500.719727,0,255,255,255,191,2,51,187,1,0,0,0,0,0,0,0
501.593414,501.434113,127,255,255,255,190,3,74,187,1,0,0,0,0,0,0,0
502.362640,502.179077,0,255,255,255,190,3,71,186,129,0,0,0,0,0,0,0
503.076935,502.894318,127,255,255,255,191,2,76,186,129,0,0,0,0,0,0,0
503.791199,503.607452,0,255,255,255,190,2,61,186,1,0,0,0,0,0,0,0
504.505493,504.321503,127,255,255,255,191,2,74,186,1,0,0,0,0,0,0,0
505.219788,505.039429,0,255,255,255,190,2,58,188,1,0,0,0,0,0,0,0
505.934052,505.754974,0,255,255,255,189,2,47,187,129,0,0,0,0,0,0,0
506.648346,506.473663,0,255,255,255,190,2,60,187,129,0,0,0,0,0,0,0
507.362640,507.187561,0,255,255,255,190,2,70,186,129,0,0,0,0,0,0,0
508.076935,507.899414,0,255,255,255,189,3,68,186,1,0,0,0,0,0,0,0
508.791199,508.612579,127,255,255,255,190,2,69,186,1,0,0,0,0,0,0,0
509.505493,509.330322,0,255,255,255,191,2,70,186,1,0,0,0,0,0,0,0
510.219788,510.048065,0,255,255,255,191,2,66,186,129,0,0,0,0,0,0,0
510.934052,510.764771,127,255,255,255,191,2,80,187,129,0,0,0,0,0,0,0
511.648346,511.479584,0,255,255,255,190,3,62,187,129,0,0,0,0,0,0,0
512.362610,512.195251,0,255,255,255,191,3,51,187,1,0,0,0,0,0,0,0
513.076904,512.913330,0,255,255,255,189,2,47,187,1,0,0,0,0,0,0,0
513.791199,513.625305,0,255,255,255,189,2,48,187,129,0,0,0,0,0,0,0
514.505493,514.341919,0,255,255,255,190,2,48,186,129,0,0,0,0,0,0,0
515.219788,515.052795,0,255,255,255,190,3,60,186,129,0,0,0,0,0,0,0
515.934082,515.766357,0,255,255,255,190,2,73,187,129,0,0,0,0,0,0,0
516.648376,516.480896,0,255,255,255,190,2,67,186,129,0,0,0,0,0,0,0
517.362610,517.199341,0,255,255,255,189,2,69,186,1,0,0,0,0,0,0,0
518.076904,517.890015,0,255,255,255,189,2,77,186,1,0,0,0,0,0,0,0
518.791199,518.604553,0,255,255,255,189,2,56,186,129,0,0,0,0,0,0,0
519.505493,519.320190,0,255,255,255,191,2,46,187,129,0,0,0,0,0,0,0
520.219788,520.038879,0,255,255,255,190,2,54,186,129,0,0,0,0,0,0,0
520.934082,520.754700,0,255,255,255,190,2,70,187,1,0,0,0,0,0,0,0
521.648376,521.469238,0,255,255,255,190,3,58,186,1,0,0,0,0,0,0,0
522.362610,522.184875,0,255,255,255,190,2,70,187,129,0,0,0,0,0,0,0
523.076904,522.903076,0,255,255,255,191,2,75,186,129,0,0,0,0,0,0,0
523.791199,523.618591,0,255,255,255,190,3,64,186,129,0,0,0,0,0,0,0
524.505493,524.333984,0,255,255,255,190,2,83,186,1,0,0,0,0,0,0,0
525.219788,525.048523,127,255,255,255,190,2,66,186,1,0,0,0,0,0,0,0
525.934082,525.763550,127,255,255,255,190,2,59,188,1,0,0,0,0,0,0,0
526.703308,526.511353,0,255,255,255,191,3,53,187,129,0,0,0,0,0,0,0
527.417603,527.225769,0,255,255,255,189,3,64,187,129,0,0,0,0,0,0,0
528.131897,527.939758,0,255,255,255,191,2,60,186,129,0,0,0,0,0,0,0
528.846130,528.656921,0,255,255,255,190,2,67,186,1,0,0,0,0,0,0,0
529.560425,529.368469,127,255,255,255,190,3,80,186,1,0,0,0,0,0,0,0
530.274719,530.087524,0,255,255,255,190,2,74,186,1,0,0,0,0,0,0,0
530.989014,530.802612,0,255,255,255,189,2,65,187,129,0,0,0,0,0,0,0
531.703308,531.518433,0,255,255,255,190,3,74,186,129,0,0,0,0,0,0,0
532.417603,532.239136,0,255,255,255,190,2,57,187,129,0,0,0,0,0,0,0
533.131897,532.953674,0,255,255,255,190,3,41,187,1,0,0,0,0,0,0,0
533.846130,533.672241,0,255,255,255,190,2,58,186,1,0,0,0,0,0,0,0
534.560425,534.384460,0,255,255,255,189,3,74,185,1,0,0,0,0,0,0,0
535.274719,535.101501,0,255,255,255,191,3,58,186,129,0,0,0,0,0,0,0
535.989014,535.815674,0,255,255,255,190,3,79,186,129,0,0,0,0,0,0,0
536.703308,536.531006,0,255,255,255,190,3,78,186,129,0,0,0,0,0,0,0
537.417603,537.245850,0,255,255,255,190,2,70,186,1,0,0,0,0,0,0,0
538.131897,537.936707,0,255,255,255,189,2,89,187,1,0,0,0,0,0,0,0
538.846130,538.649292,0,255,255,255,191,2,59,187,1,0,0,0,0,0,0,0
539.560425,539.362915,0,255,255,255,190,3,53,186,129,0,0,0,0,0,0,0
540.274719,540.080200,0,255,255,255,190,3,47,186,129,0,0,0,0,0,0,0
540.989014,540.793030,0,255,255,255,190,2,60,185,129,0,0,0,0,0,0,0
541.703308,541.512085,0,255,255,255,190,2,48,186,1,0,0,0,0,0,0,0
542.417603,542.226746,0,255,255,255,190,2,64,186,1,0,0,0,0,0,0,0
543.131897,542.942871,0,255,255,255,191,3,78,186,129,0,0,0,0,0,0,0
543.846130,543.659607,127,255,255,255,190,2,79,186,129,0,0,0,0,0,0,0
544.560425,544.374756,0,255,255,255,190,2,67,186,129,0,0,0,0,0,0,0
545.274719,545.091675,0,255,255,255,190,2,75,187,1,0,0,0,0,0,0,0
545.989014,545.809570,0,255,255,255,191,2,55,187,1,0,0,0,0,0,0,0
546.703308,546.528076,0,255,255,255,190,3,43,187,1,0,0,0,0,0,0,0
547.417603,547.238708,0,255,255,255,190,2,58,187,1,0,0,0,0,0,0,0
548.131897,547.951843,0,255,255,255,191,3,64,186,129,0,0,0,0,0,0,0
548.846130,548.667297,0,255,255,255,190,2,71,187,129,0,0,0,0,0,0,0
549.560425,549.382202,0,255,255,255,190,2,72,185,1,0,0,0,0,0,0,0
550.274719,550.095520,0,255,255,255,190,2,80,186,1,0,0,0,0,0,0,0
550.989014,550.811462,0,255,255,255,191,3,75,186,1,0,0,0,0,0,0,0
551.703308,551.524292,0,255,255,255,190,3,87,186,1,0,0,0,0,0,0,0
552.417603,552.238159,0,255,255,255,190,3,71,186,1,0,0,0,0,0,0,0
553.131897,552.949524,0,255,255,255,190,2,55,187,129,0,0,0,0,0,0,0
553.846130,553.667175,0,255,255,255,190,3,44,187,1,0,0,0,0,0,0,0
554.560425,554.382446,0,255,255,255,189,3,63,187,1,0,0,0,0,0,0,0
555.274719,555.094116,127,255,255,255,189,2,44,186,1,0,0,0,0,0,0,0
555.989014,555.811584,0,255,255,255,190,2,66,186,129,0,0,0,0,0,0,0
556.758240,556.558594,0,255,255,255,190,2,72,186,129,0,0,0,0,0,0,0
557.472534,557.275757,0,255,255,255,191,2,66,186,129,0,0,0,0,0,0,0
558.186829,557.988953,0,255,255,255,190,3,59,186,1,0,0,0,0,0,0,0
558.901123,558.704651,0,255,255,255,189,2,63,187,1,0,0,0,0,0,0,0
559.615356,559.422363,0,255,255,255,190,3,49,187,1,0,0,0,0,0,0,0
560.329651,560.143860,0,255,255,255,189,2,40,187,129,0,0,0,0,0,0,0
561.043945,560.864136,0,255,255,255,189,2,51,186,129,0,0,0,0,0,0,0
561.758240,561.553040,0,255,255,255,190,2,63,186,129,0,0,0,0,0,0,0
562.472534,562.268066,0,255,255,255,190,2,77,186,1,0,0,0,0,0,0,0
563.186829,562.982117,0,255,255,255,190,2,77,186,1,0,0,0,0,0,0,0
563.901123,563.697144,0,255,255,255,189,3,73,185,129,0,0,0,0,0,0,0
564.615356,564.410828,0,255,255,255,190,2,60,186,129,0,0,0,0,0,0,0
565.329651,565.126343,0,255,255,255,190,2,73,187,129,0,0,0,0,0,0,0
566.043945,565.842590,0,255,255,255,190,2,57,186,1,0,0,0,0,0,0,0
566.758240,566.559387,0,255,255,255,190,3,57,188,1,0,0,0,0,0,0,0
567.472534,567.271057,122,255,255,255,189,3,58,187,129,0,0,0,0,0,0,0
568.186829,567.986938,121,255,249,255,190,2,71,187,129,0,0,0,0,0,0,0
568.901123,568.699341,121,255,255,255,190,3,58,187,129,0,0,0,0,0,0,0
569.615356,569.414124,120,255,255,255,191,2,67,185,1,0,0,0,0,0,0,0
570.329651,570.128906,121,255,255,255,191,2,69,186,1,0,0,0,0,0,0,0
571.043945,570.841064,120,255,249,255,189,2,81,186,1,0,0,0,0,0,0,0
571.758240,571.554199,121,255,251,255,191,3,73,186,129,0,0,0,0,0,0,0
572.472534,572.265747,121,255,243,255,190,3,72,186,129,0,0,0,0,0,0,0
573.186829,572.979187,121,255,250,255,190,2,50,187,129,0,0,0,0,0,0,0
573.901123,573.717407,121,255,253,255,190,3,45,187,1,0,0,0,0,0,0,0
574.615356,574.426086,121,255,255,255,190,2,51,187,1,0,0,0,0,0,0,0
575.329651,575.136780,122,255,236,255,189,2,72,186,1,0,0,0,0,0,0,0
576.043945,575.849792,121,255,238,255,190,2,79,186,129,0,0,0,0,0,0,0
576.758240,576.561279,121,255,240,255,190,2,91,185,129,0,0,0,0,0,0,0
577.472534,577.272339,121,255,244,255,190,3,77,186,129,0,0,0,0,0,0,0
578.186829,577.984375,121,255,246,255,190,2,68,186,1,0,0,0,0,0,0,0
578.901123,578.695801,122,255,245,255,190,2,77,187,1,0,0,0,0,0,0,0
579.615356,579.407227,121,255,252,255,190,2,55,187,1,0,0,0,0,0,0,0
580.329651,580.119568,122,255,243,255,191,3,58,186,129,0,0,0,0,0,0,0
580.989014,580.802307,121,255,247,255,190,2,61,187,129,0,0,0,0,0,0,0
581.703308,581.516602,121,255,252,255,191,3,78,187,129,0,0,0,0,0,0,0
582.417603,582.227051,121,255,255,255,191,2,64,186,1,0,0,0,0,0,0,0
583.131897,582.938232,121,255,248,255,190,2,70,186,1,0,0,0,0,0,0,0
583.846130,583.651672,7,255,255,255,190,2,75,186,1,0,0,0,0,0,0,0
584.560425,584.366577,0,255,255,255,190,3,78,186,129,0,0,0,0,0,0,0
585.274719,585.080200,121,255,253,255,190,2,71,186,129,0,0,0,0,0,0,0
585.989014,585.794556,121,255,255,255,190,3,80,186,129,0,0,0,0,0,0,0
586.703308,586.512573,0,255,255,255,190,3,56,185,1,0,0,0,0,0,0,0
587.417603,587.228699,0,255,255,255,191,2,42,186,1,0,0,0,0,0,0,0
588.131897,587.941284,0,255,255,255,191,3,56,186,129,0,0,0,0,0,0,0
588.846130,588.657471,0,255,255,255,190,3,63,186,129,0,0,0,0,0,0,0
589.615356,589.402893,0,255,255,255,191,2,74,187,129,0,0,0,0,0,0,0
590.329651,590.119080,0,255,255,255,189,3,76,187,1,0,0,0,0,0,0,0
591.043945,590.837280,0,255,255,255,190,3,64,187,1,0,0,0,0,0,0,0
591.758240,591.551758,0,255,255,255,190,3,59,187,1,0,0,0,0,0,0,0
592.472534,592.270996,0,255,255,255,189,2,68,186,129,0,0,0,0,0,0,0
593.186829,592.984009,127,255,255,255,191,3,48,186,129,0,0,0,0,0,0,0
593.901123,593.701538,0,255,255,255,191,2,40,187,1,0,0,0,0,0,0,0
594.615356,594.415100,0,255,255,255,190,2,57,187,1,0,0,0,0,0,0,0
595.329651,595.130615,127,255,255,255,191,2,67,186,1,0,0,0,0,0,0,0
596.043945,595.826172,0,255,255,255,190,3,59,185,129,0,0,0,0,0,0,0
596.758240,596.565979,127,255,255,255,191,2,67,186,129,0,0,0,0,0,0,0
597.472534,597.279785,0,255,255,255,191,3,70,186,129,0,0,0,0,0,0,0
598.186829,597.973511,0,255,255,255,190,2,64,186,1,0,0,0,0,0,0,0
598.901123,598.687256,0,255,255,255,190,2,71,186,1,0,0,0,0,0,0,0
599.615356,599.406250,0,255,255,255,190,3,61,187,1,0,0,0,0,0,0,0
600.329651,600.125000,0,255,255,255,189,2,42,186,129,0,0,0,0,0,0,0
601.043945,600.840698,0,255,255,255,191,2,39,187,129,0,0,0,0,0,0,0
601.758240,601.552612,0,255,255,255,190,3,62,187,129,0,0,0,0,0,0,0
602.472534,602.267395,0,255,255,255,190,3,68,186,1,0,0,0,0,0,0,0
603.186829,602.982849,0,255,255,255,190,3,71,187,1,0,0,0,0,0,0,0
603.901123,603.698853,0,255,255,255,190,2,71,187,129,0,0,0,0,0,0,0
604.615356,604.413086,127,255,255,255,191,2,66,187,1,0,0,0,0,0,0,0
605.329651,605.127747,0,255,255,255,190,3,54,186,129,0,0,0,0,0,0,0
606.043945,605.842957,0,255,255,255,189,2,69,185,129,0,0,0,0,0,0,0
606.813171,606.592957,0,255,255,255,189,2,58,186,1,0,0,0,0,0,0,0
607.527466,607.308411,0,255,255,255,190,2,62,186,1,0,0,0,0,0,0,0
608.241760,608.024170,127,255,255,255,189,2,58,187,129,0,0,0,0,0,0,0
608.956055,608.741699,0,255,255,255,190,3,66,186,129,0,0,0,0,0,0,0
609.670349,609.453430,0,255,255,255,191,3,42,188,1,0,0,0,0,0,0,0
610.384644,610.169861,127,255,255,255,190,3,59,186,1,0,0,0,0,0,0,0
611.098877,610.884827,121,255,255,255,191,3,62,187,1,0,0,0,0,0,0,0
611.813171,611.603271,0,255,255,255,190,2,70,186,129,0,0,0,0,0,0,0
612.527466,612.318115,121,255,255,255,190,2,61,186,129,0,0,0,0,0,0,0
613.241760,613.037598,121,255,255,255,189,2,50,186,129,0,0,0,0,0,0,0
613.956055,613.748901,121,255,241,255,189,2,30,188,1,0,0,0,0,0,0,0
614.670349,614.461792,122,255,238,255,190,2,35,187,1,0,0,0,0,0,0,0
615.384644,615.173096,121,255,221,255,191,2,61,187,1,0,0,0,0,0,0,0
616.098877,615.883789,121,255,213,255,190,2,75,186,129,0,0,0,0,0,0,0
616.813171,616.598511,121,255,77,255,191,2,71,187,129,0,0,0,0,0,0,0
617.527466,617.309082,122,255,89,255,190,2,71,187,129,0,0,0,0,0,0,0
618.241760,618.022522,0,255,83,255,190,3,62,186,1,0,0,0,0,0,0,0
618.956055,618.736206,0,255,69,255,191,3,58,186,1,0,0,0,0,0,0,0
619.670349,619.451965,0,255,66,255,190,2,85,186,1,0,0,0,0,0,0,0
620.384644,620.169128,0,255,66,255,190,2,64,187,129,0,0,0,0,0,0,0
621.098877,620.892334,127,255,64,255,190,2,60,187,129,0,0,0,0,0,0,0
621.813171,621.604492,0,255,60,255,190,2,52,186,129,0,0,0,0,0,0,0
622.527466,622.319580,0,255,61,255,191,2,61,186,1,0,0,0,0,0,0,0
623.241760,623.036743,0,255,60,255,190,2,54,186,1,0,0,0,0,0,0,0
623.956055,623.748108,0,255,58,255,189,3,82,187,129,0,0,0,0,0,0,0
624.670349,624.465759,127,255,56,255,190,2,99,186,129,0,0,0,0,0,0,0
625.384644,625.180786,0,255,56,255,190,2,81,186,129,0,0,0,0,0,0,0
626.098877,625.870239,127,255,53,255,190,3,86,187,129,0,0,0,0,0,0,0
626.813171,626.586304,0,255,48,255,189,2,56,186,1,0,0,0,0,0,0,0
627.527466,627.299988,0,255,47,255,191,3,45,186,1,0,0,0,0,0,0,0
628.241760,628.014343,0,255,47,255,190,2,45,187,129,0,0,0,0,0,0,0
628.956055,628.732178,127,255,45,255,191,3,73,186,129,0,0,0,0,0,0,0
629.670349,629.447693,127,255,42,255,191,3,83,186,129,0,0,0,0,0,0,0
630.384644,630.161194,0,255,41,255,190,2,83,186,1,0,0,0,0,0,0,0
631.098877,630.872986,0,255,42,255,191,2,86,186,1,0,0,0,0,0,0,0
631.813171,631.584900,0,255,39,255,190,2,71,187,129,0,0,0,0,0,0,0
632.527466,632.323975,127,255,37,255,191,2,62,187,129,0,0,0,0,0,0,0
633.241760,633.011230,0,255,36,255,190,3,80,186,129,0,0,0,0,0,0,0
633.956055,633.751709,0,255,33,255,189,2,60,186,1,0,0,0,0,0,0,0
634.670349,634.465576,0,255,35,255,190,3,55,186,1,0,0,0,0,0,0,0
635.384644,635.153137,0,255,38,255,191,2,71,185,1,0,0,0,0,0,0,0
636.098877,635.893250,0,255,33,255,190,3,82,186,129,0,0,0,0,0,0,0
636.813171,636.606567,0,255,40,255,190,2,78,187,129,0,0,0,0,0,0,0
637.527466,637.319336,0,255,30,242,190,2,72,186,129,0,0,0,0,0,0,0
638.241760,638.029602,0,247,32,239,190,2,72,186,1,0,0,0,0,0,0,0
638.956055,638.741089,0,255,37,255,191,2,50,187,1,0,0,0,0,0,0,0
639.670349,639.459290,0,255,37,255,191,3,66,186,1,0,0,0,0,0,0,0
640.384644,640.170105,0,255,34,255,191,2,47,187,129,0,0,0,0,0,0,0
641.098877,640.881958,0,255,32,252,191,2,47,187,129,0,0,0,0,0,0,0
641.813171,641.593018,0,254,32,255,191,2,50,186,129,0,0,0,0,0,0,0
642.527466,642.312561,127,255,34,255,190,2,79,186,1,0,0,0,0,0,0,0
643.241760,643.027283,127,255,32,249,190,2,56,186,1,0,0,0,0,0,0,0
643.956055,643.737122,127,245,28,232,190,3,75,186,1,0,0,0,0,0,0,0
644.670349,644.450562,0,241,31,253,191,3,84,187,129,0,0,0,0,0,0,0
645.384644,645.162170,0,246,29,229,190,3,70,186,129,0,0,0,0,0,0,0
646.098877,645.877075,0,243,30,239,191,3,85,186,129,0,0,0,0,0,0,0
646.813171,646.590576,0,238,28,230,190,2,53,187,1,0,0,0,0,0,0,0
647.527466,647.308533,0,217,19,147,190,3,47,188,1,0,0,0,0,0,0,0
648.241760,648.019897,0,238,32,250,191,2,60,186,129,0,0,0,0,0,0,0
648.956055,648.731323,0,236,30,243,191,3,90,187,129,0,0,0,0,0,0,0
649.670349,649.444946,0,245,30,245,191,2,68,186,129,0,0,0,0,0,0,0
650.384644,650.155945,63,246,28,232,191,2,72,186,129,0,0,0,0,0,0,0
651.098877,650.867065,0,248,33,253,190,2,66,185,1,0,0,0,0,0,0,0
651.813171,651.580750,0,245,30,236,190,3,57,187,1,0,0,0,0,0,0,0
652.527466,652.294617,0,235,29,226,191,3,84,187,1,0,0,0,0,0,0,0
653.241760,653.008606,127,248,35,255,191,3,59,187,129,0,0,0,0,0,0,0
653.956055,653.723206,0,241,31,239,191,3,45,187,129,0,0,0,0,0,0,0
654.670349,654.439026,0,243,28,220,191,2,38,186,1,0,0,0,0,0,0,0
655.384644,655.152039,0,232,29,238,190,2,58,187,1,0,0,0,0,0,0,0
656.098877,655.861633,0,209,23,182,191,2,64,187,1,0,0,0,0,0,0,0
656.813171,656.580383,0,191,23,177,190,2,67,187,129,0,0,0,0,0,0,0
657.527466,657.288391,0,190,24,194,191,2,74,187,129,0,0,0,0,0,0,0
658.186829,657.972473,127,174,20,163,191,3,64,186,129,0,0,0,0,0,0,0
658.901123,658.686646,127,163,20,167,190,2,71,185,1,0,0,0,0,0,0,0
659.615356,659.393066,127,158,17,142,191,2,63,186,1,0,0,0,0,0,0,0
660.329651,660.101685,127,150,19,155,191,2,47,186,129,0,0,0,0,0,0,0
661.043945,660.812927,0,150,17,142,192,2,43,187,129,0,0,0,0,0,0,0
661.758240,661.524902,0,171,21,177,191,2,57,188,129,0,0,0,0,0,0,0
662.472534,662.238281,0,159,20,156,190,2,56,186,129,0,0,0,0,0,0,0
663.186829,662.950745,127,151,19,146,190,3,63,187,1,0,0,0,0,0,0,0
663.901123,663.663696,0,143,19,143,191,2,78,187,1,0,0,0,0,0,0,0
664.615356,664.375732,127,140,17,142,191,2,64,187,1,0,0,0,0,0,0,0
665.329651,665.088196,0,140,20,152,191,2,57,186,129,0,0,0,0,0,0,0
666.043945,665.824158,0,149,19,144,190,3,57,188,129,0,0,0,0,0,0,0
666.758240,666.535339,127,152,21,165,191,2,32,187,1,0,0,0,0,0,0,0
667.472534,667.247986,0,158,22,162,190,2,35,186,1,0,0,0,0,0,0,0
668.186829,667.960083,127,156,20,162,191,2,49,187,1,0,0,0,0,0,0,0
668.901123,668.674255,0,168,22,168,191,3,69,186,1,0,0,0,0,0,0,0
669.615356,669.389465,127,167,22,169,192,3,67,187,129,0,0,0,0,0,0,0
670.329651,670.104980,0,193,24,200,191,3,71,186,129,0,0,0,0,0,0,0
671.043945,670.821106,0,194,24,200,191,2,64,186,1,0,0,0,0,0,0,0
671.758240,671.529419,0,200,26,208,191,3,53,186,1,0,0,0,0,0,0,0
672.472534,672.239380,127,202,26,202,191,2,79,186,1,0,0,0,0,0,0,0
673.186829,672.953430,0,197,25,202,191,3,44,186,129,0,0,0,0,0,0,0
673.901123,673.667786,0,212,28,221,191,2,42,186,129,0,0,0,0,0,0,0
674.615356,674.378113,127,235,30,245,191,2,46,187,129,0,0,0,0,0,0,0
675.329651,675.092224,0,234,29,228,190,2,80,185,1,0,0,0,0,0,0,0
676.043945,675.802368,127,241,31,247,191,3,64,187,1,0,0,0,0,0,0,0
676.758240,676.522217,0,249,31,252,191,2,77,187,129,0,0,0,0,0,0,0
677.472534,677.235535,0,255,33,255,190,2,68,186,129,0,0,0,0,0,0,0
678.186829,677.945862,127,255,34,255,191,3,61,187,129,0,0,0,0,0,0,0
678.901123,678.661011,0,255,34,255,190,2,80,186,1,0,0,0,0,0,0,0
679.615356,679.383667,0,255,35,255,191,3,58,186,1,0,0,0,0,0,0,0
680.329651,680.097717,0,255,36,255,191,2,50,186,1,0,0,0,0,0,0,0
681.043945,680.808655,0,255,35,255,191,2,52,186,129,0,0,0,0,0,0,0
681.758240,681.519958,0,255,39,255,191,2,72,187,129,0,0,0,0,0,0,0
682.472534,682.233826,0,255,41,255,190,2,66,186,129,0,0,0,0,0,0,0
683.186829,682.949585,0,255,39,255,191,1,76,186,1,0,0,0,0,0,0,0
683.901123,683.660217,0,255,39,255,190,2,80,185,1,0,0,0,0,0,0,0
684.615356,684.377808,0,255,36,255,192,2,62,187,129,0,0,0,0,0,0,0
685.329651,685.092896,0,255,37,255,190,3,64,187,129,0,0,0,0,0,0,0
686.043945,685.809875,127,255,38,255,191,2,44,186,129,0,0,0,0,0,0,0
686.758240,686.525635,0,255,39,255,191,2,31,185,1,0,0,0,0,0,0,0
687.472534,687.236938,0,255,40,255,191,2,47,186,1,0,0,0,0,0,0,0
688.186829,687.955261,0,255,40,255,190,3,77,186,1,0,0,0,0,0,0,0
688.901123,688.669250,0,255,38,255,190,3,66,186,129,0,0,0,0,0,0,0
689.615356,689.387817,0,255,37,255,190,3,79,187,129,0,0,0,0,0,0,0
690.329651,690.100952,0,255,37,255,191,3,79,187,129,0,0,0,0,0,0,0
691.043945,690.813904,0,255,43,255,190,3,63,187,1,0,0,0,0,0,0,0
691.758240,691.525391,0,255,36,255,190,2,67,186,1,0,0,0,0,0,0,0
692.472534,692.241455,0,255,40,255,191,2,47,187,1,0,0,0,0,0,0,0
693.186829,692.955994,0,255,45,255,190,2,31,187,129,0,0,0,0,0,0,0
693.901123,693.671326,127,255,42,255,190,2,39,187,129,0,0,0,0,0,0,0
694.615356,694.387207,127,255,44,255,190,3,67,187,129,0,0,0,0,0,0,0
695.329651,695.100159,0,255,48,255,190,2,66,186,1,0,0,0,0,0,0,0
696.043945,695.812927,0,255,41,255,191,2,69,186,1,0,0,0,0,0,0,0
696.758240,696.525208,127,255,40,255,190,3,79,185,1,0,0,0,0,0,0,0
697.472534,697.240906,127,255,41,255,190,2,66,187,129,0,0,0,0,0,0,0
698.186829,697.955322,0,255,43,255,191,2,67,186,129,0,0,0,0,0,0,0
698.901123,698.669128,0,255,39,255,190,3,56,186,1,0,0,0,0,0,0,0
699.615356,699.383789,127,255,40,255,192,2,47,187,1,0,0,0,0,0,0,0
700.329651,700.101379,0,255,38,255,190,3,48,186,1,0,0,0,0,0,0,0
701.043945,700.813721,0,255,38,255,191,3,76,186,129,0,0,0,0,0,0,0
701.758240,701.526855,127,255,40,255,191,3,66,186,129,0,0,0,0,0,0,0
702.472534,702.216919,0,255,40,255,190,2,63,187,129,0,0,0,0,0,0,0
703.186829,702.934937,0,255,39,255,190,2,35,186,1,0,0,0,0,0,0,0
703.901123,703.646851,0,255,40,255,191,3,26,187,1,0,0,0,0,0,0,0
704.615356,704.364685,0,255,41,255,192,2,55,188,129,0,0,0,0,0,0,0
705.329651,705.079834,0,255,40,255,190,2,115,184,129,0,0,0,0,0,0,0
706.043945,705.791138,0,255,33,255,191,2,117,186,129,0,0,0,0,0,0,0
706.758240,706.503723,0,255,37,255,191,3,86,185,1,0,0,0,0,0,0,0
707.472534,707.218933,0,255,39,255,191,2,91,183,1,0,0,0,0,0,0,0
708.186829,707.956360,127,255,38,255,191,3,103,184,1,0,0,0,0,0,0,0
708.901123,708.669189,0,255,35,255,189,3,116,186,129,0,0,0,0,0,0,0
709.615356,709.379333,0,255,39,255,190,2,74,186,129,0,0,0,0,0,0,0
710.329651,710.093262,127,255,38,255,190,3,0,188,129,0,0,0,0,0,0,0
711.043945,710.805603,127,255,39,255,191,2,1,188,1,0,0,0,0,0,0,0
711.758240,711.519470,0,255,41,255,192,2,1,187,1,0,0,0,0,0,0,0
712.472534,712.238159,0,255,40,255,191,3,22,188,1,0,0,0,0,0,0,0
713.186829,712.947998,0,255,39,255,189,3,116,184,129,0,0,0,0,0,0,0
713.901123,713.663391,127,255,38,255,189,2,117,185,129,0,0,0,0,0,0,0
714.615356,714.377686,0,255,38,255,189,3,64,185,1,0,0,0,0,0,0,0
715.329651,715.088257,0,255,37,255,190,2,28,187,1,0,0,0,0,0,0,0
716.043945,715.802307,127,255,37,255,190,3,26,187,1,0,0,0,0,0,0,0
716.758240,716.518311,127,255,39,255,190,2,63,187,1,0,0,0,0,0,0,0
717.472534,717.233704,0,255,41,255,190,3,117,185,129,0,0,0,0,0,0,0
718.186829,717.947571,0,255,37,255,189,3,106,186,129,0,0,0,0,0,0,0
718.901123,718.664124,0,255,37,255,190,3,70,184,1,0,0,0,0,0,0,0
719.615356,719.377625,127,255,36,255,191,3,36,186,1,0,0,0,0,0,0,0
720.329651,720.089233,0,255,39,255,190,3,34,186,1,0,0,0,0,0,0,0
721.043945,720.803833,0,255,37,255,191,2,66,185,129,0,0,0,0,0,0,0
721.758240,721.522461,127,255,36,255,189,3,97,185,129,0,0,0,0,0,0,0
722.472534,722.236755,0,255,38,255,190,2,106,185,129,0,0,0,0,0,0,0
723.186829,722.930054,0,255,38,255,190,2,76,186,1,0,0,0,0,0,0,0
723.901123,723.648438,0,255,37,255,191,3,51,186,1,0,0,0,0,0,0,0
724.615356,724.363892,0,255,39,255,190,2,39,185,1,0,0,0,0,0,0,0
725.329651,725.078918,0,255,38,255,192,2,34,187,129,0,0,0,0,0,0,0
726.043945,725.795593,0,255,36,255,189,2,60,185,129,0,0,0,0,0,0,0
726.758240,726.508789,0,255,36,255,190,2,77,185,1,0,0,0,0,0,0,0
727.472534,727.225708,0,255,38,255,191,3,83,185,1,0,0,0,0,0,0,0
728.186829,727.936584,0,255,41,255,190,2,72,186,1,0,0,0,0,0,0,0
728.901123,728.648743,127,255,37,255,190,3,66,186,129,0,0,0,0,0,0,0
