0.000000,0.000000,122,255,235,255,24,2,62,187,128,0,0,0,0,0,0,0
0.769231,0.752425,122,255,235,255,24,3,68,188,0,0,0,0,0,0,0,0
1.483516,1.475347,120,255,235,255,24,3,62,186,128,0,0,0,0,0,0,0
2.197802,2.192193,121,255,235,255,24,2,72,188,128,0,0,0,0,0,0,0
2.912088,2.913978,121,255,235,255,24,2,66,187,128,0,0,0,0,0,0,0
3.626374,3.613964,121,255,235,255,23,3,65,188,0,0,0,0,0,0,0,0
4.340659,4.332161,121,255,235,255,23,2,66,187,0,0,0,0,0,0,0,0
5.054945,5.054420,121,255,235,255,24,2,63,187,128,0,0,0,0,0,0,0
5.824176,5.806586,121,255,236,255,24,3,64,187,128,0,0,0,0,0,0,0
6.538462,6.530765,122,255,235,255,24,3,68,187,128,0,0,0,0,0,0,0
7.252747,7.234221,121,255,236,255,24,3,70,188,0,0,0,0,0,0,0,0
7.967033,7.960488,122,255,236,255,24,2,65,187,0,0,0,0,0,0,0,0
8.736263,8.688302,121,255,236,255,24,2,64,187,128,0,0,0,0,0,0,0
9.450549,9.440888,122,255,236,255,24,3,64,187,128,0,0,0,0,0,0,0
10.164835,10.166096,122,255,236,255,23,2,62,188,128,0,0,0,0,0,0,0
10.879121,10.871454,121,255,236,255,24,3,65,187,0,0,0,0,0,0,0,0
11.593407,11.592721,122,255,236,255,24,2,67,188,0,0,0,0,0,0,0,0
12.362638,12.344090,120,255,236,255,24,2,63,186,128,0,0,0,0,0,0,0
13.076923,13.061098,121,255,236,255,23,3,60,186,128,0,0,0,0,0,0,0
13.791209,13.788136,121,255,237,255,24,3,59,185,128,0,0,0,0,0,0,0
14.505494,14.508046,122,255,237,255,24,2,69,188,128,0,0,0,0,0,0,0
15.219780,15.206112,121,255,237,255,25,3,75,187,0,0,0,0,0,0,0,0
15.934066,15.932164,121,255,237,255,23,2,67,187,0,0,0,0,0,0,0,0
16.703297,16.682920,121,255,237,255,23,2,66,187,128,0,0,0,0,0,0,0
17.417582,17.407202,121,255,237,255,23,2,61,188,128,0,0,0,0,0,0,0
18.131868,18.130129,121,255,237,255,25,2,69,186,0,0,0,0,0,0,0,0
18.846153,18.826635,122,255,237,255,24,2,88,187,0,0,0,0,0,0,0,0
19.560440,19.549303,121,255,237,255,23,3,72,187,0,0,0,0,0,0,0,0
20.274725,20.269772,121,255,237,255,23,2,66,187,128,0,0,0,0,0,0,0
21.043957,21.022837,121,255,237,255,23,3,70,187,128,0,0,0,0,0,0,0
21.758242,21.748730,122,255,237,255,24,2,73,188,0,0,0,0,0,0,0,0
22.472527,22.470825,122,255,237,255,25,2,62,187,0,0,0,0,0,0,0,0
23.186813,23.167181,121,255,237,255,24,3,69,188,0,0,0,0,0,0,0,0
23.901098,23.893482,121,255,237,255,24,3,81,188,128,0,0,0,0,0,0,0
24.670330,24.648668,122,255,237,255,23,3,66,187,128,0,0,0,0,0,0,0
25.384615,25.376064,121,255,237,255,24,2,70,187,128,0,0,0,0,0,0,0
26.098902,26.079271,121,255,237,255,25,2,69,187,0,0,0,0,0,0,0,0
26.813187,26.801062,121,255,237,255,24,3,83,187,0,0,0,0,0,0,0,0
27.527473,27.522329,121,255,237,255,23,2,67,188,128,0,0,0,0,0,0,0
28.296703,28.277714,121,255,237,255,24,3,68,188,128,0,0,0,0,0,0,0
29.010988,29.004330,121,255,237,255,23,3,75,187,0,0,0,0,0,0,0,0
29.725275,29.703800,121,255,237,255,23,2,67,186,0,0,0,0,0,0,0,0
30.439560,30.429750,120,255,237,255,24,3,64,187,0,0,0,0,0,0,0,0
31.153847,31.150024,121,255,237,255,23,3,76,186,128,0,0,0,0,0,0,0
31.923077,31.900627,121,255,237,255,21,3,84,186,128,0,0,0,0,0,0,0
32.637363,32.627613,121,255,237,255,24,2,28,188,128,0,0,0,0,0,0,0
33.351650,33.325890,121,255,237,255,24,2,52,188,0,0,0,0,0,0,0,0
34.065933,34.047359,121,255,237,255,23,1,91,186,0,0,0,0,0,0,0,0
34.780220,34.773567,119,255,237,255,26,2,54,184,128,0,0,0,0,0,0,0
35.549450,35.526348,112,255,237,255,23,2,68,173,128,0,0,0,0,0,0,0
36.263737,36.250839,111,255,237,255,26,2,70,171,128,0,0,0,0,0,0,0
36.978024,36.972885,111,255,237,255,24,2,66,171,0,0,0,0,0,0,0,0
37.692307,37.672401,111,255,237,255,25,2,65,171,0,0,0,0,0,0,0,0
38.406593,38.392735,111,255,237,255,25,2,72,170,0,0,0,0,0,0,0,0
39.120880,39.111195,110,255,237,255,25,2,68,170,128,0,0,0,0,0,0,0
39.890110,39.862888,110,255,237,255,25,2,69,170,128,0,0,0,0,0,0,0
40.604397,40.592991,110,255,237,255,24,2,64,170,0,0,0,0,0,0,0,0
41.318680,41.289864,110,255,237,255,24,2,71,170,128,0,0,0,0,0,0,0
42.032967,42.012215,110,255,237,255,24,2,65,170,0,0,0,0,0,0,0,0
42.747253,42.740036,110,255,237,255,25,2,72,169,128,0,0,0,0,0,0,0
43.516483,43.495831,110,255,237,255,25,2,71,170,128,0,0,0,0,0,0,0
44.230770,44.220264,110,255,237,255,24,2,65,170,0,0,0,0,0,0,0,0
44.945053,44.914444,110,255,237,255,26,2,64,169,0,0,0,0,0,0,0,0
45.659340,45.633801,109,255,237,255,25,2,70,169,0,0,0,0,0,0,0,0
46.373627,46.354328,110,255,236,255,25,2,73,169,128,0,0,0,0,0,0,0
47.087914,47.072937,109,255,237,255,25,2,65,169,128,0,0,0,0,0,0,0
47.857143,47.827175,110,255,237,255,23,1,69,169,128,0,0,0,0,0,0,0
48.571430,48.552029,109,255,237,255,25,2,67,168,0,0,0,0,0,0,0,0
49.285713,49.273083,109,255,237,255,26,2,72,169,0,0,0,0,0,0,0,0
50.000000,49.971783,109,255,237,255,25,1,64,168,128,0,0,0,0,0,0,0
50.714287,50.686752,109,255,237,255,25,2,75,168,128,0,0,0,0,0,0,0
51.428570,51.410252,109,255,237,255,24,2,63,168,0,0,0,0,0,0,0,0
52.142857,52.132095,109,255,237,255,25,2,69,168,0,0,0,0,0,0,0,0
52.912086,52.882572,109,255,237,255,25,2,68,168,0,0,0,0,0,0,0,0
53.626373,53.602043,109,255,237,255,188,2,71,168,129,0,0,0,0,0,0,0
54.340660,54.324703,109,255,237,255,192,2,64,168,129,0,0,0,0,0,0,0
55.054947,55.044098,109,255,237,255,191,1,63,168,129,0,0,0,0,0,0,0
55.769230,55.738209,109,255,237,255,192,1,68,168,1,0,0,0,0,0,0,0
56.483517,56.456413,109,255,237,255,192,2,69,168,1,0,0,0,0,0,0,0
57.197803,57.180759,109,255,237,255,191,2,72,168,1,0,0,0,0,0,0,0
57.967033,57.934254,109,255,237,255,191,2,70,168,129,0,0,0,0,0,0,0
58.681320,58.661083,109,255,237,255,192,2,69,168,129,0,0,0,0,0,0,0
59.395603,59.357491,109,255,237,255,191,2,63,168,1,0,0,0,0,0,0,0
60.109890,60.082542,109,255,237,255,192,2,73,167,1,0,0,0,0,0,0,0
60.824177,60.806881,109,255,237,255,192,2,65,167,1,0,0,0,0,0,0,0
61.593407,61.555515,109,255,237,255,191,1,70,167,129,0,0,0,0,0,0,0
62.307693,62.278751,109,255,237,255,191,2,65,168,129,0,0,0,0,0,0,0
63.021976,63.000587,109,255,237,255,191,2,63,168,129,0,0,0,0,0,0,0
63.736263,63.698910,108,255,237,255,191,2,66,167,1,0,0,0,0,0,0,0
64.450546,64.422104,108,255,237,255,192,2,70,167,1,0,0,0,0,0,0,0
65.164833,65.148621,108,255,237,255,191,2,67,167,129,0,0,0,0,0,0,0
65.934067,65.904991,108,255,237,255,192,2,65,167,129,0,0,0,0,0,0,0
66.648354,66.630783,108,255,238,255,192,2,70,167,1,0,0,0,0,0,0,0
67.362640,67.329315,108,255,237,255,192,2,72,167,1,0,0,0,0,0,0,0
68.076920,68.056458,108,255,237,255,192,2,70,167,1,0,0,0,0,0,0,0
68.846153,68.807938,108,255,237,255,191,1,72,167,1,0,0,0,0,0,0,0
69.560440,69.527390,108,255,238,255,191,1,67,167,129,0,0,0,0,0,0,0
70.274727,70.245949,108,255,237,255,191,2,68,167,1,0,0,0,0,0,0,0
70.989014,70.949425,108,255,238,255,192,2,71,167,1,0,0,0,0,0,0,0
71.703300,71.672768,108,255,238,255,191,1,64,167,1,0,0,0,0,0,0,0
72.417580,72.396370,108,255,238,255,191,1,63,167,129,0,0,0,0,0,0,0
73.186813,73.146378,108,255,237,255,191,1,63,167,129,0,0,0,0,0,0,0
73.901100,73.870895,108,255,237,255,192,2,65,167,129,0,0,0,0,0,0,0
74.615387,74.590958,108,255,237,255,192,2,72,167,1,0,0,0,0,0,0,0
75.329674,75.291260,108,255,237,255,192,2,66,166,1,0,0,0,0,0,0,0
76.043953,76.014664,108,255,237,255,192,1,72,167,129,0,0,0,0,0,0,0
76.758240,76.737953,108,255,238,255,192,2,72,167,129,0,0,0,0,0,0,0
77.527473,77.491524,108,255,238,255,191,2,71,167,129,0,0,0,0,0,0,0
78.241760,78.214188,108,255,237,255,192,2,71,167,1,0,0,0,0,0,0,0
78.956047,78.913452,108,255,237,255,191,2,70,167,1,0,0,0,0,0,0,0
79.670326,79.639557,108,255,237,255,192,2,70,167,129,0,0,0,0,0,0,0
80.384613,80.362953,108,255,237,255,192,2,71,167,129,0,0,0,0,0,0,0
81.153847,81.117760,108,255,237,255,192,2,74,166,129,0,0,0,0,0,0,0
81.868134,81.841583,108,255,237,255,192,2,67,167,1,0,0,0,0,0,0,0
82.582420,82.542191,108,255,236,255,192,2,68,166,1,0,0,0,0,0,0,0
83.296700,83.270790,108,255,236,255,191,2,58,166,129,0,0,0,0,0,0,0
84.065933,84.027206,108,255,236,255,192,2,49,166,129,0,0,0,0,0,0,0
84.780220,84.752769,108,255,236,255,192,2,49,167,129,0,0,0,0,0,0,0
85.494507,85.449501,108,255,236,255,191,2,56,167,1,0,0,0,0,0,0,0
86.208794,86.171562,108,255,236,255,191,2,49,166,1,0,0,0,0,0,0,0
86.923080,86.896255,108,255,236,255,192,2,56,167,129,0,0,0,0,0,0,0
87.692307,87.649239,108,255,236,255,192,1,62,166,129,0,0,0,0,0,0,0
88.406593,88.376694,108,255,236,255,191,2,58,167,129,0,0,0,0,0,0,0
89.120880,89.092186,108,255,237,255,191,2,59,167,1,0,0,0,0,0,0,0
89.835167,89.810081,108,255,236,255,192,2,58,167,1,0,0,0,0,0,0,0
90.549454,90.505280,108,255,236,255,191,2,59,167,1,0,0,0,0,0,0,0
91.263733,91.233360,108,255,236,255,190,2,59,167,129,0,0,0,0,0,0,0
92.032967,91.986046,108,255,237,255,192,2,64,166,129,0,0,0,0,0,0,0
92.747253,92.706467,108,255,236,255,191,2,61,167,1,0,0,0,0,0,0,0
93.461540,93.432724,108,255,236,255,190,2,61,167,1,0,0,0,0,0,0,0
94.175827,94.133423,108,255,236,255,192,2,62,166,1,0,0,0,0,0,0,0
94.890106,94.858459,108,255,236,255,191,1,57,167,129,0,0,0,0,0,0,0
95.659340,95.611084,108,255,236,255,190,2,61,167,129,0,0,0,0,0,0,0
96.373627,96.334587,108,255,235,255,191,1,57,167,1,0,0,0,0,0,0,0
97.087914,97.039932,108,255,235,255,191,1,54,166,1,0,0,0,0,0,0,0
97.802200,97.760002,108,255,234,255,192,1,51,166,1,0,0,0,0,0,0,0
98.516487,98.490158,108,255,234,255,191,2,53,166,129,0,0,0,0,0,0,0
99.285713,99.241753,108,255,234,255,191,2,37,166,1,0,0,0,0,0,0,0
100.000000,99.957916,108,255,234,255,191,2,30,166,129,0,0,0,0,0,0,0
100.714287,100.678558,108,255,233,255,192,2,35,166,1,0,0,0,0,0,0,0
101.428574,101.397072,108,255,233,255,192,2,37,166,1,0,0,0,0,0,0,0
102.142860,102.094666,108,255,232,255,191,2,40,166,129,0,0,0,0,0,0,0
102.857140,102.818741,108,255,232,255,191,1,41,166,129,0,0,0,0,0,0,0
103.626373,103.572647,108,255,231,255,191,2,40,166,129,0,0,0,0,0,0,0
104.340660,104.295387,108,255,232,255,191,1,48,166,1,0,0,0,0,0,0,0
105.054947,105.017471,108,255,231,255,191,2,50,166,1,0,0,0,0,0,0,0
105.769234,105.740990,108,255,231,255,192,2,43,166,1,0,0,0,0,0,0,0
106.483513,106.437286,108,255,231,255,192,1,38,166,129,0,0,0,0,0,0,0
107.197800,107.160736,107,255,231,255,192,2,40,166,129,0,0,0,0,0,0,0
107.912086,107.879868,108,255,230,255,191,2,43,166,1,0,0,0,0,0,0,0
108.681320,108.632500,107,255,230,255,191,2,47,166,1,0,0,0,0,0,0,0
109.395607,109.363350,107,255,229,255,191,2,44,166,1,0,0,0,0,0,0,0
110.109894,110.058014,108,255,229,255,192,2,47,166,129,0,0,0,0,0,0,0
110.824173,110.780533,108,255,229,255,191,2,44,166,129,0,0,0,0,0,0,0
111.538460,111.501076,107,255,229,255,192,2,35,166,129,0,0,0,0,0,0,0
112.307693,112.257339,108,255,228,255,192,2,38,166,1,0,0,0,0,0,0,0
113.021980,112.981926,108,255,228,255,191,2,42,166,129,0,0,0,0,0,0,0
113.736267,113.680565,107,255,228,255,192,2,45,166,129,0,0,0,0,0,0,0
114.450546,114.407539,107,255,228,255,192,2,52,166,129,0,0,0,0,0,0,0
115.164833,115.128349,108,255,228,255,191,2,52,166,1,0,0,0,0,0,0,0
115.934067,115.881393,107,255,228,255,192,1,55,165,1,0,0,0,0,0,0,0
116.648354,116.605003,107,255,227,255,193,2,46,165,1,0,0,0,0,0,0,0
117.362640,117.329491,107,255,227,255,191,2,48,165,129,0,0,0,0,0,0,0
118.076920,118.023972,108,255,227,255,191,2,47,166,129,0,0,0,0,0,0,0
118.791206,118.748505,108,255,227,255,191,2,48,166,1,0,0,0,0,0,0,0
119.560440,119.503082,108,255,227,255,192,2,49,166,1,0,0,0,0,0,0,0
120.274727,120.226151,107,255,227,255,192,2,48,166,1,0,0,0,0,0,0,0
120.989014,120.950020,107,255,227,255,191,2,48,166,129,0,0,0,0,0,0,0
121.703300,121.669662,108,255,227,255,191,1,47,166,129,0,0,0,0,0,0,0
122.417580,122.361603,108,255,227,255,191,2,53,166,129,0,0,0,0,0,0,0
123.131866,123.086143,108,255,228,255,191,2,51,166,1,0,0,0,0,0,0,0
123.901100,123.841408,108,255,228,255,192,2,53,166,1,0,0,0,0,0,0,0
124.615387,124.568871,107,255,227,255,191,2,55,166,129,0,0,0,0,0,0,0
125.329674,125.288322,107,255,228,255,191,2,58,166,129,0,0,0,0,0,0,0
126.043953,126.006721,108,255,228,255,191,1,59,166,129,0,0,0,0,0,0,0
126.758240,126.699905,107,255,229,255,192,2,62,166,1,0,0,0,0,0,0,0
127.472527,127.425545,108,255,229,255,192,2,67,166,1,0,0,0,0,0,0,0
128.186813,128.148102,107,255,229,255,191,2,67,166,1,0,0,0,0,0,0,0
128.956039,128.904633,107,255,229,255,191,2,70,166,129,0,0,0,0,0,0,0
129.670334,129.626419,107,255,229,255,192,1,68,166,129,0,0,0,0,0,0,0
130.384613,130.346222,107,255,230,255,192,1,67,166,1,0,0,0,0,0,0,0
131.098907,131.042938,107,255,230,255,191,2,65,166,1,0,0,0,0,0,0,0
131.813187,131.770920,107,255,230,255,191,2,66,166,1,0,0,0,0,0,0,0
132.582413,132.522766,107,255,230,255,191,2,58,165,129,0,0,0,0,0,0,0
133.296707,133.243866,107,255,230,255,191,2,60,166,129,0,0,0,0,0,0,0
134.010986,133.970856,108,255,231,255,191,2,59,165,129,0,0,0,0,0,0,0
134.725281,134.671371,107,255,231,255,192,2,66,166,1,0,0,0,0,0,0,0
135.439560,135.397003,107,255,231,255,192,2,71,165,1,0,0,0,0,0,0,0
136.208786,136.147385,107,255,232,255,191,1,67,165,129,0,0,0,0,0,0,0
136.923080,136.873169,107,255,231,255,192,2,71,165,129,0,0,0,0,0,0,0
137.637360,137.590820,107,255,232,255,191,1,75,166,1,0,0,0,0,0,0,0
138.351654,138.294754,107,255,232,255,191,1,77,165,1,0,0,0,0,0,0,0
139.065933,139.018112,107,255,232,255,192,1,77,165,1,0,0,0,0,0,0,0
139.780212,139.735199,107,255,232,255,192,2,76,165,1,0,0,0,0,0,0,0
140.494507,140.453613,107,255,232,255,191,2,70,165,129,0,0,0,0,0,0,0
141.263733,141.202820,107,255,232,255,191,2,64,165,129,0,0,0,0,0,0,0
141.978027,141.927505,107,255,233,255,191,2,66,165,1,0,0,0,0,0,0,0
142.692307,142.650848,107,255,232,255,191,1,65,165,1,0,0,0,0,0,0,0
143.406601,143.351563,107,255,233,255,191,2,58,165,129,0,0,0,0,0,0,0
144.120880,144.074814,107,255,233,255,192,2,63,165,129,0,0,0,0,0,0,0
144.890106,144.823181,107,255,233,255,192,1,71,165,129,0,0,0,0,0,0,0
145.604401,145.543350,107,255,233,255,192,1,71,165,129,0,0,0,0,0,0,0
146.318680,146.256393,107,255,233,255,192,1,71,165,129,0,0,0,0,0,0,0
147.087906,147.026230,179,255,233,255,192,1,71,165,129,0,0,0,0,0,0,0
147.802200,147.743896,179,255,233,255,192,1,71,165,129,0,0,0,0,0,0,0
148.571426,148.516022,179,255,233,255,192,1,71,165,129,0,0,0,0,0,0,0
149.285721,149.237854,201,255,233,255,192,1,71,165,129,0,0,0,0,0,0,0
150.054947,150.008072,201,255,233,255,192,1,71,165,129,0,0,0,0,0,0,0
150.824173,150.756775,201,255,233,255,192,1,71,165,129,0,0,0,0,0,0,0
151.538467,151.473038,201,255,233,255,192,1,71,165,129,0,0,0,0,0,0,0
152.307693,152.252380,51,255,233,255,192,1,71,165,129,0,0,0,0,0,0,0
153.021973,152.965759,51,255,233,255,192,1,71,165,129,0,0,0,0,0,0,0
153.791214,153.739334,91,255,233,255,192,1,71,165,129,0,0,0,0,0,0,0
154.505493,154.455948,91,255,233,255,192,1,71,165,129,0,0,0,0,0,0,0
155.274719,155.204361,91,255,233,255,192,1,71,165,129,0,0,0,0,0,0,0
156.043961,155.977158,91,255,233,255,192,1,71,165,129,0,0,0,0,0,0,0
156.758240,156.694778,91,255,233,255,192,1,71,165,129,0,0,0,0,0,0,0
157.527466,157.467377,91,255,233,255,192,1,71,165,129,0,0,0,0,0,0,0
158.241760,158.188263,91,255,233,255,192,1,71,165,129,0,0,0,0,0,0,0
159.010986,158.957169,91,255,233,255,192,1,71,165,129,0,0,0,0,0,0,0
159.780212,159.677643,91,255,233,255,192,1,71,165,129,0,0,0,0,0,0,0
160.494507,160.446899,91,255,233,255,192,1,71,165,129,0,0,0,0,0,0,0
161.263733,161.191574,91,255,233,255,192,1,71,165,129,0,0,0,0,0,0,0
161.978027,161.909973,91,255,233,255,192,1,71,165,129,0,0,0,0,0,0,0
162.747253,162.688187,91,255,233,255,192,1,71,165,129,0,0,0,0,0,0,0
163.461533,163.405487,91,255,233,255,192,1,71,165,129,0,0,0,0,0,0,0
164.230774,164.155807,91,255,233,255,192,1,71,165,129,0,0,0,0,0,0,0
165.000000,164.928879,91,255,233,255,192,1,71,165,129,0,0,0,0,0,0,0
165.714279,165.648773,91,255,233,255,192,1,71,165,129,0,0,0,0,0,0,0
166.483521,166.419647,136,255,233,255,192,1,71,165,129,0,0,0,0,0,0,0
167.197800,167.141068,136,255,233,255,192,1,71,165,129,0,0,0,0,0,0,0
167.967026,167.890823,136,255,233,255,192,1,71,165,129,0,0,0,0,0,0,0
168.736267,168.664322,136,255,233,255,192,1,71,165,129,0,0,0,0,0,0,0
169.450546,169.387955,136,255,233,255,192,1,71,165,129,0,0,0,0,0,0,0
170.219788,170.156555,136,255,233,255,192,1,71,165,129,0,0,0,0,0,0,0
170.934067,170.870926,136,255,233,255,192,1,71,165,129,0,0,0,0,0,0,0
171.703293,171.646530,136,255,233,255,192,1,71,165,129,0,0,0,0,0,0,0
172.417587,172.361664,136,255,233,255,192,1,71,165,129,0,0,0,0,0,0,0
173.186813,173.112106,136,255,233,255,192,1,71,165,129,0,0,0,0,0,0,0
173.956039,173.885162,136,255,233,255,192,1,71,165,129,0,0,0,0,0,0,0
174.670334,174.602264,136,255,233,255,192,1,71,165,129,0,0,0,0,0,0,0
175.439560,175.376419,136,255,233,255,192,1,71,165,129,0,0,0,0,0,0,0
176.153839,176.093140,136,255,233,255,192,1,71,165,129,0,0,0,0,0,0,0
176.923080,176.867355,136,255,233,255,192,1,71,165,129,0,0,0,0,0,0,0
177.692307,177.612396,136,255,233,255,192,1,71,165,129,0,0,0,0,0,0,0
178.406601,178.329575,136,255,233,255,192,1,71,165,129,0,0,0,0,0,0,0
179.175827,179.103317,136,255,233,255,192,1,71,165,129,0,0,0,0,0,0,0
179.890106,179.820419,136,255,233,255,192,1,71,165,129,0,0,0,0,0,0,0
180.659348,180.594803,136,255,233,255,192,1,71,165,129,0,0,0,0,0,0,0
181.373627,181.308746,136,255,233,255,192,1,71,165,129,0,0,0,0,0,0,0
182.142853,182.082642,136,255,233,255,192,1,71,165,129,0,0,0,0,0,0,0
182.857147,182.794434,136,255,233,255,192,1,71,165,129,0,0,0,0,0,0,0
183.626373,183.563751,136,255,233,255,192,1,71,165,129,0,0,0,0,0,0,0
184.340652,184.278000,136,255,233,255,192,1,71,165,129,0,0,0,0,0,0,0
185.109894,185.052094,136,255,233,255,192,1,71,165,129,0,0,0,0,0,0,0
185.824173,185.765915,136,255,233,255,192,1,71,165,129,0,0,0,0,0,0,0
186.593399,186.536118,136,255,233,255,192,1,71,165,129,0,0,0,0,0,0,0
187.307693,187.249680,136,255,233,255,192,1,71,165,129,0,0,0,0,0,0,0
188.076920,187.996902,136,255,233,255,192,1,71,165,129,0,0,0,0,0,0,0
188.846161,188.768173,136,255,233,255,192,1,71,165,129,0,0,0,0,0,0,0
189.560440,189.488205,136,255,233,255,192,1,71,165,129,0,0,0,0,0,0,0
190.329666,190.255325,136,255,233,255,192,1,71,165,129,0,0,0,0,0,0,0
191.043961,190.978302,136,255,233,255,192,1,71,165,129,0,0,0,0,0,0,0
191.813187,191.750992,136,255,233,255,192,1,71,165,129,0,0,0,0,0,0,0
192.527466,192.462845,136,255,233,255,192,1,71,165,129,0,0,0,0,0,0,0
193.296707,193.231537,136,255,233,255,192,1,71,165,129,0,0,0,0,0,0,0
194.065933,193.980576,136,255,233,255,192,1,71,165,129,0,0,0,0,0,0,0
194.780212,194.698029,136,255,233,255,192,1,71,165,129,0,0,0,0,0,0,0
195.549454,195.479248,136,255,233,255,192,1,71,165,129,0,0,0,0,0,0,0
196.263733,196.193069,136,255,233,255,192,1,71,165,129,0,0,0,0,0,0,0
197.032974,196.964325,136,255,233,255,192,1,71,165,129,0,0,0,0,0,0,0
197.802200,197.716324,136,255,233,255,192,1,71,165,129,0,0,0,0,0,0,0
198.516479,198.436996,136,255,233,255,192,1,71,165,129,0,0,0,0,0,0,0
199.285721,199.213791,136,255,233,255,192,1,71,165,129,0,0,0,0,0,0,0
200.000000,199.931366,136,255,233,255,192,1,71,165,129,0,0,0,0,0,0,0
200.769226,200.702194,136,255,233,255,192,1,71,165,129,0,0,0,0,0,0,0
201.483521,201.415863,136,255,233,255,192,1,71,165,129,0,0,0,0,0,0,0
202.252747,202.190063,136,255,233,255,192,1,71,165,129,0,0,0,0,0,0,0
203.021973,202.934418,136,255,233,255,192,1,71,165,129,0,0,0,0,0,0,0
203.736267,203.650543,136,255,233,255,192,1,71,165,129,0,0,0,0,0,0,0
204.505493,204.419067,136,255,233,255,192,1,71,165,129,0,0,0,0,0,0,0
205.219788,205.140259,136,255,233,255,192,1,71,165,129,0,0,0,0,0,0,0
205.989014,205.907806,136,255,233,255,192,1,71,165,129,0,0,0,0,0,0,0
206.703293,206.621887,136,255,233,255,192,1,71,165,129,0,0,0,0,0,0,0
207.472534,207.396103,224,255,233,255,192,1,71,165,129,0,0,0,0,0,0,0
208.186813,208.103363,224,255,233,255,192,1,71,165,129,0,0,0,0,0,0,0
208.956039,208.875748,224,255,233,255,192,1,71,165,129,0,0,0,0,0,0,0
209.670334,209.596542,224,255,233,255,192,1,71,165,129,0,0,0,0,0,0,0
210.439560,210.366791,224,255,233,255,192,1,71,165,129,0,0,0,0,0,0,0
211.208786,211.087784,224,255,233,255,192,1,71,165,129,0,0,0,0,0,0,0
211.923080,211.836090,224,255,233,255,192,1,71,165,129,0,0,0,0,0,0,0
212.692307,212.604538,224,255,233,255,192,1,71,165,129,0,0,0,0,0,0,0
213.406601,213.324585,26,255,233,255,192,1,71,165,129,0,0,0,0,0,0,0
214.175827,214.098953,26,255,233,255,192,1,71,165,129,0,0,0,0,0,0,0
214.890106,214.815277,26,255,233,255,192,1,71,165,129,0,0,0,0,0,0,0
215.659348,215.587967,26,255,233,255,192,1,71,165,129,0,0,0,0,0,0,0
216.428574,216.336319,26,255,233,255,192,1,71,165,129,0,0,0,0,0,0,0
217.142853,217.052643,26,255,233,255,192,1,71,165,129,0,0,0,0,0,0,0
217.912094,217.823196,26,255,233,255,192,1,71,165,129,0,0,0,0,0,0,0
218.626373,218.545563,26,255,233,255,192,1,71,165,129,0,0,0,0,0,0,0
219.395599,219.320541,26,255,233,255,192,1,71,165,129,0,0,0,0,0,0,0
220.109894,220.038849,26,255,233,255,192,1,71,165,129,0,0,0,0,0,0,0
220.879120,220.803482,26,255,233,255,192,1,71,165,129,0,0,0,0,0,0,0
221.648346,221.552872,26,255,233,255,192,1,71,165,129,0,0,0,0,0,0,0
222.362640,222.269287,26,255,233,255,192,1,71,165,129,0,0,0,0,0,0,0
223.131866,223.044327,26,255,233,255,192,1,71,165,129,0,0,0,0,0,0,0
223.846161,223.758865,26,255,233,255,192,1,71,165,129,0,0,0,0,0,0,0
224.615387,224.531250,26,255,233,255,192,1,71,165,129,0,0,0,0,0,0,0
225.329666,225.250687,26,255,233,255,192,1,71,165,129,0,0,0,0,0,0,0
226.098907,226.021805,26,255,233,255,192,1,71,165,129,0,0,0,0,0,0,0
226.813187,226.731445,26,255,233,255,192,1,71,165,129,0,0,0,0,0,0,0
227.582413,227.501694,26,255,233,255,192,1,71,165,129,0,0,0,0,0,0,0
228.296707,228.220566,26,255,233,255,192,1,71,165,129,0,0,0,0,0,0,0
229.065933,228.969528,26,255,233,255,192,1,71,165,129,0,0,0,0,0,0,0
229.835159,229.744156,26,255,233,255,192,1,71,165,129,0,0,0,0,0,0,0
230.549454,230.455795,26,255,233,255,192,1,71,165,129,0,0,0,0,0,0,0
231.318680,231.225586,26,255,233,255,192,1,71,165,129,0,0,0,0,0,0,0
232.032974,231.941711,26,255,233,255,192,1,71,165,129,0,0,0,0,0,0,0
232.802200,232.713760,26,255,233,255,192,1,71,165,129,0,0,0,0,0,0,0
233.516479,233.434418,26,255,233,255,192,1,71,165,129,0,0,0,0,0,0,0
234.285721,234.204407,26,255,233,255,192,1,71,165,129,0,0,0,0,0,0,0
235.054947,234.955704,26,255,233,255,192,1,71,165,129,0,0,0,0,0,0,0
235.769226,235.670273,26,255,233,255,192,1,71,165,129,0,0,0,0,0,0,0
236.538467,236.441559,26,255,233,255,192,1,71,165,129,0,0,0,0,0,0,0
237.252747,237.155792,26,255,233,255,192,1,71,165,129,0,0,0,0,0,0,0
238.021973,237.925781,26,255,233,255,192,1,71,165,129,0,0,0,0,0,0,0
238.736267,238.646042,254,255,233,255,192,1,71,165,129,0,0,0,0,0,0,0
239.505493,239.426178,254,255,233,255,192,1,71,165,129,0,0,0,0,0,0,0
240.274719,240.144272,254,255,233,255,192,1,71,165,129,0,0,0,0,0,0,0
240.989014,240.891586,254,255,233,255,192,1,71,165,129,0,0,0,0,0,0,0
241.758240,241.664276,254,255,233,255,192,1,71,165,129,0,0,0,0,0,0,0
242.472534,242.385620,254,255,233,255,192,1,71,165,129,0,0,0,0,0,0,0
243.241760,243.159485,254,255,233,255,192,1,71,165,129,0,0,0,0,0,0,0
244.010986,243.907150,254,255,233,255,192,1,71,165,129,0,0,0,0,0,0,0
244.725281,244.624832,254,255,233,255,192,1,71,165,129,0,0,0,0,0,0,0
245.494507,245.398483,254,255,233,255,192,1,71,165,129,0,0,0,0,0,0,0
246.208786,246.120972,254,255,233,255,192,1,71,165,129,0,0,0,0,0,0,0
246.978027,246.892838,254,255,233,255,192,1,71,165,129,0,0,0,0,0,0,0
247.692307,247.610657,254,255,233,255,192,1,71,165,129,0,0,0,0,0,0,0
248.461533,248.364731,254,255,233,255,192,1,71,165,129,0,0,0,0,0,0,0
249.230774,249.138779,254,255,233,255,192,1,71,165,129,0,0,0,0,0,0,0
249.945053,249.862289,254,255,233,255,192,1,71,165,129,0,0,0,0,0,0,0
250.714279,250.611206,254,255,233,255,192,1,71,165,129,0,0,0,0,0,0,0
251.483521,251.378860,254,255,233,255,192,1,71,165,129,0,0,0,0,0,0,0
252.197800,252.101669,254,255,233,255,192,1,71,165,129,0,0,0,0,0,0,0
252.967026,252.870529,254,255,233,255,192,1,71,165,129,0,0,0,0,0,0,0
253.681320,253.583206,254,255,233,255,192,1,71,165,129,0,0,0,0,0,0,0
254.450546,254.355118,254,255,233,255,192,1,71,165,129,0,0,0,0,0,0,0
255.164841,255.067947,75,255,233,255,192,1,71,165,129,0,0,0,0,0,0,0
255.934067,255.839188,4,255,233,255,192,1,71,165,129,0,0,0,0,0,0,0
256.648346,256.550720,4,255,233,255,192,1,71,165,129,0,0,0,0,0,0,0
257.417572,257.326691,4,255,233,255,192,1,71,165,129,0,0,0,0,0,0,0
258.131866,258.044739,4,255,233,255,192,1,71,165,129,0,0,0,0,0,0,0
258.901093,258.794861,4,255,233,255,192,1,71,165,129,0,0,0,0,0,0,0
259.670319,259.567810,4,255,233,255,192,1,71,165,129,0,0,0,0,0,0,0
260.384613,260.280487,4,255,233,255,192,1,71,165,129,0,0,0,0,0,0,0
261.153839,261.054138,4,255,233,255,192,1,71,165,129,0,0,0,0,0,0,0
261.868134,261.777252,4,255,233,255,192,1,71,165,129,0,0,0,0,0,0,0
262.637360,262.548431,4,255,233,255,192,1,71,165,129,0,0,0,0,0,0,0
263.406586,263.296753,4,255,233,255,192,1,71,165,129,0,0,0,0,0,0,0
264.120880,264.021545,4,255,233,255,192,1,71,165,129,0,0,0,0,0,0,0
264.890106,264.792084,4,255,233,255,192,1,71,165,129,0,0,0,0,0,0,0
265.604401,265.506836,4,255,233,255,192,1,71,165,129,0,0,0,0,0,0,0
266.373627,266.283112,4,255,233,255,192,1,71,165,129,0,0,0,0,0,0,0
267.087921,266.998047,4,255,233,255,192,1,71,165,129,0,0,0,0,0,0,0
267.857147,267.769409,4,255,233,255,192,1,71,165,129,0,0,0,0,0,0,0
268.571442,268.483429,4,255,233,255,192,1,71,165,129,0,0,0,0,0,0,0
269.340668,269.231689,4,255,233,255,192,1,71,165,129,0,0,0,0,0,0,0
270.109894,270.003357,4,255,233,255,192,1,71,165,129,0,0,0,0,0,0,0
270.824188,270.726379,4,255,233,255,192,1,71,165,129,0,0,0,0,0,0,0
271.593414,271.482269,4,255,233,255,192,1,71,165,129,0,0,0,0,0,0,0
272.362640,272.249420,4,255,233,255,192,1,71,165,129,0,0,0,0,0,0,0
273.076935,272.969757,4,255,233,255,192,1,71,165,129,0,0,0,0,0,0,0
273.846161,273.741211,4,255,233,255,192,1,71,165,129,0,0,0,0,0,0,0
274.560425,274.460022,26,255,233,255,192,1,71,165,129,0,0,0,0,0,0,0
275.329681,275.237152,26,255,233,255,192,1,71,165,129,0,0,0,0,0,0,0
276.043945,275.948792,26,255,233,255,192,1,71,165,129,0,0,0,0,0,0,0
276.813202,276.720398,26,255,233,255,192,1,71,165,129,0,0,0,0,0,0,0
277.582428,277.438263,26,255,233,255,192,1,71,165,129,0,0,0,0,0,0,0
278.296692,278.183350,26,255,233,255,192,1,71,165,129,0,0,0,0,0,0,0
279.065948,278.955841,26,255,233,255,192,1,71,165,129,0,0,0,0,0,0,0
279.780212,279.673492,26,255,233,255,192,1,71,165,129,0,0,0,0,0,0,0
280.549438,280.444763,26,255,233,255,192,1,71,165,129,0,0,0,0,0,0,0
281.263733,281.165466,26,255,233,255,192,1,71,165,129,0,0,0,0,0,0,0
282.032959,281.937408,26,255,233,255,192,1,71,165,129,0,0,0,0,0,0,0
282.747253,282.650909,26,255,233,255,192,1,71,165,129,0,0,0,0,0,0,0
283.516479,283.402985,26,255,233,255,192,1,71,165,129,0,0,0,0,0,0,0
284.285706,284.177002,26,255,233,255,192,1,71,165,129,0,0,0,0,0,0,0
285.000000,284.899200,26,255,233,255,192,1,71,165,129,0,0,0,0,0,0,0
285.769226,285.672272,26,255,233,255,192,1,71,165,129,0,0,0,0,0,0,0
286.483521,286.385254,26,255,233,255,192,1,71,165,129,0,0,0,0,0,0,0
287.252747,287.154419,26,255,233,255,192,1,71,165,129,0,0,0,0,0,0,0
287.967041,287.872437,26,255,233,255,192,1,71,165,129,0,0,0,0,0,0,0
288.736267,288.617065,59,255,233,255,192,1,71,165,129,0,0,0,0,0,0,0
289.505493,289.387817,59,255,233,255,192,1,71,165,129,0,0,0,0,0,0,0
290.219788,290.103577,59,255,233,255,192,1,71,165,129,0,0,0,0,0,0,0
290.989014,290.869415,59,255,233,255,192,1,71,165,129,0,0,0,0,0,0,0
291.703308,291.590393,59,255,233,255,192,1,71,165,129,0,0,0,0,0,0,0
292.472534,292.360413,59,255,233,255,192,1,71,165,129,0,0,0,0,0,0,0
293.186798,293.079834,59,255,233,255,192,1,71,165,129,0,0,0,0,0,0,0
293.956055,293.847687,59,255,233,255,192,1,71,165,129,0,0,0,0,0,0,0
294.670319,294.564270,59,255,233,255,192,1,71,165,129,0,0,0,0,0,0,0
295.439575,295.340515,59,255,233,255,192,1,71,165,129,0,0,0,0,0,0,0
296.153839,296.053894,59,255,233,255,192,1,71,165,129,0,0,0,0,0,0,0
296.923065,296.801697,137,255,233,255,192,1,71,165,129,0,0,0,0,0,0,0
297.692322,297.576721,137,255,233,255,192,1,71,165,129,0,0,0,0,0,0,0
298.406586,298.296356,137,255,233,255,192,1,71,165,129,0,0,0,0,0,0,0
299.175812,299.065948,137,255,233,255,192,1,71,165,129,0,0,0,0,0,0,0
299.890106,299.783142,137,255,233,255,192,1,71,165,129,0,0,0,0,0,0,0
300.659332,300.560944,137,255,233,255,192,1,71,165,129,0,0,0,0,0,0,0
301.428558,301.307709,108,255,233,255,192,1,71,165,129,0,0,0,0,0,0,0
302.142853,302.024567,108,255,233,255,192,1,71,165,129,0,0,0,0,0,0,0
302.912079,302.795197,108,255,233,255,192,1,71,165,129,0,0,0,0,0,0,0
303.626373,303.516144,108,255,233,255,192,1,71,165,129,0,0,0,0,0,0,0
304.395599,304.290253,108,255,233,255,192,1,71,165,129,0,0,0,0,0,0,0
305.109894,305.008850,108,255,233,255,192,1,71,165,129,0,0,0,0,0,0,0
305.879120,305.774261,108,255,233,255,192,1,71,165,129,0,0,0,0,0,0,0
306.648346,306.493896,108,255,233,255,192,1,71,165,129,0,0,0,0,0,0,0
307.362640,307.236603,108,255,233,255,192,1,71,165,129,0,0,0,0,0,0,0
308.131866,308.010529,108,255,233,255,192,1,71,165,129,0,0,0,0,0,0,0
308.846161,308.726135,108,255,233,255,192,1,71,165,129,0,0,0,0,0,0,0
309.615387,309.505341,178,255,233,255,192,1,71,165,129,0,0,0,0,0,0,0
310.384613,310.257172,178,255,233,255,192,1,71,165,129,0,0,0,0,0,0,0
311.098907,310.971466,178,255,233,255,192,1,71,165,129,0,0,0,0,0,0,0
311.868134,311.747528,64,255,233,255,192,1,71,165,129,0,0,0,0,0,0,0
312.582428,312.463379,64,255,233,255,192,1,71,165,129,0,0,0,0,0,0,0
313.351654,313.238831,64,255,233,255,192,1,71,165,129,0,0,0,0,0,0,0
314.065948,313.957367,64,255,233,255,192,1,71,165,129,0,0,0,0,0,0,0
314.835175,314.731598,172,255,233,255,192,1,71,165,129,0,0,0,0,0,0,0
315.604401,315.480316,172,255,233,255,192,1,71,165,129,0,0,0,0,0,0,0
316.318695,316.195374,172,255,233,255,192,1,71,165,129,0,0,0,0,0,0,0
317.087921,316.973206,172,255,233,255,192,1,71,165,129,0,0,0,0,0,0,0
317.802185,317.692230,172,255,233,255,192,1,71,165,129,0,0,0,0,0,0,0
318.571442,318.462708,172,255,233,255,192,1,71,165,129,0,0,0,0,0,0,0
319.285706,319.178406,172,255,233,255,192,1,71,165,129,0,0,0,0,0,0,0
320.054932,319.926422,107,255,233,255,192,1,71,165,129,0,0,0,0,0,0,0
320.824188,320.702881,107,255,233,255,192,1,71,165,129,0,0,0,0,0,0,0
321.538452,321.422333,107,255,233,255,192,1,71,165,129,0,0,0,0,0,0,0
322.307678,322.194824,107,255,233,255,192,1,71,165,129,0,0,0,0,0,0,0
323.021973,322.909821,107,255,233,255,192,1,71,165,129,0,0,0,0,0,0,0
323.791199,323.661316,107,255,233,255,192,1,71,165,129,0,0,0,0,0,0,0
324.560425,324.433319,107,255,233,255,192,1,71,165,129,0,0,0,0,0,0,0
325.274719,325.145538,107,255,233,255,192,1,71,165,129,0,0,0,0,0,0,0
326.043945,325.915222,107,255,233,255,192,1,71,165,129,0,0,0,0,0,0,0
326.758240,326.628632,107,255,233,255,192,1,71,165,129,0,0,0,0,0,0,0
327.527466,327.403748,107,255,233,255,192,1,71,165,129,0,0,0,0,0,0,0
328.241760,328.115570,107,255,233,255,192,1,71,165,129,0,0,0,0,0,0,0
329.010986,328.885498,107,255,233,255,192,1,71,165,129,0,0,0,0,0,0,0
329.725281,329.600616,107,255,233,255,192,1,71,165,129,0,0,0,0,0,0,0
330.494507,330.373566,31,255,233,255,192,1,71,165,129,0,0,0,0,0,0,0
331.208801,331.094147,31,255,233,255,192,1,71,165,129,0,0,0,0,0,0,0
331.978027,331.860657,31,255,233,255,192,1,71,165,129,0,0,0,0,0,0,0
332.692322,332.575104,31,255,233,255,192,1,71,165,129,0,0,0,0,0,0,0
333.461548,333.341492,31,255,233,255,192,1,71,165,129,0,0,0,0,0,0,0
334.175812,334.058777,31,255,233,255,192,1,71,165,129,0,0,0,0,0,0,0
334.945068,334.830933,31,255,233,255,192,1,71,165,129,0,0,0,0,0,0,0
335.659332,335.547943,31,255,233,255,192,1,71,165,129,0,0,0,0,0,0,0
336.428558,336.314453,31,255,233,255,192,1,71,165,129,0,0,0,0,0,0,0
337.197815,337.061371,31,255,233,255,192,1,71,165,129,0,0,0,0,0,0,0
337.912079,337.780212,31,255,233,255,192,1,71,165,129,0,0,0,0,0,0,0
338.681305,338.562683,31,255,233,255,192,1,71,165,129,0,0,0,0,0,0,0
339.395599,339.276672,31,255,233,255,192,1,71,165,129,0,0,0,0,0,0,0
340.164825,340.048004,31,255,233,255,192,1,71,165,129,0,0,0,0,0,0,0
340.934052,340.798615,31,255,233,255,192,1,71,165,129,0,0,0,0,0,0,0
341.648346,341.535767,31,255,233,255,192,1,71,165,129,0,0,0,0,0,0,0
342.417572,342.285339,31,255,233,255,192,1,71,165,129,0,0,0,0,0,0,0
343.131866,343.008820,31,255,233,255,192,1,71,165,129,0,0,0,0,0,0,0
343.901093,343.778442,31,255,233,255,192,1,71,165,129,0,0,0,0,0,0,0
344.615387,344.496063,31,255,233,255,192,1,71,165,129,0,0,0,0,0,0,0
345.384613,345.267578,31,255,233,255,192,1,71,165,129,0,0,0,0,0,0,0
346.153839,345.985168,31,255,233,255,192,1,71,165,129,0,0,0,0,0,0,0
346.868134,346.736542,31,255,233,255,192,1,71,165,129,0,0,0,0,0,0,0
347.637360,347.505310,31,255,233,255,192,1,71,165,129,0,0,0,0,0,0,0
348.351654,348.223755,31,255,233,255,192,1,71,165,129,0,0,0,0,0,0,0
349.120880,349.003296,31,255,233,255,192,1,71,165,129,0,0,0,0,0,0,0
349.890106,349.751312,31,255,233,255,192,1,71,165,129,0,0,0,0,0,0,0
350.604401,350.466888,31,255,233,255,192,1,71,165,129,0,0,0,0,0,0,0
351.373627,351.245667,31,255,233,255,192,1,71,165,129,0,0,0,0,0,0,0
352.087921,351.962341,31,255,233,255,192,1,71,165,129,0,0,0,0,0,0,0
352.857147,352.734467,31,255,233,255,192,1,71,165,129,0,0,0,0,0,0,0
353.571442,353.448914,31,255,233,255,192,1,71,165,129,0,0,0,0,0,0,0
354.340668,354.219513,31,255,233,255,192,1,71,165,129,0,0,0,0,0,0,0
355.054932,354.934570,31,255,233,255,192,1,71,165,129,0,0,0,0,0,0,0
355.824188,355.680847,31,255,233,255,192,1,71,165,129,0,0,0,0,0,0,0
356.593414,356.450378,31,255,233,255,192,1,71,165,129,0,0,0,0,0,0,0
357.307678,357.165558,31,255,233,255,192,1,71,165,129,0,0,0,0,0,0,0
358.076935,357.935791,31,255,233,255,192,1,71,165,129,0,0,0,0,0,0,0
358.791199,358.650879,31,255,233,255,192,1,71,165,129,0,0,0,0,0,0,0
359.560425,359.428223,31,255,233,255,192,1,71,165,129,0,0,0,0,0,0,0
360.274719,360.138885,31,255,233,255,192,1,71,165,129,0,0,0,0,0,0,0
361.043945,360.916565,31,255,233,255,192,1,71,165,129,0,0,0,0,0,0,0
361.758240,361.632629,31,255,233,255,192,1,71,165,129,0,0,0,0,0,0,0
362.527466,362.401794,31,255,233,255,192,1,71,165,129,0,0,0,0,0,0,0
363.241760,363.118103,31,255,233,255,192,1,71,165,129,0,0,0,0,0,0,0
364.010986,363.865051,31,255,233,255,192,1,71,165,129,0,0,0,0,0,0,0
364.780212,364.640259,31,255,233,255,192,1,71,165,129,0,0,0,0,0,0,0
365.494507,365.358246,31,255,233,255,192,1,71,165,129,0,0,0,0,0,0,0
366.263733,366.128326,31,255,233,255,192,1,71,165,129,0,0,0,0,0,0,0
366.978027,366.838196,31,255,233,255,192,1,71,165,129,0,0,0,0,0,0,0
367.747253,367.609863,31,255,233,255,192,1,71,165,129,0,0,0,0,0,0,0
368.461548,368.328003,31,255,233,255,192,1,71,165,129,0,0,0,0,0,0,0
369.230774,369.092896,31,255,233,255,192,1,71,165,129,0,0,0,0,0,0,0
369.945068,369.813416,31,255,233,255,192,1,71,165,129,0,0,0,0,0,0,0
370.714294,370.589600,31,255,233,255,192,1,71,165,129,0,0,0,0,0,0,0
371.428558,371.305023,31,255,233,255,192,1,71,165,129,0,0,0,0,0,0,0
372.197815,372.067810,31,255,233,255,192,1,71,165,129,0,0,0,0,0,0,0
372.967041,372.817841,31,255,233,255,192,1,71,165,129,0,0,0,0,0,0,0
373.681305,373.535645,31,255,233,255,192,1,71,165,129,0,0,0,0,0,0,0
374.450562,374.304749,31,255,233,255,192,1,71,165,129,0,0,0,0,0,0,0
375.164825,375.023560,31,255,233,255,192,1,71,165,129,0,0,0,0,0,0,0
375.934052,375.796539,31,255,233,255,192,1,71,165,129,0,0,0,0,0,0,0
376.648346,376.518005,253,255,233,255,192,1,71,165,129,0,0,0,0,0,0,0
377.417572,377.288086,253,255,233,255,192,1,71,165,129,0,0,0,0,0,0,0
378.186798,378.035919,91,255,233,255,192,1,71,165,129,0,0,0,0,0,0,0
378.901093,378.752960,91,255,233,255,192,1,71,165,129,0,0,0,0,0,0,0
379.670319,379.522797,91,255,233,255,192,1,71,165,129,0,0,0,0,0,0,0
380.384613,380.243347,91,255,233,255,192,1,71,165,129,0,0,0,0,0,0,0
381.153839,381.018951,91,255,233,255,192,1,71,165,129,0,0,0,0,0,0,0
381.868134,381.732391,91,255,233,255,192,1,71,165,129,0,0,0,0,0,0,0
382.637360,382.505096,91,255,233,255,192,1,71,165,129,0,0,0,0,0,0,0
383.351654,383.222992,91,255,233,255,192,1,71,165,129,0,0,0,0,0,0,0
384.120880,383.967499,91,255,233,255,192,1,71,165,129,0,0,0,0,0,0,0
384.890106,384.739716,91,255,233,255,192,1,71,165,129,0,0,0,0,0,0,0
385.604401,385.462158,91,255,233,255,192,1,71,165,129,0,0,0,0,0,0,0
386.373627,386.239685,169,255,233,255,192,1,71,165,129,0,0,0,0,0,0,0
387.142853,386.988312,169,255,233,255,192,1,71,165,129,0,0,0,0,0,0,0
387.857147,387.703888,169,255,233,255,192,1,71,165,129,0,0,0,0,0,0,0
388.626373,388.472809,104,255,233,255,192,1,71,165,129,0,0,0,0,0,0,0
389.340668,389.194122,104,255,233,255,192,1,71,165,129,0,0,0,0,0,0,0
390.109894,389.968842,104,255,233,255,192,1,71,165,129,0,0,0,0,0,0,0
390.824188,390.684937,104,255,233,255,192,1,71,165,129,0,0,0,0,0,0,0
391.593414,391.461609,104,255,233,255,192,1,71,165,129,0,0,0,0,0,0,0
392.362640,392.210541,104,255,233,255,192,1,71,165,129,0,0,0,0,0,0,0
393.076935,392.932159,104,255,233,255,192,1,71,165,129,0,0,0,0,0,0,0
393.846161,393.705414,104,255,233,255,192,1,71,165,129,0,0,0,0,0,0,0
394.560425,394.419708,197,255,233,255,192,1,71,165,129,0,0,0,0,0,0,0
395.329681,395.194733,197,255,233,255,192,1,71,165,129,0,0,0,0,0,0,0
396.043945,395.908264,197,255,233,255,192,1,71,165,129,0,0,0,0,0,0,0
396.813202,396.659454,211,255,233,255,192,1,71,165,129,0,0,0,0,0,0,0
397.582428,397.431946,211,255,233,255,192,1,71,165,129,0,0,0,0,0,0,0
398.296692,398.150299,211,255,233,255,192,1,71,165,129,0,0,0,0,0,0,0
399.065948,398.919891,211,255,233,255,192,1,71,165,129,0,0,0,0,0,0,0
399.780212,399.639008,211,255,233,255,192,1,71,165,129,0,0,0,0,0,0,0
400.549438,400.406250,211,255,233,255,192,1,71,165,129,0,0,0,0,0,0,0
401.263733,401.126770,211,255,233,255,192,1,71,165,129,0,0,0,0,0,0,0
402.032959,401.873779,211,255,233,255,192,1,71,165,129,0,0,0,0,0,0,0
402.802185,402.648438,211,255,233,255,192,1,71,165,129,0,0,0,0,0,0,0
403.516479,403.365936,211,255,233,255,192,1,71,165,129,0,0,0,0,0,0,0
404.285706,404.140289,211,255,233,255,192,1,71,165,129,0,0,0,0,0,0,0
405.000000,404.854980,211,255,233,255,192,1,71,165,129,0,0,0,0,0,0,0
405.769226,405.632599,211,255,233,255,192,1,71,165,129,0,0,0,0,0,0,0
406.538452,406.381165,211,255,233,255,192,1,71,165,129,0,0,0,0,0,0,0
407.252747,407.100555,211,255,233,255,192,1,71,165,129,0,0,0,0,0,0,0
408.021973,407.876587,211,255,233,255,192,1,71,165,129,0,0,0,0,0,0,0
408.736267,408.592682,211,255,233,255,192,1,71,165,129,0,0,0,0,0,0,0
409.505493,409.365173,211,255,233,255,192,1,71,165,129,0,0,0,0,0,0,0
410.219788,410.080200,211,255,233,255,192,1,71,165,129,0,0,0,0,0,0,0
410.989014,410.852478,211,255,233,255,192,1,71,165,129,0,0,0,0,0,0,0
411.703308,411.563324,211,255,233,255,192,1,71,165,129,0,0,0,0,0,0,0
412.472534,412.334900,211,255,233,255,192,1,71,165,129,0,0,0,0,0,0,0
413.241760,413.080078,211,255,233,255,192,1,71,165,129,0,0,0,0,0,0,0
413.956055,413.794342,211,255,233,255,192,1,71,165,129,0,0,0,0,0,0,0
414.725281,414.565613,211,255,233,255,192,1,71,165,129,0,0,0,0,0,0,0
415.439575,415.283325,211,255,233,255,192,1,71,165,129,0,0,0,0,0,0,0
416.208801,416.057465,211,255,233,255,192,1,71,165,129,0,0,0,0,0,0,0
416.923065,416.771332,211,255,233,255,192,1,71,165,129,0,0,0,0,0,0,0
417.692322,417.542694,211,255,233,255,192,1,71,165,129,0,0,0,0,0,0,0
418.406586,418.259552,211,255,233,255,192,1,71,165,129,0,0,0,0,0,0,0
419.175812,419.024963,211,255,233,255,192,1,71,165,129,0,0,0,0,0,0,0
419.890106,419.747101,211,255,233,255,192,1,71,165,129,0,0,0,0,0,0,0
420.659332,420.510651,211,255,233,255,192,1,71,165,129,0,0,0,0,0,0,0
421.373627,421.227325,211,255,233,255,192,1,71,165,129,0,0,0,0,0,0,0
422.142853,421.997803,211,255,233,255,192,1,71,165,129,0,0,0,0,0,0,0
422.912079,422.745056,211,255,233,255,192,1,71,165,129,0,0,0,0,0,0,0
423.626373,423.460052,211,255,233,255,192,1,71,165,129,0,0,0,0,0,0,0
424.395599,424.233124,211,255,233,255,192,1,71,165,129,0,0,0,0,0,0,0
425.109894,424.952881,211,255,233,255,192,1,71,165,129,0,0,0,0,0,0,0
425.879120,425.721680,211,255,233,255,192,1,71,165,129,0,0,0,0,0,0,0
426.593414,426.439423,211,255,233,255,192,1,71,165,129,0,0,0,0,0,0,0
427.362640,427.209137,211,255,233,255,192,1,71,165,129,0,0,0,0,0,0,0
428.076935,427.920746,42,255,233,255,192,1,71,165,129,0,0,0,0,0,0,0
428.846161,428.694458,42,255,233,255,192,1,71,165,129,0,0,0,0,0,0,0
429.560425,429.413422,42,255,233,255,192,1,71,165,129,0,0,0,0,0,0,0
430.329681,430.164154,42,255,233,255,192,1,71,165,129,0,0,0,0,0,0,0
431.098907,430.935455,42,255,233,255,192,1,71,165,129,0,0,0,0,0,0,0
431.813202,431.655304,42,255,233,255,192,1,71,165,129,0,0,0,0,0,0,0
432.582428,432.423859,42,255,233,255,192,1,71,165,129,0,0,0,0,0,0,0
433.296692,433.145264,42,255,233,255,192,1,71,165,129,0,0,0,0,0,0,0
434.065948,433.917084,42,255,233,255,192,1,71,165,129,0,0,0,0,0,0,0
434.835175,434.666260,42,255,233,255,192,1,71,165,129,0,0,0,0,0,0,0
435.549438,435.382629,42,255,233,255,192,1,71,165,129,0,0,0,0,0,0,0
436.318695,436.152740,42,255,233,255,192,1,71,165,129,0,0,0,0,0,0,0
437.032959,436.871857,42,255,233,255,192,1,71,165,129,0,0,0,0,0,0,0
437.802185,437.646149,42,255,233,255,192,1,71,165,129,0,0,0,0,0,0,0
438.516479,438.364929,42,255,233,255,192,1,71,165,129,0,0,0,0,0,0,0
439.285706,439.137085,42,255,233,255,192,1,71,165,129,0,0,0,0,0,0,0
440.054932,439.885010,42,255,233,255,192,1,71,165,129,0,0,0,0,0,0,0
440.769226,440.603119,42,255,233,255,192,1,71,165,129,0,0,0,0,0,0,0
441.538452,441.378510,42,255,233,255,192,1,71,165,129,0,0,0,0,0,0,0
442.252747,442.091827,42,255,233,255,192,1,71,165,129,0,0,0,0,0,0,0
443.021973,442.871063,42,255,233,255,192,1,71,165,129,0,0,0,0,0,0,0
443.791199,443.618347,42,255,233,255,192,1,71,165,129,0,0,0,0,0,0,0
444.505493,444.335236,42,255,233,255,192,1,71,165,129,0,0,0,0,0,0,0
445.274719,445.107208,42,255,233,255,192,1,71,165,129,0,0,0,0,0,0,0
445.989014,445.822327,42,255,233,255,192,1,71,165,129,0,0,0,0,0,0,0
446.758240,446.595490,42,255,233,255,192,1,71,165,129,0,0,0,0,0,0,0
447.472534,447.314301,42,255,233,255,192,1,71,165,129,0,0,0,0,0,0,0
448.241760,448.083069,42,255,233,255,192,1,71,165,129,0,0,0,0,0,0,0
448.956055,448.796143,42,255,233,255,192,1,71,165,129,0,0,0,0,0,0,0
449.725281,449.574127,42,255,233,255,192,1,71,165,129,0,0,0,0,0,0,0
450.494507,450.288788,42,255,233,255,192,1,71,165,129,0,0,0,0,0,0,0
451.208801,451.056122,42,255,233,255,192,1,71,165,129,0,0,0,0,0,0,0
451.923065,451.770050,42,255,233,255,192,1,71,165,129,0,0,0,0,0,0,0
452.692322,452.537445,42,255,233,255,192,1,71,165,129,0,0,0,0,0,0,0
453.461548,453.284546,42,255,233,255,192,1,71,165,129,0,0,0,0,0,0,0
454.175812,454.000610,42,255,233,255,192,1,71,165,129,0,0,0,0,0,0,0
454.945068,454.775665,42,255,233,255,192,1,71,165,129,0,0,0,0,0,0,0
455.659332,455.493896,42,255,233,255,192,1,71,165,129,0,0,0,0,0,0,0
456.428558,456.267609,51,255,233,255,192,1,71,165,129,0,0,0,0,0,0,0
457.142853,456.981445,51,255,233,255,192,1,71,165,129,0,0,0,0,0,0,0
457.912079,457.755127,51,255,233,255,192,1,71,165,129,0,0,0,0,0,0,0
458.626373,458.469055,51,255,233,255,192,1,71,165,129,0,0,0,0,0,0,0
459.395599,459.238953,51,255,233,255,192,1,71,165,129,0,0,0,0,0,0,0
460.109894,459.949799,51,255,233,255,192,1,71,165,129,0,0,0,0,0,0,0
460.879120,460.721832,51,255,233,255,192,1,71,165,129,0,0,0,0,0,0,0
461.593414,461.437317,51,255,233,255,192,1,71,165,129,0,0,0,0,0,0,0
462.362640,462.182434,51,255,233,255,192,1,71,165,129,0,0,0,0,0,0,0
463.131866,462.950287,51,255,233,255,192,1,71,165,129,0,0,0,0,0,0,0
463.846161,463.668915,51,255,233,255,192,1,71,165,129,0,0,0,0,0,0,0
464.615387,464.441406,51,255,233,255,192,1,71,165,129,0,0,0,0,0,0,0
465.329681,465.156982,51,255,233,255,192,1,71,165,129,0,0,0,0,0,0,0
466.098907,465.934265,51,255,233,255,192,1,71,165,129,0,0,0,0,0,0,0
466.813202,466.650726,51,255,233,255,192,1,71,165,129,0,0,0,0,0,0,0
467.582428,467.421509,51,255,233,255,192,1,71,165,129,0,0,0,0,0,0,0
468.351654,468.168823,48,255,233,255,192,1,71,165,129,0,0,0,0,0,0,0
469.065948,468.886322,48,255,233,255,192,1,71,165,129,0,0,0,0,0,0,0
469.835175,469.653992,48,255,233,255,192,1,71,165,129,0,0,0,0,0,0,0
470.549438,470.371094,48,255,233,255,192,1,71,165,129,0,0,0,0,0,0,0
471.318695,471.142487,48,255,233,255,192,1,71,165,129,0,0,0,0,0,0,0
472.032959,471.862946,48,255,233,255,192,1,71,165,129,0,0,0,0,0,0,0
472.802185,472.631653,48,255,233,255,192,1,71,165,129,0,0,0,0,0,0,0
473.516479,473.348602,48,255,233,255,192,1,71,165,129,0,0,0,0,0,0,0
474.285706,474.122284,48,255,233,255,192,1,71,165,129,0,0,0,0,0,0,0
475.000000,474.838348,48,255,233,255,192,1,71,165,129,0,0,0,0,0,0,0
475.769226,475.591339,48,255,233,255,192,1,71,165,129,0,0,0,0,0,0,0
476.538452,476.364746,48,255,233,255,192,1,71,165,129,0,0,0,0,0,0,0
477.252747,477.084442,39,255,233,255,192,1,71,165,129,0,0,0,0,0,0,0
478.021973,477.859833,39,255,233,255,192,1,71,165,129,0,0,0,0,0,0,0
478.736267,478.574493,39,255,233,255,192,1,71,165,129,0,0,0,0,0,0,0
479.505493,479.318695,39,255,233,255,192,1,71,165,129,0,0,0,0,0,0,0
480.274719,480.096344,39,255,233,255,192,1,71,165,129,0,0,0,0,0,0,0
480.989014,480.817535,39,255,233,255,192,1,71,165,129,0,0,0,0,0,0,0
481.758240,481.594818,39,255,233,255,192,1,71,165,129,0,0,0,0,0,0,0
482.527466,482.310699,39,255,233,255,192,1,71,165,129,0,0,0,0,0,0,0
483.241760,483.054840,39,255,233,255,192,1,71,165,129,0,0,0,0,0,0,0
484.010986,483.827148,39,255,233,255,192,1,71,165,129,0,0,0,0,0,0,0
484.725281,484.543335,39,255,233,255,192,1,71,165,129,0,0,0,0,0,0,0
485.494507,485.321869,39,255,233,255,192,1,71,165,129,0,0,0,0,0,0,0
486.208801,486.038147,39,255,233,255,192,1,71,165,129,0,0,0,0,0,0,0
486.978027,486.806152,39,255,233,255,192,1,71,165,129,0,0,0,0,0,0,0
487.692322,487.522827,39,255,233,255,192,1,71,165,129,0,0,0,0,0,0,0
488.461548,488.295105,39,255,233,255,192,1,71,165,129,0,0,0,0,0,0,0
489.230774,489.042877,39,255,233,255,192,1,71,165,129,0,0,0,0,0,0,0
489.945068,489.759003,39,255,233,255,192,1,71,165,129,0,0,0,0,0,0,0
490.714294,490.545471,39,255,233,255,192,1,71,165,129,0,0,0,0,0,0,0
491.483521,491.293793,39,255,233,255,192,1,71,165,129,0,0,0,0,0,0,0
492.197815,492.011780,30,255,233,255,192,1,71,165,129,0,0,0,0,0,0,0
492.967041,492.789612,30,255,233,255,192,1,71,165,129,0,0,0,0,0,0,0
493.681305,493.507080,30,255,233,255,192,1,71,165,129,0,0,0,0,0,0,0
494.450562,494.280548,71,255,233,255,192,1,71,165,129,0,0,0,0,0,0,0
495.219788,495.029938,71,255,233,255,192,1,71,165,129,0,0,0,0,0,0,0
495.934052,495.751770,71,255,233,255,192,1,71,165,129,0,0,0,0,0,0,0
496.703308,496.516113,71,255,233,255,192,1,71,165,129,0,0,0,0,0,0,0
497.417572,497.237152,71,255,233,255,192,1,71,165,129,0,0,0,0,0,0,0
498.186798,498.009125,71,255,233,255,192,1,71,165,129,0,0,0,0,0,0,0
498.901093,498.724487,71,255,233,255,192,1,71,165,129,0,0,0,0,0,0,0
499.670319,499.497772,71,255,233,255,192,1,71,165,129,0,0,0,0,0,0,0
500.439575,500.245453,71,255,233,255,192,1,71,165,129,0,0,0,0,0,0,0
501.153839,500.965759,71,255,233,255,192,1,71,165,129,0,0,0,0,0,0,0
501.923065,501.733429,71,255,233,255,192,1,71,165,129,0,0,0,0,0,0,0
502.637360,502.451599,71,255,233,255,192,1,71,165,129,0,0,0,0,0,0,0
503.406586,503.228210,26,255,233,255,192,1,71,165,129,0,0,0,0,0,0,0
504.175812,503.980682,26,255,233,255,192,1,71,165,129,0,0,0,0,0,0,0
504.890106,504.719391,26,255,233,255,192,1,71,165,129,0,0,0,0,0,0,0
505.659332,505.462677,26,255,233,255,192,1,71,165,129,0,0,0,0,0,0,0
506.373627,506.181976,26,255,233,255,192,1,71,165,129,0,0,0,0,0,0,0
507.142853,506.950287,26,255,233,255,192,1,71,165,129,0,0,0,0,0,0,0
507.857147,507.669037,24,255,233,255,192,1,71,165,129,0,0,0,0,0,0,0
508.626373,508.447601,24,255,233,255,192,1,71,165,129,0,0,0,0,0,0,0
509.340668,509.160217,24,255,233,255,192,1,71,165,129,0,0,0,0,0,0,0
510.109894,509.936584,24,255,233,255,192,1,71,165,129,0,0,0,0,0,0,0
510.879120,510.681366,24,255,233,255,192,1,71,165,129,0,0,0,0,0,0,0
511.593414,511.395325,24,255,233,255,192,1,71,165,129,0,0,0,0,0,0,0
512.362610,512.168396,24,255,233,255,192,1,71,165,129,0,0,0,0,0,0,0
513.076904,512.882568,24,255,233,255,192,1,71,165,129,0,0,0,0,0,0,0
513.846130,513.651733,24,255,233,255,192,1,71,165,129,0,0,0,0,0,0,0
514.560425,514.365967,24,255,233,255,192,1,71,165,129,0,0,0,0,0,0,0
515.329651,515.141418,24,255,233,255,192,1,71,165,129,0,0,0,0,0,0,0
516.043945,515.854492,24,255,233,255,192,1,71,165,129,0,0,0,0,0,0,0
516.813171,516.627441,24,255,233,255,192,1,71,165,129,0,0,0,0,0,0,0
517.527466,517.346069,24,255,233,255,192,1,71,165,129,0,0,0,0,0,0,0
518.296692,518.107788,24,255,233,255,192,1,71,165,129,0,0,0,0,0,0,0
519.010986,518.823975,24,255,233,255,192,1,71,165,129,0,0,0,0,0,0,0
519.780212,519.594971,24,255,233,255,192,1,71,165,129,0,0,0,0,0,0,0
520.494507,520.308716,24,255,233,255,192,1,71,165,129,0,0,0,0,0,0,0
521.263733,521.078491,24,255,233,255,192,1,71,165,129,0,0,0,0,0,0,0
521.978027,521.796570,24,255,233,255,192,1,71,165,129,0,0,0,0,0,0,0
522.747253,522.569397,24,255,233,255,192,1,71,165,129,0,0,0,0,0,0,0
523.516479,523.316711,24,255,233,255,192,1,71,165,129,0,0,0,0,0,0,0
524.230774,524.043030,24,255,233,255,192,1,71,165,129,0,0,0,0,0,0,0
525.000000,524.813232,24,255,233,255,192,1,71,165,129,0,0,0,0,0,0,0
525.714294,525.531677,24,255,233,255,192,1,71,165,129,0,0,0,0,0,0,0
526.483521,526.280151,24,255,233,255,192,1,71,165,129,0,0,0,0,0,0,0
527.252747,527.053589,24,255,233,255,192,1,71,165,129,0,0,0,0,0,0,0
527.967041,527.776062,24,255,233,255,192,1,71,165,129,0,0,0,0,0,0,0
528.736267,528.552490,24,255,233,255,192,1,71,165,129,0,0,0,0,0,0,0
529.505493,529.301575,24,255,233,255,192,1,71,165,129,0,0,0,0,0,0,0
530.219788,530.019592,24,255,233,255,192,1,71,165,129,0,0,0,0,0,0,0
530.989014,530.789001,24,255,233,255,192,1,71,165,129,0,0,0,0,0,0,0
531.703308,531.505615,24,255,233,255,192,1,71,165,129,0,0,0,0,0,0,0
532.472534,532.274353,24,255,233,255,192,1,71,165,129,0,0,0,0,0,0,0
533.186829,532.987793,24,255,233,255,192,1,71,165,129,0,0,0,0,0,0,0
533.956055,533.765198,24,255,233,255,192,1,71,165,129,0,0,0,0,0,0,0
534.670349,534.479858,24,255,233,255,192,1,71,165,129,0,0,0,0,0,0,0
535.439575,535.258057,24,255,233,255,192,1,71,165,129,0,0,0,0,0,0,0
536.153870,535.971680,24,255,233,255,192,1,71,165,129,0,0,0,0,0,0,0
536.923096,536.719604,24,255,233,255,192,1,71,165,129,0,0,0,0,0,0,0
537.692322,537.498962,24,255,233,255,192,1,71,165,129,0,0,0,0,0,0,0
538.406616,538.220520,24,255,233,255,192,1,71,165,129,0,0,0,0,0,0,0
539.175842,538.989136,24,255,233,255,192,1,71,165,129,0,0,0,0,0,0,0
539.945068,539.739258,24,255,233,255,192,1,71,165,129,0,0,0,0,0,0,0
540.659363,540.454834,24,255,233,255,192,1,71,165,129,0,0,0,0,0,0,0
541.428589,541.227356,24,255,233,255,192,1,71,165,129,0,0,0,0,0,0,0
542.142883,541.939880,24,255,233,255,192,1,71,165,129,0,0,0,0,0,0,0
542.912109,542.716248,24,255,233,255,192,1,71,165,129,0,0,0,0,0,0,0
543.626404,543.434021,24,255,233,255,192,1,71,165,129,0,0,0,0,0,0,0
544.395630,544.205566,24,255,233,255,192,1,71,165,129,0,0,0,0,0,0,0
545.109863,544.920715,24,255,233,255,192,1,71,165,129,0,0,0,0,0,0,0
545.879150,545.694153,24,255,233,255,192,1,71,165,129,0,0,0,0,0,0,0
546.648376,546.438843,24,255,233,255,192,1,71,165,129,0,0,0,0,0,0,0
547.362610,547.157837,24,255,233,255,192,1,71,165,129,0,0,0,0,0,0,0
548.131897,547.928772,24,255,233,255,192,1,71,165,129,0,0,0,0,0,0,0
548.846130,548.643250,24,255,233,255,192,1,71,165,129,0,0,0,0,0,0,0
549.615356,549.411011,24,255,233,255,192,1,71,165,129,0,0,0,0,0,0,0
550.329651,550.136597,24,255,233,255,192,1,71,165,129,0,0,0,0,0,0,0
551.098877,550.905762,24,255,233,255,192,1,71,165,129,0,0,0,0,0,0,0
551.813171,551.624146,24,255,233,255,192,1,71,165,129,0,0,0,0,0,0,0
552.582397,552.370789,24,255,233,255,192,1,71,165,129,0,0,0,0,0,0,0
553.351624,553.145630,24,255,233,255,192,1,71,165,129,0,0,0,0,0,0,0
554.065918,553.860352,24,255,233,255,192,1,71,165,129,0,0,0,0,0,0,0
554.835144,554.628967,24,255,233,255,192,1,71,165,129,0,0,0,0,0,0,0
555.549438,555.352173,24,255,233,255,192,1,71,165,129,0,0,0,0,0,0,0
556.318665,556.107178,24,255,233,255,192,1,71,165,129,0,0,0,0,0,0,0
557.087891,556.875122,24,255,233,255,192,1,71,165,129,0,0,0,0,0,0,0
557.802185,557.593384,24,255,233,255,192,1,71,165,129,0,0,0,0,0,0,0
558.571411,558.364990,24,255,233,255,192,1,71,165,129,0,0,0,0,0,0,0
559.285706,559.088745,226,255,233,255,192,1,71,165,129,0,0,0,0,0,0,0
560.054932,559.854309,226,255,233,255,192,1,71,165,129,0,0,0,0,0,0,0
560.769226,560.575256,226,255,233,255,192,1,71,165,129,0,0,0,0,0,0,0
561.538452,561.343994,226,255,233,255,192,1,71,165,129,0,0,0,0,0,0,0
562.252747,562.058838,226,255,233,255,192,1,71,165,129,0,0,0,0,0,0,0
563.021973,562.806946,226,255,233,255,192,1,71,165,129,0,0,0,0,0,0,0
563.791199,563.577393,226,255,233,255,192,1,71,165,129,0,0,0,0,0,0,0
564.505493,564.291992,226,255,233,255,192,1,71,165,129,0,0,0,0,0,0,0
565.274719,565.065674,226,255,233,255,192,1,71,165,129,0,0,0,0,0,0,0
565.989014,565.786194,226,255,233,255,192,1,71,165,129,0,0,0,0,0,0,0
566.758240,566.558044,226,255,233,255,192,1,71,165,129,0,0,0,0,0,0,0
567.472534,567.270569,226,255,233,255,192,1,71,165,129,0,0,0,0,0,0,0
568.241760,568.044434,226,255,233,255,192,1,71,165,129,0,0,0,0,0,0,0
569.010986,568.791626,226,255,233,255,192,1,71,165,129,0,0,0,0,0,0,0
569.725281,569.510132,226,255,233,255,192,1,71,165,129,0,0,0,0,0,0,0
570.494507,570.285767,226,255,233,255,192,1,71,165,129,0,0,0,0,0,0,0
571.208801,571.002258,226,255,233,255,192,1,71,165,129,0,0,0,0,0,0,0
571.978027,571.772705,226,255,233,255,192,1,71,165,129,0,0,0,0,0,0,0
572.692322,572.497070,226,255,233,255,192,1,71,165,129,0,0,0,0,0,0,0
573.461548,573.247375,226,255,233,255,192,1,71,165,129,0,0,0,0,0,0,0
574.230774,574.018250,226,255,233,255,192,1,71,165,129,0,0,0,0,0,0,0
574.945068,574.737915,226,255,233,255,192,1,71,165,129,0,0,0,0,0,0,0
575.714294,575.511292,226,255,233,255,192,1,71,165,129,0,0,0,0,0,0,0
576.428589,576.225586,226,255,233,255,192,1,71,165,129,0,0,0,0,0,0,0
577.197815,576.996277,226,255,233,255,192,1,71,165,129,0,0,0,0,0,0,0
577.967041,577.747009,226,255,233,255,192,1,71,165,129,0,0,0,0,0,0,0
578.681335,578.464844,142,255,233,255,192,1,71,165,129,0,0,0,0,0,0,0
579.450562,579.235840,142,255,233,255,192,1,71,165,129,0,0,0,0,0,0,0
580.164856,579.951355,142,255,233,255,192,1,71,165,129,0,0,0,0,0,0,0
580.934082,580.728577,142,255,233,255,192,1,71,165,129,0,0,0,0,0,0,0
581.648376,581.441467,142,255,233,255,192,1,71,165,129,0,0,0,0,0,0,0
582.417603,582.216675,142,255,233,255,192,1,71,165,129,0,0,0,0,0,0,0
583.131897,582.927002,142,255,233,255,192,1,71,165,129,0,0,0,0,0,0,0
583.901123,583.700806,142,255,233,255,192,1,71,165,129,0,0,0,0,0,0,0
584.670349,584.451111,142,255,233,255,192,1,71,165,129,0,0,0,0,0,0,0
585.384644,585.162720,142,255,233,255,192,1,71,165,129,0,0,0,0,0,0,0
586.153870,585.942383,142,255,233,255,192,1,71,165,129,0,0,0,0,0,0,0
586.868103,586.660217,142,255,233,255,192,1,71,165,129,0,0,0,0,0,0,0
587.637390,587.427124,142,255,233,255,192,1,71,165,129,0,0,0,0,0,0,0
588.351624,588.149902,142,255,233,255,192,1,71,165,129,0,0,0,0,0,0,0
589.120850,588.894226,142,255,233,255,192,1,71,165,129,0,0,0,0,0,0,0
589.835144,589.631653,142,255,233,255,192,1,71,165,129,0,0,0,0,0,0,0
590.604370,590.380859,142,255,233,255,192,1,71,165,129,0,0,0,0,0,0,0
591.373596,591.151001,142,255,233,255,192,1,71,165,129,0,0,0,0,0,0,0
592.087891,591.862488,142,255,233,255,192,1,71,165,129,0,0,0,0,0,0,0
592.857117,592.634155,142,255,233,255,192,1,71,165,129,0,0,0,0,0,0,0
593.571411,593.352234,142,255,233,255,192,1,71,165,129,0,0,0,0,0,0,0
594.340637,594.120789,142,255,233,255,192,1,71,165,129,0,0,0,0,0,0,0
595.054932,594.838745,142,255,233,255,192,1,71,165,129,0,0,0,0,0,0,0
595.824158,595.606018,142,255,233,255,192,1,71,165,129,0,0,0,0,0,0,0
596.538452,596.325989,142,255,233,255,192,1,71,165,129,0,0,0,0,0,0,0
597.307678,597.093750,142,255,233,255,192,1,71,165,129,0,0,0,0,0,0,0
598.021973,597.804871,142,255,233,255,192,1,71,165,129,0,0,0,0,0,0,0
598.791199,598.576477,142,255,233,255,192,1,71,165,129,0,0,0,0,0,0,0
599.505493,599.285889,142,255,233,255,192,1,71,165,129,0,0,0,0,0,0,0
600.274719,600.054077,142,255,233,255,192,1,71,165,129,0,0,0,0,0,0,0
600.989014,600.774353,142,255,233,255,192,1,71,165,129,0,0,0,0,0,0,0
601.758240,601.545776,142,255,233,255,192,1,71,165,129,0,0,0,0,0,0,0
602.472534,602.263489,142,255,233,255,192,1,71,165,129,0,0,0,0,0,0,0
603.241760,603.011902,142,255,233,255,192,1,71,165,129,0,0,0,0,0,0,0
604.010986,603.782593,142,255,233,255,192,1,71,165,129,0,0,0,0,0,0,0
604.725281,604.498352,142,255,233,255,192,1,71,165,129,0,0,0,0,0,0,0
605.494507,605.272095,169,255,233,255,192,1,71,165,129,0,0,0,0,0,0,0
606.208801,605.989197,169,255,233,255,192,1,71,165,129,0,0,0,0,0,0,0
606.978027,606.762634,169,255,233,255,192,1,71,165,129,0,0,0,0,0,0,0
607.692322,607.480225,169,255,233,255,192,1,71,165,129,0,0,0,0,0,0,0
608.461548,608.251831,169,255,233,255,192,1,71,165,129,0,0,0,0,0,0,0
609.230774,608.968384,169,255,233,255,192,1,71,165,129,0,0,0,0,0,0,0
609.945068,609.714966,169,255,233,255,192,1,71,165,129,0,0,0,0,0,0,0
610.714294,610.495972,169,255,233,255,192,1,71,165,129,0,0,0,0,0,0,0
611.428589,611.213257,169,255,233,255,192,1,71,165,129,0,0,0,0,0,0,0
612.197815,611.980896,169,255,233,255,192,1,71,165,129,0,0,0,0,0,0,0
612.912109,612.697144,169,255,233,255,192,1,71,165,129,0,0,0,0,0,0,0
613.681335,613.467651,169,255,233,255,192,1,71,165,129,0,0,0,0,0,0,0
614.395630,614.182007,169,255,233,255,192,1,71,165,129,0,0,0,0,0,0,0
615.164856,614.954041,169,255,233,255,192,1,71,165,129,0,0,0,0,0,0,0
615.934082,615.702515,169,255,233,255,192,1,71,165,129,0,0,0,0,0,0,0
616.648376,616.421509,169,255,233,255,192,1,71,165,129,0,0,0,0,0,0,0
617.417603,617.195557,169,255,233,255,192,1,71,165,129,0,0,0,0,0,0,0
618.131897,617.913757,169,255,233,255,192,1,71,165,129,0,0,0,0,0,0,0
618.901123,618.689026,169,255,233,255,192,1,71,165,129,0,0,0,0,0,0,0
619.670349,619.437866,169,255,233,255,192,1,71,165,129,0,0,0,0,0,0,0
620.384644,620.162964,169,255,233,255,192,1,71,165,129,0,0,0,0,0,0,0
621.153870,620.931519,169,255,233,255,192,1,71,165,129,0,0,0,0,0,0,0
621.868103,621.650879,169,255,233,255,192,1,71,165,129,0,0,0,0,0,0,0
622.637390,622.399048,169,255,233,255,192,1,71,165,129,0,0,0,0,0,0,0
623.406616,623.170837,169,255,233,255,192,1,71,165,129,0,0,0,0,0,0,0
624.120850,623.893066,169,255,233,255,192,1,71,165,129,0,0,0,0,0,0,0
624.890137,624.660645,169,255,233,255,192,1,71,165,129,0,0,0,0,0,0,0
625.604370,625.375977,169,255,233,255,192,1,71,165,129,0,0,0,0,0,0,0
626.373596,626.149536,169,255,233,255,192,1,71,165,129,0,0,0,0,0,0,0
627.087891,626.868286,169,255,233,255,192,1,71,165,129,0,0,0,0,0,0,0
627.857117,627.619934,169,255,233,255,192,1,71,165,129,0,0,0,0,0,0,0
628.626404,628.387756,169,255,233,255,192,1,71,165,129,0,0,0,0,0,0,0
629.340637,629.105347,169,255,233,255,192,1,71,165,129,0,0,0,0,0,0,0
630.109863,629.878967,169,255,233,255,192,1,71,165,129,0,0,0,0,0,0,0
630.824158,630.598572,169,255,233,255,192,1,71,165,129,0,0,0,0,0,0,0
631.593384,631.373352,169,255,233,255,192,1,71,165,129,0,0,0,0,0,0,0
632.307678,632.090576,169,255,233,255,192,1,71,165,129,0,0,0,0,0,0,0
633.076904,632.837463,169,255,233,255,192,1,71,165,129,0,0,0,0,0,0,0
633.846130,633.611206,169,255,233,255,192,1,71,165,129,0,0,0,0,0,0,0
634.560425,634.324463,169,255,233,255,192,1,71,165,129,0,0,0,0,0,0,0
635.329651,635.092529,169,255,233,255,192,1,71,165,129,0,0,0,0,0,0,0
636.043945,635.818787,169,255,233,255,192,1,71,165,129,0,0,0,0,0,0,0
636.813171,636.591370,169,255,233,255,192,1,71,165,129,0,0,0,0,0,0,0
637.582397,637.338928,169,255,233,255,192,1,71,165,129,0,0,0,0,0,0,0
638.296692,638.054688,169,255,233,255,192,1,71,165,129,0,0,0,0,0,0,0
639.065918,638.825256,169,255,233,255,192,1,71,165,129,0,0,0,0,0,0,0
639.780212,639.547424,169,255,233,255,192,1,71,165,129,0,0,0,0,0,0,0
640.549438,640.315918,169,255,233,255,192,1,71,165,129,0,0,0,0,0,0,0
641.263733,641.032776,169,255,233,255,192,1,71,165,129,0,0,0,0,0,0,0
642.032959,641.805908,169,255,233,255,192,1,71,165,129,0,0,0,0,0,0,0
642.747253,642.521790,169,255,233,255,192,1,71,165,129,0,0,0,0,0,0,0
643.516479,643.274719,169,255,233,255,192,1,71,165,129,0,0,0,0,0,0,0
644.285706,644.046631,169,255,233,255,192,1,71,165,129,0,0,0,0,0,0,0
645.000000,644.763794,169,255,233,255,192,1,71,165,129,0,0,0,0,0,0,0
645.769226,645.541321,169,255,233,255,192,1,71,165,129,0,0,0,0,0,0,0
646.483521,646.258728,169,255,233,255,192,1,71,165,129,0,0,0,0,0,0,0
647.252747,647.008179,169,255,233,255,192,1,71,165,129,0,0,0,0,0,0,0
648.021973,647.784973,169,255,233,255,192,1,71,165,129,0,0,0,0,0,0,0
648.736267,648.509460,169,255,233,255,192,1,71,165,129,0,0,0,0,0,0,0
649.505493,649.277588,234,255,233,255,192,1,71,165,129,0,0,0,0,0,0,0
650.219788,649.997009,234,255,233,255,192,1,71,165,129,0,0,0,0,0,0,0
650.989014,650.743286,234,255,233,255,192,1,71,165,129,0,0,0,0,0,0,0
651.758240,651.512390,234,255,233,255,192,1,71,165,129,0,0,0,0,0,0,0
652.472534,652.227783,234,255,233,255,192,1,71,165,129,0,0,0,0,0,0,0
653.241760,653.000732,234,255,233,255,192,1,71,165,129,0,0,0,0,0,0,0
653.956055,653.715393,234,255,233,255,192,1,71,165,129,0,0,0,0,0,0,0
654.725281,654.483276,234,255,233,255,192,1,71,165,129,0,0,0,0,0,0,0
655.439575,655.198730,234,255,233,255,192,1,71,165,129,0,0,0,0,0,0,0
656.208801,655.977234,234,255,233,255,192,1,71,165,129,0,0,0,0,0,0,0
656.923096,656.697937,234,255,233,255,192,1,71,165,129,0,0,0,0,0,0,0
657.692322,657.446167,234,255,233,255,192,1,71,165,129,0,0,0,0,0,0,0
658.461548,658.220337,234,255,233,255,192,1,71,165,129,0,0,0,0,0,0,0
659.175842,658.938599,234,255,233,255,192,1,71,165,129,0,0,0,0,0,0,0
659.945068,659.706116,234,255,233,255,192,1,71,165,129,0,0,0,0,0,0,0
660.659363,660.427673,234,255,233,255,192,1,71,165,129,0,0,0,0,0,0,0
661.428589,661.197754,234,255,233,255,192,1,71,165,129,0,0,0,0,0,0,0
662.197815,661.916260,234,255,233,255,192,1,71,165,129,0,0,0,0,0,0,0
662.912109,662.664246,234,255,233,255,192,1,71,165,129,0,0,0,0,0,0,0
663.681335,663.435059,234,255,233,255,192,1,71,165,129,0,0,0,0,0,0,0
664.395630,664.151001,234,255,233,255,192,1,71,165,129,0,0,0,0,0,0,0
665.164856,664.930359,234,255,233,255,192,1,71,165,129,0,0,0,0,0,0,0
665.934082,665.651855,149,255,233,255,192,1,71,165,129,0,0,0,0,0,0,0
666.648376,666.394287,149,255,233,255,192,1,71,165,129,0,0,0,0,0,0,0
667.417603,667.165466,149,255,233,255,192,1,71,165,129,0,0,0,0,0,0,0
668.131897,667.881592,149,255,233,255,192,1,71,165,129,0,0,0,0,0,0,0
668.901123,668.653137,149,255,233,255,192,1,71,165,129,0,0,0,0,0,0,0
669.615356,669.374023,149,255,233,255,192,1,71,165,129,0,0,0,0,0,0,0
670.384644,670.146729,149,255,233,255,192,1,71,165,129,0,0,0,0,0,0,0
671.153870,670.905090,149,255,233,255,192,1,71,165,129,0,0,0,0,0,0,0
671.868103,671.618042,149,255,233,255,192,1,71,165,129,0,0,0,0,0,0,0
672.637390,672.389404,149,255,233,255,192,1,71,165,129,0,0,0,0,0,0,0
673.351624,673.110596,149,255,233,255,192,1,71,165,129,0,0,0,0,0,0,0
674.120850,673.886353,149,255,233,255,192,1,71,165,129,0,0,0,0,0,0,0
674.835144,674.599915,149,255,233,255,192,1,71,165,129,0,0,0,0,0,0,0
675.604370,675.370972,149,255,233,255,192,1,71,165,129,0,0,0,0,0,0,0
676.373596,676.116211,149,255,233,255,192,1,71,165,129,0,0,0,0,0,0,0
677.087891,676.837036,149,255,233,255,192,1,71,165,129,0,0,0,0,0,0,0
677.857117,677.615051,149,255,233,255,192,1,71,165,129,0,0,0,0,0,0,0
678.571411,678.335449,149,255,233,255,192,1,71,165,129,0,0,0,0,0,0,0
679.340637,679.082825,149,255,233,255,192,1,71,165,129,0,0,0,0,0,0,0
680.109863,679.856140,149,255,233,255,192,1,71,165,129,0,0,0,0,0,0,0
680.824158,680.568970,149,255,233,255,192,1,71,165,129,0,0,0,0,0,0,0
681.593384,681.343079,149,255,233,255,192,1,71,165,129,0,0,0,0,0,0,0
682.307678,682.060608,149,255,233,255,192,1,71,165,129,0,0,0,0,0,0,0
683.076904,682.836548,149,255,233,255,192,1,71,165,129,0,0,0,0,0,0,0
683.791199,683.551697,149,255,233,255,192,1,71,165,129,0,0,0,0,0,0,0
684.560425,684.321899,149,255,233,255,192,1,71,165,129,0,0,0,0,0,0,0
685.274719,685.039490,149,255,233,255,192,1,71,165,129,0,0,0,0,0,0,0
686.043945,685.785217,149,255,233,255,192,1,71,165,129,0,0,0,0,0,0,0
686.813171,686.553589,149,255,233,255,192,1,71,165,129,0,0,0,0,0,0,0
687.527466,687.270386,149,255,233,255,192,1,71,165,129,0,0,0,0,0,0,0
688.296692,688.039734,149,255,233,255,192,1,71,165,129,0,0,0,0,0,0,0
689.010986,688.752380,149,255,233,255,192,1,71,165,129,0,0,0,0,0,0,0
689.780212,689.531372,149,255,233,255,192,1,71,165,129,0,0,0,0,0,0,0
690.494507,690.250061,149,255,233,255,192,1,71,165,129,0,0,0,0,0,0,0
691.263733,691.016968,149,255,233,255,192,1,71,165,129,0,0,0,0,0,0,0
691.978027,691.735046,149,255,233,255,192,1,71,165,129,0,0,0,0,0,0,0
692.747253,692.507690,149,255,233,255,192,1,71,165,129,0,0,0,0,0,0,0
693.516479,693.255005,149,255,233,255,192,1,71,165,129,0,0,0,0,0,0,0
694.230774,693.971924,149,255,233,255,192,1,71,165,129,0,0,0,0,0,0,0
695.000000,694.744019,149,255,233,255,192,1,71,165,129,0,0,0,0,0,0,0
695.714294,695.460876,149,255,233,255,192,1,71,165,129,0,0,0,0,0,0,0
696.483521,696.235901,149,255,233,255,192,1,71,165,129,0,0,0,0,0,0,0
697.197815,696.948181,149,255,233,255,192,1,71,165,129,0,0,0,0,0,0,0
697.967041,697.718262,149,255,233,255,192,1,71,165,129,0,0,0,0,0,0,0
698.736267,698.441956,158,255,233,255,192,1,71,165,129,0,0,0,0,0,0,0
699.450562,699.185608,158,255,233,255,192,1,71,165,129,0,0,0,0,0,0,0
700.219788,699.960144,158,255,233,255,192,1,71,165,129,0,0,0,0,0,0,0
700.934082,700.672180,158,255,233,255,192,1,71,165,129,0,0,0,0,0,0,0
701.703308,701.446289,158,255,233,255,192,1,71,165,129,0,0,0,0,0,0,0
702.417603,702.166992,158,255,233,255,192,1,71,165,129,0,0,0,0,0,0,0
703.186829,702.939880,158,255,233,255,192,1,71,165,129,0,0,0,0,0,0,0
703.901123,703.655273,158,255,233,255,192,1,71,165,129,0,0,0,0,0,0,0
704.670349,704.425476,158,255,233,255,192,1,71,165,129,0,0,0,0,0,0,0
705.439575,705.142944,158,255,233,255,192,1,71,165,129,0,0,0,0,0,0,0
706.153870,705.890076,158,255,233,255,192,1,71,165,129,0,0,0,0,0,0,0
706.923096,706.659851,158,255,233,255,192,1,71,165,129,0,0,0,0,0,0,0
707.637390,707.372253,158,255,233,255,192,1,71,165,129,0,0,0,0,0,0,0
708.406616,708.146973,158,255,233,255,192,1,71,165,129,0,0,0,0,0,0,0
709.120850,708.862610,158,255,233,255,192,1,71,165,129,0,0,0,0,0,0,0
709.890137,709.635681,158,255,233,255,192,1,71,165,129,0,0,0,0,0,0,0
710.604370,710.351624,158,255,233,255,192,1,71,165,129,0,0,0,0,0,0,0
711.373596,711.125488,158,255,233,255,192,1,71,165,129,0,0,0,0,0,0,0
712.142883,711.873779,158,255,233,255,192,1,71,165,129,0,0,0,0,0,0,0
712.857117,712.590332,158,255,233,255,192,1,71,165,129,0,0,0,0,0,0,0
713.626404,713.364685,158,255,233,255,192,1,71,165,129,0,0,0,0,0,0,0
714.340637,714.084106,158,255,233,255,192,1,71,165,129,0,0,0,0,0,0,0
715.109863,714.855347,158,255,233,255,192,1,71,165,129,0,0,0,0,0,0,0
715.824158,715.573608,158,255,233,255,192,1,71,165,129,0,0,0,0,0,0,0
716.593384,716.344543,158,255,233,255,192,1,71,165,129,0,0,0,0,0,0,0
717.362610,717.096497,158,255,233,255,192,1,71,165,129,0,0,0,0,0,0,0
718.076904,717.813965,158,255,233,255,192,1,71,165,129,0,0,0,0,0,0,0
718.846130,718.584717,158,255,233,255,192,1,71,165,129,0,0,0,0,0,0,0
719.560425,719.302612,158,255,233,255,192,1,71,165,129,0,0,0,0,0,0,0
720.329651,720.072632,158,255,233,255,192,1,71,165,129,0,0,0,0,0,0,0
721.043945,720.794189,158,255,233,255,192,1,71,165,129,0,0,0,0,0,0,0
721.813171,721.565796,158,255,233,255,192,1,71,165,129,0,0,0,0,0,0,0
722.582397,722.308228,102,255,233,255,192,1,71,165,129,0,0,0,0,0,0,0
723.296692,723.028687,102,255,233,255,192,1,71,165,129,0,0,0,0,0,0,0
724.065918,723.807556,102,255,233,255,192,1,71,165,129,0,0,0,0,0,0,0
724.780212,724.527954,102,255,233,255,192,1,71,165,129,0,0,0,0,0,0,0
725.549438,725.274475,102,255,233,255,192,1,71,165,129,0,0,0,0,0,0,0
726.318665,726.047180,102,255,233,255,192,1,71,165,129,0,0,0,0,0,0,0
727.032959,726.766235,102,255,233,255,192,1,71,165,129,0,0,0,0,0,0,0
727.802185,727.538452,221,255,233,255,192,1,71,165,129,0,0,0,0,0,0,0
728.516479,728.254883,221,255,233,255,192,1,71,165,129,0,0,0,0,0,0,0
729.285706,729.020447,221,255,233,255,192,1,71,165,129,0,0,0,0,0,0,0
730.000000,729.735962,221,255,233,255,192,1,71,165,129,0,0,0,0,0,0,0
730.769226,730.509827,221,255,233,255,192,1,71,165,129,0,0,0,0,0,0,0
731.483521,731.230713,221,255,233,255,192,1,71,165,129,0,0,0,0,0,0,0
732.252747,731.980347,221,255,233,255,192,1,71,165,129,0,0,0,0,0,0,0
733.021973,732.756348,221,255,233,255,192,1,71,165,129,0,0,0,0,0,0,0
733.736267,733.469238,221,255,233,255,192,1,71,165,129,0,0,0,0,0,0,0
734.505493,734.240723,221,255,233,255,192,1,71,165,129,0,0,0,0,0,0,0
735.219788,734.958435,221,255,233,255,192,1,71,165,129,0,0,0,0,0,0,0
735.989014,735.727356,221,255,233,255,192,1,71,165,129,0,0,0,0,0,0,0
736.703308,736.446289,221,255,233,255,192,1,71,165,129,0,0,0,0,0,0,0
737.472534,737.195007,221,255,233,255,192,1,71,165,129,0,0,0,0,0,0,0
738.241760,737.963440,221,255,233,255,192,1,71,165,129,0,0,0,0,0,0,0
738.956055,738.679321,221,255,233,255,192,1,71,165,129,0,0,0,0,0,0,0
739.725281,739.446777,221,255,233,255,192,1,71,165,129,0,0,0,0,0,0,0
740.439575,740.170837,221,255,233,255,192,1,71,165,129,0,0,0,0,0,0,0
741.208801,740.941162,221,255,233,255,192,1,71,165,129,0,0,0,0,0,0,0
741.923096,741.660034,221,255,233,255,192,1,71,165,129,0,0,0,0,0,0,0
742.692322,742.429382,221,255,233,255,192,1,71,165,129,0,0,0,0,0,0,0
743.406616,743.144043,221,255,233,255,192,1,71,165,129,0,0,0,0,0,0,0
744.175842,743.917175,221,255,233,255,192,1,71,165,129,0,0,0,0,0,0,0
744.890137,744.632019,221,255,233,255,192,1,71,165,129,0,0,0,0,0,0,0
745.659363,745.377136,221,255,233,255,192,1,71,165,129,0,0,0,0,0,0,0
746.428589,746.155579,221,255,233,255,192,1,71,165,129,0,0,0,0,0,0,0
747.142883,746.872742,221,255,233,255,192,1,71,165,129,0,0,0,0,0,0,0
747.912109,747.646973,221,255,233,255,192,1,71,165,129,0,0,0,0,0,0,0
748.626404,748.359924,221,255,233,255,192,1,71,165,129,0,0,0,0,0,0,0
749.395630,749.133484,221,255,233,255,192,1,71,165,129,0,0,0,0,0,0,0
750.109863,749.850464,221,255,233,255,192,1,71,165,129,0,0,0,0,0,0,0
750.879150,750.617615,221,255,233,255,192,1,71,165,129,0,0,0,0,0,0,0
751.648376,751.364868,221,255,233,255,192,1,71,165,129,0,0,0,0,0,0,0
752.362610,752.081604,221,255,233,255,192,1,71,165,129,0,0,0,0,0,0,0
753.131897,752.855713,221,255,233,255,192,1,71,165,129,0,0,0,0,0,0,0
753.846130,753.570923,221,255,233,255,192,1,71,165,129,0,0,0,0,0,0,0
754.615356,754.342896,221,255,233,255,192,1,71,165,129,0,0,0,0,0,0,0
755.329651,755.054993,221,255,233,255,192,1,71,165,129,0,0,0,0,0,0,0
756.098877,755.826782,221,255,233,255,192,1,71,165,129,0,0,0,0,0,0,0
756.813171,756.548279,221,255,233,255,192,1,71,165,129,0,0,0,0,0,0,0
757.582397,757.317444,221,255,233,255,192,1,71,165,129,0,0,0,0,0,0,0
758.351624,758.067261,221,255,233,255,192,1,71,165,129,0,0,0,0,0,0,0
