0.000000,0.000000,115,0,189,255,191,250,64,175,129,0,0,0,0,0,0,0
0.109890,0.133831,115,0,190,255,191,1,95,175,1,0,0,0,0,0,0,0
0.219780,0.238362,115,0,190,255,191,1,95,175,1,0,0,0,0,0,0,0
0.384615,0.400840,115,0,183,255,190,1,94,175,128,0,0,0,0,0,0,0
0.494505,0.504802,115,0,185,255,185,0,64,175,128,0,0,0,0,0,0,0
0.659341,0.665028,115,0,186,255,181,1,80,175,128,0,0,0,0,0,0,0
0.769231,0.772424,115,0,182,255,189,1,95,175,1,0,0,0,0,0,0,0
0.934066,0.931900,115,0,182,255,189,0,63,175,1,0,0,0,0,0,0,0
1.043956,1.064431,115,0,181,255,188,1,108,175,129,0,0,0,0,0,0,0
1.153846,1.169165,115,0,183,255,189,251,96,175,129,0,0,0,0,0,0,0
1.318681,1.331642,115,0,187,255,191,250,47,175,0,0,0,0,0,0,0,0
1.428571,1.436837,115,0,183,255,188,251,47,175,0,0,0,0,0,0,0,0
1.593407,1.596700,115,0,179,255,191,250,63,175,128,0,0,0,0,0,0,0
1.703297,1.701130,115,0,176,255,187,250,96,175,128,0,0,0,0,0,0,0
1.813187,1.834703,115,0,176,255,187,250,96,175,129,0,0,0,0,0,0,0
1.978022,1.994674,115,0,181,255,187,250,64,175,1,0,0,0,0,0,0,0
2.087912,2.099358,115,0,181,255,191,1,116,175,129,0,0,0,0,0,0,0
2.252747,2.259220,115,0,180,255,191,0,95,175,129,0,0,0,0,0,0,0
2.362637,2.366106,115,0,182,255,192,1,116,175,0,0,0,0,0,0,0,0
2.527472,2.526125,115,0,183,255,192,0,112,175,0,0,0,0,0,0,0,0
2.637363,2.658013,114,0,175,255,192,0,112,175,0,0,0,0,0,0,0,0
2.747253,2.762590,115,0,172,255,191,0,63,175,129,0,0,0,0,0,0,0
2.912088,2.924195,115,0,177,255,192,1,80,175,129,0,0,0,0,0,0,0
3.021978,3.029132,115,0,172,255,189,0,110,175,1,0,0,0,0,0,0,0
3.186813,3.188898,115,0,172,255,189,250,100,175,1,0,0,0,0,0,0,0
3.296703,3.296291,115,0,171,255,190,250,95,175,128,0,0,0,0,0,0,0
3.406593,3.428028,115,0,172,255,185,251,64,175,128,0,0,0,0,0,0,0
3.571429,3.587228,115,0,171,255,190,251,103,175,0,0,0,0,0,0,0,0
3.681319,3.691813,115,0,171,255,185,249,63,175,0,0,0,0,0,0,0,0
3.846154,3.851316,115,0,169,255,184,251,96,175,129,0,0,0,0,0,0,0
3.956044,3.958453,115,0,168,255,184,250,80,175,129,0,0,0,0,0,0,0
4.120879,4.117681,115,0,170,255,191,251,116,175,129,0,0,0,0,0,0,0
4.230769,4.250719,114,0,170,255,186,1,96,175,1,0,0,0,0,0,0,0
4.340659,4.354788,115,0,166,255,187,1,111,175,0,0,0,0,0,0,0,0
4.505495,4.517163,115,0,166,255,192,0,110,175,128,0,0,0,0,0,0,0
4.615385,4.621384,113,0,168,255,184,1,96,174,128,0,0,0,0,0,0,0
4.780220,4.781404,114,0,167,255,187,0,47,174,0,0,0,0,0,0,0,0
4.890110,4.913291,114,0,168,255,187,0,47,174,0,0,0,0,0,0,0,0
5.000000,5.020377,113,0,168,255,166,0,48,175,1,0,0,0,0,0,0,0
5.164835,5.181780,0,0,171,255,192,251,79,174,1,0,0,0,0,0,0,0
5.274725,5.287536,114,0,176,255,192,250,92,173,129,0,0,0,0,0,0,0
5.439560,5.446584,114,0,173,255,191,250,103,174,129,0,0,0,0,0,0,0
5.549450,5.554130,114,0,171,255,187,250,63,172,0,0,0,0,0,0,0,0
5.714286,5.713487,114,0,168,255,191,250,64,174,0,0,0,0,0,0,0,0
5.824176,5.845375,114,0,168,255,192,250,114,174,0,0,0,0,0,0,0,0
5.934066,5.950006,114,0,168,255,192,250,112,174,128,0,0,0,0,0,0,0
6.098901,6.109104,114,0,173,255,189,250,47,173,128,0,0,0,0,0,0,0
6.208791,6.213479,114,0,173,255,189,250,47,173,128,0,0,0,0,0,0,0
6.373626,6.372882,114,0,173,255,189,250,47,173,128,0,0,0,0,0,0,0
6.483517,6.505028,114,0,173,255,189,250,47,173,128,0,0,0,0,0,0,0
6.593407,6.609557,114,0,173,255,189,250,47,173,128,0,0,0,0,0,0,0
6.758242,6.768758,114,0,173,255,189,250,47,173,128,0,0,0,0,0,0,0
6.868132,6.873183,114,0,173,255,189,250,47,173,128,0,0,0,0,0,0,0
7.032967,7.032282,114,0,173,255,189,250,47,173,128,0,0,0,0,0,0,0
7.142857,7.141008,114,0,173,255,189,250,47,173,128,0,0,0,0,0,0,0
7.307693,7.308907,114,0,173,255,189,250,47,173,128,0,0,0,0,0,0,0
7.417583,7.422549,114,0,173,255,189,250,47,173,128,0,0,0,0,0,0,0
7.582417,7.590446,114,0,173,255,189,250,47,173,128,0,0,0,0,0,0,0
7.692307,7.704391,114,0,173,255,189,250,47,173,128,0,0,0,0,0,0,0
7.857143,7.872498,114,0,173,255,189,250,47,173,128,0,0,0,0,0,0,0
7.967033,7.985676,114,0,173,255,189,250,47,173,128,0,0,0,0,0,0,0
8.131868,8.126738,114,0,173,255,189,250,47,173,128,0,0,0,0,0,0,0
8.296703,8.298107,113,0,160,255,191,0,27,174,129,0,0,0,0,0,0,0
8.406593,8.416064,114,0,160,255,181,0,16,174,0,0,0,0,0,0,0,0
8.571428,8.584967,0,0,158,255,186,1,92,174,0,0,0,0,0,0,0,0
8.681318,8.691339,114,0,155,255,182,250,95,174,128,0,0,0,0,0,0,0
8.846154,8.850283,114,0,150,255,183,250,16,174,128,0,0,0,0,0,0,0
8.956044,8.957882,114,0,161,255,187,250,16,174,1,0,0,0,0,0,0,0
9.120879,9.116776,114,0,162,255,182,250,32,174,1,0,0,0,0,0,0,0
9.230769,9.249381,114,0,165,255,185,251,64,174,129,0,0,0,0,0,0,0
9.340659,9.353964,114,0,177,255,180,250,28,174,129,0,0,0,0,0,0,0
9.505494,9.515463,114,0,179,255,188,250,63,174,0,0,0,0,0,0,0,0
9.615385,9.622705,114,0,164,255,184,251,32,174,0,0,0,0,0,0,0,0
9.780220,9.782825,114,0,164,255,187,0,23,174,0,0,0,0,0,0,0,0
9.890110,9.887971,114,0,179,255,179,1,63,174,128,0,0,0,0,0,0,0
10.054945,10.049932,114,0,178,255,185,0,47,174,129,0,0,0,0,0,0,0
10.164835,10.182384,114,0,175,255,187,0,12,174,1,0,0,0,0,0,0,0
10.274725,10.287067,114,0,168,255,186,0,23,174,1,0,0,0,0,0,0,0
10.439561,10.447033,114,0,177,255,179,1,36,174,128,0,0,0,0,0,0,0
10.549451,10.553969,114,0,189,255,187,0,32,174,128,0,0,0,0,0,0,0
10.714286,10.713426,114,0,174,255,187,250,32,174,0,0,0,0,0,0,0,0
10.824176,10.819386,114,0,199,255,183,251,40,174,0,0,0,0,0,0,0,0
10.934066,10.952197,114,0,220,255,188,250,63,174,128,0,0,0,0,0,0,0
11.098901,11.114723,114,0,226,255,181,250,35,174,129,0,0,0,0,0,0,0
11.208791,11.219970,114,0,230,255,184,251,100,174,129,0,0,0,0,0,0,0
11.373627,11.381418,114,0,233,255,186,251,95,174,1,0,0,0,0,0,0,0
11.483517,11.487280,114,0,233,255,186,249,63,173,129,0,0,0,0,0,0,0
11.648352,11.649450,114,0,232,255,183,249,47,173,128,0,0,0,0,0,0,0
11.758242,11.755206,114,0,230,255,185,0,53,174,128,0,0,0,0,0,0,0
11.868132,11.888221,114,0,227,255,186,1,63,174,0,0,0,0,0,0,0,0
12.032967,12.048650,114,0,226,255,185,0,71,174,1,0,0,0,0,0,0,0
12.142858,12.156507,114,0,227,255,186,1,92,174,129,0,0,0,0,0,0,0
12.307693,12.317037,114,0,220,255,184,1,104,174,129,0,0,0,0,0,0,0
12.417583,12.422845,114,0,208,255,183,0,114,174,1,0,0,0,0,0,0,0
12.582417,12.582657,114,0,189,255,187,1,96,174,0,0,0,0,0,0,0,0
12.692307,12.691435,114,0,170,255,184,250,80,174,128,0,0,0,0,0,0,0
12.857142,12.850688,114,0,166,255,186,250,95,173,128,0,0,0,0,0,0,0
12.967033,12.982678,114,0,193,255,179,251,65,174,0,0,0,0,0,0,0,0
13.076923,13.088742,114,0,187,255,184,250,114,174,0,0,0,0,0,0,0,0
13.241758,13.248886,114,0,187,255,184,250,114,174,0,0,0,0,0,0,0,0
13.351648,13.353966,114,0,187,255,184,250,114,174,0,0,0,0,0,0,0,0
13.516483,13.513972,114,0,187,255,184,250,114,174,0,0,0,0,0,0,0,0
13.626373,13.619228,114,0,187,255,184,250,114,174,0,0,0,0,0,0,0,0
13.736263,13.751927,114,0,187,255,184,250,114,174,0,0,0,0,0,0,0,0
13.901099,13.911794,113,0,160,255,191,0,63,173,129,0,0,0,0,0,0,0
14.010989,14.019800,113,0,164,255,191,0,63,173,129,0,0,0,0,0,0,0
14.175824,14.184272,113,0,163,255,191,0,79,170,0,0,0,0,0,0,0,0
14.285714,14.297755,113,0,162,255,230,0,63,173,0,0,0,0,0,0,0,0
14.450549,14.467141,114,0,191,255,180,0,47,173,128,0,0,0,0,0,0,0
14.560439,14.575100,114,0,187,255,180,1,102,173,1,0,0,0,0,0,0,0
14.725275,14.735529,113,0,183,255,178,251,110,173,1,0,0,0,0,0,0,0
14.835165,14.840107,114,0,175,255,179,250,80,173,129,0,0,0,0,0,0,0
15.000000,15.000073,113,0,187,255,177,250,72,174,129,0,0,0,0,0,0,0
15.109890,15.107317,114,0,220,255,178,249,64,173,128,0,0,0,0,0,0,0
15.274725,15.267745,114,0,238,255,179,250,55,173,0,0,0,0,0,0,0,0
15.384615,15.400195,114,0,240,255,178,250,79,173,128,0,0,0,0,0,0,0
15.494506,15.507949,114,0,242,255,179,250,102,173,129,0,0,0,0,0,0,0
15.659341,15.670273,114,0,243,255,176,250,64,173,129,0,0,0,0,0,0,0
15.769231,15.776592,114,0,243,255,173,1,40,173,1,0,0,0,0,0,0,0
15.934066,15.936356,114,0,240,255,175,0,23,173,1,0,0,0,0,0,0,0
16.043957,16.042114,114,0,244,255,180,0,23,173,128,0,0,0,0,0,0,0
16.208792,16.203922,114,0,245,255,175,0,56,173,128,0,0,0,0,0,0,0
16.318682,16.336475,113,0,245,255,175,0,15,173,128,0,0,0,0,0,0,0
16.428572,16.442183,114,0,245,255,174,0,11,173,0,0,0,0,0,0,0,0
16.593407,16.603378,113,0,241,255,176,1,64,173,129,0,0,0,0,0,0,0
16.703297,16.710417,114,0,245,255,171,250,32,173,129,0,0,0,0,0,0,0
16.868132,16.871149,114,0,244,255,174,249,16,173,1,0,0,0,0,0,0,0
16.978022,16.977011,113,0,243,255,175,249,31,173,1,0,0,0,0,0,0,0
17.142857,17.136768,113,0,239,255,181,249,63,173,1,0,0,0,0,0,0,0
17.252747,17.269939,113,255,238,255,180,251,77,173,129,0,0,0,0,0,0,0
17.362637,17.374878,113,255,236,255,180,251,77,173,129,0,0,0,0,0,0,0
17.527473,17.535511,113,255,238,255,178,250,64,173,1,0,0,0,0,0,0,0
17.637363,17.640707,113,255,227,255,177,251,104,173,1,0,0,0,0,0,0,0
17.802198,17.800724,113,255,209,255,176,250,96,173,1,0,0,0,0,0,0,0
17.912088,17.906483,113,255,204,255,173,250,32,173,129,0,0,0,0,0,0,0
18.021978,18.039703,113,255,209,255,175,250,63,173,1,0,0,0,0,0,0,0
18.186813,18.199720,113,255,213,255,176,251,80,173,1,0,0,0,0,0,0,0
18.296703,18.304663,113,255,212,255,175,250,63,173,129,0,0,0,0,0,0,0
18.461538,18.465342,113,255,216,255,177,250,96,173,129,0,0,0,0,0,0,0
18.571428,18.570950,113,255,224,255,172,251,19,173,1,0,0,0,0,0,0,0
18.736263,18.731785,113,255,226,255,174,250,32,173,1,0,0,0,0,0,0,0
18.846153,18.864340,113,255,223,255,175,249,79,173,1,0,0,0,0,0,0,0
18.956043,18.970095,113,255,214,255,177,251,104,172,129,0,0,0,0,0,0,0
19.120878,19.129862,113,255,195,255,172,250,64,173,129,0,0,0,0,0,0,0
19.230770,19.234848,113,255,166,255,173,250,31,173,1,0,0,0,0,0,0,0
19.395605,19.394405,113,255,161,255,176,250,111,169,1,0,0,0,0,0,0,0
19.505495,19.499346,113,255,159,255,192,251,96,172,129,0,0,0,0,0,0,0
19.615385,19.631491,113,255,163,255,190,250,47,171,129,0,0,0,0,0,0,0
19.780220,19.791304,113,255,164,255,194,250,111,172,1,0,0,0,0,0,0,0
19.890110,19.895630,113,255,189,255,188,251,112,173,1,0,0,0,0,0,0,0
20.054945,20.055443,113,255,195,255,186,251,31,173,1,0,0,0,0,0,0,0
20.164835,20.160534,113,255,243,255,191,250,95,172,129,0,0,0,0,0,0,0
20.329670,20.321068,113,255,243,255,185,251,31,173,129,0,0,0,0,0,0,0
20.439560,20.453310,112,255,234,255,185,251,31,173,129,0,0,0,0,0,0,0
20.549450,20.559017,112,255,222,255,183,250,47,171,1,0,0,0,0,0,0,0
20.714285,20.719397,112,255,204,255,181,250,103,170,129,0,0,0,0,0,0,0
20.824175,20.824385,113,255,166,255,189,250,64,172,129,0,0,0,0,0,0,0
20.989012,20.984608,113,255,165,255,191,251,79,172,1,0,0,0,0,0,0,0
21.098902,21.089518,112,255,167,255,190,251,31,172,1,0,0,0,0,0,0,0
21.208792,21.221384,113,255,167,255,192,251,116,172,1,0,0,0,0,0,0,0
21.373627,21.381250,112,255,163,255,203,250,32,171,129,0,0,0,0,0,0,0
21.483517,21.485830,112,255,175,255,224,249,111,171,129,0,0,0,0,0,0,0
21.648352,21.646564,113,255,204,255,185,250,63,172,1,0,0,0,0,0,0,0
21.758242,21.751608,113,255,173,255,174,250,32,172,129,0,0,0,0,0,0,0
21.868132,21.884417,113,255,173,255,174,250,32,172,129,0,0,0,0,0,0,0
22.032967,22.043512,112,255,167,255,192,251,96,171,129,0,0,0,0,0,0,0
22.142857,22.147890,113,255,165,255,191,251,64,172,1,0,0,0,0,0,0,0
22.307692,22.308010,112,255,165,255,185,251,51,171,1,0,0,0,0,0,0,0
22.417582,22.412897,113,255,164,255,190,251,96,171,129,0,0,0,0,0,0,0
22.582418,22.572187,113,255,163,255,189,251,64,172,129,0,0,0,0,0,0,0
22.692308,22.703781,112,255,164,255,193,250,63,171,1,0,0,0,0,0,0,0
22.802198,22.809589,113,255,164,255,191,0,47,172,1,0,0,0,0,0,0,0
22.967033,22.969862,113,255,163,255,191,1,36,172,129,0,0,0,0,0,0,0
23.076923,23.074907,112,255,164,255,184,1,32,172,129,0,0,0,0,0,0,0
23.241758,23.234926,113,255,160,255,188,1,80,172,1,0,0,0,0,0,0,0
23.351648,23.367836,112,255,148,255,189,1,32,172,1,0,0,0,0,0,0,0
23.461538,23.472570,112,255,150,255,194,0,63,172,129,0,0,0,0,0,0,0
23.626373,23.632639,0,255,125,255,183,1,112,172,129,0,0,0,0,0,0,0
23.736263,23.738194,0,255,141,255,191,250,32,172,129,0,0,0,0,0,0,0
23.901098,23.898773,0,255,141,255,191,250,95,172,1,0,0,0,0,0,0,0
24.010988,24.003561,0,255,158,255,183,250,23,172,1,0,0,0,0,0,0,0
24.120878,24.136627,0,255,159,255,190,251,63,172,129,0,0,0,0,0,0,0
24.285715,24.296799,113,255,127,255,191,250,95,172,129,0,0,0,0,0,0,0
24.395605,24.401480,113,255,161,255,189,250,112,172,1,0,0,0,0,0,0,0
24.560440,24.561806,113,255,160,255,185,251,64,172,1,0,0,0,0,0,0,0
24.670330,24.667463,113,255,161,255,187,251,112,172,129,0,0,0,0,0,0,0
24.835165,24.827375,113,255,162,255,190,250,63,172,129,0,0,0,0,0,0,0
24.945055,24.959061,113,255,162,255,189,250,47,172,1,0,0,0,0,0,0,0
25.054945,25.064257,113,255,163,255,190,250,63,172,1,0,0,0,0,0,0,0
25.219780,25.223303,113,255,163,255,186,250,115,172,129,0,0,0,0,0,0,0
25.329670,25.328497,113,255,163,255,187,251,80,171,129,0,0,0,0,0,0,0
25.494505,25.487801,113,255,162,255,187,249,64,172,129,0,0,0,0,0,0,0
25.604395,25.620199,113,255,161,255,189,250,79,172,1,0,0,0,0,0,0,0
25.714285,25.724627,113,255,160,255,190,250,104,172,1,0,0,0,0,0,0,0
25.879122,25.884439,112,255,160,255,189,250,39,172,129,0,0,0,0,0,0,0
25.989012,25.988968,113,255,160,255,184,251,96,171,129,0,0,0,0,0,0,0
26.153847,26.148783,113,255,162,255,184,251,64,171,1,0,0,0,0,0,0,0
26.263737,26.254026,112,255,161,255,181,251,64,172,1,0,0,0,0,0,0,0
26.373627,26.386234,112,255,161,255,182,251,64,172,129,0,0,0,0,0,0,0
26.538462,26.546139,113,255,158,255,181,251,39,172,129,0,0,0,0,0,0,0
26.648352,26.650522,113,255,157,255,180,251,80,172,129,0,0,0,0,0,0,0
26.813187,26.809921,111,255,159,255,185,250,79,170,1,0,0,0,0,0,0,0
26.923077,26.915577,112,255,158,255,192,250,79,170,1,0,0,0,0,0,0,0
27.032967,27.047516,112,255,161,255,186,251,63,172,1,0,0,0,0,0,0,0
27.197802,27.207380,112,255,161,255,192,250,112,172,129,0,0,0,0,0,0,0
27.307692,27.311499,112,255,158,255,185,251,39,169,129,0,0,0,0,0,0,0
27.472527,27.471468,111,255,125,255,166,250,87,171,1,0,0,0,0,0,0,0
27.582418,27.575638,111,255,139,255,195,250,63,171,1,0,0,0,0,0,0,0
27.747253,27.735661,112,255,161,255,196,251,93,171,129,0,0,0,0,0,0,0
27.857143,27.867447,112,255,162,255,192,250,104,171,129,0,0,0,0,0,0,0
27.967033,27.972895,112,255,167,255,186,251,80,172,1,0,0,0,0,0,0,0
28.131868,28.132658,111,255,168,255,191,249,39,171,1,0,0,0,0,0,0,0
28.241758,28.238058,112,255,168,255,233,251,47,171,129,0,0,0,0,0,0,0
28.406593,28.398743,112,255,168,255,191,250,47,172,129,0,0,0,0,0,0,0
28.516483,28.531143,112,255,167,255,180,249,95,171,1,0,0,0,0,0,0,0
28.626373,28.636543,112,255,168,255,175,251,63,172,1,0,0,0,0,0,0,0
28.791208,28.795792,112,255,167,255,176,250,95,172,1,0,0,0,0,0,0,0
28.901098,28.901140,112,255,167,255,171,250,32,172,129,0,0,0,0,0,0,0
29.065933,29.061464,112,255,167,255,171,250,32,172,129,0,0,0,0,0,0,0
29.175825,29.165993,112,255,167,255,180,250,92,171,1,0,0,0,0,0,0,0
29.285715,29.298496,112,255,167,255,179,251,87,171,1,0,0,0,0,0,0,0
29.450550,29.458977,112,255,167,255,181,250,47,172,129,0,0,0,0,0,0,0
29.560440,29.563456,112,255,167,255,180,250,111,171,129,0,0,0,0,0,0,0
29.725275,29.723322,112,255,167,255,176,251,96,172,1,0,0,0,0,0,0,0
29.835165,29.827488,112,255,166,255,180,251,104,171,1,0,0,0,0,0,0,0
29.945055,29.959173,112,255,165,255,180,251,91,171,1,0,0,0,0,0,0,0
30.109890,30.119244,112,255,165,255,178,250,64,172,129,0,0,0,0,0,0,0
30.219780,30.224081,112,255,165,255,180,251,64,171,1,0,0,0,0,0,0,0
30.384615,30.384201,112,255,165,255,176,250,64,171,1,0,0,0,0,0,0,0
30.494505,30.488680,112,255,162,255,180,250,47,172,1,0,0,0,0,0,0,0
30.659340,30.648956,112,255,161,255,181,250,47,172,129,0,0,0,0,0,0,0
30.769230,30.781281,112,255,163,255,180,250,47,172,129,0,0,0,0,0,0,0
30.879122,30.885681,112,255,163,255,179,250,31,171,1,0,0,0,0,0,0,0
31.043957,31.045801,112,255,162,255,181,251,31,171,1,0,0,0,0,0,0,0
31.153847,31.150587,112,255,161,255,173,250,23,171,129,0,0,0,0,0,0,0
31.318682,31.310040,112,255,161,255,171,250,18,171,129,0,0,0,0,0,0,0
31.428572,31.415140,112,255,161,255,181,250,95,171,1,0,0,0,0,0,0,0
31.538462,31.547382,112,255,161,255,181,249,104,172,1,0,0,0,0,0,0,0
31.703297,31.707043,112,255,161,255,175,250,55,172,1,0,0,0,0,0,0,0
31.813187,31.812334,112,255,161,255,180,251,47,171,129,0,0,0,0,0,0,0
31.978022,31.971693,112,255,160,255,179,250,63,172,129,0,0,0,0,0,0,0
32.087914,32.076424,112,255,144,255,175,251,64,171,1,0,0,0,0,0,0,0
32.197803,32.208263,112,255,162,255,176,250,40,171,1,0,0,0,0,0,0,0
32.362637,32.368587,112,255,163,255,177,250,96,171,129,0,0,0,0,0,0,0
32.472527,32.473270,112,255,164,255,180,250,115,171,129,0,0,0,0,0,0,0
32.637363,32.633545,112,255,163,255,173,250,48,171,1,0,0,0,0,0,0,0
32.747253,32.738026,112,255,162,255,173,251,79,171,1,0,0,0,0,0,0,0
32.912086,32.898159,112,255,162,255,179,250,112,171,129,0,0,0,0,0,0,0
33.021976,33.030136,112,255,164,255,178,250,112,171,129,0,0,0,0,0,0,0
33.131866,33.135536,112,255,163,255,177,250,95,171,1,0,0,0,0,0,0,0
33.296703,33.294888,112,255,162,255,175,250,63,171,1,0,0,0,0,0,0,0
33.406593,33.399162,112,255,163,255,175,250,51,171,129,0,0,0,0,0,0,0
33.571430,33.559181,112,255,164,255,174,250,63,171,129,0,0,0,0,0,0,0
33.681320,33.691273,112,255,165,255,177,251,112,171,129,0,0,0,0,0,0,0
33.791210,33.796108,112,255,164,255,176,251,72,171,1,0,0,0,0,0,0,0
33.956043,33.955673,112,255,165,255,178,250,116,171,1,0,0,0,0,0,0,0
34.065933,34.060398,112,255,165,255,175,251,61,171,129,0,0,0,0,0,0,0
34.230770,34.219906,112,255,164,255,174,251,48,171,129,0,0,0,0,0,0,0
34.340660,34.352921,112,255,161,255,173,250,65,171,1,0,0,0,0,0,0,0
34.450550,34.458069,112,255,162,255,176,250,96,171,1,0,0,0,0,0,0,0
34.615383,34.618855,112,255,163,255,176,249,108,171,129,0,0,0,0,0,0,0
34.725273,34.723534,112,255,163,255,176,249,108,171,129,0,0,0,0,0,0,0
34.890110,34.883759,112,255,163,255,176,249,108,171,129,0,0,0,0,0,0,0
35.000000,34.989670,111,255,163,255,183,0,32,171,1,0,0,0,0,0,0,0
35.109890,35.121868,112,255,164,255,190,1,47,170,129,0,0,0,0,0,0,0
35.274727,35.282242,112,255,164,255,188,1,95,171,129,0,0,0,0,0,0,0
35.384617,35.387184,112,255,164,255,191,0,95,170,129,0,0,0,0,0,0,0
35.549450,35.547661,112,255,162,255,185,0,64,171,1,0,0,0,0,0,0,0
35.659340,35.652241,112,255,164,255,191,0,114,171,1,0,0,0,0,0,0,0
35.824177,35.812721,112,255,164,255,187,0,31,171,129,0,0,0,0,0,0,0
35.934067,35.945225,112,255,165,255,188,0,80,171,129,0,0,0,0,0,0,0
36.043957,36.050930,112,255,163,255,184,0,64,171,1,0,0,0,0,0,0,0
36.208790,36.211266,112,255,165,255,191,1,47,171,1,0,0,0,0,0,0,0
36.318680,36.316143,112,255,165,255,191,1,47,171,1,0,0,0,0,0,0,0
36.483517,36.477135,112,255,162,255,194,0,111,171,129,0,0,0,0,0,0,0
36.593407,36.581715,112,255,165,255,189,0,47,170,1,0,0,0,0,0,0,0
36.703297,36.714882,112,255,167,255,191,1,80,171,1,0,0,0,0,0,0,0
36.868134,36.875107,112,255,166,255,185,1,40,171,1,0,0,0,0,0,0,0
36.978024,36.981274,112,255,163,255,192,1,112,171,129,0,0,0,0,0,0,0
37.142857,37.141121,112,255,164,255,189,0,23,171,1,0,0,0,0,0,0,0
37.252747,37.246490,112,255,164,255,191,1,96,171,1,0,0,0,0,0,0,0
37.417583,37.406300,112,255,164,255,190,1,55,171,1,0,0,0,0,0,0,0
37.527473,37.512115,112,255,164,255,188,1,96,171,129,0,0,0,0,0,0,0
37.637363,37.644199,112,255,165,255,190,1,63,170,129,0,0,0,0,0,0,0
37.802197,37.805286,112,255,165,255,188,1,80,171,1,0,0,0,0,0,0,0
37.912086,37.911922,112,255,165,255,193,1,111,171,1,0,0,0,0,0,0,0
38.076923,38.072300,112,255,164,255,193,1,64,171,129,0,0,0,0,0,0,0
38.186813,38.176727,112,255,164,255,186,1,107,170,129,0,0,0,0,0,0,0
38.351650,38.336849,112,255,159,255,192,0,95,171,1,0,0,0,0,0,0,0
38.461540,38.468887,112,255,162,255,187,1,12,171,1,0,0,0,0,0,0,0
38.571430,38.573521,111,255,163,255,191,1,116,170,129,0,0,0,0,0,0,0
38.736263,38.733898,112,255,162,255,189,0,32,171,129,0,0,0,0,0,0,0
38.846153,38.838478,112,255,165,255,192,1,115,171,129,0,0,0,0,0,0,0
39.010990,38.998856,112,255,165,255,189,0,16,171,1,0,0,0,0,0,0,0
39.120880,39.130848,112,255,166,255,191,0,95,170,1,0,0,0,0,0,0,0
39.230770,39.236553,111,255,162,255,185,1,64,170,129,0,0,0,0,0,0,0
39.395603,39.396519,111,255,160,255,191,1,63,169,129,0,0,0,0,0,0,0
39.505493,39.501820,112,255,164,255,186,0,96,171,1,0,0,0,0,0,0,0
39.670330,39.661221,112,255,166,255,190,1,31,168,1,0,0,0,0,0,0,0
39.780220,39.766262,112,255,164,255,191,0,80,171,129,0,0,0,0,0,0,0
39.890110,39.898254,112,255,161,255,192,0,64,169,129,0,0,0,0,0,0,0
40.054947,40.058426,112,255,161,255,188,1,64,170,1,0,0,0,0,0,0,0
40.164837,40.162617,111,255,161,255,189,1,47,170,1,0,0,0,0,0,0,0
40.329670,40.321999,111,255,160,255,192,1,96,170,1,0,0,0,0,0,0,0
40.439560,40.427605,112,255,161,255,187,0,32,171,129,0,0,0,0,0,0,0
40.549450,40.559700,111,255,165,255,191,0,95,171,129,0,0,0,0,0,0,0
40.714287,40.720181,112,255,165,255,190,0,63,170,1,0,0,0,0,0,0,0
40.824177,40.824703,112,255,165,255,192,1,112,170,1,0,0,0,0,0,0,0
40.989010,40.985111,112,255,165,255,187,1,23,171,129,0,0,0,0,0,0,0
41.098900,41.090176,112,255,164,255,188,1,32,170,129,0,0,0,0,0,0,0
41.263737,41.250603,111,255,165,255,189,1,104,170,1,0,0,0,0,0,0,0
41.373627,41.383106,112,255,164,255,189,0,39,170,1,0,0,0,0,0,0,0
41.483517,41.488506,111,255,167,255,185,0,64,170,129,0,0,0,0,0,0,0
41.648350,41.648525,111,255,167,255,185,0,64,170,129,0,0,0,0,0,0,0
41.758244,41.753155,111,255,167,255,192,0,96,170,1,0,0,0,0,0,0,0
41.923077,41.914196,112,255,161,255,186,1,32,170,1,0,0,0,0,0,0,0
42.032967,42.019341,111,255,161,255,191,1,47,170,129,0,0,0,0,0,0,0
42.142857,42.152203,112,255,162,255,190,1,96,170,129,0,0,0,0,0,0,0
42.307693,42.312378,112,255,162,255,187,1,48,171,129,0,0,0,0,0,0,0
42.417583,42.417568,112,255,167,255,190,0,63,170,1,0,0,0,0,0,0,0
42.582417,42.577129,112,255,166,255,189,0,95,170,1,0,0,0,0,0,0,0
42.692307,42.682476,111,255,165,255,189,1,64,170,129,0,0,0,0,0,0,0
42.857143,42.842140,111,255,166,255,192,0,31,170,129,0,0,0,0,0,0,0
42.967033,42.974941,112,255,167,255,184,1,64,170,1,0,0,0,0,0,0,0
43.076923,43.079067,112,255,167,255,189,0,31,171,1,0,0,0,0,0,0,0
43.241756,43.238930,112,255,166,255,191,0,91,170,129,0,0,0,0,0,0,0
43.351650,43.343410,112,255,165,255,189,0,112,170,129,0,0,0,0,0,0,0
43.516483,43.503071,112,255,166,255,189,1,32,170,1,0,0,0,0,0,0,0
43.626373,43.635777,112,255,166,255,193,1,39,170,1,0,0,0,0,0,0,0
43.736263,43.740509,112,255,166,255,191,0,63,170,1,0,0,0,0,0,0,0
43.901100,43.900784,111,255,159,255,188,1,88,170,129,0,0,0,0,0,0,0
44.010990,44.005569,112,255,162,255,186,1,48,170,129,0,0,0,0,0,0,0
44.175823,44.166359,111,255,163,255,189,1,23,170,1,0,0,0,0,0,0,0
44.285713,44.271446,112,255,163,255,191,0,63,170,1,0,0,0,0,0,0,0
44.395603,44.404514,111,255,164,255,183,1,95,170,129,0,0,0,0,0,0,0
44.560440,44.564686,111,255,160,255,188,1,47,170,129,0,0,0,0,0,0,0
44.670330,44.669933,112,255,163,255,193,1,109,170,1,0,0,0,0,0,0,0
44.835163,44.829750,111,255,166,255,188,0,96,170,1,0,0,0,0,0,0,0
44.945053,44.935146,111,255,167,255,184,1,40,170,129,0,0,0,0,0,0,0
45.109890,45.095013,112,255,166,255,191,0,55,170,129,0,0,0,0,0,0,0
45.219780,45.227104,111,255,163,255,191,1,95,170,1,0,0,0,0,0,0,0
45.329670,45.332706,112,255,164,255,190,1,115,170,1,0,0,0,0,0,0,0
45.494507,45.492420,111,255,161,255,184,1,96,170,1,0,0,0,0,0,0,0
45.604397,45.597923,111,255,161,255,187,1,64,170,129,0,0,0,0,0,0,0
45.769230,45.758705,111,255,162,255,185,0,27,170,129,0,0,0,0,0,0,0
45.879120,45.864925,111,255,162,255,191,1,47,170,1,0,0,0,0,0,0,0
45.989010,45.997066,111,255,164,255,192,1,63,170,1,0,0,0,0,0,0,0
46.153847,46.158161,111,255,163,255,188,0,95,170,129,0,0,0,0,0,0,0
46.263737,46.262539,111,255,161,255,191,1,111,170,129,0,0,0,0,0,0,0
46.428570,46.422813,111,255,163,255,187,1,64,170,1,0,0,0,0,0,0,0
46.538460,46.527699,111,255,164,255,190,1,79,170,1,0,0,0,0,0,0,0
46.703297,46.687515,111,255,164,255,187,1,32,170,129,0,0,0,0,0,0,0
46.813187,46.820377,111,255,162,255,191,0,63,170,129,0,0,0,0,0,0,0
46.923077,46.924652,111,255,162,255,191,0,63,170,129,0,0,0,0,0,0,0
47.087914,47.084820,111,255,155,255,185,1,51,170,1,0,0,0,0,0,0,0
47.197803,47.189655,111,255,158,255,190,0,95,170,1,0,0,0,0,0,0,0
47.362637,47.349781,111,255,160,255,184,0,31,170,129,0,0,0,0,0,0,0
47.472527,47.454411,111,255,161,255,192,1,108,170,129,0,0,0,0,0,0,0
47.582417,47.586147,111,255,161,255,192,1,108,170,129,0,0,0,0,0,0,0
47.747253,47.746166,111,255,160,255,189,1,47,170,1,0,0,0,0,0,0,0
47.857143,47.851669,111,255,163,255,187,1,55,170,129,0,0,0,0,0,0,0
48.021976,48.011173,111,255,160,255,187,1,31,170,129,0,0,0,0,0,0,0
48.131866,48.117031,111,255,158,255,190,1,47,170,1,0,0,0,0,0,0,0
48.241756,48.248768,111,255,134,255,191,0,63,170,1,0,0,0,0,0,0,0
48.406593,48.409348,0,255,158,255,191,1,47,170,129,0,0,0,0,0,0,0
48.516483,48.514133,0,255,157,255,191,0,79,170,129,0,0,0,0,0,0,0
48.681320,48.673798,0,255,161,255,191,0,79,170,129,0,0,0,0,0,0,0
48.791210,48.779346,0,255,158,255,191,1,63,170,1,0,0,0,0,0,0,0
48.956043,48.939159,0,255,162,255,192,0,79,169,1,0,0,0,0,0,0,0
49.065933,49.072025,0,255,162,255,192,0,106,170,129,0,0,0,0,0,0,0
49.175823,49.176502,0,255,159,255,191,1,63,170,129,0,0,0,0,0,0,0
49.340660,49.337543,111,255,161,255,189,1,112,170,1,0,0,0,0,0,0,0
49.450550,49.442532,111,255,159,255,189,1,80,169,1,0,0,0,0,0,0,0
49.615383,49.602757,111,255,159,255,194,0,95,170,129,0,0,0,0,0,0,0
49.725273,49.707897,111,255,141,255,188,1,96,170,129,0,0,0,0,0,0,0
49.835163,49.840347,111,255,159,255,188,1,96,169,1,0,0,0,0,0,0,0
50.000000,50.000317,111,255,159,255,185,1,38,169,1,0,0,0,0,0,0,0
50.109890,50.104488,111,255,159,255,184,0,80,170,129,0,0,0,0,0,0,0
50.274727,50.264454,111,255,160,255,188,1,96,169,129,0,0,0,0,0,0,0
50.384617,50.368881,111,255,159,255,188,1,96,170,129,0,0,0,0,0,0,0
50.494507,50.501488,111,255,147,255,189,0,95,170,1,0,0,0,0,0,0,0
50.659340,50.661304,111,255,129,255,189,0,96,169,1,0,0,0,0,0,0,0
50.769230,50.766136,111,255,126,255,185,1,96,169,129,0,0,0,0,0,0,0
50.934067,50.925442,111,255,136,255,192,0,116,170,129,0,0,0,0,0,0,0
51.043957,51.029919,111,255,129,255,184,1,72,170,129,0,0,0,0,0,0,0
51.208790,51.190147,111,255,158,255,188,1,96,170,1,0,0,0,0,0,0,0
51.318680,51.323261,111,255,158,255,188,1,96,169,129,0,0,0,0,0,0,0
51.428570,51.427742,111,255,151,255,188,1,104,169,129,0,0,0,0,0,0,0
51.593407,51.587608,111,255,153,255,192,0,104,169,1,0,0,0,0,0,0,0
51.703297,51.693020,111,255,146,255,190,1,63,169,1,0,0,0,0,0,0,0
51.868134,51.852612,111,255,152,255,192,0,111,170,129,0,0,0,0,0,0,0
51.978024,51.958370,111,255,133,255,189,0,63,169,129,0,0,0,0,0,0,0
52.087914,52.090614,111,255,130,255,184,1,64,170,129,0,0,0,0,0,0,0
52.252747,52.251198,111,255,147,255,191,0,47,170,1,0,0,0,0,0,0,0
52.362637,52.355526,111,255,158,255,194,1,39,170,1,0,0,0,0,0,0,0
52.527473,52.514721,111,255,158,255,187,0,63,170,1,0,0,0,0,0,0,0
52.637363,52.620022,111,255,158,255,187,1,64,170,129,0,0,0,0,0,0,0
52.747253,52.752110,111,255,159,255,191,0,63,169,129,0,0,0,0,0,0,0
52.912086,52.912746,111,255,159,255,186,1,96,169,1,0,0,0,0,0,0,0
53.021976,53.017990,111,255,147,255,192,0,96,169,129,0,0,0,0,0,0,0
53.186813,53.177242,111,255,159,255,191,0,95,169,129,0,0,0,0,0,0,0
53.296703,53.281616,111,255,157,255,189,1,48,169,129,0,0,0,0,0,0,0
53.461540,53.441330,111,255,154,255,188,0,39,170,1,0,0,0,0,0,0,0
53.571430,53.573269,111,255,144,255,187,0,48,170,1,0,0,0,0,0,0,0
53.681320,53.678665,111,255,132,255,188,1,96,169,129,0,0,0,0,0,0,0
53.846153,53.838226,111,255,134,255,182,0,87,169,129,0,0,0,0,0,0,0
53.956043,53.943981,111,255,134,255,188,0,116,169,1,0,0,0,0,0,0,0
54.120880,54.103493,111,255,124,255,193,0,112,170,1,0,0,0,0,0,0,0
54.230770,54.236404,111,255,122,255,190,0,79,168,129,0,0,0,0,0,0,0
54.340660,54.341137,111,255,116,255,185,1,39,170,129,0,0,0,0,0,0,0
54.505493,54.501358,111,255,115,255,188,1,72,169,1,0,0,0,0,0,0,0
54.615383,54.606243,111,255,135,255,192,0,88,169,1,0,0,0,0,0,0,0
54.780220,54.765549,111,255,135,255,191,1,95,170,129,0,0,0,0,0,0,0
54.890110,54.870846,111,255,125,255,187,1,46,169,129,0,0,0,0,0,0,0
55.000000,55.002834,111,255,125,255,190,0,104,169,1,0,0,0,0,0,0,0
55.164837,55.162960,111,255,129,255,191,0,63,169,1,0,0,0,0,0,0,0
55.274727,55.267487,110,255,126,255,184,0,55,169,1,0,0,0,0,0,0,0
55.439560,55.427097,111,255,157,255,183,0,96,169,129,0,0,0,0,0,0,0
55.549450,55.531368,110,255,158,255,191,1,63,169,129,0,0,0,0,0,0,0
55.659340,55.664131,111,255,160,255,190,1,65,169,1,0,0,0,0,0,0,0
55.824177,55.823841,111,255,154,255,184,1,64,169,1,0,0,0,0,0,0,0
55.934067,55.929291,110,255,153,255,191,1,87,169,129,0,0,0,0,0,0,0
56.098900,56.089157,111,255,134,255,191,0,59,169,129,0,0,0,0,0,0,0
56.208790,56.193840,111,255,150,255,191,1,95,170,129,0,0,0,0,0,0,0
56.373627,56.354321,111,255,155,255,186,1,71,169,1,0,0,0,0,0,0,0
56.483517,56.486771,111,255,127,255,192,0,96,169,129,0,0,0,0,0,0,0
56.593407,56.592422,111,255,147,255,191,1,79,169,129,0,0,0,0,0,0,0
56.758244,56.752495,111,255,156,255,192,1,96,169,1,0,0,0,0,0,0,0
56.868134,56.857998,111,255,138,255,191,1,79,168,1,0,0,0,0,0,0,0
57.032967,57.017605,111,255,138,255,194,0,107,169,1,0,0,0,0,0,0,0
57.142857,57.122494,111,255,138,255,194,0,107,169,1,0,0,0,0,0,0,0
57.252747,57.255249,111,255,142,255,192,0,80,169,129,0,0,0,0,0,0,0
57.417583,57.415527,111,255,148,255,185,1,55,169,1,0,0,0,0,0,0,0
57.527473,57.520210,111,255,121,255,191,0,111,168,1,0,0,0,0,0,0,0
57.692307,57.680275,111,255,131,255,192,0,112,169,129,0,0,0,0,0,0,0
57.802197,57.784859,111,255,123,255,189,0,55,169,129,0,0,0,0,0,0,0
57.912086,57.916439,110,255,128,255,195,0,111,169,1,0,0,0,0,0,0,0
58.076923,58.076511,111,255,124,255,192,0,112,169,1,0,0,0,0,0,0,0
58.186813,58.181190,111,255,130,255,185,0,75,169,1,0,0,0,0,0,0,0
58.351650,58.341621,110,255,146,255,189,0,103,169,129,0,0,0,0,0,0,0
58.461540,58.446457,110,255,146,255,189,0,95,169,129,0,0,0,0,0,0,0
58.626373,58.605759,111,255,131,255,189,0,95,169,129,0,0,0,0,0,0,0
58.736263,58.738518,111,255,131,255,185,1,79,169,1,0,0,0,0,0,0,0
58.846153,58.844021,111,255,148,255,191,0,111,169,129,0,0,0,0,0,0,0
59.010990,59.003529,110,255,159,255,194,0,102,168,129,0,0,0,0,0,0,0
59.120880,59.109028,110,255,160,255,189,0,104,169,1,0,0,0,0,0,0,0
59.285713,59.268280,111,255,161,255,183,1,81,169,1,0,0,0,0,0,0,0
59.395603,59.373116,111,255,169,255,189,0,91,169,129,0,0,0,0,0,0,0
59.505493,59.506184,110,255,158,255,195,1,87,169,129,0,0,0,0,0,0,0
59.670330,59.665638,110,255,158,255,195,1,87,169,129,0,0,0,0,0,0,0
59.780220,59.770935,110,255,166,255,194,0,111,169,1,0,0,0,0,0,0,0
59.945053,59.930134,110,255,163,255,192,0,104,169,1,0,0,0,0,0,0,0
60.054947,60.034714,110,255,164,255,189,0,100,169,129,0,0,0,0,0,0,0
60.164837,60.167473,111,255,166,255,186,0,104,169,129,0,0,0,0,0,0,0
60.329670,60.327801,110,255,162,255,186,1,104,168,129,0,0,0,0,0,0,0
60.439560,60.433403,111,255,160,255,186,1,96,168,1,0,0,0,0,0,0,0
60.604397,60.593781,111,255,161,255,186,0,96,169,129,0,0,0,0,0,0,0
60.714287,60.698463,111,255,161,255,186,0,96,169,129,0,0,0,0,0,0,0
60.879120,60.858379,110,255,175,255,188,0,96,168,1,0,0,0,0,0,0,0
60.989010,60.990318,111,255,166,255,192,0,96,169,1,0,0,0,0,0,0,0
61.098900,61.095051,110,255,184,255,192,0,102,169,129,0,0,0,0,0,0,0
61.263737,61.255688,110,255,184,255,192,0,102,169,129,0,0,0,0,0,0,0
61.373627,61.360416,110,255,176,255,193,0,95,169,129,0,0,0,0,0,0,0
61.538460,61.520283,111,255,177,255,193,0,95,169,1,0,0,0,0,0,0,0
61.648350,61.624813,111,255,175,255,191,0,91,169,1,0,0,0,0,0,0,0
61.758244,61.757523,110,255,169,255,188,0,96,168,129,0,0,0,0,0,0,0
61.923077,61.917080,111,255,168,255,189,0,108,168,129,0,0,0,0,0,0,0
62.032967,62.021660,110,255,192,255,193,0,108,168,129,0,0,0,0,0,0,0
62.197803,62.182446,110,255,195,255,188,1,95,168,1,0,0,0,0,0,0,0
62.307693,62.288410,110,255,192,255,183,0,88,168,129,0,0,0,0,0,0,0
62.472527,62.448280,110,255,174,255,186,1,104,168,129,0,0,0,0,0,0,0
62.582417,62.580570,110,255,177,255,194,0,115,169,1,0,0,0,0,0,0,0
62.692307,62.685917,110,255,175,255,194,1,99,169,1,0,0,0,0,0,0,0
62.857143,62.845528,111,255,178,255,191,0,85,168,129,0,0,0,0,0,0,0
62.967033,62.951385,110,255,185,255,188,1,84,168,129,0,0,0,0,0,0,0
63.131866,63.110897,110,255,187,255,190,0,104,169,129,0,0,0,0,0,0,0
63.241756,63.217133,110,255,205,255,191,1,103,167,1,0,0,0,0,0,0,0
63.351650,63.349926,110,255,207,255,184,1,102,168,1,0,0,0,0,0,0,0
63.516483,63.510509,110,255,203,255,188,0,96,168,129,0,0,0,0,0,0,0
63.626373,63.615704,110,255,196,255,192,0,103,169,129,0,0,0,0,0,0,0
63.791210,63.776154,110,255,182,255,195,0,85,169,1,0,0,0,0,0,0,0
63.901100,63.881020,111,255,198,255,187,0,80,168,1,0,0,0,0,0,0,0
64.065933,64.041245,111,255,209,255,189,0,104,168,129,0,0,0,0,0,0,0
64.175827,64.174400,111,255,209,255,189,0,104,168,129,0,0,0,0,0,0,0
64.285713,64.279915,111,255,209,255,191,1,83,169,1,0,0,0,0,0,0,0
64.450546,64.440742,111,255,206,255,186,1,88,168,1,0,0,0,0,0,0,0
64.560440,64.546349,110,255,208,255,192,0,103,169,1,0,0,0,0,0,0,0
64.725273,64.707237,110,255,210,255,187,1,87,169,129,0,0,0,0,0,0,0
64.835167,64.812691,110,255,211,255,188,0,72,168,129,0,0,0,0,0,0,0
64.945053,64.945862,110,255,211,255,192,0,101,169,1,0,0,0,0,0,0,0
65.109894,65.105621,110,255,212,255,183,1,83,168,1,0,0,0,0,0,0,0
65.219780,65.211380,110,255,211,255,188,0,96,168,129,0,0,0,0,0,0,0
65.384613,65.371292,110,255,211,255,188,0,96,168,129,0,0,0,0,0,0,0
65.494507,65.477715,111,255,211,255,187,1,82,168,1,0,0,0,0,0,0,0
65.659340,65.637886,110,255,211,255,189,0,96,169,1,0,0,0,0,0,0,0
65.769234,65.770546,110,255,211,255,190,0,95,167,129,0,0,0,0,0,0,0
65.879120,65.876404,110,255,213,255,190,1,83,168,129,0,0,0,0,0,0,0
66.043953,66.036171,110,255,213,255,192,0,100,169,1,0,0,0,0,0,0,0
66.153847,66.142082,110,255,215,255,191,1,95,169,1,0,0,0,0,0,0,0
66.318680,66.302559,110,255,214,255,188,1,96,168,1,0,0,0,0,0,0,0
66.428574,66.408569,110,255,213,255,191,0,104,169,129,0,0,0,0,0,0,0
66.593407,66.569000,110,255,212,255,189,0,86,168,129,0,0,0,0,0,0,0
66.703300,66.701912,110,255,215,255,189,0,100,168,1,0,0,0,0,0,0,0
66.813187,66.806801,110,255,215,255,191,0,95,167,1,0,0,0,0,0,0,0
66.978020,66.967224,110,255,214,255,187,1,84,168,129,0,0,0,0,0,0,0
67.087914,67.073036,110,255,214,255,188,0,96,168,129,0,0,0,0,0,0,0
67.252747,67.233612,110,255,214,255,194,0,95,168,1,0,0,0,0,0,0,0
67.362640,67.338867,110,255,209,255,189,1,75,168,1,0,0,0,0,0,0,0
67.472527,67.471107,110,255,209,255,189,1,75,168,1,0,0,0,0,0,0,0
67.637360,67.631432,110,255,218,255,192,0,88,169,129,0,0,0,0,0,0,0
67.747253,67.736320,110,255,218,255,192,0,96,168,129,0,0,0,0,0,0,0
67.912086,67.896851,110,255,212,255,188,1,84,168,1,0,0,0,0,0,0,0
68.021980,68.001846,110,255,208,255,188,0,96,168,1,0,0,0,0,0,0,0
68.186813,68.162369,110,255,207,255,191,0,94,167,129,0,0,0,0,0,0,0
68.296700,68.294617,110,255,216,255,189,1,79,168,129,0,0,0,0,0,0,0
68.406593,68.400223,110,255,214,255,189,1,83,169,1,0,0,0,0,0,0,0
68.571426,68.559937,110,255,214,255,188,0,81,168,1,0,0,0,0,0,0,0
68.681320,68.665489,110,255,210,255,192,0,102,168,129,0,0,0,0,0,0,0
68.846153,68.825455,110,255,216,255,194,1,95,169,129,0,0,0,0,0,0,0
68.956047,68.930443,110,255,217,255,188,0,80,168,1,0,0,0,0,0,0,0
69.065933,69.063667,110,255,217,255,190,0,96,168,1,0,0,0,0,0,0,0
69.230766,69.223427,110,255,217,255,190,0,90,168,1,0,0,0,0,0,0,0
69.340660,69.329033,110,255,215,255,186,0,87,167,129,0,0,0,0,0,0,0
69.505493,69.489052,109,255,216,255,184,1,80,168,129,0,0,0,0,0,0,0
69.615387,69.594910,110,255,213,255,187,0,100,168,1,0,0,0,0,0,0,0
69.780220,69.754929,110,255,213,255,187,0,100,168,1,0,0,0,0,0,0,0
69.890106,69.887993,110,255,201,255,191,1,95,169,129,0,0,0,0,0,0,0
70.000000,69.993034,110,255,209,255,189,0,95,169,129,0,0,0,0,0,0,0
70.164833,70.153465,110,255,215,255,186,1,96,168,1,0,0,0,0,0,0,0
70.274727,70.258606,110,255,210,255,186,1,96,168,1,0,0,0,0,0,0,0
70.439560,70.419243,110,255,207,255,192,0,107,168,129,0,0,0,0,0,0,0
70.549454,70.524582,110,255,208,255,191,1,107,169,129,0,0,0,0,0,0,0
70.659340,70.657806,110,255,219,255,191,0,79,168,1,0,0,0,0,0,0,0
70.824173,70.817772,110,255,217,255,189,0,96,168,1,0,0,0,0,0,0,0
70.934067,70.923531,110,255,208,255,190,0,107,168,129,0,0,0,0,0,0,0
71.098900,71.083755,110,255,203,255,194,0,106,168,129,0,0,0,0,0,0,0
71.208794,71.189209,110,255,199,255,191,0,87,168,1,0,0,0,0,0,0,0
71.373627,71.350349,110,255,189,255,189,1,91,168,1,0,0,0,0,0,0,0
71.483513,71.482391,110,255,164,255,183,1,80,168,129,0,0,0,0,0,0,0
71.593407,71.587944,110,255,162,255,184,0,96,168,129,0,0,0,0,0,0,0
71.758240,71.747147,110,255,164,255,192,0,102,168,129,0,0,0,0,0,0,0
71.868134,71.852440,110,255,165,255,195,0,106,168,1,0,0,0,0,0,0,0
72.032967,72.012100,110,255,160,255,191,1,107,168,1,0,0,0,0,0,0,0
72.142860,72.117401,110,255,159,255,187,1,91,168,129,0,0,0,0,0,0,0
72.252747,72.249390,110,255,154,255,186,0,87,167,129,0,0,0,0,0,0,0
72.417580,72.409355,110,255,158,255,184,1,88,168,1,0,0,0,0,0,0,0
72.527473,72.514145,110,255,160,255,183,0,96,168,1,0,0,0,0,0,0,0
72.692307,72.674210,110,255,166,255,192,0,96,168,129,0,0,0,0,0,0,0
72.802200,72.779205,110,255,163,255,192,0,96,168,129,0,0,0,0,0,0,0
72.912086,72.911087,110,255,158,255,191,0,103,168,1,0,0,0,0,0,0,0
73.076920,73.071106,110,255,136,255,191,0,99,168,1,0,0,0,0,0,0,0
73.186813,73.175484,110,255,143,255,191,0,95,168,1,0,0,0,0,0,0,0
73.351646,73.335907,110,255,138,255,187,1,84,168,129,0,0,0,0,0,0,0
73.461540,73.440697,110,255,137,255,182,0,86,168,129,0,0,0,0,0,0,0
73.626373,73.601280,110,255,138,255,192,0,104,168,1,0,0,0,0,0,0,0
73.736267,73.733116,110,255,128,255,194,0,114,168,1,0,0,0,0,0,0,0
73.846153,73.838158,110,255,118,255,191,1,114,168,129,0,0,0,0,0,0,0
74.010986,73.997307,110,255,110,255,191,1,95,168,129,0,0,0,0,0,0,0
74.120880,74.102554,110,255,102,255,191,1,95,168,1,0,0,0,0,0,0,0
74.285713,74.262009,110,255,106,255,188,0,87,168,1,0,0,0,0,0,0,0
74.395607,74.367126,110,255,117,255,188,1,96,168,1,0,0,0,0,0,0,0
74.505493,74.499908,110,255,119,255,186,1,104,168,129,0,0,0,0,0,0,0
74.670326,74.659981,110,255,125,255,186,1,104,168,129,0,0,0,0,0,0,0
74.780220,74.765556,110,255,107,255,192,0,106,168,1,0,0,0,0,0,0,0
74.945053,74.925606,110,255,123,255,192,0,112,168,1,0,0,0,0,0,0,0
75.054947,75.030800,110,255,133,255,192,0,110,168,129,0,0,0,0,0,0,0
75.164833,75.163048,110,255,143,255,191,0,108,168,129,0,0,0,0,0,0,0
75.329674,75.323624,110,255,149,255,191,1,103,168,1,0,0,0,0,0,0,0
75.439560,75.428360,110,255,118,255,191,0,95,168,1,0,0,0,0,0,0,0
75.604393,75.588943,110,255,124,255,189,1,99,168,129,0,0,0,0,0,0,0
75.714287,75.693520,110,255,139,255,191,1,102,168,129,0,0,0,0,0,0,0
75.879120,75.853691,110,255,147,255,187,0,103,168,1,0,0,0,0,0,0,0
75.989014,75.985634,110,255,149,255,186,0,89,168,1,0,0,0,0,0,0,0
76.098900,76.090828,110,255,140,255,184,1,96,168,129,0,0,0,0,0,0,0
76.263733,76.251259,110,255,122,255,188,1,96,168,129,0,0,0,0,0,0,0
76.373627,76.355583,110,255,114,255,188,0,100,168,129,0,0,0,0,0,0,0
76.538460,76.514778,110,255,125,255,189,0,112,168,1,0,0,0,0,0,0,0
76.648354,76.619720,110,255,124,255,190,0,111,168,1,0,0,0,0,0,0,0
76.758240,76.752121,110,255,122,255,191,0,104,167,129,0,0,0,0,0,0,0
76.923080,76.911728,110,255,93,255,194,1,111,168,129,0,0,0,0,0,0,0
77.032967,77.017395,110,255,99,255,193,1,105,168,129,0,0,0,0,0,0,0
77.197800,77.177559,110,255,108,255,191,1,107,168,1,0,0,0,0,0,0,0
77.307693,77.283005,110,255,94,255,185,1,95,168,129,0,0,0,0,0,0,0
77.417580,77.414948,109,255,89,255,183,1,73,168,129,0,0,0,0,0,0,0
77.582420,77.574913,109,255,92,255,184,1,96,168,1,0,0,0,0,0,0,0
77.692307,77.680260,110,255,90,255,188,1,96,168,1,0,0,0,0,0,0,0
77.857140,77.840591,0,255,91,255,188,0,100,168,1,0,0,0,0,0,0,0
77.967033,77.945724,0,255,106,255,192,0,114,168,129,0,0,0,0,0,0,0
78.131866,78.105652,0,255,98,255,194,0,116,168,129,0,0,0,0,0,0,0
78.241760,78.238762,0,255,89,255,191,0,116,168,1,0,0,0,0,0,0,0
78.351646,78.343910,0,255,98,255,191,1,99,168,1,0,0,0,0,0,0,0
78.516487,78.504745,0,255,104,255,191,1,91,168,129,0,0,0,0,0,0,0
78.626373,78.609428,0,255,108,255,189,1,88,168,129,0,0,0,0,0,0,0
78.791206,78.770317,0,255,115,255,188,1,100,168,1,0,0,0,0,0,0,0
78.901100,78.875099,0,255,111,255,188,0,104,168,1,0,0,0,0,0,0,0
79.065933,79.035568,0,255,104,255,188,0,104,168,129,0,0,0,0,0,0,0
79.175827,79.168083,0,255,111,255,192,0,116,168,129,0,0,0,0,0,0,0
79.285713,79.272766,0,255,101,255,194,0,114,168,1,0,0,0,0,0,0,0
79.450546,79.433502,0,255,86,255,191,0,115,168,1,0,0,0,0,0,0,0
79.560440,79.538132,0,255,107,255,191,0,115,168,1,0,0,0,0,0,0,0
79.725273,79.699203,109,255,131,255,186,1,91,167,129,0,0,0,0,0,0,0
79.835167,79.831421,109,255,122,255,184,1,107,168,129,0,0,0,0,0,0,0
79.945053,79.936821,109,255,104,255,181,0,98,167,1,0,0,0,0,0,0,0
80.109894,80.096786,109,255,105,255,184,1,97,168,1,0,0,0,0,0,0,0
80.219780,80.202393,110,255,104,255,188,0,108,168,129,0,0,0,0,0,0,0
80.384613,80.362358,110,255,101,255,192,0,114,168,129,0,0,0,0,0,0,0
80.494507,80.467606,110,255,112,255,192,0,115,168,1,0,0,0,0,0,0,0
80.604393,80.599907,110,255,91,255,191,1,111,168,1,0,0,0,0,0,0,0
80.769234,80.760689,110,255,97,255,191,1,87,168,129,0,0,0,0,0,0,0
80.879120,80.865425,110,255,100,255,189,0,103,167,129,0,0,0,0,0,0,0
81.043953,81.025185,110,255,93,255,186,1,91,167,1,0,0,0,0,0,0,0
81.153847,81.130325,110,255,106,255,187,1,96,167,1,0,0,0,0,0,0,0
81.318680,81.289841,110,255,99,255,187,1,98,167,1,0,0,0,0,0,0,0
81.428574,81.421776,110,255,103,255,192,0,116,168,129,0,0,0,0,0,0,0
81.538460,81.527077,110,255,114,255,189,1,116,168,129,0,0,0,0,0,0,0
81.703300,81.687195,110,255,110,255,188,1,103,168,1,0,0,0,0,0,0,0
81.813187,81.791466,110,255,122,255,183,0,79,167,1,0,0,0,0,0,0,0
81.978020,81.951431,110,255,112,255,186,1,83,167,129,0,0,0,0,0,0,0
82.087914,82.083275,110,255,90,255,188,0,114,168,129,0,0,0,0,0,0,0
82.197800,82.189186,110,255,96,255,193,0,99,168,1,0,0,0,0,0,0,0
82.362640,82.349098,110,255,110,255,189,1,95,168,1,0,0,0,0,0,0,0
82.472527,82.454903,110,255,109,255,187,0,104,168,129,0,0,0,0,0,0,0
82.637360,82.614670,110,255,105,255,186,1,104,167,129,0,0,0,0,0,0,0
82.747253,82.719360,110,255,99,255,188,0,111,168,1,0,0,0,0,0,0,0
82.857140,82.852219,110,255,102,255,193,0,113,168,1,0,0,0,0,0,0,0
83.021980,83.012283,110,255,104,255,191,1,111,168,1,0,0,0,0,0,0,0
83.131866,83.118050,0,255,114,255,186,1,97,167,129,0,0,0,0,0,0,0
83.296700,83.277863,0,255,121,255,187,0,100,167,129,0,0,0,0,0,0,0
83.406593,83.383156,0,255,122,255,192,0,107,168,1,0,0,0,0,0,0,0
83.571426,83.542717,0,255,113,255,191,1,111,168,1,0,0,0,0,0,0,0
83.681320,83.675827,0,255,113,255,184,1,95,168,129,0,0,0,0,0,0,0
83.791206,83.781075,0,255,125,255,184,1,112,167,129,0,0,0,0,0,0,0
83.956047,83.941734,0,255,122,255,192,0,116,168,1,0,0,0,0,0,0,0
84.065933,84.047005,0,255,116,255,193,0,100,168,1,0,0,0,0,0,0,0
84.230766,84.207024,0,255,107,255,191,1,95,168,129,0,0,0,0,0,0,0
84.340660,84.312325,0,255,115,255,191,1,95,168,129,0,0,0,0,0,0,0
84.450546,84.444519,0,254,107,255,188,0,104,167,1,0,0,0,0,0,0,0
84.615387,84.605049,0,255,101,255,191,0,112,168,1,0,0,0,0,0,0,0
84.725273,84.709778,0,255,97,255,185,1,109,168,1,0,0,0,0,0,0,0
84.890106,84.870308,0,255,94,255,184,1,105,167,129,0,0,0,0,0,0,0
85.000000,84.975555,110,255,94,255,186,0,112,167,129,0,0,0,0,0,0,0
85.164833,85.135986,110,255,95,255,191,1,111,168,1,0,0,0,0,0,0,0
85.274727,85.268440,109,255,105,255,186,1,103,167,1,0,0,0,0,0,0,0
85.384613,85.374039,110,255,113,255,188,1,112,167,129,0,0,0,0,0,0,0
85.549454,85.533905,110,255,114,255,192,0,114,168,129,0,0,0,0,0,0,0
85.659340,85.638947,110,255,115,255,191,1,95,168,1,0,0,0,0,0,0,0
85.824173,85.798607,110,255,120,255,187,0,100,167,1,0,0,0,0,0,0,0
85.934067,85.902985,110,255,113,255,188,0,106,168,129,0,0,0,0,0,0,0
86.043953,86.036102,109,255,110,255,190,0,116,168,129,0,0,0,0,0,0,0
86.208794,86.195404,110,255,106,255,185,1,89,167,129,0,0,0,0,0,0,0
86.318680,86.300034,109,255,100,255,192,0,112,168,1,0,0,0,0,0,0,0
86.483513,86.459335,109,255,98,255,194,0,116,168,1,0,0,0,0,0,0,0
86.593407,86.565346,110,255,87,255,188,0,108,167,129,0,0,0,0,0,0,0
86.758240,86.670097,109,255,95,255,190,0,114,167,129,0,0,0,0,0,0,0
86.868134,86.858078,110,255,100,255,183,1,105,167,1,0,0,0,0,0,0,0
86.978020,86.962349,110,255,116,255,184,1,100,167,1,0,0,0,0,0,0,0
87.142860,87.122986,110,255,104,255,191,1,115,168,129,0,0,0,0,0,0,0
87.252747,87.227715,110,255,80,255,187,0,96,167,129,0,0,0,0,0,0,0
87.417580,87.388145,110,255,94,255,192,0,114,168,1,0,0,0,0,0,0,0
87.527473,87.520546,110,255,96,255,188,0,103,168,1,0,0,0,0,0,0,0
87.637360,87.624916,109,255,97,255,188,1,105,167,1,0,0,0,0,0,0,0
87.802200,87.785454,110,255,93,255,187,1,107,167,129,0,0,0,0,0,0,0
87.912086,87.890236,110,255,93,255,183,0,88,167,129,0,0,0,0,0,0,0
88.076920,88.050407,109,255,92,255,195,0,111,168,1,0,0,0,0,0,0,0
88.186813,88.155190,110,255,105,255,189,0,104,167,1,0,0,0,0,0,0,0
88.296700,88.287849,109,255,94,255,191,0,109,168,129,0,0,0,0,0,0,0
88.461540,88.447304,110,255,87,255,185,1,95,167,129,0,0,0,0,0,0,0
88.571426,88.552246,110,255,85,255,193,0,114,168,1,0,0,0,0,0,0,0
88.736267,88.711594,110,255,92,255,187,0,101,167,1,0,0,0,0,0,0,0
88.846153,88.817093,109,255,102,255,189,0,106,168,129,0,0,0,0,0,0,0
88.956047,88.948830,110,255,89,255,183,0,106,167,129,0,0,0,0,0,0,0
89.120880,89.109467,0,255,80,255,192,0,116,168,1,0,0,0,0,0,0,0
89.230766,89.214355,0,255,73,255,188,1,103,167,1,0,0,0,0,0,0,0
89.395607,89.374779,0,255,84,255,188,0,110,167,129,0,0,0,0,0,0,0
89.505493,89.479256,0,255,95,255,184,0,100,167,129,0,0,0,0,0,0,0
89.670326,89.639229,0,255,96,255,193,1,107,168,129,0,0,0,0,0,0,0
89.780220,89.772141,0,255,112,255,189,0,108,167,1,0,0,0,0,0,0,0
89.890106,89.876465,0,255,95,255,187,0,99,168,1,0,0,0,0,0,0,0
90.054947,90.036537,0,255,91,255,185,0,100,167,129,0,0,0,0,0,0,0
90.164833,90.141342,0,255,91,255,185,0,100,167,129,0,0,0,0,0,0,0
90.329674,90.301186,0,255,85,255,190,0,102,167,1,0,0,0,0,0,0,0
90.439560,90.407097,0,255,87,255,189,0,95,167,1,0,0,0,0,0,0,0
90.549454,90.538879,0,255,121,255,189,0,95,167,1,0,0,0,0,0,0,0
90.714287,90.699211,0,255,122,255,185,1,99,167,129,0,0,0,0,0,0,0
90.824173,90.803276,0,255,120,255,187,0,110,167,129,0,0,0,0,0,0,0
90.989014,90.963600,0,255,105,255,190,0,98,167,1,0,0,0,0,0,0,0
91.098900,91.068443,0,255,79,255,189,0,103,166,1,0,0,0,0,0,0,0
91.208794,91.200989,0,255,84,255,183,1,88,167,129,0,0,0,0,0,0,0
91.373627,91.361160,0,255,89,255,187,0,90,167,1,0,0,0,0,0,0,0
91.483513,91.466049,0,255,93,255,189,0,101,168,1,0,0,0,0,0,0,0
91.648354,91.625710,0,255,98,255,188,0,104,167,1,0,0,0,0,0,0,0
91.758240,91.731209,0,255,98,255,191,0,92,167,129,0,0,0,0,0,0,0
91.923080,91.891182,0,255,104,255,188,0,106,167,129,0,0,0,0,0,0,0
92.032967,92.023888,0,255,105,255,185,1,98,167,1,0,0,0,0,0,0,0
92.142860,92.128113,0,255,105,255,185,1,98,167,1,0,0,0,0,0,0,0
92.307693,92.287460,0,255,118,255,188,1,102,167,129,0,0,0,0,0,0,0
92.417580,92.392914,0,255,109,255,191,1,95,167,129,0,0,0,0,0,0,0
92.582420,92.552422,0,255,102,255,191,1,95,167,129,0,0,0,0,0,0,0
92.692307,92.657921,0,255,99,255,187,1,98,167,1,0,0,0,0,0,0,0
92.802200,92.789658,0,255,89,255,187,1,97,167,1,0,0,0,0,0,0,0
92.967033,92.949776,0,255,91,255,188,0,114,167,129,0,0,0,0,0,0,0
93.076920,93.054405,0,255,95,255,188,0,100,167,129,0,0,0,0,0,0,0
93.241760,93.214531,0,255,97,255,187,1,96,167,1,0,0,0,0,0,0,0
93.351646,93.320335,0,255,107,255,190,0,110,167,1,0,0,0,0,0,0,0
93.461540,93.452591,0,255,119,255,184,1,100,167,129,0,0,0,0,0,0,0
93.626373,93.613373,0,255,106,255,188,0,96,167,129,0,0,0,0,0,0,0
93.736267,93.718155,0,255,109,255,190,0,103,167,1,0,0,0,0,0,0,0
93.901100,93.878227,0,255,115,255,190,0,94,167,1,0,0,0,0,0,0,0
94.010986,93.982651,0,255,117,255,189,0,95,167,1,0,0,0,0,0,0,0
94.175827,94.142876,0,255,133,255,187,0,104,167,129,0,0,0,0,0,0,0
94.285713,94.275124,0,255,146,255,188,0,96,167,129,0,0,0,0,0,0,0
94.395607,94.379959,0,255,131,255,191,1,95,167,1,0,0,0,0,0,0,0
94.560440,94.539467,0,255,128,255,189,0,107,167,1,0,0,0,0,0,0,0
94.670326,94.644554,0,255,109,255,190,0,85,167,129,0,0,0,0,0,0,0
94.835167,94.803757,0,255,137,255,194,0,104,167,129,0,0,0,0,0,0,0
94.945053,94.909012,0,255,116,255,189,0,85,167,1,0,0,0,0,0,0,0
95.054947,95.040688,0,255,133,255,189,1,83,167,1,0,0,0,0,0,0,0
95.219780,95.200584,0,255,136,255,186,1,89,167,1,0,0,0,0,0,0,0
95.329674,95.306107,0,255,149,255,184,0,96,167,129,0,0,0,0,0,0,0
95.494507,95.466385,0,255,114,255,191,1,102,167,1,0,0,0,0,0,0,0
95.604393,95.572144,0,255,82,255,194,0,106,167,1,0,0,0,0,0,0,0
95.714287,95.704643,0,255,103,255,189,0,88,167,1,0,0,0,0,0,0,0
95.879120,95.865280,0,255,140,255,188,1,84,167,129,0,0,0,0,0,0,0
95.989014,95.969803,0,255,145,255,186,0,89,167,129,0,0,0,0,0,0,0
96.153847,96.130127,0,255,134,255,187,1,96,167,1,0,0,0,0,0,0,0
96.263733,96.235222,0,255,140,255,188,0,100,167,1,0,0,0,0,0,0,0
96.428574,96.394829,0,255,140,255,188,0,100,167,1,0,0,0,0,0,0,0
96.538460,96.527695,0,255,120,255,185,0,89,167,129,0,0,0,0,0,0,0
96.648354,96.632835,0,255,112,255,192,0,103,167,1,0,0,0,0,0,0,0
96.813187,96.792801,0,255,102,255,188,0,96,167,1,0,0,0,0,0,0,0
96.923080,96.897385,0,255,133,255,191,0,87,167,1,0,0,0,0,0,0,0
97.087914,97.057655,0,255,147,255,192,0,95,167,129,0,0,0,0,0,0,0
97.197800,97.162292,0,255,128,255,188,1,96,167,129,0,0,0,0,0,0,0
97.307693,97.294533,0,255,110,255,184,1,85,167,1,0,0,0,0,0,0,0
97.472527,97.454247,0,255,100,255,195,1,91,167,1,0,0,0,0,0,0,0
97.582420,97.559547,0,255,102,255,188,0,89,167,129,0,0,0,0,0,0,0
97.747253,97.718796,0,255,143,255,185,1,77,167,129,0,0,0,0,0,0,0
97.857140,97.825882,0,255,146,255,194,1,95,167,1,0,0,0,0,0,0,0
98.021980,97.985695,0,255,144,255,188,0,110,167,1,0,0,0,0,0,0,0
98.131866,98.118301,0,255,109,255,187,1,94,167,129,0,0,0,0,0,0,0
98.241760,98.222931,0,255,108,255,188,0,95,167,129,0,0,0,0,0,0,0
98.406593,98.382393,0,255,109,255,188,1,89,165,129,0,0,0,0,0,0,0
98.516487,98.487785,0,255,147,255,187,1,83,167,1,0,0,0,0,0,0,0
98.681320,98.647858,109,255,157,255,189,0,96,167,1,0,0,0,0,0,0,0
98.791206,98.780670,109,255,147,255,186,1,91,167,129,0,0,0,0,0,0,0
98.901100,98.885201,109,255,145,255,191,1,91,167,129,0,0,0,0,0,0,0
99.065933,99.046036,109,255,147,255,191,0,95,167,1,0,0,0,0,0,0,0
99.175827,99.150620,109,255,158,255,194,0,78,167,1,0,0,0,0,0,0,0
99.340660,99.310738,109,255,151,255,195,0,95,167,129,0,0,0,0,0,0,0
99.450546,99.415886,109,255,148,255,190,0,101,166,129,0,0,0,0,0,0,0
99.560440,99.548538,109,255,148,255,184,0,84,167,1,0,0,0,0,0,0,0
99.725273,99.709015,109,255,132,255,191,1,93,167,1,0,0,0,0,0,0,0
99.835167,99.813545,109,255,132,255,191,1,93,167,1,0,0,0,0,0,0,0
100.000000,99.973976,109,255,148,255,186,0,87,167,129,0,0,0,0,0,0,0
100.109894,100.078911,109,255,157,255,194,1,95,167,1,0,0,0,0,0,0,0
100.274727,100.239388,109,255,147,255,189,0,104,167,1,0,0,0,0,0,0,0
100.384613,100.372353,109,255,129,255,183,1,102,167,129,0,0,0,0,0,0,0
100.494507,100.477142,109,255,111,255,191,1,91,167,129,0,0,0,0,0,0,0
100.659340,100.636597,109,255,124,255,189,1,96,167,129,0,0,0,0,0,0,0
100.769234,100.742149,109,255,132,255,187,1,84,166,1,0,0,0,0,0,0,0
100.934067,100.901146,109,255,147,255,192,0,97,167,1,0,0,0,0,0,0,0
101.043953,101.006241,109,255,149,255,188,1,96,167,129,0,0,0,0,0,0,0
101.153847,101.137970,109,255,144,255,190,1,95,167,129,0,0,0,0,0,0,0
101.318680,101.298195,109,255,119,255,186,0,96,167,1,0,0,0,0,0,0,0
101.428574,101.402824,109,255,115,255,191,1,91,167,1,0,0,0,0,0,0,0
101.593407,101.562950,109,255,142,255,190,0,87,167,129,0,0,0,0,0,0,0
101.703300,101.667633,109,255,146,255,190,1,75,166,129,0,0,0,0,0,0,0
101.813187,101.799515,109,255,146,255,193,0,95,167,1,0,0,0,0,0,0,0
101.978020,101.959694,109,255,113,255,188,0,96,167,1,0,0,0,0,0,0,0
102.087914,102.064529,109,255,113,255,188,0,100,167,1,0,0,0,0,0,0,0
102.252747,102.224472,108,255,127,255,184,1,83,167,129,0,0,0,0,0,0,0
102.362640,102.329124,109,255,133,255,186,0,82,167,129,0,0,0,0,0,0,0
102.527473,102.489044,109,255,135,255,189,0,100,167,1,0,0,0,0,0,0,0
102.637360,102.621140,108,255,148,255,184,0,96,167,1,0,0,0,0,0,0,0
102.747253,102.726685,109,255,127,255,191,1,91,167,129,0,0,0,0,0,0,0
102.912086,102.886299,109,255,121,255,188,0,96,167,129,0,0,0,0,0,0,0
103.021980,102.991951,109,255,142,255,187,1,75,166,1,0,0,0,0,0,0,0
103.186813,103.151001,109,255,147,255,189,0,84,167,1,0,0,0,0,0,0,0
103.296700,103.284019,108,255,152,255,183,1,89,167,129,0,0,0,0,0,0,0
103.406593,103.388496,109,255,155,255,190,0,103,167,129,0,0,0,0,0,0,0
103.571426,103.548103,109,255,145,255,188,1,100,166,1,0,0,0,0,0,0,0
103.681320,103.653297,109,255,126,255,188,1,95,167,1,0,0,0,0,0,0,0
103.846153,103.812492,109,255,140,255,188,0,95,167,1,0,0,0,0,0,0,0
103.956047,103.917892,109,255,145,255,183,1,72,167,129,0,0,0,0,0,0,0
104.065933,104.050041,109,255,140,255,195,0,79,167,129,0,0,0,0,0,0,0
104.230766,104.210365,109,255,153,255,189,1,90,167,1,0,0,0,0,0,0,0
104.340660,104.314949,109,255,159,255,190,0,91,166,1,0,0,0,0,0,0,0
104.505493,104.475014,109,255,152,255,187,0,92,167,129,0,0,0,0,0,0,0
104.615387,104.579849,109,255,139,255,190,1,76,167,129,0,0,0,0,0,0,0
104.725273,104.712097,109,255,137,255,188,0,88,167,1,0,0,0,0,0,0,0
104.890106,104.872833,109,255,142,255,185,0,88,167,1,0,0,0,0,0,0,0
105.000000,104.977821,109,255,130,255,191,1,85,167,129,0,0,0,0,0,0,0
105.164833,105.138153,109,255,122,255,188,0,96,167,129,0,0,0,0,0,0,0
105.274727,105.244316,109,255,115,255,186,0,79,167,1,0,0,0,0,0,0,0
105.439560,105.403519,108,255,129,255,187,0,90,167,1,0,0,0,0,0,0,0
105.549454,105.535759,109,255,147,255,189,0,96,166,1,0,0,0,0,0,0,0
105.659340,105.640907,109,255,151,255,187,0,79,167,129,0,0,0,0,0,0,0
105.824173,105.800568,109,255,122,255,192,0,98,167,129,0,0,0,0,0,0,0
105.934067,105.905914,109,255,120,255,189,1,80,166,1,0,0,0,0,0,0,0
106.098900,106.065315,109,255,112,255,192,0,91,167,1,0,0,0,0,0,0,0
106.208794,106.170410,109,255,114,255,189,1,86,167,129,0,0,0,0,0,0,0
106.318680,106.302704,109,255,124,255,190,0,103,165,129,0,0,0,0,0,0,0
106.483513,106.462570,109,255,129,255,186,0,100,166,1,0,0,0,0,0,0,0
106.593407,106.566910,109,255,110,255,191,1,99,167,1,0,0,0,0,0,0,0
106.758240,106.726151,109,255,99,255,192,0,104,167,129,0,0,0,0,0,0,0
106.868134,106.831604,109,255,110,255,187,0,81,167,129,0,0,0,0,0,0,0
106.978020,106.963745,109,255,132,255,188,0,95,167,129,0,0,0,0,0,0,0
107.142860,107.124741,109,255,139,255,187,0,84,167,1,0,0,0,0,0,0,0
107.252747,107.229774,109,255,149,255,191,0,99,167,129,0,0,0,0,0,0,0
107.417580,107.390358,109,255,148,255,189,0,106,167,129,0,0,0,0,0,0,0
107.527473,107.495300,109,255,123,255,187,1,85,167,129,0,0,0,0,0,0,0
107.692307,107.654755,109,255,123,255,187,1,85,167,129,0,0,0,0,0,0,0
107.802200,107.787720,109,255,121,255,186,1,76,166,1,0,0,0,0,0,0,0
107.912086,107.892403,109,255,153,255,191,0,94,166,129,0,0,0,0,0,0,0
108.076920,108.052986,109,255,152,255,186,0,88,167,129,0,0,0,0,0,0,0
108.186813,108.158020,109,255,128,255,189,0,103,166,129,0,0,0,0,0,0,0
108.351646,108.318245,109,255,100,255,192,0,96,166,1,0,0,0,0,0,0,0
108.461540,108.423691,0,255,94,255,190,1,90,167,129,0,0,0,0,0,0,0
108.571426,108.556862,0,255,119,255,189,0,94,166,129,0,0,0,0,0,0,0
108.736267,108.716934,0,255,134,255,184,1,82,166,129,0,0,0,0,0,0,0
108.846153,108.822182,0,255,150,255,193,0,87,167,1,0,0,0,0,0,0,0
109.010986,108.981888,0,255,142,255,189,0,100,166,1,0,0,0,0,0,0,0
109.120880,109.087646,0,255,106,255,187,0,103,167,129,0,0,0,0,0,0,0
109.285713,109.247208,0,255,93,255,187,0,106,166,129,0,0,0,0,0,0,0
109.395607,109.380013,0,255,88,255,190,0,89,166,1,0,0,0,0,0,0,0
109.505493,109.484444,0,255,104,255,189,0,95,166,1,0,0,0,0,0,0,0
109.670326,109.644516,0,255,122,255,187,1,89,166,129,0,0,0,0,0,0,0
109.780220,109.749146,0,255,117,255,194,0,79,167,129,0,0,0,0,0,0,0
109.945053,109.908546,0,255,113,255,189,0,100,167,1,0,0,0,0,0,0,0
110.054947,110.013710,0,255,99,255,184,1,95,166,1,0,0,0,0,0,0,0
110.164833,110.145531,0,255,96,255,193,0,103,166,1,0,0,0,0,0,0,0
110.329674,110.305855,109,255,103,255,188,0,106,166,129,0,0,0,0,0,0,0
110.439560,110.411049,0,255,94,255,189,1,79,166,129,0,0,0,0,0,0,0
110.604393,110.571327,0,255,105,255,193,0,95,167,1,0,0,0,0,0,0,0
110.714287,110.676163,0,255,129,255,188,0,96,166,1,0,0,0,0,0,0,0
110.824173,110.808968,0,255,155,255,187,1,94,167,129,0,0,0,0,0,0,0
110.989014,110.968323,0,255,115,255,192,0,111,167,129,0,0,0,0,0,0,0
111.098900,111.074028,0,255,90,255,188,0,104,166,1,0,0,0,0,0,0,0
111.263733,111.233482,0,255,85,255,189,0,109,166,1,0,0,0,0,0,0,0
111.373627,111.338272,0,255,85,255,185,1,96,167,1,0,0,0,0,0,0,0
111.538460,111.498756,0,255,84,255,193,1,91,167,129,0,0,0,0,0,0,0
111.648354,111.631355,0,255,102,255,187,0,93,166,1,0,0,0,0,0,0,0
111.758240,111.735832,0,255,104,255,186,0,104,166,1,0,0,0,0,0,0,0
111.923080,111.894928,0,255,99,255,185,0,96,166,1,0,0,0,0,0,0,0
112.032967,112.000023,0,255,103,255,189,0,111,167,129,0,0,0,0,0,0,0
112.197800,112.159889,0,255,103,255,189,0,111,167,129,0,0,0,0,0,0,0
112.307693,112.291779,0,255,103,255,189,0,111,167,129,0,0,0,0,0,0,0
112.417580,112.397331,0,255,86,255,191,1,95,167,1,0,0,0,0,0,0,0
112.582420,112.556633,0,255,91,255,189,0,104,167,129,0,0,0,0,0,0,0
112.692307,112.661728,0,255,94,255,187,0,95,167,129,0,0,0,0,0,0,0
112.857140,112.821945,0,255,101,255,191,1,95,167,1,0,0,0,0,0,0,0
112.967033,112.926682,0,255,104,255,188,0,102,166,1,0,0,0,0,0,0,0
113.076920,113.058418,0,255,114,255,185,0,107,167,1,0,0,0,0,0,0,0
113.241760,113.218536,0,255,102,255,194,0,104,167,129,0,0,0,0,0,0,0
113.351646,113.323166,0,255,100,255,189,0,106,167,129,0,0,0,0,0,0,0
113.516487,113.483315,0,255,95,255,188,0,107,167,1,0,0,0,0,0,0,0
113.626373,113.588181,0,255,94,255,194,1,95,167,129,0,0,0,0,0,0,0
113.791206,113.748711,0,255,96,255,188,0,108,167,129,0,0,0,0,0,0,0
113.901100,113.880547,0,255,102,255,191,1,91,167,129,0,0,0,0,0,0,0
114.010986,113.985893,0,255,107,255,189,0,106,167,1,0,0,0,0,0,0,0
114.175827,114.146217,109,255,101,255,187,0,102,167,1,0,0,0,0,0,0,0
114.285713,114.252388,0,255,107,255,185,1,88,166,129,0,0,0,0,0,0,0
114.450546,114.412247,0,255,113,255,193,0,97,166,129,0,0,0,0,0,0,0
114.560440,114.544144,0,255,112,255,192,0,100,167,1,0,0,0,0,0,0,0
114.670326,114.649849,0,255,103,255,188,1,86,166,1,0,0,0,0,0,0,0
114.835167,114.809052,0,255,100,255,184,0,102,167,1,0,0,0,0,0,0,0
114.945053,114.914543,0,255,102,255,189,0,103,167,129,0,0,0,0,0,0,0
115.109894,115.074257,0,255,110,255,189,0,106,166,129,0,0,0,0,0,0,0
115.219780,115.179863,0,255,110,255,189,0,106,166,1,0,0,0,0,0,0,0
115.329674,115.311752,0,255,97,255,187,0,99,167,1,0,0,0,0,0,0,0
115.494507,115.471512,0,255,89,255,191,0,95,167,129,0,0,0,0,0,0,0
115.604393,115.575890,0,255,85,255,188,0,98,166,129,0,0,0,0,0,0,0
115.769234,115.736168,0,255,94,255,185,0,96,166,1,0,0,0,0,0,0,0
115.879120,115.840439,0,255,97,255,187,1,89,167,1,0,0,0,0,0,0,0
116.043953,116.000725,0,255,109,255,186,0,100,166,129,0,0,0,0,0,0,0
116.153847,116.133163,109,255,102,255,188,0,104,166,129,0,0,0,0,0,0,0
116.263733,116.238258,0,255,100,255,186,1,83,166,1,0,0,0,0,0,0,0
116.428574,116.398224,0,255,91,255,190,0,87,167,1,0,0,0,0,0,0,0
116.538460,116.503929,0,255,90,255,189,1,83,167,129,0,0,0,0,0,0,0
116.703300,116.663895,0,255,107,255,189,0,103,167,129,0,0,0,0,0,0,0
116.813187,116.796249,0,255,103,255,186,0,104,166,1,0,0,0,0,0,0,0
116.923080,116.901802,0,255,113,255,186,0,93,167,1,0,0,0,0,0,0,0
117.087914,117.061310,0,255,112,255,185,0,96,166,1,0,0,0,0,0,0,0
117.197800,117.166862,0,255,103,255,185,1,98,166,129,0,0,0,0,0,0,0
117.362640,117.326874,0,255,105,255,187,0,96,166,129,0,0,0,0,0,0,0
117.472527,117.432327,0,255,113,255,190,0,106,166,1,0,0,0,0,0,0,0
117.582420,117.564522,0,255,102,255,189,0,104,166,1,0,0,0,0,0,0,0
117.747253,117.723930,0,255,95,255,187,1,95,167,1,0,0,0,0,0,0,0
117.857140,117.829277,0,255,110,255,188,0,94,166,129,0,0,0,0,0,0,0
118.021980,117.989601,0,254,108,255,185,0,104,166,1,0,0,0,0,0,0,0
118.131866,118.094131,0,254,108,255,185,0,87,166,1,0,0,0,0,0,0,0
118.296700,118.254250,0,255,105,255,192,0,107,166,129,0,0,0,0,0,0,0
118.406593,118.385941,0,255,101,255,189,0,96,166,129,0,0,0,0,0,0,0
118.516487,118.490417,0,255,99,255,185,1,93,166,1,0,0,0,0,0,0,0
118.681320,118.650124,0,255,99,255,185,1,93,166,1,0,0,0,0,0,0,0
118.791206,118.755272,0,255,112,255,189,0,87,167,1,0,0,0,0,0,0,0
118.956047,118.915855,0,255,100,255,189,0,95,167,129,0,0,0,0,0,0,0
119.065933,119.047890,0,255,102,255,186,1,84,166,129,0,0,0,0,0,0,0
119.175827,119.153397,0,255,116,255,187,0,80,166,1,0,0,0,0,0,0,0
119.340660,119.312752,0,255,135,255,187,0,91,167,1,0,0,0,0,0,0,0
119.450546,119.418198,0,255,141,255,190,0,99,166,129,0,0,0,0,0,0,0
119.615387,119.578117,0,255,107,255,190,0,87,166,129,0,0,0,0,0,0,0
119.725273,119.683670,0,255,89,255,189,0,100,166,1,0,0,0,0,0,0,0
119.835167,119.815865,0,255,94,255,185,1,84,166,1,0,0,0,0,0,0,0
120.000000,119.975273,0,255,94,255,185,1,84,166,1,0,0,0,0,0,0,0
120.109894,120.081390,109,255,115,255,191,1,87,167,129,0,0,0,0,0,0,0
120.274727,120.241455,109,255,123,255,189,0,98,166,1,0,0,0,0,0,0,0
120.384613,120.346855,109,255,123,255,188,0,102,166,1,0,0,0,0,0,0,0
120.549454,120.506714,109,255,115,255,187,1,94,166,1,0,0,0,0,0,0,0
120.659340,120.639679,109,255,104,255,187,1,103,166,129,0,0,0,0,0,0,0
120.769234,120.744362,109,255,85,255,190,1,99,166,129,0,0,0,0,0,0,0
120.934067,120.905098,109,255,92,255,188,0,95,167,1,0,0,0,0,0,0,0
121.043953,121.009880,109,255,99,255,191,0,92,166,1,0,0,0,0,0,0,0
121.208794,121.170311,109,255,99,255,185,0,94,166,129,0,0,0,0,0,0,0
121.318680,121.274994,109,255,100,255,189,0,104,166,129,0,0,0,0,0,0,0
121.428574,121.406837,109,255,91,255,185,1,96,166,129,0,0,0,0,0,0,0
121.593407,121.566849,109,255,91,255,185,1,96,166,1,0,0,0,0,0,0,0
121.703300,121.671074,109,255,98,255,189,0,99,166,129,0,0,0,0,0,0,0
121.868134,121.831558,109,255,109,255,191,0,103,166,129,0,0,0,0,0,0,0
121.978020,121.935928,109,255,124,255,188,0,104,166,1,0,0,0,0,0,0,0
122.142860,122.042061,0,255,115,255,185,0,96,166,1,0,0,0,0,0,0,0
122.252747,122.228966,0,255,96,255,186,1,90,166,1,0,0,0,0,0,0,0
122.362640,122.334412,0,255,87,255,190,0,105,166,129,0,0,0,0,0,0,0
122.527473,122.493973,0,255,93,255,187,0,99,166,129,0,0,0,0,0,0,0
122.637360,122.599213,0,255,103,255,190,1,98,166,1,0,0,0,0,0,0,0
122.802200,122.758774,0,255,123,255,190,0,95,166,1,0,0,0,0,0,0,0
122.912086,122.891838,0,255,110,255,188,0,104,166,129,0,0,0,0,0,0,0
123.021980,122.996933,0,255,100,255,186,0,96,166,129,0,0,0,0,0,0,0
123.186813,123.156853,0,255,102,255,185,1,96,166,1,0,0,0,0,0,0,0
123.296700,123.261993,0,255,116,255,186,0,91,166,1,0,0,0,0,0,0,0
123.461540,123.421707,0,255,111,255,191,1,89,166,129,0,0,0,0,0,0,0
123.571426,123.527100,0,255,103,255,191,0,101,166,129,0,0,0,0,0,0,0
123.681320,123.659042,0,255,99,255,185,0,96,166,129,0,0,0,0,0,0,0
123.846153,123.819527,0,255,109,255,185,1,92,166,1,0,0,0,0,0,0,0
123.956047,123.924515,0,255,111,255,190,0,95,166,1,0,0,0,0,0,0,0
124.120880,124.084938,0,255,120,255,186,1,83,166,129,0,0,0,0,0,0,0
124.230766,124.189522,0,255,121,255,186,0,78,166,129,0,0,0,0,0,0,0
124.395607,124.349640,0,255,125,255,187,0,88,166,1,0,0,0,0,0,0,0
124.505493,124.481583,0,255,106,255,186,1,90,166,1,0,0,0,0,0,0,0
124.615387,124.586678,0,255,99,255,190,0,98,166,129,0,0,0,0,0,0,0
124.780220,124.746025,0,255,101,255,190,1,87,166,129,0,0,0,0,0,0,0
124.890106,124.851425,0,255,102,255,189,0,95,166,1,0,0,0,0,0,0,0
125.054947,125.010834,0,255,124,255,191,0,99,166,1,0,0,0,0,0,0,0
125.164833,125.143227,0,255,127,255,188,1,96,166,1,0,0,0,0,0,0,0
125.274727,125.248116,0,255,116,255,186,1,89,166,129,0,0,0,0,0,0,0
125.439560,125.407883,0,255,103,255,186,0,97,166,129,0,0,0,0,0,0,0
125.549454,125.512970,0,255,103,255,190,0,95,166,1,0,0,0,0,0,0,0
125.714287,125.672478,0,255,109,255,190,0,95,166,1,0,0,0,0,0,0,0
125.824173,125.777016,109,255,117,255,185,1,79,166,129,0,0,0,0,0,0,0
125.934067,125.910484,109,255,117,255,185,1,88,166,129,0,0,0,0,0,0,0
126.098900,126.071014,109,255,117,255,188,0,77,166,1,0,0,0,0,0,0,0
126.208794,126.175667,109,255,115,255,187,0,93,166,1,0,0,0,0,0,0,0
126.373627,126.335884,109,255,117,255,189,0,94,166,129,0,0,0,0,0,0,0
126.483513,126.440346,109,255,132,255,191,0,86,166,129,0,0,0,0,0,0,0
126.593407,126.572647,108,255,140,255,190,0,96,166,1,0,0,0,0,0,0,0
126.758240,126.733582,109,255,137,255,187,0,88,166,1,0,0,0,0,0,0,0
126.868134,126.838066,108,255,137,255,187,0,88,166,1,0,0,0,0,0,0,0
127.032967,126.998489,109,255,84,255,186,1,89,166,129,0,0,0,0,0,0,0
127.142860,127.103127,109,255,106,255,190,0,100,166,129,0,0,0,0,0,0,0
127.307693,127.263191,109,255,116,255,189,0,103,166,1,0,0,0,0,0,0,0
127.417580,127.395538,109,255,99,255,188,1,87,166,1,0,0,0,0,0,0,0
127.527473,127.500786,109,255,93,255,186,1,93,166,129,0,0,0,0,0,0,0
127.692307,127.660347,108,255,98,255,190,1,95,166,129,0,0,0,0,0,0,0
127.802200,127.765182,109,255,103,255,187,1,82,166,1,0,0,0,0,0,0,0
127.967033,127.924843,108,255,127,255,189,1,84,166,1,0,0,0,0,0,0,0
128.076920,128.029129,108,255,125,255,188,1,80,166,129,0,0,0,0,0,0,0
128.186813,128.162140,108,255,135,255,187,1,87,166,129,0,0,0,0,0,0,0
128.351654,128.321793,109,255,128,255,188,1,95,166,1,0,0,0,0,0,0,0
128.461533,128.426926,108,255,113,255,189,1,95,166,1,0,0,0,0,0,0,0
128.626373,128.586899,109,255,96,255,188,0,99,166,1,0,0,0,0,0,0,0
128.736267,128.692398,108,255,95,255,190,0,95,166,129,0,0,0,0,0,0,0
128.846161,128.824646,109,255,94,255,191,0,101,166,129,0,0,0,0,0,0,0
129.010986,128.984879,108,255,96,255,186,0,97,166,1,0,0,0,0,0,0,0
129.120880,129.090179,108,255,101,255,187,1,95,166,1,0,0,0,0,0,0,0
129.285721,129.250900,108,255,129,255,190,0,93,166,129,0,0,0,0,0,0,0
129.395599,129.355438,108,255,121,255,189,1,95,166,129,0,0,0,0,0,0,0
129.560440,129.515198,108,255,92,255,190,0,103,166,1,0,0,0,0,0,0,0
129.670334,129.648209,108,255,92,255,190,0,103,166,1,0,0,0,0,0,0,0
129.780212,129.753311,109,255,107,255,190,0,95,166,129,0,0,0,0,0,0,0
129.945053,129.914047,109,255,109,255,190,0,91,166,129,0,0,0,0,0,0,0
130.054947,130.019028,109,255,131,255,189,0,99,166,129,0,0,0,0,0,0,0
130.219788,130.179657,108,255,119,255,191,0,97,166,1,0,0,0,0,0,0,0
130.329666,130.284286,108,255,122,255,189,0,107,166,1,0,0,0,0,0,0,0
130.439560,130.417099,108,255,102,255,187,0,98,166,129,0,0,0,0,0,0,0
130.604401,130.576569,108,255,108,255,187,1,95,166,129,0,0,0,0,0,0,0
130.714279,130.681808,108,255,127,255,187,1,77,166,1,0,0,0,0,0,0,0
130.879120,130.841461,108,255,121,255,188,1,75,166,1,0,0,0,0,0,0,0
130.989014,130.946609,108,255,102,255,186,1,87,166,129,0,0,0,0,0,0,0
131.153839,131.106125,108,255,111,255,189,1,83,166,129,0,0,0,0,0,0,0
131.263733,131.238098,108,255,108,255,185,1,72,166,1,0,0,0,0,0,0,0
131.373627,131.342987,109,255,114,255,191,0,93,166,1,0,0,0,0,0,0,0
131.538467,131.502304,109,255,129,255,188,0,92,166,1,0,0,0,0,0,0,0
131.648346,131.607697,109,255,129,255,187,0,84,166,129,0,0,0,0,0,0,0
131.813187,131.767456,109,255,103,255,185,0,90,166,129,0,0,0,0,0,0,0
131.923080,131.900314,109,255,104,255,190,1,84,166,1,0,0,0,0,0,0,0
132.032974,132.004700,109,255,117,255,190,1,75,166,1,0,0,0,0,0,0,0
132.197800,132.165070,108,255,137,255,192,0,78,166,129,0,0,0,0,0,0,0
132.307693,132.270370,108,255,151,255,190,0,98,166,129,0,0,0,0,0,0,0
132.472534,132.430496,108,255,149,255,185,1,86,166,129,0,0,0,0,0,0,0
132.582413,132.535889,109,255,118,255,189,0,100,166,1,0,0,0,0,0,0,0
132.692307,132.667877,108,255,110,255,186,0,81,166,129,0,0,0,0,0,0,0
132.857147,132.828369,108,255,122,255,189,0,79,166,129,0,0,0,0,0,0,0
132.967026,132.933090,109,255,128,255,185,0,88,166,129,0,0,0,0,0,0,0
133.131866,133.093414,109,255,126,255,187,1,93,166,1,0,0,0,0,0,0,0
133.241760,133.198410,108,255,129,255,188,0,88,166,1,0,0,0,0,0,0,0
133.406601,133.358887,108,255,119,255,186,0,96,166,129,0,0,0,0,0,0,0
133.516479,133.491135,108,255,120,255,190,0,98,166,129,0,0,0,0,0,0,0
133.626373,133.596130,108,255,113,255,186,1,96,166,1,0,0,0,0,0,0,0
133.791214,133.755997,108,255,122,255,187,0,99,166,1,0,0,0,0,0,0,0
133.901093,133.861343,108,255,106,255,187,1,90,166,129,0,0,0,0,0,0,0
134.065933,134.020950,109,255,110,255,186,1,90,165,129,0,0,0,0,0,0,0
134.175827,134.126190,108,255,121,255,190,0,95,166,1,0,0,0,0,0,0,0
134.285721,134.257767,109,255,129,255,190,0,96,166,1,0,0,0,0,0,0,0
134.450546,134.417282,109,255,127,255,188,0,102,166,129,0,0,0,0,0,0,0
134.560440,134.522827,109,255,117,255,191,0,104,166,129,0,0,0,0,0,0,0
134.725281,134.682693,108,255,105,255,191,0,98,166,129,0,0,0,0,0,0,0
134.835159,134.788712,109,255,107,255,189,1,91,166,1,0,0,0,0,0,0,0
134.945053,134.920761,108,255,126,255,186,1,83,166,1,0,0,0,0,0,0,0
135.109894,135.081436,108,255,134,255,185,0,84,166,129,0,0,0,0,0,0,0
135.219788,135.185715,108,255,134,255,185,0,84,166,129,0,0,0,0,0,0,0
135.384613,135.346085,108,255,126,255,192,0,83,166,1,0,0,0,0,0,0,0
135.494507,135.450928,108,255,121,255,189,0,86,165,1,0,0,0,0,0,0,0
135.659348,135.611710,108,255,110,255,191,1,86,166,129,0,0,0,0,0,0,0
135.769226,135.743958,108,255,97,255,186,1,82,166,129,0,0,0,0,0,0,0
