0.000000,0.000000,138,255,145,255,22,1,55,212,0,0,0,0,0,0,0,0
0.109890,0.103460,138,255,144,255,23,0,72,212,0,0,0,0,0,0,0,0
0.219780,0.234322,138,255,144,255,23,1,59,212,128,0,0,0,0,0,0,0
0.384615,0.393317,138,255,141,255,23,1,65,212,0,0,0,0,0,0,0,0
0.494505,0.499380,138,255,141,255,23,1,63,212,0,0,0,0,0,0,0,0
0.659341,0.658173,138,255,140,255,23,1,64,212,128,0,0,0,0,0,0,0
0.769231,0.789649,138,255,138,255,23,1,71,212,128,0,0,0,0,0,0,0
0.879121,0.893615,138,255,138,255,23,1,55,212,128,0,0,0,0,0,0,0
1.043956,1.052563,138,255,137,255,23,1,73,212,0,0,0,0,0,0,0,0
1.153846,1.155810,138,255,135,255,23,1,62,212,0,0,0,0,0,0,0,0
1.318681,1.314757,138,255,134,255,23,0,64,212,128,0,0,0,0,0,0,0
1.428571,1.446028,138,255,133,255,22,1,71,212,128,0,0,0,0,0,0,0
1.538462,1.549945,138,255,132,255,23,0,57,212,0,0,0,0,0,0,0,0
1.703297,1.708274,138,255,131,255,23,1,57,212,0,0,0,0,0,0,0,0
1.813187,1.811163,138,255,130,255,22,1,64,212,0,0,0,0,0,0,0,0
1.923077,1.942903,138,255,129,255,23,1,64,212,128,0,0,0,0,0,0,0
2.087912,2.101539,138,255,128,255,23,1,71,212,128,0,0,0,0,0,0,0
2.197802,2.205914,138,255,127,255,22,1,59,212,0,0,0,0,0,0,0,0
2.362637,2.364039,138,255,126,255,23,0,59,212,0,0,0,0,0,0,0,0
2.472528,2.468158,138,255,124,255,23,0,63,212,128,0,0,0,0,0,0,0
2.582417,2.599128,138,255,124,255,23,0,57,212,128,0,0,0,0,0,0,0
2.747253,2.758118,138,255,123,255,23,1,72,212,0,0,0,0,0,0,0,0
2.857143,2.861267,138,255,121,255,23,0,59,212,0,0,0,0,0,0,0,0
3.021978,3.020263,138,255,121,255,23,1,64,212,128,0,0,0,0,0,0,0
3.131868,3.151027,138,255,120,255,23,1,74,212,128,0,0,0,0,0,0,0
3.241758,3.255660,138,255,119,255,23,1,73,212,0,0,0,0,0,0,0,0
3.406593,3.413836,138,255,118,255,23,0,72,212,0,0,0,0,0,0,0,0
3.516484,3.516878,138,255,117,255,23,1,64,212,0,0,0,0,0,0,0,0
3.681319,3.676130,138,255,116,255,23,1,63,212,128,0,0,0,0,0,0,0
3.791209,3.806944,138,255,116,255,22,1,64,212,128,0,0,0,0,0,0,0
3.901099,3.911320,138,255,116,255,22,1,56,212,0,0,0,0,0,0,0,0
4.065934,4.069446,138,255,114,255,22,1,55,212,0,0,0,0,0,0,0,0
4.175824,4.173106,138,255,113,255,23,0,56,212,128,0,0,0,0,0,0,0
4.285714,4.303819,138,255,112,255,23,1,72,212,128,0,0,0,0,0,0,0
4.450550,4.464088,138,255,111,255,23,0,68,212,0,0,0,0,0,0,0,0
4.560440,4.567392,138,255,112,255,23,1,57,212,0,0,0,0,0,0,0,0
4.725275,4.725568,138,255,110,255,23,0,64,212,128,0,0,0,0,0,0,0
4.835165,4.829637,138,255,109,255,23,1,61,212,128,0,0,0,0,0,0,0
4.945055,4.960145,138,255,109,255,23,1,61,212,128,0,0,0,0,0,0,0
5.109890,5.119497,138,255,107,255,23,1,63,212,0,0,0,0,0,0,0,0
5.219780,5.222745,138,255,107,255,23,0,64,212,128,0,0,0,0,0,0,0
5.384615,5.381485,138,255,106,255,23,1,63,212,128,0,0,0,0,0,0,0
5.494505,5.512197,138,255,105,255,22,1,64,212,128,0,0,0,0,0,0,0
5.604395,5.616881,138,255,104,255,23,0,64,212,0,0,0,0,0,0,0,0
5.769231,5.775367,138,255,103,255,23,0,63,212,0,0,0,0,0,0,0,0
5.879121,5.879073,138,255,103,255,23,0,63,212,128,0,0,0,0,0,0,0
6.043956,6.037454,138,255,101,255,22,1,64,212,128,0,0,0,0,0,0,0
6.153846,6.169293,138,255,101,255,23,1,64,212,0,0,0,0,0,0,0,0
6.263736,6.272645,138,255,100,255,22,1,64,212,0,0,0,0,0,0,0,0
6.428571,6.431231,138,255,100,255,22,1,64,212,0,0,0,0,0,0,0,0
6.538462,6.535146,138,255,98,255,23,1,64,212,128,0,0,0,0,0,0,0
6.648352,6.666474,138,255,98,255,24,1,63,212,128,0,0,0,0,0,0,0
6.813187,6.825006,138,255,98,255,24,1,63,212,128,0,0,0,0,0,0,0
6.923077,6.928875,138,255,96,255,23,0,61,212,0,0,0,0,0,0,0,0
7.087912,7.088122,138,255,96,255,23,1,68,212,128,0,0,0,0,0,0,0
7.197802,7.191423,138,255,96,255,23,1,68,212,128,0,0,0,0,0,0,0
7.307693,7.323107,138,255,95,255,23,1,57,212,0,0,0,0,0,0,0,0
7.472528,7.481232,138,255,93,255,23,0,59,212,0,0,0,0,0,0,0,0
7.582417,7.585400,138,255,92,255,24,1,59,212,128,0,0,0,0,0,0,0
7.747253,7.748389,138,255,92,255,22,1,59,212,128,0,0,0,0,0,0,0
7.857143,7.860440,138,255,92,255,22,1,59,212,128,0,0,0,0,0,0,0
8.021978,8.024299,138,255,92,255,23,1,70,212,0,0,0,0,0,0,0,0
8.131868,8.127495,138,255,90,255,23,1,57,212,0,0,0,0,0,0,0,0
8.241758,8.259284,138,255,90,255,23,0,73,212,128,0,0,0,0,0,0,0
8.406593,8.417360,138,255,90,255,23,0,73,212,128,0,0,0,0,0,0,0
8.516483,8.521172,138,255,87,255,22,1,71,212,0,0,0,0,0,0,0,0
8.681318,8.680062,138,255,86,255,23,0,60,212,0,0,0,0,0,0,0,0
8.791209,8.783569,138,255,87,255,23,0,63,212,128,0,0,0,0,0,0,0
8.901099,8.914690,138,255,86,255,23,0,64,212,128,0,0,0,0,0,0,0
9.065934,9.075833,138,255,86,255,23,1,64,212,0,0,0,0,0,0,0,0
9.175824,9.178777,138,255,85,255,23,1,64,212,0,0,0,0,0,0,0,0
9.340659,9.338082,138,255,85,255,23,1,64,212,0,0,0,0,0,0,0,0
9.450549,9.442353,138,255,83,255,23,1,68,212,128,0,0,0,0,0,0,0
9.560439,9.572806,138,255,83,255,24,1,55,212,0,0,0,0,0,0,0,0
9.725275,9.731703,138,255,82,255,23,1,57,212,0,0,0,0,0,0,0,0
9.835165,9.835206,138,255,82,255,24,1,55,212,128,0,0,0,0,0,0,0
10.000000,9.994458,138,255,82,255,23,1,72,212,128,0,0,0,0,0,0,0
10.109890,10.125272,138,255,81,255,23,0,56,212,128,0,0,0,0,0,0,0
10.219780,10.228881,138,255,80,255,23,1,55,212,0,0,0,0,0,0,0,0
10.384615,10.387413,138,255,80,255,22,0,64,212,0,0,0,0,0,0,0,0
10.494506,10.491588,138,255,80,255,23,0,63,212,128,0,0,0,0,0,0,0
10.659341,10.650123,138,255,79,255,23,1,64,212,128,0,0,0,0,0,0,0
10.769231,10.781548,138,254,80,255,23,0,64,212,0,0,0,0,0,0,0,0
10.879121,10.884748,138,251,79,255,22,1,64,212,0,0,0,0,0,0,0,0
11.043956,11.042872,138,251,79,255,22,1,64,212,0,0,0,0,0,0,0,0
11.153846,11.147042,138,251,79,255,22,1,64,212,0,0,0,0,0,0,0,0
11.263737,11.277755,138,238,76,255,23,1,58,212,128,0,0,0,0,0,0,0
11.428572,11.437264,138,235,76,255,23,0,72,212,0,0,0,0,0,0,0,0
11.538462,11.540307,138,231,75,255,24,1,57,212,0,0,0,0,0,0,0,0
11.703297,11.699964,138,226,75,255,24,1,73,212,128,0,0,0,0,0,0,0
11.813187,11.803473,138,226,75,255,23,0,58,212,128,0,0,0,0,0,0,0
11.923077,11.934851,138,219,74,255,23,1,64,212,0,0,0,0,0,0,0,0
12.087913,12.093233,138,213,74,255,23,0,64,212,0,0,0,0,0,0,0,0
12.197803,12.197399,138,209,73,255,23,0,63,212,128,0,0,0,0,0,0,0
12.362638,12.355833,138,205,73,255,23,0,64,212,128,0,0,0,0,0,0,0
12.472528,12.486777,138,205,73,255,23,1,63,212,128,0,0,0,0,0,0,0
12.582417,12.590562,138,196,71,255,23,0,64,212,0,0,0,0,0,0,0,0
12.747252,12.748890,138,192,71,255,23,1,63,212,0,0,0,0,0,0,0,0
12.857142,12.853575,138,188,71,255,23,1,64,212,128,0,0,0,0,0,0,0
13.021978,13.011616,138,185,70,255,23,1,63,212,128,0,0,0,0,0,0,0
13.131868,13.143336,138,183,70,255,23,1,65,212,0,0,0,0,0,0,0,0
13.241758,13.246380,138,177,69,255,23,1,63,212,0,0,0,0,0,0,0,0
13.406593,13.405221,138,176,69,255,25,1,66,212,128,0,0,0,0,0,0,0
13.516483,13.509291,138,171,68,255,30,1,66,211,128,0,0,0,0,0,0,0
13.626373,13.639897,138,166,68,255,55,1,59,211,128,0,0,0,0,0,0,0
13.791209,13.799152,139,164,68,255,59,0,59,212,0,0,0,0,0,0,0,0
13.901099,13.902143,136,164,67,255,60,1,59,212,0,0,0,0,0,0,0,0
14.065934,14.061447,138,156,67,255,67,1,58,212,128,0,0,0,0,0,0,0
14.175824,14.164955,138,153,67,255,98,0,55,211,128,0,0,0,0,0,0,0
14.285714,14.295816,136,151,67,255,101,0,48,212,0,0,0,0,0,0,0,0
14.450549,14.453993,138,149,65,255,104,0,37,211,0,0,0,0,0,0,0,0
14.560439,14.557550,137,146,65,255,106,0,30,212,128,0,0,0,0,0,0,0
14.725275,14.715214,138,140,65,255,110,1,44,212,128,0,0,0,0,0,0,0
14.835165,14.846389,134,138,65,255,117,0,51,212,0,0,0,0,0,0,0,0
14.945055,14.948923,138,136,64,255,124,0,51,212,0,0,0,0,0,0,0,0
15.109890,15.107093,137,134,63,255,126,1,48,212,128,0,0,0,0,0,0,0
15.219780,15.210138,138,132,65,255,128,1,47,212,128,0,0,0,0,0,0,0
15.329670,15.340698,138,131,64,255,127,1,54,212,0,0,0,0,0,0,0,0
15.494506,15.498878,138,132,64,255,127,1,50,212,0,0,0,0,0,0,0,0
15.604396,15.601714,138,129,64,255,127,1,53,212,0,0,0,0,0,0,0,0
15.769231,15.760612,139,128,64,255,121,0,46,212,128,0,0,0,0,0,0,0
15.879121,15.891168,138,130,65,255,119,1,50,211,128,0,0,0,0,0,0,0
15.989011,15.994519,138,129,65,255,108,1,70,212,0,0,0,0,0,0,0,0
16.153847,16.151979,138,128,64,255,108,1,52,212,0,0,0,0,0,0,0,0
16.263737,16.256046,138,127,64,255,112,1,64,212,128,0,0,0,0,0,0,0
16.373627,16.385889,138,128,64,255,112,0,64,212,128,0,0,0,0,0,0,0
16.538462,16.543863,138,129,66,255,112,0,61,212,128,0,0,0,0,0,0,0
16.648352,16.647829,138,130,65,255,112,1,63,212,0,0,0,0,0,0,0,0
16.813187,16.805902,138,131,65,255,106,1,64,212,0,0,0,0,0,0,0,0
16.923077,16.936817,138,131,64,255,106,1,68,212,128,0,0,0,0,0,0,0
17.032967,17.039400,138,131,64,255,106,1,68,212,128,0,0,0,0,0,0,0
17.197802,17.198143,138,131,66,255,104,0,67,212,0,0,0,0,0,0,0,0
17.307692,17.301188,138,131,66,255,104,0,67,212,0,0,0,0,0,0,0,0
17.417582,17.432154,138,133,66,255,100,1,74,212,128,0,0,0,0,0,0,0
17.582418,17.589874,138,132,65,255,100,1,73,211,128,0,0,0,0,0,0,0
17.692308,17.693432,138,132,65,255,100,0,79,211,0,0,0,0,0,0,0,0
17.857143,17.851450,138,136,65,255,105,1,75,211,0,0,0,0,0,0,0,0
17.967033,17.954163,138,136,65,255,105,1,75,211,0,0,0,0,0,0,0,0
18.076923,18.085104,138,136,65,255,83,1,75,212,128,0,0,0,0,0,0,0
18.241758,18.242785,138,138,66,255,85,1,80,212,128,0,0,0,0,0,0,0
18.351648,18.346121,138,139,67,255,85,0,82,212,0,0,0,0,0,0,0,0
18.516483,18.503757,138,140,65,255,78,1,79,212,128,0,0,0,0,0,0,0
18.626373,18.635214,138,140,65,255,78,1,79,212,128,0,0,0,0,0,0,0
18.736263,18.737698,138,140,65,255,78,1,79,212,128,0,0,0,0,0,0,0
18.901098,18.896282,138,140,65,255,89,1,70,212,0,0,0,0,0,0,0,0
19.010988,18.999329,138,138,65,255,95,1,82,212,0,0,0,0,0,0,0,0
19.120878,19.130089,138,140,66,255,97,0,65,212,128,0,0,0,0,0,0,0
19.285715,19.288113,138,140,66,255,97,0,65,212,128,0,0,0,0,0,0,0
19.395605,19.390799,138,140,66,255,97,0,65,212,128,0,0,0,0,0,0,0
19.560440,19.555832,138,140,65,255,106,1,85,211,0,0,0,0,0,0,0,0
19.670330,19.667629,138,140,65,255,106,1,85,211,0,0,0,0,0,0,0,0
19.835165,19.833893,138,140,65,255,106,1,85,211,0,0,0,0,0,0,0,0
19.945055,19.941952,138,138,65,255,107,1,63,212,128,0,0,0,0,0,0,0
20.109890,20.100128,138,139,66,255,108,0,68,212,0,0,0,0,0,0,0,0
20.219780,20.230278,137,139,65,255,107,1,65,212,0,0,0,0,0,0,0,0
20.329670,20.333883,138,135,64,255,105,1,64,212,0,0,0,0,0,0,0,0
20.494505,20.491907,138,136,65,255,124,0,78,212,128,0,0,0,0,0,0,0
20.604395,20.594648,138,136,65,255,124,0,78,211,128,0,0,0,0,0,0,0
20.714285,20.725153,138,134,65,255,129,1,64,211,128,0,0,0,0,0,0,0
20.879122,20.884457,138,134,66,255,128,1,64,212,128,0,0,0,0,0,0,0
20.989012,20.989807,139,133,64,255,120,0,54,212,128,0,0,0,0,0,0,0
21.153847,21.147314,138,133,64,255,120,0,74,212,128,0,0,0,0,0,0,0
21.263737,21.250156,138,131,65,255,124,0,71,211,128,0,0,0,0,0,0,0
21.373627,21.381329,138,130,64,255,124,1,78,212,0,0,0,0,0,0,0,0
21.538462,21.540121,138,129,65,255,124,1,72,211,128,0,0,0,0,0,0,0
21.648352,21.642752,138,129,65,255,124,1,72,211,128,0,0,0,0,0,0,0
21.813187,21.800829,138,130,64,255,130,0,74,212,0,0,0,0,0,0,0,0
21.923077,21.931183,138,130,64,255,130,0,74,212,0,0,0,0,0,0,0,0
22.032967,22.034176,138,129,65,255,119,0,71,212,128,0,0,0,0,0,0,0
22.197802,22.192350,138,130,64,255,119,1,64,212,128,0,0,0,0,0,0,0
22.307692,22.295551,138,130,64,255,119,0,80,212,0,0,0,0,0,0,0,0
22.417582,22.426571,138,130,64,255,119,0,80,212,0,0,0,0,0,0,0,0
22.582418,22.586895,138,127,64,255,118,1,64,212,128,0,0,0,0,0,0,0
22.692308,22.699408,138,127,63,255,121,0,75,212,128,0,0,0,0,0,0,0
22.857143,22.857382,138,127,64,255,124,1,62,212,0,0,0,0,0,0,0,0
22.967033,22.960732,138,127,64,255,124,1,62,212,0,0,0,0,0,0,0,0
23.131868,23.118399,138,127,64,255,134,1,57,212,128,0,0,0,0,0,0,0
23.241758,23.249363,138,127,65,255,128,1,72,212,128,0,0,0,0,0,0,0
23.351648,23.352102,138,129,64,255,121,1,59,211,128,0,0,0,0,0,0,0
23.516483,23.510330,138,129,64,255,122,1,74,212,0,0,0,0,0,0,0,0
23.626373,23.613323,138,129,64,255,123,1,63,212,0,0,0,0,0,0,0,0
23.736263,23.746387,138,127,64,255,121,0,65,212,128,0,0,0,0,0,0,0
23.901098,23.903898,138,129,64,255,118,0,79,212,128,0,0,0,0,0,0,0
24.010988,24.006945,138,129,66,255,120,1,78,212,0,0,0,0,0,0,0,0
24.175825,24.165071,138,129,65,255,120,0,64,211,0,0,0,0,0,0,0,0
24.285715,24.295374,138,129,64,255,118,0,75,211,128,0,0,0,0,0,0,0
24.395605,24.398775,138,131,65,255,118,0,72,212,128,0,0,0,0,0,0,0
24.560440,24.556387,138,130,64,255,113,0,71,212,128,0,0,0,0,0,0,0
24.670330,24.660048,138,129,65,255,114,1,80,212,0,0,0,0,0,0,0,0
24.780220,24.790451,138,129,65,255,118,1,67,212,0,0,0,0,0,0,0,0
24.945055,24.948479,138,129,65,255,118,1,67,212,0,0,0,0,0,0,0,0
25.054945,25.052340,138,132,66,255,118,0,79,212,128,0,0,0,0,0,0,0
25.219780,25.210516,138,130,65,255,119,1,77,212,0,0,0,0,0,0,0,0
25.329670,25.340715,138,131,65,255,118,1,72,211,0,0,0,0,0,0,0,0
25.439560,25.443760,138,131,66,255,119,1,80,212,0,0,0,0,0,0,0,0
25.604395,25.601376,138,133,64,255,123,0,73,212,128,0,0,0,0,0,0,0
25.714285,25.704876,138,133,64,255,122,1,63,212,128,0,0,0,0,0,0,0
25.824175,25.835079,138,133,64,255,122,1,63,212,128,0,0,0,0,0,0,0
25.989012,25.994282,137,130,65,255,118,1,83,213,0,0,0,0,0,0,0,0
26.098902,26.097019,137,130,65,255,118,1,83,213,0,0,0,0,0,0,0,0
26.263737,26.254375,138,132,65,255,118,1,83,213,0,0,0,0,0,0,0,0
26.373627,26.384781,138,132,65,255,130,0,63,212,0,0,0,0,0,0,0,0
26.483517,26.487669,138,132,65,255,130,0,63,212,0,0,0,0,0,0,0,0
26.648352,26.646574,138,130,65,255,136,1,72,212,128,0,0,0,0,0,0,0
26.758242,26.756168,138,130,65,255,133,0,63,212,128,0,0,0,0,0,0,0
26.923077,26.921265,138,130,65,255,129,0,76,211,0,0,0,0,0,0,0,0
27.032967,27.023624,138,131,64,255,126,1,63,212,0,0,0,0,0,0,0,0
27.197802,27.181856,138,127,63,255,122,0,80,211,128,0,0,0,0,0,0,0
27.307692,27.312412,138,126,64,255,124,1,71,211,128,0,0,0,0,0,0,0
27.417582,27.414892,138,126,65,255,124,1,82,212,128,0,0,0,0,0,0,0
27.582418,27.573273,138,126,63,255,154,1,73,212,0,0,0,0,0,0,0,0
27.692308,27.676018,138,126,64,255,153,1,68,212,0,0,0,0,0,0,0,0
27.802198,27.806725,138,127,63,255,152,1,53,212,128,0,0,0,0,0,0,0
27.967033,27.966948,138,126,64,255,141,1,68,211,128,0,0,0,0,0,0,0
28.076923,28.070812,138,127,63,255,139,1,72,210,0,0,0,0,0,0,0,0
28.241758,28.228474,138,124,64,255,133,0,82,212,0,0,0,0,0,0,0,0
28.351648,28.358883,138,123,64,255,132,0,70,212,0,0,0,0,0,0,0,0
28.461538,28.462641,138,122,63,255,154,0,72,211,128,0,0,0,0,0,0,0
28.626373,28.620459,138,123,64,255,154,1,59,212,128,0,0,0,0,0,0,0
28.736263,28.723095,138,123,63,255,150,1,68,212,128,0,0,0,0,0,0,0
28.846153,28.854010,138,122,63,255,150,1,59,212,0,0,0,0,0,0,0,0
29.010988,29.012545,138,122,63,255,150,1,59,212,128,0,0,0,0,0,0,0
29.120878,29.115591,138,123,64,255,150,1,72,212,128,0,0,0,0,0,0,0
29.285715,29.274124,138,122,63,255,151,1,72,211,0,0,0,0,0,0,0,0
29.395605,29.404428,138,121,63,255,145,1,63,212,0,0,0,0,0,0,0,0
29.505495,29.507572,138,120,64,255,143,1,73,212,128,0,0,0,0,0,0,0
29.670330,29.666162,138,122,64,255,153,0,63,212,128,0,0,0,0,0,0,0
29.780220,29.768900,133,123,63,255,149,1,76,212,0,0,0,0,0,0,0,0
29.890110,29.899715,139,122,64,255,134,0,76,212,0,0,0,0,0,0,0,0
30.054945,30.057890,139,121,64,255,143,1,80,212,128,0,0,0,0,0,0,0
30.164835,30.161455,138,120,63,255,147,1,68,212,128,0,0,0,0,0,0,0
30.329670,30.318804,138,120,63,255,151,1,66,212,128,0,0,0,0,0,0,0
30.439560,30.422415,138,118,63,255,161,1,64,212,0,0,0,0,0,0,0,0
30.549450,30.552866,138,119,63,255,169,0,63,212,0,0,0,0,0,0,0,0
30.714285,30.711557,138,118,63,255,170,1,59,212,128,0,0,0,0,0,0,0
30.824175,30.814037,138,119,63,255,171,1,59,212,128,0,0,0,0,0,0,0
30.989012,30.971659,138,119,63,255,171,1,59,212,128,0,0,0,0,0,0,0
31.098902,31.102058,138,119,63,255,171,1,59,212,128,0,0,0,0,0,0,0
31.208792,31.204536,138,120,63,255,154,0,76,212,128,0,0,0,0,0,0,0
31.373627,31.362713,139,120,63,255,148,0,67,212,128,0,0,0,0,0,0,0
31.483517,31.492968,138,122,64,255,144,1,82,211,0,0,0,0,0,0,0,0
31.593407,31.596779,138,122,64,255,134,1,72,211,0,0,0,0,0,0,0,0
31.758242,31.754314,138,122,64,255,133,0,73,208,0,0,0,0,0,0,0,0
31.868132,31.857693,138,122,64,255,133,0,73,208,0,0,0,0,0,0,0,0
32.032967,32.015919,138,122,64,255,141,1,86,212,128,0,0,0,0,0,0,0
32.142857,32.146988,138,123,64,255,141,0,86,212,0,0,0,0,0,0,0,0
32.252747,32.249943,138,123,64,255,152,1,83,212,0,0,0,0,0,0,0,0
32.417583,32.407749,138,125,64,255,153,0,64,212,128,0,0,0,0,0,0,0
32.527473,32.511463,138,125,63,255,153,1,80,205,128,0,0,0,0,0,0,0
32.637363,32.642277,138,125,64,255,138,1,82,211,0,0,0,0,0,0,0,0
32.802197,32.800198,138,123,63,255,140,1,87,211,0,0,0,0,0,0,0,0
32.912086,32.902832,138,121,63,255,140,0,69,210,128,0,0,0,0,0,0,0
33.076923,33.061367,138,122,64,255,160,1,65,211,128,0,0,0,0,0,0,0
33.186813,33.191525,138,122,64,255,160,1,65,211,128,0,0,0,0,0,0,0
33.296703,33.295532,138,122,64,255,156,1,51,212,0,0,0,0,0,0,0,0
33.461540,33.453148,135,121,62,255,157,1,61,212,0,0,0,0,0,0,0,0
33.571430,33.556549,138,120,63,255,168,0,62,212,128,0,0,0,0,0,0,0
33.681320,33.687260,138,119,62,255,169,1,68,212,128,0,0,0,0,0,0,0
33.846153,33.844719,138,118,63,255,171,1,56,212,0,0,0,0,0,0,0,0
33.956043,33.948124,138,118,62,255,170,1,63,212,0,0,0,0,0,0,0,0
34.120880,34.105995,138,116,62,255,168,1,48,212,128,0,0,0,0,0,0,0
34.230770,34.236858,139,116,63,255,177,1,72,212,128,0,0,0,0,0,0,0
34.340660,34.339752,138,116,62,255,176,1,57,212,0,0,0,0,0,0,0,0
34.505493,34.498283,138,116,62,255,169,1,64,212,0,0,0,0,0,0,0,0
34.615383,34.601433,138,116,62,255,166,0,63,212,0,0,0,0,0,0,0,0
34.725273,34.732349,138,116,63,255,163,1,71,212,128,0,0,0,0,0,0,0
34.890110,34.890114,138,114,62,255,161,0,58,212,128,0,0,0,0,0,0,0
35.000000,34.993362,138,115,63,255,174,1,63,212,0,0,0,0,0,0,0,0
35.164837,35.151440,138,116,63,255,174,1,63,212,0,0,0,0,0,0,0,0
35.274727,35.282509,138,117,64,255,164,1,64,212,128,0,0,0,0,0,0,0
35.384617,35.385246,138,117,63,255,156,0,64,212,128,0,0,0,0,0,0,0
35.549450,35.543278,138,117,62,255,153,1,80,212,0,0,0,0,0,0,0,0
35.659340,35.647285,138,117,63,255,152,1,69,212,0,0,0,0,0,0,0,0
35.824177,35.805004,138,118,63,255,152,1,75,212,0,0,0,0,0,0,0,0
35.934067,35.935051,135,120,64,255,153,1,75,205,128,0,0,0,0,0,0,0
36.043957,36.038864,138,118,63,255,136,1,79,212,128,0,0,0,0,0,0,0
36.208790,36.197346,139,119,64,255,132,0,66,212,0,0,0,0,0,0,0,0
36.318680,36.299995,138,118,63,255,149,1,86,212,0,0,0,0,0,0,0,0
36.428570,36.431152,138,119,63,255,151,1,84,212,128,0,0,0,0,0,0,0
36.593407,36.588821,138,119,64,255,155,1,71,212,128,0,0,0,0,0,0,0
36.703297,36.692169,138,119,62,255,158,1,64,212,0,0,0,0,0,0,0,0
36.868134,36.850807,138,117,63,255,160,0,63,212,0,0,0,0,0,0,0,0
36.978024,36.980953,138,117,63,255,160,0,63,212,0,0,0,0,0,0,0,0
37.087914,37.083847,138,117,63,255,160,0,63,212,0,0,0,0,0,0,0,0
37.252747,37.242538,138,118,63,255,169,1,71,211,128,0,0,0,0,0,0,0
37.362637,37.346760,138,118,62,255,147,0,61,212,0,0,0,0,0,0,0,0
37.472527,37.477421,138,118,62,255,147,0,61,212,0,0,0,0,0,0,0,0
37.637363,37.636772,133,118,62,255,173,1,68,206,128,0,0,0,0,0,0,0
37.747253,37.740330,138,117,62,255,156,1,63,212,128,0,0,0,0,0,0,0
37.912086,37.899529,138,117,62,255,153,1,63,212,0,0,0,0,0,0,0,0
38.021976,38.002731,138,118,63,255,167,0,75,212,0,0,0,0,0,0,0,0
38.131866,38.134361,139,116,63,255,166,0,78,208,128,0,0,0,0,0,0,0
38.296703,38.292896,138,116,63,255,160,1,76,212,128,0,0,0,0,0,0,0
38.406593,38.396194,138,116,62,255,160,1,72,212,128,0,0,0,0,0,0,0
38.571430,38.554779,138,116,62,255,160,1,72,212,128,0,0,0,0,0,0,0
38.681320,38.685284,139,119,63,255,160,1,72,212,128,0,0,0,0,0,0,0
38.791210,38.788948,138,119,64,255,145,1,63,212,128,0,0,0,0,0,0,0
38.956043,38.947227,138,119,63,255,148,1,80,212,128,0,0,0,0,0,0,0
39.065933,39.051296,138,120,63,255,148,0,87,212,0,0,0,0,0,0,0,0
39.175823,39.182213,138,119,63,255,147,0,86,212,0,0,0,0,0,0,0,0
39.340660,39.341209,138,119,62,255,146,1,80,209,128,0,0,0,0,0,0,0
39.450550,39.444664,138,118,62,255,152,1,75,212,128,0,0,0,0,0,0,0
39.615383,39.602940,138,117,62,255,152,1,83,212,128,0,0,0,0,0,0,0
39.725273,39.706856,138,117,62,255,175,1,74,212,0,0,0,0,0,0,0,0
39.835163,39.837517,138,117,62,255,175,1,74,212,0,0,0,0,0,0,0,0
40.000000,39.995846,138,117,63,255,176,1,74,212,0,0,0,0,0,0,0,0
40.109890,40.100170,138,117,64,255,175,0,47,212,128,0,0,0,0,0,0,0
40.274727,40.258446,138,116,62,255,175,0,47,212,128,0,0,0,0,0,0,0
40.384617,40.390182,139,117,63,255,164,1,74,212,0,0,0,0,0,0,0,0
40.494507,40.494255,138,118,63,255,161,0,63,212,128,0,0,0,0,0,0,0
40.659340,40.652737,138,117,63,255,152,1,63,212,128,0,0,0,0,0,0,0
40.769230,40.757263,138,117,62,255,151,1,84,212,0,0,0,0,0,0,0,0
40.934067,40.915901,138,119,63,255,159,1,63,212,0,0,0,0,0,0,0,0
41.043957,41.046513,138,119,62,255,158,1,72,211,0,0,0,0,0,0,0,0
41.153847,41.150425,138,118,62,255,146,1,82,212,128,0,0,0,0,0,0,0
41.318680,41.309010,138,117,62,255,146,1,61,212,128,0,0,0,0,0,0,0
41.428570,41.413441,138,117,63,255,163,1,72,212,0,0,0,0,0,0,0,0
41.538460,41.544151,138,117,63,255,163,1,72,212,0,0,0,0,0,0,0,0
41.703297,41.702122,138,118,63,255,166,0,58,212,128,0,0,0,0,0,0,0
41.813187,41.806091,138,119,63,255,166,0,72,212,128,0,0,0,0,0,0,0
41.978024,41.965237,138,120,64,255,165,1,68,212,0,0,0,0,0,0,0,0
42.087914,42.069305,138,120,64,255,153,1,64,211,0,0,0,0,0,0,0,0
42.197803,42.199966,138,120,64,255,153,1,64,211,0,0,0,0,0,0,0,0
42.362637,42.358654,138,120,63,255,156,0,80,212,128,0,0,0,0,0,0,0
42.472527,42.461903,138,119,63,255,157,0,74,211,0,0,0,0,0,0,0,0
42.637363,42.621365,138,119,63,255,155,1,71,212,0,0,0,0,0,0,0,0
42.747253,42.751968,138,119,63,255,155,1,71,212,0,0,0,0,0,0,0,0
42.857143,42.855373,138,120,64,255,161,1,77,212,128,0,0,0,0,0,0,0
43.021976,43.014320,138,120,63,255,161,1,61,212,0,0,0,0,0,0,0,0
43.131866,43.118179,138,123,64,255,160,1,72,212,0,0,0,0,0,0,0,0
43.296703,43.276512,138,123,63,255,159,1,72,213,0,0,0,0,0,0,0,0
43.406593,43.408092,138,122,63,255,141,1,68,212,128,0,0,0,0,0,0,0
43.516483,43.511341,138,122,63,255,141,1,68,212,128,0,0,0,0,0,0,0
43.681320,43.669567,138,122,63,255,141,1,68,212,128,0,0,0,0,0,0,0
43.791210,43.772869,139,120,64,255,164,0,76,211,0,0,0,0,0,0,0,0
43.901100,43.904812,138,120,63,255,167,1,71,212,128,0,0,0,0,0,0,0
44.065933,44.063240,138,120,63,255,167,1,56,212,128,0,0,0,0,0,0,0
44.175823,44.166595,138,119,63,255,167,1,49,212,128,0,0,0,0,0,0,0
44.340660,44.325691,138,121,64,255,168,0,55,212,0,0,0,0,0,0,0,0
44.450550,44.428791,138,119,63,255,168,1,68,211,128,0,0,0,0,0,0,0
44.560440,44.560577,138,119,63,255,166,1,63,212,128,0,0,0,0,0,0,0
44.725273,44.719212,138,119,63,255,166,1,63,212,128,0,0,0,0,0,0,0
44.835163,44.823025,138,120,63,255,149,1,78,211,0,0,0,0,0,0,0,0
45.000000,44.981300,138,120,63,255,149,1,61,212,0,0,0,0,0,0,0,0
45.109890,45.113346,138,120,64,255,151,1,72,212,128,0,0,0,0,0,0,0
45.219780,45.216698,138,120,64,255,151,1,86,212,128,0,0,0,0,0,0,0
45.384617,45.375282,138,118,62,255,151,1,66,212,0,0,0,0,0,0,0,0
45.494507,45.478996,138,117,62,255,166,1,74,212,0,0,0,0,0,0,0,0
45.659340,45.637478,138,117,62,255,166,1,64,212,0,0,0,0,0,0,0,0
45.769230,45.769157,138,116,62,255,174,1,52,212,128,0,0,0,0,0,0,0
45.879120,45.872616,138,116,62,255,174,1,72,212,128,0,0,0,0,0,0,0
46.043957,46.030792,138,117,63,255,177,1,63,212,0,0,0,0,0,0,0,0
46.153847,46.134651,139,116,62,255,173,1,63,210,0,0,0,0,0,0,0,0
46.263737,46.266548,138,115,63,255,170,0,72,212,128,0,0,0,0,0,0,0
46.428570,46.425079,138,115,63,255,172,1,63,212,128,0,0,0,0,0,0,0
46.538460,46.529495,138,117,63,255,174,1,75,212,0,0,0,0,0,0,0,0
46.703297,46.687374,135,117,63,255,170,1,58,212,0,0,0,0,0,0,0,0
46.813187,46.791546,138,116,63,255,153,1,71,212,128,0,0,0,0,0,0,0
46.923077,46.922516,138,117,63,255,166,1,66,212,128,0,0,0,0,0,0,0
47.087914,47.081356,138,117,63,255,166,1,66,212,128,0,0,0,0,0,0,0
47.197803,47.185120,138,116,63,255,166,1,68,212,0,0,0,0,0,0,0,0
47.362637,47.343243,138,116,62,255,165,1,71,212,0,0,0,0,0,0,0,0
47.472527,47.474873,138,117,63,255,166,1,59,212,128,0,0,0,0,0,0,0
47.582417,47.579098,138,117,63,255,164,1,80,212,128,0,0,0,0,0,0,0
47.747253,47.738403,138,118,63,255,164,1,80,212,0,0,0,0,0,0,0,0
47.857143,47.841442,138,117,63,255,161,0,66,212,0,0,0,0,0,0,0,0
48.021976,47.999470,138,117,62,255,156,0,83,212,0,0,0,0,0,0,0,0
48.131866,48.131001,138,117,63,255,156,0,62,212,128,0,0,0,0,0,0,0
48.241756,48.234814,138,117,63,255,156,0,62,212,128,0,0,0,0,0,0,0
48.406593,48.392883,138,117,63,255,156,0,62,212,128,0,0,0,0,0,0,0
48.516483,48.496849,138,116,63,255,178,0,64,211,0,0,0,0,0,0,0,0
48.626373,48.628330,138,115,63,255,175,0,51,212,128,0,0,0,0,0,0,0
48.791210,48.786713,137,117,62,255,173,1,55,212,0,0,0,0,0,0,0,0
48.901100,48.891312,138,116,62,255,166,0,68,212,0,0,0,0,0,0,0,0
49.065933,49.049366,138,116,62,255,164,0,72,212,0,0,0,0,0,0,0,0
49.175823,49.153023,138,116,63,255,168,0,66,212,128,0,0,0,0,0,0,0
49.285713,49.283791,138,115,62,255,167,1,80,212,128,0,0,0,0,0,0,0
49.450550,49.443039,138,116,62,255,167,1,61,212,0,0,0,0,0,0,0,0
49.560440,49.546238,138,116,62,255,167,0,72,212,0,0,0,0,0,0,0,0
49.725273,49.705284,138,116,63,255,167,1,72,212,128,0,0,0,0,0,0,0
49.835163,49.835892,138,116,63,255,167,1,72,212,128,0,0,0,0,0,0,0
49.945053,49.940014,138,116,63,255,170,0,64,212,0,0,0,0,0,0,0,0
50.109890,50.098598,138,116,64,255,169,0,81,212,0,0,0,0,0,0,0,0
50.219780,50.201847,138,116,62,255,169,1,76,212,128,0,0,0,0,0,0,0
50.384617,50.360596,138,117,62,255,165,1,63,212,128,0,0,0,0,0,0,0
50.494507,50.491657,138,116,62,255,167,1,68,212,128,0,0,0,0,0,0,0
50.604397,50.595676,138,115,62,255,169,1,79,212,0,0,0,0,0,0,0,0
50.769230,50.753750,138,114,62,255,173,0,63,212,0,0,0,0,0,0,0,0
50.879120,50.857765,138,114,62,255,173,1,72,212,128,0,0,0,0,0,0,0
50.989010,50.988785,138,112,61,255,179,0,65,212,128,0,0,0,0,0,0,0
51.153847,51.147728,138,112,61,255,182,1,56,212,0,0,0,0,0,0,0,0
51.263737,51.251232,138,112,61,255,182,1,56,212,0,0,0,0,0,0,0,0
51.428570,51.410179,138,112,62,255,191,1,64,212,128,0,0,0,0,0,0,0
51.538460,51.540890,138,113,61,255,188,1,59,212,128,0,0,0,0,0,0,0
51.648350,51.644299,138,113,63,255,184,1,63,212,0,0,0,0,0,0,0,0
51.813187,51.803238,138,112,62,255,182,1,49,212,0,0,0,0,0,0,0,0
51.923077,51.906590,138,113,63,255,178,1,72,212,0,0,0,0,0,0,0,0
52.087914,52.065586,138,113,63,255,175,0,79,212,128,0,0,0,0,0,0,0
52.197803,52.196503,138,112,62,255,172,1,59,212,128,0,0,0,0,0,0,0
52.307693,52.299957,139,113,62,255,171,1,72,212,0,0,0,0,0,0,0,0
52.472527,52.458900,138,113,62,255,169,1,77,212,0,0,0,0,0,0,0,0
52.582417,52.562866,138,112,62,255,165,0,84,212,128,0,0,0,0,0,0,0
52.692307,52.693634,138,113,64,255,164,1,84,211,128,0,0,0,0,0,0,0
52.857143,52.852165,138,113,62,255,173,0,72,212,128,0,0,0,0,0,0,0
52.967033,52.956284,138,116,62,255,173,1,64,212,0,0,0,0,0,0,0,0
53.131866,53.115032,138,117,63,255,173,0,58,212,0,0,0,0,0,0,0,0
53.241756,53.218937,138,117,63,255,172,0,72,210,128,0,0,0,0,0,0,0
53.351650,53.349651,138,117,63,255,172,0,72,210,128,0,0,0,0,0,0,0
53.516483,53.508186,138,117,63,255,172,0,72,210,128,0,0,0,0,0,0,0
53.626373,53.611332,138,117,63,255,152,1,72,210,128,0,0,0,0,0,0,0
53.791210,53.770176,138,117,63,255,150,1,84,212,128,0,0,0,0,0,0,0
53.901100,53.901241,138,117,62,255,150,1,86,212,128,0,0,0,0,0,0,0
54.010990,54.004799,138,117,63,255,158,1,63,212,0,0,0,0,0,0,0,0
54.175823,54.162975,138,117,63,255,158,1,63,212,0,0,0,0,0,0,0,0
54.285713,54.271446,138,118,63,255,159,1,64,212,0,0,0,0,0,0,0,0
54.450550,54.432899,138,118,63,255,159,1,64,212,128,0,0,0,0,0,0,0
54.560440,54.536507,138,114,62,255,167,0,59,212,128,0,0,0,0,0,0,0
54.670330,54.667732,138,114,61,255,169,0,64,212,0,0,0,0,0,0,0,0
54.835163,54.826160,138,111,62,255,170,1,63,212,128,0,0,0,0,0,0,0
54.945053,54.930637,138,111,61,255,170,1,50,213,128,0,0,0,0,0,0,0
55.109890,55.089226,138,111,61,255,170,1,50,213,128,0,0,0,0,0,0,0
55.219780,55.219883,138,111,62,255,193,1,47,212,0,0,0,0,0,0,0,0
55.329670,55.323547,138,111,61,255,192,0,48,212,0,0,0,0,0,0,0,0
55.494507,55.484642,138,110,62,255,183,1,60,212,128,0,0,0,0,0,0,0
55.604397,55.587994,138,108,63,255,183,0,64,212,128,0,0,0,0,0,0,0
55.769230,55.747143,138,110,62,255,189,0,64,212,0,0,0,0,0,0,0,0
55.879120,55.878468,138,111,62,255,188,1,71,212,0,0,0,0,0,0,0,0
55.989010,55.982380,138,110,62,255,159,0,55,211,128,0,0,0,0,0,0,0
56.153847,56.140556,138,111,61,255,157,1,72,212,128,0,0,0,0,0,0,0
56.263737,56.244213,138,111,61,255,161,0,68,212,128,0,0,0,0,0,0,0
56.428570,56.403366,138,111,62,255,161,1,69,212,0,0,0,0,0,0,0,0
56.538460,56.534382,138,114,63,255,161,1,82,212,0,0,0,0,0,0,0,0
56.648350,56.637836,138,114,63,255,161,1,82,212,0,0,0,0,0,0,0,0
56.813187,56.796478,138,115,63,255,146,1,64,211,128,0,0,0,0,0,0,0
56.923077,56.901367,138,115,62,255,149,1,84,212,0,0,0,0,0,0,0,0
57.032967,57.032585,138,119,63,255,149,1,84,212,0,0,0,0,0,0,0,0
57.197803,57.190868,134,119,63,255,150,1,70,212,128,0,0,0,0,0,0,0
57.307693,57.294632,138,118,63,255,135,1,88,211,128,0,0,0,0,0,0,0
57.472527,57.452953,137,117,63,255,135,1,88,211,128,0,0,0,0,0,0,0
57.582417,57.557537,138,120,65,255,159,0,72,212,0,0,0,0,0,0,0,0
57.692307,57.688301,138,122,64,255,158,1,64,212,0,0,0,0,0,0,0,0
57.857143,57.847294,138,123,59,255,151,0,64,212,128,0,0,0,0,0,0,0
57.967033,57.950493,138,107,56,255,140,1,80,212,128,0,0,0,0,0,0,0
58.131866,58.110153,138,96,59,255,137,1,79,211,0,0,0,0,0,0,0,0
58.241756,58.241379,138,93,58,255,169,0,68,212,0,0,0,0,0,0,0,0
58.351650,58.345295,138,93,58,255,169,0,68,212,0,0,0,0,0,0,0,0
58.516483,58.505314,138,80,56,255,231,1,27,212,128,0,0,0,0,0,0,0
58.626373,58.610146,138,76,57,255,229,1,22,212,0,0,0,0,0,0,0,0
58.791210,58.769093,138,75,58,255,229,1,27,211,0,0,0,0,0,0,0,0
58.901100,58.900471,138,73,58,255,230,0,42,212,0,0,0,0,0,0,0,0
59.010990,59.005100,138,78,58,255,230,0,39,212,128,0,0,0,0,0,0,0
59.175823,59.164608,138,78,60,255,229,0,47,212,0,0,0,0,0,0,0,0
59.285713,59.269135,138,82,60,255,229,0,50,212,0,0,0,0,0,0,0,0
59.450550,59.428131,138,80,58,255,229,1,37,212,0,0,0,0,0,0,0,0
59.560440,59.533176,138,78,57,255,229,1,37,212,128,0,0,0,0,0,0,0
59.670330,59.664394,138,78,59,255,230,1,57,212,128,0,0,0,0,0,0,0
59.835163,59.824055,138,90,61,255,229,0,57,212,0,0,0,0,0,0,0,0
59.945053,59.927917,138,94,60,255,216,0,49,212,0,0,0,0,0,0,0,0
60.109890,60.087429,138,92,59,255,166,0,80,212,128,0,0,0,0,0,0,0
60.219780,60.218853,133,92,59,255,141,1,93,211,128,0,0,0,0,0,0,0
60.329670,60.322620,133,92,59,255,141,1,93,211,128,0,0,0,0,0,0,0
60.494507,60.484375,138,101,65,255,180,1,95,211,0,0,0,0,0,0,0,0
60.604397,60.588444,138,109,65,255,151,1,95,212,0,0,0,0,0,0,0,0
60.769230,60.746723,138,119,65,255,124,1,88,211,128,0,0,0,0,0,0,0
60.879120,60.851021,138,127,67,255,100,0,116,212,0,0,0,0,0,0,0,0
60.989010,60.981964,138,127,67,255,100,0,116,212,0,0,0,0,0,0,0,0
61.153847,61.140194,138,131,66,255,71,1,114,212,0,0,0,0,0,0,0,0
61.263737,61.244667,138,134,66,255,67,0,112,212,128,0,0,0,0,0,0,0
61.428570,61.402950,138,138,65,255,56,0,111,211,128,0,0,0,0,0,0,0
61.538460,61.534325,138,138,66,255,58,1,111,212,0,0,0,0,0,0,0,0
61.648350,61.637779,133,140,65,255,71,1,114,206,0,0,0,0,0,0,0,0
61.813187,61.796570,139,140,65,255,77,1,106,211,0,0,0,0,0,0,0,0
61.923077,61.900799,138,138,66,255,105,0,101,207,128,0,0,0,0,0,0,0
62.032967,62.031452,138,138,66,255,105,0,101,207,128,0,0,0,0,0,0,0
62.197803,62.189732,139,136,64,255,105,0,101,207,128,0,0,0,0,0,0,0
62.307693,62.293442,138,134,64,255,143,1,56,212,128,0,0,0,0,0,0,0
62.472527,62.452438,138,133,65,255,147,0,59,210,128,0,0,0,0,0,0,0
62.582417,62.556709,138,128,64,255,171,1,41,212,128,0,0,0,0,0,0,0
62.692307,62.687885,138,130,65,255,170,0,37,207,0,0,0,0,0,0,0,0
62.857143,62.845905,138,130,65,255,181,0,31,212,0,0,0,0,0,0,0,0
62.967033,62.949207,138,130,65,255,181,0,31,212,0,0,0,0,0,0,0,0
63.131866,63.108662,138,127,63,255,172,1,25,212,128,0,0,0,0,0,0,0
63.241756,63.239681,137,129,62,255,157,1,47,212,0,0,0,0,0,0,0,0
63.351650,63.343445,138,107,56,255,122,0,63,212,0,0,0,0,0,0,0,0
63.516483,63.502644,138,95,58,255,145,0,72,211,128,0,0,0,0,0,0,0
63.626373,63.606506,138,93,59,255,197,1,74,212,128,0,0,0,0,0,0,0
63.791210,63.765400,137,87,56,255,228,0,43,212,128,0,0,0,0,0,0,0
63.901100,63.897236,137,87,56,255,228,0,43,212,128,0,0,0,0,0,0,0
64.010986,64.001915,138,82,62,255,230,0,16,212,0,0,0,0,0,0,0,0
64.175827,64.161987,138,88,62,255,230,1,8,212,128,0,0,0,0,0,0,0
64.285713,64.266312,138,82,56,255,230,0,24,212,128,0,0,0,0,0,0,0
64.450546,64.425720,138,70,54,255,229,0,42,212,0,0,0,0,0,0,0,0
64.560440,64.557304,138,63,54,255,229,0,43,212,0,0,0,0,0,0,0,0
64.670326,64.661575,138,64,57,255,230,1,31,212,128,0,0,0,0,0,0,0
64.835167,64.820518,139,80,63,255,229,0,23,212,128,0,0,0,0,0,0,0
64.945053,64.925354,138,83,61,255,229,1,26,212,0,0,0,0,0,0,0,0
65.109894,65.084770,138,83,60,255,229,0,50,211,0,0,0,0,0,0,0,0
65.219780,65.216438,139,86,58,255,181,1,64,212,128,0,0,0,0,0,0,0
65.329674,65.320770,139,86,59,255,186,1,63,212,128,0,0,0,0,0,0,0
65.494507,65.479408,138,95,62,255,194,1,79,212,0,0,0,0,0,0,0,0
65.604393,65.584038,138,100,63,255,166,1,63,212,0,0,0,0,0,0,0,0
65.769234,65.742462,138,100,63,255,166,1,63,212,0,0,0,0,0,0,0,0
65.879120,65.874306,138,105,63,255,105,1,86,211,128,0,0,0,0,0,0,0
65.989014,65.977814,138,112,64,255,101,1,114,212,128,0,0,0,0,0,0,0
66.153847,66.137115,138,118,65,255,119,1,112,212,0,0,0,0,0,0,0,0
66.263733,66.240570,138,121,65,255,119,0,111,208,0,0,0,0,0,0,0,0
66.428574,66.398544,138,124,64,255,90,1,96,212,128,0,0,0,0,0,0,0
66.538460,66.530243,138,124,65,255,88,0,105,210,128,0,0,0,0,0,0,0
66.648354,66.633522,138,129,65,255,108,1,105,212,128,0,0,0,0,0,0,0
66.813187,66.792465,138,129,65,255,110,0,103,211,0,0,0,0,0,0,0,0
66.923080,66.895920,138,130,65,255,109,1,104,212,0,0,0,0,0,0,0,0
67.032967,67.027397,138,130,65,255,109,0,83,212,128,0,0,0,0,0,0,0
67.197800,67.185936,137,129,64,255,139,1,72,212,128,0,0,0,0,0,0,0
67.307693,67.290314,138,130,64,255,140,0,79,209,0,0,0,0,0,0,0,0
67.472527,67.448639,138,131,66,255,145,1,63,212,0,0,0,0,0,0,0,0
67.582420,67.552864,138,130,65,255,146,0,63,210,128,0,0,0,0,0,0,0
67.692307,67.683571,138,127,64,255,140,1,73,212,128,0,0,0,0,0,0,0
67.857140,67.842422,138,126,64,255,153,1,74,211,0,0,0,0,0,0,0,0
67.967033,67.946541,138,125,63,255,159,1,73,212,0,0,0,0,0,0,0,0
68.131866,68.104507,138,125,64,255,158,1,70,212,128,0,0,0,0,0,0,0
68.241760,68.236191,138,124,63,255,159,1,51,212,128,0,0,0,0,0,0,0
68.351646,68.339645,138,124,64,255,158,1,54,212,128,0,0,0,0,0,0,0
68.516487,68.499008,137,124,64,255,156,1,63,210,0,0,0,0,0,0,0,0
68.626373,68.602249,138,123,63,255,154,1,64,212,0,0,0,0,0,0,0,0
68.791206,68.760834,139,124,65,255,155,1,80,212,128,0,0,0,0,0,0,0
68.901100,68.892006,138,122,64,255,156,1,72,212,128,0,0,0,0,0,0,0
69.010986,68.995415,138,120,62,255,156,1,72,212,128,0,0,0,0,0,0,0
69.175827,69.154350,138,120,63,255,156,1,79,212,0,0,0,0,0,0,0,0
69.285713,69.258583,138,118,62,255,158,0,63,212,128,0,0,0,0,0,0,0
69.395607,69.389236,138,118,62,255,158,0,63,212,128,0,0,0,0,0,0,0
69.560440,69.548035,138,116,62,255,173,1,54,212,0,0,0,0,0,0,0,0
69.670326,69.651588,138,115,61,255,173,1,64,212,0,0,0,0,0,0,0,0
69.835167,69.810272,138,114,62,255,192,1,56,211,0,0,0,0,0,0,0,0
69.945053,69.914238,123,113,62,255,183,1,60,187,128,0,0,0,0,0,0,0
70.054947,70.045258,131,112,63,255,192,1,48,199,128,0,0,0,0,0,0,0
70.219780,70.204048,130,113,62,255,191,1,44,198,0,0,0,0,0,0,0,0
70.329674,70.308273,130,112,62,255,180,1,47,199,0,0,0,0,0,0,0,0
70.494507,70.467064,132,112,63,255,169,1,50,200,128,0,0,0,0,0,0,0
70.604393,70.597977,130,112,62,255,165,1,56,200,128,0,0,0,0,0,0,0
70.714287,70.701942,132,114,64,255,161,0,61,201,0,0,0,0,0,0,0,0
70.879120,70.860428,131,115,62,255,159,1,63,201,0,0,0,0,0,0,0,0
70.989014,70.964706,131,113,62,255,160,1,67,203,128,0,0,0,0,0,0,0
71.153847,71.123184,132,114,63,255,148,1,68,202,128,0,0,0,0,0,0,0
71.263733,71.253952,132,114,62,255,147,1,69,203,128,0,0,0,0,0,0,0
71.373627,71.357964,133,114,63,255,152,1,75,188,0,0,0,0,0,0,0,0
71.538460,71.515884,121,114,63,255,147,1,74,199,0,0,0,0,0,0,0,0
71.648354,71.619598,129,117,63,255,159,1,67,198,128,0,0,0,0,0,0,0
71.758240,71.751183,130,117,64,255,155,1,65,199,128,0,0,0,0,0,0,0
71.923080,71.910072,130,118,63,255,150,1,65,198,0,0,0,0,0,0,0,0
72.032967,72.013222,131,121,63,255,138,1,71,200,0,0,0,0,0,0,0,0
72.197800,72.171906,130,125,66,255,133,0,75,199,128,0,0,0,0,0,0,0
72.307693,72.275772,130,125,64,255,128,1,81,198,128,0,0,0,0,0,0,0
72.417580,72.407249,130,130,66,255,110,1,88,199,0,0,0,0,0,0,0,0
72.582420,72.565529,131,131,66,255,111,1,89,195,0,0,0,0,0,0,0,0
72.692307,72.668724,130,125,67,255,87,0,98,199,128,0,0,0,0,0,0,0
72.857140,72.827980,129,142,71,255,109,1,95,199,128,0,0,0,0,0,0,0
72.967033,72.959305,128,151,71,255,135,1,88,199,128,0,0,0,0,0,0,0
73.076920,73.063477,130,159,70,255,106,1,81,199,0,0,0,0,0,0,0,0
73.241760,73.222313,130,165,76,255,53,1,82,199,0,0,0,0,0,0,0,0
73.351646,73.326233,130,194,78,255,22,0,101,199,128,0,0,0,0,0,0,0
73.516487,73.485428,130,200,81,255,21,1,115,199,128,0,0,0,0,0,0,0
73.626373,73.617729,130,222,86,255,24,0,112,199,0,0,0,0,0,0,0,0
73.736267,73.721748,130,247,84,255,22,1,111,199,0,0,0,0,0,0,0,0
73.901100,73.880791,130,255,85,255,21,1,108,199,0,0,0,0,0,0,0,0
74.010986,73.986504,130,255,86,255,23,0,107,199,128,0,0,0,0,0,0,0
74.175827,74.145134,130,255,85,255,21,1,105,199,0,0,0,0,0,0,0,0
74.285713,74.277687,130,255,85,255,21,1,100,199,0,0,0,0,0,0,0,0
74.395607,74.381401,130,255,86,255,23,1,99,200,0,0,0,0,0,0,0,0
74.560440,74.541542,130,255,85,255,22,1,94,200,128,0,0,0,0,0,0,0
74.670326,74.645439,130,255,80,255,23,1,96,199,128,0,0,0,0,0,0,0
74.835167,74.804131,130,255,85,255,21,1,90,198,128,0,0,0,0,0,0,0
74.945053,74.936523,130,255,72,255,22,1,89,199,0,0,0,0,0,0,0,0
75.054947,75.040291,130,255,72,255,22,1,89,199,0,0,0,0,0,0,0,0
75.219780,75.199745,130,200,59,255,24,1,79,199,128,0,0,0,0,0,0,0
75.329674,75.303452,130,165,55,255,59,1,81,199,128,0,0,0,0,0,0,0
75.494507,75.462860,130,137,53,255,105,1,66,199,0,0,0,0,0,0,0,0
75.604393,75.593773,130,100,51,255,159,1,47,200,128,0,0,0,0,0,0,0
75.714287,75.698975,130,100,51,255,159,1,47,200,128,0,0,0,0,0,0,0
75.879120,75.858170,130,72,52,255,229,1,2,199,0,0,0,0,0,0,0,0
75.989014,75.963982,130,64,50,255,229,0,2,200,0,0,0,0,0,0,0,0
76.153847,76.122818,130,47,48,255,230,1,2,200,0,0,0,0,0,0,0,0
76.263733,76.255325,130,29,43,255,230,1,4,199,128,0,0,0,0,0,0,0
76.373627,76.359390,130,14,42,255,230,0,7,199,128,0,0,0,0,0,0,0
76.538460,76.519073,130,5,43,255,229,0,13,199,0,0,0,0,0,0,0,0
76.648354,76.622810,130,6,52,255,229,0,12,200,0,0,0,0,0,0,0,0
76.813187,76.782425,130,11,53,255,230,1,11,199,128,0,0,0,0,0,0,0
76.923080,76.913956,130,0,47,255,230,1,15,200,128,0,0,0,0,0,0,0
77.032967,77.018021,130,7,51,255,229,1,19,200,128,0,0,0,0,0,0,0
77.197800,77.177742,130,12,51,255,230,0,31,199,0,0,0,0,0,0,0,0
77.307693,77.281906,130,17,53,255,230,1,33,200,128,0,0,0,0,0,0,0
77.472527,77.441872,130,22,52,255,230,1,38,199,128,0,0,0,0,0,0,0
77.582420,77.572990,130,25,52,255,230,1,38,199,128,0,0,0,0,0,0,0
77.692307,77.677467,130,21,50,255,229,0,42,200,0,0,0,0,0,0,0,0
77.857140,77.836365,130,21,47,255,230,0,48,199,0,0,0,0,0,0,0,0
77.967033,77.940842,130,52,79,255,230,1,50,200,128,0,0,0,0,0,0,0
78.131866,78.101166,130,52,79,255,229,1,53,198,128,0,0,0,0,0,0,0
78.241760,78.232338,130,164,99,255,206,0,53,198,128,0,0,0,0,0,0,0
78.351646,78.336769,130,164,99,255,206,0,58,200,0,0,0,0,0,0,0,0
78.516487,78.495407,130,164,99,255,206,0,58,200,0,0,0,0,0,0,0,0
78.626373,78.600395,130,255,93,255,51,1,117,200,128,0,0,0,0,0,0,0
78.791206,78.759850,130,255,84,255,21,1,117,200,128,0,0,0,0,0,0,0
78.901100,78.891640,130,255,71,255,22,1,117,199,0,0,0,0,0,0,0,0
79.010986,78.995605,130,220,62,255,23,1,118,199,0,0,0,0,0,0,0,0
79.175827,79.155060,130,204,60,255,22,1,118,200,128,0,0,0,0,0,0,0
79.285713,79.259331,130,165,58,255,22,1,117,199,128,0,0,0,0,0,0,0
79.450546,79.418480,130,165,58,255,22,1,117,199,128,0,0,0,0,0,0,0
79.560440,79.549957,129,136,60,255,51,1,116,199,0,0,0,0,0,0,0,0
79.670326,79.653931,129,132,60,255,84,1,117,199,128,0,0,0,0,0,0,0
79.835167,79.812523,130,120,60,255,152,1,96,199,128,0,0,0,0,0,0,0
79.945053,79.915710,129,117,61,255,170,1,86,198,128,0,0,0,0,0,0,0
80.054947,80.046730,130,106,58,255,230,1,39,198,0,0,0,0,0,0,0,0
80.219780,80.205627,130,106,58,255,230,1,39,198,0,0,0,0,0,0,0,0
80.329674,80.309692,129,103,62,255,229,1,22,199,128,0,0,0,0,0,0,0
80.494507,80.468529,130,98,60,255,230,1,30,199,0,0,0,0,0,0,0,0
80.604393,80.573418,130,96,60,255,230,0,35,200,0,0,0,0,0,0,0,0
80.714287,80.704742,130,96,60,255,230,0,35,200,0,0,0,0,0,0,0,0
80.879120,80.863380,130,96,60,255,230,0,35,200,0,0,0,0,0,0,0,0
80.989014,80.968010,130,101,61,255,230,0,46,200,128,0,0,0,0,0,0,0
81.153847,81.126755,130,101,61,255,230,0,46,200,128,0,0,0,0,0,0,0
81.263733,81.231850,131,97,60,255,180,1,59,200,0,0,0,0,0,0,0,0
81.373627,81.363991,130,97,60,255,175,0,79,199,128,0,0,0,0,0,0,0
81.538460,81.522781,130,97,60,255,175,0,79,199,128,0,0,0,0,0,0,0
81.648354,81.626648,131,91,59,255,173,1,97,200,0,0,0,0,0,0,0,0
81.813187,81.786201,130,93,60,255,172,1,94,200,0,0,0,0,0,0,0,0
81.923080,81.890167,130,85,58,255,173,1,88,200,128,0,0,0,0,0,0,0
82.032967,82.022316,130,85,58,255,171,1,88,200,128,0,0,0,0,0,0,0
82.197800,82.180801,130,91,59,255,172,0,90,200,128,0,0,0,0,0,0,0
82.307693,82.285484,130,92,63,255,172,1,88,200,0,0,0,0,0,0,0,0
82.472527,82.444572,131,97,61,255,171,1,88,200,0,0,0,0,0,0,0,0
82.582420,82.548439,131,97,61,255,171,1,88,200,0,0,0,0,0,0,0,0
82.692307,82.679619,131,97,61,255,171,1,88,200,0,0,0,0,0,0,0,0
82.857140,82.837585,130,145,65,255,170,1,75,200,0,0,0,0,0,0,0,0
82.967033,82.941345,126,130,67,255,167,1,76,198,0,0,0,0,0,0,0,0
83.131866,83.099983,130,139,63,255,114,1,86,200,0,0,0,0,0,0,0,0
83.241760,83.232796,130,139,63,255,114,1,86,200,0,0,0,0,0,0,0,0
83.351646,83.341675,130,131,67,255,23,1,117,199,128,0,0,0,0,0,0,0
83.516487,83.501076,130,170,82,255,57,1,118,199,0,0,0,0,0,0,0,0
83.626373,83.605202,130,158,63,255,49,1,111,200,128,0,0,0,0,0,0,0
83.791206,83.765266,130,168,74,255,22,1,105,200,128,0,0,0,0,0,0,0
83.901100,83.869026,130,162,63,255,23,1,100,199,128,0,0,0,0,0,0,0
84.010986,84.001228,130,161,74,255,22,1,102,199,0,0,0,0,0,0,0,0
84.175827,84.159706,130,178,77,255,22,1,98,199,0,0,0,0,0,0,0,0
84.285713,84.264183,130,185,71,255,21,1,90,199,128,0,0,0,0,0,0,0
84.450546,84.425331,130,166,64,255,22,1,83,199,128,0,0,0,0,0,0,0
84.560440,84.529808,130,142,57,255,21,2,78,194,0,0,0,0,0,0,0,0
84.670326,84.660721,130,142,57,255,21,2,78,194,0,0,0,0,0,0,0,0
84.835167,84.819160,130,106,56,255,101,1,62,200,128,0,0,0,0,0,0,0
84.945053,84.923737,130,90,58,255,154,1,41,199,128,0,0,0,0,0,0,0
85.109894,85.082581,130,90,57,255,172,1,31,200,128,0,0,0,0,0,0,0
85.219780,85.187218,130,75,55,255,229,1,2,199,0,0,0,0,0,0,0,0
85.329674,85.318642,130,74,55,255,231,1,2,199,0,0,0,0,0,0,0,0
85.494507,85.477943,130,66,55,255,230,1,2,200,128,0,0,0,0,0,0,0
85.604393,85.582115,130,64,55,255,229,1,8,200,128,0,0,0,0,0,0,0
85.769234,85.741158,130,68,59,255,229,1,8,200,128,0,0,0,0,0,0,0
85.879120,85.845993,130,59,53,255,230,1,17,199,0,0,0,0,0,0,0,0
85.989014,85.978394,130,48,49,255,230,1,20,199,128,0,0,0,0,0,0,0
86.153847,86.137085,130,40,53,255,229,1,22,200,128,0,0,0,0,0,0,0
86.263733,86.241051,130,77,82,255,230,1,27,200,0,0,0,0,0,0,0,0
86.428574,86.400505,130,157,96,255,208,1,36,199,0,0,0,0,0,0,0,0
86.538460,86.504784,130,221,108,255,189,0,41,200,0,0,0,0,0,0,0,0
86.648354,86.637238,131,255,110,255,174,1,65,202,128,0,0,0,0,0,0,0
86.813187,86.795975,130,255,100,255,122,1,92,199,128,0,0,0,0,0,0,0
86.923080,86.901215,130,255,94,255,66,1,114,200,0,0,0,0,0,0,0,0
87.087914,87.060158,130,255,83,255,24,1,117,200,0,0,0,0,0,0,0,0
87.197800,87.164948,130,255,79,255,22,1,118,199,128,0,0,0,0,0,0,0
87.307693,87.296272,130,255,75,255,22,1,118,199,128,0,0,0,0,0,0,0
87.472527,87.455673,130,241,66,255,22,1,118,199,0,0,0,0,0,0,0,0
87.582420,87.559746,130,238,79,255,22,1,117,200,0,0,0,0,0,0,0,0
87.747253,87.719147,130,245,74,255,24,1,118,200,0,0,0,0,0,0,0,0
87.857140,87.823830,130,255,84,255,22,0,117,199,128,0,0,0,0,0,0,0
87.967033,87.955307,130,255,87,255,24,1,117,199,128,0,0,0,0,0,0,0
88.131866,88.114769,130,255,81,255,23,1,117,200,0,0,0,0,0,0,0,0
88.241760,88.219040,130,255,81,255,24,0,116,200,0,0,0,0,0,0,0,0
88.406593,88.378288,130,255,85,255,23,1,110,200,128,0,0,0,0,0,0,0
88.516487,88.482147,130,255,78,255,21,1,103,199,128,0,0,0,0,0,0,0
88.626373,88.613945,130,255,78,255,21,1,103,199,128,0,0,0,0,0,0,0
88.791206,88.773651,130,255,87,255,24,1,90,199,0,0,0,0,0,0,0,0
88.901100,88.877434,130,255,87,255,24,1,90,199,0,0,0,0,0,0,0,0
89.065933,89.036255,130,255,100,255,23,0,75,199,128,0,0,0,0,0,0,0
89.175827,89.141296,130,255,121,255,23,0,72,199,0,0,0,0,0,0,0,0
89.285713,89.272675,130,255,109,255,23,2,71,199,0,0,0,0,0,0,0,0
89.450546,89.431511,130,255,122,255,23,1,69,198,0,0,0,0,0,0,0,0
89.560440,89.536507,130,255,122,255,23,1,68,199,128,0,0,0,0,0,0,0
89.725273,89.695450,130,255,126,255,23,1,68,199,128,0,0,0,0,0,0,0
89.835167,89.800079,130,255,126,255,24,1,66,199,0,0,0,0,0,0,0,0
89.945053,89.931511,130,255,115,255,22,1,62,199,0,0,0,0,0,0,0,0
90.109894,90.090248,130,255,115,255,22,1,62,199,0,0,0,0,0,0,0,0
90.219780,90.194160,130,255,74,255,23,1,62,199,0,0,0,0,0,0,0,0
90.384613,90.354027,130,255,74,255,23,1,62,200,128,0,0,0,0,0,0,0
90.494507,90.458611,130,255,76,255,23,1,63,199,0,0,0,0,0,0,0,0
90.659340,90.622826,129,255,71,255,28,2,64,199,128,0,0,0,0,0,0,0
90.769234,90.735542,130,251,70,255,58,0,62,200,128,0,0,0,0,0,0,0
90.879120,90.866867,130,251,70,255,58,0,62,200,128,0,0,0,0,0,0,0
91.043953,91.026573,130,204,62,255,104,1,52,199,0,0,0,0,0,0,0,0
91.153847,91.130600,130,191,70,255,155,1,38,200,0,0,0,0,0,0,0,0
91.318680,91.289696,130,191,70,255,155,1,38,200,0,0,0,0,0,0,0,0
91.428574,91.394371,130,204,65,255,224,1,2,200,0,0,0,0,0,0,0,0
91.538460,91.526573,130,201,78,255,218,1,2,199,0,0,0,0,0,0,0,0
91.703300,91.685875,130,223,82,255,166,1,2,199,0,0,0,0,0,0,0,0
91.813187,91.792709,130,247,84,255,113,1,23,200,128,0,0,0,0,0,0,0
91.978020,91.951500,130,207,69,255,58,0,73,199,128,0,0,0,0,0,0,0
92.087914,92.055870,130,212,70,255,24,0,102,200,0,0,0,0,0,0,0,0
92.252747,92.215019,130,195,65,255,23,1,102,199,0,0,0,0,0,0,0,0
92.362640,92.346909,130,156,54,255,22,1,95,200,128,0,0,0,0,0,0,0
92.472527,92.450775,130,150,62,255,26,0,86,200,128,0,0,0,0,0,0,0
92.637360,92.609207,130,150,62,255,26,0,86,200,128,0,0,0,0,0,0,0
92.747253,92.713226,130,83,46,255,103,1,79,199,0,0,0,0,0,0,0,0
92.857140,92.844551,130,83,46,255,103,0,75,199,0,0,0,0,0,0,0,0
93.021980,93.003540,130,44,49,255,191,1,41,200,128,0,0,0,0,0,0,0
93.131866,93.108025,130,48,63,255,230,1,41,200,128,0,0,0,0,0,0,0
93.296700,93.267838,130,48,63,255,230,1,12,199,0,0,0,0,0,0,0,0
93.406593,93.371696,130,59,49,255,230,1,12,199,0,0,0,0,0,0,0,0
93.516487,93.503899,130,38,45,255,231,1,2,200,128,0,0,0,0,0,0,0
93.681320,93.663300,130,18,50,255,231,1,3,199,128,0,0,0,0,0,0,0
93.791206,93.767784,130,87,85,255,229,1,7,199,0,0,0,0,0,0,0,0
93.956047,93.926422,129,115,113,255,227,1,16,199,0,0,0,0,0,0,0,0
94.065933,94.030487,130,255,117,255,197,0,30,199,128,0,0,0,0,0,0,0
94.175827,94.161964,130,255,114,255,162,1,40,200,128,0,0,0,0,0,0,0
94.340660,94.321167,130,255,117,255,109,1,65,199,128,0,0,0,0,0,0,0
94.450546,94.425697,130,255,105,255,53,1,100,199,0,0,0,0,0,0,0,0
94.615387,94.584328,130,255,88,255,22,1,118,200,0,0,0,0,0,0,0,0
94.725273,94.688805,130,255,59,255,22,1,117,200,128,0,0,0,0,0,0,0
94.835167,94.820084,130,255,55,255,23,1,118,200,128,0,0,0,0,0,0,0
95.000000,94.979744,130,235,67,255,23,1,117,199,0,0,0,0,0,0,0,0
95.109894,95.083679,130,255,91,255,23,1,118,199,0,0,0,0,0,0,0,0
95.274727,95.242958,130,255,91,255,23,1,118,199,0,0,0,0,0,0,0,0
95.384613,95.347900,130,255,100,255,23,0,117,199,128,0,0,0,0,0,0,0
95.494507,95.479126,130,255,100,255,23,0,117,199,128,0,0,0,0,0,0,0
95.659340,95.638733,130,255,121,255,21,1,112,200,0,0,0,0,0,0,0,0
95.769234,95.743073,130,255,121,255,21,1,112,200,0,0,0,0,0,0,0,0
95.934067,95.902458,130,255,132,255,23,1,104,199,128,0,0,0,0,0,0,0
96.043953,96.006065,130,255,132,255,21,1,102,200,128,0,0,0,0,0,0,0
96.153847,96.138527,130,255,140,255,22,1,93,199,0,0,0,0,0,0,0,0
96.318680,96.297775,130,255,142,255,23,1,92,199,0,0,0,0,0,0,0,0
96.428574,96.402664,130,255,141,255,22,1,88,199,128,0,0,0,0,0,0,0
96.593407,96.561348,130,255,139,255,21,1,87,199,128,0,0,0,0,0,0,0
96.703300,96.665207,130,255,139,255,21,2,85,200,0,0,0,0,0,0,0,0
96.813187,96.797256,130,255,135,255,24,1,83,200,0,0,0,0,0,0,0,0
96.978020,96.957016,130,255,134,255,21,1,83,199,128,0,0,0,0,0,0,0
97.087914,97.060852,130,255,143,255,23,1,79,199,128,0,0,0,0,0,0,0
97.252747,97.219978,130,255,133,255,23,1,81,199,128,0,0,0,0,0,0,0
97.362640,97.324608,130,255,125,255,22,1,75,200,0,0,0,0,0,0,0,0
97.472527,97.456505,130,255,125,255,23,1,74,199,128,0,0,0,0,0,0,0
97.637360,97.615494,130,255,129,255,22,1,72,199,128,0,0,0,0,0,0,0
97.747253,97.719360,131,255,117,255,22,2,70,199,128,0,0,0,0,0,0,0
97.912086,97.879272,130,255,107,255,23,1,68,200,0,0,0,0,0,0,0,0
98.021980,97.982880,130,255,123,255,21,1,67,199,0,0,0,0,0,0,0,0
98.131866,98.115028,130,255,110,255,21,1,63,200,128,0,0,0,0,0,0,0
98.296700,98.274429,130,255,107,255,23,1,58,200,128,0,0,0,0,0,0,0
98.406593,98.379082,130,255,93,255,22,1,54,200,0,0,0,0,0,0,0,0
98.571426,98.538010,130,255,78,255,22,1,50,200,0,0,0,0,0,0,0,0
98.681320,98.642639,130,255,77,255,22,1,44,199,128,0,0,0,0,0,0,0
98.791206,98.773811,130,255,58,255,21,0,46,200,128,0,0,0,0,0,0,0
98.956047,98.932701,130,255,75,255,23,1,46,200,0,0,0,0,0,0,0,0
99.065933,99.037178,130,255,71,255,39,1,45,200,0,0,0,0,0,0,0,0
99.230766,99.196381,130,237,69,255,71,1,43,200,0,0,0,0,0,0,0,0
99.340660,99.299988,130,222,76,255,139,1,20,199,128,0,0,0,0,0,0,0
99.450546,99.432129,130,216,72,255,193,0,3,200,128,0,0,0,0,0,0,0
99.615387,99.591484,130,203,66,255,226,1,3,200,0,0,0,0,0,0,0,0
99.725273,99.695557,130,200,82,255,230,1,2,199,0,0,0,0,0,0,0,0
99.890106,99.854347,130,201,86,255,230,1,2,200,0,0,0,0,0,0,0,0
100.000000,99.959335,129,255,120,255,208,1,2,196,128,0,0,0,0,0,0,0
100.109894,100.090561,130,255,151,255,161,0,4,199,0,0,0,0,0,0,0,0
100.274727,100.250427,130,255,123,255,107,1,14,200,0,0,0,0,0,0,0,0
100.384613,100.354340,130,255,110,255,89,1,27,199,0,0,0,0,0,0,0,0
100.549454,100.513901,130,255,110,255,36,1,82,200,128,0,0,0,0,0,0,0
100.659340,100.617760,130,255,93,255,21,1,108,200,0,0,0,0,0,0,0,0
100.769234,100.749908,130,255,86,255,22,1,92,199,0,0,0,0,0,0,0,0
100.934067,100.908905,130,255,103,255,22,1,87,199,0,0,0,0,0,0,0,0
101.043953,101.012917,130,255,138,255,23,1,91,199,128,0,0,0,0,0,0,0
101.208794,101.173042,130,255,138,255,23,1,98,199,128,0,0,0,0,0,0,0
101.318680,101.277267,130,255,138,255,23,1,98,199,128,0,0,0,0,0,0,0
101.428574,101.408226,130,255,138,255,23,1,98,199,128,0,0,0,0,0,0,0
101.593407,101.569176,130,255,110,255,22,1,106,200,128,0,0,0,0,0,0,0
101.703300,101.673286,130,255,111,255,21,1,102,198,128,0,0,0,0,0,0,0
101.868134,101.832390,130,255,111,255,21,1,102,199,128,0,0,0,0,0,0,0
101.978020,101.937019,130,255,130,255,23,1,98,199,0,0,0,0,0,0,0,0
102.087914,102.068344,130,255,145,255,22,1,94,199,0,0,0,0,0,0,0,0
102.252747,102.228462,130,255,143,255,23,2,83,200,128,0,0,0,0,0,0,0
102.362640,102.332581,130,255,133,255,23,2,78,199,0,0,0,0,0,0,0,0
102.527473,102.493729,0,0,128,255,51,15,96,255,0,0,0,0,0,0,0,0
102.637360,102.600662,138,255,109,255,44,0,76,211,0,0,0,0,0,0,0,0
102.802200,102.760635,138,255,111,255,44,1,74,211,128,0,0,0,0,0,0,0
102.912086,102.892418,138,255,137,255,44,1,77,212,128,0,0,0,0,0,0,0
103.021980,102.996437,138,255,137,255,44,1,77,212,128,0,0,0,0,0,0,0
103.186813,103.156197,138,255,135,255,44,0,74,212,0,0,0,0,0,0,0,0
103.296700,103.260117,138,255,148,255,43,1,80,212,128,0,0,0,0,0,0,0
103.461540,103.419571,139,255,148,255,43,1,80,212,128,0,0,0,0,0,0,0
103.571426,103.551254,138,255,150,255,43,0,75,213,128,0,0,0,0,0,0,0
103.681320,103.656036,139,255,129,255,44,0,80,212,0,0,0,0,0,0,0,0
103.846153,103.814987,139,255,138,255,43,0,79,212,128,0,0,0,0,0,0,0
103.956047,103.919830,139,255,137,255,44,0,76,212,128,0,0,0,0,0,0,0
104.120880,104.078613,139,255,139,255,44,1,88,212,128,0,0,0,0,0,0,0
104.230766,104.210602,139,255,151,255,44,0,79,213,0,0,0,0,0,0,0,0
104.340660,104.314308,139,255,147,255,44,1,66,212,0,0,0,0,0,0,0,0
104.505493,104.474075,139,255,143,255,44,1,67,212,128,0,0,0,0,0,0,0
104.615387,104.578094,139,255,144,255,43,1,87,213,128,0,0,0,0,0,0,0
104.780220,104.738113,139,255,145,255,43,1,87,212,0,0,0,0,0,0,0,0
104.890106,104.869797,139,255,142,255,43,1,79,212,0,0,0,0,0,0,0,0
105.000000,104.973557,139,255,142,255,43,1,79,212,0,0,0,0,0,0,0,0
105.164833,105.132347,139,255,142,255,43,1,79,212,0,0,0,0,0,0,0,0
105.274727,105.238205,139,255,159,255,43,0,82,213,0,0,0,0,0,0,0,0
105.439560,105.396996,139,255,155,255,43,0,56,212,0,0,0,0,0,0,0,0
105.549454,105.528320,139,255,156,255,43,1,76,212,0,0,0,0,0,0,0,0
105.659340,105.632645,139,255,154,255,43,0,55,212,128,0,0,0,0,0,0,0
105.824173,105.791489,139,255,154,255,43,0,55,212,128,0,0,0,0,0,0,0
105.934067,105.896324,139,255,156,255,44,1,63,212,0,0,0,0,0,0,0,0
106.098900,106.055634,139,255,151,255,43,0,63,213,0,0,0,0,0,0,0,0
106.208794,106.187668,139,255,157,255,44,1,64,212,128,0,0,0,0,0,0,0
106.318680,106.291328,139,255,157,255,44,1,64,212,128,0,0,0,0,0,0,0
106.483513,106.450729,139,255,147,255,44,1,63,213,0,0,0,0,0,0,0,0
106.593407,106.554596,139,255,150,255,43,1,40,212,0,0,0,0,0,0,0,0
106.703300,106.686073,139,255,155,255,43,0,50,212,128,0,0,0,0,0,0,0
106.868134,106.847069,139,255,158,255,44,0,41,212,128,0,0,0,0,0,0,0
106.978020,106.951187,139,255,158,255,44,0,41,212,128,0,0,0,0,0,0,0
107.142860,107.111107,139,255,159,255,43,0,61,212,0,0,0,0,0,0,0,0
107.252747,107.215378,139,255,158,255,44,1,48,213,0,0,0,0,0,0,0,0
107.417580,107.375145,139,255,158,255,43,1,62,212,128,0,0,0,0,0,0,0
107.527473,107.506516,139,255,158,255,44,1,47,212,128,0,0,0,0,0,0,0
107.637360,107.610741,138,255,158,255,43,0,48,212,0,0,0,0,0,0,0,0
107.802200,107.769890,139,255,158,255,43,1,48,212,0,0,0,0,0,0,0,0
107.912086,107.875031,139,255,158,255,43,0,42,212,128,0,0,0,0,0,0,0
108.076920,108.033981,139,255,155,255,44,1,60,212,128,0,0,0,0,0,0,0
108.186813,108.165451,139,255,147,255,43,1,56,212,128,0,0,0,0,0,0,0
108.296700,108.269836,138,255,158,255,44,1,56,212,0,0,0,0,0,0,0,0
108.461540,108.428619,138,255,158,255,44,0,47,212,0,0,0,0,0,0,0,0
108.571426,108.533508,138,255,159,255,43,0,56,212,128,0,0,0,0,0,0,0
108.736267,108.692146,139,255,159,255,44,1,55,212,128,0,0,0,0,0,0,0
108.846153,108.824341,139,255,159,255,44,1,56,212,0,0,0,0,0,0,0,0
108.956047,108.928261,138,255,158,255,43,1,51,212,0,0,0,0,0,0,0,0
109.120880,109.088074,139,255,159,255,43,0,51,212,128,0,0,0,0,0,0,0
109.230766,109.192551,138,255,159,255,44,0,64,212,128,0,0,0,0,0,0,0
109.395607,109.352516,139,255,159,255,44,0,59,212,0,0,0,0,0,0,0,0
109.505493,109.483841,139,255,159,255,44,1,64,212,0,0,0,0,0,0,0,0
109.615387,109.587395,139,255,159,255,44,1,64,212,0,0,0,0,0,0,0,0
109.780220,109.746750,139,255,160,255,43,0,71,212,128,0,0,0,0,0,0,0
109.890106,109.850571,138,255,159,255,44,1,72,212,128,0,0,0,0,0,0,0
110.054947,110.010292,139,255,160,255,43,1,71,212,0,0,0,0,0,0,0,0
110.164833,110.141960,139,255,160,255,43,1,71,212,0,0,0,0,0,0,0,0
110.274727,110.246590,138,255,160,255,43,1,76,212,128,0,0,0,0,0,0,0
110.439560,110.405281,139,255,159,255,44,0,80,212,128,0,0,0,0,0,0,0
110.549454,110.509041,139,255,159,255,44,0,80,212,128,0,0,0,0,0,0,0
110.714287,110.668884,139,255,160,255,44,0,63,212,0,0,0,0,0,0,0,0
110.824173,110.800339,138,255,161,255,43,0,78,212,128,0,0,0,0,0,0,0
110.934067,110.905121,139,255,160,255,44,0,63,212,128,0,0,0,0,0,0,0
111.098900,111.064575,138,255,160,255,44,1,80,212,0,0,0,0,0,0,0,0
111.208794,111.168541,138,255,160,255,44,1,80,212,0,0,0,0,0,0,0,0
111.318680,111.299660,138,255,160,255,43,1,76,212,128,0,0,0,0,0,0,0
111.483513,111.459633,139,255,160,255,43,1,76,212,128,0,0,0,0,0,0,0
111.593407,111.564056,138,255,159,255,44,0,72,212,0,0,0,0,0,0,0,0
111.758240,111.723206,139,255,160,255,44,0,61,213,0,0,0,0,0,0,0,0
111.868134,111.827332,139,255,160,255,44,1,61,212,0,0,0,0,0,0,0,0
112.032967,111.986885,139,255,160,255,44,1,61,212,128,0,0,0,0,0,0,0
112.142860,112.118721,138,255,161,255,43,1,62,212,128,0,0,0,0,0,0,0
112.252747,112.222893,139,255,160,255,44,0,63,212,0,0,0,0,0,0,0,0
112.417580,112.382759,138,255,160,255,44,1,56,212,0,0,0,0,0,0,0,0
112.527473,112.487694,139,255,161,255,44,1,63,212,128,0,0,0,0,0,0,0
112.692307,112.646133,138,255,160,255,44,1,49,212,128,0,0,0,0,0,0,0
112.802200,112.777710,138,255,160,255,44,1,65,212,128,0,0,0,0,0,0,0
112.912086,112.884903,138,255,161,255,44,0,55,210,1,0,0,0,0,0,0,0
113.076920,113.044327,138,255,162,255,44,1,56,211,1,0,0,0,0,0,0,0
113.186813,113.148888,138,255,161,255,95,1,42,211,129,0,0,0,0,0,0,0
113.351646,113.308037,138,255,161,255,149,1,42,211,1,0,0,0,0,0,0,0
113.461540,113.440315,138,255,165,255,191,1,7,212,1,0,0,0,0,0,0,0
113.571426,113.544861,138,255,166,255,191,1,10,212,1,0,0,0,0,0,0,0
113.736267,113.704369,138,255,168,255,192,0,13,212,129,0,0,0,0,0,0,0
113.846153,113.808228,138,255,168,255,192,0,13,212,129,0,0,0,0,0,0,0
114.010986,113.967789,138,255,188,255,191,0,16,212,1,0,0,0,0,0,0,0
114.120880,114.099426,139,255,168,255,191,1,29,212,1,0,0,0,0,0,0,0
114.230766,114.203392,139,255,177,255,191,0,14,212,129,0,0,0,0,0,0,0
114.395607,114.363022,138,255,181,255,190,1,21,212,129,0,0,0,0,0,0,0
114.505493,114.467583,139,255,190,255,191,0,10,212,129,0,0,0,0,0,0,0
114.670326,114.627701,138,255,187,255,191,0,27,212,1,0,0,0,0,0,0,0
114.780220,114.732803,138,255,195,255,191,1,25,212,129,0,0,0,0,0,0,0
114.890106,114.865448,139,255,183,255,191,0,46,212,129,0,0,0,0,0,0,0
115.054947,115.024857,138,255,193,255,190,0,43,212,129,0,0,0,0,0,0,0
115.164833,115.130249,138,255,193,255,190,1,40,212,1,0,0,0,0,0,0,0
115.329674,115.289406,138,255,185,255,190,1,57,212,1,0,0,0,0,0,0,0
115.439560,115.394646,138,255,196,255,190,1,47,212,129,0,0,0,0,0,0,0
115.549454,115.526688,139,255,184,255,191,1,47,212,129,0,0,0,0,0,0,0
115.714287,115.685997,139,255,184,255,191,1,55,212,129,0,0,0,0,0,0,0
115.824173,115.791138,139,255,198,255,190,1,56,212,1,0,0,0,0,0,0,0
115.989014,115.950233,139,255,198,255,190,1,63,212,1,0,0,0,0,0,0,0
116.098900,116.054810,138,255,198,255,190,1,63,212,1,0,0,0,0,0,0,0
116.208794,116.186859,138,255,219,255,190,1,64,212,1,0,0,0,0,0,0,0
116.373627,116.347137,138,255,216,255,191,0,59,212,1,0,0,0,0,0,0,0
116.483513,116.451714,138,255,216,255,191,0,59,212,1,0,0,0,0,0,0,0
116.648354,116.611580,138,255,221,255,190,1,64,212,129,0,0,0,0,0,0,0
116.758240,116.716263,138,255,223,255,191,1,63,212,129,0,0,0,0,0,0,0
116.923080,116.876122,138,255,224,255,191,1,77,212,1,0,0,0,0,0,0,0
117.032967,117.008316,138,255,218,255,191,1,72,212,1,0,0,0,0,0,0,0
117.142860,117.113823,138,255,221,255,191,1,68,212,129,0,0,0,0,0,0,0
117.307693,117.273430,138,255,224,255,190,1,77,212,129,0,0,0,0,0,0,0
117.417580,117.378113,138,255,223,255,191,1,84,211,1,0,0,0,0,0,0,0
117.582420,117.537979,138,255,221,255,190,1,76,212,1,0,0,0,0,0,0,0
117.692307,117.669968,138,255,221,255,191,1,73,212,129,0,0,0,0,0,0,0
117.802200,117.775826,138,255,222,255,190,1,83,212,129,0,0,0,0,0,0,0
117.967033,117.935387,138,255,223,255,191,1,79,212,129,0,0,0,0,0,0,0
118.076920,118.040741,138,255,226,255,191,1,75,212,1,0,0,0,0,0,0,0
118.241760,118.199829,138,255,233,255,190,0,90,212,1,0,0,0,0,0,0,0
118.351646,118.305336,138,255,227,255,190,0,80,212,129,0,0,0,0,0,0,0
118.461540,118.437225,138,255,227,255,190,0,80,212,129,0,0,0,0,0,0,0
118.626373,118.597549,138,255,230,255,190,1,83,212,1,0,0,0,0,0,0,0
118.736267,118.702293,138,255,226,255,190,1,87,212,1,0,0,0,0,0,0,0
118.901100,118.862198,138,255,231,255,190,1,87,212,129,0,0,0,0,0,0,0
119.010986,118.966881,138,255,231,255,190,1,87,212,129,0,0,0,0,0,0,0
119.175827,119.127365,138,255,232,255,191,0,92,212,1,0,0,0,0,0,0,0
119.285713,119.259354,138,255,231,255,190,0,90,212,1,0,0,0,0,0,0,0
119.395607,119.364700,138,255,231,255,190,1,80,212,129,0,0,0,0,0,0,0
119.560440,119.524818,138,255,231,255,191,1,85,212,129,0,0,0,0,0,0,0
119.670326,119.629814,138,255,233,255,191,0,88,212,129,0,0,0,0,0,0,0
119.835167,119.789833,138,255,234,255,190,1,80,212,1,0,0,0,0,0,0,0
119.945053,119.921715,138,255,236,255,190,1,79,212,1,0,0,0,0,0,0,0
120.054947,120.026711,138,255,235,255,190,1,84,212,129,0,0,0,0,0,0,0
120.219780,120.186066,138,255,235,255,190,1,84,212,129,0,0,0,0,0,0,0
120.329674,120.291107,139,255,234,255,191,0,80,212,1,0,0,0,0,0,0,0
120.494507,120.450302,138,255,236,255,191,0,72,212,1,0,0,0,0,0,0,0
120.604393,120.555145,138,255,237,255,190,1,64,212,1,0,0,0,0,0,0,0
120.714287,120.688057,138,255,234,255,190,0,68,212,129,0,0,0,0,0,0,0
120.879120,120.849556,138,255,235,255,190,0,73,212,1,0,0,0,0,0,0,0
120.989014,120.954803,138,255,236,255,191,1,55,212,1,0,0,0,0,0,0,0
121.153847,121.113945,138,255,236,255,191,1,55,212,1,0,0,0,0,0,0,0
121.263733,121.218475,139,255,235,255,190,1,71,212,129,0,0,0,0,0,0,0
121.428574,121.378937,138,255,237,255,189,1,55,212,129,0,0,0,0,0,0,0
121.538460,121.511772,138,255,238,255,190,1,48,212,1,0,0,0,0,0,0,0
121.648354,121.616913,138,255,237,255,190,1,47,212,1,0,0,0,0,0,0,0
121.813187,121.777573,138,255,237,255,191,0,64,212,129,0,0,0,0,0,0,0
121.923080,121.882332,138,255,238,255,190,0,63,212,129,0,0,0,0,0,0,0
122.087914,122.042397,138,255,237,255,190,1,48,212,1,0,0,0,0,0,0,0
122.197800,122.174904,138,255,235,255,190,1,47,212,1,0,0,0,0,0,0,0
122.307693,122.280403,138,255,237,255,191,1,47,212,129,0,0,0,0,0,0,0
122.472527,122.439911,138,255,237,255,191,1,47,212,129,0,0,0,0,0,0,0
122.582420,122.545364,138,255,238,255,191,1,64,212,1,0,0,0,0,0,0,0
122.747253,122.705536,138,255,239,255,190,1,64,212,1,0,0,0,0,0,0,0
122.857140,122.810265,138,255,236,255,191,1,55,212,129,0,0,0,0,0,0,0
122.967033,122.943130,138,255,236,255,190,0,64,212,129,0,0,0,0,0,0,0
123.131866,123.102432,138,255,236,255,190,0,66,212,129,0,0,0,0,0,0,0
123.241760,123.206802,138,255,236,255,190,0,66,212,129,0,0,0,0,0,0,0
123.406593,123.366768,138,255,176,255,190,0,54,212,1,0,0,0,0,0,0,0
123.516487,123.471710,138,255,170,255,191,1,63,212,129,0,0,0,0,0,0,0
123.626373,123.602989,138,255,169,255,190,0,63,212,129,0,0,0,0,0,0,0
123.791206,123.762650,138,255,169,255,191,1,59,212,1,0,0,0,0,0,0,0
123.901100,123.866829,138,255,169,255,191,1,59,212,1,0,0,0,0,0,0,0
124.065933,124.025711,138,255,170,255,190,1,58,212,129,0,0,0,0,0,0,0
124.175827,124.130394,138,255,170,255,192,0,63,212,129,0,0,0,0,0,0,0
124.285713,124.261818,138,255,170,255,192,0,63,212,129,0,0,0,0,0,0,0
124.450546,124.420357,138,255,171,255,191,1,63,212,129,0,0,0,0,0,0,0
124.560440,124.524788,138,255,171,255,190,0,64,212,1,0,0,0,0,0,0,0
124.725273,124.684753,138,255,171,255,190,1,63,212,129,0,0,0,0,0,0,0
124.835167,124.788826,138,255,171,255,190,0,76,212,129,0,0,0,0,0,0,0
124.945053,124.920250,138,255,172,255,191,0,64,212,129,0,0,0,0,0,0,0
125.109894,125.079498,138,255,172,255,190,0,71,212,1,0,0,0,0,0,0,0
125.219780,125.184181,138,255,173,255,190,1,74,212,129,0,0,0,0,0,0,0
125.384613,125.343025,138,255,173,255,190,1,74,212,129,0,0,0,0,0,0,0
125.494507,125.447350,138,255,173,255,190,1,79,212,1,0,0,0,0,0,0,0
125.604393,125.579285,138,255,171,255,191,1,79,212,1,0,0,0,0,0,0,0
125.769234,125.738739,138,255,173,255,190,1,66,212,129,0,0,0,0,0,0,0
125.879120,125.842812,138,255,174,255,190,1,72,212,129,0,0,0,0,0,0,0
126.043953,126.001602,138,255,174,255,190,1,63,212,1,0,0,0,0,0,0,0
126.153847,126.106544,138,255,174,255,190,0,76,212,1,0,0,0,0,0,0,0
126.263733,126.237869,138,255,175,255,191,1,64,212,1,0,0,0,0,0,0,0
126.428574,126.397324,138,255,175,255,191,1,78,212,129,0,0,0,0,0,0,0
126.538460,126.501343,138,255,175,255,191,1,64,212,129,0,0,0,0,0,0,0
126.703300,126.661308,138,255,175,255,190,1,74,212,1,0,0,0,0,0,0,0
126.813187,126.765633,138,255,176,255,191,0,63,212,1,0,0,0,0,0,0,0
126.923080,126.898087,138,255,176,255,191,1,63,212,129,0,0,0,0,0,0,0
127.087914,127.056824,138,255,176,255,191,1,75,212,129,0,0,0,0,0,0,0
127.197800,127.160995,138,255,176,255,190,0,59,212,1,0,0,0,0,0,0,0
127.362640,127.320450,138,255,176,255,191,1,75,212,1,0,0,0,0,0,0,0
127.472527,127.424515,138,255,177,255,191,1,64,212,129,0,0,0,0,0,0,0
127.582420,127.556458,138,255,177,255,190,0,63,212,129,0,0,0,0,0,0,0
127.747253,127.715248,138,255,177,255,190,0,72,212,129,0,0,0,0,0,0,0
127.857140,127.819984,138,255,178,255,190,0,59,212,1,0,0,0,0,0,0,0
128.021973,127.979286,138,255,178,255,191,1,64,212,1,0,0,0,0,0,0,0
128.131866,128.084427,138,255,178,255,191,1,64,212,129,0,0,0,0,0,0,0
128.241760,128.216064,138,255,179,255,191,1,62,212,129,0,0,0,0,0,0,0
128.406601,128.374802,138,255,178,255,190,1,73,212,129,0,0,0,0,0,0,0
128.516479,128.479279,138,255,179,255,190,0,60,212,1,0,0,0,0,0,0,0
128.681320,128.638779,138,255,179,255,191,0,72,212,129,0,0,0,0,0,0,0
128.791214,128.743057,138,255,179,255,190,0,59,212,129,0,0,0,0,0,0,0
128.901093,128.875046,138,255,179,255,190,0,59,212,129,0,0,0,0,0,0,0
129.065933,129.034348,138,255,180,255,190,0,70,212,1,0,0,0,0,0,0,0
129.175827,129.138168,138,255,180,255,191,1,61,212,1,0,0,0,0,0,0,0
129.340652,129.297729,138,255,180,255,190,1,70,212,129,0,0,0,0,0,0,0
129.450546,129.401688,138,255,181,255,191,1,61,212,129,0,0,0,0,0,0,0
129.560440,129.534088,138,255,181,255,190,1,57,212,1,0,0,0,0,0,0,0
129.725281,129.692673,138,255,181,255,190,1,57,212,1,0,0,0,0,0,0,0
129.835159,129.797302,138,255,181,255,190,1,60,212,129,0,0,0,0,0,0,0
130.000000,129.956406,138,255,181,255,190,1,63,212,129,0,0,0,0,0,0,0
130.109894,130.061752,138,255,182,255,190,1,60,212,1,0,0,0,0,0,0,0
130.219788,130.193497,138,255,182,255,190,1,71,211,1,0,0,0,0,0,0,0
130.384613,130.352951,138,255,182,255,190,1,61,212,129,0,0,0,0,0,0,0
130.494507,130.456802,138,255,183,255,191,1,72,212,129,0,0,0,0,0,0,0
130.659348,130.615753,138,255,183,255,190,1,62,212,129,0,0,0,0,0,0,0
130.769226,130.720428,138,255,183,255,191,1,61,212,1,0,0,0,0,0,0,0
130.879120,130.852173,138,255,183,255,190,0,69,211,1,0,0,0,0,0,0,0
131.043961,131.012039,138,255,184,255,191,1,67,211,129,0,0,0,0,0,0,0
131.153839,131.116623,138,255,184,255,190,1,64,211,129,0,0,0,0,0,0,0
131.318680,131.276123,138,255,184,255,190,1,64,211,129,0,0,0,0,0,0,0
131.428574,131.381470,138,255,184,255,191,1,69,212,1,0,0,0,0,0,0,0
131.593399,131.541641,138,255,184,255,190,1,73,212,129,0,0,0,0,0,0,0
131.703293,131.673523,138,255,184,255,190,1,73,212,129,0,0,0,0,0,0,0
131.813187,131.778625,138,255,185,255,190,1,66,211,129,0,0,0,0,0,0,0
131.978027,131.938705,138,255,185,255,190,1,72,211,1,0,0,0,0,0,0,0
132.087906,132.044342,138,255,186,255,190,1,71,212,129,0,0,0,0,0,0,0
132.252747,132.204102,138,255,186,255,191,1,67,212,129,0,0,0,0,0,0,0
132.362640,132.309204,138,255,186,255,190,0,66,211,129,0,0,0,0,0,0,0
132.472534,132.441757,138,255,187,255,190,1,67,211,1,0,0,0,0,0,0,0
132.637360,132.601059,138,255,187,255,190,1,78,211,1,0,0,0,0,0,0,0
132.747253,132.706360,138,255,187,255,191,1,71,212,129,0,0,0,0,0,0,0
132.912094,132.866333,138,255,187,255,191,1,68,211,129,0,0,0,0,0,0,0
133.021973,132.971680,138,255,188,255,190,0,69,211,1,0,0,0,0,0,0,0
133.131866,133.103668,138,255,187,255,190,1,76,211,1,0,0,0,0,0,0,0
133.296707,133.263733,138,255,188,255,191,0,69,211,129,0,0,0,0,0,0,0
133.406601,133.368362,138,255,187,255,190,1,71,211,129,0,0,0,0,0,0,0
133.571426,133.528290,138,255,188,255,190,1,67,211,1,0,0,0,0,0,0,0
133.681320,133.633835,138,255,188,255,191,1,78,211,1,0,0,0,0,0,0,0
133.846161,133.793503,138,255,189,255,191,0,77,212,129,0,0,0,0,0,0,0
133.956039,133.926453,138,255,189,255,191,0,71,212,129,0,0,0,0,0,0,0
134.065933,134.031143,138,255,189,255,191,1,63,212,129,0,0,0,0,0,0,0
134.230774,134.192139,138,255,189,255,190,0,68,211,1,0,0,0,0,0,0,0
134.340652,134.296616,138,255,189,255,191,1,74,212,1,0,0,0,0,0,0,0
134.505493,134.456879,138,255,190,255,190,0,71,211,129,0,0,0,0,0,0,0
134.615387,134.561462,138,255,191,255,191,0,65,211,129,0,0,0,0,0,0,0
