0.000000,0.000000,125,255,211,255,190,1,39,189,129,0,0,0,0,0,0,0
0.219780,0.234838,125,255,213,255,192,1,48,189,1,0,0,0,0,0,0,0
0.494505,0.468911,125,255,213,255,189,2,48,189,1,0,0,0,0,0,0,0
0.714286,0.703952,125,255,213,255,189,1,43,188,129,0,0,0,0,0,0,0
0.934066,0.938944,125,255,214,255,191,2,50,189,1,0,0,0,0,0,0,0
1.208791,1.173734,125,255,213,255,188,1,47,188,129,0,0,0,0,0,0,0
1.428571,1.407701,125,255,215,255,192,1,49,189,1,0,0,0,0,0,0,0
1.648352,1.642334,125,255,215,255,192,0,50,189,1,0,0,0,0,0,0,0
1.868132,1.877071,125,255,215,255,192,1,54,189,129,0,0,0,0,0,0,0
2.142857,2.112011,125,255,218,255,192,1,56,189,1,0,0,0,0,0,0,0
2.362637,2.346749,125,255,217,255,191,1,59,189,129,0,0,0,0,0,0,0
2.582417,2.580563,125,255,219,255,191,1,58,189,129,0,0,0,0,0,0,0
2.802198,2.815096,125,255,220,255,192,2,62,189,1,0,0,0,0,0,0,0
3.076923,3.049934,125,255,221,255,191,1,66,190,129,0,0,0,0,0,0,0
3.296703,3.284671,125,255,222,255,192,2,66,190,1,0,0,0,0,0,0,0
3.516484,3.518742,125,255,223,255,192,3,65,190,1,0,0,0,0,0,0,0
3.791209,3.753835,125,255,223,255,191,3,67,190,129,0,0,0,0,0,0,0
4.010989,3.988829,125,255,223,255,189,4,68,191,1,0,0,0,0,0,0,0
4.230769,4.222949,125,255,225,255,191,3,66,190,129,0,0,0,0,0,0,0
4.450550,4.457739,125,255,225,255,191,2,66,190,129,0,0,0,0,0,0,0
4.725275,4.692577,125,255,225,255,192,2,70,191,1,0,0,0,0,0,0,0
4.945055,4.927416,125,255,227,255,192,3,63,191,129,0,0,0,0,0,0,0
5.164835,5.161382,125,255,228,255,192,2,66,190,129,0,0,0,0,0,0,0
5.384615,5.396121,125,255,228,255,189,4,66,190,1,0,0,0,0,0,0,0
5.659341,5.631368,125,255,229,255,192,2,67,190,129,0,0,0,0,0,0,0
5.879121,5.866054,125,255,229,255,192,2,63,191,1,0,0,0,0,0,0,0
6.098901,6.099921,125,255,229,255,192,2,62,190,1,0,0,0,0,0,0,0
6.373626,6.334554,125,255,231,255,192,2,62,190,129,0,0,0,0,0,0,0
6.593407,6.568368,125,255,231,255,192,3,59,189,129,0,0,0,0,0,0,0
6.813187,6.803206,125,255,231,255,192,2,55,191,1,0,0,0,0,0,0,0
7.032967,7.037843,125,255,233,255,191,2,56,191,129,0,0,0,0,0,0,0
7.307693,7.272886,125,255,233,255,191,1,56,191,1,0,0,0,0,0,0,0
7.527472,7.506649,125,255,233,255,189,3,55,191,1,0,0,0,0,0,0,0
7.747253,7.741387,125,255,235,255,189,4,58,191,129,0,0,0,0,0,0,0
7.967033,7.975968,125,255,236,255,191,3,58,191,1,0,0,0,0,0,0,0
8.241758,8.209783,126,255,236,255,189,3,62,191,1,0,0,0,0,0,0,0
8.461538,8.444724,125,255,236,255,189,3,63,191,129,0,0,0,0,0,0,0
8.681318,8.679459,125,255,237,255,192,3,69,190,1,0,0,0,0,0,0,0
8.901099,8.914505,125,255,237,255,193,2,72,190,129,0,0,0,0,0,0,0
9.175824,9.149188,125,255,239,255,191,3,75,191,1,0,0,0,0,0,0,0
9.395604,9.383158,125,255,240,255,191,3,75,190,129,0,0,0,0,0,0,0
9.615385,9.618301,125,255,241,255,191,4,78,190,129,0,0,0,0,0,0,0
9.890110,9.853193,125,255,241,255,190,3,83,190,1,0,0,0,0,0,0,0
10.109890,10.088082,125,255,241,255,191,4,82,190,129,0,0,0,0,0,0,0
10.329670,10.323025,125,255,241,255,192,2,86,190,1,0,0,0,0,0,0,0
10.549451,10.557096,125,255,242,255,191,1,82,191,1,0,0,0,0,0,0,0
10.824176,10.791935,126,255,243,255,192,3,82,191,129,0,0,0,0,0,0,0
11.043956,11.026621,125,255,244,255,192,2,82,191,1,0,0,0,0,0,0,0
11.263737,11.261459,125,255,245,255,192,2,79,190,129,0,0,0,0,0,0,0
11.483517,11.496144,125,255,245,255,189,4,74,190,1,0,0,0,0,0,0,0
11.758242,11.730060,125,255,245,255,191,4,70,190,129,0,0,0,0,0,0,0
11.978022,11.964849,125,255,245,255,189,2,69,190,129,0,0,0,0,0,0,0
12.197803,12.199534,125,255,245,255,192,3,67,190,1,0,0,0,0,0,0,0
12.472528,12.433606,125,255,247,255,192,3,66,190,1,0,0,0,0,0,0,0
12.692307,12.668288,125,255,247,255,192,3,61,189,129,0,0,0,0,0,0,0
12.912087,12.903126,125,255,247,255,193,3,62,191,1,0,0,0,0,0,0,0
13.131868,13.137968,125,255,247,255,191,3,58,191,129,0,0,0,0,0,0,0
13.406593,13.372602,125,255,247,255,191,3,63,189,1,0,0,0,0,0,0,0
13.626373,13.606722,125,255,249,255,192,2,58,191,1,0,0,0,0,0,0,0
13.846154,13.841868,125,255,249,255,191,3,62,191,129,0,0,0,0,0,0,0
14.065934,14.076402,125,255,249,255,192,2,62,191,1,0,0,0,0,0,0,0
14.340659,14.311495,125,255,252,255,192,3,58,191,129,0,0,0,0,0,0,0
14.560439,14.545721,126,255,252,255,192,4,57,191,1,0,0,0,0,0,0,0
14.780220,14.780354,125,255,252,255,192,4,50,191,1,0,0,0,0,0,0,0
15.054945,15.015193,125,255,252,255,193,2,58,191,129,0,0,0,0,0,0,0
15.274725,15.250287,125,255,253,255,191,4,46,190,1,0,0,0,0,0,0,0
15.494506,15.484359,125,255,253,255,191,3,56,191,129,0,0,0,0,0,0,0
15.714286,15.718994,125,255,253,255,192,2,48,191,129,0,0,0,0,0,0,0
15.989011,15.953932,125,255,254,255,192,2,56,191,1,0,0,0,0,0,0,0
16.208792,16.188517,125,255,253,255,191,3,51,191,129,0,0,0,0,0,0,0
16.428572,16.422432,125,255,254,255,192,2,45,190,129,0,0,0,0,0,0,0
16.648352,16.657322,125,255,255,255,192,2,54,191,1,0,0,0,0,0,0,0
16.923077,16.892113,125,255,255,255,191,3,63,191,129,0,0,0,0,0,0,0
17.142857,17.127104,125,255,255,255,191,4,45,191,1,0,0,0,0,0,0,0
17.362637,17.360981,125,255,255,255,192,2,57,191,1,0,0,0,0,0,0,0
17.637363,17.595757,125,255,255,255,192,3,56,191,129,0,0,0,0,0,0,0
17.857143,17.830647,125,255,255,255,191,4,61,191,1,0,0,0,0,0,0,0
18.076923,18.064922,127,255,255,255,192,4,70,191,1,0,0,0,0,0,0,0
18.296703,18.299707,127,255,255,255,191,3,74,191,129,0,0,0,0,0,0,0
18.571428,18.533627,127,255,255,255,189,2,63,191,129,0,0,0,0,0,0,0
18.791208,18.767698,125,255,255,255,188,4,72,191,129,0,0,0,0,0,0,0
19.010988,19.001717,126,255,255,255,190,1,67,190,129,0,0,0,0,0,0,0
19.230770,19.235582,125,255,255,255,187,1,68,190,129,0,0,0,0,0,0,0
19.505495,19.469603,127,255,255,255,193,2,74,191,129,0,0,0,0,0,0,0
19.725275,19.703520,127,255,255,255,191,4,76,191,129,0,0,0,0,0,0,0
19.945055,19.937592,125,255,255,255,188,2,70,190,129,0,0,0,0,0,0,0
20.164835,20.172277,126,255,255,255,187,5,75,191,1,0,0,0,0,0,0,0
20.439560,20.406143,125,255,255,255,195,6,75,190,1,0,0,0,0,0,0,0
20.659340,20.640419,127,255,255,255,194,2,72,190,1,0,0,0,0,0,0,0
20.879122,20.874334,125,255,255,255,196,2,70,190,1,0,0,0,0,0,0,0
21.098902,21.108406,125,255,255,255,188,3,64,191,1,0,0,0,0,0,0,0
21.373627,21.342426,125,255,255,255,195,3,74,190,1,0,0,0,0,0,0,0
21.593407,21.576651,125,255,255,255,196,3,58,191,1,0,0,0,0,0,0,0
21.813187,21.810413,125,255,255,255,194,6,75,190,1,0,0,0,0,0,0,0
22.087912,22.044432,125,255,255,255,192,4,52,191,1,0,0,0,0,0,0,0
22.307692,22.278250,126,255,255,255,187,4,68,190,1,0,0,0,0,0,0,0
22.527473,22.512115,125,255,255,255,193,2,59,191,1,0,0,0,0,0,0,0
22.747253,22.745981,125,255,255,255,189,5,59,191,1,0,0,0,0,0,0,0
23.021978,22.979948,125,255,255,255,187,5,63,191,1,0,0,0,0,0,0,0
23.241758,23.214020,125,255,255,255,185,3,57,191,1,0,0,0,0,0,0,0
23.461538,23.448191,125,255,255,255,190,3,62,189,1,0,0,0,0,0,0,0
23.681318,23.681957,125,255,255,255,190,8,65,189,1,0,0,0,0,0,0,0
23.956043,23.916077,125,255,255,255,194,8,63,189,1,0,0,0,0,0,0,0
24.175825,24.149895,125,255,255,255,192,7,64,189,1,0,0,0,0,0,0,0
24.395605,24.384323,125,255,255,255,193,2,66,190,1,0,0,0,0,0,0,0
24.615385,24.618649,125,255,255,255,191,3,65,190,1,0,0,0,0,0,0,0
24.890110,24.853079,1,255,255,255,188,8,63,189,1,0,0,0,0,0,0,0
25.109890,25.088480,1,255,255,255,188,4,66,190,1,0,0,0,0,0,0,0
25.329670,25.323013,1,255,255,255,193,4,72,190,1,0,0,0,0,0,0,0
25.604395,25.557697,1,255,255,255,191,0,57,189,1,0,0,0,0,0,0,0
25.824175,25.792486,1,255,255,255,187,1,72,189,1,0,0,0,0,0,0,0
26.043957,26.027067,1,255,255,255,188,0,69,189,1,0,0,0,0,0,0,0
26.263737,26.261700,1,255,255,255,187,1,62,189,1,0,0,0,0,0,0,0
26.538462,26.496540,1,255,255,255,189,8,72,190,1,0,0,0,0,0,0,0
26.758242,26.731125,1,255,255,255,188,4,63,191,1,0,0,0,0,0,0,0
26.978022,26.965605,1,255,255,255,186,6,71,190,1,0,0,0,0,0,0,0
27.197802,27.200033,1,255,255,255,192,1,68,190,1,0,0,0,0,0,0,0
27.472527,27.434565,1,255,255,255,193,4,68,190,1,0,0,0,0,0,0,0
27.692308,27.669249,1,255,255,255,190,3,64,190,1,0,0,0,0,0,0,0
27.912088,27.903782,1,255,255,255,185,4,65,190,1,0,0,0,0,0,0,0
28.131868,28.138262,1,255,255,255,196,4,59,191,1,0,0,0,0,0,0,0
28.406593,28.372639,1,255,255,255,190,1,66,189,1,0,0,0,0,0,0,0
28.626373,28.607273,1,255,255,255,187,3,55,189,1,0,0,0,0,0,0,0
28.846153,28.841652,1,255,255,255,190,3,58,191,1,0,0,0,0,0,0,0
29.120878,29.076181,1,255,255,255,196,3,58,189,1,0,0,0,0,0,0,0
29.340660,29.310614,1,255,255,255,189,2,59,189,1,0,0,0,0,0,0,0
29.560440,29.545042,1,255,255,255,190,7,70,190,1,0,0,0,0,0,0,0
29.780220,29.779572,1,255,255,255,189,1,53,191,1,0,0,0,0,0,0,0
30.054945,30.014977,1,255,255,255,189,4,57,191,129,0,0,0,0,0,0,0
30.274725,30.250277,1,255,255,255,191,4,55,191,1,0,0,0,0,0,0,0
30.494505,30.484806,1,255,255,255,189,2,59,191,129,0,0,0,0,0,0,0
30.769230,30.720451,1,255,255,255,191,5,60,191,129,0,0,0,0,0,0,0
30.989012,30.955763,1,255,255,255,196,1,55,191,1,0,0,0,0,0,0,0
31.208792,31.191475,1,255,255,255,191,5,64,190,129,0,0,0,0,0,0,0
31.428572,31.427080,1,255,255,255,189,7,64,190,1,0,0,0,0,0,0,0
31.703297,31.661713,1,255,255,255,187,4,62,190,1,0,0,0,0,0,0,0
31.923077,31.897167,1,255,255,255,187,4,56,191,129,0,0,0,0,0,0,0
32.142857,32.132618,1,255,255,255,185,5,62,191,1,0,0,0,0,0,0,0
32.362637,32.367867,1,255,255,255,190,4,58,191,129,0,0,0,0,0,0,0
32.637363,32.603321,1,255,255,255,193,3,57,191,1,0,0,0,0,0,0,0
32.857143,32.837906,1,255,255,255,190,4,64,190,1,0,0,0,0,0,0,0
33.076923,33.073101,1,255,255,255,191,5,62,191,129,0,0,0,0,0,0,0
33.351650,33.308708,1,255,255,255,190,0,59,191,1,0,0,0,0,0,0,0
33.571430,33.544006,1,255,255,255,188,0,60,191,129,0,0,0,0,0,0,0
33.791210,33.778797,1,255,255,255,191,1,58,191,1,0,0,0,0,0,0,0
34.010990,34.014297,1,255,255,255,196,1,63,191,1,0,0,0,0,0,0,0
34.285713,34.249855,1,255,255,255,192,1,56,191,129,0,0,0,0,0,0,0
34.505493,34.485409,1,255,255,255,193,3,61,191,1,0,0,0,0,0,0,0
34.725273,34.720913,1,255,255,255,190,2,53,191,129,0,0,0,0,0,0,0
35.000000,34.956470,1,255,255,255,193,2,59,191,1,0,0,0,0,0,0,0
35.219780,35.191051,1,255,255,255,192,5,55,191,1,0,0,0,0,0,0,0
35.439560,35.426353,1,255,255,255,187,3,58,191,129,0,0,0,0,0,0,0
35.659340,35.661549,1,255,255,255,191,4,63,191,1,0,0,0,0,0,0,0
35.934067,35.896797,1,255,255,255,191,0,59,190,129,0,0,0,0,0,0,0
36.153847,36.131687,1,255,255,255,194,1,63,191,1,0,0,0,0,0,0,0
36.373627,36.366886,1,255,255,255,187,5,64,190,1,0,0,0,0,0,0,0
36.648350,36.602493,1,255,255,255,193,2,58,191,129,0,0,0,0,0,0,0
36.868134,36.837997,1,255,255,255,192,2,62,191,1,0,0,0,0,0,0,0
37.087914,37.073345,1,255,255,255,192,3,57,191,129,0,0,0,0,0,0,0
37.307693,37.308800,1,255,255,255,192,0,64,190,1,0,0,0,0,0,0,0
37.582417,37.543385,1,255,255,255,191,1,63,191,1,0,0,0,0,0,0,0
37.802197,37.778938,1,255,255,255,191,4,57,191,129,0,0,0,0,0,0,0
38.021976,38.014240,1,255,255,255,190,3,66,190,1,0,0,0,0,0,0,0
38.296703,38.249485,1,255,255,255,196,2,64,190,129,0,0,0,0,0,0,0
38.516483,38.485146,1,255,255,255,196,4,62,191,1,0,0,0,0,0,0,0
38.736263,38.719780,1,255,255,255,194,4,66,190,1,0,0,0,0,0,0,0
38.956043,38.954975,1,255,255,255,187,3,65,190,129,0,0,0,0,0,0,0
39.230770,39.190228,1,255,255,255,188,5,62,191,1,0,0,0,0,0,0,0
39.450550,39.425423,1,255,255,255,193,3,65,190,129,0,0,0,0,0,0,0
39.670330,39.660107,1,255,255,255,190,5,66,190,1,0,0,0,0,0,0,0
39.945053,39.895714,1,255,255,255,190,8,62,189,1,0,0,0,0,0,0,0
40.164837,40.131218,1,255,255,255,190,1,64,190,129,0,0,0,0,0,0,0
40.384617,40.366825,1,255,255,255,195,1,61,191,1,0,0,0,0,0,0,0
40.604397,40.602226,1,255,255,255,190,5,59,191,129,0,0,0,0,0,0,0
40.879120,40.837730,1,255,255,255,189,2,61,191,1,0,0,0,0,0,0,0
41.098900,41.072315,1,255,255,255,196,2,59,191,1,0,0,0,0,0,0,0
41.318680,41.307869,1,255,255,255,185,4,59,189,129,0,0,0,0,0,0,0
41.593407,41.543064,1,255,255,255,188,4,59,191,1,0,0,0,0,0,0,0
41.813187,41.778160,1,255,255,255,196,1,58,191,129,0,0,0,0,0,0,0
42.032967,42.013000,1,255,255,255,196,2,55,191,129,0,0,0,0,0,0,0
42.252747,42.248199,1,255,255,255,192,2,61,191,1,0,0,0,0,0,0,0
42.527473,42.483650,1,255,255,255,183,3,59,191,129,0,0,0,0,0,0,0
42.747253,42.719307,1,255,255,255,197,1,63,189,1,0,0,0,0,0,0,0
42.967033,42.953941,1,255,255,255,190,1,60,189,1,0,0,0,0,0,0,0
43.241756,43.189548,1,255,255,255,192,4,59,190,129,0,0,0,0,0,0,0
43.461540,43.424900,1,255,255,255,194,3,62,191,1,0,0,0,0,0,0,0
43.681320,43.660507,1,255,255,255,191,3,58,191,129,0,0,0,0,0,0,0
43.901100,43.894833,1,255,255,255,194,1,59,191,1,0,0,0,0,0,0,0
44.175823,44.130287,1,255,255,255,196,0,64,190,1,0,0,0,0,0,0,0
44.395603,44.365688,1,255,255,255,194,0,58,191,129,0,0,0,0,0,0,0
44.615383,44.601089,1,255,255,255,189,1,61,191,1,0,0,0,0,0,0,0
44.835163,44.835468,1,255,255,255,190,3,59,191,129,0,0,0,0,0,0,0
45.109890,45.070816,1,255,255,255,191,5,63,191,129,0,0,0,0,0,0,0
45.329670,45.306324,1,255,255,255,194,0,59,191,1,0,0,0,0,0,0,0
45.549450,45.541775,1,255,255,255,191,4,58,191,129,0,0,0,0,0,0,0
45.824177,45.777283,1,255,255,255,193,4,59,191,1,0,0,0,0,0,0,0
46.043957,46.012989,1,255,255,255,192,3,62,191,129,0,0,0,0,0,0,0
46.263737,46.247417,1,255,255,255,192,3,57,191,129,0,0,0,0,0,0,0
46.483517,46.483025,1,255,255,255,189,1,64,190,1,0,0,0,0,0,0,0
46.758244,46.718632,1,255,255,255,190,5,61,191,129,0,0,0,0,0,0,0
46.978024,46.954136,1,255,255,255,190,4,58,191,1,0,0,0,0,0,0,0
47.197803,47.189434,1,255,255,255,191,4,61,191,129,0,0,0,0,0,0,0
47.472527,47.423969,1,255,255,255,196,4,55,191,1,0,0,0,0,0,0,0
47.692307,47.659523,1,255,255,255,191,2,62,191,1,0,0,0,0,0,0,0
47.912086,47.894924,1,255,255,255,191,3,59,191,129,0,0,0,0,0,0,0
48.131866,48.129406,1,255,255,255,193,1,59,191,129,0,0,0,0,0,0,0
48.406593,48.364910,1,255,255,255,190,4,61,191,1,0,0,0,0,0,0,0
48.626373,48.600517,1,255,255,255,193,3,59,191,129,0,0,0,0,0,0,0
48.846153,48.835869,1,255,255,255,192,3,60,191,1,0,0,0,0,0,0,0
49.120880,49.071373,1,255,255,255,192,0,64,190,129,0,0,0,0,0,0,0
49.340660,49.306007,1,255,255,255,189,5,60,189,129,0,0,0,0,0,0,0
49.560440,49.541561,1,255,255,255,192,1,62,191,1,0,0,0,0,0,0,0
49.780220,49.776962,1,255,255,255,196,2,60,191,129,0,0,0,0,0,0,0
50.054947,50.012314,1,255,255,255,191,0,64,190,1,0,0,0,0,0,0,0
50.274727,50.247765,1,255,255,255,194,4,58,191,129,0,0,0,0,0,0,0
50.494507,50.482246,1,255,255,255,196,4,63,191,1,0,0,0,0,0,0,0
50.769230,50.717697,1,255,255,255,192,3,64,190,1,0,0,0,0,0,0,0
50.989010,50.952946,1,255,255,255,194,2,61,191,129,0,0,0,0,0,0,0
51.208790,51.188606,1,255,255,255,187,3,59,191,1,0,0,0,0,0,0,0
51.428570,51.423393,1,255,255,255,196,2,62,191,1,0,0,0,0,0,0,0
51.703297,51.658691,1,255,255,255,192,4,61,191,129,0,0,0,0,0,0,0
51.923077,51.894043,1,255,255,255,187,2,62,191,1,0,0,0,0,0,0,0
52.142857,52.129498,1,255,255,255,194,2,61,189,129,0,0,0,0,0,0,0
52.417583,52.365105,1,255,255,255,187,2,60,191,1,0,0,0,0,0,0,0
52.637363,52.600609,1,255,255,255,189,3,60,191,129,0,0,0,0,0,0,0
52.857143,52.835194,1,255,255,255,194,2,63,191,129,0,0,0,0,0,0,0
53.076923,53.070694,1,255,255,255,196,2,63,191,1,0,0,0,0,0,0,0
53.351650,53.305073,1,255,255,255,190,0,61,191,1,0,0,0,0,0,0,0
53.571430,53.540680,1,255,255,255,191,0,59,190,129,0,0,0,0,0,0,0
53.791210,53.775982,1,255,255,255,196,4,59,191,1,0,0,0,0,0,0,0
54.065933,54.011330,1,255,255,255,189,1,59,191,129,0,0,0,0,0,0,0
54.285713,54.245914,1,255,255,255,191,5,63,191,129,0,0,0,0,0,0,0
54.505493,54.481365,1,255,255,255,189,2,64,190,1,0,0,0,0,0,0,0
54.725273,54.716770,1,255,255,255,188,6,66,190,129,0,0,0,0,0,0,0
55.000000,54.952221,1,255,255,255,193,1,63,191,1,0,0,0,0,0,0,0
55.219780,55.187931,1,255,255,255,188,4,66,191,129,0,0,0,0,0,0,0
55.439560,55.422466,1,255,255,255,191,2,62,191,1,0,0,0,0,0,0,0
55.714287,55.658070,1,255,255,255,191,5,66,190,1,0,0,0,0,0,0,0
55.934067,55.893524,1,255,255,255,183,4,58,191,129,0,0,0,0,0,0,0
56.153847,56.129074,1,255,255,255,194,3,58,191,1,0,0,0,0,0,0,0
56.373627,56.363609,1,255,255,255,190,1,59,191,129,0,0,0,0,0,0,0
56.648350,56.599064,1,255,255,255,193,2,61,190,129,0,0,0,0,0,0,0
56.868134,56.834721,1,255,255,255,191,8,66,190,1,0,0,0,0,0,0,0
57.087914,57.070171,1,255,255,255,189,3,62,191,129,0,0,0,0,0,0,0
57.362637,57.305573,1,255,255,255,189,5,66,190,1,0,0,0,0,0,0,0
57.582417,57.540928,1,255,255,255,194,2,66,190,129,0,0,0,0,0,0,0
57.802197,57.775558,1,255,255,255,192,3,62,191,129,0,0,0,0,0,0,0
58.021976,58.011215,1,255,255,255,193,4,62,191,1,0,0,0,0,0,0,0
58.296703,58.246777,1,255,255,255,186,2,61,189,129,0,0,0,0,0,0,0
58.516483,58.482327,1,255,255,255,196,2,58,191,1,0,0,0,0,0,0,0
58.736263,58.717884,1,255,255,255,196,3,60,191,129,0,0,0,0,0,0,0
59.010990,58.952621,1,255,255,255,196,3,64,190,129,0,0,0,0,0,0,0
59.230770,59.188072,1,255,255,255,194,2,61,191,1,0,0,0,0,0,0,0
59.450550,59.424141,1,255,255,255,187,2,58,189,129,0,0,0,0,0,0,0
59.670330,59.659748,1,255,255,255,191,1,62,190,1,0,0,0,0,0,0,0
59.945053,59.895454,1,255,255,255,192,3,61,191,129,0,0,0,0,0,0,0
60.164837,60.130348,1,255,255,255,192,3,61,190,129,0,0,0,0,0,0,0
60.384617,60.365955,1,255,255,255,188,2,61,191,1,0,0,0,0,0,0,0
60.659340,60.601357,1,255,255,255,192,0,62,191,129,0,0,0,0,0,0,0
60.879120,60.836807,1,255,255,255,192,4,54,189,1,0,0,0,0,0,0,0
61.098900,61.072365,1,255,255,255,192,1,58,190,129,0,0,0,0,0,0,0
61.318680,61.306999,1,255,255,255,189,4,60,191,129,0,0,0,0,0,0,0
61.593407,61.542400,1,255,255,255,194,3,64,190,1,0,0,0,0,0,0,0
61.813187,61.777954,1,255,255,255,197,4,58,189,129,0,0,0,0,0,0,0
62.032967,62.013512,1,255,255,255,189,3,59,191,1,0,0,0,0,0,0,0
62.307693,62.248810,1,255,255,255,187,4,62,189,129,0,0,0,0,0,0,0
62.527473,62.483086,1,255,255,255,192,2,58,189,1,0,0,0,0,0,0,0
62.747253,62.718643,1,255,255,255,188,1,63,191,1,0,0,0,0,0,0,0
62.967033,62.954094,1,255,255,255,194,0,63,189,129,0,0,0,0,0,0,0
63.241756,63.189548,1,255,255,255,192,3,67,190,1,0,0,0,0,0,0,0
63.461540,63.424999,1,255,255,255,192,3,61,191,129,0,0,0,0,0,0,0
63.681320,63.659481,1,255,255,255,189,3,62,189,129,0,0,0,0,0,0,0
63.901100,63.895138,1,255,255,255,194,6,66,190,1,0,0,0,0,0,0,0
64.175827,64.130745,1,255,255,255,193,2,61,191,129,0,0,0,0,0,0,0
64.395607,64.366150,1,255,255,255,196,2,66,190,1,0,0,0,0,0,0,0
64.615387,64.601753,1,255,255,255,193,2,64,190,129,0,0,0,0,0,0,0
64.890106,64.836342,1,255,255,255,193,2,62,191,1,0,0,0,0,0,0,0
65.109894,65.071640,1,255,255,255,192,4,59,190,1,0,0,0,0,0,0,0
65.329674,65.307396,1,255,255,255,185,4,62,189,129,0,0,0,0,0,0,0
65.549454,65.541824,1,255,255,255,187,2,66,190,129,0,0,0,0,0,0,0
65.824173,65.776207,1,255,255,255,187,2,66,190,129,0,0,0,0,0,0,0
66.043953,66.010681,1,255,255,255,187,2,66,190,129,0,0,0,0,0,0,0
66.263733,66.246193,1,255,255,255,187,2,66,190,129,0,0,0,0,0,0,0
66.538460,66.489624,1,255,255,255,187,2,66,190,129,0,0,0,0,0,0,0
66.758240,66.733017,1,255,255,255,187,2,66,190,129,0,0,0,0,0,0,0
67.032967,66.976509,1,255,255,255,187,2,66,190,129,0,0,0,0,0,0,0
67.252747,67.219849,1,255,255,255,187,2,66,190,129,0,0,0,0,0,0,0
67.472527,67.463135,1,255,255,255,187,2,66,190,129,0,0,0,0,0,0,0
67.747253,67.706367,1,255,255,255,187,2,66,190,129,0,0,0,0,0,0,0
67.967033,67.949654,1,255,255,255,187,2,66,190,129,0,0,0,0,0,0,0
68.241760,68.192886,1,255,255,255,187,2,66,190,129,0,0,0,0,0,0,0
68.461540,68.436172,1,255,255,255,187,2,66,190,129,0,0,0,0,0,0,0
68.736267,68.679413,1,255,255,255,187,2,66,190,129,0,0,0,0,0,0,0
68.956047,68.922646,1,255,255,255,187,2,66,190,129,0,0,0,0,0,0,0
69.175827,69.165825,1,255,255,255,187,2,66,190,129,0,0,0,0,0,0,0
69.450546,69.409111,1,255,255,255,187,2,66,190,129,0,0,0,0,0,0,0
69.670326,69.652245,1,255,255,255,187,2,66,190,129,0,0,0,0,0,0,0
69.945053,69.895432,1,255,255,255,187,2,66,190,129,0,0,0,0,0,0,0
70.164833,70.138565,1,255,255,255,187,2,66,190,129,0,0,0,0,0,0,0
70.439560,70.381950,1,255,255,255,187,2,66,190,129,0,0,0,0,0,0,0
70.659340,70.625343,1,255,255,255,187,2,66,190,129,0,0,0,0,0,0,0
70.879120,70.868729,1,255,255,255,187,2,66,190,129,0,0,0,0,0,0,0
71.153847,71.112167,1,255,255,255,187,2,66,190,129,0,0,0,0,0,0,0
71.373627,71.355659,1,255,255,255,187,2,66,190,129,0,0,0,0,0,0,0
71.648354,71.599106,1,255,255,255,187,2,66,190,129,0,0,0,0,0,0,0
71.868134,71.842491,1,255,255,255,187,2,66,190,129,0,0,0,0,0,0,0
72.142860,72.085930,1,255,255,255,187,2,66,190,129,0,0,0,0,0,0,0
72.362640,72.329216,1,255,255,255,187,2,66,190,129,0,0,0,0,0,0,0
72.637360,72.572556,1,255,255,255,187,2,66,190,129,0,0,0,0,0,0,0
72.857140,72.815842,1,255,255,255,187,2,66,190,129,0,0,0,0,0,0,0
73.076920,73.059128,1,255,255,255,187,2,66,190,129,0,0,0,0,0,0,0
73.351646,73.302307,1,255,255,255,187,2,66,190,129,0,0,0,0,0,0,0
73.571426,73.545647,1,255,255,255,187,2,66,190,129,0,0,0,0,0,0,0
73.846153,73.788780,1,255,255,255,187,2,66,190,129,0,0,0,0,0,0,0
74.065933,74.032066,1,255,255,255,187,2,66,190,129,0,0,0,0,0,0,0
74.340660,74.275299,1,255,255,255,187,2,66,190,129,0,0,0,0,0,0,0
74.560440,74.518539,1,255,255,255,187,2,66,190,129,0,0,0,0,0,0,0
74.780220,74.761772,1,255,255,255,187,2,66,190,129,0,0,0,0,0,0,0
75.054947,75.005058,1,255,255,255,187,2,66,190,129,0,0,0,0,0,0,0
75.274727,75.248344,1,255,255,255,187,2,66,190,129,0,0,0,0,0,0,0
75.549454,75.491577,1,255,255,255,187,2,66,190,129,0,0,0,0,0,0,0
75.769234,75.734711,1,255,255,255,187,2,66,190,129,0,0,0,0,0,0,0
76.043953,75.977898,1,255,255,255,187,2,66,190,129,0,0,0,0,0,0,0
76.263733,76.221130,1,255,255,255,187,2,66,190,129,0,0,0,0,0,0,0
76.483513,76.464264,1,255,255,255,187,2,66,190,129,0,0,0,0,0,0,0
76.758240,76.707443,1,255,255,255,187,2,66,190,129,0,0,0,0,0,0,0
76.978020,76.950684,1,255,255,255,187,2,66,190,129,0,0,0,0,0,0,0
77.252747,77.193764,1,255,255,255,187,2,66,190,129,0,0,0,0,0,0,0
77.472527,77.436943,1,255,255,255,187,2,66,190,129,0,0,0,0,0,0,0
77.692307,77.680183,1,255,255,255,187,2,66,190,129,0,0,0,0,0,0,0
77.967033,77.923416,1,255,255,255,187,2,66,190,129,0,0,0,0,0,0,0
78.186813,78.166603,1,255,255,255,187,2,66,190,129,0,0,0,0,0,0,0
78.461540,78.409882,1,255,255,255,187,2,66,190,129,0,0,0,0,0,0,0
78.681320,78.653069,1,255,255,255,187,2,66,190,129,0,0,0,0,0,0,0
78.956047,78.896202,1,255,255,255,187,2,66,190,129,0,0,0,0,0,0,0
79.175827,79.139488,1,255,255,255,187,2,66,190,129,0,0,0,0,0,0,0
79.395607,79.382675,1,255,255,255,187,2,66,190,129,0,0,0,0,0,0,0
79.670326,79.626060,1,255,255,255,187,2,66,190,129,0,0,0,0,0,0,0
79.890106,79.869499,1,255,255,255,187,2,66,190,129,0,0,0,0,0,0,0
80.164833,80.112938,1,255,255,255,187,2,66,190,129,0,0,0,0,0,0,0
80.384613,80.356331,1,255,255,255,187,2,66,190,129,0,0,0,0,0,0,0
80.659340,80.599770,1,255,255,255,187,2,66,190,129,0,0,0,0,0,0,0
80.879120,80.843155,1,255,255,255,187,2,66,190,129,0,0,0,0,0,0,0
81.153847,81.086449,1,255,255,255,187,2,66,190,129,0,0,0,0,0,0,0
81.373627,81.329887,1,255,255,255,187,2,66,190,129,0,0,0,0,0,0,0
81.593407,81.573067,1,255,255,255,187,2,66,190,129,0,0,0,0,0,0,0
81.868134,81.816406,1,255,255,255,187,2,66,190,129,0,0,0,0,0,0,0
82.087914,82.059692,1,255,255,255,187,2,66,190,129,0,0,0,0,0,0,0
82.362640,82.302872,1,255,255,255,187,2,66,190,129,0,0,0,0,0,0,0
82.582420,82.546112,1,255,255,255,187,2,66,190,129,0,0,0,0,0,0,0
82.857140,82.789452,1,255,255,255,187,2,66,190,129,0,0,0,0,0,0,0
83.076920,83.032684,1,255,255,255,187,2,66,190,129,0,0,0,0,0,0,0
83.296700,83.275917,1,255,255,255,187,2,66,190,129,0,0,0,0,0,0,0
83.571426,83.519257,1,255,255,255,187,2,66,190,129,0,0,0,0,0,0,0
83.791206,83.762489,1,255,255,255,187,2,66,190,129,0,0,0,0,0,0,0
84.065933,84.005730,1,255,255,255,187,2,66,190,129,0,0,0,0,0,0,0
84.285713,84.249062,1,255,255,255,187,2,66,190,129,0,0,0,0,0,0,0
84.560440,84.492195,1,255,255,255,187,2,66,190,129,0,0,0,0,0,0,0
84.780220,84.739319,117,112,23,211,154,199,55,181,128,0,0,0,0,0,0,0
85.000000,84.980148,117,109,23,211,153,194,66,179,0,0,0,0,0,0,0,0
85.274727,85.212944,117,109,21,213,151,200,59,181,0,0,0,0,0,0,0,0
85.494507,85.446144,117,109,22,207,151,201,64,179,128,0,0,0,0,0,0,0
85.714287,85.679291,117,108,21,207,170,196,54,181,0,0,0,0,0,0,0,0
85.934067,85.913773,117,108,22,207,177,197,42,180,128,0,0,0,0,0,0,0
86.208794,86.146461,117,105,23,207,178,197,34,180,0,0,0,0,0,0,0,0
86.428574,86.379761,116,105,21,207,174,196,46,180,0,0,0,0,0,0,0,0
86.648354,86.613014,117,105,23,209,163,196,62,177,128,0,0,0,0,0,0,0
86.868134,86.846321,117,108,21,207,154,195,71,178,0,0,0,0,0,0,0,0
87.142860,87.079514,117,105,22,216,151,198,82,179,128,0,0,0,0,0,0,0
87.362640,87.311798,117,109,23,217,160,196,78,178,128,0,0,0,0,0,0,0
87.582420,87.545151,117,112,23,215,163,196,66,178,0,0,0,0,0,0,0,0
87.802200,87.778763,117,109,23,211,159,195,64,178,128,0,0,0,0,0,0,0
88.076920,88.012009,117,109,23,210,159,199,66,178,0,0,0,0,0,0,0,0
88.296700,88.245110,117,109,23,211,178,197,54,180,128,0,0,0,0,0,0,0
88.516487,88.478722,117,109,21,211,178,193,40,180,0,0,0,0,0,0,0,0
88.736267,88.711151,117,109,23,213,176,197,50,181,0,0,0,0,0,0,0,0
89.010986,88.944351,117,109,25,214,155,194,58,181,128,0,0,0,0,0,0,0
89.230766,89.177704,117,112,28,207,146,197,80,179,0,0,0,0,0,0,0,0
89.450546,89.411217,117,109,24,207,150,195,75,178,128,0,0,0,0,0,0,0
89.670326,89.643600,117,103,20,203,168,197,64,178,0,0,0,0,0,0,0,0
89.945053,89.877052,117,103,23,206,198,196,33,180,0,0,0,0,0,0,0,0
90.164833,90.110664,117,101,21,207,211,198,18,179,128,0,0,0,0,0,0,0
90.384613,90.344223,117,101,20,203,210,195,10,179,0,0,0,0,0,0,0,0
90.604393,90.577881,117,101,21,203,174,191,40,180,128,0,0,0,0,0,0,0
90.879120,90.812004,117,101,21,202,160,200,64,178,0,0,0,0,0,0,0,0
91.098900,91.045105,117,101,23,207,158,195,74,178,0,0,0,0,0,0,0,0
91.318680,91.279121,117,103,21,207,158,200,80,179,128,0,0,0,0,0,0,0
91.538460,91.512268,117,103,24,211,171,196,65,178,0,0,0,0,0,0,0,0
91.813187,91.745575,117,105,21,211,169,200,70,178,128,0,0,0,0,0,0,0
92.032967,91.978210,116,105,24,209,167,199,67,178,0,0,0,0,0,0,0,0
92.252747,92.211464,117,108,20,203,179,197,63,178,0,0,0,0,0,0,0,0
92.472527,92.444664,117,103,20,203,183,200,48,180,128,0,0,0,0,0,0,0
92.747253,92.678841,117,101,21,202,194,195,48,181,0,0,0,0,0,0,0,0
92.967033,92.911987,117,101,21,203,206,195,38,180,0,0,0,0,0,0,0,0
93.186813,93.146057,116,101,20,202,198,195,35,176,0,0,0,0,0,0,0,0
93.406593,93.379768,117,100,23,203,192,196,43,180,0,0,0,0,0,0,0,0
93.681320,93.613586,117,101,20,203,178,200,66,179,128,0,0,0,0,0,0,0
93.901100,93.847191,117,101,22,203,171,197,71,178,0,0,0,0,0,0,0,0
94.120880,94.081108,117,101,22,203,171,196,66,178,128,0,0,0,0,0,0,0
94.340660,94.314110,117,101,22,203,180,197,66,178,0,0,0,0,0,0,0,0
94.615387,94.547974,117,101,21,203,194,197,54,180,0,0,0,0,0,0,0,0
94.835167,94.781425,117,101,24,205,194,195,50,181,128,0,0,0,0,0,0,0
95.054947,95.015396,117,101,22,207,194,195,50,180,0,0,0,0,0,0,0,0
95.274727,95.249367,117,101,23,205,186,197,50,180,128,0,0,0,0,0,0,0
95.549454,95.482674,117,101,20,203,179,197,64,179,0,0,0,0,0,0,0,0
95.769234,95.716484,117,101,23,207,180,201,64,178,0,0,0,0,0,0,0,0
95.989014,95.950455,117,101,23,207,182,197,64,178,128,0,0,0,0,0,0,0
96.208794,96.183754,117,101,23,207,182,197,66,178,0,0,0,0,0,0,0,0
96.483513,96.417618,117,101,24,209,179,197,64,178,128,0,0,0,0,0,0,0
96.703300,96.650459,117,103,23,203,185,197,68,178,128,0,0,0,0,0,0,0
96.923080,96.884277,117,101,20,203,190,197,54,181,0,0,0,0,0,0,0,0
97.142860,97.117836,117,100,20,203,203,195,47,180,128,0,0,0,0,0,0,0
97.417580,97.351501,117,101,20,203,208,195,38,177,0,0,0,0,0,0,0,0
97.637360,97.584442,117,100,22,203,202,195,46,177,128,0,0,0,0,0,0,0
97.857140,97.818619,117,101,22,200,190,201,54,177,128,0,0,0,0,0,0,0
98.076920,98.052635,116,97,20,200,178,200,66,179,0,0,0,0,0,0,0,0
98.351646,98.286400,117,97,22,201,187,197,67,178,128,0,0,0,0,0,0,0
98.571426,98.520164,116,97,20,202,198,195,45,176,0,0,0,0,0,0,0,0
98.791206,98.754082,117,97,22,203,203,195,54,181,128,0,0,0,0,0,0,0
99.010986,98.987022,117,100,21,203,194,196,49,180,0,0,0,0,0,0,0,0
99.285713,99.221298,117,100,20,207,179,199,66,178,0,0,0,0,0,0,0,0
99.505493,99.455215,117,101,22,207,176,196,80,179,128,0,0,0,0,0,0,0
99.725273,99.688881,117,101,20,203,176,197,78,178,0,0,0,0,0,0,0,0
99.945053,99.921364,117,103,22,203,179,197,80,179,0,0,0,0,0,0,0,0
100.219780,100.155334,117,101,22,203,194,195,58,181,128,0,0,0,0,0,0,0
100.439560,100.388939,117,101,22,202,202,195,51,181,0,0,0,0,0,0,0,0
100.659340,100.623009,117,101,20,203,203,195,48,181,128,0,0,0,0,0,0,0
100.879120,100.856880,117,101,20,203,208,197,43,180,0,0,0,0,0,0,0,0
101.153847,101.089722,117,100,22,200,195,196,38,180,0,0,0,0,0,0,0,0
101.373627,101.323639,117,97,21,202,187,197,59,181,128,0,0,0,0,0,0,0
101.593407,101.557350,117,97,20,199,187,200,70,179,0,0,0,0,0,0,0,0
101.813187,101.790962,117,97,22,202,190,198,54,177,128,0,0,0,0,0,0,0
102.087914,102.024620,117,97,20,199,202,194,59,180,0,0,0,0,0,0,0,0
102.307693,102.257408,117,97,22,202,208,195,43,177,128,0,0,0,0,0,0,0
102.527473,102.491127,116,97,22,198,202,195,42,175,128,0,0,0,0,0,0,0
102.747253,102.725197,116,97,22,199,198,198,54,180,0,0,0,0,0,0,0,0
103.021980,102.958870,117,96,21,200,193,195,58,180,128,0,0,0,0,0,0,0
103.241760,103.192673,117,97,20,203,194,194,55,180,0,0,0,0,0,0,0,0
103.461540,103.425621,117,100,20,205,192,194,67,178,128,0,0,0,0,0,0,0
103.681320,103.659378,117,100,23,203,187,197,64,178,128,0,0,0,0,0,0,0
103.956047,103.893402,117,100,22,203,186,197,70,179,0,0,0,0,0,0,0,0
104.175827,104.127419,117,100,20,203,192,196,63,180,128,0,0,0,0,0,0,0
104.395607,104.360924,117,101,22,201,198,195,70,179,0,0,0,0,0,0,0,0
104.615387,104.593666,117,97,21,203,210,195,39,180,0,0,0,0,0,0,0,0
104.890106,104.827484,117,97,20,202,206,195,42,180,128,0,0,0,0,0,0,0
105.109894,105.061195,117,100,23,203,204,198,43,180,0,0,0,0,0,0,0,0
105.329674,105.295059,117,97,21,203,189,198,55,180,128,0,0,0,0,0,0,0
105.604393,105.477440,117,100,20,203,186,196,66,178,0,0,0,0,0,0,0,0
105.824173,105.761612,117,101,21,207,186,197,66,178,128,0,0,0,0,0,0,0
106.043953,105.995636,117,101,24,203,175,200,62,181,128,0,0,0,0,0,0,0
106.263733,106.229347,117,101,23,207,178,196,70,179,0,0,0,0,0,0,0,0
106.538460,106.463417,117,101,22,209,175,192,72,178,128,0,0,0,0,0,0,0
106.758240,106.696213,116,101,20,206,187,199,70,178,0,0,0,0,0,0,0,0
106.978020,106.929916,117,101,20,203,194,194,56,181,0,0,0,0,0,0,0,0
107.197800,107.163887,117,100,22,203,202,195,48,181,128,0,0,0,0,0,0,0
107.472527,107.397964,116,100,23,201,202,195,42,180,0,0,0,0,0,0,0,0
109.560440,109.511353,117,101,21,203,196,194,48,180,128,0,0,0,0,0,0,0
109.780220,109.745171,117,101,20,202,186,196,64,178,0,0,0,0,0,0,0,0
110.054947,109.979034,117,101,23,203,182,197,67,179,128,0,0,0,0,0,0,0
110.274727,110.212082,117,101,21,205,182,197,68,179,128,0,0,0,0,0,0,0
110.494507,110.445946,117,101,21,203,182,200,74,178,0,0,0,0,0,0,0,0
110.714287,110.679916,117,101,22,203,194,195,62,181,128,0,0,0,0,0,0,0
110.989014,110.913940,117,101,21,205,194,194,50,181,0,0,0,0,0,0,0,0
111.208794,111.147705,117,101,21,203,194,194,56,180,128,0,0,0,0,0,0,0
111.428574,111.380440,117,101,22,207,194,194,55,181,128,0,0,0,0,0,0,0
111.648354,111.613998,117,101,22,203,194,194,50,181,0,0,0,0,0,0,0,0
111.923080,111.847916,117,101,20,203,186,197,50,181,128,0,0,0,0,0,0,0
112.142860,112.082092,117,101,20,203,182,197,58,180,0,0,0,0,0,0,0,0
112.362640,112.315186,117,101,20,202,184,200,64,178,128,0,0,0,0,0,0,0
112.582420,112.549049,116,100,21,200,188,200,54,175,128,0,0,0,0,0,0,0
112.857140,112.782715,117,97,20,199,199,195,39,176,0,0,0,0,0,0,0,0
113.076920,113.016327,117,97,22,200,210,195,38,180,128,0,0,0,0,0,0,0
113.296700,113.250244,117,96,21,200,203,198,42,180,0,0,0,0,0,0,0,0
113.516487,113.482979,117,97,21,203,194,197,50,180,128,0,0,0,0,0,0,0
113.791206,113.716904,117,100,22,203,186,200,58,180,128,0,0,0,0,0,0,0
114.010986,113.950508,117,97,22,203,177,197,75,179,0,0,0,0,0,0,0,0
114.230766,114.184479,117,100,21,203,182,197,64,179,128,0,0,0,0,0,0,0
114.450546,114.418602,117,100,22,203,194,195,66,179,0,0,0,0,0,0,0,0
114.725273,114.651848,117,101,21,203,194,197,50,180,128,0,0,0,0,0,0,0
114.945053,114.885719,117,101,21,203,198,195,51,180,128,0,0,0,0,0,0,0
115.164833,115.119377,117,101,20,202,194,195,50,180,0,0,0,0,0,0,0,0
115.384613,115.353043,117,100,22,203,198,195,55,181,128,0,0,0,0,0,0,0
115.659340,115.586037,117,101,20,202,187,196,66,178,0,0,0,0,0,0,0,0
115.879120,115.819954,117,101,21,207,192,194,58,180,0,0,0,0,0,0,0,0
116.098900,116.053764,117,100,20,206,192,194,62,181,128,0,0,0,0,0,0,0
116.318680,116.287430,116,101,20,206,193,195,56,180,0,0,0,0,0,0,0,0
116.593407,116.521240,117,101,20,203,186,197,62,180,128,0,0,0,0,0,0,0
116.813187,116.754395,117,101,22,202,187,197,64,178,128,0,0,0,0,0,0,0
117.032967,116.988258,117,101,21,203,189,200,58,180,0,0,0,0,0,0,0,0
117.252747,117.222076,117,100,21,203,194,195,55,181,128,0,0,0,0,0,0,0
117.527473,117.455940,117,100,21,201,191,197,50,181,0,0,0,0,0,0,0,0
117.747253,117.688782,117,97,22,201,194,195,58,180,128,0,0,0,0,0,0,0
117.967033,117.922752,117,101,22,207,196,195,52,181,128,0,0,0,0,0,0,0
118.186813,118.156616,117,100,20,203,194,195,54,181,0,0,0,0,0,0,0,0
118.461540,118.390381,117,101,23,207,183,197,58,181,128,0,0,0,0,0,0,0
118.681320,118.623940,117,103,20,207,178,197,66,178,0,0,0,0,0,0,0,0
118.901100,118.856987,117,103,21,207,159,195,82,179,128,0,0,0,0,0,0,0
119.120880,119.089775,117,103,24,203,163,195,90,178,128,0,0,0,0,0,0,0
119.395607,119.323486,117,101,21,202,179,191,63,180,0,0,0,0,0,0,0,0
119.615387,119.557510,117,101,22,200,210,195,50,180,128,0,0,0,0,0,0,0
119.835167,119.790245,117,97,22,199,226,196,16,179,0,0,0,0,0,0,0,0
120.054947,120.024170,117,96,20,195,222,195,18,179,0,0,0,0,0,0,0,0
120.329674,120.258186,117,96,21,199,218,195,31,179,128,0,0,0,0,0,0,0
120.549454,120.491844,117,96,21,202,192,198,40,180,0,0,0,0,0,0,0,0
120.769234,120.725609,117,101,21,203,176,196,80,179,128,0,0,0,0,0,0,0
120.989014,120.959274,117,101,22,203,152,200,88,179,0,0,0,0,0,0,0,0
121.263733,121.192062,117,100,21,202,166,196,90,179,0,0,0,0,0,0,0,0
121.483513,121.426033,117,100,21,202,192,195,70,179,128,0,0,0,0,0,0,0
121.703300,121.659691,117,101,20,203,210,198,42,180,0,0,0,0,0,0,0,0
121.923080,121.893303,117,101,20,203,211,195,31,179,128,0,0,0,0,0,0,0
122.197800,122.126144,117,100,20,203,208,195,36,180,0,0,0,0,0,0,0,0
122.417580,122.359856,117,101,22,203,183,196,54,181,0,0,0,0,0,0,0,0
122.637360,122.593674,117,101,21,207,174,194,65,178,128,0,0,0,0,0,0,0
122.857140,122.827332,117,101,21,207,176,197,74,178,0,0,0,0,0,0,0,0
123.131866,123.061249,117,101,22,205,170,201,80,179,128,0,0,0,0,0,0,0
123.351646,123.293991,117,101,21,203,183,193,76,178,128,0,0,0,0,0,0,0
123.571426,123.527702,117,101,24,203,190,195,63,181,0,0,0,0,0,0,0,0
123.791206,123.761620,117,101,22,203,202,198,50,180,128,0,0,0,0,0,0,0
124.065933,123.995384,117,101,23,201,211,199,34,180,0,0,0,0,0,0,0,0
124.285713,124.229248,117,100,22,200,214,195,26,179,128,0,0,0,0,0,0,0
124.505493,124.461990,117,97,20,200,202,195,46,180,128,0,0,0,0,0,0,0
124.725273,124.695648,117,97,21,201,186,197,54,181,0,0,0,0,0,0,0,0
125.000000,124.929367,117,96,20,201,184,193,62,181,128,0,0,0,0,0,0,0
125.219780,125.163071,117,97,20,202,189,197,62,181,0,0,0,0,0,0,0,0
125.439560,125.395912,117,97,20,203,196,196,51,181,0,0,0,0,0,0,0,0
125.659340,125.629730,117,100,20,203,197,195,55,180,128,0,0,0,0,0,0,0
125.934067,125.863342,117,100,20,203,194,195,54,181,0,0,0,0,0,0,0,0
126.153847,126.097359,117,101,20,207,183,200,60,181,128,0,0,0,0,0,0,0
126.373627,126.330055,117,101,21,206,180,195,70,178,0,0,0,0,0,0,0,0
126.593407,126.563919,117,101,22,203,178,197,68,179,0,0,0,0,0,0,0,0
126.868134,126.797577,117,100,20,203,194,198,63,181,128,0,0,0,0,0,0,0
127.087914,127.031342,117,101,21,203,191,196,55,181,0,0,0,0,0,0,0,0
127.307693,127.265205,117,101,22,202,194,196,64,179,128,0,0,0,0,0,0,0
127.527473,127.498970,117,100,22,203,195,194,54,180,0,0,0,0,0,0,0,0
127.802200,127.731918,117,97,21,201,196,194,56,181,128,0,0,0,0,0,0,0
128.021973,127.966042,117,100,22,200,199,194,54,181,128,0,0,0,0,0,0,0
128.241760,128.199860,117,100,20,201,202,195,50,181,0,0,0,0,0,0,0,0
128.516479,128.433929,117,97,22,202,194,195,50,181,128,0,0,0,0,0,0,0
128.736267,128.667587,117,97,21,202,195,194,55,181,0,0,0,0,0,0,0,0
128.956039,128.900574,117,101,20,204,187,195,62,177,0,0,0,0,0,0,0,0
129.175827,129.134094,117,101,20,203,192,200,66,178,128,0,0,0,0,0,0,0
129.450546,129.367905,117,100,22,200,193,198,70,179,0,0,0,0,0,0,0,0
129.670334,129.601563,117,97,22,201,195,194,54,181,128,0,0,0,0,0,0,0
129.890106,129.835373,117,97,20,202,202,195,51,181,0,0,0,0,0,0,0,0
130.109894,130.067963,117,100,22,202,202,195,48,181,128,0,0,0,0,0,0,0
130.384613,130.301773,117,100,22,202,198,195,50,180,128,0,0,0,0,0,0,0
130.604401,130.535645,117,97,23,200,183,200,56,181,0,0,0,0,0,0,0,0
130.824173,130.769669,117,97,21,199,194,195,64,178,128,0,0,0,0,0,0,0
131.043961,131.003372,117,97,22,201,203,195,59,181,0,0,0,0,0,0,0,0
131.318680,131.237396,117,97,21,199,208,195,43,180,128,0,0,0,0,0,0,0
131.538467,131.470139,117,97,20,195,203,198,42,180,128,0,0,0,0,0,0,0
131.758240,131.703903,117,97,20,201,199,195,50,181,0,0,0,0,0,0,0,0
131.978027,131.937714,117,97,20,202,194,198,56,180,128,0,0,0,0,0,0,0
132.252747,132.171677,117,97,21,202,192,198,58,181,0,0,0,0,0,0,0,0
132.472534,132.404526,117,100,20,203,188,197,62,177,128,0,0,0,0,0,0,0
132.692307,132.638245,117,97,20,201,182,196,66,179,128,0,0,0,0,0,0,0
132.912094,132.871689,117,100,22,203,192,195,74,178,0,0,0,0,0,0,0,0
133.186813,133.105865,117,101,22,207,199,195,54,180,128,0,0,0,0,0,0,0
133.406601,133.339691,117,101,22,206,198,195,62,181,0,0,0,0,0,0,0,0
133.626373,133.572632,117,101,23,207,189,195,58,181,128,0,0,0,0,0,0,0
133.846161,133.806396,117,101,20,203,178,199,70,179,128,0,0,0,0,0,0,0
134.120880,134.040100,117,101,21,201,179,198,67,178,0,0,0,0,0,0,0,0
134.340652,134.274078,117,97,21,195,194,195,62,181,128,0,0,0,0,0,0,0
134.560440,134.507370,117,93,23,191,216,195,38,180,0,0,0,0,0,0,0,0
134.780212,134.741440,117,93,19,191,228,196,23,179,0,0,0,0,0,0,0,0
135.054947,134.975204,117,89,23,191,229,196,22,179,128,0,0,0,0,0,0,0
135.274719,135.209030,117,89,19,195,226,196,27,179,0,0,0,0,0,0,0,0
135.494507,135.443146,117,93,23,200,210,195,42,180,128,0,0,0,0,0,0,0
135.714279,135.676239,117,97,20,201,168,196,70,178,128,0,0,0,0,0,0,0
135.989014,135.910156,117,97,20,202,154,200,99,176,0,0,0,0,0,0,0,0
136.208786,136.144135,117,97,20,199,167,196,102,180,128,0,0,0,0,0,0,0
136.428574,136.378403,117,97,22,198,190,197,83,179,0,0,0,0,0,0,0,0
136.648346,136.612366,117,96,22,201,210,195,54,180,128,0,0,0,0,0,0,0
136.923080,136.845367,117,97,22,202,226,196,30,179,128,0,0,0,0,0,0,0
137.142853,137.079590,117,97,20,198,223,195,23,179,0,0,0,0,0,0,0,0
137.362640,137.313309,117,97,20,200,206,194,42,180,128,0,0,0,0,0,0,0
137.582413,137.547226,117,97,21,200,183,197,64,178,0,0,0,0,0,0,0,0
137.857147,137.781097,117,97,20,200,182,197,83,179,128,0,0,0,0,0,0,0
138.076920,138.013824,117,97,21,203,186,197,70,179,128,0,0,0,0,0,0,0
138.296707,138.247543,117,97,20,203,192,194,59,177,0,0,0,0,0,0,0,0
138.516479,138.481400,116,100,21,199,195,197,55,181,128,0,0,0,0,0,0,0
138.791214,138.715225,117,97,20,200,199,196,55,175,0,0,0,0,0,0,0,0
139.010986,138.948883,117,97,21,195,208,195,50,180,128,0,0,0,0,0,0,0
139.230774,139.181625,117,96,21,201,211,195,42,180,128,0,0,0,0,0,0,0
139.450546,139.415344,117,97,20,200,206,195,42,180,0,0,0,0,0,0,0,0
139.725281,139.649307,117,96,20,201,195,198,54,181,128,0,0,0,0,0,0,0
139.945053,139.883163,117,97,20,202,188,193,64,178,0,0,0,0,0,0,0,0
140.164841,140.116943,117,97,20,200,186,197,70,178,128,0,0,0,0,0,0,0
140.384613,140.349777,117,97,20,203,192,194,66,179,0,0,0,0,0,0,0,0
140.659348,140.583389,117,97,21,201,199,194,64,178,0,0,0,0,0,0,0,0
140.879120,140.817093,117,97,21,199,210,195,50,180,128,0,0,0,0,0,0,0
141.098907,141.050858,117,96,20,198,215,195,42,180,0,0,0,0,0,0,0,0
141.318680,141.284683,117,97,20,195,218,195,38,180,128,0,0,0,0,0,0,0
141.593399,141.517426,117,93,19,195,208,195,50,180,128,0,0,0,0,0,0,0
141.813187,141.751343,117,93,23,195,203,195,51,180,0,0,0,0,0,0,0,0
142.032974,141.985153,117,96,20,195,201,195,55,181,128,0,0,0,0,0,0,0
142.252747,142.219009,117,93,19,198,200,192,66,178,0,0,0,0,0,0,0,0
142.527466,142.452118,117,93,19,195,198,194,62,180,128,0,0,0,0,0,0,0
142.747253,142.685974,117,93,19,195,210,199,55,181,0,0,0,0,0,0,0,0
142.967026,142.919693,117,93,19,194,218,197,50,177,0,0,0,0,0,0,0,0
143.241760,143.153412,117,93,23,195,218,195,48,177,128,0,0,0,0,0,0,0
143.461533,143.387329,117,93,23,199,214,195,50,180,0,0,0,0,0,0,0,0
143.681320,143.620987,117,96,20,199,210,195,54,181,128,0,0,0,0,0,0,0
143.901093,143.853821,117,96,20,203,190,196,69,178,128,0,0,0,0,0,0,0
144.175827,144.087799,117,97,22,200,190,197,71,178,0,0,0,0,0,0,0,0
144.395599,144.321762,117,97,21,191,192,200,81,179,128,0,0,0,0,0,0,0
144.615387,144.555008,117,93,23,191,207,194,67,178,128,0,0,0,0,0,0,0
144.835159,144.788986,117,89,19,191,223,195,50,181,0,0,0,0,0,0,0,0
145.109894,145.023056,117,89,19,191,228,196,31,179,128,0,0,0,0,0,0,0
145.329666,145.256775,117,93,19,191,228,196,38,180,0,0,0,0,0,0,0,0
145.549454,145.490585,117,89,22,191,223,195,38,180,128,0,0,0,0,0,0,0
145.769226,145.723679,117,93,23,195,208,195,43,176,0,0,0,0,0,0,0,0
146.043961,145.957596,117,89,19,195,194,196,62,180,0,0,0,0,0,0,0,0
146.263733,146.191360,117,93,19,195,195,192,66,178,128,0,0,0,0,0,0,0
146.483521,146.425385,117,92,21,191,203,194,70,178,0,0,0,0,0,0,0,0
146.703293,146.658112,117,92,19,195,210,195,70,178,0,0,0,0,0,0,0,0
146.978027,146.891983,117,93,23,195,218,195,50,181,128,0,0,0,0,0,0,0
147.197800,147.127182,121,93,19,195,218,0,50,188,0,0,0,0,0,0,0,0
147.417587,147.361145,121,93,21,191,213,0,44,188,128,0,0,0,0,0,0,0
147.637360,147.594971,120,93,19,191,207,0,58,189,0,0,0,0,0,0,0,0
147.912094,147.829041,121,87,19,189,205,0,59,188,128,0,0,0,0,0,0,0
148.131866,148.061630,125,93,23,195,210,1,70,191,128,0,0,0,0,0,0,0
148.351654,148.295181,125,93,23,197,210,0,63,191,0,0,0,0,0,0,0,0
148.571426,148.528946,125,93,26,199,210,0,64,190,128,0,0,0,0,0,0,0
148.846161,148.762909,125,94,24,200,210,0,60,191,0,0,0,0,0,0,0,0
149.065933,148.996216,125,96,25,195,210,1,58,191,128,0,0,0,0,0,0,0
149.285721,149.230179,125,93,23,195,210,1,60,191,128,0,0,0,0,0,0,0
149.505493,149.463852,125,93,25,193,210,0,59,191,0,0,0,0,0,0,0,0
149.780212,149.697449,125,91,23,191,209,1,54,191,128,0,0,0,0,0,0,0
150.000000,149.931366,125,89,23,190,209,0,59,191,0,0,0,0,0,0,0,0
150.219788,150.165344,125,89,25,193,210,1,58,191,128,0,0,0,0,0,0,0
150.439560,150.398285,125,91,26,194,210,0,57,191,128,0,0,0,0,0,0,0
150.714279,150.632004,125,92,23,195,210,0,57,191,0,0,0,0,0,0,0,0
150.934067,150.865509,125,91,25,194,210,0,58,189,128,0,0,0,0,0,0,0
151.153839,151.099533,125,92,23,193,210,0,60,191,0,0,0,0,0,0,0,0
151.373627,151.332474,125,89,25,194,210,1,62,191,128,0,0,0,0,0,0,0
151.648346,151.566284,125,91,23,194,210,0,57,191,128,0,0,0,0,0,0,0
151.868134,151.799942,125,91,25,194,210,0,60,191,0,0,0,0,0,0,0,0
152.087906,152.033508,125,89,25,194,210,0,51,191,128,0,0,0,0,0,0,0
152.307693,152.267471,125,89,23,193,210,1,59,191,0,0,0,0,0,0,0,0
152.582413,152.501038,125,90,23,194,210,0,56,191,128,0,0,0,0,0,0,0
152.802200,152.733673,125,92,25,195,210,0,67,190,128,0,0,0,0,0,0,0
153.021973,152.967331,125,93,25,198,210,0,59,191,0,0,0,0,0,0,0,0
153.241760,153.201248,125,93,25,198,209,0,58,190,128,0,0,0,0,0,0,0
153.516479,153.434448,125,93,23,193,210,1,58,191,128,0,0,0,0,0,0,0
153.736267,153.668411,125,90,23,191,209,0,61,191,0,0,0,0,0,0,0,0
153.956039,153.901871,125,90,23,193,210,1,60,191,128,0,0,0,0,0,0,0
154.175827,154.135437,125,89,23,191,209,0,64,190,0,0,0,0,0,0,0,0
154.450546,154.369095,125,89,25,191,210,1,56,191,128,0,0,0,0,0,0,0
154.670334,154.602341,125,87,22,187,210,1,63,191,128,0,0,0,0,0,0,0
154.890106,154.836060,125,85,23,187,211,1,58,191,0,0,0,0,0,0,0,0
155.109894,155.069611,125,85,23,187,212,0,63,191,128,0,0,0,0,0,0,0
155.384613,155.303284,125,85,25,185,211,0,59,191,0,0,0,0,0,0,0,0
155.604401,155.536530,125,84,23,185,210,0,56,191,128,0,0,0,0,0,0,0
155.824173,155.770493,125,84,22,186,209,0,59,189,128,0,0,0,0,0,0,0
156.043961,156.004471,125,84,23,187,210,1,60,191,0,0,0,0,0,0,0,0
156.318680,156.238327,125,85,23,191,210,1,60,191,128,0,0,0,0,0,0,0
156.538467,156.472092,125,87,23,193,210,1,58,189,0,0,0,0,0,0,0,0
156.758240,156.705811,125,89,25,194,210,0,59,191,128,0,0,0,0,0,0,0
157.032974,156.942139,124,89,24,191,191,0,62,188,129,0,0,0,0,0,0,0
157.252747,157.175842,124,89,22,189,185,1,82,189,1,0,0,0,0,0,0,0
157.472534,157.409561,125,89,23,192,189,0,75,189,129,0,0,0,0,0,0,0
157.692307,157.643219,124,87,24,188,192,0,82,189,1,0,0,0,0,0,0,0
157.967026,157.877182,125,85,21,183,187,1,72,190,129,0,0,0,0,0,0,0
158.186813,158.110229,125,84,23,179,189,0,71,190,1,0,0,0,0,0,0,0
158.406601,158.344101,125,80,23,175,189,1,72,190,1,0,0,0,0,0,0,0
158.626373,158.577759,125,77,22,171,189,0,61,189,129,0,0,0,0,0,0,0
158.901093,158.811630,125,74,21,171,188,0,67,190,1,0,0,0,0,0,0,0
159.120880,159.044724,125,73,22,169,190,1,66,190,1,0,0,0,0,0,0,0
159.340652,159.278534,125,69,22,169,192,1,53,191,129,0,0,0,0,0,0,0
159.560440,159.512360,125,69,19,167,190,1,66,190,1,0,0,0,0,0,0,0
159.835159,159.746124,125,67,20,162,189,1,50,189,129,0,0,0,0,0,0,0
160.054947,159.979568,125,63,20,160,191,1,54,189,1,0,0,0,0,0,0,0
160.274719,160.213699,125,60,19,153,190,0,56,189,129,0,0,0,0,0,0,0
160.494507,160.446640,125,55,17,146,192,0,50,189,1,0,0,0,0,0,0,0
160.769226,160.680664,125,49,20,147,191,1,57,189,1,0,0,0,0,0,0,0
160.989014,160.914215,125,47,18,143,190,0,50,189,129,0,0,0,0,0,0,0
161.208786,161.152390,125,45,17,140,190,1,54,191,6,0,0,0,0,0,0,0
161.428574,161.387833,125,46,17,138,186,0,50,189,128,0,0,0,0,0,0,0
161.703293,161.622574,125,45,16,134,190,1,52,191,134,0,0,0,0,0,0,0
161.923080,161.856445,125,45,16,133,192,0,45,189,0,0,0,0,0,0,0,0
162.142853,162.091949,125,45,16,129,190,1,56,189,128,0,0,0,0,0,0,0
162.417587,162.325867,125,35,15,125,193,2,50,189,0,0,0,0,0,0,0,0
162.637360,162.559372,124,29,16,125,221,0,35,189,128,0,0,0,0,0,0,0
162.857147,162.792358,125,25,15,122,231,0,10,190,0,0,0,0,0,0,0,0
163.076920,163.026031,125,23,15,123,229,0,14,190,0,0,0,0,0,0,0,0
163.351654,163.260193,125,23,15,126,229,0,26,191,128,0,0,0,0,0,0,0
163.571426,163.494064,125,25,15,132,227,0,27,191,0,0,0,0,0,0,0,0
163.791214,163.727722,125,29,17,140,227,0,33,190,128,0,0,0,0,0,0,0
164.010986,163.960526,125,35,18,145,227,0,36,190,128,0,0,0,0,0,0,0
164.285721,164.194183,125,37,18,149,230,0,40,190,0,0,0,0,0,0,0,0
164.505493,164.428040,125,41,19,152,227,0,52,191,128,0,0,0,0,0,0,0
164.725281,164.661713,125,45,19,155,227,0,52,191,0,0,0,0,0,0,0,0
164.945053,164.895370,125,48,21,160,228,0,58,191,128,0,0,0,0,0,0,0
165.219788,165.128357,125,53,21,167,228,0,63,190,128,0,0,0,0,0,0,0
165.439560,165.362228,125,59,22,173,228,0,70,191,0,0,0,0,0,0,0,0
165.659348,165.596100,125,65,23,180,229,0,78,190,128,0,0,0,0,0,0,0
165.879120,165.829956,125,73,23,185,228,0,74,191,0,0,0,0,0,0,0,0
166.153839,166.063934,125,79,22,191,229,0,74,190,128,0,0,0,0,0,0,0
166.373627,166.296768,125,83,25,193,227,0,74,190,128,0,0,0,0,0,0,0
166.593399,166.530441,125,87,23,195,222,0,74,190,0,0,0,0,0,0,0,0
166.813187,166.764191,125,92,26,201,214,0,79,190,128,0,0,0,0,0,0,0
167.087906,166.998062,125,96,25,203,209,0,86,191,0,0,0,0,0,0,0,0
167.307693,167.231674,125,100,26,210,198,2,78,190,128,0,0,0,0,0,0,0
167.527466,167.464462,125,103,25,217,197,0,92,191,128,0,0,0,0,0,0,0
167.747253,167.697769,125,107,27,218,192,0,90,191,0,0,0,0,0,0,0,0
168.021973,167.931168,125,109,28,217,182,0,96,190,128,0,0,0,0,0,0,0
168.241760,168.164124,125,112,27,217,182,0,91,190,0,0,0,0,0,0,0,0
168.461533,168.397476,125,111,27,213,189,1,78,190,128,0,0,0,0,0,0,0
168.681320,168.630005,125,110,26,211,199,0,74,190,128,0,0,0,0,0,0,0
168.956039,168.863419,125,107,25,210,219,0,55,189,0,0,0,0,0,0,0,0
169.175827,169.096558,125,107,25,207,219,0,38,190,128,0,0,0,0,0,0,0
169.395599,169.329971,125,104,25,203,206,2,46,189,0,0,0,0,0,0,0,0
169.615387,169.562347,125,101,26,199,202,2,55,189,128,0,0,0,0,0,0,0
169.890106,169.796112,125,100,24,198,202,2,58,191,128,0,0,0,0,0,0,0
170.109894,170.029984,124,97,25,199,215,0,54,189,0,0,0,0,0,0,0,0
170.329666,170.263733,125,97,23,199,218,0,32,189,128,0,0,0,0,0,0,0
170.549454,170.497452,124,97,24,199,207,0,38,189,0,0,0,0,0,0,0,0
170.824173,170.731369,124,97,25,198,200,2,64,187,128,0,0,0,0,0,0,0
171.043961,170.963959,125,98,25,201,190,1,75,190,128,0,0,0,0,0,0,0
171.263733,171.197769,125,97,24,201,196,0,69,190,0,0,0,0,0,0,0,0
171.483521,171.431488,121,96,25,195,202,0,74,188,128,0,0,0,0,0,0,0
171.758240,171.665344,125,95,24,197,216,2,47,185,0,0,0,0,0,0,0,0
171.978027,171.898041,125,93,25,194,227,0,30,190,0,0,0,0,0,0,0,0
172.197800,172.131699,125,93,25,195,230,0,27,190,128,0,0,0,0,0,0,0
172.417587,172.365509,124,92,25,199,229,0,40,189,0,0,0,0,0,0,0,0
172.692307,172.599487,125,95,25,205,214,1,46,190,128,0,0,0,0,0,0,0
172.912094,172.833099,124,100,24,206,184,6,81,187,0,0,0,0,0,0,0,0
173.131866,173.066803,125,102,26,207,158,0,120,188,128,0,0,0,0,0,0,0
173.351654,173.299133,125,105,26,209,158,0,107,190,128,0,0,0,0,0,0,0
173.626373,173.532700,125,105,25,210,175,0,72,190,0,0,0,0,0,0,0,0
173.846161,173.765793,125,104,25,207,208,0,47,189,128,0,0,0,0,0,0,0
174.065933,173.998993,125,105,25,206,230,0,15,190,0,0,0,0,0,0,0,0
174.285721,174.231522,124,105,25,207,226,0,6,190,0,0,0,0,0,0,0,0
174.560440,174.464722,124,104,25,206,193,0,38,188,128,0,0,0,0,0,0,0
174.780212,174.698288,122,103,23,203,167,1,71,186,0,0,0,0,0,0,0,0
175.000000,174.931839,125,103,24,205,157,0,91,191,128,0,0,0,0,0,0,0
175.219788,175.165146,124,101,25,203,182,0,75,187,0,0,0,0,0,0,0,0
175.494507,175.397888,124,101,25,205,186,0,58,187,0,0,0,0,0,0,0,0
175.714279,175.631393,125,101,26,206,205,0,32,190,128,0,0,0,0,0,0,0
175.934067,175.864853,123,103,26,210,195,0,21,189,0,0,0,0,0,0,0,0
176.153839,176.098053,123,103,28,209,179,1,47,186,128,0,0,0,0,0,0,0
176.428574,176.331055,125,105,26,210,160,0,81,190,0,0,0,0,0,0,0,0
176.648346,176.564255,123,105,28,211,157,0,80,187,128,0,0,0,0,0,0,0
176.868134,176.796677,124,107,25,215,165,0,63,188,128,0,0,0,0,0,0,0
177.087906,177.029877,125,109,27,218,170,1,63,189,0,0,0,0,0,0,0,0
177.362640,177.263489,125,113,27,220,174,1,63,186,128,0,0,0,0,0,0,0
177.582413,177.496384,125,113,27,218,161,0,71,188,0,0,0,0,0,0,0,0
177.802200,177.728821,124,113,25,214,152,1,87,190,128,0,0,0,0,0,0,0
178.021973,177.962280,125,112,25,210,163,4,64,186,128,0,0,0,0,0,0,0
178.296707,178.195419,125,109,23,207,182,0,46,189,0,0,0,0,0,0,0,0
178.516479,178.428467,125,105,25,208,200,0,10,190,128,0,0,0,0,0,0,0
178.736267,178.662186,125,107,26,211,202,0,15,188,0,0,0,0,0,0,0,0
178.956039,178.894409,124,107,25,213,174,0,23,187,0,0,0,0,0,0,0,0
179.175827,179.127869,125,108,25,216,144,4,90,190,128,0,0,0,0,0,0,0
179.450546,179.361115,125,109,28,211,134,2,79,190,0,0,0,0,0,0,0,0
179.670334,179.594223,125,109,26,213,139,0,76,190,128,0,0,0,0,0,0,0
179.890106,179.827271,125,109,25,214,162,0,63,189,0,0,0,0,0,0,0,0
180.109894,180.059799,125,110,28,215,171,0,26,191,0,0,0,0,0,0,0,0
180.384613,180.293060,125,109,28,215,168,0,40,189,128,0,0,0,0,0,0,0
180.604401,180.526306,125,109,25,213,154,0,46,189,0,0,0,0,0,0,0,0
180.824173,180.759705,125,111,28,215,153,2,62,189,128,0,0,0,0,0,0,0
181.043961,180.993225,125,112,29,220,134,0,78,190,0,0,0,0,0,0,0,0
181.318680,181.225494,125,114,28,223,134,0,69,190,128,0,0,0,0,0,0,0
181.538467,181.458740,124,117,29,222,134,0,80,191,128,0,0,0,0,0,0,0
181.758240,181.692093,125,117,27,220,131,2,80,191,0,0,0,0,0,0,0,0
181.978027,181.925293,123,117,28,218,146,5,47,187,128,0,0,0,0,0,0,0
182.252747,182.157837,125,117,28,222,159,0,32,189,128,0,0,0,0,0,0,0
182.472534,182.391190,125,117,28,222,159,0,38,189,0,0,0,0,0,0,0,0
182.692307,182.624237,125,119,28,224,147,0,35,190,128,0,0,0,0,0,0,0
182.912094,182.857651,125,121,28,224,126,0,80,191,0,0,0,0,0,0,0,0
183.186813,183.090942,124,121,29,227,103,0,95,190,128,0,0,0,0,0,0,0
183.406601,183.323944,125,124,28,231,109,0,73,190,0,0,0,0,0,0,0,0
183.626373,183.556274,125,125,28,227,109,0,88,190,0,0,0,0,0,0,0,0
183.846161,183.789627,124,124,28,226,126,0,76,190,128,0,0,0,0,0,0,0
184.120880,184.022766,124,121,28,219,143,0,47,189,0,0,0,0,0,0,0,0
184.340652,184.255875,125,119,28,219,159,0,23,189,128,0,0,0,0,0,0,0
184.560440,184.488403,125,119,28,223,146,2,10,189,0,0,0,0,0,0,0,0
184.780212,184.721603,124,119,28,223,127,0,44,188,0,0,0,0,0,0,0,0
185.054947,184.954803,124,119,27,222,113,1,81,191,128,0,0,0,0,0,0,0
185.274719,185.188324,125,119,28,225,114,0,84,191,0,0,0,0,0,0,0,0
185.494507,185.421570,125,119,25,225,117,1,83,189,128,0,0,0,0,0,0,0
185.714279,185.654709,124,119,29,226,132,0,47,188,0,0,0,0,0,0,0,0
185.989014,185.887711,123,121,29,227,124,2,31,187,0,0,0,0,0,0,0,0
186.208786,186.120758,123,124,31,229,120,0,51,189,128,0,0,0,0,0,0,0
186.428574,186.353912,123,125,29,231,110,0,56,191,0,0,0,0,0,0,0,0
186.648346,186.587265,124,127,29,232,102,0,60,189,128,0,0,0,0,0,0,0
186.923080,186.820572,125,127,28,229,100,0,64,190,0,0,0,0,0,0,0,0
187.142853,187.052643,125,127,29,228,103,4,64,190,0,0,0,0,0,0,0,0
187.362640,187.285995,125,125,29,226,109,0,52,189,128,0,0,0,0,0,0,0
187.582413,187.518936,125,125,28,227,126,0,36,189,0,0,0,0,0,0,0,0
187.802200,187.752029,125,125,29,227,130,4,33,189,128,0,0,0,0,0,0,0
188.076920,187.984207,125,125,29,227,130,4,33,189,128,0,0,0,0,0,0,0
188.296707,188.216644,125,125,29,227,130,4,33,189,128,0,0,0,0,0,0,0
188.516479,188.451019,125,125,29,227,130,4,33,189,128,0,0,0,0,0,0,0
188.791214,188.692154,125,125,29,227,130,4,33,189,128,0,0,0,0,0,0,0
189.010986,188.933136,125,125,29,227,130,4,33,189,128,0,0,0,0,0,0,0
189.230774,189.174194,125,125,29,227,130,4,33,189,128,0,0,0,0,0,0,0
189.505493,189.415009,125,125,29,227,130,4,33,189,128,0,0,0,0,0,0,0
189.725281,189.655991,125,125,29,227,130,4,33,189,128,0,0,0,0,0,0,0
190.000000,189.897324,125,125,29,227,130,4,33,189,128,0,0,0,0,0,0,0
190.219788,190.138260,125,125,29,227,130,4,33,189,128,0,0,0,0,0,0,0
190.439560,190.379135,125,125,29,227,130,4,33,189,128,0,0,0,0,0,0,0
