0.000000,0.000000,120,253,121,255,21,201,64,182,0,0,0,0,0,0,0,0
0.494505,0.468452,120,253,119,255,21,202,64,182,0,0,0,0,0,0,0,0
0.934066,0.937566,120,253,119,255,21,202,59,181,0,0,0,0,0,0,0,0
1.428571,1.405246,120,253,119,255,21,201,59,181,128,0,0,0,0,0,0,0
1.868132,1.873902,120,253,117,255,21,202,56,181,128,0,0,0,0,0,0,0
2.362637,2.341430,120,253,117,255,21,202,55,181,0,0,0,0,0,0,0,0
2.802198,2.809828,120,253,117,255,21,202,54,183,0,0,0,0,0,0,0,0
3.296703,3.278480,117,253,117,255,21,202,51,184,0,0,0,0,0,0,0,0
3.736264,3.746213,121,253,117,255,21,202,55,184,128,0,0,0,0,0,0,0
4.230769,4.214560,120,253,117,255,21,202,56,184,128,0,0,0,0,0,0,0
4.670330,4.682291,120,253,117,255,21,202,62,184,0,0,0,0,0,0,0,0
5.164835,5.150896,120,253,117,255,21,202,55,184,0,0,0,0,0,0,0,0
5.604395,5.619242,120,253,113,255,21,202,56,181,0,0,0,0,0,0,0,0
6.098901,6.086974,120,253,113,255,21,201,64,182,128,0,0,0,0,0,0,0
6.538462,6.555425,121,253,113,255,21,202,64,182,128,0,0,0,0,0,0,0
7.032967,7.022902,120,253,113,255,21,202,54,184,0,0,0,0,0,0,0,0
7.472528,7.491452,120,253,113,255,21,202,64,182,0,0,0,0,0,0,0,0
7.967033,7.960158,120,253,113,255,21,201,59,184,0,0,0,0,0,0,0,0
8.461538,8.427737,120,253,113,255,21,202,64,185,128,0,0,0,0,0,0,0
8.901099,8.896288,120,253,112,255,21,201,66,182,128,0,0,0,0,0,0,0
9.395604,9.363920,120,253,112,255,21,202,54,181,0,0,0,0,0,0,0,0
9.835165,9.832367,120,253,112,255,21,201,51,184,0,0,0,0,0,0,0,0
10.329670,10.301228,120,253,112,255,21,202,55,184,0,0,0,0,0,0,0,0
10.769231,10.768602,120,253,109,255,21,201,51,184,128,0,0,0,0,0,0,0
11.263737,11.237155,120,253,109,255,21,202,62,183,128,0,0,0,0,0,0,0
11.703297,11.704631,120,253,109,255,21,202,56,184,0,0,0,0,0,0,0,0
12.197803,12.173081,120,253,108,255,21,202,56,181,0,0,0,0,0,0,0,0
12.637362,12.641734,120,253,108,255,21,202,55,184,0,0,0,0,0,0,0,0
13.131868,13.109056,120,253,108,255,21,202,56,182,128,0,0,0,0,0,0,0
13.571428,13.577506,121,253,108,255,21,202,58,181,128,0,0,0,0,0,0,0
14.065934,14.045086,120,253,108,255,21,202,62,181,0,0,0,0,0,0,0,0
14.505494,14.513686,120,253,108,255,21,202,54,184,0,0,0,0,0,0,0,0
15.000000,14.981729,121,253,105,255,21,202,55,181,0,0,0,0,0,0,0,0
15.439561,15.449970,120,253,103,255,21,202,55,181,128,0,0,0,0,0,0,0
15.934066,15.918574,121,253,103,255,21,201,56,184,128,0,0,0,0,0,0,0
16.373627,16.386103,120,253,101,255,21,202,56,181,128,0,0,0,0,0,0,0
16.868132,16.854244,120,253,101,255,21,201,51,181,0,0,0,0,0,0,0,0
17.307692,17.322643,120,253,103,255,21,201,60,181,0,0,0,0,0,0,0,0
17.802198,17.790323,120,253,103,255,21,202,52,181,128,0,0,0,0,0,0,0
18.296703,18.258875,120,253,101,255,21,201,66,182,128,0,0,0,0,0,0,0
18.736263,18.726404,121,253,101,255,21,201,56,184,128,0,0,0,0,0,0,0
19.230770,19.194904,120,253,101,255,21,202,64,182,0,0,0,0,0,0,0,0
19.670330,19.663713,120,253,101,255,21,201,58,181,0,0,0,0,0,0,0,0
20.164835,20.131290,120,253,101,255,21,201,55,184,128,0,0,0,0,0,0,0
20.604395,20.599997,120,253,100,255,21,202,55,183,128,0,0,0,0,0,0,0
21.098902,21.067678,120,253,95,255,21,202,58,184,128,0,0,0,0,0,0,0
21.538462,21.535873,117,253,97,255,21,202,62,181,0,0,0,0,0,0,0,0
22.032967,22.004734,120,253,95,255,21,201,64,182,0,0,0,0,0,0,0,0
22.472527,22.472208,120,253,95,255,21,202,64,181,128,0,0,0,0,0,0,0
22.967033,22.940861,120,253,95,255,21,202,54,184,128,0,0,0,0,0,0,0
23.406593,23.408337,120,253,95,255,21,201,64,182,128,0,0,0,0,0,0,0
23.901098,23.876635,120,253,93,255,21,202,59,181,0,0,0,0,0,0,0,0
24.340660,24.345596,120,253,93,255,21,201,54,181,0,0,0,0,0,0,0,0
24.835165,24.813225,117,253,93,255,21,201,55,181,128,0,0,0,0,0,0,0
25.274725,25.281523,120,253,93,255,21,201,51,184,128,0,0,0,0,0,0,0
25.769230,25.748793,120,253,93,255,21,201,55,184,0,0,0,0,0,0,0,0
26.208792,26.217407,120,253,93,255,21,201,64,182,0,0,0,0,0,0,0,0
26.703297,26.686359,120,253,93,255,21,201,56,181,0,0,0,0,0,0,0,0
27.142857,27.153934,120,253,92,255,21,201,58,184,128,0,0,0,0,0,0,0
27.637363,27.622334,120,253,93,255,21,201,62,184,128,0,0,0,0,0,0,0
28.131868,28.089708,120,253,92,255,21,201,59,184,128,0,0,0,0,0,0,0
28.571428,28.558002,117,253,89,255,21,202,58,181,0,0,0,0,0,0,0,0
29.065933,29.026455,120,253,92,255,21,201,55,181,0,0,0,0,0,0,0,0
29.505495,29.494032,120,253,92,255,21,202,55,184,128,0,0,0,0,0,0,0
30.000000,29.962429,120,253,87,255,21,202,64,182,128,0,0,0,0,0,0,0
30.439560,30.430265,120,253,89,255,21,202,58,181,128,0,0,0,0,0,0,0
30.934067,30.898664,120,253,87,255,21,202,51,183,0,0,0,0,0,0,0,0
31.373627,31.367012,120,253,87,255,21,202,55,184,0,0,0,0,0,0,0,0
31.868132,31.834591,120,253,89,255,21,202,62,181,128,0,0,0,0,0,0,0
32.307693,32.302986,120,253,87,255,21,201,64,179,128,0,0,0,0,0,0,0
32.802197,32.770771,120,253,85,255,21,202,66,182,0,0,0,0,0,0,0,0
33.241756,33.239376,120,253,87,255,21,201,66,182,0,0,0,0,0,0,0,0
33.736263,33.707775,120,253,87,255,21,202,64,182,0,0,0,0,0,0,0,0
34.175823,34.175198,120,253,87,255,21,202,55,182,128,0,0,0,0,0,0,0
34.670330,34.643749,120,253,85,255,21,201,50,184,128,0,0,0,0,0,0,0
35.109890,35.112148,121,253,85,255,21,201,56,184,128,0,0,0,0,0,0,0
35.604397,35.579781,120,253,85,255,21,202,51,181,0,0,0,0,0,0,0,0
36.043957,36.048176,120,253,85,255,21,201,52,181,0,0,0,0,0,0,0,0
36.538460,36.516064,120,253,85,255,21,202,54,181,128,0,0,0,0,0,0,0
36.978024,36.984463,120,253,85,255,21,202,55,183,128,0,0,0,0,0,0,0
37.472527,37.452961,120,253,85,255,21,202,51,183,128,0,0,0,0,0,0,0
37.912086,37.920540,120,253,85,255,21,201,62,184,0,0,0,0,0,0,0,0
38.406593,38.388939,117,253,85,255,21,202,58,181,0,0,0,0,0,0,0,0
38.901100,38.856567,117,253,85,255,21,201,66,182,128,0,0,0,0,0,0,0
39.340660,39.325119,120,253,85,255,21,202,66,182,128,0,0,0,0,0,0,0
39.835163,39.793823,120,253,85,255,21,201,64,182,128,0,0,0,0,0,0,0
40.274727,40.261250,120,253,81,255,21,201,59,181,0,0,0,0,0,0,0,0
40.769230,40.729904,120,253,81,255,21,202,56,181,0,0,0,0,0,0,0,0
41.208790,41.197536,120,253,81,255,21,201,55,184,128,0,0,0,0,0,0,0
41.703297,41.665936,120,253,81,255,21,201,51,181,128,0,0,0,0,0,0,0
42.142857,42.134533,117,253,81,255,21,201,55,181,128,0,0,0,0,0,0,0
42.637363,42.602116,121,253,81,255,21,200,55,183,0,0,0,0,0,0,0,0
43.076923,43.070869,120,253,81,255,21,201,58,184,0,0,0,0,0,0,0,0
43.571430,43.538300,120,253,81,255,21,201,58,181,128,0,0,0,0,0,0,0
44.010990,44.006699,121,253,81,255,21,201,59,181,128,0,0,0,0,0,0,0
44.505493,44.475452,120,253,81,255,21,202,55,184,128,0,0,0,0,0,0,0
44.945053,44.942825,120,253,81,255,21,201,64,182,0,0,0,0,0,0,0,0
45.439560,45.411018,120,253,81,255,21,202,54,181,0,0,0,0,0,0,0,0
45.879120,45.878750,117,253,79,255,21,200,54,181,128,0,0,0,0,0,0,0
46.373627,46.347050,120,253,79,255,21,200,58,181,128,0,0,0,0,0,0,0
46.813187,46.815548,117,253,77,255,21,202,58,184,128,0,0,0,0,0,0,0
47.307693,47.283333,117,253,77,255,21,201,64,182,0,0,0,0,0,0,0,0
47.747253,47.751629,117,253,77,255,21,200,55,181,0,0,0,0,0,0,0,0
48.241756,48.219513,120,253,77,255,21,202,51,184,128,0,0,0,0,0,0,0
48.736263,48.688065,117,253,77,255,21,201,51,181,128,0,0,0,0,0,0,0
49.175823,49.156616,117,253,76,255,21,200,56,181,128,0,0,0,0,0,0,0
49.670330,49.624451,117,253,77,255,21,200,51,181,0,0,0,0,0,0,0,0
50.109890,50.092899,117,253,77,255,21,200,55,181,0,0,0,0,0,0,0,0
50.604397,50.561451,117,253,76,255,21,200,55,181,0,0,0,0,0,0,0,0
51.043957,51.029083,117,253,73,255,21,201,62,181,128,0,0,0,0,0,0,0
51.538460,51.497688,117,252,76,255,21,200,54,181,128,0,0,0,0,0,0,0
51.978024,51.965111,117,253,71,255,21,201,58,181,0,0,0,0,0,0,0,0
52.472527,52.433357,117,252,71,255,21,200,58,181,0,0,0,0,0,0,0,0
52.912086,52.901703,120,253,71,255,21,201,55,181,0,0,0,0,0,0,0,0
53.406593,53.369244,117,253,71,255,21,201,58,181,128,0,0,0,0,0,0,0
53.846153,53.837116,120,253,72,255,21,201,55,181,128,0,0,0,0,0,0,0
54.340660,54.305775,117,253,71,255,21,201,56,181,0,0,0,0,0,0,0,0
54.780220,54.774372,120,253,69,255,21,200,56,181,0,0,0,0,0,0,0,0
55.274727,55.243080,120,253,69,255,21,201,55,181,0,0,0,0,0,0,0,0
55.714287,55.710709,117,253,69,255,21,201,56,181,128,0,0,0,0,0,0,0
56.208790,56.179520,120,253,69,255,21,201,59,181,128,0,0,0,0,0,0,0
56.648350,56.647099,120,253,69,255,21,201,51,181,0,0,0,0,0,0,0,0
57.142857,57.115749,117,253,68,255,21,200,51,181,0,0,0,0,0,0,0,0
57.582417,57.584354,117,252,69,255,21,201,58,181,0,0,0,0,0,0,0,0
58.076923,58.051727,117,253,68,255,21,201,51,181,128,0,0,0,0,0,0,0
58.571430,58.520023,117,253,69,255,21,201,62,181,128,0,0,0,0,0,0,0
59.010990,58.987553,120,253,68,255,21,200,54,181,0,0,0,0,0,0,0,0
59.505493,59.456051,117,252,68,255,21,200,60,181,0,0,0,0,0,0,0,0
59.945053,59.924553,117,253,68,255,21,201,55,181,0,0,0,0,0,0,0,0
60.439560,60.392132,120,252,65,255,21,201,54,181,128,0,0,0,0,0,0,0
60.879120,60.860786,117,252,68,255,21,200,58,181,128,0,0,0,0,0,0,0
61.373627,61.328671,117,253,69,255,21,200,51,184,128,0,0,0,0,0,0,0
61.813187,61.797222,120,253,68,255,21,201,55,181,0,0,0,0,0,0,0,0
62.307693,62.265877,117,252,65,255,21,201,58,181,0,0,0,0,0,0,0,0
62.747253,62.733505,120,252,68,255,21,201,64,179,128,0,0,0,0,0,0,0
63.241756,63.201958,117,253,68,255,21,201,64,179,128,0,0,0,0,0,0,0
63.681320,63.669796,117,253,68,255,21,200,64,178,128,0,0,0,0,0,0,0
64.175827,64.138039,117,253,68,255,21,200,55,184,0,0,0,0,0,0,0,0
64.615387,64.606590,117,253,68,255,21,201,64,181,0,0,0,0,0,0,0,0
65.109894,65.074013,120,253,68,255,21,201,62,181,128,0,0,0,0,0,0,0
65.549454,65.542923,117,253,65,255,21,201,58,181,128,0,0,0,0,0,0,0
66.043953,66.010757,120,253,68,255,21,200,56,181,128,0,0,0,0,0,0,0
66.483513,66.479057,120,253,68,255,21,201,51,184,0,0,0,0,0,0,0,0
66.978020,66.947762,117,253,65,255,21,200,55,181,0,0,0,0,0,0,0,0
67.417580,67.415184,120,253,65,255,21,201,48,184,128,0,0,0,0,0,0,0
67.912086,67.884048,120,253,68,255,21,201,50,181,128,0,0,0,0,0,0,0
68.406593,68.351830,120,253,65,255,21,201,48,181,128,0,0,0,0,0,0,0
68.846153,68.819916,120,253,65,255,21,201,54,181,0,0,0,0,0,0,0,0
69.340660,69.288727,117,253,68,255,21,200,58,181,0,0,0,0,0,0,0,0
69.780220,69.756355,117,253,65,255,21,200,55,181,128,0,0,0,0,0,0,0
70.274727,70.224907,117,252,68,255,21,200,55,181,128,0,0,0,0,0,0,0
70.714287,70.692337,120,252,65,255,21,200,55,181,128,0,0,0,0,0,0,0
71.208794,71.160477,117,253,68,255,21,200,62,181,0,0,0,0,0,0,0,0
71.648354,71.628876,117,253,65,255,21,201,58,181,0,0,0,0,0,0,0,0
72.142860,72.096611,117,253,65,255,21,201,66,179,128,0,0,0,0,0,0,0
72.582420,72.565315,120,252,65,255,21,200,56,181,128,0,0,0,0,0,0,0
73.076920,73.033096,117,253,69,255,21,201,54,181,128,0,0,0,0,0,0,0
73.516487,73.501389,117,253,65,255,21,201,58,181,0,0,0,0,0,0,0,0
74.010986,73.969788,117,253,68,255,21,200,56,181,0,0,0,0,0,0,0,0
74.450546,74.437729,117,253,69,255,21,200,55,181,128,0,0,0,0,0,0,0
74.945053,74.906281,117,253,69,255,21,200,51,181,128,0,0,0,0,0,0,0
75.384613,75.374214,117,253,65,255,21,201,59,184,0,0,0,0,0,0,0,0
75.879120,75.842514,120,253,68,255,21,201,62,181,0,0,0,0,0,0,0,0
76.318680,76.311317,120,253,69,255,21,202,55,178,0,0,0,0,0,0,0,0
76.813187,76.778847,120,253,69,255,21,202,66,182,128,0,0,0,0,0,0,0
77.252747,77.246994,120,253,68,255,21,201,62,184,128,0,0,0,0,0,0,0
77.747253,77.714874,120,253,65,255,21,201,59,184,128,0,0,0,0,0,0,0
78.241760,78.183327,120,253,68,255,21,201,62,181,0,0,0,0,0,0,0,0
78.681320,78.652084,120,253,68,255,21,201,66,182,0,0,0,0,0,0,0,0
79.175827,79.119659,120,253,69,255,21,202,59,184,128,0,0,0,0,0,0,0
79.615387,79.587852,120,253,68,255,21,201,62,184,128,0,0,0,0,0,0,0
80.109894,80.056664,117,253,69,255,21,202,55,181,128,0,0,0,0,0,0,0
80.549454,80.524139,120,253,69,255,21,201,55,184,0,0,0,0,0,0,0,0
81.043953,80.992943,120,253,69,255,21,200,64,182,0,0,0,0,0,0,0,0
81.483513,81.460472,120,253,65,255,21,202,55,181,128,0,0,0,0,0,0,0
81.978020,81.928818,120,253,68,255,21,201,66,182,128,0,0,0,0,0,0,0
82.417580,82.397575,117,253,65,255,21,202,62,181,128,0,0,0,0,0,0,0
82.912086,82.865059,120,253,69,255,21,200,56,181,0,0,0,0,0,0,0,0
83.351646,83.333450,120,253,68,255,21,201,56,181,0,0,0,0,0,0,0,0
83.846153,83.801285,120,253,68,255,21,201,56,181,128,0,0,0,0,0,0,0
84.285713,84.269638,120,253,67,255,21,201,55,181,128,0,0,0,0,0,0,0
84.780220,84.738441,120,253,68,255,21,201,58,181,128,0,0,0,0,0,0,0
85.219780,85.205917,120,253,65,255,21,202,55,181,0,0,0,0,0,0,0,0
85.714287,85.674316,120,253,65,255,21,201,64,181,0,0,0,0,0,0,0,0
86.153847,86.142662,117,253,68,255,21,200,58,181,128,0,0,0,0,0,0,0
86.648354,86.611168,120,253,65,255,21,202,54,181,128,0,0,0,0,0,0,0
87.142860,87.079773,120,253,65,255,21,201,64,182,128,0,0,0,0,0,0,0
87.582420,87.547600,120,253,65,255,21,201,62,181,0,0,0,0,0,0,0,0
88.076920,88.015999,121,253,65,255,21,202,64,182,0,0,0,0,0,0,0,0
88.516487,88.483482,117,253,65,255,21,200,66,178,128,0,0,0,0,0,0,0
89.010986,88.951874,120,253,65,255,21,201,55,181,128,0,0,0,0,0,0,0
89.450546,89.420532,117,253,65,255,21,202,55,181,128,0,0,0,0,0,0,0
89.945053,89.888062,117,253,65,255,21,202,51,184,0,0,0,0,0,0,0,0
90.384613,90.356506,120,253,61,255,21,200,51,181,0,0,0,0,0,0,0,0
90.879120,90.824440,120,253,64,255,21,201,56,184,128,0,0,0,0,0,0,0
91.318680,91.293198,120,253,65,255,21,200,58,181,128,0,0,0,0,0,0,0
91.813187,91.761444,117,253,64,255,21,201,55,181,128,0,0,0,0,0,0,0
92.252747,92.229233,120,253,61,255,21,200,58,181,0,0,0,0,0,0,0,0
92.747253,92.697990,117,253,64,255,21,200,62,181,0,0,0,0,0,0,0,0
93.186813,93.165771,120,253,61,255,21,201,66,182,0,0,0,0,0,0,0,0
93.681320,93.634323,120,253,61,255,21,200,64,182,128,0,0,0,0,0,0,0
94.120880,94.103180,120,253,61,255,21,201,60,181,128,0,0,0,0,0,0,0
94.615387,94.571068,117,253,61,255,21,200,55,184,0,0,0,0,0,0,0,0
95.054947,95.039719,120,253,61,255,21,201,55,181,0,0,0,0,0,0,0,0
95.549454,95.507195,120,253,61,255,21,201,58,181,0,0,0,0,0,0,0,0
95.989014,95.975494,117,253,57,255,21,200,66,179,128,0,0,0,0,0,0,0
96.483513,96.444145,117,253,61,255,21,201,64,179,128,0,0,0,0,0,0,0
96.978020,96.911880,120,253,60,255,21,202,64,179,0,0,0,0,0,0,0,0
97.417580,97.380379,117,253,57,255,21,201,56,181,0,0,0,0,0,0,0,0
97.912086,97.847961,117,253,57,255,21,202,64,178,0,0,0,0,0,0,0,0
98.351646,98.316666,120,253,55,255,21,201,58,181,128,0,0,0,0,0,0,0
98.846153,98.785217,117,253,57,255,21,201,55,184,128,0,0,0,0,0,0,0
99.285713,99.253052,120,253,55,255,21,201,58,184,0,0,0,0,0,0,0,0
99.780220,99.721703,117,253,57,255,21,200,54,181,0,0,0,0,0,0,0,0
100.219780,100.189537,117,253,55,255,21,200,50,181,0,0,0,0,0,0,0,0
100.714287,100.658348,120,253,53,255,21,201,54,181,128,0,0,0,0,0,0,0
101.153847,101.126595,117,253,55,255,21,200,55,184,128,0,0,0,0,0,0,0
101.648354,101.594170,120,252,55,255,21,201,55,181,0,0,0,0,0,0,0,0
102.087914,102.062775,120,253,53,255,21,201,58,181,0,0,0,0,0,0,0,0
102.582420,102.530205,117,253,53,255,21,201,55,181,0,0,0,0,0,0,0,0
103.021980,102.998749,120,253,53,255,21,201,58,181,128,0,0,0,0,0,0,0
103.516487,103.467094,117,253,53,255,21,200,58,181,128,0,0,0,0,0,0,0
103.956047,103.934624,120,253,55,255,21,200,64,179,0,0,0,0,0,0,0,0
104.450546,104.403336,120,253,53,255,21,201,52,181,0,0,0,0,0,0,0,0
104.890106,104.870911,117,252,53,255,21,201,55,184,0,0,0,0,0,0,0,0
105.384613,105.339668,117,253,53,255,21,201,66,179,128,0,0,0,0,0,0,0
105.824173,105.807297,120,253,53,255,21,201,59,181,128,0,0,0,0,0,0,0
106.318680,106.275902,117,253,52,255,21,201,62,181,0,0,0,0,0,0,0,0
106.813187,106.744812,117,252,53,255,21,201,54,181,0,0,0,0,0,0,0,0
107.252747,107.212288,117,253,52,255,21,200,55,181,0,0,0,0,0,0,0,0
107.747253,107.680992,117,252,53,255,21,201,52,181,128,0,0,0,0,0,0,0
108.186813,108.149445,117,253,52,255,21,201,55,181,128,0,0,0,0,0,0,0
108.681320,108.616768,117,253,49,255,21,200,62,181,0,0,0,0,0,0,0,0
109.120880,109.085518,117,253,49,255,21,201,56,181,0,0,0,0,0,0,0,0
109.615387,109.552994,120,253,49,255,21,200,66,179,0,0,0,0,0,0,0,0
110.054947,110.021599,117,253,49,255,21,201,64,178,128,0,0,0,0,0,0,0
110.549454,110.489944,117,252,49,255,21,200,58,181,128,0,0,0,0,0,0,0
110.989014,110.957581,120,253,52,255,21,201,62,181,0,0,0,0,0,0,0,0
111.483513,111.426178,117,253,49,255,21,200,54,181,0,0,0,0,0,0,0,0
111.923080,111.893608,117,253,49,255,21,200,52,181,0,0,0,0,0,0,0,0
112.417580,112.362366,117,252,49,255,21,201,50,181,128,0,0,0,0,0,0,0
112.857140,112.831070,117,252,49,255,21,201,55,181,128,0,0,0,0,0,0,0
113.351646,113.298798,117,252,49,255,21,200,54,181,0,0,0,0,0,0,0,0
113.791206,113.767349,117,252,49,255,21,200,56,181,0,0,0,0,0,0,0,0
114.285713,114.235802,120,253,49,255,21,201,55,181,0,0,0,0,0,0,0,0
114.725273,114.703331,117,252,49,255,21,201,56,181,128,0,0,0,0,0,0,0
115.219780,115.171982,117,252,49,255,21,201,55,181,128,0,0,0,0,0,0,0
115.659340,115.639511,120,253,49,255,21,201,62,181,0,0,0,0,0,0,0,0
116.153847,116.107857,117,253,48,255,21,200,54,181,0,0,0,0,0,0,0,0
116.648354,116.576256,117,252,47,255,21,201,64,179,0,0,0,0,0,0,0,0
117.087914,117.043884,117,253,49,255,21,201,58,181,128,0,0,0,0,0,0,0
117.582420,117.512489,117,253,49,255,21,201,64,178,128,0,0,0,0,0,0,0
118.021980,117.980835,117,253,48,255,21,201,59,181,0,0,0,0,0,0,0,0
118.516487,118.448616,117,253,49,255,21,201,56,179,128,0,0,0,0,0,0,0
118.956047,118.916862,117,252,48,255,21,200,58,181,128,0,0,0,0,0,0,0
119.450546,119.384338,117,253,49,255,21,200,51,181,0,0,0,0,0,0,0,0
119.890106,119.852890,117,253,49,255,21,201,58,181,0,0,0,0,0,0,0,0
120.384613,120.320526,120,253,49,255,21,200,58,181,128,0,0,0,0,0,0,0
120.824173,120.789177,117,253,49,255,21,200,54,181,128,0,0,0,0,0,0,0
121.318680,121.257423,117,253,48,255,21,199,55,181,128,0,0,0,0,0,0,0
121.758240,121.724953,117,253,52,255,21,200,64,179,0,0,0,0,0,0,0,0
122.252747,122.193710,117,253,52,255,21,200,66,179,0,0,0,0,0,0,0,0
122.692307,122.661438,117,253,49,255,21,201,64,178,128,0,0,0,0,0,0,0
123.186813,123.129936,117,252,49,255,21,201,58,181,128,0,0,0,0,0,0,0
123.626373,123.598335,117,252,49,255,21,200,59,181,128,0,0,0,0,0,0,0
124.120880,124.065765,117,253,49,255,21,199,50,181,0,0,0,0,0,0,0,0
124.560440,124.534111,117,252,49,255,21,200,51,181,0,0,0,0,0,0,0,0
125.054947,125.001945,117,253,52,255,21,201,55,181,128,0,0,0,0,0,0,0
125.494507,125.470291,117,253,52,255,21,201,55,181,128,0,0,0,0,0,0,0
125.989014,125.937973,117,252,49,255,21,200,54,181,0,0,0,0,0,0,0,0
126.483513,126.406937,117,253,52,255,21,201,66,178,0,0,0,0,0,0,0,0
126.923080,126.874825,117,253,49,255,21,200,62,181,128,0,0,0,0,0,0,0
127.417580,127.343323,117,253,49,255,21,200,55,181,128,0,0,0,0,0,0,0
127.857140,127.812027,117,253,49,255,21,200,51,181,128,0,0,0,0,0,0,0
128.351654,128.279663,120,253,49,255,21,200,55,181,0,0,0,0,0,0,0,0
128.791214,128.748367,117,253,49,255,21,200,50,181,0,0,0,0,0,0,0,0
129.285721,129.215942,117,253,49,255,21,201,58,181,128,0,0,0,0,0,0,0
129.725281,129.684341,120,253,49,255,21,201,56,181,128,0,0,0,0,0,0,0
130.219788,130.153091,117,253,49,255,21,200,51,181,128,0,0,0,0,0,0,0
130.659348,130.620575,120,253,48,255,21,199,50,181,0,0,0,0,0,0,0,0
131.153839,131.089020,117,253,48,255,21,201,62,181,0,0,0,0,0,0,0,0
131.593399,131.556656,117,253,49,255,21,200,55,181,128,0,0,0,0,0,0,0
132.087906,132.025146,117,253,49,255,21,200,67,178,128,0,0,0,0,0,0,0
132.527466,132.493759,120,252,48,255,21,200,59,181,128,0,0,0,0,0,0,0
133.021973,132.961136,117,252,48,255,21,200,58,181,0,0,0,0,0,0,0,0
133.461533,133.429535,117,253,48,255,21,199,64,179,0,0,0,0,0,0,0,0
133.956039,133.897614,117,253,49,255,21,200,64,179,0,0,0,0,0,0,0,0
134.395599,134.366074,117,252,48,255,21,200,55,181,128,0,0,0,0,0,0,0
134.890106,134.834671,117,252,49,255,21,201,54,181,128,0,0,0,0,0,0,0
135.329666,135.302200,117,253,47,255,21,200,58,181,0,0,0,0,0,0,0,0
135.824173,135.770752,117,252,45,255,21,200,64,179,0,0,0,0,0,0,0,0
136.318680,136.238632,117,253,45,255,21,201,58,181,0,0,0,0,0,0,0,0
136.758240,136.707031,117,252,45,255,21,200,58,181,128,0,0,0,0,0,0,0
137.252747,137.175583,117,253,48,255,21,200,62,179,128,0,0,0,0,0,0,0
137.692307,137.643311,117,253,45,255,21,200,66,179,0,0,0,0,0,0,0,0
138.186813,138.111557,120,252,45,255,21,200,64,179,0,0,0,0,0,0,0,0
138.626373,138.579346,117,253,45,255,21,201,54,181,128,0,0,0,0,0,0,0
139.120880,139.048111,117,253,44,255,21,200,50,181,128,0,0,0,0,0,0,0
139.560440,139.516602,117,253,44,255,21,199,64,179,128,0,0,0,0,0,0,0
140.054947,139.984085,117,253,39,255,21,200,55,181,0,0,0,0,0,0,0,0
140.494507,140.452423,117,252,39,255,21,199,55,181,0,0,0,0,0,0,0,0
140.989014,140.920258,117,252,39,255,21,199,59,181,0,0,0,0,0,0,0,0
141.428574,141.388870,117,252,39,255,21,200,51,181,128,0,0,0,0,0,0,0
141.923080,141.856857,117,252,37,255,21,200,62,181,0,0,0,0,0,0,0,0
142.362640,142.325607,117,241,37,255,21,200,64,178,0,0,0,0,0,0,0,0
142.857147,142.794312,117,231,38,255,21,200,62,181,0,0,0,0,0,0,0,0
143.296707,143.261642,117,229,38,255,21,200,55,181,0,0,0,0,0,0,0,0
143.791214,143.729935,117,228,36,255,21,200,64,178,128,0,0,0,0,0,0,0
144.230774,144.198532,117,221,35,255,21,200,50,181,128,0,0,0,0,0,0,0
144.725281,144.666168,117,213,35,255,21,201,59,181,0,0,0,0,0,0,0,0
145.164841,145.135025,117,212,35,255,21,201,66,179,0,0,0,0,0,0,0,0
145.659348,145.602661,117,205,34,255,21,200,48,181,0,0,0,0,0,0,0,0
146.153839,146.070694,117,197,34,255,21,200,54,181,128,0,0,0,0,0,0,0
146.593399,146.538376,117,197,34,255,21,200,51,181,128,0,0,0,0,0,0,0
147.087906,147.006256,117,189,33,255,21,200,55,181,0,0,0,0,0,0,0,0
147.527466,147.473587,117,185,31,255,21,200,54,181,0,0,0,0,0,0,0,0
148.021973,147.940964,117,181,31,255,21,200,55,181,0,0,0,0,0,0,0,0
148.461533,148.408340,117,176,29,255,21,200,55,181,128,0,0,0,0,0,0,0
148.956039,148.875412,117,173,30,255,21,199,54,181,128,0,0,0,0,0,0,0
149.395599,149.342056,117,173,28,255,21,200,51,181,0,0,0,0,0,0,0,0
149.890106,149.809433,117,165,30,255,21,200,56,181,0,0,0,0,0,0,0,0
150.329666,150.275940,117,165,28,255,21,199,51,181,128,0,0,0,0,0,0,0
150.824173,150.743057,117,161,28,255,21,200,56,181,128,0,0,0,0,0,0,0
151.263733,151.210327,117,157,30,255,21,200,54,181,128,0,0,0,0,0,0,0
151.758240,151.676376,117,151,27,255,29,199,54,181,0,0,0,0,0,0,0,0
152.197800,152.142258,117,151,27,251,29,199,50,181,0,0,0,0,0,0,0,0
152.692307,152.606415,117,148,27,250,49,201,46,180,128,0,0,0,0,0,0,0
153.131866,153.071579,117,149,27,251,49,200,38,180,128,0,0,0,0,0,0,0
153.571426,153.535889,117,149,27,251,49,200,46,180,0,0,0,0,0,0,0,0
154.065933,154.001419,117,149,27,255,49,200,51,181,0,0,0,0,0,0,0,0
154.505493,154.467926,117,157,30,255,49,200,54,181,0,0,0,0,0,0,0,0
155.000000,154.934372,117,161,28,255,49,200,64,178,0,0,0,0,0,0,0,0
155.439560,155.401337,117,165,28,255,49,200,64,178,128,0,0,0,0,0,0,0
155.934067,155.868759,117,167,30,255,49,200,66,179,128,0,0,0,0,0,0,0
156.373627,156.335526,117,173,30,255,49,200,58,181,0,0,0,0,0,0,0,0
156.868134,156.803207,117,177,31,255,49,200,66,179,0,0,0,0,0,0,0,0
157.307693,157.269806,117,177,33,255,49,200,56,181,128,0,0,0,0,0,0,0
157.802200,157.736771,117,177,31,255,49,197,64,178,128,0,0,0,0,0,0,0
158.241760,158.204361,117,181,31,255,49,200,54,181,128,0,0,0,0,0,0,0
158.736267,158.670853,120,181,31,255,49,197,58,181,0,0,0,0,0,0,0,0
159.175827,159.138596,117,181,29,255,49,197,59,181,0,0,0,0,0,0,0,0
159.670334,159.605560,117,180,29,255,49,200,58,181,0,0,0,0,0,0,0,0
160.109894,160.072769,117,177,31,255,49,200,55,181,128,0,0,0,0,0,0,0
160.604401,160.540359,117,180,31,255,49,200,59,181,128,0,0,0,0,0,0,0
161.043961,161.006653,117,181,33,254,49,200,66,178,0,0,0,0,0,0,0,0
161.538467,161.474380,117,181,29,255,49,197,62,181,0,0,0,0,0,0,0,0
161.978027,161.941040,117,181,33,255,49,200,51,181,128,0,0,0,0,0,0,0
162.472534,162.408371,117,176,31,255,49,197,51,181,128,0,0,0,0,0,0,0
162.912094,162.876053,117,173,29,255,49,200,51,181,128,0,0,0,0,0,0,0
163.406601,163.342148,117,173,31,255,49,200,64,178,0,0,0,0,0,0,0,0
163.846161,163.808746,117,173,28,255,49,197,64,178,0,0,0,0,0,0,0,0
164.340652,164.275864,117,173,29,255,49,200,54,181,128,0,0,0,0,0,0,0
164.780212,164.743286,117,173,31,255,49,197,50,181,128,0,0,0,0,0,0,0
165.274719,165.210571,117,172,30,255,49,200,58,181,128,0,0,0,0,0,0,0
165.714279,165.676971,117,165,28,255,49,200,58,181,0,0,0,0,0,0,0,0
166.208786,166.144394,117,164,30,255,49,197,58,181,0,0,0,0,0,0,0,0
166.648346,166.611145,117,164,30,255,49,197,54,181,128,0,0,0,0,0,0,0
167.142853,167.078262,117,161,28,255,49,200,54,181,128,0,0,0,0,0,0,0
167.637360,167.545700,117,165,28,255,49,197,62,181,128,0,0,0,0,0,0,0
168.076920,168.012100,117,161,29,255,49,200,64,178,0,0,0,0,0,0,0,0
168.516479,168.478500,117,149,27,251,49,200,58,181,0,0,0,0,0,0,0,0
169.010986,168.942856,117,149,30,251,52,201,52,180,128,0,0,0,0,0,0,0
169.450546,169.407928,117,149,27,251,53,200,50,181,128,0,0,0,0,0,0,0
169.945053,169.872833,117,149,27,251,53,200,50,181,128,0,0,0,0,0,0,0
170.384613,170.338013,117,148,27,249,53,201,58,181,0,0,0,0,0,0,0,0
170.879120,170.802826,117,145,27,249,53,200,54,181,0,0,0,0,0,0,0,0
171.318680,171.266922,117,148,30,248,53,200,55,181,128,0,0,0,0,0,0,0
171.813187,171.732147,117,145,27,250,53,200,51,181,128,0,0,0,0,0,0,0
172.252747,172.196915,117,145,27,249,53,200,55,181,128,0,0,0,0,0,0,0
172.747253,172.661926,117,145,27,251,53,200,62,181,0,0,0,0,0,0,0,0
173.186813,173.126389,117,149,30,251,53,200,55,180,0,0,0,0,0,0,0,0
173.681320,173.592728,117,149,27,255,53,197,58,180,128,0,0,0,0,0,0,0
174.120880,174.059143,117,149,27,255,53,200,48,181,128,0,0,0,0,0,0,0
174.615387,174.524261,117,149,30,251,53,200,51,181,128,0,0,0,0,0,0,0
175.054947,174.989487,117,149,27,251,53,200,58,180,0,0,0,0,0,0,0,0
175.549454,175.455887,117,149,27,255,53,197,55,181,0,0,0,0,0,0,0,0
175.989014,175.922028,117,157,30,255,53,200,54,180,128,0,0,0,0,0,0,0
176.483521,176.388992,117,160,28,255,53,200,56,181,128,0,0,0,0,0,0,0
176.923080,176.855042,117,153,27,255,53,200,50,181,128,0,0,0,0,0,0,0
177.362640,177.321640,117,151,30,255,53,201,54,181,0,0,0,0,0,0,0,0
177.857147,177.788712,117,157,31,255,53,197,51,181,0,0,0,0,0,0,0,0
178.296707,178.255630,117,156,27,255,53,200,55,181,128,0,0,0,0,0,0,0
178.791214,178.723099,117,151,31,255,53,200,54,181,128,0,0,0,0,0,0,0
179.230774,179.188782,117,157,30,255,53,200,55,181,0,0,0,0,0,0,0,0
179.725281,179.655960,117,160,30,255,53,200,54,181,0,0,0,0,0,0,0,0
180.164841,180.122772,117,161,29,255,53,200,50,180,0,0,0,0,0,0,0,0
180.659348,180.590302,117,161,28,255,53,197,66,179,128,0,0,0,0,0,0,0
181.153839,181.057816,117,165,28,255,53,197,55,181,128,0,0,0,0,0,0,0
181.593399,181.524429,117,165,28,255,53,200,62,181,0,0,0,0,0,0,0,0
182.087906,181.991653,117,165,28,255,53,200,64,179,0,0,0,0,0,0,0,0
182.527466,182.459534,117,167,28,255,53,200,66,178,0,0,0,0,0,0,0,0
183.021973,182.926041,117,172,31,255,53,200,64,181,128,0,0,0,0,0,0,0
183.461533,183.393677,117,177,29,255,53,200,64,179,128,0,0,0,0,0,0,0
183.956039,183.859970,117,173,28,255,53,200,58,181,0,0,0,0,0,0,0,0
184.395599,184.327240,117,165,28,255,53,200,55,181,0,0,0,0,0,0,0,0
184.890106,184.795120,117,167,28,255,53,200,58,181,0,0,0,0,0,0,0,0
185.329666,185.261581,117,172,30,255,53,200,54,181,128,0,0,0,0,0,0,0
185.824173,185.728790,117,173,30,255,53,197,55,181,128,0,0,0,0,0,0,0
186.263733,186.195053,117,169,28,214,0,200,56,181,0,0,0,0,0,0,0,0
186.758240,186.662582,117,172,28,255,53,197,67,178,0,0,0,0,0,0,0,0
187.197800,187.130051,117,172,29,255,53,197,66,179,0,0,0,0,0,0,0,0
187.692307,187.596970,117,165,30,255,53,200,62,181,128,0,0,0,0,0,0,0
188.131866,188.064499,117,167,31,255,53,201,55,181,128,0,0,0,0,0,0,0
188.626373,188.530594,117,167,30,255,53,200,56,181,128,0,0,0,0,0,0,0
189.065933,188.998322,117,172,28,255,53,200,56,181,0,0,0,0,0,0,0,0
189.560440,189.465485,117,167,31,255,53,200,55,181,0,0,0,0,0,0,0,0
190.000000,189.932144,117,167,30,255,53,197,64,178,128,0,0,0,0,0,0,0
190.494507,190.399323,117,173,31,255,53,200,55,181,128,0,0,0,0,0,0,0
190.934067,190.866028,117,172,28,255,53,200,58,181,128,0,0,0,0,0,0,0
191.428574,191.333191,117,167,30,255,53,200,51,181,0,0,0,0,0,0,0,0
191.868134,191.800720,117,164,28,255,53,197,50,181,0,0,0,0,0,0,0,0
192.362640,192.266861,117,165,30,255,53,200,55,181,128,0,0,0,0,0,0,0
192.802200,192.734695,117,165,28,255,53,200,55,181,128,0,0,0,0,0,0,0
193.296707,193.200943,117,173,28,255,53,200,56,181,128,0,0,0,0,0,0,0
193.736267,193.668472,117,169,28,255,53,197,54,181,0,0,0,0,0,0,0,0
194.230774,194.135696,117,165,28,255,53,197,58,181,0,0,0,0,0,0,0,0
194.670334,194.602402,117,165,29,255,53,200,59,180,128,0,0,0,0,0,0,0
195.164841,195.069778,117,165,28,255,53,200,62,181,128,0,0,0,0,0,0,0
195.604401,195.536133,117,165,28,255,53,197,62,181,0,0,0,0,0,0,0,0
196.098907,196.003815,117,165,29,255,53,200,58,181,0,0,0,0,0,0,0,0
196.538467,196.469955,117,165,28,255,53,197,56,180,0,0,0,0,0,0,0,0
197.032974,196.937332,117,165,29,255,53,200,48,181,128,0,0,0,0,0,0,0
197.472534,197.404816,117,165,28,255,53,197,58,181,128,0,0,0,0,0,0,0
197.967026,197.871674,117,165,29,255,53,197,55,180,0,0,0,0,0,0,0,0
198.406601,198.338745,117,165,30,255,53,200,56,181,0,0,0,0,0,0,0,0
198.901093,198.806107,117,165,29,255,53,197,58,181,0,0,0,0,0,0,0,0
199.340652,199.272766,117,161,28,255,53,200,59,180,128,0,0,0,0,0,0,0
199.835159,199.740341,117,161,28,255,53,197,62,181,128,0,0,0,0,0,0,0
200.274719,200.207214,117,161,28,255,53,197,58,181,0,0,0,0,0,0,0,0
200.769226,200.674332,117,161,28,255,53,200,51,181,0,0,0,0,0,0,0,0
201.208786,201.141754,117,161,30,255,53,200,50,181,0,0,0,0,0,0,0,0
201.703293,201.607803,117,161,28,255,53,200,50,181,128,0,0,0,0,0,0,0
202.142853,202.075012,117,164,30,255,53,200,51,180,128,0,0,0,0,0,0,0
202.637360,202.541733,117,165,30,255,53,197,62,180,0,0,0,0,0,0,0,0
203.076920,203.008942,117,165,29,255,53,197,54,181,0,0,0,0,0,0,0,0
203.571426,203.476379,117,165,28,255,53,197,62,180,0,0,0,0,0,0,0,0
204.010986,203.942780,117,165,30,255,53,200,55,181,128,0,0,0,0,0,0,0
204.505493,204.410355,117,164,28,255,53,200,54,181,128,0,0,0,0,0,0,0
204.945053,204.876907,117,165,28,255,53,197,51,181,128,0,0,0,0,0,0,0
205.439560,205.344131,117,165,30,255,53,200,58,181,0,0,0,0,0,0,0,0
205.879120,205.811600,117,165,30,255,53,197,54,181,0,0,0,0,0,0,0,0
206.373627,206.278061,117,161,28,255,53,200,54,181,128,0,0,0,0,0,0,0
206.813187,206.746002,117,164,30,255,53,200,55,181,128,0,0,0,0,0,0,0
207.307693,207.212662,117,165,29,255,53,197,58,181,128,0,0,0,0,0,0,0
207.747253,207.679825,117,165,28,255,53,197,66,178,0,0,0,0,0,0,0,0
208.241760,208.147461,117,165,30,255,53,200,50,181,0,0,0,0,0,0,0,0
208.681320,208.614059,117,161,28,255,53,197,62,180,128,0,0,0,0,0,0,0
209.175827,209.081635,117,160,29,255,53,197,64,178,128,0,0,0,0,0,0,0
209.615387,209.548508,117,151,30,255,53,200,62,181,128,0,0,0,0,0,0,0
210.109894,210.015518,117,153,27,255,53,200,64,178,0,0,0,0,0,0,0,0
210.549454,210.481461,117,151,27,251,53,200,62,181,0,0,0,0,0,0,0,0
211.043961,210.946060,117,148,27,249,53,200,54,180,128,0,0,0,0,0,0,0
211.483521,211.410980,117,144,27,243,65,191,57,181,128,0,0,0,0,0,0,0
211.978027,211.875183,117,145,30,251,64,195,51,177,0,0,0,0,0,0,0,0
212.417587,212.340607,117,144,31,248,33,196,75,178,0,0,0,0,0,0,0,0
212.912094,212.805832,117,141,26,239,48,197,58,180,0,0,0,0,0,0,0,0
213.351654,213.270248,117,135,26,239,84,195,34,180,128,0,0,0,0,0,0,0
213.791214,213.735153,117,140,26,243,64,194,42,180,128,0,0,0,0,0,0,0
214.285721,214.199463,117,140,26,243,37,196,74,178,0,0,0,0,0,0,0,0
214.725281,214.664581,117,135,26,239,56,196,65,178,0,0,0,0,0,0,0,0
215.219788,215.129700,117,135,26,239,80,191,37,176,0,0,0,0,0,0,0,0
215.659348,215.594421,116,135,26,239,77,193,50,177,128,0,0,0,0,0,0,0
216.153839,216.058716,117,141,26,249,37,196,74,178,128,0,0,0,0,0,0,0
216.593399,216.523788,117,141,26,243,37,196,70,178,0,0,0,0,0,0,0,0
217.087906,216.988968,117,140,26,239,65,196,58,180,0,0,0,0,0,0,0,0
217.527466,217.452957,117,135,26,235,92,195,27,179,0,0,0,0,0,0,0,0
218.021973,217.917969,117,133,27,235,84,191,40,180,128,0,0,0,0,0,0,0
218.461533,218.383102,117,135,26,243,61,197,66,178,128,0,0,0,0,0,0,0
218.956039,218.847351,117,141,27,250,44,196,80,179,0,0,0,0,0,0,0,0
219.395599,219.312622,117,145,27,251,44,196,59,178,0,0,0,0,0,0,0,0
219.835159,219.777023,117,145,27,247,55,197,50,177,128,0,0,0,0,0,0,0
220.329666,220.242096,117,137,26,239,80,195,34,180,128,0,0,0,0,0,0,0
220.769226,220.707321,117,137,26,235,84,195,31,176,128,0,0,0,0,0,0,0
221.263733,221.171219,117,140,27,249,64,195,66,178,0,0,0,0,0,0,0,0
221.703293,221.635620,117,141,26,246,45,196,82,179,0,0,0,0,0,0,0,0
222.197800,222.100800,117,141,26,243,63,197,58,181,128,0,0,0,0,0,0,0
222.637360,222.565811,116,135,26,235,80,195,33,180,128,0,0,0,0,0,0,0
223.131866,223.030991,116,133,26,239,84,194,44,175,128,0,0,0,0,0,0,0
223.571426,223.495026,117,133,26,235,68,198,64,178,0,0,0,0,0,0,0,0
224.065933,223.960007,117,133,26,235,76,195,58,180,0,0,0,0,0,0,0,0
224.505493,224.424500,117,133,26,238,81,195,54,181,128,0,0,0,0,0,0,0
225.000000,224.889481,116,133,26,245,70,195,50,180,128,0,0,0,0,0,0,0
225.439560,225.354294,117,141,26,251,45,197,79,178,128,0,0,0,0,0,0,0
225.879120,225.818436,116,144,27,243,37,196,86,178,0,0,0,0,0,0,0,0
226.373627,226.283661,117,140,27,235,84,195,35,176,0,0,0,0,0,0,0,0
226.813187,226.747711,117,133,26,234,108,196,27,179,128,0,0,0,0,0,0,0
227.307693,227.212982,117,132,26,233,93,195,38,177,128,0,0,0,0,0,0,0
227.747253,227.677292,117,133,24,239,72,195,64,178,128,0,0,0,0,0,0,0
228.241760,228.142456,117,135,26,239,54,197,82,178,0,0,0,0,0,0,0,0
228.681320,228.607529,117,133,26,234,68,191,68,178,0,0,0,0,0,0,0,0
229.175827,229.072189,117,132,26,233,95,193,35,177,128,0,0,0,0,0,0,0
229.615387,229.537613,116,127,25,227,108,196,46,175,128,0,0,0,0,0,0,0
230.109894,230.002182,117,125,23,227,103,196,43,180,0,0,0,0,0,0,0,0
230.549454,230.467148,117,127,23,238,86,191,65,178,0,0,0,0,0,0,0,0
231.043961,230.932266,117,133,26,235,69,191,69,178,0,0,0,0,0,0,0,0
231.483521,231.396576,117,132,26,234,84,195,59,175,128,0,0,0,0,0,0,0
231.923080,231.861801,117,129,24,233,113,197,42,180,128,0,0,0,0,0,0,0
232.417587,232.326050,117,127,23,233,108,190,55,177,0,0,0,0,0,0,0,0
232.857147,232.790909,117,127,23,231,85,191,67,178,0,0,0,0,0,0,0,0
233.351654,233.256027,117,132,26,235,95,195,55,181,0,0,0,0,0,0,0,0
233.791214,233.720078,117,133,24,235,92,195,58,181,128,0,0,0,0,0,0,0
234.285721,234.185349,117,129,26,230,84,195,62,177,128,0,0,0,0,0,0,0
234.725281,234.649765,117,121,23,219,127,197,26,179,0,0,0,0,0,0,0,0
235.219788,235.114777,117,119,23,227,140,194,22,179,0,0,0,0,0,0,0,0
235.659348,235.580200,116,125,23,234,71,196,86,179,0,0,0,0,0,0,0,0
236.153839,236.044205,117,127,29,233,60,191,100,180,128,0,0,0,0,0,0,0
236.593399,236.509277,117,125,23,227,116,191,63,175,128,0,0,0,0,0,0,0
237.087906,236.973831,117,125,28,224,125,193,28,179,0,0,0,0,0,0,0,0
237.527466,237.439362,117,119,21,221,115,196,51,180,0,0,0,0,0,0,0,0
237.967026,237.903458,117,124,23,230,112,197,55,180,0,0,0,0,0,0,0,0
238.461533,238.368530,117,125,21,234,87,191,77,178,128,0,0,0,0,0,0,0
238.901093,238.833344,117,125,23,227,92,195,67,178,128,0,0,0,0,0,0,0
239.395599,239.297806,117,125,25,232,125,197,34,176,0,0,0,0,0,0,0,0
239.835159,239.763229,116,127,23,233,100,196,51,181,0,0,0,0,0,0,0,0
240.329666,240.227432,117,125,23,226,84,195,82,179,0,0,0,0,0,0,0,0
240.769226,240.692505,117,119,21,222,115,197,50,181,128,0,0,0,0,0,0,0
241.263733,241.157669,116,119,28,223,153,195,18,178,128,0,0,0,0,0,0,0
241.703293,241.621918,116,125,23,235,96,191,72,178,0,0,0,0,0,0,0,0
242.197800,242.087402,117,129,26,239,49,197,106,180,0,0,0,0,0,0,0,0
242.637360,242.552063,113,133,26,234,86,195,80,179,128,0,0,0,0,0,0,0
243.131866,243.017242,116,125,23,219,147,195,18,179,128,0,0,0,0,0,0,0
243.571426,243.482513,117,117,23,211,147,195,16,179,128,0,0,0,0,0,0,0
244.065933,243.947021,117,117,21,219,111,191,38,180,0,0,0,0,0,0,0,0
244.505493,244.412338,117,117,21,224,99,197,71,178,0,0,0,0,0,0,0,0
244.945053,244.876389,117,119,21,226,112,191,65,178,128,0,0,0,0,0,0,0
245.439560,245.341202,117,119,25,227,124,193,50,180,128,0,0,0,0,0,0,0
245.879120,245.806534,113,124,23,227,108,196,58,177,128,0,0,0,0,0,0,0
246.373627,246.270981,117,125,23,226,103,196,70,178,0,0,0,0,0,0,0,0
246.813187,246.736420,117,125,25,227,124,197,58,177,0,0,0,0,0,0,0,0
247.307693,247.200821,117,119,23,219,127,197,39,180,128,0,0,0,0,0,0,0
247.747253,247.665833,117,121,23,225,127,197,39,180,128,0,0,0,0,0,0,0
248.241760,248.130142,117,117,21,219,112,193,66,178,0,0,0,0,0,0,0,0
248.681320,248.595322,117,117,28,219,130,195,38,176,0,0,0,0,0,0,0,0
249.175827,249.060440,116,117,23,225,133,194,38,175,0,0,0,0,0,0,0,0
249.615387,249.525192,113,125,23,233,112,195,63,175,128,0,0,0,0,0,0,0
250.109894,249.990067,117,125,23,227,84,195,86,179,128,0,0,0,0,0,0,0
250.549454,250.454056,117,119,21,219,131,194,50,177,128,0,0,0,0,0,0,0
250.989014,250.919281,117,117,21,216,163,196,18,179,0,0,0,0,0,0,0,0
251.483521,251.384155,116,113,21,211,132,195,39,179,0,0,0,0,0,0,0,0
251.923080,251.848557,117,117,23,227,116,197,71,178,128,0,0,0,0,0,0,0
252.417587,252.313736,117,125,29,234,87,191,93,179,128,0,0,0,0,0,0,0
252.857147,252.777985,117,125,28,232,97,196,75,178,0,0,0,0,0,0,0,0
253.351654,253.243362,117,125,23,227,127,197,48,177,0,0,0,0,0,0,0,0
253.791214,253.708527,117,119,23,219,131,198,40,180,0,0,0,0,0,0,0,0
254.285721,254.172882,116,117,21,218,135,192,42,175,128,0,0,0,0,0,0,0
254.725281,254.637955,116,117,25,218,135,197,48,175,128,0,0,0,0,0,0,0
255.219788,255.102509,117,116,23,219,119,197,54,181,128,0,0,0,0,0,0,0
255.659348,255.567474,117,113,23,219,135,194,48,181,0,0,0,0,0,0,0,0
256.153839,256.032349,117,113,21,219,135,194,44,175,0,0,0,0,0,0,0,0
256.593414,256.496857,116,116,21,222,123,189,65,178,128,0,0,0,0,0,0,0
257.032959,256.962372,116,117,21,219,121,191,76,178,128,0,0,0,0,0,0,0
257.527466,257.426544,117,119,23,226,121,197,66,178,0,0,0,0,0,0,0,0
257.967041,257.891693,117,119,21,226,124,196,64,178,0,0,0,0,0,0,0,0
258.461548,258.355957,117,121,21,219,125,195,62,181,0,0,0,0,0,0,0,0
258.901093,258.820984,116,121,23,218,131,200,54,177,128,0,0,0,0,0,0,0
259.395599,259.286469,117,117,23,217,139,200,42,176,128,0,0,0,0,0,0,0
259.835175,259.751007,117,113,21,217,139,200,39,180,0,0,0,0,0,0,0,0
260.329681,260.215973,117,113,21,215,146,195,48,176,0,0,0,0,0,0,0,0
260.769226,260.679962,117,116,23,219,125,195,55,180,0,0,0,0,0,0,0,0
261.263733,261.145264,117,117,23,225,118,191,64,178,128,0,0,0,0,0,0,0
261.703308,261.610565,116,117,23,217,122,195,68,178,128,0,0,0,0,0,0,0
262.197815,262.075378,116,113,21,214,151,195,42,180,0,0,0,0,0,0,0,0
262.637360,262.540527,117,113,23,211,171,196,21,175,0,0,0,0,0,0,0,0
263.076935,263.005676,116,113,21,213,123,195,63,176,0,0,0,0,0,0,0,0
263.571442,263.469940,116,113,21,211,131,194,66,178,128,0,0,0,0,0,0,0
264.010986,263.935211,111,112,21,219,147,195,46,180,128,0,0,0,0,0,0,0
264.505493,264.399506,117,119,23,225,128,195,74,178,0,0,0,0,0,0,0,0
264.945068,264.864594,117,117,23,222,123,196,70,178,0,0,0,0,0,0,0,0
265.439575,265.328949,117,117,25,219,151,195,42,180,0,0,0,0,0,0,0,0
265.879120,265.794067,117,113,21,215,153,194,39,180,128,0,0,0,0,0,0,0
266.373627,266.259338,117,112,23,211,159,195,43,180,128,0,0,0,0,0,0,0
266.813202,266.723755,117,112,21,215,158,195,46,180,0,0,0,0,0,0,0,0
267.307678,267.189178,117,112,28,219,123,191,77,178,0,0,0,0,0,0,0,0
267.747253,267.653564,117,117,24,219,135,195,80,179,128,0,0,0,0,0,0,0
268.241760,268.118805,117,113,25,218,155,195,58,181,128,0,0,0,0,0,0,0
268.681305,268.583252,117,109,23,211,176,200,43,177,0,0,0,0,0,0,0,0
269.175812,269.048340,117,113,25,217,176,197,42,180,0,0,0,0,0,0,0,0
269.615387,269.512482,117,113,25,224,133,194,86,178,0,0,0,0,0,0,0,0
270.054932,269.977325,117,117,23,219,120,200,94,179,128,0,0,0,0,0,0,0
270.549438,270.442474,117,117,23,219,162,197,44,180,128,0,0,0,0,0,0,0
270.989014,270.906555,117,113,23,211,163,196,40,180,128,0,0,0,0,0,0,0
271.483521,271.371735,117,113,23,211,163,196,46,180,0,0,0,0,0,0,0,0
271.923065,271.836945,117,109,22,211,151,194,63,179,0,0,0,0,0,0,0,0
272.417572,272.301575,117,109,24,210,151,201,58,181,128,0,0,0,0,0,0,0
272.857147,272.766418,117,108,22,207,177,197,42,180,128,0,0,0,0,0,0,0
273.351654,273.230591,117,109,24,210,165,198,46,180,0,0,0,0,0,0,0,0
273.791199,273.695557,117,108,21,217,151,200,71,179,0,0,0,0,0,0,0,0
274.285706,274.160095,117,109,23,217,160,196,70,179,0,0,0,0,0,0,0,0
274.725281,274.625061,117,109,23,215,159,195,64,178,128,0,0,0,0,0,0,0
275.219788,275.090240,117,109,21,211,178,197,54,180,128,0,0,0,0,0,0,0
275.659332,275.554901,117,109,23,213,176,197,50,181,0,0,0,0,0,0,0,0
276.098907,276.020020,117,112,23,210,144,197,80,179,0,0,0,0,0,0,0,0
276.593414,276.484375,117,103,20,203,178,197,58,181,0,0,0,0,0,0,0,0
277.032959,276.950012,117,101,21,207,211,198,18,179,128,0,0,0,0,0,0,0
277.527466,277.416016,117,101,24,206,176,191,40,180,128,0,0,0,0,0,0,0
277.967041,277.881836,117,101,23,207,155,195,71,178,128,0,0,0,0,0,0,0
278.461548,278.347687,117,108,22,211,167,196,66,178,0,0,0,0,0,0,0,0
278.901093,278.811829,116,105,24,209,167,199,67,178,0,0,0,0,0,0,0,0
279.395599,279.276947,117,103,20,203,187,193,50,181,128,0,0,0,0,0,0,0
279.835175,279.743469,117,101,21,203,206,195,38,180,128,0,0,0,0,0,0,0
280.329681,280.208984,117,101,21,204,190,195,44,180,0,0,0,0,0,0,0,0
280.769226,280.675201,117,101,22,203,171,196,74,178,0,0,0,0,0,0,0,0
281.263733,281.140564,117,101,20,203,182,197,66,178,128,0,0,0,0,0,0,0
281.703308,281.606903,117,101,20,203,194,198,50,181,128,0,0,0,0,0,0,0
282.197815,282.073303,117,101,23,205,186,197,58,181,128,0,0,0,0,0,0,0
282.637360,282.538544,117,101,23,207,180,201,64,178,0,0,0,0,0,0,0,0
283.131866,283.004364,117,103,21,207,182,197,66,178,0,0,0,0,0,0,0,0
283.571442,283.469025,117,103,20,203,179,197,66,178,128,0,0,0,0,0,0,0
284.065948,283.935333,117,100,20,203,203,195,47,180,128,0,0,0,0,0,0,0
284.505493,284.401733,117,100,22,203,198,194,46,177,128,0,0,0,0,0,0,0
285.000000,284.867371,116,97,20,200,178,200,66,179,0,0,0,0,0,0,0,0
285.439575,285.333557,116,97,22,202,198,195,45,176,0,0,0,0,0,0,0,0
285.879120,285.799011,117,100,22,204,194,198,45,180,128,0,0,0,0,0,0,0
286.373627,286.265564,117,101,22,207,176,196,80,179,128,0,0,0,0,0,0,0
286.813202,286.730164,117,103,22,203,179,197,80,179,0,0,0,0,0,0,0,0
287.307678,287.196198,117,101,22,202,202,195,43,181,0,0,0,0,0,0,0,0
287.747253,287.662140,117,101,22,202,210,195,39,180,0,0,0,0,0,0,0,0
288.241760,288.127625,117,100,20,202,187,197,59,181,128,0,0,0,0,0,0,0
288.681305,288.594147,117,97,20,201,187,197,54,181,128,0,0,0,0,0,0,0
289.175812,289.059723,117,97,22,200,208,195,43,180,0,0,0,0,0,0,0,0
289.615387,289.526123,116,97,22,199,199,194,50,177,0,0,0,0,0,0,0,0
290.109894,289.992157,117,97,20,203,194,194,55,181,0,0,0,0,0,0,0,0
290.549438,290.457367,117,100,23,203,187,197,64,178,128,0,0,0,0,0,0,0
291.043945,290.923584,117,100,20,203,190,197,63,180,128,0,0,0,0,0,0,0
291.483521,291.389221,117,97,21,203,210,195,39,180,0,0,0,0,0,0,0,0
291.978027,291.855713,117,97,22,203,202,195,47,177,0,0,0,0,0,0,0,0
292.417572,292.322113,117,100,20,203,186,196,66,178,0,0,0,0,0,0,0,0
292.912079,292.787598,117,101,22,207,184,197,64,178,128,0,0,0,0,0,0,0
293.351654,293.253632,116,101,22,209,175,192,72,178,128,0,0,0,0,0,0,0
293.846161,293.718903,117,101,20,203,194,193,56,181,0,0,0,0,0,0,0,0
294.285706,294.185303,117,97,20,200,203,194,44,176,0,0,0,0,0,0,0,0
294.780212,294.650757,117,100,23,203,202,196,46,180,128,0,0,0,0,0,0,0
295.219788,295.117096,117,100,22,199,178,198,68,178,128,0,0,0,0,0,0,0
295.714294,295.583435,117,97,22,200,192,195,64,179,128,0,0,0,0,0,0,0
296.153839,296.048828,117,97,20,203,202,194,48,181,0,0,0,0,0,0,0,0
296.648346,296.514923,117,101,20,202,186,196,51,180,0,0,0,0,0,0,0,0
297.087921,296.980255,117,101,22,203,182,197,68,179,128,0,0,0,0,0,0,0
297.582428,297.446594,117,101,21,203,178,197,64,178,128,0,0,0,0,0,0,0
298.021973,297.913239,117,101,21,203,194,194,56,181,128,0,0,0,0,0,0,0
298.516479,298.378784,117,101,22,203,194,194,50,181,0,0,0,0,0,0,0,0
298.956055,298.845245,117,101,20,203,183,197,54,181,0,0,0,0,0,0,0,0
299.395599,299.310608,117,97,21,200,188,200,54,181,128,0,0,0,0,0,0,0
299.890106,299.775848,117,97,20,199,199,195,39,176,0,0,0,0,0,0,0,0
300.329681,300.241791,117,97,21,201,194,195,52,180,0,0,0,0,0,0,0,0
300.824188,300.707916,117,97,22,203,177,197,75,179,0,0,0,0,0,0,0,0
301.263733,301.174133,117,100,20,203,190,197,72,178,0,0,0,0,0,0,0,0
301.758240,301.639496,117,101,21,201,195,196,54,181,128,0,0,0,0,0,0,0
302.197815,302.105957,117,101,20,203,198,194,54,181,128,0,0,0,0,0,0,0
302.692322,302.571472,117,100,21,203,192,195,58,180,0,0,0,0,0,0,0,0
303.131866,303.037720,117,101,20,206,193,195,56,180,0,0,0,0,0,0,0,0
303.626373,303.503174,117,101,20,203,188,196,58,181,128,0,0,0,0,0,0,0
304.065948,303.969299,117,97,21,203,194,195,59,181,128,0,0,0,0,0,0,0
304.560425,304.434845,117,100,22,201,194,195,59,180,128,0,0,0,0,0,0,0
305.000000,304.901184,117,100,20,206,194,194,50,180,0,0,0,0,0,0,0,0
305.494507,305.367493,117,101,21,210,183,200,64,178,0,0,0,0,0,0,0,0
305.934052,305.832550,117,105,22,203,159,201,89,179,128,0,0,0,0,0,0,0
306.428558,306.298492,117,101,20,201,206,194,54,181,128,0,0,0,0,0,0,0
306.868134,306.764221,117,97,20,195,226,196,19,179,0,0,0,0,0,0,0,0
307.362640,307.230591,117,96,21,202,203,195,34,180,0,0,0,0,0,0,0,0
307.802185,307.696014,117,101,24,203,155,197,89,179,128,0,0,0,0,0,0,0
308.296692,308.162354,117,100,22,201,182,197,71,178,128,0,0,0,0,0,0,0
308.736267,308.627686,117,101,20,203,212,195,42,177,0,0,0,0,0,0,0,0
309.230774,309.093994,117,100,20,202,187,202,45,180,0,0,0,0,0,0,0,0
309.670319,309.560333,117,101,21,207,176,197,74,178,0,0,0,0,0,0,0,0
310.164825,310.025604,117,101,23,203,167,192,84,179,128,0,0,0,0,0,0,0
310.604401,310.491760,117,101,20,202,194,198,49,175,128,0,0,0,0,0,0,0
311.098907,310.957184,117,97,22,200,214,195,26,179,128,0,0,0,0,0,0,0
311.538452,311.423523,117,97,20,201,186,197,52,180,0,0,0,0,0,0,0,0
311.978027,311.889679,117,97,20,202,189,197,62,181,0,0,0,0,0,0,0,0
312.472534,312.355011,117,97,23,202,194,198,62,180,128,0,0,0,0,0,0,0
312.912079,312.821503,117,100,22,206,190,197,59,181,128,0,0,0,0,0,0,0
313.406586,313.286926,117,101,22,203,178,197,68,179,0,0,0,0,0,0,0,0
313.846161,313.753357,117,101,20,202,198,195,56,181,0,0,0,0,0,0,0,0
314.340668,314.218658,117,100,20,203,194,195,54,181,128,0,0,0,0,0,0,0
314.780212,314.685211,116,100,22,202,202,198,50,180,128,0,0,0,0,0,0,0
315.274719,315.151459,117,97,22,202,200,198,46,180,128,0,0,0,0,0,0,0
315.714294,315.616791,117,101,23,203,192,195,54,180,0,0,0,0,0,0,0,0
316.208801,316.082947,117,100,22,201,185,197,66,179,0,0,0,0,0,0,0,0
316.648346,316.548523,117,97,23,202,202,194,54,181,0,0,0,0,0,0,0,0
317.142853,317.014709,117,97,21,201,202,194,54,181,128,0,0,0,0,0,0,0
317.582428,317.480774,117,97,20,202,187,200,66,178,128,0,0,0,0,0,0,0
318.076935,317.946075,117,97,23,202,208,199,42,180,0,0,0,0,0,0,0,0
318.516479,318.412201,117,96,20,200,202,194,50,181,0,0,0,0,0,0,0,0
319.010986,318.877808,117,97,20,202,192,198,58,181,0,0,0,0,0,0,0,0
319.450562,319.344482,117,97,20,203,183,197,66,179,128,0,0,0,0,0,0,0
319.945068,319.810730,117,97,21,203,202,194,54,177,128,0,0,0,0,0,0,0
320.384613,320.276093,117,101,21,203,188,199,62,180,0,0,0,0,0,0,0,0
320.879120,320.741943,117,101,21,203,179,196,66,178,0,0,0,0,0,0,0,0
321.318695,321.207428,117,97,21,195,206,195,50,180,128,0,0,0,0,0,0,0
321.813202,321.673553,117,89,19,194,226,196,22,179,128,0,0,0,0,0,0,0
322.252747,322.139038,117,93,23,202,222,195,26,179,0,0,0,0,0,0,0,0
322.747253,322.605286,117,97,23,203,170,196,87,178,0,0,0,0,0,0,0,0
323.186798,323.071899,117,97,20,199,170,196,86,179,0,0,0,0,0,0,0,0
323.681305,323.537476,117,97,22,202,223,195,30,179,128,0,0,0,0,0,0,0
324.120880,324.003632,117,97,20,200,218,195,27,179,128,0,0,0,0,0,0,0
324.615387,324.468842,117,97,22,202,182,196,71,178,128,0,0,0,0,0,0,0
325.054932,324.934937,117,97,20,203,194,196,64,179,0,0,0,0,0,0,0,0
325.494507,325.401093,117,97,20,199,199,194,55,180,0,0,0,0,0,0,0,0
325.989014,325.866638,117,97,21,199,211,195,46,180,128,0,0,0,0,0,0,0
326.428558,326.332153,117,97,20,201,199,195,53,181,128,0,0,0,0,0,0,0
326.923065,326.798248,117,97,20,200,186,197,70,178,0,0,0,0,0,0,0,0
327.362640,327.264282,117,97,22,203,198,194,67,179,0,0,0,0,0,0,0,0
327.857147,327.729462,117,93,23,195,211,195,48,181,0,0,0,0,0,0,0,0
328.296692,328.195801,117,93,23,195,210,195,42,180,128,0,0,0,0,0,0,0
328.791199,328.661896,116,93,19,195,202,194,62,181,128,0,0,0,0,0,0,0
329.230774,329.126984,117,93,19,194,198,196,64,178,0,0,0,0,0,0,0,0
329.725281,329.593292,117,93,19,195,214,195,54,181,0,0,0,0,0,0,0,0
330.164825,330.058807,117,93,22,200,215,195,50,181,0,0,0,0,0,0,0,0
330.659332,330.525269,117,97,20,200,192,192,69,178,128,0,0,0,0,0,0,0
331.098907,330.990631,117,96,20,191,187,198,82,179,0,0,0,0,0,0,0,0
331.593414,331.456940,117,93,19,191,217,195,58,180,0,0,0,0,0,0,0,0
332.032959,331.922821,117,92,19,191,228,196,30,179,0,0,0,0,0,0,0,0
332.527466,332.389038,117,92,19,195,218,195,35,176,128,0,0,0,0,0,0,0
332.967041,332.855774,117,93,23,200,195,196,72,178,128,0,0,0,0,0,0,0
333.461548,333.321472,117,92,19,195,203,195,71,178,0,0,0,0,0,0,0,0
333.901093,333.789215,122,93,19,195,222,0,50,184,0,0,0,0,0,0,0,0
334.395599,334.254517,121,93,19,194,214,0,50,185,0,0,0,0,0,0,0,0
334.835175,334.720917,125,93,25,195,210,0,62,185,128,0,0,0,0,0,0,0
335.329681,335.187286,125,93,25,198,210,0,60,191,128,0,0,0,0,0,0,0
335.769226,335.652618,125,95,23,200,210,1,58,191,0,0,0,0,0,0,0,0
336.263733,336.118805,125,93,25,191,209,0,64,191,0,0,0,0,0,0,0,0
336.703308,336.583984,125,89,25,191,209,0,56,191,0,0,0,0,0,0,0,0
337.197815,337.050232,125,89,25,194,209,0,61,191,128,0,0,0,0,0,0,0
337.637360,337.515747,125,92,25,196,210,1,62,191,0,0,0,0,0,0,0,0
338.131866,337.981750,125,91,23,193,210,1,55,191,0,0,0,0,0,0,0,0
338.571442,338.448151,125,91,23,195,210,0,56,191,0,0,0,0,0,0,0,0
339.065948,338.913788,125,90,23,194,210,0,72,191,128,0,0,0,0,0,0,0
339.505493,339.379669,125,91,23,194,210,0,57,191,128,0,0,0,0,0,0,0
339.945068,339.845825,125,93,26,200,210,0,65,190,128,0,0,0,0,0,0,0
340.439575,340.311096,125,93,23,191,210,1,62,191,0,0,0,0,0,0,0,0
340.879120,340.776306,125,89,25,191,209,0,64,190,0,0,0,0,0,0,0,0
341.373627,341.242676,125,89,25,189,211,0,62,191,128,0,0,0,0,0,0,0
341.813202,341.708099,125,85,23,187,210,1,58,191,0,0,0,0,0,0,0,0
342.307678,342.174194,125,85,23,185,209,1,58,191,0,0,0,0,0,0,0,0
342.747253,342.640167,125,83,23,185,209,1,62,189,0,0,0,0,0,0,0,0
343.241760,343.105957,125,85,25,191,209,0,57,191,128,0,0,0,0,0,0,0
343.681305,343.572113,124,89,23,195,210,1,53,191,129,0,0,0,0,0,0,0
344.175812,344.040924,125,89,25,189,193,0,82,190,129,0,0,0,0,0,0,0
344.615387,344.506195,124,87,23,183,187,1,71,190,1,0,0,0,0,0,0,0
345.109894,344.972809,125,81,23,175,188,0,68,190,1,0,0,0,0,0,0,0
345.549438,345.438171,125,75,22,172,192,0,65,190,129,0,0,0,0,0,0,0
346.043945,345.904785,125,71,22,171,187,1,53,191,129,0,0,0,0,0,0,0
346.483521,346.371124,125,69,19,165,192,0,58,191,129,0,0,0,0,0,0,0
346.978027,346.836365,125,63,20,159,190,0,54,191,1,0,0,0,0,0,0,0
347.417572,347.302673,125,53,17,145,187,0,45,190,1,0,0,0,0,0,0,0
347.912079,347.767975,125,47,17,143,190,1,50,191,129,0,0,0,0,0,0,0
348.351654,348.240112,125,45,15,138,192,0,50,191,128,0,0,0,0,0,0,0
348.846161,348.709503,125,45,16,131,190,0,56,190,128,0,0,0,0,0,0,0
349.285706,349.175171,124,33,14,123,199,0,54,189,0,0,0,0,0,0,0,0
349.780212,349.641571,125,25,15,122,230,0,14,190,0,0,0,0,0,0,0,0
350.219788,350.106903,125,23,16,131,230,0,25,191,0,0,0,0,0,0,0,0
350.714294,350.573212,125,29,17,142,227,0,37,190,128,0,0,0,0,0,0,0
351.153839,351.038544,125,39,19,149,229,0,48,189,128,0,0,0,0,0,0,0
351.648346,351.504639,125,45,19,155,227,0,52,191,0,0,0,0,0,0,0,0
352.087921,351.971222,125,57,21,170,228,0,67,190,0,0,0,0,0,0,0,0
352.582428,352.436859,125,69,22,184,228,0,76,190,0,0,0,0,0,0,0,0
353.021973,352.903198,125,81,23,191,228,0,72,190,128,0,0,0,0,0,0,0
353.516479,353.368652,125,89,25,199,216,0,72,187,0,0,0,0,0,0,0,0
353.956055,353.835052,125,96,25,207,201,1,84,191,0,0,0,0,0,0,0,0
354.450562,354.301331,125,105,28,215,192,2,90,190,0,0,0,0,0,0,0,0
354.890106,354.765808,125,111,27,218,182,0,102,189,128,0,0,0,0,0,0,0
355.384613,355.231323,123,111,25,209,195,0,72,190,128,0,0,0,0,0,0,0
355.824188,355.695587,125,108,26,207,218,0,34,189,128,0,0,0,0,0,0,0
356.318695,356.160492,123,103,25,200,201,0,44,190,0,0,0,0,0,0,0,0
356.758240,356.626221,125,97,24,198,202,0,58,190,0,0,0,0,0,0,0,0
357.197815,357.091400,125,97,28,201,218,0,31,190,128,0,0,0,0,0,0,0
357.692322,357.557556,124,97,24,200,188,0,63,189,128,0,0,0,0,0,0,0
358.131866,358.023590,125,97,22,199,198,0,68,190,128,0,0,0,0,0,0,0
358.626373,358.488983,125,93,26,195,227,0,38,189,0,0,0,0,0,0,0,0
359.065948,358.954346,125,93,25,197,228,0,36,189,0,0,0,0,0,0,0,0
359.560425,359.420593,124,97,26,207,198,0,50,189,128,0,0,0,0,0,0,0
360.000000,359.886597,125,103,26,207,158,0,120,189,128,0,0,0,0,0,0,0
360.494507,360.350433,122,103,25,207,180,0,82,186,128,0,0,0,0,0,0,0
360.934052,360.815460,125,103,25,207,230,0,3,188,0,0,0,0,0,0,0,0
361.428558,361.280365,124,103,25,203,187,4,40,188,0,0,0,0,0,0,0,0
361.868134,361.744568,125,103,25,203,159,0,81,190,128,0,0,0,0,0,0,0
362.362640,362.210754,125,101,26,206,202,0,34,190,128,0,0,0,0,0,0,0
362.802185,362.675476,125,103,25,209,186,0,38,189,128,0,0,0,0,0,0,0
363.296692,363.140503,125,105,25,210,153,0,91,191,0,0,0,0,0,0,0,0
363.736267,363.604797,125,108,28,217,171,0,70,190,128,0,0,0,0,0,0,0
364.230774,364.070038,124,113,29,217,161,8,72,187,128,0,0,0,0,0,0,0
364.670319,364.535248,125,112,27,212,158,1,73,186,128,0,0,0,0,0,0,0
365.109894,364.999512,124,108,25,207,197,0,32,187,0,0,0,0,0,0,0,0
365.604401,365.464661,123,107,26,211,194,0,14,188,0,0,0,0,0,0,0,0
366.043945,365.929443,125,105,28,213,146,0,88,190,0,0,0,0,0,0,0,0
366.538452,366.393433,125,109,28,214,143,8,79,191,128,0,0,0,0,0,0,0
366.978027,366.858307,125,110,26,214,175,0,39,189,128,0,0,0,0,0,0,0
367.472534,367.322815,125,111,26,214,154,6,43,189,0,0,0,0,0,0,0,0
367.912079,367.788025,125,113,28,222,134,0,68,190,0,0,0,0,0,0,0,0
368.406586,368.253082,125,117,28,223,129,0,77,190,0,0,0,0,0,0,0,0
368.846161,368.717255,124,118,28,219,155,0,42,188,128,0,0,0,0,0,0,0
369.340668,369.181335,125,117,29,221,152,2,30,191,128,0,0,0,0,0,0,0
369.780212,369.646667,121,119,27,226,119,2,71,186,0,0,0,0,0,0,0,0
370.274719,370.111786,124,123,29,230,112,1,79,190,0,0,0,0,0,0,0,0
370.714294,370.576508,125,123,25,225,123,0,51,190,0,0,0,0,0,0,0,0
371.153839,371.041840,125,119,28,222,159,1,19,186,128,0,0,0,0,0,0,0
371.648346,371.505981,125,118,27,223,127,1,51,190,128,0,0,0,0,0,0,0
372.087921,371.970795,125,119,29,223,106,0,59,190,0,0,0,0,0,0,0,0
372.582428,372.435760,125,121,29,229,136,0,48,190,0,0,0,0,0,0,0,0
373.021973,372.900024,124,125,28,228,110,0,76,190,0,0,0,0,0,0,0,0
373.516479,373.364868,125,127,29,232,102,0,64,190,128,0,0,0,0,0,0,0
373.956055,373.829987,123,127,27,228,109,2,63,186,128,0,0,0,0,0,0,0
374.450562,374.294342,125,125,29,227,126,0,47,190,0,0,0,0,0,0,0,0
374.890106,374.759369,125,125,29,230,119,2,47,189,0,0,0,0,0,0,0,0
375.384613,375.223663,125,127,29,234,88,1,79,190,128,0,0,0,0,0,0,0
375.824188,375.688629,125,127,29,231,86,1,64,190,128,0,0,0,0,0,0,0
376.318695,376.153503,125,131,30,235,105,0,37,189,128,0,0,0,0,0,0,0
376.758240,376.618011,122,137,30,249,77,2,58,189,0,0,0,0,0,0,0,0
377.197815,377.082458,125,144,31,246,49,0,95,191,0,0,0,0,0,0,0,0
377.692322,377.547913,125,141,30,242,67,0,63,191,128,0,0,0,0,0,0,0
378.131866,378.015686,125,139,31,243,181,0,0,187,129,0,0,0,0,0,0,0
378.626373,378.479889,125,141,32,249,190,0,0,190,129,0,0,0,0,0,0,0
379.065948,378.946503,125,153,36,255,192,2,3,190,1,0,0,0,0,0,0,0
379.560425,379.413849,124,175,40,255,190,3,0,190,129,0,0,0,0,0,0,0
380.000000,379.882568,125,205,43,255,190,6,40,189,129,0,0,0,0,0,0,0
380.494507,380.351227,125,251,51,255,187,4,55,189,129,0,0,0,0,0,0,0
380.934052,380.818695,124,255,56,255,188,0,79,190,1,0,0,0,0,0,0,0
381.428558,381.287201,125,255,64,255,189,1,111,189,1,0,0,0,0,0,0,0
381.923065,381.755951,125,255,67,255,189,0,114,189,1,0,0,0,0,0,0,0
382.362640,382.223907,125,255,71,255,190,2,96,190,129,0,0,0,0,0,0,0
382.857147,382.692810,125,255,77,255,191,1,76,190,129,0,0,0,0,0,0,0
383.296692,383.160278,125,255,77,255,191,0,71,190,1,0,0,0,0,0,0,0
383.791199,383.628662,125,255,80,255,189,0,78,190,1,0,0,0,0,0,0,0
384.230774,384.097473,125,255,83,255,192,0,83,191,1,0,0,0,0,0,0,0
384.725281,384.564911,125,255,85,255,189,0,92,190,129,0,0,0,0,0,0,0
385.164825,385.033112,125,255,85,255,192,2,100,190,129,0,0,0,0,0,0,0
385.659332,385.501770,125,255,85,255,191,0,87,191,129,0,0,0,0,0,0,0
386.098907,385.969299,125,255,85,255,193,0,88,190,1,0,0,0,0,0,0,0
386.593414,386.438049,125,255,85,255,192,0,75,190,1,0,0,0,0,0,0,0
387.032959,386.905579,125,255,85,255,192,0,67,190,129,0,0,0,0,0,0,0
387.527466,387.374115,125,255,86,255,189,2,60,190,129,0,0,0,0,0,0,0
387.967041,387.842773,125,255,84,255,190,0,46,189,129,0,0,0,0,0,0,0
388.461548,388.310547,125,255,85,255,187,2,50,189,1,0,0,0,0,0,0,0
388.901093,388.779266,125,255,83,255,189,1,46,190,1,0,0,0,0,0,0,0
389.395599,389.246948,125,255,83,255,190,2,49,189,129,0,0,0,0,0,0,0
389.835175,389.715302,125,255,81,255,190,0,51,189,129,0,0,0,0,0,0,0
390.329681,390.183990,125,255,83,255,192,2,54,189,129,0,0,0,0,0,0,0
390.769226,390.651581,125,255,84,255,190,0,60,189,1,0,0,0,0,0,0,0
391.263733,391.119934,125,255,81,255,192,0,62,190,1,0,0,0,0,0,0,0
391.758240,391.587463,125,255,84,255,192,0,55,189,1,0,0,0,0,0,0,0
392.197815,392.055542,125,255,85,255,192,2,55,189,129,0,0,0,0,0,0,0
392.692322,392.524445,125,255,84,255,191,1,55,190,129,0,0,0,0,0,0,0
393.131866,392.991974,125,255,85,255,188,2,59,189,1,0,0,0,0,0,0,0
393.626373,393.460907,125,255,85,255,185,1,52,189,1,0,0,0,0,0,0,0
394.065948,393.928406,125,255,85,255,192,2,58,190,129,0,0,0,0,0,0,0
394.560425,394.396820,125,255,86,255,189,0,52,189,129,0,0,0,0,0,0,0
395.000000,394.865631,125,255,86,255,190,1,51,189,129,0,0,0,0,0,0,0
395.494507,395.333038,125,255,88,255,192,0,54,189,1,0,0,0,0,0,0,0
395.934052,395.801361,125,255,87,255,192,0,58,189,1,0,0,0,0,0,0,0
396.428558,396.268768,125,255,89,255,191,1,64,190,129,0,0,0,0,0,0,0
396.868134,396.737335,125,255,92,255,189,4,60,189,129,0,0,0,0,0,0,0
397.362640,397.206024,125,255,93,255,189,1,67,190,129,0,0,0,0,0,0,0
397.802185,397.673920,125,255,92,255,192,2,70,190,1,0,0,0,0,0,0,0
398.296692,398.142517,125,255,93,255,190,0,60,189,1,0,0,0,0,0,0,0
398.736267,398.609985,125,255,93,255,192,2,62,189,1,0,0,0,0,0,0,0
399.230774,399.078278,125,255,95,255,190,0,64,190,129,0,0,0,0,0,0,0
399.670319,399.546021,125,255,96,255,192,2,62,189,1,0,0,0,0,0,0,0
400.164825,400.014435,125,255,95,255,187,0,58,190,1,0,0,0,0,0,0,0
400.604401,400.482910,125,255,97,255,187,0,59,190,1,0,0,0,0,0,0,0
401.098907,400.951019,125,255,95,255,190,0,63,189,129,0,0,0,0,0,0,0
401.593414,401.419250,125,255,95,255,191,0,60,189,129,0,0,0,0,0,0,0
402.032959,401.888000,125,253,96,255,190,0,63,189,129,0,0,0,0,0,0,0
402.527466,402.355591,125,255,97,255,189,1,59,189,1,0,0,0,0,0,0,0
402.967041,402.824097,125,255,96,255,192,0,57,189,1,0,0,0,0,0,0,0
403.461548,403.291992,125,255,97,255,187,0,59,189,1,0,0,0,0,0,0,0
403.901093,403.760803,125,255,97,255,189,1,57,189,129,0,0,0,0,0,0,0
404.395599,404.229584,125,255,98,255,190,1,59,189,129,0,0,0,0,0,0,0
404.835175,404.697327,125,255,97,255,192,2,61,189,1,0,0,0,0,0,0,0
405.329681,405.165680,125,255,96,255,192,0,58,190,1,0,0,0,0,0,0,0
405.769226,405.633209,125,255,97,255,192,2,59,189,1,0,0,0,0,0,0,0
406.263733,406.102051,125,255,98,255,187,0,56,189,129,0,0,0,0,0,0,0
406.703308,406.570770,125,255,97,255,192,2,55,189,129,0,0,0,0,0,0,0
407.197815,407.039063,125,255,97,255,188,0,60,190,1,0,0,0,0,0,0,0
407.637360,407.507141,125,255,95,255,190,0,60,189,1,0,0,0,0,0,0,0
408.131866,407.976074,125,253,97,255,192,0,59,189,1,0,0,0,0,0,0,0
408.571442,408.443542,125,255,97,255,188,1,59,189,129,0,0,0,0,0,0,0
409.065948,408.911987,125,255,97,255,185,1,57,189,129,0,0,0,0,0,0,0
409.505493,409.379974,125,255,99,255,189,1,59,189,1,0,0,0,0,0,0,0
410.000000,409.848175,125,255,99,255,187,0,61,189,1,0,0,0,0,0,0,0
410.494507,410.316711,125,255,98,255,191,0,57,189,1,0,0,0,0,0,0,0
410.934052,410.784668,125,255,97,255,189,0,54,189,129,0,0,0,0,0,0,0
411.428558,411.253113,125,255,98,255,192,0,55,189,129,0,0,0,0,0,0,0
411.868134,411.721100,125,255,101,255,189,1,56,189,1,0,0,0,0,0,0,0
412.362640,412.189545,125,255,100,255,188,1,58,190,1,0,0,0,0,0,0,0
412.802185,412.657898,125,255,100,255,193,0,57,189,1,0,0,0,0,0,0,0
413.296692,413.125793,125,255,101,255,193,0,56,189,129,0,0,0,0,0,0,0
413.736267,413.594177,125,255,101,255,193,0,56,189,129,0,0,0,0,0,0,0
414.230774,414.062103,125,255,101,255,187,0,47,189,1,0,0,0,0,0,0,0
414.670319,414.530823,125,255,103,255,192,0,56,190,1,0,0,0,0,0,0,0
415.164825,414.998596,125,255,105,255,192,1,56,189,1,0,0,0,0,0,0,0
415.604401,415.467010,125,255,106,255,190,0,60,189,129,0,0,0,0,0,0,0
416.098907,415.935364,125,255,108,255,187,4,58,189,129,0,0,0,0,0,0,0
416.538452,416.403198,125,255,108,255,188,0,54,189,1,0,0,0,0,0,0,0
417.032959,416.871643,125,255,109,255,188,0,55,189,1,0,0,0,0,0,0,0
417.472534,417.339935,125,255,109,255,192,1,59,190,1,0,0,0,0,0,0,0
417.967041,417.807861,125,255,112,255,188,1,62,189,129,0,0,0,0,0,0,0
418.406586,418.276459,125,255,112,255,189,2,59,189,129,0,0,0,0,0,0,0
418.901093,418.743988,125,255,113,255,192,0,60,189,1,0,0,0,0,0,0,0
419.340668,419.212494,125,255,115,255,189,0,62,189,1,0,0,0,0,0,0,0
419.835175,419.681244,125,255,116,255,189,0,58,189,1,0,0,0,0,0,0,0
420.329681,420.149078,125,255,118,255,189,0,60,189,129,0,0,0,0,0,0,0
420.769226,420.617645,125,255,121,255,189,1,59,189,129,0,0,0,0,0,0,0
421.263733,421.085175,125,255,121,255,189,0,61,189,129,0,0,0,0,0,0,0
421.703308,421.553680,125,255,123,255,189,1,62,189,1,0,0,0,0,0,0,0
422.197815,422.022522,125,255,124,255,192,0,58,189,1,0,0,0,0,0,0,0
422.637360,422.490173,125,255,125,255,189,1,61,189,129,0,0,0,0,0,0,0
423.131866,422.958710,125,255,125,255,193,0,59,190,129,0,0,0,0,0,0,0
423.571442,423.426636,125,255,127,255,189,0,60,189,129,0,0,0,0,0,0,0
424.065948,423.894989,125,255,129,255,193,2,58,189,1,0,0,0,0,0,0,0
424.505493,424.362579,125,255,129,255,187,0,58,189,1,0,0,0,0,0,0,0
425.000000,424.831390,125,255,132,255,190,1,56,189,129,0,0,0,0,0,0,0
425.439575,425.299835,125,255,132,255,189,2,54,189,129,0,0,0,0,0,0,0
425.934052,425.767731,125,255,133,255,192,0,56,189,129,0,0,0,0,0,0,0
426.373627,426.236023,125,255,135,255,192,0,47,189,1,0,0,0,0,0,0,0
426.868134,426.703552,125,255,137,255,190,0,47,189,1,0,0,0,0,0,0,0
427.307678,427.172211,125,255,140,255,192,0,51,190,129,0,0,0,0,0,0,0
427.802185,427.640656,125,255,141,255,190,0,50,189,129,0,0,0,0,0,0,0
428.241760,428.108337,125,255,144,255,192,1,56,189,1,0,0,0,0,0,0,0
428.736267,428.576996,125,255,146,255,187,0,54,189,1,0,0,0,0,0,0,0
429.175812,429.045380,125,255,149,255,189,0,56,189,1,0,0,0,0,0,0,0
429.670319,429.513458,125,255,151,255,191,0,58,189,129,0,0,0,0,0,0,0
430.164825,429.982117,125,255,155,255,196,1,53,189,129,0,0,0,0,0,0,0
430.604401,430.449768,125,255,157,255,188,1,53,189,1,0,0,0,0,0,0,0
431.098907,430.918213,125,255,159,255,190,4,60,189,1,0,0,0,0,0,0,0
431.538452,431.386505,125,255,161,255,193,2,59,189,1,0,0,0,0,0,0,0
432.032959,431.854401,125,255,163,255,189,1,58,190,129,0,0,0,0,0,0,0
432.472534,432.322998,125,255,162,255,193,0,59,189,129,0,0,0,0,0,0,0
432.967041,432.791168,125,255,163,255,187,1,58,189,129,0,0,0,0,0,0,0
433.406586,433.259796,125,255,164,255,187,0,55,189,1,0,0,0,0,0,0,0
433.901093,433.728699,125,255,165,255,192,1,60,189,1,0,0,0,0,0,0,0
434.340668,434.196320,125,255,165,255,192,1,57,189,129,0,0,0,0,0,0,0
434.835175,434.664978,125,255,165,255,194,0,55,189,129,0,0,0,0,0,0,0
435.274719,435.132599,125,255,166,255,188,2,57,189,129,0,0,0,0,0,0,0
435.769226,435.600861,125,255,165,255,190,1,59,189,1,0,0,0,0,0,0,0
436.208801,436.069244,125,255,167,255,187,0,55,189,1,0,0,0,0,0,0,0
436.703308,436.536896,125,255,167,255,192,1,58,189,129,0,0,0,0,0,0,0
437.142853,437.005066,125,255,167,255,187,2,58,189,129,0,0,0,0,0,0,0
437.637360,437.472748,125,255,169,255,192,0,58,189,129,0,0,0,0,0,0,0
438.076935,437.941345,125,255,169,255,192,1,58,189,1,0,0,0,0,0,0,0
438.571442,438.409851,125,255,169,255,189,1,58,189,1,0,0,0,0,0,0,0
439.065948,438.878143,125,255,170,255,192,1,57,189,129,0,0,0,0,0,0,0
439.505493,439.346344,125,255,169,255,191,1,55,190,129,0,0,0,0,0,0,0
440.000000,439.814301,125,255,171,255,191,1,56,189,129,0,0,0,0,0,0,0
440.439575,440.282745,125,255,171,255,192,1,58,190,1,0,0,0,0,0,0,0
440.934052,440.750916,125,255,173,255,192,2,55,189,1,0,0,0,0,0,0,0
441.373627,441.218658,125,255,173,255,190,0,56,189,129,0,0,0,0,0,0,0
441.868134,441.686920,125,255,173,255,189,0,57,189,129,0,0,0,0,0,0,0
442.307678,442.155518,125,255,174,255,190,0,58,189,129,0,0,0,0,0,0,0
442.802185,442.623444,125,255,175,255,196,0,58,189,1,0,0,0,0,0,0,0
443.241760,443.091949,125,255,177,255,189,2,55,189,1,0,0,0,0,0,0,0
443.736267,443.560150,125,255,176,255,190,2,58,189,129,0,0,0,0,0,0,0
444.175812,444.028534,125,255,177,255,188,0,55,189,129,0,0,0,0,0,0,0
444.670319,444.496887,125,255,177,255,189,0,55,189,129,0,0,0,0,0,0,0
445.109894,444.964630,125,255,179,255,187,0,56,189,1,0,0,0,0,0,0,0
445.604401,445.433105,125,255,179,255,189,1,51,189,1,0,0,0,0,0,0,0
446.043945,445.901001,125,255,180,255,189,1,56,189,129,0,0,0,0,0,0,0
446.538452,446.369415,125,255,181,255,191,2,54,189,129,0,0,0,0,0,0,0
446.978027,446.837555,125,255,181,255,190,1,56,189,129,0,0,0,0,0,0,0
447.472534,447.306030,125,255,181,255,188,1,56,189,1,0,0,0,0,0,0,0
447.912079,447.774384,125,255,181,255,189,4,58,189,1,0,0,0,0,0,0,0
448.406586,448.241882,125,255,183,255,192,1,56,189,129,0,0,0,0,0,0,0
448.901093,448.710938,125,255,183,255,191,1,58,189,129,0,0,0,0,0,0,0
449.340668,449.179169,125,255,185,255,189,1,56,189,1,0,0,0,0,0,0,0
449.835175,449.648712,125,255,185,255,192,0,57,189,1,0,0,0,0,0,0,0
450.274719,450.118225,125,255,185,255,192,2,57,189,1,0,0,0,0,0,0,0
450.769226,450.587341,125,255,187,255,188,0,51,189,129,0,0,0,0,0,0,0
451.208801,451.057220,125,255,187,255,193,0,54,189,129,0,0,0,0,0,0,0
451.703308,451.525787,125,255,189,255,190,0,51,189,1,0,0,0,0,0,0,0
452.142853,451.995361,125,255,189,255,190,0,52,189,1,0,0,0,0,0,0,0
452.637360,452.465332,125,255,190,255,187,2,51,189,1,0,0,0,0,0,0,0
453.076935,452.934052,125,255,191,255,191,0,47,188,129,0,0,0,0,0,0,0
453.571442,453.403931,125,255,193,255,189,1,57,189,129,0,0,0,0,0,0,0
454.065948,453.872772,125,255,193,255,185,1,58,189,1,0,0,0,0,0,0,0
454.505493,454.342407,125,255,194,255,189,0,58,189,1,0,0,0,0,0,0,0
455.000000,454.812256,125,255,195,255,192,1,60,189,1,0,0,0,0,0,0,0
455.439575,455.281342,125,255,196,255,189,0,55,189,129,0,0,0,0,0,0,0
455.934052,455.750946,125,255,197,255,192,2,61,189,129,0,0,0,0,0,0,0
456.373627,456.219482,125,255,197,255,192,2,54,189,1,0,0,0,0,0,0,0
456.868134,456.689209,125,255,199,255,190,2,58,189,1,0,0,0,0,0,0,0
457.307678,457.158691,125,255,199,255,188,4,54,189,129,0,0,0,0,0,0,0
457.802185,457.628357,125,255,201,255,196,0,53,189,129,0,0,0,0,0,0,0
458.241760,458.096771,125,255,201,255,192,2,55,189,1,0,0,0,0,0,0,0
458.736267,458.566406,125,255,203,255,183,2,55,189,1,0,0,0,0,0,0,0
459.230774,459.035309,125,255,204,255,190,1,58,189,1,0,0,0,0,0,0,0
459.670319,459.505127,125,255,205,255,191,4,54,189,129,0,0,0,0,0,0,0
460.164825,459.974823,125,255,205,255,189,2,50,189,129,0,0,0,0,0,0,0
460.604401,460.443787,125,255,207,255,192,0,47,188,1,0,0,0,0,0,0,0
461.098907,460.913177,125,255,209,255,189,4,50,189,1,0,0,0,0,0,0,0
461.538452,461.382416,125,255,209,255,189,0,47,188,129,0,0,0,0,0,0,0
462.032959,461.851166,125,255,209,255,187,4,47,188,1,0,0,0,0,0,0,0
462.472534,462.320801,124,255,211,255,192,0,46,189,1,0,0,0,0,0,0,0
462.967041,462.790375,125,255,213,255,192,0,46,189,1,0,0,0,0,0,0,0
463.406586,463.259216,125,255,213,255,187,1,48,189,129,0,0,0,0,0,0,0
463.901093,463.728546,125,255,213,255,188,1,47,188,129,0,0,0,0,0,0,0
464.340668,464.197144,125,255,215,255,192,0,50,189,1,0,0,0,0,0,0,0
464.835175,464.666718,125,255,218,255,192,1,56,189,1,0,0,0,0,0,0,0
465.329681,465.135498,125,255,220,255,192,0,62,189,129,0,0,0,0,0,0,0
465.769226,465.604553,125,255,221,255,191,1,66,190,129,0,0,0,0,0,0,0
466.263733,466.072845,125,255,223,255,191,3,65,190,1,0,0,0,0,0,0,0
466.703308,466.542572,125,255,223,255,189,4,68,191,1,0,0,0,0,0,0,0
467.197815,467.011749,125,255,225,255,192,2,66,190,129,0,0,0,0,0,0,0
467.637360,467.481018,125,255,228,255,191,1,63,191,129,0,0,0,0,0,0,0
468.131866,467.949646,125,255,228,255,189,4,66,190,1,0,0,0,0,0,0,0
468.571442,468.419281,125,255,229,255,192,2,63,191,1,0,0,0,0,0,0,0
469.065948,468.888245,125,255,231,255,192,2,62,190,129,0,0,0,0,0,0,0
469.505493,469.357147,125,255,231,255,192,2,55,191,1,0,0,0,0,0,0,0
470.000000,469.827087,125,255,233,255,191,1,56,191,1,0,0,0,0,0,0,0
470.494507,470.296661,125,255,235,255,189,4,58,191,129,0,0,0,0,0,0,0
470.934052,470.765625,126,255,236,255,193,2,62,191,1,0,0,0,0,0,0,0
471.428558,471.235107,125,255,237,255,192,3,69,190,1,0,0,0,0,0,0,0
471.868134,471.704529,125,255,237,255,193,2,74,190,1,0,0,0,0,0,0,0
472.362640,472.173584,125,255,240,255,192,3,80,191,129,0,0,0,0,0,0,0
472.802185,472.643066,125,255,241,255,191,4,82,190,129,0,0,0,0,0,0,0
473.296692,473.111816,125,255,243,255,192,2,82,190,129,0,0,0,0,0,0,0
473.736267,473.581451,125,255,244,255,191,1,82,191,1,0,0,0,0,0,0,0
474.230774,474.051025,125,255,245,255,192,2,74,190,1,0,0,0,0,0,0,0
474.670319,474.519775,125,255,245,255,191,3,67,190,129,0,0,0,0,0,0,0
475.164825,474.989563,125,255,247,255,191,3,64,190,129,0,0,0,0,0,0,0
475.659332,475.458099,125,255,247,255,193,2,59,191,1,0,0,0,0,0,0,0
476.098907,475.926910,125,255,247,255,192,3,62,189,129,0,0,0,0,0,0,0
476.593414,476.396545,125,255,249,255,192,3,66,190,129,0,0,0,0,0,0,0
477.032959,476.866364,125,255,251,255,192,3,58,191,129,0,0,0,0,0,0,0
477.527466,477.335297,125,255,252,255,192,2,56,191,1,0,0,0,0,0,0,0
477.967041,477.805054,125,255,253,255,192,2,51,191,1,0,0,0,0,0,0,0
