0.000000,0.000000,121,140,10,94,59,199,80,183,0,0,0,0,0,0,0,0
0.274725,0.232485,121,141,12,98,55,201,76,183,0,0,0,0,0,0,0,0
0.494505,0.465940,120,144,12,98,57,199,69,183,128,0,0,0,0,0,0,0
0.714286,0.699140,121,145,11,97,67,199,66,183,0,0,0,0,0,0,0,0
0.934066,0.932138,121,144,13,94,66,199,66,183,128,0,0,0,0,0,0,0
1.208791,1.164828,121,143,10,89,73,199,63,184,0,0,0,0,0,0,0,0
1.428571,1.398232,121,141,9,85,83,202,58,184,0,0,0,0,0,0,0,0
1.648352,1.631535,121,136,10,79,98,201,48,184,128,0,0,0,0,0,0,0
1.868132,1.864581,121,134,10,79,110,200,40,184,0,0,0,0,0,0,0,0
2.142857,2.098038,121,132,10,80,125,201,35,184,128,0,0,0,0,0,0,0
2.362637,2.331033,121,133,10,80,114,197,33,184,0,0,0,0,0,0,0,0
2.582417,2.563312,120,133,10,86,102,204,48,181,0,0,0,0,0,0,0,0
2.802198,2.796370,120,135,12,90,87,200,60,184,128,0,0,0,0,0,0,0
3.076923,3.029664,120,137,10,95,54,200,94,185,0,0,0,0,0,0,0,0
3.296703,3.262660,121,141,12,98,45,200,96,183,128,0,0,0,0,0,0,0
3.516484,3.494989,121,143,10,95,39,201,91,183,0,0,0,0,0,0,0,0
3.736264,3.728191,121,143,11,94,54,201,86,183,0,0,0,0,0,0,0,0
3.956044,3.961290,121,145,12,91,70,199,68,182,128,0,0,0,0,0,0,0
4.230769,4.194233,120,143,11,90,81,202,60,184,0,0,0,0,0,0,0,0
4.450550,4.427689,121,141,11,88,95,202,48,181,128,0,0,0,0,0,0,0
4.670330,4.659816,121,140,10,88,91,199,41,184,0,0,0,0,0,0,0,0
4.890110,4.892915,121,141,11,90,93,200,61,183,0,0,0,0,0,0,0,0
5.164835,5.126114,120,137,10,88,81,205,56,184,128,0,0,0,0,0,0,0
5.384615,5.359366,121,133,8,75,92,201,58,184,0,0,0,0,0,0,0,0
5.604395,5.592617,121,127,8,73,112,201,40,184,128,0,0,0,0,0,0,0
5.824176,5.824949,121,127,9,74,133,200,30,183,128,0,0,0,0,0,0,0
6.098901,6.058252,121,127,8,78,138,200,16,183,0,0,0,0,0,0,0,0
6.318681,6.291145,121,127,9,82,127,201,30,184,128,0,0,0,0,0,0,0
6.538462,6.524141,120,129,10,82,97,197,55,183,0,0,0,0,0,0,0,0
6.758242,6.757392,119,132,9,88,63,201,79,182,128,0,0,0,0,0,0,0
7.032967,6.989619,120,135,11,87,51,199,90,183,128,0,0,0,0,0,0,0
7.252747,7.222513,121,135,11,87,57,199,89,183,0,0,0,0,0,0,0,0
7.472528,7.455869,121,135,11,85,66,199,76,183,128,0,0,0,0,0,0,0
7.692307,7.689173,121,135,10,81,91,199,70,182,0,0,0,0,0,0,0,0
7.967033,7.922220,120,135,10,84,112,201,47,184,128,0,0,0,0,0,0,0
8.186813,8.155318,121,133,11,87,123,201,44,184,0,0,0,0,0,0,0,0
8.406593,8.387903,121,135,13,87,109,201,43,184,0,0,0,0,0,0,0,0
8.626373,8.620796,121,139,14,97,86,198,68,183,128,0,0,0,0,0,0,0
8.901099,8.853895,120,141,14,97,59,200,80,182,0,0,0,0,0,0,0,0
9.120879,9.086225,121,140,12,87,43,200,108,183,128,0,0,0,0,0,0,0
9.340659,9.319374,121,139,11,85,63,200,90,182,0,0,0,0,0,0,0,0
9.560439,9.552269,120,135,8,78,98,199,76,182,0,0,0,0,0,0,0,0
9.835165,9.785623,121,131,10,74,123,200,37,181,128,0,0,0,0,0,0,0
10.054945,10.019282,121,127,9,74,166,200,0,184,0,0,0,0,0,0,0,0
10.274725,10.252944,120,125,9,74,158,201,0,182,128,0,0,0,0,0,0,0
10.494506,10.485018,120,124,9,72,148,204,17,183,128,0,0,0,0,0,0,0
10.714286,10.718269,120,125,9,79,114,198,68,182,0,0,0,0,0,0,0,0
10.989011,10.951730,120,129,12,87,73,202,92,183,128,0,0,0,0,0,0,0
11.208791,11.185031,120,133,11,96,61,197,99,182,0,0,0,0,0,0,0,0
11.428572,11.417975,121,140,11,100,40,200,112,183,128,0,0,0,0,0,0,0
11.648352,11.650512,121,145,11,94,40,200,109,183,128,0,0,0,0,0,0,0
11.923077,11.883559,121,144,9,95,54,201,100,183,0,0,0,0,0,0,0,0
12.142858,12.116862,121,141,11,88,83,199,70,183,128,0,0,0,0,0,0,0
12.362638,12.350010,121,139,10,79,118,201,36,182,0,0,0,0,0,0,0,0
12.582417,12.583161,120,135,10,78,144,201,18,183,128,0,0,0,0,0,0,0
12.857142,12.815389,121,133,8,75,150,201,14,184,128,0,0,0,0,0,0,0
13.076923,13.048743,120,126,7,65,131,202,18,183,0,0,0,0,0,0,0,0
13.296703,13.282249,121,122,9,70,118,197,44,184,128,0,0,0,0,0,0,0
13.516483,13.515246,121,124,9,79,128,202,56,184,0,0,0,0,0,0,0,0
13.791209,13.748497,120,127,9,79,96,198,65,181,128,0,0,0,0,0,0,0
14.010989,13.980930,121,129,9,79,82,204,77,184,128,0,0,0,0,0,0,0
14.230769,14.214286,121,132,9,88,85,205,84,183,0,0,0,0,0,0,0,0
14.450549,14.447433,121,133,11,86,70,200,90,183,128,0,0,0,0,0,0,0
14.725275,14.680737,120,133,9,78,75,198,71,182,0,0,0,0,0,0,0,0
14.945055,14.914142,120,132,10,75,102,204,47,182,128,0,0,0,0,0,0,0
15.164835,15.146777,121,129,10,76,123,200,42,184,128,0,0,0,0,0,0,0
15.384615,15.379725,121,125,7,67,126,200,39,184,0,0,0,0,0,0,0,0
15.659341,15.612823,121,125,12,74,138,204,46,184,128,0,0,0,0,0,0,0
15.879121,15.846074,120,126,8,82,123,199,42,184,0,0,0,0,0,0,0,0
16.098902,16.079121,121,127,7,77,112,201,74,183,128,0,0,0,0,0,0,0
16.318682,16.311144,120,129,10,79,93,199,79,183,128,0,0,0,0,0,0,0
16.593407,16.544601,121,131,10,85,82,201,88,183,0,0,0,0,0,0,0,0
16.813187,16.777803,121,133,10,80,92,199,82,183,128,0,0,0,0,0,0,0
17.032967,17.010902,121,131,10,78,102,199,65,183,0,0,0,0,0,0,0,0
17.252747,17.243382,120,127,9,74,129,200,48,183,0,0,0,0,0,0,0,0
17.527473,17.476791,121,124,8,67,140,200,26,184,128,0,0,0,0,0,0,0
17.747253,17.709888,121,122,9,72,153,200,18,184,0,0,0,0,0,0,0,0
17.967033,17.943190,121,125,8,79,134,199,24,184,128,0,0,0,0,0,0,0
18.186813,18.176289,121,127,12,86,99,199,60,185,0,0,0,0,0,0,0,0
18.461538,18.409491,121,129,9,84,82,199,87,183,128,0,0,0,0,0,0,0
18.681318,18.641615,120,132,11,83,57,200,110,182,128,0,0,0,0,0,0,0
18.901098,18.874866,120,131,10,79,70,200,114,183,0,0,0,0,0,0,0,0
19.120878,19.107916,120,131,10,80,90,198,82,182,128,0,0,0,0,0,0,0
19.340660,19.340963,120,129,9,75,116,200,48,181,0,0,0,0,0,0,0,0
19.615385,19.573137,121,127,9,78,147,201,30,184,0,0,0,0,0,0,0,0
19.835165,19.806698,121,126,7,70,151,199,15,184,128,0,0,0,0,0,0,0
20.054945,20.039640,120,124,8,72,142,197,36,182,0,0,0,0,0,0,0,0
20.274725,20.272688,120,123,9,73,127,201,51,184,128,0,0,0,0,0,0,0
20.549450,20.506096,120,125,9,79,104,200,76,183,0,0,0,0,0,0,0,0
20.769230,20.739193,121,127,9,78,97,204,82,183,128,0,0,0,0,0,0,0
20.989012,20.971422,121,132,10,88,94,201,80,183,128,0,0,0,0,0,0,0
21.208792,21.204674,120,133,11,82,74,203,92,183,0,0,0,0,0,0,0,0
21.483517,21.437771,121,131,10,74,90,202,86,183,128,0,0,0,0,0,0,0
21.703297,21.670872,121,127,9,73,115,200,64,182,0,0,0,0,0,0,0,0
21.923077,21.903147,121,127,10,75,150,201,28,185,128,0,0,0,0,0,0,0
22.142857,22.136349,121,127,9,79,143,200,25,184,128,0,0,0,0,0,0,0
22.417582,22.369448,121,127,9,77,119,200,32,184,0,0,0,0,0,0,0,0
22.637363,22.602648,120,129,11,82,100,199,70,182,128,0,0,0,0,0,0,0
22.857143,22.836103,121,131,10,83,88,201,87,183,0,0,0,0,0,0,0,0
23.076923,23.068384,121,133,11,86,76,200,104,183,128,0,0,0,0,0,0,0
23.351648,23.301582,120,131,11,82,82,197,86,182,128,0,0,0,0,0,0,0
23.571428,23.534683,120,129,6,76,96,199,67,182,0,0,0,0,0,0,0,0
23.791208,23.768038,120,127,12,73,135,204,38,181,128,0,0,0,0,0,0,0
24.010988,24.001135,121,125,10,67,159,200,9,185,0,0,0,0,0,0,0,0
24.285715,24.233311,120,125,7,72,156,198,5,182,128,0,0,0,0,0,0,0
24.505495,24.466667,119,124,7,76,129,202,27,184,128,0,0,0,0,0,0,0
24.725275,24.700329,119,125,11,79,107,199,70,182,0,0,0,0,0,0,0,0
24.945055,24.933323,120,127,9,85,79,195,88,183,128,0,0,0,0,0,0,0
25.219780,25.166628,121,129,10,83,73,203,105,183,0,0,0,0,0,0,0,0
25.439560,25.399057,121,127,7,78,86,201,92,183,128,0,0,0,0,0,0,0
25.659340,25.632515,121,125,9,71,114,199,70,183,128,0,0,0,0,0,0,0
25.879122,25.865665,121,124,8,72,156,200,47,184,0,0,0,0,0,0,0,0
26.153847,26.098814,121,123,8,74,163,202,8,184,128,0,0,0,0,0,0,0
26.373627,26.332066,121,124,9,74,148,205,23,183,0,0,0,0,0,0,0,0
26.593407,26.565369,120,125,7,75,113,202,44,181,128,0,0,0,0,0,0,0
26.813187,26.797443,121,125,7,78,91,202,86,183,128,0,0,0,0,0,0,0
27.032967,27.030851,121,125,9,75,79,204,97,183,0,0,0,0,0,0,0,0
27.307692,27.264050,120,128,10,81,95,201,92,183,128,0,0,0,0,0,0,0
27.527473,27.497250,120,129,10,80,103,199,77,182,0,0,0,0,0,0,0,0
27.747253,27.729683,120,127,7,81,126,201,56,183,128,0,0,0,0,0,0,0
27.967033,27.963089,121,129,9,82,136,199,46,183,128,0,0,0,0,0,0,0
28.241758,28.196190,120,129,10,78,135,199,42,181,0,0,0,0,0,0,0,0
28.461538,28.429235,121,129,11,80,119,202,51,181,128,0,0,0,0,0,0,0
28.681318,28.662691,119,131,12,79,108,201,67,180,0,0,0,0,0,0,0,0
28.901098,28.895020,121,131,10,82,93,200,71,182,128,0,0,0,0,0,0,0
29.175825,29.128019,121,129,10,74,103,200,75,183,128,0,0,0,0,0,0,0
29.395605,29.361269,121,127,10,75,114,201,57,184,0,0,0,0,0,0,0,0
29.615385,29.594622,121,127,9,75,126,201,58,184,128,0,0,0,0,0,0,0
29.835165,29.827620,121,125,9,73,134,200,40,184,0,0,0,0,0,0,0,0
30.109890,30.059795,120,125,7,72,138,199,39,184,0,0,0,0,0,0,0,0
30.329670,30.293201,120,125,9,72,130,198,42,183,128,0,0,0,0,0,0,0
30.549450,30.526455,121,124,9,71,117,197,58,184,0,0,0,0,0,0,0,0
30.769230,30.759398,121,122,9,68,110,201,60,184,128,0,0,0,0,0,0,0
31.043957,30.992752,121,121,9,68,120,201,57,184,0,0,0,0,0,0,0,0
31.263737,31.225800,121,121,7,67,134,202,50,184,128,0,0,0,0,0,0,0
31.483517,31.459461,121,119,8,70,145,201,40,184,128,0,0,0,0,0,0,0
31.703297,31.692612,121,120,9,75,135,202,42,184,0,0,0,0,0,0,0,0
31.978022,31.925758,121,121,11,76,132,200,54,183,128,0,0,0,0,0,0,0
32.197803,32.158241,119,125,12,81,109,197,74,182,128,0,0,0,0,0,0,0
32.417583,32.391495,120,127,12,79,94,197,83,183,0,0,0,0,0,0,0,0
32.637363,32.624699,121,129,10,85,77,201,106,184,128,0,0,0,0,0,0,0
32.912086,32.857792,121,131,9,80,88,198,91,183,0,0,0,0,0,0,0,0
33.131866,33.091095,121,127,7,68,96,200,71,184,128,0,0,0,0,0,0,0
33.351650,33.324196,119,125,9,75,146,203,38,181,0,0,0,0,0,0,0,0
33.571430,33.556271,121,127,12,80,175,202,9,184,0,0,0,0,0,0,0,0
33.846153,33.789673,121,127,7,78,146,197,11,184,128,0,0,0,0,0,0,0
34.065933,34.022720,120,127,7,74,104,204,59,183,0,0,0,0,0,0,0,0
34.285713,34.256180,120,127,11,75,78,199,94,183,128,0,0,0,0,0,0,0
34.505493,34.488354,121,129,8,82,85,199,93,183,128,0,0,0,0,0,0,0
34.780220,34.721661,121,128,10,79,103,200,76,182,0,0,0,0,0,0,0,0
35.000000,34.954552,121,129,10,79,118,201,55,184,128,0,0,0,0,0,0,0
35.219780,35.187805,121,129,9,80,118,199,51,183,0,0,0,0,0,0,0,0
35.439560,35.421158,120,132,10,80,107,198,55,183,128,0,0,0,0,0,0,0
35.659340,35.654308,120,131,11,81,103,201,64,183,0,0,0,0,0,0,0,0
35.934067,35.886585,120,132,10,82,91,199,72,182,0,0,0,0,0,0,0,0
36.153847,36.119839,121,131,12,80,97,197,71,184,128,0,0,0,0,0,0,0
36.373627,36.352936,121,129,10,72,105,199,50,185,0,0,0,0,0,0,0,0
36.593407,36.585831,120,129,8,70,115,197,62,183,128,0,0,0,0,0,0,0
36.868134,36.819084,120,127,11,78,120,202,41,181,0,0,0,0,0,0,0,0
37.087914,37.051514,121,126,9,74,126,199,54,183,0,0,0,0,0,0,0,0
37.307693,37.284615,121,127,9,75,127,201,38,184,128,0,0,0,0,0,0,0
37.527473,37.517761,121,127,10,71,116,202,48,184,0,0,0,0,0,0,0,0
37.802197,37.751320,120,127,9,74,112,199,56,184,128,0,0,0,0,0,0,0
38.021976,37.983753,121,127,9,78,107,200,58,183,0,0,0,0,0,0,0,0
38.241756,38.216747,121,128,11,80,108,200,62,184,0,0,0,0,0,0,0,0
38.461540,38.449799,121,129,10,86,101,197,64,184,128,0,0,0,0,0,0,0
38.736263,38.683052,121,132,8,83,96,200,71,183,0,0,0,0,0,0,0,0
38.956043,38.915943,120,133,11,88,85,201,70,182,128,0,0,0,0,0,0,0
39.175823,39.149090,120,133,10,86,79,201,75,182,0,0,0,0,0,0,0,0
39.395603,39.381680,121,135,10,90,89,200,75,183,0,0,0,0,0,0,0,0
39.670330,39.614979,121,135,12,87,96,199,64,183,128,0,0,0,0,0,0,0
39.890110,39.847927,121,137,11,89,96,198,55,183,0,0,0,0,0,0,0,0
40.109890,40.081230,121,137,11,88,91,201,59,184,128,0,0,0,0,0,0,0
40.329670,40.313610,121,133,10,78,87,206,64,184,0,0,0,0,0,0,0,0
40.604397,40.546814,120,131,11,73,95,195,53,184,0,0,0,0,0,0,0,0
40.824177,40.780064,121,127,12,74,118,202,46,184,128,0,0,0,0,0,0,0
41.043957,41.013569,120,126,9,75,134,200,18,184,0,0,0,0,0,0,0,0
41.263737,41.246670,121,126,9,80,136,200,22,184,128,0,0,0,0,0,0,0
41.538460,41.480022,120,129,11,83,105,197,39,182,0,0,0,0,0,0,0,0
41.758244,41.712250,120,135,12,90,73,200,69,182,0,0,0,0,0,0,0,0
41.978024,41.945812,120,137,10,91,36,200,103,182,128,0,0,0,0,0,0,0
42.197803,42.179268,121,140,11,94,37,200,107,183,0,0,0,0,0,0,0,0
42.472527,42.412521,121,143,11,95,45,201,91,183,128,0,0,0,0,0,0,0
42.692307,42.644749,120,141,10,91,66,199,83,183,0,0,0,0,0,0,0,0
42.912086,42.878204,121,141,11,88,94,201,58,183,0,0,0,0,0,0,0,0
43.131866,43.111252,121,141,10,88,101,199,39,184,128,0,0,0,0,0,0,0
43.351650,43.344604,120,141,12,87,98,204,46,184,0,0,0,0,0,0,0,0
43.626373,43.578266,121,139,11,88,91,201,47,184,128,0,0,0,0,0,0,0
43.846153,43.810802,121,136,10,80,91,201,48,184,0,0,0,0,0,0,0,0
44.065933,44.043797,120,133,10,81,95,203,48,184,0,0,0,0,0,0,0,0
44.285713,44.277103,119,132,10,79,99,197,50,184,128,0,0,0,0,0,0,0
44.560440,44.510250,120,129,8,74,106,201,42,184,0,0,0,0,0,0,0,0
44.780220,44.743347,121,129,9,78,118,201,35,184,128,0,0,0,0,0,0,0
45.000000,44.976395,121,127,7,74,99,198,42,184,0,0,0,0,0,0,0,0
45.219780,45.208828,120,127,11,77,112,201,42,184,0,0,0,0,0,0,0,0
45.494507,45.441925,120,127,9,82,101,198,40,184,128,0,0,0,0,0,0,0
45.714287,45.675179,121,133,11,90,77,198,67,183,0,0,0,0,0,0,0,0
45.934067,45.908276,120,137,11,98,60,200,78,182,128,0,0,0,0,0,0,0
46.153847,46.141018,121,141,11,104,36,200,104,183,0,0,0,0,0,0,0,0
46.428570,46.374573,121,145,11,104,26,201,110,183,0,0,0,0,0,0,0,0
46.648350,46.607571,121,147,11,95,29,199,112,181,128,0,0,0,0,0,0,0
46.868134,46.840618,120,145,11,90,43,202,90,183,0,0,0,0,0,0,0,0
47.087914,47.073971,121,145,9,91,79,198,59,183,128,0,0,0,0,0,0,0
47.362637,47.306252,120,141,11,91,103,201,39,184,0,0,0,0,0,0,0,0
47.582417,47.539295,121,140,10,88,118,195,19,184,0,0,0,0,0,0,0,0
47.802197,47.772804,120,138,12,83,113,199,37,181,128,0,0,0,0,0,0,0
48.021976,48.006058,121,133,9,79,89,200,48,184,0,0,0,0,0,0,0,0
48.296703,48.239105,120,134,10,82,91,206,59,184,128,0,0,0,0,0,0,0
48.516483,48.471382,121,135,12,90,86,199,56,184,128,0,0,0,0,0,0,0
48.736263,48.704994,121,137,12,91,71,201,64,182,0,0,0,0,0,0,0,0
48.956043,48.938095,121,141,12,97,60,199,67,183,128,0,0,0,0,0,0,0
49.230770,49.171295,121,141,11,96,49,199,72,183,0,0,0,0,0,0,0,0
49.450550,49.404850,121,143,10,96,52,204,71,183,128,0,0,0,0,0,0,0
49.670330,49.637493,121,144,12,95,58,200,63,184,0,0,0,0,0,0,0,0
49.890110,49.870537,121,143,11,91,62,201,58,184,0,0,0,0,0,0,0,0
50.164837,50.103737,121,142,11,88,70,199,58,183,128,0,0,0,0,0,0,0
50.384617,50.337040,121,140,11,85,77,199,55,184,0,0,0,0,0,0,0,0
50.604397,50.570190,121,137,11,83,87,202,51,184,128,0,0,0,0,0,0,0
50.824177,50.802368,120,135,10,84,97,201,48,183,128,0,0,0,0,0,0,0
51.098900,51.035721,121,133,10,79,102,200,40,184,0,0,0,0,0,0,0,0
51.318680,51.269073,121,133,10,84,99,200,44,184,128,0,0,0,0,0,0,0
51.538460,51.502327,121,135,9,87,100,200,43,184,0,0,0,0,0,0,0,0
51.758244,51.735477,121,137,11,96,75,198,55,184,128,0,0,0,0,0,0,0
51.978024,51.967857,121,140,10,96,53,200,67,183,128,0,0,0,0,0,0,0
52.252747,52.201214,121,143,12,99,40,200,88,183,0,0,0,0,0,0,0,0
52.472527,52.434517,121,146,11,98,42,200,84,183,128,0,0,0,0,0,0,0
52.692307,52.667664,121,147,12,94,43,200,87,183,0,0,0,0,0,0,0,0
52.912086,52.901070,121,144,12,85,67,200,76,182,128,0,0,0,0,0,0,0
53.186813,53.133553,120,140,10,88,81,199,51,183,128,0,0,0,0,0,0,0
53.406593,53.366703,121,141,10,90,110,201,22,184,0,0,0,0,0,0,0,0
53.626373,53.600212,120,141,12,87,95,200,27,182,128,0,0,0,0,0,0,0
53.846153,53.833668,121,140,10,87,95,199,48,182,0,0,0,0,0,0,0,0
54.120880,54.067020,120,141,10,94,63,200,70,182,128,0,0,0,0,0,0,0
54.340660,54.299252,120,143,11,96,49,200,76,183,128,0,0,0,0,0,0,0
54.560440,54.532349,121,145,11,96,44,201,84,183,0,0,0,0,0,0,0,0
54.780220,54.765293,121,146,14,95,48,199,76,183,128,0,0,0,0,0,0,0
55.054947,54.998390,121,145,11,96,52,201,70,183,0,0,0,0,0,0,0,0
55.274727,55.230671,121,144,11,92,65,199,60,184,128,0,0,0,0,0,0,0
55.494507,55.463974,121,143,10,89,83,199,39,184,0,0,0,0,0,0,0,0
55.714287,55.697277,121,141,11,88,90,199,36,182,0,0,0,0,0,0,0,0
55.989010,55.930428,121,141,10,96,79,199,41,184,128,0,0,0,0,0,0,0
56.208790,56.163578,120,141,12,87,67,199,56,184,0,0,0,0,0,0,0,0
56.428570,56.396931,121,141,12,91,56,200,64,183,128,0,0,0,0,0,0,0
56.648350,56.629208,121,141,11,94,53,199,78,184,128,0,0,0,0,0,0,0
56.923077,56.862717,121,143,10,96,52,201,71,183,0,0,0,0,0,0,0,0
57.142857,57.095818,121,145,13,91,58,201,66,183,128,0,0,0,0,0,0,0
57.362637,57.329121,120,144,11,91,67,199,64,182,0,0,0,0,0,0,0,0
57.582417,57.562370,121,141,10,92,79,199,47,184,128,0,0,0,0,0,0,0
57.857143,57.794907,121,141,11,92,84,199,48,184,128,0,0,0,0,0,0,0
58.076923,58.028210,120,141,12,89,79,198,43,182,0,0,0,0,0,0,0,0
58.296703,58.261356,121,143,12,93,72,199,59,182,128,0,0,0,0,0,0,0
58.516483,58.494556,120,141,10,88,59,204,64,182,0,0,0,0,0,0,0,0
58.791210,58.727245,120,139,10,83,54,203,76,181,128,0,0,0,0,0,0,0
59.010990,58.960602,121,137,10,86,68,200,64,183,128,0,0,0,0,0,0,0
59.230770,59.193855,120,135,10,86,93,201,42,182,0,0,0,0,0,0,0,0
59.450550,59.426952,121,135,11,91,104,200,35,184,128,0,0,0,0,0,0,0
59.725273,59.660511,120,137,11,91,91,200,50,184,0,0,0,0,0,0,0,0
59.945053,59.894016,121,141,11,94,67,200,54,183,128,0,0,0,0,0,0,0
60.164837,60.126396,120,143,10,98,54,197,82,183,128,0,0,0,0,0,0,0
60.384617,60.359653,121,143,11,96,41,200,92,183,0,0,0,0,0,0,0,0
60.659340,60.593315,121,144,11,95,53,201,80,183,128,0,0,0,0,0,0,0
60.879120,60.826668,120,145,12,100,65,200,70,182,0,0,0,0,0,0,0,0
61.098900,61.059101,121,148,12,96,65,199,64,183,128,0,0,0,0,0,0,0
61.318680,61.292145,121,147,11,95,62,201,67,183,128,0,0,0,0,0,0,0
61.593407,61.525349,121,148,14,97,58,202,59,185,0,0,0,0,0,0,0,0
61.813187,61.758751,120,146,13,96,59,201,71,183,128,0,0,0,0,0,0,0
62.032967,61.992313,120,143,11,88,76,200,50,181,0,0,0,0,0,0,0,0
62.252747,62.224640,121,141,10,88,91,202,47,185,128,0,0,0,0,0,0,0
62.472527,62.457943,121,137,10,83,95,199,33,184,128,0,0,0,0,0,0,0
62.747253,62.691353,121,135,10,78,95,200,41,183,0,0,0,0,0,0,0,0
62.967033,62.924553,121,133,10,79,90,204,46,184,128,0,0,0,0,0,0,0
63.186813,63.157700,119,133,11,81,95,205,45,181,0,0,0,0,0,0,0,0
63.406593,63.391262,121,135,11,85,84,201,61,183,128,0,0,0,0,0,0,0
63.681320,63.623642,120,137,12,91,68,202,66,183,128,0,0,0,0,0,0,0
63.901100,63.856689,121,138,10,93,54,201,71,183,0,0,0,0,0,0,0,0
64.120880,64.089684,120,137,9,90,58,201,74,183,128,0,0,0,0,0,0,0
64.340660,64.321960,121,141,12,91,68,199,70,182,128,0,0,0,0,0,0,0
64.615387,64.555061,121,141,11,95,71,198,58,183,128,0,0,0,0,0,0,0
64.835167,64.788315,120,141,11,96,72,200,66,184,128,0,0,0,0,0,0,0
65.054947,65.021820,120,140,10,84,82,200,55,184,0,0,0,0,0,0,0,0
65.274727,65.254921,121,140,10,95,80,200,59,184,128,0,0,0,0,0,0,0
65.549454,65.487968,121,141,12,89,72,198,64,183,0,0,0,0,0,0,0,0
65.769234,65.720551,120,144,11,100,65,198,67,182,0,0,0,0,0,0,0,0
65.989014,65.954163,120,145,14,93,60,201,80,183,128,0,0,0,0,0,0,0
66.208794,66.187263,120,145,12,97,52,200,80,183,0,0,0,0,0,0,0,0
66.483513,66.420311,121,145,11,96,60,199,70,182,128,0,0,0,0,0,0,0
66.703300,66.653664,120,145,12,102,67,200,64,182,0,0,0,0,0,0,0,0
66.923080,66.886452,121,145,12,92,75,200,54,182,128,0,0,0,0,0,0,0
67.142860,67.119453,121,144,10,90,66,201,56,183,128,0,0,0,0,0,0,0
67.417580,67.352753,120,141,10,88,72,199,56,183,0,0,0,0,0,0,0,0
67.637360,67.586006,121,139,10,83,71,202,48,183,128,0,0,0,0,0,0,0
67.857140,67.819359,121,137,10,88,91,202,38,183,0,0,0,0,0,0,0,0
68.076920,68.051537,120,139,10,87,88,201,43,182,128,0,0,0,0,0,0,0
68.351646,68.284737,121,140,11,92,75,199,46,184,128,0,0,0,0,0,0,0
68.571426,68.518196,119,141,11,91,51,201,61,181,0,0,0,0,0,0,0,0
68.791206,68.751755,120,140,10,90,53,200,75,182,128,0,0,0,0,0,0,0
69.010986,68.983978,121,141,12,94,53,200,71,182,128,0,0,0,0,0,0,0
69.285713,69.217232,120,140,12,89,57,198,70,182,0,0,0,0,0,0,0,0
69.505493,69.450638,120,139,11,88,69,200,56,184,128,0,0,0,0,0,0,0
69.725273,69.684097,120,138,10,83,79,196,52,183,0,0,0,0,0,0,0,0
69.945053,69.917191,120,137,8,89,87,198,38,184,128,0,0,0,0,0,0,0
70.219780,70.150703,120,137,12,87,89,199,52,184,0,0,0,0,0,0,0,0
70.439560,70.383339,120,137,11,89,75,199,62,183,128,0,0,0,0,0,0,0
70.659340,70.616592,120,140,11,89,69,198,70,182,128,0,0,0,0,0,0,0
70.879120,70.849640,120,139,10,94,55,201,75,183,0,0,0,0,0,0,0,0
71.153847,71.083199,121,141,12,98,66,201,66,182,128,0,0,0,0,0,0,0
71.373627,71.316345,121,145,11,96,59,201,70,183,0,0,0,0,0,0,0,0
71.593407,71.548676,121,145,14,101,55,204,74,183,0,0,0,0,0,0,0,0
71.813187,71.782028,121,149,14,99,43,198,74,182,128,0,0,0,0,0,0,0
72.032967,72.015587,120,150,12,106,37,200,80,183,0,0,0,0,0,0,0,0
72.307693,72.248840,121,149,11,100,40,200,82,183,128,0,0,0,0,0,0,0
72.527473,72.481995,121,148,13,95,53,201,70,183,0,0,0,0,0,0,0,0
72.747253,72.714165,120,143,10,84,71,199,54,183,0,0,0,0,0,0,0,0
72.967033,72.947418,121,140,10,83,110,199,30,183,128,0,0,0,0,0,0,0
73.241760,73.180466,120,137,10,85,118,199,18,183,0,0,0,0,0,0,0,0
73.461540,73.413818,121,135,10,89,103,201,24,183,128,0,0,0,0,0,0,0
73.681320,73.646301,120,137,11,88,87,200,42,181,0,0,0,0,0,0,0,0
73.901100,73.879860,120,139,11,90,61,201,71,182,0,0,0,0,0,0,0,0
74.175827,74.113014,121,140,11,93,42,200,81,183,128,0,0,0,0,0,0,0
74.395607,74.346214,121,141,13,95,43,200,87,183,0,0,0,0,0,0,0,0
74.615387,74.579567,121,144,11,98,46,200,75,183,128,0,0,0,0,0,0,0
74.835167,74.813026,121,141,10,90,55,201,70,183,0,0,0,0,0,0,0,0
75.109894,75.045303,121,140,11,86,72,199,54,183,0,0,0,0,0,0,0,0
75.329674,75.278458,120,137,10,90,98,199,46,184,128,0,0,0,0,0,0,0
75.549454,75.511703,120,137,11,86,96,199,34,184,0,0,0,0,0,0,0,0
75.769234,75.745056,121,137,11,90,94,200,48,184,128,0,0,0,0,0,0,0
76.043953,75.977493,120,137,10,87,77,201,59,184,0,0,0,0,0,0,0,0
76.263733,76.210533,120,138,11,88,59,201,74,182,0,0,0,0,0,0,0,0
76.483513,76.443794,120,140,11,92,63,201,79,182,128,0,0,0,0,0,0,0
76.703300,76.676735,121,144,14,98,60,201,75,183,0,0,0,0,0,0,0,0
76.978020,76.909935,121,145,11,97,53,199,80,183,128,0,0,0,0,0,0,0
77.197800,77.143440,121,147,11,96,52,201,79,183,0,0,0,0,0,0,0,0
77.417580,77.376030,120,145,14,90,56,200,75,181,0,0,0,0,0,0,0,0
77.637360,77.609077,120,144,9,88,69,195,52,183,128,0,0,0,0,0,0,0
77.912086,77.842430,121,143,11,87,85,200,48,184,0,0,0,0,0,0,0,0
78.131866,78.075890,121,141,10,90,87,201,35,184,128,0,0,0,0,0,0,0
78.351646,78.308372,120,140,10,90,89,199,40,184,0,0,0,0,0,0,0,0
78.571426,78.541573,121,139,10,83,88,199,48,183,0,0,0,0,0,0,0,0
78.846153,78.775032,120,139,10,90,70,195,64,182,128,0,0,0,0,0,0,0
79.065933,79.008232,121,137,11,96,73,198,57,184,0,0,0,0,0,0,0,0
79.285713,79.241325,121,141,11,96,71,203,67,182,128,0,0,0,0,0,0,0
79.505493,79.473610,121,145,13,96,53,200,72,182,0,0,0,0,0,0,0,0
79.780220,79.707062,120,145,14,96,40,201,82,183,0,0,0,0,0,0,0,0
80.000000,79.940315,121,145,12,94,48,201,80,183,128,0,0,0,0,0,0,0
80.219780,80.173622,120,145,12,94,62,200,65,181,0,0,0,0,0,0,0,0
80.439560,80.406921,120,143,11,94,81,199,53,181,128,0,0,0,0,0,0,0
80.714287,80.639557,120,144,11,96,71,198,38,181,128,0,0,0,0,0,0,0
80.934067,80.872810,121,141,11,89,77,199,52,184,0,0,0,0,0,0,0,0
81.153847,81.105911,120,141,10,88,71,200,55,184,128,0,0,0,0,0,0,0
81.373627,81.338852,121,140,9,90,73,200,64,184,0,0,0,0,0,0,0,0
81.593407,81.572052,121,139,10,86,70,199,60,184,128,0,0,0,0,0,0,0
81.868134,81.804337,120,139,12,86,75,198,60,183,0,0,0,0,0,0,0,0
82.087914,82.037430,121,137,8,85,82,199,51,184,0,0,0,0,0,0,0,0
82.307693,82.270782,120,136,11,83,89,199,47,184,128,0,0,0,0,0,0,0
82.527473,82.504189,121,135,10,79,92,195,45,184,0,0,0,0,0,0,0,0
82.802200,82.737396,121,135,10,85,91,200,54,183,128,0,0,0,0,0,0,0
83.021980,82.969719,121,137,11,90,81,198,52,183,0,0,0,0,0,0,0,0
83.241760,83.203232,120,137,10,92,70,201,64,182,0,0,0,0,0,0,0,0
83.461540,83.436638,121,140,10,97,64,196,75,183,128,0,0,0,0,0,0,0
83.736267,83.669937,119,143,12,93,51,199,80,183,0,0,0,0,0,0,0,0
83.956047,83.903084,121,141,10,91,49,199,96,184,128,0,0,0,0,0,0,0
84.175827,84.135674,120,141,12,90,65,201,67,182,128,0,0,0,0,0,0,0
84.395607,84.369133,120,140,11,90,87,199,60,184,0,0,0,0,0,0,0,0
84.670326,84.602386,119,139,12,88,101,203,39,184,128,0,0,0,0,0,0,0
84.890106,84.835533,120,137,11,91,102,199,42,184,0,0,0,0,0,0,0,0
85.109894,85.069038,119,139,12,90,96,200,45,180,128,0,0,0,0,0,0,0
85.329674,85.301422,119,140,11,96,74,199,70,180,0,0,0,0,0,0,0,0
85.604393,85.534569,120,143,11,94,55,197,72,182,0,0,0,0,0,0,0,0
85.824173,85.767563,121,142,14,91,50,202,87,183,128,0,0,0,0,0,0,0
86.043953,86.000816,121,143,10,89,59,200,78,182,0,0,0,0,0,0,0,0
86.263733,86.234070,121,139,11,87,79,202,61,184,128,0,0,0,0,0,0,0
86.538460,86.466660,121,137,10,86,99,199,39,184,128,0,0,0,0,0,0,0
86.758240,86.700066,121,135,11,80,107,200,31,183,0,0,0,0,0,0,0,0
86.978020,86.933472,121,135,10,82,107,199,38,184,128,0,0,0,0,0,0,0
87.197800,87.166672,120,134,10,80,96,198,37,184,0,0,0,0,0,0,0,0
87.472527,87.399971,121,133,11,79,83,201,60,184,128,0,0,0,0,0,0,0
87.692307,87.632454,121,135,10,87,69,200,66,182,0,0,0,0,0,0,0,0
87.912086,87.866066,121,135,13,90,67,199,78,183,0,0,0,0,0,0,0,0
88.131866,88.099319,120,137,12,92,65,198,71,182,128,0,0,0,0,0,0,0
88.406593,88.332520,120,139,10,92,67,200,76,183,0,0,0,0,0,0,0,0
88.626373,88.565056,120,140,11,93,70,199,68,183,0,0,0,0,0,0,0,0
88.846153,88.798920,120,141,12,91,71,200,64,181,128,0,0,0,0,0,0,0
89.065933,89.032120,121,143,11,90,79,199,65,183,0,0,0,0,0,0,0,0
89.340660,89.265320,121,141,14,89,75,202,64,182,128,0,0,0,0,0,0,0
89.560440,89.498726,119,140,8,83,81,201,59,181,0,0,0,0,0,0,0,0
89.780220,89.731415,121,135,8,80,91,202,48,181,128,0,0,0,0,0,0,0
90.000000,89.964516,121,132,10,75,113,208,40,183,128,0,0,0,0,0,0,0
90.274727,90.197769,120,129,10,74,126,201,32,184,0,0,0,0,0,0,0,0
90.494507,90.430862,121,127,9,76,123,202,35,183,128,0,0,0,0,0,0,0
90.714287,90.664063,121,129,10,82,112,199,48,182,0,0,0,0,0,0,0,0
90.934067,90.897057,121,133,9,89,89,198,57,183,128,0,0,0,0,0,0,0
91.153847,91.129440,120,135,10,94,75,199,70,182,128,0,0,0,0,0,0,0
91.428574,91.362793,121,139,14,94,38,200,107,181,0,0,0,0,0,0,0,0
91.648354,91.596306,121,143,11,96,37,200,102,183,128,0,0,0,0,0,0,0
91.868134,91.829399,119,141,12,92,46,200,94,184,0,0,0,0,0,0,0,0
92.087914,92.062759,120,141,10,91,61,199,70,182,128,0,0,0,0,0,0,0
92.362640,92.295242,121,141,12,90,88,198,59,181,128,0,0,0,0,0,0,0
92.582420,92.528542,120,141,11,87,101,204,41,182,0,0,0,0,0,0,0,0
92.802200,92.761696,120,141,10,88,95,200,42,183,128,0,0,0,0,0,0,0
93.021980,92.995148,121,139,11,86,96,198,51,183,0,0,0,0,0,0,0,0
93.296700,93.228912,121,137,10,80,84,202,62,184,128,0,0,0,0,0,0,0
93.516487,93.461349,120,135,10,80,82,197,58,183,128,0,0,0,0,0,0,0
93.736267,93.694496,121,131,9,75,103,199,50,184,0,0,0,0,0,0,0,0
93.956047,93.928001,121,129,10,76,122,199,35,182,128,0,0,0,0,0,0,0
94.230766,94.161407,121,127,9,75,130,200,26,184,0,0,0,0,0,0,0,0
94.450546,94.393684,120,126,9,75,119,199,26,183,128,0,0,0,0,0,0,0
94.670326,94.626785,121,127,10,77,102,198,50,183,128,0,0,0,0,0,0,0
94.890106,94.860191,121,127,12,81,89,197,56,184,0,0,0,0,0,0,0,0
95.164833,95.093651,120,132,14,88,78,201,70,186,128,0,0,0,0,0,0,0
95.384613,95.326851,121,133,11,90,67,199,80,183,0,0,0,0,0,0,0,0
95.604393,95.559998,120,137,10,94,55,200,97,183,128,0,0,0,0,0,0,0
95.824173,95.792633,120,141,10,96,60,201,96,182,128,0,0,0,0,0,0,0
96.098900,96.026451,120,140,11,89,62,201,96,182,0,0,0,0,0,0,0,0
96.318680,96.259705,120,140,11,87,83,201,70,182,128,0,0,0,0,0,0,0
96.538460,96.492798,119,139,8,83,106,199,51,181,0,0,0,0,0,0,0,0
96.758240,96.725334,120,136,10,84,115,198,40,180,128,0,0,0,0,0,0,0
97.032967,96.958794,121,133,10,82,122,198,38,181,128,0,0,0,0,0,0,0
97.252747,97.191940,121,133,10,84,115,204,48,183,0,0,0,0,0,0,0,0
97.472527,97.425095,121,133,8,83,98,201,52,183,128,0,0,0,0,0,0,0
97.692307,97.658295,121,135,8,83,88,201,61,183,0,0,0,0,0,0,0,0
97.967033,97.890930,120,137,10,88,68,202,75,183,128,0,0,0,0,0,0,0
98.186813,98.123924,120,135,11,88,70,200,84,183,128,0,0,0,0,0,0,0
98.406593,98.357124,119,133,10,78,90,199,70,182,0,0,0,0,0,0,0,0
98.626373,98.590378,121,129,8,75,114,199,50,183,128,0,0,0,0,0,0,0
98.901100,98.824188,121,127,9,78,133,199,20,184,0,0,0,0,0,0,0,0
99.120880,99.056526,121,127,12,79,130,199,22,183,128,0,0,0,0,0,0,0
99.340660,99.289825,120,129,11,86,115,200,32,182,128,0,0,0,0,0,0,0
99.560440,99.523079,120,133,10,86,102,199,60,183,0,0,0,0,0,0,0,0
99.835167,99.756332,120,133,8,83,60,197,96,182,128,0,0,0,0,0,0,0
100.054947,99.989532,119,135,11,88,49,197,106,180,0,0,0,0,0,0,0,0
100.274727,100.221962,119,137,10,88,60,201,92,183,0,0,0,0,0,0,0,0
100.494507,100.455368,120,135,10,83,81,199,66,182,128,0,0,0,0,0,0,0
100.769234,100.688622,120,133,10,78,120,201,44,182,0,0,0,0,0,0,0,0
100.989014,100.921768,120,129,10,78,131,200,26,183,128,0,0,0,0,0,0,0
101.208794,101.155174,121,129,8,78,142,200,18,184,0,0,0,0,0,0,0,0
101.428574,101.388374,120,132,10,84,120,203,41,183,128,0,0,0,0,0,0,0
101.648354,101.620552,120,135,10,87,89,199,62,183,128,0,0,0,0,0,0,0
101.923080,101.853699,120,137,12,96,53,199,94,183,0,0,0,0,0,0,0,0
102.142860,102.087265,120,139,12,89,35,200,112,182,128,0,0,0,0,0,0,0
102.362640,102.320313,120,139,11,90,55,200,105,182,0,0,0,0,0,0,0,0
102.582420,102.552643,120,139,10,87,76,199,76,182,128,0,0,0,0,0,0,0
102.857140,102.785889,120,135,10,80,116,200,47,183,128,0,0,0,0,0,0,0
103.076920,103.019447,120,133,10,82,128,200,26,181,0,0,0,0,0,0,0,0
103.296700,103.252495,121,134,10,81,123,203,19,183,128,0,0,0,0,0,0,0
103.516487,103.485596,120,131,11,75,111,197,42,182,0,0,0,0,0,0,0,0
103.791206,103.718338,120,129,10,73,107,200,48,182,128,0,0,0,0,0,0,0
104.010986,103.951889,119,129,10,79,96,200,67,182,128,0,0,0,0,0,0,0
104.230766,104.184837,120,129,7,76,90,201,67,183,0,0,0,0,0,0,0,0
104.450546,104.417992,121,127,12,78,91,201,70,183,128,0,0,0,0,0,0,0
104.725273,104.651543,120,128,10,79,114,201,51,183,0,0,0,0,0,0,0,0
104.945053,104.884239,121,132,10,83,107,200,55,184,0,0,0,0,0,0,0,0
105.164833,105.117279,120,135,10,86,93,204,54,183,128,0,0,0,0,0,0,0
105.384613,105.350487,121,137,11,95,70,201,76,182,0,0,0,0,0,0,0,0
105.659340,105.584045,119,141,11,95,47,200,89,183,128,0,0,0,0,0,0,0
105.879120,105.817398,121,144,12,91,43,200,102,182,0,0,0,0,0,0,0,0
106.098900,106.049622,121,143,12,91,55,200,93,183,128,0,0,0,0,0,0,0
106.318680,106.282570,120,140,11,85,75,199,74,182,128,0,0,0,0,0,0,0
106.593407,106.515976,120,137,8,78,106,202,52,181,0,0,0,0,0,0,0,0
106.813187,106.749176,120,132,10,69,136,202,27,183,128,0,0,0,0,0,0,0
107.032967,106.982430,121,125,9,67,164,200,0,182,0,0,0,0,0,0,0,0
107.252747,107.215012,120,123,9,72,160,200,0,182,0,0,0,0,0,0,0,0
107.527473,107.448677,120,124,8,73,146,201,16,182,128,0,0,0,0,0,0,0
107.747253,107.681931,120,125,12,85,110,200,60,183,0,0,0,0,0,0,0,0
107.967033,107.915329,120,131,11,90,75,199,86,182,128,0,0,0,0,0,0,0
108.186813,108.148735,120,136,14,96,34,200,116,183,0,0,0,0,0,0,0,0
108.461540,108.381378,120,139,12,95,35,200,114,183,128,0,0,0,0,0,0,0
108.681320,108.614426,120,143,12,92,39,200,103,182,128,0,0,0,0,0,0,0
108.901100,108.847878,120,141,10,86,70,199,83,183,0,0,0,0,0,0,0,0
109.120880,109.081390,120,137,11,82,95,199,59,184,128,0,0,0,0,0,0,0
109.395607,109.315048,121,131,10,78,142,200,30,183,0,0,0,0,0,0,0,0
109.615387,109.547226,121,127,8,72,160,200,2,184,0,0,0,0,0,0,0,0
109.835167,109.780373,121,125,9,74,152,201,7,184,128,0,0,0,0,0,0,0
110.054947,110.013474,120,125,9,79,140,200,19,183,0,0,0,0,0,0,0,0
110.329674,110.246826,120,129,10,84,103,199,69,183,128,0,0,0,0,0,0,0
110.549454,110.479980,121,132,10,85,66,197,96,183,0,0,0,0,0,0,0,0
110.769234,110.712357,121,133,10,87,62,199,104,183,0,0,0,0,0,0,0,0
110.989014,110.945869,121,135,10,87,62,201,95,184,128,0,0,0,0,0,0,0
111.263733,111.179474,120,137,11,83,81,199,75,183,0,0,0,0,0,0,0,0
111.483513,111.412575,120,137,11,86,85,199,62,184,128,0,0,0,0,0,0,0
111.703300,111.645828,120,135,8,79,99,196,44,184,0,0,0,0,0,0,0,0
111.923080,111.878311,121,133,9,79,113,201,42,184,128,0,0,0,0,0,0,0
112.197800,112.111923,121,132,10,76,116,199,44,184,128,0,0,0,0,0,0,0
112.417580,112.345070,120,131,12,82,114,199,48,183,0,0,0,0,0,0,0,0
112.637360,112.578270,120,133,11,88,98,200,61,183,128,0,0,0,0,0,0,0
112.857140,112.810753,121,134,11,88,83,199,77,183,128,0,0,0,0,0,0,0
113.076920,113.044159,120,133,10,81,71,200,87,183,0,0,0,0,0,0,0,0
113.351646,113.277260,120,132,10,79,91,201,76,183,128,0,0,0,0,0,0,0
113.571426,113.510506,120,132,10,79,116,199,51,181,0,0,0,0,0,0,0,0
113.791206,113.743759,120,131,10,82,129,200,34,182,128,0,0,0,0,0,0,0
114.010986,113.977112,121,132,11,81,118,205,29,184,0,0,0,0,0,0,0,0
114.285713,114.209496,120,132,11,89,97,198,47,181,0,0,0,0,0,0,0,0
114.505493,114.442802,120,134,12,86,99,202,60,181,128,0,0,0,0,0,0,0
114.725273,114.675896,120,135,11,86,67,201,76,182,0,0,0,0,0,0,0,0
114.945053,114.908997,120,135,11,86,65,199,98,182,128,0,0,0,0,0,0,0
115.219780,115.141380,120,137,9,88,73,197,70,182,0,0,0,0,0,0,0,0
115.439560,115.374939,120,137,11,87,84,198,74,183,0,0,0,0,0,0,0,0
115.659340,115.608139,120,135,10,86,94,199,53,183,128,0,0,0,0,0,0,0
115.879120,115.841187,119,133,12,81,107,199,48,181,0,0,0,0,0,0,0,0
116.153847,116.074745,121,132,10,79,115,199,38,182,128,0,0,0,0,0,0,0
116.373627,116.307945,120,129,10,76,114,200,39,180,0,0,0,0,0,0,0,0
116.593407,116.540222,121,128,9,75,124,199,36,184,0,0,0,0,0,0,0,0
116.813187,116.773323,121,127,9,74,113,200,42,182,128,0,0,0,0,0,0,0
117.087914,117.006882,121,128,10,83,106,202,55,183,0,0,0,0,0,0,0,0
117.307693,117.240234,120,129,10,81,96,199,64,182,128,0,0,0,0,0,0,0
117.527473,117.472618,120,131,9,84,84,199,76,182,0,0,0,0,0,0,0,0
117.747253,117.705666,121,132,9,78,81,201,80,183,0,0,0,0,0,0,0,0
118.021980,117.938919,121,132,10,80,97,200,67,183,128,0,0,0,0,0,0,0
118.241760,118.172165,120,129,10,81,99,199,55,184,0,0,0,0,0,0,0,0
118.461540,118.405266,120,129,8,78,111,199,48,184,128,0,0,0,0,0,0,0
118.681320,118.637749,121,127,9,77,119,200,39,184,0,0,0,0,0,0,0,0
118.956047,118.871361,120,128,10,78,124,197,39,182,0,0,0,0,0,0,0,0
119.175827,119.104767,120,129,12,83,114,202,57,183,128,0,0,0,0,0,0,0
119.395607,119.337860,121,131,9,88,92,200,74,183,0,0,0,0,0,0,0,0
119.615387,119.571014,121,133,10,88,81,199,82,183,128,0,0,0,0,0,0,0
119.890106,119.804367,121,135,10,82,78,202,83,183,0,0,0,0,0,0,0,0
120.109894,120.036644,121,135,11,85,80,199,75,183,0,0,0,0,0,0,0,0
120.329674,120.269897,120,135,11,87,95,200,66,182,128,0,0,0,0,0,0,0
120.549454,120.502998,121,135,10,84,100,201,54,184,0,0,0,0,0,0,0,0
120.824173,120.736244,121,134,10,82,113,200,47,184,128,0,0,0,0,0,0,0
121.043953,120.968681,121,133,10,75,104,204,45,182,0,0,0,0,0,0,0,0
121.263733,121.202141,121,127,8,72,112,200,50,183,0,0,0,0,0,0,0,0
121.483513,121.435440,121,127,9,80,123,199,39,184,128,0,0,0,0,0,0,0
121.758240,121.668694,120,129,13,81,113,200,38,182,0,0,0,0,0,0,0,0
121.978020,121.901947,119,132,10,88,100,198,55,181,128,0,0,0,0,0,0,0
122.197800,122.135452,120,133,12,88,92,201,72,182,0,0,0,0,0,0,0,0
122.417580,122.367989,120,135,10,88,69,199,85,183,0,0,0,0,0,0,0,0
122.637360,122.601189,120,135,10,88,54,201,100,180,128,0,0,0,0,0,0,0
122.912086,122.834488,120,135,10,88,79,199,70,182,0,0,0,0,0,0,0,0
123.131866,123.067848,120,135,11,90,103,199,56,183,128,0,0,0,0,0,0,0
123.351646,123.300125,121,137,10,88,115,201,34,182,0,0,0,0,0,0,0,0
123.571426,123.533226,120,140,10,91,93,199,48,181,0,0,0,0,0,0,0,0
123.846153,123.766426,120,141,12,99,70,198,71,182,128,0,0,0,0,0,0,0
124.065933,123.999825,121,145,11,102,47,200,94,183,0,0,0,0,0,0,0,0
124.285713,124.233032,121,149,13,100,45,200,95,183,128,0,0,0,0,0,0,0
124.505493,124.465256,121,149,11,99,45,200,88,183,0,0,0,0,0,0,0,0
124.780220,124.698662,120,145,12,88,59,200,78,183,0,0,0,0,0,0,0,0
125.000000,124.932327,120,139,9,78,82,201,62,181,128,0,0,0,0,0,0,0
125.219780,125.165421,121,132,8,73,122,199,22,184,0,0,0,0,0,0,0,0
125.439560,125.398415,120,125,9,68,166,200,0,182,128,0,0,0,0,0,0,0
125.714287,125.631210,120,124,9,70,161,200,0,182,128,0,0,0,0,0,0,0
125.934067,125.864464,120,125,9,78,147,200,0,182,0,0,0,0,0,0,0,0
126.153847,126.097610,120,125,9,80,118,195,43,181,128,0,0,0,0,0,0,0
126.373627,126.330963,120,129,11,88,66,200,80,182,0,0,0,0,0,0,0,0
126.648354,126.564369,120,135,10,91,43,200,111,182,128,0,0,0,0,0,0,0
126.868134,126.796646,121,137,12,96,40,200,100,183,0,0,0,0,0,0,0,0
127.087914,127.029800,120,141,14,100,41,200,98,182,0,0,0,0,0,0,0,0
127.307693,127.262947,121,143,14,98,55,201,90,183,128,0,0,0,0,0,0,0
127.582420,127.496101,120,145,14,95,72,200,70,183,0,0,0,0,0,0,0,0
127.802200,127.729141,121,145,10,98,71,200,67,183,128,0,0,0,0,0,0,0
128.021973,127.961678,121,145,14,91,78,199,62,184,128,0,0,0,0,0,0,0
128.241760,128.195190,120,143,12,92,85,199,59,184,0,0,0,0,0,0,0,0
128.516479,128.428284,120,143,10,92,89,199,56,184,128,0,0,0,0,0,0,0
128.736267,128.661438,120,141,11,90,85,199,61,183,0,0,0,0,0,0,0,0
128.956039,128.895050,121,141,10,86,86,199,62,183,128,0,0,0,0,0,0,0
129.175827,129.127640,121,137,10,82,91,201,59,184,128,0,0,0,0,0,0,0
129.450546,129.360840,120,133,10,79,107,200,39,182,0,0,0,0,0,0,0,0
129.670334,129.594086,120,132,9,80,115,201,35,180,128,0,0,0,0,0,0,0
129.890106,129.827652,119,132,11,80,106,197,22,182,0,0,0,0,0,0,0,0
130.109894,130.060135,120,133,12,86,108,197,42,182,128,0,0,0,0,0,0,0
130.384613,130.293274,120,134,10,84,87,201,49,181,0,0,0,0,0,0,0,0
130.604401,130.526382,119,135,11,90,63,200,83,182,0,0,0,0,0,0,0,0
130.824173,130.759933,120,141,11,98,41,200,83,183,128,0,0,0,0,0,0,0
131.043961,130.993195,121,144,11,98,41,200,86,183,0,0,0,0,0,0,0,0
131.318680,131.226379,121,145,11,96,42,200,84,183,128,0,0,0,0,0,0,0
131.538467,131.458664,121,144,12,94,50,201,82,183,128,0,0,0,0,0,0,0
131.758240,131.692322,121,145,9,91,76,199,70,183,0,0,0,0,0,0,0,0
131.978027,131.925629,121,144,11,92,86,199,38,182,128,0,0,0,0,0,0,0
132.197800,132.158829,120,142,11,96,90,199,47,184,0,0,0,0,0,0,0,0
132.472534,132.392136,121,143,12,91,89,201,44,184,128,0,0,0,0,0,0,0
132.692307,132.624878,120,141,11,85,79,198,54,183,0,0,0,0,0,0,0,0
132.912094,132.857971,121,141,12,91,75,199,62,183,0,0,0,0,0,0,0,0
133.131866,133.091125,121,141,11,93,67,199,63,183,128,0,0,0,0,0,0,0
133.406601,133.324326,120,141,14,95,65,200,67,183,0,0,0,0,0,0,0,0
133.626373,133.556763,120,141,10,92,63,199,55,184,128,0,0,0,0,0,0,0
133.846161,133.790009,121,141,10,92,63,201,59,184,128,0,0,0,0,0,0,0
134.065933,134.023315,120,142,10,88,63,200,56,184,0,0,0,0,0,0,0,0
134.340652,134.256454,120,140,11,86,65,201,59,183,128,0,0,0,0,0,0,0
134.560440,134.489716,120,139,10,88,80,200,43,182,0,0,0,0,0,0,0,0
134.780212,134.723068,121,137,12,87,82,199,38,184,128,0,0,0,0,0,0,0
135.000000,134.955353,120,138,10,87,81,200,47,183,128,0,0,0,0,0,0,0
135.274719,135.188858,120,137,9,90,75,202,50,183,0,0,0,0,0,0,0,0
135.494507,135.421844,121,137,10,86,66,200,60,184,128,0,0,0,0,0,0,0
135.714279,135.655258,120,140,11,91,67,200,66,183,0,0,0,0,0,0,0,0
135.934067,135.888046,121,143,12,99,55,200,64,184,128,0,0,0,0,0,0,0
136.208786,136.121750,120,145,14,99,50,200,75,183,128,0,0,0,0,0,0,0
136.428574,136.354965,120,145,11,102,46,200,73,182,0,0,0,0,0,0,0,0
136.648346,136.588165,121,149,12,104,46,200,73,183,128,0,0,0,0,0,0,0
136.868134,136.821518,121,149,14,102,46,200,66,183,0,0,0,0,0,0,0,0
137.142853,137.055130,120,149,11,96,47,200,67,182,128,0,0,0,0,0,0,0
137.362640,137.287292,121,149,10,95,49,200,62,181,128,0,0,0,0,0,0,0
137.582413,137.520447,120,145,11,92,59,200,51,183,0,0,0,0,0,0,0,0
137.802200,137.753799,119,143,12,98,79,202,42,183,128,0,0,0,0,0,0,0
138.076920,137.987000,120,145,12,98,82,200,38,182,0,0,0,0,0,0,0,0
138.296707,138.220047,121,147,11,93,61,200,60,183,128,0,0,0,0,0,0,0
138.516479,138.452377,120,145,13,90,42,200,78,182,128,0,0,0,0,0,0,0
138.736267,138.686142,121,143,10,92,42,199,70,182,0,0,0,0,0,0,0,0
139.010986,138.920120,120,144,11,94,64,199,59,184,128,0,0,0,0,0,0,0
139.230774,139.153778,121,144,11,98,68,199,43,182,0,0,0,0,0,0,0,0
139.450546,139.386673,120,145,14,98,62,200,48,183,128,0,0,0,0,0,0,0
139.670334,139.620331,120,148,14,102,45,200,59,183,128,0,0,0,0,0,0,0
139.945053,139.854355,120,149,14,98,44,200,64,183,0,0,0,0,0,0,0,0
140.164841,140.088058,121,147,12,96,44,200,63,183,128,0,0,0,0,0,0,0
140.384613,140.322083,121,147,12,91,43,200,62,184,0,0,0,0,0,0,0,0
140.604401,140.555847,121,145,11,98,43,201,63,181,128,0,0,0,0,0,0,0
140.879120,140.788788,119,148,10,101,63,199,54,184,128,0,0,0,0,0,0,0
141.098907,141.022446,121,151,15,98,54,199,59,183,0,0,0,0,0,0,0,0
141.318680,141.256058,120,149,11,102,36,200,70,182,128,0,0,0,0,0,0,0
141.538467,141.489883,121,149,13,98,36,200,78,183,0,0,0,0,0,0,0,0
141.813187,141.723129,120,149,11,99,38,200,68,182,128,0,0,0,0,0,0,0
142.032974,141.956894,120,149,12,98,56,200,59,183,128,0,0,0,0,0,0,0
142.252747,142.190704,120,149,13,101,64,202,48,184,0,0,0,0,0,0,0,0
142.472534,142.424683,121,151,13,103,53,201,55,183,128,0,0,0,0,0,0,0
142.747253,142.658447,119,151,14,106,32,199,58,183,0,0,0,0,0,0,0,0
142.967026,142.892776,121,153,11,100,32,200,75,182,128,0,0,0,0,0,0,0
143.186813,143.126114,121,151,13,96,32,200,64,182,128,0,0,0,0,0,0,0
143.406601,143.359833,120,148,12,96,37,200,71,182,0,0,0,0,0,0,0,0
143.681320,143.593491,119,145,10,89,68,199,46,184,128,0,0,0,0,0,0,0
143.901093,143.827209,120,142,10,89,83,199,34,182,0,0,0,0,0,0,0,0
144.120880,144.060364,120,142,12,92,92,199,23,182,128,0,0,0,0,0,0,0
144.340652,144.294174,120,142,14,93,80,203,38,181,128,0,0,0,0,0,0,0
144.615387,144.527939,121,145,11,104,58,202,55,183,0,0,0,0,0,0,0,0
144.835159,144.761642,120,145,11,102,28,201,74,182,128,0,0,0,0,0,0,0
145.054947,144.995316,120,151,15,107,29,201,75,182,0,0,0,0,0,0,0,0
145.274719,145.229645,121,153,13,104,29,200,72,183,128,0,0,0,0,0,0,0
145.549454,145.463455,121,153,11,105,29,200,75,183,128,0,0,0,0,0,0,0
145.769226,145.697784,121,153,14,106,29,201,71,183,0,0,0,0,0,0,0,0
145.989014,145.932205,120,156,15,106,29,200,70,182,128,0,0,0,0,0,0,0
146.263733,146.166840,120,157,15,104,36,200,66,182,0,0,0,0,0,0,0,0
146.483521,146.400253,120,157,14,108,37,200,64,182,128,0,0,0,0,0,0,0
146.703293,146.634415,120,156,15,108,37,200,59,183,128,0,0,0,0,0,0,0
146.923080,146.868851,120,157,14,106,37,200,64,182,0,0,0,0,0,0,0,0
147.197800,147.103180,120,157,13,106,37,200,60,184,128,0,0,0,0,0,0,0
147.417587,147.337662,121,159,15,110,36,200,60,183,0,0,0,0,0,0,0,0
147.637360,147.572342,121,159,15,107,36,200,58,183,128,0,0,0,0,0,0,0
147.857147,147.805954,121,160,14,110,36,200,64,183,128,0,0,0,0,0,0,0
148.131866,148.040283,121,161,12,108,36,200,55,184,0,0,0,0,0,0,0,0
148.351654,148.274658,120,161,14,106,36,200,48,184,128,0,0,0,0,0,0,0
148.571426,148.508224,121,156,14,99,36,200,51,183,0,0,0,0,0,0,0,0
148.791214,148.743408,120,153,11,98,37,200,47,184,128,0,0,0,0,0,0,0
149.065933,148.976517,120,151,14,98,40,201,50,184,128,0,0,0,0,0,0,0
149.285721,149.210327,121,151,14,102,52,200,47,183,0,0,0,0,0,0,0,0
149.505493,149.444092,121,153,15,106,52,200,46,184,128,0,0,0,0,0,0,0
149.725281,149.678467,120,153,14,107,52,201,48,183,0,0,0,0,0,0,0,0
150.000000,149.912033,120,156,12,108,51,201,50,183,0,0,0,0,0,0,0,0
150.219788,150.146667,120,157,13,111,52,201,55,183,128,0,0,0,0,0,0,0
150.439560,150.381042,121,161,12,116,52,200,56,183,0,0,0,0,0,0,0,0
150.714279,150.615417,121,165,15,124,52,201,56,183,128,0,0,0,0,0,0,0
150.934067,150.849854,121,167,15,124,52,200,58,184,0,0,0,0,0,0,0,0
151.153839,151.084335,121,172,14,128,51,200,58,184,128,0,0,0,0,0,0,0
151.373627,151.317947,121,173,15,127,53,201,64,183,128,0,0,0,0,0,0,0
151.648346,151.552628,121,176,16,129,51,200,58,183,0,0,0,0,0,0,0,0
151.868134,151.787216,120,179,15,134,51,200,64,182,128,0,0,0,0,0,0,0
152.087906,152.022003,120,181,15,131,51,200,64,183,0,0,0,0,0,0,0,0
152.307693,152.256424,121,183,18,136,51,201,64,183,128,0,0,0,0,0,0,0
152.582413,152.490189,121,187,17,140,51,201,66,182,128,0,0,0,0,0,0,0
152.802200,152.724518,120,189,18,143,53,200,58,183,0,0,0,0,0,0,0,0
153.021973,152.959000,120,191,20,147,54,200,60,183,128,0,0,0,0,0,0,0
153.241760,153.193573,121,197,18,152,51,200,64,182,0,0,0,0,0,0,0,0
153.516479,153.427856,121,199,19,153,51,201,63,184,128,0,0,0,0,0,0,0
153.736267,153.661362,121,201,20,155,51,200,56,183,128,0,0,0,0,0,0,0
153.956039,153.895584,121,203,18,152,53,200,64,182,0,0,0,0,0,0,0,0
154.230774,154.130066,120,205,19,155,51,200,64,182,128,0,0,0,0,0,0,0
154.450546,154.364395,120,209,20,159,55,201,55,183,0,0,0,0,0,0,0,0
154.670334,154.599091,120,208,19,156,51,201,61,183,128,0,0,0,0,0,0,0
154.890106,154.832642,120,208,19,155,51,201,62,183,128,0,0,0,0,0,0,0
155.164841,155.066925,121,208,19,158,51,201,62,183,0,0,0,0,0,0,0,0
155.384613,155.301239,121,209,19,161,52,200,63,183,128,0,0,0,0,0,0,0
155.604401,155.535934,121,209,22,162,53,201,62,183,0,0,0,0,0,0,0,0
155.824173,155.770157,120,211,22,163,52,201,67,183,128,0,0,0,0,0,0,0
156.098907,156.003662,120,213,20,165,52,201,66,183,128,0,0,0,0,0,0,0
156.318680,156.238297,121,215,21,170,52,200,67,182,0,0,0,0,0,0,0,0
156.538467,156.472626,120,219,22,171,52,200,64,182,128,0,0,0,0,0,0,0
156.758240,156.706848,120,220,23,170,52,201,62,184,0,0,0,0,0,0,0,0
157.032974,156.941376,121,220,23,173,52,200,60,183,128,0,0,0,0,0,0,0
157.252747,157.174881,120,221,22,171,52,201,64,183,128,0,0,0,0,0,0,0
157.472534,157.409058,121,222,21,174,52,200,64,183,0,0,0,0,0,0,0,0
157.692307,157.643387,121,223,21,171,52,200,60,183,128,0,0,0,0,0,0,0
157.967026,157.877808,121,221,23,170,52,200,64,183,0,0,0,0,0,0,0,0
158.186813,158.112198,120,221,23,171,52,200,64,183,128,0,0,0,0,0,0,0
158.406601,158.345444,120,221,19,165,52,201,58,183,128,0,0,0,0,0,0,0
158.681320,158.579666,121,217,20,161,53,201,64,183,0,0,0,0,0,0,0,0
158.901093,158.814148,120,215,22,160,52,201,60,183,128,0,0,0,0,0,0,0
159.120880,159.048630,120,213,19,162,52,201,63,183,0,0,0,0,0,0,0,0
159.340652,159.282913,121,215,21,167,52,201,59,183,128,0,0,0,0,0,0,0
159.615387,159.516571,120,215,22,168,52,200,58,183,0,0,0,0,0,0,0,0
159.835159,159.750946,120,217,22,170,52,201,58,183,0,0,0,0,0,0,0,0
160.054947,159.985428,120,218,20,167,52,200,58,183,128,0,0,0,0,0,0,0
160.274719,160.219864,121,217,22,170,51,201,64,183,0,0,0,0,0,0,0,0
160.549454,160.454239,121,217,23,168,52,201,58,183,128,0,0,0,0,0,0,0
160.769226,160.687637,120,219,20,170,52,201,58,184,128,0,0,0,0,0,0,0
160.989014,160.921814,121,219,19,166,52,200,58,183,0,0,0,0,0,0,0,0
161.208786,161.156082,121,219,21,168,52,201,64,182,128,0,0,0,0,0,0,0
161.483521,161.390472,121,217,19,166,52,200,58,184,0,0,0,0,0,0,0,0
161.703293,161.625046,121,217,19,168,53,199,68,183,128,0,0,0,0,0,0,0
161.923080,161.858658,120,220,22,170,52,200,55,184,0,0,0,0,0,0,0,0
162.142853,162.093201,120,220,20,168,52,200,64,183,0,0,0,0,0,0,0,0
162.417587,162.327576,120,219,19,166,52,201,59,183,128,0,0,0,0,0,0,0
162.637360,162.562149,120,219,22,168,52,200,64,183,0,0,0,0,0,0,0,0
162.857147,162.795609,120,219,22,165,51,201,59,183,128,0,0,0,0,0,0,0
163.131866,163.029831,121,217,22,164,52,200,56,184,128,0,0,0,0,0,0,0
163.351654,163.264160,121,216,19,166,52,201,63,183,0,0,0,0,0,0,0,0
163.571426,163.498489,121,215,19,167,52,201,63,184,128,0,0,0,0,0,0,0
163.791214,163.733017,121,215,19,164,52,200,60,183,0,0,0,0,0,0,0,0
164.065933,163.967499,121,216,19,163,52,200,60,184,128,0,0,0,0,0,0,0
164.285721,164.201263,120,215,19,163,52,200,64,182,128,0,0,0,0,0,0,0
164.505493,164.435486,120,213,19,161,52,200,58,183,0,0,0,0,0,0,0,0
164.725281,164.669769,120,213,19,160,52,201,64,183,128,0,0,0,0,0,0,0
165.000000,164.904251,121,212,20,160,52,201,58,184,0,0,0,0,0,0,0,0
165.219788,165.138519,120,213,21,161,52,200,63,183,128,0,0,0,0,0,0,0
165.439560,165.371979,120,212,20,162,51,200,58,184,128,0,0,0,0,0,0,0
165.659348,165.606308,120,211,19,159,54,200,60,183,0,0,0,0,0,0,0,0
165.934067,165.840424,121,209,21,158,53,201,58,184,128,0,0,0,0,0,0,0
166.153839,166.075165,121,209,19,159,51,200,55,184,0,0,0,0,0,0,0,0
166.373627,166.309601,120,209,19,160,53,200,59,184,128,0,0,0,0,0,0,0
166.648346,166.543106,121,211,19,162,52,200,55,184,0,0,0,0,0,0,0,0
166.868134,166.777527,120,209,20,157,51,201,58,183,0,0,0,0,0,0,0,0
167.087906,167.011810,121,209,19,155,53,201,56,183,128,0,0,0,0,0,0,0
167.307693,167.246292,121,209,19,157,51,201,61,184,0,0,0,0,0,0,0,0
167.582413,167.480667,121,209,20,157,52,200,51,184,128,0,0,0,0,0,0,0
167.802200,167.714127,120,209,19,154,51,201,56,183,128,0,0,0,0,0,0,0
168.021973,167.948456,121,205,18,147,53,200,60,183,0,0,0,0,0,0,0,0
168.241760,168.182526,121,204,19,150,53,200,58,184,128,0,0,0,0,0,0,0
168.516479,168.417465,121,203,18,155,53,201,59,183,0,0,0,0,0,0,0,0
168.736267,168.651794,121,205,20,159,52,201,58,183,128,0,0,0,0,0,0,0
168.956039,168.885452,121,209,22,162,52,201,60,184,128,0,0,0,0,0,0,0
169.175827,169.119675,121,211,20,162,52,201,63,184,0,0,0,0,0,0,0,0
169.450546,169.354050,121,211,20,162,52,201,60,184,128,0,0,0,0,0,0,0
169.670334,169.588531,120,212,20,160,53,200,55,183,0,0,0,0,0,0,0,0
169.890106,169.822754,120,213,21,160,52,201,63,184,128,0,0,0,0,0,0,0
170.109894,170.057297,120,212,22,160,52,201,63,183,0,0,0,0,0,0,0,0
170.384613,170.290695,121,212,20,162,51,200,55,184,0,0,0,0,0,0,0,0
170.604401,170.525024,120,211,19,157,53,201,64,182,128,0,0,0,0,0,0,0
170.824173,170.759659,121,209,19,155,51,200,62,184,0,0,0,0,0,0,0,0
171.098907,170.994034,120,209,19,155,51,201,63,184,128,0,0,0,0,0,0,0
171.318680,171.227386,120,209,20,160,52,200,63,183,128,0,0,0,0,0,0,0
171.538467,171.461868,121,209,22,162,52,200,64,182,0,0,0,0,0,0,0,0
171.758240,171.696243,121,212,19,163,52,201,60,184,128,0,0,0,0,0,0,0
172.032974,171.930420,120,211,22,162,52,201,60,184,0,0,0,0,0,0,0,0
172.252747,172.164703,120,213,19,163,52,199,58,183,128,0,0,0,0,0,0,0
172.472534,172.399170,120,213,19,163,52,200,59,183,0,0,0,0,0,0,0,0
172.692307,172.632889,121,213,21,161,52,201,58,183,0,0,0,0,0,0,0,0
172.967026,172.867172,120,213,19,160,52,201,58,183,128,0,0,0,0,0,0,0
173.186813,173.101593,121,211,21,160,52,201,55,183,0,0,0,0,0,0,0,0
173.406601,173.336121,121,211,19,159,53,201,63,184,128,0,0,0,0,0,0,0
173.626373,173.569946,120,210,20,160,52,200,56,183,0,0,0,0,0,0,0,0
173.901093,173.804489,120,209,21,159,51,200,58,183,0,0,0,0,0,0,0,0
174.120880,174.038757,120,209,19,159,51,201,64,182,128,0,0,0,0,0,0,0
174.340652,174.273132,121,209,19,160,52,201,59,183,0,0,0,0,0,0,0,0
174.615387,174.507507,121,211,19,163,52,200,62,183,128,0,0,0,0,0,0,0
174.835159,174.741837,121,211,19,162,52,200,62,184,0,0,0,0,0,0,0,0
175.054947,174.975235,120,211,19,159,51,200,59,183,0,0,0,0,0,0,0,0
175.274719,175.209366,120,213,19,162,52,200,62,183,128,0,0,0,0,0,0,0
175.549454,175.444000,121,213,20,167,52,201,64,182,0,0,0,0,0,0,0,0
175.769226,175.678482,121,216,23,168,52,200,64,182,128,0,0,0,0,0,0,0
175.989014,175.912033,120,216,19,169,52,200,59,183,0,0,0,0,0,0,0,0
176.208786,176.146317,120,215,19,163,52,201,63,183,0,0,0,0,0,0,0,0
176.483521,176.380737,121,215,19,161,52,201,59,183,128,0,0,0,0,0,0,0
176.703293,176.614960,120,213,20,161,52,201,59,183,0,0,0,0,0,0,0,0
176.923080,176.849442,120,212,20,162,52,201,62,183,128,0,0,0,0,0,0,0
177.142853,177.083817,120,213,19,165,51,200,64,182,0,0,0,0,0,0,0,0
177.417587,177.317230,120,213,19,162,52,201,58,184,0,0,0,0,0,0,0,0
177.637360,177.551453,120,213,22,161,52,200,62,181,128,0,0,0,0,0,0,0
177.857147,177.786087,120,213,20,160,52,201,54,183,0,0,0,0,0,0,0,0
178.076920,178.020508,121,212,22,162,52,201,59,182,128,0,0,0,0,0,0,0
178.351654,178.254028,120,211,22,159,53,200,60,183,0,0,0,0,0,0,0,0
178.571426,178.488510,121,212,22,159,51,200,58,183,0,0,0,0,0,0,0,0
178.791214,178.722931,121,211,22,163,52,200,58,183,128,0,0,0,0,0,0,0
179.065933,178.957367,121,209,19,159,51,200,64,183,0,0,0,0,0,0,0,0
179.285721,179.191788,120,209,21,155,51,201,58,183,128,0,0,0,0,0,0,0
179.505493,179.426270,121,209,21,159,53,201,62,184,0,0,0,0,0,0,0,0
179.725281,179.659622,120,209,21,158,51,200,62,184,0,0,0,0,0,0,0,0
180.000000,179.893799,120,210,19,159,51,201,60,183,128,0,0,0,0,0,0,0
180.219788,180.128326,120,211,20,163,53,200,64,182,0,0,0,0,0,0,0,0
180.439560,180.362961,120,212,19,166,52,200,59,183,128,0,0,0,0,0,0,0
180.659348,180.597351,121,213,22,166,52,201,58,183,0,0,0,0,0,0,0,0
180.934067,180.830948,121,214,22,165,52,201,58,183,0,0,0,0,0,0,0,0
181.153839,181.065292,121,215,20,163,52,201,59,184,128,0,0,0,0,0,0,0
181.373627,181.299606,120,213,22,161,52,200,58,183,0,0,0,0,0,0,0,0
181.593399,181.533829,121,213,19,161,52,201,59,184,128,0,0,0,0,0,0,0
181.868134,181.768219,121,212,19,159,54,200,56,184,0,0,0,0,0,0,0,0
182.087906,182.001923,121,211,19,160,52,199,63,184,0,0,0,0,0,0,0,0
182.307693,182.236252,120,209,21,159,51,200,57,183,128,0,0,0,0,0,0,0
182.527466,182.470734,120,209,19,159,52,200,62,183,0,0,0,0,0,0,0,0
182.802200,182.705322,120,209,19,160,52,201,58,183,128,0,0,0,0,0,0,0
183.021973,182.939178,121,209,19,162,52,201,59,184,0,0,0,0,0,0,0,0
183.241760,183.173508,121,213,19,169,52,200,58,184,128,0,0,0,0,0,0,0
183.516479,183.407684,120,215,21,171,52,201,60,183,128,0,0,0,0,0,0,0
183.736267,183.641953,120,219,23,168,50,201,50,183,0,0,0,0,0,0,0,0
183.956039,183.876740,121,217,22,163,51,200,58,184,128,0,0,0,0,0,0,0
184.175827,184.110962,121,215,22,160,52,201,58,183,0,0,0,0,0,0,0,0
184.450546,184.344482,120,213,20,161,52,200,58,183,0,0,0,0,0,0,0,0
184.670334,184.578751,120,211,19,159,51,201,62,183,128,0,0,0,0,0,0,0
184.890106,184.813232,120,211,20,158,52,201,56,184,0,0,0,0,0,0,0,0
185.109894,185.047714,121,211,19,159,51,200,63,184,128,0,0,0,0,0,0,0
185.384613,185.282303,121,213,19,163,52,200,64,183,0,0,0,0,0,0,0,0
185.604401,185.515854,120,215,19,169,51,200,62,184,128,0,0,0,0,0,0,0
185.824173,185.750076,120,218,23,170,52,201,58,183,128,0,0,0,0,0,0,0
186.043961,185.984512,120,219,20,168,50,201,58,183,0,0,0,0,0,0,0,0
186.318680,186.218842,120,219,20,170,52,201,56,183,128,0,0,0,0,0,0,0
186.538467,186.453262,120,221,19,170,52,201,58,183,0,0,0,0,0,0,0,0
186.758240,186.686722,121,221,19,170,52,201,58,183,0,0,0,0,0,0,0,0
187.032974,186.921204,121,219,22,165,51,200,59,184,128,0,0,0,0,0,0,0
187.252747,187.155487,120,219,22,166,52,200,64,182,0,0,0,0,0,0,0,0
187.472534,187.390121,120,219,19,167,53,200,58,183,128,0,0,0,0,0,0,0
187.692307,187.624588,120,218,19,170,51,200,59,183,0,0,0,0,0,0,0,0
187.967026,187.857956,120,220,22,173,52,201,56,183,128,0,0,0,0,0,0,0
188.186813,188.092224,121,221,21,174,52,201,59,183,128,0,0,0,0,0,0,0
188.406601,188.326492,121,224,20,175,52,201,58,183,0,0,0,0,0,0,0,0
188.626373,188.560623,120,225,23,182,51,201,58,184,128,0,0,0,0,0,0,0
188.901093,188.795258,121,227,22,178,53,199,58,184,0,0,0,0,0,0,0,0
189.120880,189.028809,121,229,21,179,53,200,55,183,0,0,0,0,0,0,0,0
189.340652,189.263245,121,229,21,179,52,200,58,184,128,0,0,0,0,0,0,0
189.560440,189.497726,121,229,21,178,52,201,60,184,0,0,0,0,0,0,0,0
189.835159,189.731033,121,229,21,177,52,200,60,184,0,0,0,0,0,0,0,0
190.054947,189.966171,121,228,20,175,50,201,60,184,0,0,0,0,0,0,0,0
190.274719,190.199844,121,227,23,175,52,200,60,183,0,0,0,0,0,0,0,0
190.494507,190.434113,120,225,22,176,51,200,59,183,128,0,0,0,0,0,0,0
190.769226,190.668396,120,225,22,178,53,200,64,183,0,0,0,0,0,0,0,0
190.989014,190.902771,121,227,21,176,52,201,59,183,128,0,0,0,0,0,0,0
191.208786,191.137146,121,227,22,176,52,200,62,184,0,0,0,0,0,0,0,0
191.483521,191.370911,120,228,23,177,52,200,66,183,0,0,0,0,0,0,0,0
191.703293,191.605545,120,228,23,179,52,201,62,183,128,0,0,0,0,0,0,0
191.923080,191.840027,120,229,23,178,52,200,58,183,0,0,0,0,0,0,0,0
192.142853,192.074295,121,229,20,177,53,200,62,184,128,0,0,0,0,0,0,0
192.417587,192.308990,120,229,20,179,52,200,63,183,0,0,0,0,0,0,0,0
192.637360,192.542587,121,229,21,179,52,201,63,184,0,0,0,0,0,0,0,0
192.857147,192.776978,120,230,23,183,53,201,62,183,128,0,0,0,0,0,0,0
193.076920,193.011139,121,231,23,179,52,201,55,183,0,0,0,0,0,0,0,0
193.351654,193.245834,120,231,23,179,52,200,67,183,128,0,0,0,0,0,0,0
193.571426,193.480576,120,229,23,179,53,200,52,183,0,0,0,0,0,0,0,0
193.791214,193.714081,121,231,22,184,53,200,63,184,128,0,0,0,0,0,0,0
194.010986,193.948654,120,233,21,183,52,200,58,183,128,0,0,0,0,0,0,0
194.285721,194.183350,120,233,24,184,52,200,62,184,0,0,0,0,0,0,0,0
194.505493,194.417770,120,233,21,183,52,200,54,184,128,0,0,0,0,0,0,0
194.725281,194.652298,121,233,22,182,53,200,51,184,0,0,0,0,0,0,0,0
195.000000,194.885864,121,232,22,179,52,200,55,183,128,0,0,0,0,0,0,0
195.219788,195.119934,120,229,22,176,52,200,58,183,128,0,0,0,0,0,0,0
195.439560,195.354614,121,229,20,175,52,200,56,184,0,0,0,0,0,0,0,0
195.659348,195.588943,121,229,20,175,52,200,60,184,128,0,0,0,0,0,0,0
195.934067,195.823318,121,228,22,178,52,200,58,184,0,0,0,0,0,0,0,0
196.153839,196.056580,120,229,21,181,53,200,57,183,128,0,0,0,0,0,0,0
196.373627,196.290955,121,231,23,185,53,200,60,183,128,0,0,0,0,0,0,0
196.593399,196.525436,120,231,23,182,53,199,60,183,0,0,0,0,0,0,0,0
196.868134,196.760025,121,233,22,185,52,200,59,184,128,0,0,0,0,0,0,0
197.087906,196.994553,120,231,21,182,52,200,64,183,0,0,0,0,0,0,0,0
197.307693,197.228058,120,233,24,182,53,201,62,183,0,0,0,0,0,0,0,0
197.527466,197.462280,120,233,22,179,53,200,58,184,128,0,0,0,0,0,0,0
197.802200,197.696609,120,231,20,177,52,200,64,182,0,0,0,0,0,0,0,0
198.021973,197.931244,121,231,20,178,52,200,64,182,128,0,0,0,0,0,0,0
198.241760,198.164597,120,229,21,179,52,200,62,183,128,0,0,0,0,0,0,0
198.461533,198.398926,121,229,23,178,53,201,58,184,0,0,0,0,0,0,0,0
198.736267,198.633255,120,229,22,179,52,200,63,184,128,0,0,0,0,0,0,0
198.956039,198.867828,121,231,21,183,52,200,60,183,0,0,0,0,0,0,0,0
199.175827,199.102112,120,233,21,185,52,200,55,183,128,0,0,0,0,0,0,0
199.450546,199.335510,120,233,21,185,52,200,58,183,128,0,0,0,0,0,0,0
199.670334,199.568924,120,233,21,185,52,200,58,183,128,0,0,0,0,0,0,0
199.890106,199.803497,120,233,21,185,52,200,58,183,128,0,0,0,0,0,0,0
200.109894,200.045563,120,233,21,185,52,200,58,183,128,0,0,0,0,0,0,0
200.384613,200.287720,120,233,21,185,52,200,58,183,128,0,0,0,0,0,0,0
200.604401,200.529938,120,233,21,185,52,200,58,183,128,0,0,0,0,0,0,0
200.879120,200.772034,120,233,21,185,52,200,58,183,128,0,0,0,0,0,0,0
201.098907,201.014053,120,233,21,185,52,200,58,183,128,0,0,0,0,0,0,0
201.373627,201.256210,120,233,21,185,52,200,58,183,128,0,0,0,0,0,0,0
201.593399,201.498322,120,233,21,185,52,200,58,183,128,0,0,0,0,0,0,0
201.813187,201.740585,120,233,21,185,52,200,58,183,128,0,0,0,0,0,0,0
202.087906,201.982635,120,233,21,185,52,200,58,183,128,0,0,0,0,0,0,0
202.307693,202.224792,120,233,21,185,52,200,58,183,128,0,0,0,0,0,0,0
202.582413,202.466904,120,233,21,185,52,200,58,183,128,0,0,0,0,0,0,0
202.802200,202.709015,120,233,21,185,52,200,58,183,128,0,0,0,0,0,0,0
203.021973,202.951080,120,233,21,185,52,200,58,183,128,0,0,0,0,0,0,0
203.296707,203.193283,120,233,21,185,52,200,58,183,128,0,0,0,0,0,0,0
203.516479,203.435394,120,233,21,185,52,200,58,183,128,0,0,0,0,0,0,0
203.791214,203.677399,52,233,21,185,52,200,58,183,128,0,0,0,0,0,0,0
204.010986,203.920578,52,233,21,185,52,200,58,183,128,0,0,0,0,0,0,0
204.230774,204.162689,52,233,21,185,52,200,58,183,128,0,0,0,0,0,0,0
204.505493,204.405823,255,233,21,185,52,200,58,183,128,0,0,0,0,0,0,0
204.725281,204.647888,255,233,21,185,52,200,58,183,128,0,0,0,0,0,0,0
205.000000,204.890350,255,233,21,185,52,200,58,183,128,0,0,0,0,0,0,0
205.219788,205.132568,255,233,21,185,52,200,58,183,128,0,0,0,0,0,0,0
205.494507,205.374573,255,233,21,185,52,200,58,183,128,0,0,0,0,0,0,0
205.714279,205.616837,255,233,21,185,52,200,58,183,128,0,0,0,0,0,0,0
205.934067,205.858887,255,233,21,185,52,200,58,183,128,0,0,0,0,0,0,0
206.208786,206.100998,255,233,21,185,52,200,58,183,128,0,0,0,0,0,0,0
206.428574,206.343201,255,233,21,185,52,200,58,183,128,0,0,0,0,0,0,0
206.703293,206.585419,255,233,21,185,52,200,58,183,128,0,0,0,0,0,0,0
206.923080,206.827377,255,233,21,185,52,200,58,183,128,0,0,0,0,0,0,0
207.142853,207.069382,255,233,21,185,52,200,58,183,128,0,0,0,0,0,0,0
207.417587,207.311539,255,233,21,185,52,200,58,183,128,0,0,0,0,0,0,0
207.637360,207.553604,255,233,21,185,52,200,58,183,128,0,0,0,0,0,0,0
207.912094,207.795868,114,233,21,185,52,200,58,183,128,0,0,0,0,0,0,0
208.131866,208.037918,114,233,21,185,52,200,58,183,128,0,0,0,0,0,0,0
208.351654,208.280182,114,233,21,185,52,200,58,183,128,0,0,0,0,0,0,0
208.626373,208.522339,114,233,21,185,52,200,58,183,128,0,0,0,0,0,0,0
208.846161,208.764343,114,233,21,185,52,200,58,183,128,0,0,0,0,0,0,0
209.120880,209.007278,10,233,21,185,52,200,58,183,128,0,0,0,0,0,0,0
209.340652,209.249634,10,233,21,185,52,200,58,183,128,0,0,0,0,0,0,0
209.560440,209.491699,10,233,21,185,52,200,58,183,128,0,0,0,0,0,0,0
209.835159,209.733765,10,233,21,185,52,200,58,183,128,0,0,0,0,0,0,0
210.054947,209.975967,10,233,21,185,52,200,58,183,128,0,0,0,0,0,0,0
210.329666,210.218185,10,233,21,185,52,200,58,183,128,0,0,0,0,0,0,0
210.549454,210.460342,10,233,21,185,52,200,58,183,128,0,0,0,0,0,0,0
210.824173,210.702499,10,233,21,185,52,200,58,183,128,0,0,0,0,0,0,0
211.043961,210.944656,48,233,21,185,52,200,58,183,128,0,0,0,0,0,0,0
211.263733,211.187637,253,233,21,185,52,200,58,183,128,0,0,0,0,0,0,0
211.538467,211.429947,253,233,21,185,52,200,58,183,128,0,0,0,0,0,0,0
211.758240,211.672058,253,233,21,185,52,200,58,183,128,0,0,0,0,0,0,0
212.032974,211.914063,187,233,21,185,52,200,58,183,128,0,0,0,0,0,0,0
212.252747,212.156174,187,233,21,185,52,200,58,183,128,0,0,0,0,0,0,0
212.472534,212.398285,187,233,21,185,52,200,58,183,128,0,0,0,0,0,0,0
212.747253,212.640289,187,233,21,185,52,200,58,183,128,0,0,0,0,0,0,0
212.967026,212.882507,187,233,21,185,52,200,58,183,128,0,0,0,0,0,0,0
213.241760,213.124619,187,233,21,185,52,200,58,183,128,0,0,0,0,0,0,0
213.461533,213.366821,187,233,21,185,52,200,58,183,128,0,0,0,0,0,0,0
213.681320,213.608978,187,233,21,185,52,200,58,183,128,0,0,0,0,0,0,0
213.956039,213.851044,246,233,21,185,52,200,58,183,128,0,0,0,0,0,0,0
214.175827,214.093155,246,233,21,185,52,200,58,183,128,0,0,0,0,0,0,0
214.450546,214.335419,246,233,21,185,52,200,58,183,128,0,0,0,0,0,0,0
214.670334,214.577515,246,233,21,185,52,200,58,183,128,0,0,0,0,0,0,0
214.890106,214.819885,246,233,21,185,52,200,58,183,128,0,0,0,0,0,0,0
215.164841,215.062195,246,233,21,185,52,200,58,183,128,0,0,0,0,0,0,0
215.384613,215.304306,246,233,21,185,52,200,58,183,128,0,0,0,0,0,0,0
215.659348,215.546310,246,233,21,185,52,200,58,183,128,0,0,0,0,0,0,0
215.879120,215.788528,246,233,21,185,52,200,58,183,128,0,0,0,0,0,0,0
216.153839,216.030579,246,233,21,185,52,200,58,183,128,0,0,0,0,0,0,0
216.373627,216.272537,246,233,21,185,52,200,58,183,128,0,0,0,0,0,0,0
216.593399,216.514603,246,233,21,185,52,200,58,183,128,0,0,0,0,0,0,0
216.868134,216.756714,246,233,21,185,52,200,58,183,128,0,0,0,0,0,0,0
217.087906,216.999069,246,233,21,185,52,200,58,183,128,0,0,0,0,0,0,0
217.362640,217.241180,246,233,21,185,52,200,58,183,128,0,0,0,0,0,0,0
217.582413,217.483292,246,233,21,185,52,200,58,183,128,0,0,0,0,0,0,0
217.802200,217.725296,246,233,21,185,52,200,58,183,128,0,0,0,0,0,0,0
218.076920,217.967453,246,233,21,185,52,200,58,183,128,0,0,0,0,0,0,0
218.296707,218.209610,226,233,21,185,52,200,58,183,128,0,0,0,0,0,0,0
218.571426,218.451828,226,233,21,185,52,200,58,183,128,0,0,0,0,0,0,0
218.791214,218.693939,226,233,21,185,52,200,58,183,128,0,0,0,0,0,0,0
219.010986,218.935944,73,233,21,185,52,200,58,183,128,0,0,0,0,0,0,0
219.285721,219.178055,73,233,21,185,52,200,58,183,128,0,0,0,0,0,0,0
219.505493,219.421082,2,233,21,185,52,200,58,183,128,0,0,0,0,0,0,0
219.780212,219.663284,2,233,21,185,52,200,58,183,128,0,0,0,0,0,0,0
220.000000,219.905396,2,233,21,185,52,200,58,183,128,0,0,0,0,0,0,0
220.219788,220.147568,2,233,21,185,52,200,58,183,128,0,0,0,0,0,0,0
220.494507,220.390488,109,233,21,185,52,200,58,183,128,0,0,0,0,0,0,0
220.714279,220.632599,109,233,21,185,52,200,58,183,128,0,0,0,0,0,0,0
220.989014,220.874908,109,233,21,185,52,200,58,183,128,0,0,0,0,0,0,0
221.208786,221.117126,109,233,21,185,52,200,58,183,128,0,0,0,0,0,0,0
221.483521,221.359329,109,233,21,185,52,200,58,183,128,0,0,0,0,0,0,0
221.703293,221.601486,109,233,21,185,52,200,58,183,128,0,0,0,0,0,0,0
221.923080,221.843552,109,233,21,185,52,200,58,183,128,0,0,0,0,0,0,0
222.197800,222.085663,109,233,21,185,52,200,58,183,128,0,0,0,0,0,0,0
222.417587,222.328537,25,233,21,185,52,200,58,183,128,0,0,0,0,0,0,0
222.692307,222.570648,25,233,21,185,52,200,58,183,128,0,0,0,0,0,0,0
222.912094,222.812698,25,233,21,185,52,200,58,183,128,0,0,0,0,0,0,0
223.131866,223.054916,25,233,21,185,52,200,58,183,128,0,0,0,0,0,0,0
223.406601,223.297073,3,233,21,185,52,200,58,183,128,0,0,0,0,0,0,0
223.626373,223.539291,3,233,21,185,52,200,58,183,128,0,0,0,0,0,0,0
223.901093,223.782364,172,233,21,185,52,200,58,183,128,0,0,0,0,0,0,0
224.120880,224.024673,172,233,21,185,52,200,58,183,128,0,0,0,0,0,0,0
224.340652,224.266846,172,233,21,185,52,200,58,183,128,0,0,0,0,0,0,0
224.615387,224.509109,172,233,21,185,52,200,58,183,128,0,0,0,0,0,0,0
224.835159,224.751266,172,233,21,185,52,200,58,183,128,0,0,0,0,0,0,0
225.109894,224.993469,172,233,21,185,52,200,58,183,128,0,0,0,0,0,0,0
225.329666,225.235535,172,233,21,185,52,200,58,183,128,0,0,0,0,0,0,0
225.604401,225.477692,232,233,21,185,52,200,58,183,128,0,0,0,0,0,0,0
225.824173,225.719803,232,233,21,185,52,200,58,183,128,0,0,0,0,0,0,0
226.043961,225.961960,232,233,21,185,52,200,58,183,128,0,0,0,0,0,0,0
226.318680,226.204025,232,233,21,185,52,200,58,183,128,0,0,0,0,0,0,0
226.538467,226.446030,232,233,21,185,52,200,58,183,128,0,0,0,0,0,0,0
226.813187,226.688232,232,233,21,185,52,200,58,183,128,0,0,0,0,0,0,0
227.032974,226.930405,232,233,21,185,52,200,58,183,128,0,0,0,0,0,0,0
227.252747,227.172409,232,233,21,185,52,200,58,183,128,0,0,0,0,0,0,0
227.527466,227.414505,232,233,21,185,52,200,58,183,128,0,0,0,0,0,0,0
227.747253,227.656723,232,233,21,185,52,200,58,183,128,0,0,0,0,0,0,0
228.021973,227.899033,53,233,21,185,52,200,58,183,128,0,0,0,0,0,0,0
228.241760,228.143295,125,233,21,185,52,200,58,183,128,0,0,0,0,0,0,0
228.461533,228.385452,125,233,21,185,52,200,58,183,128,0,0,0,0,0,0,0
228.736267,228.627518,125,233,21,185,52,200,58,183,128,0,0,0,0,0,0,0
228.956039,228.869568,188,233,21,185,52,200,58,183,128,0,0,0,0,0,0,0
229.230774,229.111786,188,233,21,185,52,200,58,183,128,0,0,0,0,0,0,0
229.450546,229.353943,188,233,21,185,52,200,58,183,128,0,0,0,0,0,0,0
229.670334,229.595901,188,233,21,185,52,200,58,183,128,0,0,0,0,0,0,0
229.945053,229.838013,188,233,21,185,52,200,58,183,128,0,0,0,0,0,0,0
230.164841,230.080170,188,233,21,185,52,200,58,183,128,0,0,0,0,0,0,0
230.439560,230.322281,188,233,21,185,52,200,58,183,128,0,0,0,0,0,0,0
230.659348,230.564484,248,233,21,185,52,200,58,183,128,0,0,0,0,0,0,0
230.934067,230.806549,248,233,21,185,52,200,58,183,128,0,0,0,0,0,0,0
231.153839,231.048813,248,233,21,185,52,200,58,183,128,0,0,0,0,0,0,0
231.373627,231.290970,211,233,21,185,52,200,58,183,128,0,0,0,0,0,0,0
231.648346,231.533081,100,233,21,185,52,200,58,183,128,0,0,0,0,0,0,0
231.868134,231.775131,100,233,21,185,52,200,58,183,128,0,0,0,0,0,0,0
232.142853,232.017349,100,233,21,185,52,200,58,183,128,0,0,0,0,0,0,0
232.362640,232.259308,162,233,21,185,52,200,58,183,128,0,0,0,0,0,0,0
232.582413,232.501312,162,233,21,185,52,200,58,183,128,0,0,0,0,0,0,0
232.857147,232.743469,162,233,21,185,52,200,58,183,128,0,0,0,0,0,0,0
233.076920,232.985626,105,233,21,185,52,200,58,183,128,0,0,0,0,0,0,0
233.351654,233.227737,105,233,21,185,52,200,58,183,128,0,0,0,0,0,0,0
233.571426,233.470001,105,233,21,185,52,200,58,183,128,0,0,0,0,0,0,0
233.791214,233.712006,105,233,21,185,52,200,58,183,128,0,0,0,0,0,0,0
234.065933,233.954117,142,233,21,185,52,200,58,183,128,0,0,0,0,0,0,0
234.285721,234.197144,55,233,21,185,52,200,58,183,128,0,0,0,0,0,0,0
234.560440,234.439148,55,233,21,185,52,200,58,183,128,0,0,0,0,0,0,0
234.780212,234.681412,55,233,21,185,52,200,58,183,128,0,0,0,0,0,0,0
235.054947,234.924652,234,233,21,185,52,200,58,183,128,0,0,0,0,0,0,0
235.274719,235.166855,234,233,21,185,52,200,58,183,128,0,0,0,0,0,0,0
235.494507,235.408966,234,233,21,185,52,200,58,183,128,0,0,0,0,0,0,0
235.769226,235.651230,234,233,21,185,52,200,58,183,128,0,0,0,0,0,0,0
235.989014,235.893539,234,233,21,185,52,200,58,183,128,0,0,0,0,0,0,0
236.263733,236.135864,234,233,21,185,52,200,58,183,128,0,0,0,0,0,0,0
236.483521,236.378281,234,233,21,185,52,200,58,183,128,0,0,0,0,0,0,0
236.703293,236.620377,234,233,21,185,52,200,58,183,128,0,0,0,0,0,0,0
236.978027,236.862640,234,233,21,185,52,200,58,183,128,0,0,0,0,0,0,0
237.197800,237.104858,234,233,21,185,52,200,58,183,128,0,0,0,0,0,0,0
237.472534,237.347015,234,233,21,185,52,200,58,183,128,0,0,0,0,0,0,0
237.692307,237.589081,234,233,21,185,52,200,58,183,128,0,0,0,0,0,0,0
237.912094,237.831238,234,233,21,185,52,200,58,183,128,0,0,0,0,0,0,0
238.186813,238.073547,234,233,21,185,52,200,58,183,128,0,0,0,0,0,0,0
238.406601,238.315765,172,233,21,185,52,200,58,183,128,0,0,0,0,0,0,0
238.681320,238.558182,172,233,21,185,52,200,58,183,128,0,0,0,0,0,0,0
238.901093,238.800385,172,233,21,185,52,200,58,183,128,0,0,0,0,0,0,0
239.120880,239.042603,172,233,21,185,52,200,58,183,128,0,0,0,0,0,0,0
239.395599,239.284760,172,233,21,185,52,200,58,183,128,0,0,0,0,0,0,0
239.615387,239.526978,172,233,21,185,52,200,58,183,128,0,0,0,0,0,0,0
239.890106,239.769135,172,233,21,185,52,200,58,183,128,0,0,0,0,0,0,0
240.109894,240.011398,172,233,21,185,52,200,58,183,128,0,0,0,0,0,0,0
240.384613,240.253601,172,233,21,185,52,200,58,183,128,0,0,0,0,0,0,0
