0.000000,0.000000,121,129,12,80,95,203,55,184,0,0,0,0,0,0,0,0
0.219780,0.233047,121,131,10,86,84,203,74,186,128,0,0,0,0,0,0,0
0.494505,0.466555,121,133,9,85,78,203,71,184,0,0,0,0,0,0,0,0
0.714286,0.699651,121,133,9,82,67,202,81,185,128,0,0,0,0,0,0,0
0.934066,0.932853,121,133,11,84,79,203,75,186,0,0,0,0,0,0,0,0
1.153846,1.164928,121,135,10,84,94,203,60,185,0,0,0,0,0,0,0,0
1.428571,1.398537,121,135,11,86,99,203,64,186,128,0,0,0,0,0,0,0
1.648352,1.631737,121,136,11,87,98,204,56,185,0,0,0,0,0,0,0,0
1.868132,1.864735,121,136,10,88,88,199,57,185,128,0,0,0,0,0,0,0
2.087912,2.097986,121,137,12,88,84,203,63,185,0,0,0,0,0,0,0,0
2.307692,2.330828,121,137,11,90,75,204,75,186,0,0,0,0,0,0,0,0
2.582417,2.563722,121,140,12,90,80,203,71,185,128,0,0,0,0,0,0,0
2.802198,2.796768,121,140,11,88,79,202,67,184,0,0,0,0,0,0,0,0
3.021978,3.030072,121,140,11,90,79,203,67,186,128,0,0,0,0,0,0,0
3.241758,3.262452,121,139,12,84,90,201,54,185,0,0,0,0,0,0,0,0
3.516484,3.495499,123,135,12,78,98,204,55,186,0,0,0,0,0,0,0,0
3.736264,3.728497,121,133,10,75,110,204,32,184,128,0,0,0,0,0,0,0
3.956044,3.961954,121,130,11,76,115,203,41,185,0,0,0,0,0,0,0,0
4.175824,4.195001,121,130,11,82,119,204,32,184,128,0,0,0,0,0,0,0
4.450550,4.427943,121,132,12,82,106,199,46,184,0,0,0,0,0,0,0,0
4.670330,4.660480,121,132,10,80,85,204,69,185,0,0,0,0,0,0,0,0
4.890110,4.894140,121,132,11,87,71,204,80,186,128,0,0,0,0,0,0,0
5.109890,5.127443,121,135,11,88,75,199,80,185,0,0,0,0,0,0,0,0
5.384615,5.360390,121,137,12,91,75,203,79,185,128,0,0,0,0,0,0,0
5.604395,5.592771,121,137,10,87,84,203,71,186,0,0,0,0,0,0,0,0
5.824176,5.826175,121,137,10,88,85,204,64,184,0,0,0,0,0,0,0,0
6.043956,6.059120,121,135,11,83,97,203,54,185,128,0,0,0,0,0,0,0
6.318681,6.292320,121,135,12,87,105,202,41,184,0,0,0,0,0,0,0,0
6.538462,6.525728,121,137,12,86,93,203,54,185,128,0,0,0,0,0,0,0
6.758242,6.759080,121,137,13,86,77,199,50,186,0,0,0,0,0,0,0,0
6.978022,6.991412,121,137,12,93,67,202,87,184,0,0,0,0,0,0,0,0
7.252747,7.224510,123,140,11,92,62,203,72,186,128,0,0,0,0,0,0,0
7.472528,7.457762,121,142,11,95,63,201,82,183,0,0,0,0,0,0,0,0
7.692307,7.690808,123,145,12,97,69,199,70,184,128,0,0,0,0,0,0,0
7.912088,7.923036,122,145,10,95,63,203,73,186,0,0,0,0,0,0,0,0
8.186813,8.156492,121,145,13,85,60,202,67,185,0,0,0,0,0,0,0,0
8.406593,8.389795,121,141,12,88,71,203,50,185,128,0,0,0,0,0,0,0
8.626373,8.622894,121,137,10,84,94,195,38,184,0,0,0,0,0,0,0,0
8.846154,8.856094,121,137,11,83,107,204,22,184,128,0,0,0,0,0,0,0
9.120879,9.088732,121,135,10,83,106,202,24,186,0,0,0,0,0,0,0,0
9.340659,9.321730,121,133,11,81,88,201,51,185,0,0,0,0,0,0,0,0
9.560439,9.554825,121,131,9,80,81,202,60,185,128,0,0,0,0,0,0,0
9.780220,9.788076,121,129,11,84,85,202,66,184,0,0,0,0,0,0,0,0
10.054945,10.021266,121,131,11,83,95,203,52,185,128,0,0,0,0,0,0,0
10.274725,10.253353,121,133,11,91,95,203,40,185,128,0,0,0,0,0,0,0
10.494506,10.486606,121,136,12,94,81,201,55,185,0,0,0,0,0,0,0,0
10.714286,10.719753,121,139,11,92,67,204,80,183,128,0,0,0,0,0,0,0
10.934066,10.952957,121,141,11,96,48,203,95,186,0,0,0,0,0,0,0,0
11.208791,11.186104,123,144,14,93,51,204,95,186,128,0,0,0,0,0,0,0
11.428572,11.418792,121,145,11,98,56,203,90,186,0,0,0,0,0,0,0,0
11.648352,11.652352,121,149,12,106,68,202,78,186,0,0,0,0,0,0,0,0
11.868132,11.885347,121,151,13,102,64,206,80,185,128,0,0,0,0,0,0,0
12.142858,12.118358,121,151,12,100,60,203,80,183,0,0,0,0,0,0,0,0
12.362638,12.351802,121,149,12,92,57,207,86,182,128,0,0,0,0,0,0,0
12.582417,12.584233,121,148,9,92,70,202,62,185,0,0,0,0,0,0,0,0
12.802197,12.817177,122,144,11,88,89,202,39,184,0,0,0,0,0,0,0,0
13.076923,13.050380,121,141,11,83,110,203,18,185,128,0,0,0,0,0,0,0
13.296703,13.283836,121,137,10,84,103,203,28,185,0,0,0,0,0,0,0,0
13.516483,13.516830,121,135,10,84,98,206,34,185,128,0,0,0,0,0,0,0
13.736263,13.748958,121,135,12,84,82,200,46,184,128,0,0,0,0,0,0,0
14.010989,13.982209,121,135,10,83,67,202,58,185,0,0,0,0,0,0,0,0
14.230769,14.215562,121,137,12,91,66,203,60,185,128,0,0,0,0,0,0,0
14.450549,14.448815,121,139,11,90,51,204,78,185,0,0,0,0,0,0,0,0
14.670330,14.681760,121,140,11,90,60,203,70,183,128,0,0,0,0,0,0,0
14.945055,14.914396,121,137,10,85,69,203,60,185,0,0,0,0,0,0,0,0
15.164835,15.147752,121,137,12,88,78,199,55,187,0,0,0,0,0,0,0,0
15.384615,15.380797,121,137,11,87,83,199,47,185,128,0,0,0,0,0,0,0
15.604396,15.613997,121,140,11,90,91,203,46,184,0,0,0,0,0,0,0,0
15.879121,15.847250,121,140,12,92,79,202,64,182,128,0,0,0,0,0,0,0
16.098902,16.079481,121,140,12,93,59,201,74,184,128,0,0,0,0,0,0,0
16.318682,16.312731,121,142,12,91,58,203,83,186,0,0,0,0,0,0,0,0
16.538462,16.546085,121,141,11,91,62,205,78,184,128,0,0,0,0,0,0,0
16.813187,16.779388,121,139,10,84,82,203,56,185,0,0,0,0,0,0,0,0
17.032967,17.012333,121,135,12,86,97,202,38,184,128,0,0,0,0,0,0,0
17.252747,17.244661,121,135,10,86,107,202,24,185,0,0,0,0,0,0,0,0
17.472527,17.478069,121,137,11,89,92,201,23,185,0,0,0,0,0,0,0,0
17.747253,17.711473,121,141,14,96,72,199,54,184,128,0,0,0,0,0,0,0
17.967033,17.944626,121,143,11,100,40,202,86,185,0,0,0,0,0,0,0,0
18.186813,18.177055,121,145,11,98,32,204,98,184,0,0,0,0,0,0,0,0
18.406593,18.410309,121,147,12,99,32,201,102,184,128,0,0,0,0,0,0,0
18.626373,18.643354,121,148,14,94,31,201,84,183,0,0,0,0,0,0,0,0
18.901098,18.876505,121,149,11,100,64,194,59,185,128,0,0,0,0,0,0,0
19.120878,19.109806,121,149,11,100,72,199,55,185,0,0,0,0,0,0,0,0
19.340660,19.342804,121,149,11,98,77,199,45,184,128,0,0,0,0,0,0,0
19.560440,19.575083,121,148,13,101,59,203,51,185,128,0,0,0,0,0,0,0
19.835165,19.808435,121,151,14,102,52,201,66,186,0,0,0,0,0,0,0,0
20.054945,20.041792,121,151,11,102,32,202,83,185,128,0,0,0,0,0,0,0
20.274725,20.274734,121,149,11,98,40,201,78,185,0,0,0,0,0,0,0,0
20.494505,20.507936,121,148,11,97,48,201,63,185,128,0,0,0,0,0,0,0
20.769230,20.740421,121,145,11,89,62,201,49,185,128,0,0,0,0,0,0,0
20.989012,20.973774,121,143,9,88,85,202,38,185,0,0,0,0,0,0,0,0
21.208792,21.206924,121,137,10,83,92,203,21,186,128,0,0,0,0,0,0,0
21.428572,21.440125,121,135,10,83,95,199,19,185,0,0,0,0,0,0,0,0
21.703297,21.673580,121,135,9,90,85,206,14,184,128,0,0,0,0,0,0,0
21.923077,21.905655,121,137,10,92,71,202,43,185,128,0,0,0,0,0,0,0
22.142857,22.138754,121,139,14,98,48,202,64,183,0,0,0,0,0,0,0,0
22.362637,22.372005,121,140,12,90,38,202,87,185,128,0,0,0,0,0,0,0
22.637363,22.605461,121,141,11,96,37,202,78,184,0,0,0,0,0,0,0,0
22.857143,22.838356,121,145,12,99,37,201,80,185,128,0,0,0,0,0,0,0
23.076923,23.070532,121,149,14,104,38,202,78,184,128,0,0,0,0,0,0,0
23.296703,23.303940,121,152,13,108,39,201,80,185,0,0,0,0,0,0,0,0
23.571428,23.537548,121,155,11,106,38,201,91,185,128,0,0,0,0,0,0,0
23.791208,23.771004,121,157,14,110,38,201,62,185,0,0,0,0,0,0,0,0
24.010988,24.003693,121,157,14,107,38,201,76,185,128,0,0,0,0,0,0,0
24.230770,24.237303,121,159,14,110,39,202,62,185,128,0,0,0,0,0,0,0
24.505495,24.471067,121,159,14,106,38,200,70,184,0,0,0,0,0,0,0,0
24.725275,24.704987,121,156,14,104,39,202,64,184,128,0,0,0,0,0,0,0
24.945055,24.938801,121,157,13,103,40,201,58,185,0,0,0,0,0,0,0,0
25.164835,25.172310,121,155,12,102,40,201,64,184,128,0,0,0,0,0,0,0
25.439560,25.405098,121,153,11,98,46,201,48,185,128,0,0,0,0,0,0,0
25.659340,25.638248,121,151,14,100,49,201,42,184,0,0,0,0,0,0,0,0
25.879122,25.871449,121,151,11,104,56,204,38,184,128,0,0,0,0,0,0,0
26.098902,26.104395,121,151,14,102,54,203,40,184,0,0,0,0,0,0,0,0
26.373627,26.336775,121,151,12,103,53,201,40,185,128,0,0,0,0,0,0,0
26.593407,26.570078,121,151,11,101,52,201,53,185,128,0,0,0,0,0,0,0
26.813187,26.803331,121,151,11,98,53,203,41,184,0,0,0,0,0,0,0,0
27.032967,27.036377,121,151,11,97,52,201,62,185,128,0,0,0,0,0,0,0
27.307692,27.269629,121,151,12,100,54,203,55,185,0,0,0,0,0,0,0,0
27.527473,27.503033,121,151,11,104,53,201,48,185,128,0,0,0,0,0,0,0
27.747253,27.735569,121,153,15,108,54,203,59,185,128,0,0,0,0,0,0,0
27.967033,27.969282,121,156,13,114,53,201,56,185,0,0,0,0,0,0,0,0
28.241758,28.203148,121,159,14,116,53,202,59,185,128,0,0,0,0,0,0,0
28.461538,28.436911,121,162,15,114,53,202,64,184,0,0,0,0,0,0,0,0
28.681318,28.670010,121,165,13,119,55,203,64,184,128,0,0,0,0,0,0,0
28.901098,28.903774,121,165,15,122,54,203,64,184,128,0,0,0,0,0,0,0
29.175825,29.138050,121,169,16,121,53,201,66,186,0,0,0,0,0,0,0,0
29.395605,29.371967,121,172,16,125,53,202,62,184,128,0,0,0,0,0,0,0
29.615385,29.605679,121,173,16,128,54,203,67,184,0,0,0,0,0,0,0,0
29.835165,29.838268,121,177,15,127,52,202,56,185,128,0,0,0,0,0,0,0
30.109890,30.071980,121,177,15,129,52,201,63,185,128,0,0,0,0,0,0,0
30.329670,30.305590,121,179,16,132,53,201,64,185,0,0,0,0,0,0,0,0
30.549450,30.539351,121,181,17,139,54,201,55,185,128,0,0,0,0,0,0,0
30.769230,30.772964,121,185,17,140,54,201,61,185,0,0,0,0,0,0,0,0
31.043957,31.006626,121,189,19,144,54,202,57,185,128,0,0,0,0,0,0,0
31.263737,31.239775,121,193,18,147,55,201,56,185,128,0,0,0,0,0,0,0
31.483517,31.473486,121,193,19,144,53,201,56,185,0,0,0,0,0,0,0,0
31.703297,31.707096,121,193,19,143,54,201,60,185,128,0,0,0,0,0,0,0
31.978022,31.940861,121,195,18,147,53,201,61,185,0,0,0,0,0,0,0,0
32.197803,32.173855,121,197,19,148,54,201,58,185,128,0,0,0,0,0,0,0
32.417583,32.407673,121,198,18,153,54,201,55,185,128,0,0,0,0,0,0,0
32.637363,32.641640,121,204,19,156,53,201,68,184,0,0,0,0,0,0,0,0
32.912086,32.875610,121,205,20,160,54,203,51,185,128,0,0,0,0,0,0,0
33.131866,33.109219,121,209,20,159,55,202,66,184,0,0,0,0,0,0,0,0
33.351650,33.342880,121,209,20,160,53,203,58,185,128,0,0,0,0,0,0,0
33.571430,33.575722,121,212,20,164,53,201,65,184,128,0,0,0,0,0,0,0
33.846153,33.809692,121,213,20,166,53,201,60,185,0,0,0,0,0,0,0,0
34.065933,34.043659,121,215,23,171,53,201,64,184,128,0,0,0,0,0,0,0
34.285713,34.277374,121,217,23,172,53,203,70,184,0,0,0,0,0,0,0,0
34.505493,34.510113,121,220,21,171,53,201,68,184,128,0,0,0,0,0,0,0
34.780220,34.743671,121,221,21,174,52,202,68,184,128,0,0,0,0,0,0,0
35.000000,34.977333,121,224,20,174,52,203,57,184,0,0,0,0,0,0,0,0
35.219780,35.211044,121,225,20,175,53,201,62,185,128,0,0,0,0,0,0,0
35.439560,35.445118,121,224,22,171,53,202,68,184,0,0,0,0,0,0,0,0
35.714287,35.678982,121,224,21,175,53,201,59,185,128,0,0,0,0,0,0,0
35.934067,35.911980,121,225,22,175,53,201,75,184,128,0,0,0,0,0,0,0
36.153847,36.145744,121,227,22,174,53,201,55,185,0,0,0,0,0,0,0,0
36.373627,36.379353,121,225,22,175,53,203,62,185,128,0,0,0,0,0,0,0
36.648350,36.613117,121,228,22,178,55,201,60,185,0,0,0,0,0,0,0,0
36.868134,36.846012,121,228,22,178,55,202,52,185,128,0,0,0,0,0,0,0
37.087914,37.079723,121,228,21,179,53,202,62,185,128,0,0,0,0,0,0,0
37.307693,37.313587,121,229,22,179,53,203,60,185,0,0,0,0,0,0,0,0
37.582417,37.547352,121,229,21,179,53,202,55,185,128,0,0,0,0,0,0,0
37.802197,37.781013,121,229,21,179,53,201,60,185,0,0,0,0,0,0,0,0
38.021976,38.014011,121,231,22,183,54,203,55,185,128,0,0,0,0,0,0,0
38.241756,38.247570,121,231,23,186,53,201,59,185,128,0,0,0,0,0,0,0
38.516483,38.481384,121,233,21,184,53,201,54,185,0,0,0,0,0,0,0,0
38.736263,38.715199,121,233,22,182,53,202,66,184,128,0,0,0,0,0,0,0
38.956043,38.948811,121,233,22,182,53,201,60,185,0,0,0,0,0,0,0,0
39.175823,39.181652,121,235,22,187,54,202,55,185,0,0,0,0,0,0,0,0
39.450550,39.415211,121,237,24,190,53,201,56,185,128,0,0,0,0,0,0,0
39.670330,39.648769,121,237,22,190,53,202,64,184,0,0,0,0,0,0,0,0
39.890110,39.882534,121,240,23,192,54,201,63,185,128,0,0,0,0,0,0,0
40.109890,40.116554,121,241,23,194,54,201,58,185,0,0,0,0,0,0,0,0
40.384617,40.349808,121,242,24,195,54,201,55,185,128,0,0,0,0,0,0,0
40.604397,40.583878,121,244,25,199,52,201,53,185,128,0,0,0,0,0,0,0
40.824177,40.817894,121,245,24,199,53,202,55,184,0,0,0,0,0,0,0,0
41.043957,41.051708,121,247,24,200,54,203,64,184,128,0,0,0,0,0,0,0
41.318680,41.285370,121,247,26,201,52,201,59,185,0,0,0,0,0,0,0,0
41.538460,41.518879,121,249,26,201,54,203,63,185,128,0,0,0,0,0,0,0
41.758244,41.751469,121,251,27,203,54,202,58,185,128,0,0,0,0,0,0,0
41.978024,41.985382,121,252,25,204,54,203,51,185,0,0,0,0,0,0,0,0
42.252747,42.219097,121,253,28,207,54,203,59,185,128,0,0,0,0,0,0,0
42.472527,42.451839,121,255,27,210,54,203,60,185,0,0,0,0,0,0,0,0
42.692307,42.685448,121,255,28,211,55,203,64,184,128,0,0,0,0,0,0,0
42.912086,42.919006,121,255,27,215,55,201,63,185,128,0,0,0,0,0,0,0
43.186813,43.152771,121,255,28,213,55,201,62,185,0,0,0,0,0,0,0,0
43.406593,43.386738,121,255,27,215,54,201,60,185,128,0,0,0,0,0,0,0
43.626373,43.620453,121,255,25,212,55,201,65,185,0,0,0,0,0,0,0,0
43.846153,43.854115,121,255,28,214,55,203,56,185,128,0,0,0,0,0,0,0
44.120880,44.087006,121,255,27,215,55,201,59,185,128,0,0,0,0,0,0,0
44.340660,44.320515,121,254,27,218,54,202,60,185,0,0,0,0,0,0,0,0
44.560440,44.554329,121,255,29,224,53,201,41,184,128,0,0,0,0,0,0,0
44.780220,44.788197,121,255,29,227,53,201,66,186,0,0,0,0,0,0,0,0
45.054947,45.021343,121,255,28,230,53,201,59,185,128,0,0,0,0,0,0,0
45.274727,45.255363,121,255,29,234,52,201,64,184,128,0,0,0,0,0,0,0
45.494507,45.489182,121,255,29,235,53,201,52,185,0,0,0,0,0,0,0,0
45.769230,45.722996,121,255,29,237,52,201,60,185,128,0,0,0,0,0,0,0
45.989010,45.956604,121,255,30,239,53,201,56,185,0,0,0,0,0,0,0,0
46.208790,46.189396,121,255,30,243,53,201,52,185,128,0,0,0,0,0,0,0
46.428570,46.423004,121,255,29,244,53,202,55,185,128,0,0,0,0,0,0,0
46.703297,46.656670,121,255,31,249,53,202,64,184,0,0,0,0,0,0,0,0
46.923077,46.890434,121,255,29,248,53,201,58,185,128,0,0,0,0,0,0,0
47.142857,47.124142,121,255,31,251,53,202,56,185,0,0,0,0,0,0,0,0
47.362637,47.357243,121,255,31,255,53,202,55,185,0,0,0,0,0,0,0,0
47.637363,47.591568,121,255,31,255,53,201,56,185,128,0,0,0,0,0,0,0
47.857143,47.826614,121,255,33,255,53,202,67,184,0,0,0,0,0,0,0,0
48.076923,48.061707,121,255,33,255,53,201,56,185,128,0,0,0,0,0,0,0
48.296703,48.296547,121,255,36,255,53,201,67,186,0,0,0,0,0,0,0,0
48.571430,48.530518,121,255,33,255,53,201,63,185,128,0,0,0,0,0,0,0
48.791210,48.765507,121,255,36,255,53,201,62,185,128,0,0,0,0,0,0,0
49.010990,49.000195,121,255,36,255,53,201,68,184,0,0,0,0,0,0,0,0
49.230770,49.235085,121,255,36,255,54,201,56,185,128,0,0,0,0,0,0,0
49.505493,49.470436,121,255,35,255,53,201,62,185,0,0,0,0,0,0,0,0
49.725273,49.704865,121,255,37,255,53,201,70,184,128,0,0,0,0,0,0,0
49.945053,49.939804,121,255,38,255,53,202,64,185,128,0,0,0,0,0,0,0
50.219780,50.174694,121,255,38,255,55,203,64,184,0,0,0,0,0,0,0,0
50.439560,50.409431,121,255,37,255,55,202,60,185,128,0,0,0,0,0,0,0
50.659340,50.644733,121,255,37,255,53,201,59,185,0,0,0,0,0,0,0,0
50.879120,50.879009,121,255,39,255,55,201,64,186,128,0,0,0,0,0,0,0
51.153847,51.113998,121,255,39,255,53,201,60,185,128,0,0,0,0,0,0,0
51.373627,51.348995,121,255,39,255,53,201,65,184,0,0,0,0,0,0,0,0
51.593407,51.584038,121,255,39,255,53,201,63,184,128,0,0,0,0,0,0,0
51.813187,51.819134,121,255,40,255,54,202,66,185,0,0,0,0,0,0,0,0
52.087914,52.054070,121,255,39,255,54,201,65,184,128,0,0,0,0,0,0,0
52.307693,52.288094,121,255,39,255,53,202,68,186,128,0,0,0,0,0,0,0
52.527473,52.523033,121,255,40,255,53,201,58,185,0,0,0,0,0,0,0,0
52.802197,52.758080,121,255,40,255,53,201,66,184,128,0,0,0,0,0,0,0
53.021976,52.993172,121,255,40,255,54,201,61,185,0,0,0,0,0,0,0,0
53.241756,53.228062,121,255,42,255,53,201,65,186,128,0,0,0,0,0,0,0
53.461540,53.462032,121,255,41,255,53,201,60,185,128,0,0,0,0,0,0,0
53.736263,53.696922,121,255,41,255,53,201,55,185,0,0,0,0,0,0,0,0
53.956043,53.931862,121,255,41,255,53,201,62,185,128,0,0,0,0,0,0,0
54.175823,54.166649,121,255,43,255,53,202,60,185,0,0,0,0,0,0,0,0
54.450550,54.401695,121,255,44,255,54,203,59,185,128,0,0,0,0,0,0,0
54.670330,54.636021,121,255,43,255,53,201,61,184,128,0,0,0,0,0,0,0
54.890110,54.870960,121,255,43,255,53,201,62,185,0,0,0,0,0,0,0,0
55.109890,55.105648,121,255,44,255,53,203,61,185,128,0,0,0,0,0,0,0
55.384617,55.340538,121,255,44,255,53,201,69,184,0,0,0,0,0,0,0,0
55.604397,55.575172,121,255,45,255,53,202,51,185,128,0,0,0,0,0,0,0
55.824177,55.809345,121,255,45,255,53,201,66,185,128,0,0,0,0,0,0,0
56.043957,56.044441,121,255,45,255,53,201,56,185,0,0,0,0,0,0,0,0
56.318680,56.279125,121,255,45,255,53,201,70,186,128,0,0,0,0,0,0,0
56.538460,56.514172,121,255,47,255,55,201,63,184,0,0,0,0,0,0,0,0
56.758244,56.749008,121,255,45,255,53,201,60,185,128,0,0,0,0,0,0,0
57.032967,56.983078,121,255,47,255,53,202,54,185,0,0,0,0,0,0,0,0
57.252747,57.217968,121,255,45,255,53,201,66,183,0,0,0,0,0,0,0,0
57.472527,57.453629,121,255,46,255,53,201,65,184,128,0,0,0,0,0,0,0
57.692307,57.688671,121,255,46,255,55,203,64,184,0,0,0,0,0,0,0,0
57.967033,57.922794,121,255,47,255,54,201,63,185,0,0,0,0,0,0,0,0
58.186813,58.157837,121,255,47,255,53,201,62,185,128,0,0,0,0,0,0,0
58.406593,58.392521,121,255,47,255,53,202,56,185,0,0,0,0,0,0,0,0
58.626373,58.627769,121,255,46,255,53,201,64,184,128,0,0,0,0,0,0,0
58.901100,58.862659,121,255,48,255,54,201,64,184,0,0,0,0,0,0,0,0
59.120880,59.097656,121,255,47,255,53,201,52,185,128,0,0,0,0,0,0,0
59.340660,59.331570,121,255,48,255,53,201,65,184,0,0,0,0,0,0,0,0
59.615383,59.566566,121,255,48,255,53,201,56,185,0,0,0,0,0,0,0,0
59.835163,59.801304,121,255,48,255,54,201,59,185,128,0,0,0,0,0,0,0
60.054947,60.036293,121,255,49,255,53,201,59,185,0,0,0,0,0,0,0,0
60.274727,60.271080,121,255,48,255,54,202,64,184,128,0,0,0,0,0,0,0
60.549450,60.505051,121,255,47,255,53,201,60,185,0,0,0,0,0,0,0,0
60.769230,60.740093,121,255,47,255,53,201,50,185,0,0,0,0,0,0,0,0
60.989010,60.974930,121,255,49,255,53,201,66,184,128,0,0,0,0,0,0,0
61.208790,61.210079,121,255,49,255,53,201,56,185,0,0,0,0,0,0,0,0
61.483517,61.444763,121,255,49,255,53,201,58,184,128,0,0,0,0,0,0,0
61.703297,61.678783,121,255,49,255,53,201,62,185,128,0,0,0,0,0,0,0
61.923077,61.913673,121,255,49,255,54,201,61,185,0,0,0,0,0,0,0,0
62.197803,62.148510,121,255,49,255,53,201,59,185,128,0,0,0,0,0,0,0
62.417583,62.383507,121,255,50,255,53,201,58,185,0,0,0,0,0,0,0,0
62.637363,62.618652,121,255,49,255,53,201,55,185,128,0,0,0,0,0,0,0
62.857143,62.852772,121,255,49,255,53,201,57,185,0,0,0,0,0,0,0,0
63.131866,63.087509,121,255,52,255,53,201,64,184,0,0,0,0,0,0,0,0
63.351650,63.322605,121,255,52,255,53,201,58,185,128,0,0,0,0,0,0,0
63.571430,63.557854,121,255,51,255,54,201,56,185,0,0,0,0,0,0,0,0
63.791210,63.792744,121,255,51,255,53,202,56,185,128,0,0,0,0,0,0,0
64.065933,64.027786,121,255,51,255,53,201,60,185,0,0,0,0,0,0,0,0
64.285713,64.261810,121,255,51,255,53,201,67,185,0,0,0,0,0,0,0,0
64.505493,64.496750,121,255,51,255,53,201,62,184,128,0,0,0,0,0,0,0
64.780220,64.731590,121,255,52,255,53,201,66,184,0,0,0,0,0,0,0,0
65.000000,64.966682,121,255,52,255,53,201,56,184,128,0,0,0,0,0,0,0
65.219780,65.201675,121,255,52,255,55,202,70,184,0,0,0,0,0,0,0,0
65.439560,65.435799,121,255,53,255,53,202,54,185,0,0,0,0,0,0,0,0
65.714287,65.670639,121,255,53,255,53,201,68,184,128,0,0,0,0,0,0,0
65.934067,65.905632,121,255,52,255,53,201,59,185,0,0,0,0,0,0,0,0
66.153847,66.140625,121,255,52,255,53,201,56,185,128,0,0,0,0,0,0,0
66.428574,66.375511,121,255,52,255,53,201,71,184,0,0,0,0,0,0,0,0
66.648354,66.609276,121,255,53,255,53,202,62,185,0,0,0,0,0,0,0,0
66.868134,66.844528,121,255,53,255,53,202,54,185,128,0,0,0,0,0,0,0
67.087914,67.079514,121,255,55,255,53,201,65,186,0,0,0,0,0,0,0,0
67.362640,67.314613,121,255,55,255,54,201,60,185,128,0,0,0,0,0,0,0
67.582420,67.549606,121,255,54,255,53,201,62,185,0,0,0,0,0,0,0,0
67.802200,67.783524,121,255,53,255,54,201,64,184,128,0,0,0,0,0,0,0
68.021980,68.018410,121,255,55,255,53,201,56,185,128,0,0,0,0,0,0,0
68.296700,68.253197,121,255,53,255,53,201,64,184,0,0,0,0,0,0,0,0
68.516487,68.488190,121,255,54,255,53,201,59,185,128,0,0,0,0,0,0,0
68.736267,68.723289,121,255,53,255,53,201,60,185,0,0,0,0,0,0,0,0
69.010986,68.957512,121,255,54,255,53,201,62,185,0,0,0,0,0,0,0,0
69.230766,69.192146,121,255,53,255,54,201,62,185,128,0,0,0,0,0,0,0
69.450546,69.426987,121,255,55,255,53,201,58,185,0,0,0,0,0,0,0,0
69.670326,69.661667,121,255,53,255,55,202,64,185,128,0,0,0,0,0,0,0
69.945053,69.896614,121,255,53,255,55,201,57,185,0,0,0,0,0,0,0,0
70.164833,70.130630,121,255,54,255,53,202,64,183,128,0,0,0,0,0,0,0
70.384613,70.365623,121,255,55,255,53,202,51,184,128,0,0,0,0,0,0,0
70.604393,70.600563,121,255,55,255,53,201,60,185,0,0,0,0,0,0,0,0
70.879120,70.835762,121,255,55,255,53,201,56,185,128,0,0,0,0,0,0,0
71.098900,71.070702,121,255,55,255,55,202,60,185,0,0,0,0,0,0,0,0
71.318680,71.304413,121,255,55,255,53,202,55,185,0,0,0,0,0,0,0,0
71.593407,71.539307,121,255,53,255,53,201,58,185,128,0,0,0,0,0,0,0
71.813187,71.774040,121,255,54,255,53,201,54,185,0,0,0,0,0,0,0,0
72.032967,72.008980,121,255,54,255,53,202,62,185,128,0,0,0,0,0,0,0
72.252747,72.244133,121,255,55,255,53,202,56,185,0,0,0,0,0,0,0,0
72.527473,72.478310,121,255,55,255,53,201,56,185,128,0,0,0,0,0,0,0
72.747253,72.713196,121,255,56,255,53,201,56,185,128,0,0,0,0,0,0,0
72.967033,72.947983,121,255,56,255,53,201,56,185,0,0,0,0,0,0,0,0
73.186813,73.182770,121,255,55,255,53,201,60,185,128,0,0,0,0,0,0,0
73.461540,73.417503,121,255,57,255,53,201,51,184,0,0,0,0,0,0,0,0
73.681320,73.651588,121,255,55,255,54,201,60,185,128,0,0,0,0,0,0,0
73.901100,73.886566,121,255,57,255,53,201,60,185,128,0,0,0,0,0,0,0
74.175827,74.121613,121,255,57,255,53,201,66,184,0,0,0,0,0,0,0,0
74.395607,74.356606,121,255,57,255,53,201,62,185,128,0,0,0,0,0,0,0
74.615387,74.591599,121,255,57,255,53,201,61,185,0,0,0,0,0,0,0,0
74.835167,74.825516,121,255,59,255,53,201,58,185,128,0,0,0,0,0,0,0
75.109894,75.060303,121,255,59,255,53,201,64,184,128,0,0,0,0,0,0,0
75.329674,75.295448,121,255,59,255,53,201,58,185,0,0,0,0,0,0,0,0
75.549454,75.530441,121,255,60,255,53,201,67,186,128,0,0,0,0,0,0,0
75.769234,75.765587,121,255,59,255,53,201,64,184,0,0,0,0,0,0,0,0
76.043953,75.999611,121,255,60,255,53,201,61,185,128,0,0,0,0,0,0,0
76.263733,76.234550,121,255,59,255,53,201,62,185,128,0,0,0,0,0,0,0
76.483513,76.469383,121,255,59,255,53,202,60,185,0,0,0,0,0,0,0,0
76.758240,76.704536,121,255,59,255,53,201,66,185,128,0,0,0,0,0,0,0
76.978020,76.939171,121,255,60,255,53,201,62,184,0,0,0,0,0,0,0,0
77.197800,77.174416,121,255,60,255,53,201,62,185,128,0,0,0,0,0,0,0
77.417580,77.408691,121,255,61,255,53,201,56,185,128,0,0,0,0,0,0,0
77.692307,77.643433,121,255,60,255,53,201,60,185,0,0,0,0,0,0,0,0
77.912086,77.878113,121,255,60,255,53,202,62,185,128,0,0,0,0,0,0,0
78.131866,78.113060,121,255,61,255,53,202,66,184,0,0,0,0,0,0,0,0
78.351646,78.347847,121,255,60,255,53,201,56,185,128,0,0,0,0,0,0,0
78.626373,78.582169,121,255,63,255,53,201,70,185,128,0,0,0,0,0,0,0
78.846153,78.817162,121,255,63,255,54,202,56,185,0,0,0,0,0,0,0,0
79.065933,79.052109,121,255,63,255,53,201,68,184,128,0,0,0,0,0,0,0
79.340660,79.286888,121,255,62,255,53,201,51,184,0,0,0,0,0,0,0,0
79.560440,79.521942,121,255,64,255,53,201,66,184,128,0,0,0,0,0,0,0
79.780220,79.755959,121,255,61,255,53,202,68,183,128,0,0,0,0,0,0,0
80.000000,79.990799,121,255,64,255,54,201,59,185,0,0,0,0,0,0,0,0
80.274727,80.225891,121,255,62,255,53,201,60,185,128,0,0,0,0,0,0,0
80.494507,80.461189,121,255,64,255,53,201,59,185,0,0,0,0,0,0,0,0
80.714287,80.696083,121,255,63,255,53,201,66,186,128,0,0,0,0,0,0,0
80.989014,80.930084,121,255,64,255,55,201,51,185,0,0,0,0,0,0,0,0
81.208794,81.164734,121,255,63,255,53,201,66,184,0,0,0,0,0,0,0,0
81.428574,81.399933,121,255,61,255,55,201,62,185,128,0,0,0,0,0,0,0
81.648354,81.634979,121,255,61,255,53,201,55,185,0,0,0,0,0,0,0,0
81.923080,81.870117,121,255,62,255,54,202,67,184,128,0,0,0,0,0,0,0
82.142860,82.104294,121,255,61,255,53,202,55,185,128,0,0,0,0,0,0,0
82.362640,82.339241,121,255,63,255,53,201,58,185,0,0,0,0,0,0,0,0
82.582420,82.574280,121,255,61,255,53,201,57,185,128,0,0,0,0,0,0,0
82.857140,82.809174,121,255,63,255,55,202,64,184,0,0,0,0,0,0,0,0
83.076920,83.044006,121,255,61,255,53,201,56,184,128,0,0,0,0,0,0,0
83.296700,83.278282,121,255,63,255,54,202,58,185,0,0,0,0,0,0,0,0
83.571426,83.513428,121,255,64,255,53,201,51,185,0,0,0,0,0,0,0,0
83.791206,83.748474,121,255,64,255,53,201,59,185,128,0,0,0,0,0,0,0
84.010986,83.983261,121,255,65,255,53,201,57,185,0,0,0,0,0,0,0,0
84.230766,84.217079,121,255,64,255,55,203,53,185,128,0,0,0,0,0,0,0
84.505493,84.451965,121,255,65,255,53,202,59,185,128,0,0,0,0,0,0,0
84.725273,84.686913,121,255,64,255,54,201,62,185,0,0,0,0,0,0,0,0
84.945053,84.921906,121,255,65,255,53,201,59,185,128,0,0,0,0,0,0,0
85.164833,85.156639,121,255,65,255,54,203,59,185,0,0,0,0,0,0,0,0
85.439560,85.391525,121,255,64,255,53,201,61,185,128,0,0,0,0,0,0,0
85.659340,85.625755,121,255,64,255,53,201,60,185,0,0,0,0,0,0,0,0
85.879120,85.860435,121,255,65,255,55,201,64,183,0,0,0,0,0,0,0,0
86.153847,86.095329,121,255,65,255,53,201,55,185,128,0,0,0,0,0,0,0
86.373627,86.330368,121,255,65,255,53,201,65,185,0,0,0,0,0,0,0,0
86.593407,86.565620,121,255,65,255,53,201,62,185,128,0,0,0,0,0,0,0
86.813187,86.800049,121,255,65,255,53,201,62,185,0,0,0,0,0,0,0,0
87.087914,87.034889,121,255,66,255,53,201,60,185,0,0,0,0,0,0,0,0
87.307693,87.269936,121,255,66,255,53,201,66,184,128,0,0,0,0,0,0,0
87.527473,87.504723,121,255,65,255,53,201,66,184,0,0,0,0,0,0,0,0
87.747253,87.739555,121,255,65,255,53,201,55,185,128,0,0,0,0,0,0,0
88.021980,87.973785,121,255,64,255,53,201,67,184,0,0,0,0,0,0,0,0
88.241760,88.209030,121,255,65,255,53,201,60,185,0,0,0,0,0,0,0,0
88.461540,88.443924,121,255,65,255,53,201,60,185,128,0,0,0,0,0,0,0
88.736267,88.678970,121,255,66,255,53,201,65,184,0,0,0,0,0,0,0,0
88.956047,88.913597,121,255,65,255,53,203,64,184,128,0,0,0,0,0,0,0
89.175827,89.147568,121,255,67,255,53,201,63,185,0,0,0,0,0,0,0,0
89.395607,89.382355,121,255,65,255,54,201,62,184,0,0,0,0,0,0,0,0
89.670326,89.617401,121,255,66,255,53,201,67,185,128,0,0,0,0,0,0,0
89.890106,89.852493,121,255,65,255,53,201,62,185,0,0,0,0,0,0,0,0
90.109894,90.087746,121,255,65,255,53,201,70,184,128,0,0,0,0,0,0,0
90.384613,90.322784,121,255,65,255,53,202,57,185,0,0,0,0,0,0,0,0
90.604393,90.556656,121,255,65,255,53,201,66,184,0,0,0,0,0,0,0,0
90.824173,90.791649,121,255,66,255,53,201,62,185,128,0,0,0,0,0,0,0
91.043953,91.026894,121,255,65,255,53,201,67,185,0,0,0,0,0,0,0,0
91.318680,91.262047,121,255,65,255,53,201,62,185,128,0,0,0,0,0,0,0
91.538460,91.496162,121,255,65,255,53,201,64,184,0,0,0,0,0,0,0,0
91.758240,91.730850,121,255,65,255,53,201,48,185,0,0,0,0,0,0,0,0
91.978020,91.965637,121,255,64,255,53,201,67,184,128,0,0,0,0,0,0,0
92.252747,92.200737,121,255,65,255,54,201,54,185,0,0,0,0,0,0,0,0
92.472527,92.435722,121,255,64,255,53,201,64,184,128,0,0,0,0,0,0,0
92.692307,92.670670,121,255,64,255,53,202,59,185,0,0,0,0,0,0,0,0
92.967033,92.904793,121,255,63,255,53,201,59,185,0,0,0,0,0,0,0,0
93.186813,93.139526,121,255,65,255,54,201,58,185,128,0,0,0,0,0,0,0
93.406593,93.374413,121,255,63,255,53,202,51,185,0,0,0,0,0,0,0,0
93.626373,93.609459,121,255,63,255,55,201,59,185,128,0,0,0,0,0,0,0
93.901100,93.844810,121,255,63,255,53,201,52,185,0,0,0,0,0,0,0,0
94.120880,94.079140,121,255,64,255,53,201,56,185,128,0,0,0,0,0,0,0
94.340660,94.314285,121,255,64,255,53,201,48,185,128,0,0,0,0,0,0,0
94.560440,94.549225,121,255,64,255,55,201,55,185,0,0,0,0,0,0,0,0
94.835167,94.784012,121,255,63,255,53,201,54,185,128,0,0,0,0,0,0,0
95.054947,95.017929,121,255,64,255,53,201,48,184,0,0,0,0,0,0,0,0
95.274727,95.252563,121,255,65,255,53,201,55,185,0,0,0,0,0,0,0,0
95.549454,95.487968,121,255,65,255,53,201,55,185,128,0,0,0,0,0,0,0
95.769234,95.722855,121,255,65,255,53,201,53,185,0,0,0,0,0,0,0,0
95.989014,95.957489,121,255,64,255,53,201,51,185,128,0,0,0,0,0,0,0
96.208794,96.192436,121,255,64,255,53,201,51,184,0,0,0,0,0,0,0,0
96.483513,96.426552,121,255,64,255,53,201,62,185,128,0,0,0,0,0,0,0
96.703300,96.661240,121,255,64,255,53,201,52,184,128,0,0,0,0,0,0,0
96.923080,96.896179,121,255,64,255,54,202,59,184,0,0,0,0,0,0,0,0
97.142860,97.130096,121,255,64,255,53,201,54,185,128,0,0,0,0,0,0,0
97.417580,97.365555,121,255,65,255,54,201,56,185,0,0,0,0,0,0,0,0
97.637360,97.599930,121,255,65,255,53,201,67,183,0,0,0,0,0,0,0,0
97.857140,97.834869,121,255,65,255,53,201,59,185,128,0,0,0,0,0,0,0
98.131866,98.070015,121,255,65,255,53,201,59,185,0,0,0,0,0,0,0,0
98.351646,98.304596,121,255,65,255,53,201,62,185,128,0,0,0,0,0,0,0
98.571426,98.539383,121,255,67,255,54,201,60,185,0,0,0,0,0,0,0,0
98.791206,98.773102,121,255,68,255,53,201,63,184,128,0,0,0,0,0,0,0
99.065933,99.008041,121,255,67,255,53,202,57,185,128,0,0,0,0,0,0,0
99.285713,99.243034,121,255,67,255,53,201,64,184,0,0,0,0,0,0,0,0
99.505493,99.478027,121,255,68,255,53,201,66,184,128,0,0,0,0,0,0,0
99.725273,99.712967,121,255,68,255,53,202,66,184,0,0,0,0,0,0,0,0
100.000000,99.947243,121,255,68,255,53,201,57,185,0,0,0,0,0,0,0,0
100.219780,100.182495,121,255,68,255,55,201,60,185,128,0,0,0,0,0,0,0
100.439560,100.417381,121,255,69,255,53,201,66,184,0,0,0,0,0,0,0,0
100.714287,100.652527,121,255,69,255,54,201,56,185,128,0,0,0,0,0,0,0
100.934067,100.887672,121,255,69,255,53,201,62,185,0,0,0,0,0,0,0,0
101.153847,101.121796,121,255,69,255,53,202,66,184,128,0,0,0,0,0,0,0
101.373627,101.356789,121,255,69,255,53,201,64,184,128,0,0,0,0,0,0,0
101.648354,101.591682,121,255,69,255,53,201,64,184,0,0,0,0,0,0,0,0
101.868134,101.826721,121,255,68,255,53,201,64,185,128,0,0,0,0,0,0,0
102.087914,102.061409,121,255,69,255,53,201,64,184,0,0,0,0,0,0,0,0
102.307693,102.295685,121,255,69,255,53,201,65,184,128,0,0,0,0,0,0,0
102.582420,102.530777,121,255,69,255,53,201,59,184,128,0,0,0,0,0,0,0
102.802200,102.765564,121,255,69,255,53,201,64,184,0,0,0,0,0,0,0,0
103.021980,103.000404,121,255,71,255,54,201,59,185,128,0,0,0,0,0,0,0
103.296700,103.235191,121,255,71,255,53,201,62,185,0,0,0,0,0,0,0,0
103.516487,103.470139,121,255,69,255,53,201,61,185,128,0,0,0,0,0,0,0
103.736267,103.704567,121,255,70,255,53,201,64,184,128,0,0,0,0,0,0,0
103.956047,103.939560,121,255,70,255,54,201,59,185,0,0,0,0,0,0,0,0
104.230766,104.174187,121,255,69,255,53,201,62,185,128,0,0,0,0,0,0,0
104.450546,104.409241,121,255,69,255,53,201,60,185,0,0,0,0,0,0,0,0
104.670326,104.644127,121,255,69,255,53,201,64,184,128,0,0,0,0,0,0,0
104.945053,104.877945,121,255,69,255,53,201,63,185,128,0,0,0,0,0,0,0
105.164833,105.112778,121,255,69,255,55,201,56,185,0,0,0,0,0,0,0,0
105.384613,105.347725,121,255,69,255,55,201,59,185,128,0,0,0,0,0,0,0
105.604393,105.582710,121,255,69,255,53,201,59,184,0,0,0,0,0,0,0,0
105.879120,105.817757,121,255,69,255,53,201,57,185,128,0,0,0,0,0,0,0
106.098900,106.051880,121,255,69,255,53,201,62,185,128,0,0,0,0,0,0,0
106.318680,106.286720,121,255,69,255,53,201,64,184,0,0,0,0,0,0,0,0
106.538460,106.521660,121,255,69,255,55,201,55,185,128,0,0,0,0,0,0,0
106.813187,106.756706,121,255,68,255,53,201,55,184,0,0,0,0,0,0,0,0
107.032967,106.991646,121,255,69,255,55,201,59,185,128,0,0,0,0,0,0,0
107.252747,107.225662,121,255,68,255,55,201,59,185,128,0,0,0,0,0,0,0
107.527473,107.460602,121,255,68,255,53,201,64,184,0,0,0,0,0,0,0,0
107.747253,107.695496,121,255,69,255,53,201,59,185,128,0,0,0,0,0,0,0
107.967033,107.930588,121,255,69,255,53,201,58,185,0,0,0,0,0,0,0,0
108.186813,108.165382,121,255,69,255,53,201,64,184,128,0,0,0,0,0,0,0
108.461540,108.399605,121,255,69,255,53,201,59,185,128,0,0,0,0,0,0,0
108.681320,108.634598,121,255,69,255,54,201,59,184,0,0,0,0,0,0,0,0
108.901100,108.869797,121,255,69,255,53,201,56,185,128,0,0,0,0,0,0,0
109.120880,109.104736,121,255,69,255,53,201,64,183,0,0,0,0,0,0,0,0
109.395607,109.339622,121,255,69,255,53,201,55,185,128,0,0,0,0,0,0,0
109.615387,109.573799,121,255,68,255,53,202,64,184,0,0,0,0,0,0,0,0
109.835167,109.808487,121,255,67,255,55,201,59,185,0,0,0,0,0,0,0,0
110.109894,110.043472,121,255,67,255,53,201,60,185,128,0,0,0,0,0,0,0
110.329674,110.278366,121,255,67,255,53,201,58,184,0,0,0,0,0,0,0,0
110.549454,110.513359,121,255,68,255,53,202,65,184,128,0,0,0,0,0,0,0
110.769234,110.747734,121,255,68,255,53,201,60,185,128,0,0,0,0,0,0,0
111.043953,110.982628,121,255,68,255,53,201,66,184,0,0,0,0,0,0,0,0
111.263733,111.217567,121,255,68,255,53,201,62,184,128,0,0,0,0,0,0,0
111.483513,111.452202,121,255,67,255,53,201,66,184,0,0,0,0,0,0,0,0
111.703300,111.687195,121,255,65,255,53,201,60,185,128,0,0,0,0,0,0,0
111.978020,111.921524,121,255,65,255,53,201,66,184,0,0,0,0,0,0,0,0
112.197800,112.156670,121,255,65,255,53,201,64,184,0,0,0,0,0,0,0,0
112.417580,112.391357,121,255,65,255,53,201,65,184,128,0,0,0,0,0,0,0
112.692307,112.626244,121,255,65,255,53,201,57,185,0,0,0,0,0,0,0,0
112.912086,112.861084,121,255,65,255,54,201,62,185,128,0,0,0,0,0,0,0
113.131866,113.095154,121,255,65,255,53,201,60,185,0,0,0,0,0,0,0,0
113.351646,113.330093,121,255,65,255,53,201,58,184,0,0,0,0,0,0,0,0
113.626373,113.565239,121,255,65,255,53,201,60,185,128,0,0,0,0,0,0,0
113.846153,113.800339,121,255,65,255,55,201,58,185,0,0,0,0,0,0,0,0
114.065933,114.035072,121,255,65,255,53,201,59,185,128,0,0,0,0,0,0,0
114.285713,114.269142,121,255,65,255,53,201,55,185,0,0,0,0,0,0,0,0
114.560440,114.503883,121,255,65,255,53,201,60,185,0,0,0,0,0,0,0,0
114.780220,114.738670,121,255,64,255,53,201,62,184,128,0,0,0,0,0,0,0
115.000000,114.973969,121,255,64,255,53,201,64,184,0,0,0,0,0,0,0,0
115.274727,115.209114,121,255,63,255,53,201,55,185,128,0,0,0,0,0,0,0
115.494507,115.443237,121,255,64,255,53,201,65,184,0,0,0,0,0,0,0,0
115.714287,115.678078,121,255,63,255,53,201,62,185,0,0,0,0,0,0,0,0
115.934067,115.913071,121,255,63,255,53,201,59,185,128,0,0,0,0,0,0,0
116.208794,116.148468,121,255,63,255,53,201,60,185,0,0,0,0,0,0,0,0
116.428574,116.383514,121,255,62,255,53,201,62,185,128,0,0,0,0,0,0,0
116.648354,116.618454,121,255,61,255,53,201,67,185,0,0,0,0,0,0,0,0
116.923080,116.852272,121,255,63,255,53,202,56,184,0,0,0,0,0,0,0,0
117.142860,117.087059,121,255,63,255,55,201,66,184,128,0,0,0,0,0,0,0
117.362640,117.322151,121,255,61,255,53,201,66,183,0,0,0,0,0,0,0,0
117.582420,117.557144,121,255,61,255,53,201,59,185,128,0,0,0,0,0,0,0
117.857140,117.792137,121,255,61,255,53,201,66,185,0,0,0,0,0,0,0,0
118.076920,118.026520,121,255,61,255,53,201,58,185,0,0,0,0,0,0,0,0
118.296700,118.261459,121,255,60,255,53,201,62,184,128,0,0,0,0,0,0,0
118.516487,118.496300,121,255,61,255,53,201,55,184,0,0,0,0,0,0,0,0
118.791206,118.731140,121,255,59,255,53,201,60,184,128,0,0,0,0,0,0,0
119.010986,118.966278,121,255,60,255,53,201,55,184,0,0,0,0,0,0,0,0
119.230766,119.200455,121,255,59,255,53,201,60,185,0,0,0,0,0,0,0,0
119.505493,119.435448,121,255,59,255,53,201,60,184,128,0,0,0,0,0,0,0
119.725273,119.670029,121,255,60,255,53,201,55,184,0,0,0,0,0,0,0,0
119.945053,119.905075,121,255,60,255,53,201,52,184,128,0,0,0,0,0,0,0
120.164833,120.140221,121,255,59,255,55,201,64,184,0,0,0,0,0,0,0,0
120.439560,120.374084,121,255,58,255,53,201,58,184,128,0,0,0,0,0,0,0
120.659340,120.609024,121,255,57,255,53,201,56,185,128,0,0,0,0,0,0,0
120.879120,120.844025,121,255,59,255,53,201,60,184,0,0,0,0,0,0,0,0
121.098900,121.078812,121,255,57,255,53,201,66,184,128,0,0,0,0,0,0,0
121.373627,121.313805,121,255,55,255,53,201,51,185,0,0,0,0,0,0,0,0
121.593407,121.548080,121,255,57,255,53,201,60,183,0,0,0,0,0,0,0,0
121.813187,121.782913,121,255,55,255,53,201,59,185,128,0,0,0,0,0,0,0
122.087914,122.017754,121,255,55,255,53,201,56,185,0,0,0,0,0,0,0,0
122.307693,122.252701,121,255,56,255,53,201,57,185,128,0,0,0,0,0,0,0
122.527473,122.487480,121,255,57,255,53,201,56,185,0,0,0,0,0,0,0,0
122.747253,122.721756,121,255,55,255,53,201,55,185,128,0,0,0,0,0,0,0
123.021980,122.957062,121,255,55,255,55,201,54,185,128,0,0,0,0,0,0,0
123.241760,123.192001,121,255,55,255,53,201,59,186,0,0,0,0,0,0,0,0
123.461540,123.426994,121,255,55,255,54,201,55,185,128,0,0,0,0,0,0,0
123.681320,123.661781,121,255,55,255,53,201,59,185,0,0,0,0,0,0,0,0
123.956047,123.896004,121,255,55,255,53,201,58,185,128,0,0,0,0,0,0,0
124.175827,124.131149,121,255,55,255,53,201,62,184,128,0,0,0,0,0,0,0
124.395607,124.366096,121,255,55,255,53,201,55,185,0,0,0,0,0,0,0,0
124.670326,124.601189,121,255,53,255,53,201,64,184,128,0,0,0,0,0,0,0
124.890106,124.835930,121,255,55,255,53,201,52,184,0,0,0,0,0,0,0,0
125.109894,125.070099,121,255,55,255,54,201,70,184,128,0,0,0,0,0,0,0
125.329674,125.304680,121,255,55,255,55,201,51,184,128,0,0,0,0,0,0,0
125.604393,125.539467,121,255,53,255,53,201,55,185,0,0,0,0,0,0,0,0
125.824173,125.774673,121,255,54,255,55,201,55,185,128,0,0,0,0,0,0,0
126.043953,126.009911,121,255,55,255,53,201,49,185,0,0,0,0,0,0,0,0
126.318680,126.243935,121,255,53,255,53,201,71,184,128,0,0,0,0,0,0,0
126.538460,126.478622,121,255,53,255,53,201,58,185,128,0,0,0,0,0,0,0
126.758240,126.713615,121,255,53,255,54,201,58,184,0,0,0,0,0,0,0,0
126.978020,126.948708,121,255,53,255,53,201,65,184,128,0,0,0,0,0,0,0
127.252747,127.183952,121,255,53,255,53,201,62,185,0,0,0,0,0,0,0,0
127.472527,127.419052,121,255,53,255,53,201,66,184,128,0,0,0,0,0,0,0
127.692307,127.653275,121,255,53,255,53,201,60,185,128,0,0,0,0,0,0,0
127.912086,127.888214,121,255,52,255,53,201,62,185,0,0,0,0,0,0,0,0
128.186813,128.123260,121,255,52,255,53,201,64,183,128,0,0,0,0,0,0,0
128.406601,128.358154,121,255,52,255,53,201,60,185,0,0,0,0,0,0,0,0
128.626373,128.592224,121,255,52,255,53,201,55,184,128,0,0,0,0,0,0,0
128.901093,128.827576,121,255,52,255,54,201,66,184,128,0,0,0,0,0,0,0
129.120880,129.062622,121,255,53,255,53,201,62,184,0,0,0,0,0,0,0,0
129.340652,129.298218,121,255,52,255,53,201,58,185,128,0,0,0,0,0,0,0
129.560440,129.533218,121,255,52,255,53,201,56,185,0,0,0,0,0,0,0,0
129.835159,129.768463,121,255,52,255,53,201,60,185,128,0,0,0,0,0,0,0
130.054947,130.002533,121,255,52,255,55,201,55,185,128,0,0,0,0,0,0,0
130.274719,130.237167,121,255,49,255,53,201,58,185,0,0,0,0,0,0,0,0
130.494507,130.472366,121,255,49,255,53,201,56,185,128,0,0,0,0,0,0,0
130.769226,130.707260,121,255,49,255,54,201,59,184,0,0,0,0,0,0,0,0
130.989014,130.942200,121,255,52,255,53,201,62,185,128,0,0,0,0,0,0,0
131.208786,131.176315,121,255,50,255,53,201,55,184,128,0,0,0,0,0,0,0
131.483521,131.411316,121,255,51,255,54,201,55,184,0,0,0,0,0,0,0,0
131.703293,131.646057,121,255,52,255,53,201,64,184,128,0,0,0,0,0,0,0
131.923080,131.881042,121,255,51,255,53,201,55,184,0,0,0,0,0,0,0,0
132.142853,132.115936,121,255,49,255,53,201,58,185,128,0,0,0,0,0,0,0
132.417587,132.350204,121,255,49,255,54,201,64,184,128,0,0,0,0,0,0,0
132.637360,132.585403,121,255,49,255,53,201,59,184,0,0,0,0,0,0,0,0
132.857147,132.820251,121,255,49,255,54,201,62,184,128,0,0,0,0,0,0,0
133.131866,133.055283,121,255,49,255,53,201,62,185,0,0,0,0,0,0,0,0
133.351654,133.290283,121,255,50,255,53,201,58,185,128,0,0,0,0,0,0,0
133.571426,133.524307,121,255,49,255,53,201,59,185,0,0,0,0,0,0,0,0
133.791214,133.759140,121,255,49,255,53,201,56,185,0,0,0,0,0,0,0,0
134.065933,133.994339,121,255,49,255,53,201,58,185,128,0,0,0,0,0,0,0
134.285721,134.229080,121,255,49,255,54,201,55,185,0,0,0,0,0,0,0,0
134.505493,134.464066,121,255,49,255,54,201,64,184,128,0,0,0,0,0,0,0
134.725281,134.698196,121,255,49,255,53,201,64,184,128,0,0,0,0,0,0,0
135.000000,134.933075,121,255,49,255,53,201,54,185,0,0,0,0,0,0,0,0
135.219788,135.167923,121,255,49,255,53,201,65,184,128,0,0,0,0,0,0,0
135.439560,135.402649,121,255,48,255,53,201,57,185,0,0,0,0,0,0,0,0
135.714279,135.637589,121,255,48,255,53,201,62,185,128,0,0,0,0,0,0,0
135.934067,135.871765,121,255,49,255,53,201,66,184,0,0,0,0,0,0,0,0
136.153839,136.107010,121,255,49,255,53,201,66,184,0,0,0,0,0,0,0,0
136.373627,136.341904,121,255,49,255,53,201,59,185,128,0,0,0,0,0,0,0
136.648346,136.576797,121,255,48,255,53,201,56,185,0,0,0,0,0,0,0,0
136.868134,136.811478,121,255,47,255,53,201,64,184,128,0,0,0,0,0,0,0
137.087906,137.045609,121,255,48,255,55,201,59,184,0,0,0,0,0,0,0,0
137.307693,137.280487,121,255,46,255,53,201,64,184,0,0,0,0,0,0,0,0
137.582413,137.515747,121,255,45,255,53,201,55,184,128,0,0,0,0,0,0,0
137.802200,137.750793,121,255,45,255,53,201,59,185,0,0,0,0,0,0,0,0
138.021973,137.985580,121,255,45,255,53,201,64,184,128,0,0,0,0,0,0,0
138.296707,138.219696,121,255,47,255,55,201,56,184,0,0,0,0,0,0,0,0
138.516479,138.454285,121,255,47,255,53,201,62,184,0,0,0,0,0,0,0,0
138.736267,138.689270,121,255,45,255,53,201,59,185,128,0,0,0,0,0,0,0
138.956039,138.924469,121,255,46,255,53,201,55,185,0,0,0,0,0,0,0,0
139.230774,139.159470,121,255,44,255,55,201,60,184,128,0,0,0,0,0,0,0
139.450546,139.393845,121,255,45,255,53,201,58,185,0,0,0,0,0,0,0,0
139.670334,139.628525,121,255,45,255,53,201,59,184,0,0,0,0,0,0,0,0
139.890106,139.863419,121,255,45,255,54,201,55,184,128,0,0,0,0,0,0,0
140.164841,140.098312,121,255,44,255,53,201,63,184,0,0,0,0,0,0,0,0
140.384613,140.333145,121,255,45,255,53,201,56,185,128,0,0,0,0,0,0,0
140.604401,140.567886,121,255,45,255,53,201,59,184,0,0,0,0,0,0,0,0
140.879120,140.802261,121,255,45,255,53,201,60,185,0,0,0,0,0,0,0,0
141.098907,141.037003,121,255,45,255,53,201,64,184,128,0,0,0,0,0,0,0
141.318680,141.271988,121,255,45,255,53,201,62,184,0,0,0,0,0,0,0,0
141.538467,141.506775,121,255,44,255,53,201,60,184,128,0,0,0,0,0,0,0
141.813187,141.740646,121,255,44,255,53,201,51,185,0,0,0,0,0,0,0,0
142.032974,141.975632,121,255,44,255,53,201,64,183,0,0,0,0,0,0,0,0
142.252747,142.210831,121,255,41,255,53,201,60,185,128,0,0,0,0,0,0,0
142.472534,142.445679,121,255,41,255,53,201,66,184,0,0,0,0,0,0,0,0
142.747253,142.680664,121,255,43,255,54,201,56,185,128,0,0,0,0,0,0,0
142.967026,142.915756,121,255,43,255,55,201,61,185,0,0,0,0,0,0,0,0
143.186813,143.149582,121,255,41,255,55,201,71,184,0,0,0,0,0,0,0,0
143.461533,143.384521,121,255,42,255,53,201,64,183,128,0,0,0,0,0,0,0
143.681320,143.619766,121,255,41,255,55,201,64,183,0,0,0,0,0,0,0,0
143.901093,143.854813,121,255,39,255,53,201,59,185,128,0,0,0,0,0,0,0
144.120880,144.089798,121,255,41,255,53,201,63,184,0,0,0,0,0,0,0,0
144.395599,144.323776,121,255,41,255,53,201,56,184,0,0,0,0,0,0,0,0
144.615387,144.558502,121,255,39,255,53,201,60,184,128,0,0,0,0,0,0,0
144.835159,144.793289,121,255,40,255,53,201,64,184,0,0,0,0,0,0,0,0
145.054947,145.028030,121,255,39,255,53,201,59,185,128,0,0,0,0,0,0,0
145.329666,145.262924,121,255,39,255,53,201,60,184,0,0,0,0,0,0,0,0
145.549454,145.496841,121,255,39,255,53,201,64,185,0,0,0,0,0,0,0,0
145.769226,145.731827,121,255,38,255,55,201,62,185,128,0,0,0,0,0,0,0
146.043961,145.966980,121,255,37,255,55,201,56,184,0,0,0,0,0,0,0,0
146.263733,146.201813,121,255,37,255,54,201,58,184,128,0,0,0,0,0,0,0
146.483521,146.436600,121,255,39,255,53,201,66,183,0,0,0,0,0,0,0,0
146.703293,146.670517,121,255,39,255,55,201,62,184,128,0,0,0,0,0,0,0
146.978027,146.905258,121,255,37,255,53,201,59,185,128,0,0,0,0,0,0,0
147.197800,147.140457,121,255,39,255,53,201,57,185,0,0,0,0,0,0,0,0
147.417587,147.375351,121,255,38,255,54,201,63,185,128,0,0,0,0,0,0,0
147.692307,147.610229,121,255,37,255,54,200,56,184,0,0,0,0,0,0,0,0
147.912094,147.844147,121,255,37,255,53,201,62,184,0,0,0,0,0,0,0,0
148.131866,148.079193,121,255,37,255,53,201,59,185,128,0,0,0,0,0,0,0
148.351654,148.314240,121,255,36,255,53,201,64,183,0,0,0,0,0,0,0,0
148.626373,148.549393,121,255,37,255,55,201,58,184,128,0,0,0,0,0,0,0
148.846161,148.783966,121,255,35,255,53,201,62,184,0,0,0,0,0,0,0,0
149.065933,149.018188,121,255,36,255,55,201,58,184,128,0,0,0,0,0,0,0
149.285721,149.253235,121,255,36,255,53,201,55,185,128,0,0,0,0,0,0,0
149.560440,149.488129,121,255,35,255,53,201,56,184,0,0,0,0,0,0,0,0
149.780212,149.722916,121,255,33,255,53,201,60,184,128,0,0,0,0,0,0,0
150.000000,149.956940,121,255,33,255,53,201,60,184,0,0,0,0,0,0,0,0
150.274719,150.191666,121,255,33,255,55,201,62,184,128,0,0,0,0,0,0,0
150.494507,150.426514,121,255,33,255,53,201,64,183,128,0,0,0,0,0,0,0
150.714279,150.661652,121,255,35,255,55,201,55,185,0,0,0,0,0,0,0,0
150.934067,150.896698,121,255,34,255,55,201,55,185,128,0,0,0,0,0,0,0
151.208786,151.131592,121,255,33,255,53,201,67,183,0,0,0,0,0,0,0,0
151.428574,151.365768,121,255,33,255,53,201,56,184,128,0,0,0,0,0,0,0
151.648346,151.600601,121,255,33,255,53,201,62,184,128,0,0,0,0,0,0,0
151.868134,151.835495,121,255,33,255,53,201,58,185,0,0,0,0,0,0,0,0
152.142853,152.070633,121,255,32,255,53,201,65,184,128,0,0,0,0,0,0,0
152.362640,152.305740,121,255,31,255,53,201,55,184,0,0,0,0,0,0,0,0
152.582413,152.539505,121,255,32,255,53,201,60,184,128,0,0,0,0,0,0,0
152.857147,152.773987,121,255,32,250,55,201,56,185,128,0,0,0,0,0,0,0
153.076920,153.007797,121,255,32,248,53,201,62,184,0,0,0,0,0,0,0,0
153.296707,153.242065,121,255,31,246,53,201,59,184,128,0,0,0,0,0,0,0
153.516479,153.475983,121,255,31,247,53,201,62,184,0,0,0,0,0,0,0,0
153.791214,153.709961,121,255,32,246,53,201,64,183,128,0,0,0,0,0,0,0
154.010986,153.943253,121,255,29,248,53,201,56,184,128,0,0,0,0,0,0,0
154.230774,154.177338,121,255,29,243,53,201,59,185,0,0,0,0,0,0,0,0
154.450546,154.411301,121,255,29,240,53,201,55,185,128,0,0,0,0,0,0,0
154.725281,154.644913,121,255,29,237,53,201,64,184,0,0,0,0,0,0,0,0
154.945053,154.877747,121,255,29,232,54,201,51,185,128,0,0,0,0,0,0,0
155.164841,155.111420,121,255,28,229,53,201,68,183,128,0,0,0,0,0,0,0
155.384613,155.345078,121,255,29,226,53,201,60,185,0,0,0,0,0,0,0,0
155.659348,155.578995,121,255,29,227,53,201,63,184,128,0,0,0,0,0,0,0
155.879120,155.812546,121,255,28,229,54,201,59,184,0,0,0,0,0,0,0,0
156.098907,156.045395,121,255,29,227,53,201,66,183,128,0,0,0,0,0,0,0
156.318680,156.279053,121,255,27,225,54,201,59,184,128,0,0,0,0,0,0,0
156.593399,156.512817,121,255,29,222,54,201,57,185,0,0,0,0,0,0,0,0
156.813187,156.746689,121,255,28,221,54,201,64,184,128,0,0,0,0,0,0,0
157.032974,156.980392,121,255,27,219,54,201,59,184,0,0,0,0,0,0,0,0
157.252747,157.214523,121,255,28,218,54,201,58,185,128,0,0,0,0,0,0,0
157.527466,157.447723,121,255,28,216,53,201,60,185,128,0,0,0,0,0,0,0
157.747253,157.681747,121,255,27,217,54,201,56,185,0,0,0,0,0,0,0,0
157.967026,157.915863,121,255,25,214,54,201,58,185,128,0,0,0,0,0,0,0
158.186813,158.149673,121,255,28,208,54,201,51,185,0,0,0,0,0,0,0,0
158.461533,158.382523,121,255,25,207,54,201,60,184,128,0,0,0,0,0,0,0
158.681320,158.615921,121,255,25,209,55,201,48,185,128,0,0,0,0,0,0,0
158.901093,158.849792,121,255,25,209,54,201,62,185,0,0,0,0,0,0,0,0
159.120880,159.083664,121,255,28,207,55,201,47,184,128,0,0,0,0,0,0,0
159.395599,159.317673,121,255,25,203,54,201,52,184,0,0,0,0,0,0,0,0
159.615387,159.551437,121,255,24,197,54,201,55,185,128,0,0,0,0,0,0,0
159.835159,159.784744,121,252,23,199,54,201,55,185,128,0,0,0,0,0,0,0
160.054947,160.018463,121,249,24,198,54,201,56,184,0,0,0,0,0,0,0,0
160.329666,160.252167,121,249,25,202,54,201,57,184,128,0,0,0,0,0,0,0
160.549454,160.485825,121,252,25,203,53,201,56,184,0,0,0,0,0,0,0,0
160.769226,160.718719,121,253,25,205,54,201,53,185,0,0,0,0,0,0,0,0
160.989014,160.952591,121,253,26,202,54,201,55,184,128,0,0,0,0,0,0,0
161.263733,161.186356,121,253,25,198,54,201,56,184,0,0,0,0,0,0,0,0
161.483521,161.420227,121,249,23,195,55,201,58,184,128,0,0,0,0,0,0,0
161.703293,161.653885,121,247,23,191,55,201,62,184,0,0,0,0,0,0,0,0
161.923080,161.886719,121,245,25,191,53,201,59,184,0,0,0,0,0,0,0,0
162.197800,162.120438,121,245,25,191,53,201,60,184,128,0,0,0,0,0,0,0
162.417587,162.354309,121,245,25,194,55,201,62,184,0,0,0,0,0,0,0,0
162.637360,162.588074,121,242,23,191,53,201,62,184,128,0,0,0,0,0,0,0
162.857147,162.821884,121,243,23,191,54,201,64,183,0,0,0,0,0,0,0,0
163.131866,163.055084,121,243,24,191,53,201,56,184,0,0,0,0,0,0,0,0
163.351654,163.289047,121,242,23,189,53,201,60,184,128,0,0,0,0,0,0,0
163.571426,163.522659,121,241,23,190,55,201,64,183,0,0,0,0,0,0,0,0
163.791214,163.756317,121,241,24,189,53,201,59,185,128,0,0,0,0,0,0,0
164.065933,163.989838,121,240,21,187,55,201,60,184,0,0,0,0,0,0,0,0
164.285721,164.222977,121,240,23,186,53,201,58,184,128,0,0,0,0,0,0,0
164.505493,164.456955,121,237,21,183,53,201,58,184,128,0,0,0,0,0,0,0
164.725281,164.691223,121,236,21,183,55,201,60,184,0,0,0,0,0,0,0,0
165.000000,164.924942,121,233,21,183,53,201,71,183,128,0,0,0,0,0,0,0
165.219788,165.159058,121,233,22,179,53,201,62,184,0,0,0,0,0,0,0,0
165.439560,165.392258,121,233,22,181,53,201,64,183,128,0,0,0,0,0,0,0
165.714279,165.626480,121,231,21,178,56,201,59,184,128,0,0,0,0,0,0,0
165.934067,165.859940,121,231,23,179,53,201,56,184,0,0,0,0,0,0,0,0
166.153839,166.093704,121,231,22,180,53,201,60,184,128,0,0,0,0,0,0,0
166.373627,166.327423,121,231,21,179,53,201,55,184,0,0,0,0,0,0,0,0
166.648346,166.560364,121,229,21,173,53,201,59,185,128,0,0,0,0,0,0,0
166.868134,166.794327,121,228,21,171,53,201,59,184,128,0,0,0,0,0,0,0
167.087906,167.028244,121,225,22,171,54,201,62,184,0,0,0,0,0,0,0,0
167.307693,167.262070,121,224,20,171,53,201,51,185,128,0,0,0,0,0,0,0
167.582413,167.495834,121,223,21,171,53,201,59,185,0,0,0,0,0,0,0,0
167.802200,167.729645,121,221,22,168,53,201,67,184,128,0,0,0,0,0,0,0
168.021973,167.962540,121,221,23,170,53,201,58,184,128,0,0,0,0,0,0,0
168.241760,168.196304,121,220,23,170,55,201,62,184,0,0,0,0,0,0,0,0
168.516479,168.430161,121,221,19,167,53,201,55,184,128,0,0,0,0,0,0,0
168.736267,168.664078,121,221,20,167,53,201,59,185,0,0,0,0,0,0,0,0
168.956039,168.897339,121,217,22,160,53,201,58,184,128,0,0,0,0,0,0,0
169.175827,169.131195,121,215,19,161,52,201,52,184,128,0,0,0,0,0,0,0
169.450546,169.365280,121,213,20,160,53,201,66,183,0,0,0,0,0,0,0,0
169.670334,169.598877,121,212,19,160,56,201,55,184,128,0,0,0,0,0,0,0
169.890106,169.832550,121,212,20,161,53,201,58,184,0,0,0,0,0,0,0,0
170.109894,170.066162,121,212,22,163,54,201,60,185,128,0,0,0,0,0,0,0
170.384613,170.299103,121,212,22,163,53,201,60,185,128,0,0,0,0,0,0,0
170.604401,170.532959,121,213,19,167,54,201,62,184,0,0,0,0,0,0,0,0
170.824173,170.766876,121,215,22,164,52,201,62,185,128,0,0,0,0,0,0,0
171.043961,171.000031,121,215,22,163,56,201,50,184,0,0,0,0,0,0,0,0
171.318680,171.233902,121,213,19,160,53,201,68,184,128,0,0,0,0,0,0,0
171.538467,171.467621,121,213,19,161,53,201,62,184,128,0,0,0,0,0,0,0
171.758240,171.701324,121,213,20,162,52,201,62,184,0,0,0,0,0,0,0,0
171.978027,171.935089,121,213,22,163,53,201,68,183,128,0,0,0,0,0,0,0
172.252747,172.168808,121,213,19,163,53,201,62,185,0,0,0,0,0,0,0,0
172.472534,172.401703,121,213,19,163,53,201,60,185,0,0,0,0,0,0,0,0
172.692307,172.635666,121,213,22,160,53,201,64,183,128,0,0,0,0,0,0,0
172.912094,172.869278,121,213,22,162,53,201,62,184,0,0,0,0,0,0,0,0
173.186813,173.103088,121,213,19,160,52,201,55,185,128,0,0,0,0,0,0,0
173.406601,173.336960,121,213,22,160,53,201,59,184,0,0,0,0,0,0,0,0
173.626373,173.569794,121,212,20,159,55,201,59,184,128,0,0,0,0,0,0,0
173.846161,173.803818,121,209,20,158,54,201,71,184,128,0,0,0,0,0,0,0
174.120880,174.037430,121,209,19,154,56,201,56,184,0,0,0,0,0,0,0,0
174.340652,174.271454,121,208,20,155,54,201,64,183,128,0,0,0,0,0,0,0
174.560440,174.505264,121,207,19,155,55,201,66,183,0,0,0,0,0,0,0,0
174.780212,174.737854,121,207,20,157,54,201,64,183,128,0,0,0,0,0,0,0
175.054947,174.971558,121,207,18,154,54,201,66,183,128,0,0,0,0,0,0,0
175.274719,175.205170,121,207,20,156,54,201,62,184,0,0,0,0,0,0,0,0
175.494507,175.438980,121,207,19,155,53,201,65,183,128,0,0,0,0,0,0,0
175.714279,175.672653,121,208,18,155,55,201,62,184,0,0,0,0,0,0,0,0
175.989014,175.905746,121,205,18,149,54,201,65,183,128,0,0,0,0,0,0,0
176.208786,176.139664,121,201,19,150,54,201,60,184,128,0,0,0,0,0,0,0
176.428574,176.373535,121,201,18,149,54,201,62,184,0,0,0,0,0,0,0,0
176.648346,176.607300,121,199,18,145,54,200,55,184,128,0,0,0,0,0,0,0
176.923080,176.840958,121,196,17,139,54,201,67,183,0,0,0,0,0,0,0,0
177.142853,177.074005,121,193,17,135,51,201,62,184,128,0,0,0,0,0,0,0
177.362640,177.307663,121,190,17,138,54,201,52,184,128,0,0,0,0,0,0,0
177.582413,177.541382,121,189,17,136,55,201,66,183,0,0,0,0,0,0,0,0
177.857147,177.775040,121,189,17,135,54,201,62,185,128,0,0,0,0,0,0,0
178.076920,178.008804,121,187,17,136,54,201,64,183,0,0,0,0,0,0,0,0
178.296707,178.242310,121,188,16,135,54,201,59,185,128,0,0,0,0,0,0,0
178.516479,178.475311,121,187,17,133,54,200,58,183,128,0,0,0,0,0,0,0
178.791214,178.709122,121,185,16,131,54,201,51,184,0,0,0,0,0,0,0,0
179.010986,178.943146,121,183,16,132,54,201,74,184,128,0,0,0,0,0,0,0
179.230774,179.176849,121,183,16,136,54,201,46,184,0,0,0,0,0,0,0,0
179.450546,179.409744,121,181,15,130,54,201,58,184,128,0,0,0,0,0,0,0
179.725281,179.643509,121,182,15,130,54,200,56,184,128,0,0,0,0,0,0,0
179.945053,179.877121,121,183,17,131,54,201,66,183,0,0,0,0,0,0,0,0
180.164841,180.110840,121,183,15,131,53,201,63,184,128,0,0,0,0,0,0,0
180.384613,180.344742,121,183,16,135,53,201,68,184,0,0,0,0,0,0,0,0
180.659348,180.578766,121,182,15,130,54,201,58,185,128,0,0,0,0,0,0,0
180.879120,180.812119,121,181,16,125,53,201,59,185,128,0,0,0,0,0,0,0
181.098907,181.046188,121,179,15,126,54,201,56,184,0,0,0,0,0,0,0,0
181.373627,181.279953,121,177,16,123,55,200,59,184,128,0,0,0,0,0,0,0
181.593399,181.514038,121,174,13,120,53,201,56,184,0,0,0,0,0,0,0,0
181.813187,181.747025,121,172,15,119,55,201,58,184,128,0,0,0,0,0,0,0
182.032974,181.980743,121,169,14,112,53,201,67,183,128,0,0,0,0,0,0,0
182.307693,182.214508,121,167,14,114,54,200,52,184,0,0,0,0,0,0,0,0
182.527466,182.448273,121,167,13,114,53,201,62,185,128,0,0,0,0,0,0,0
182.747253,182.682236,121,165,14,114,53,201,58,184,0,0,0,0,0,0,0,0
182.967026,182.915329,121,163,12,105,53,201,60,184,128,0,0,0,0,0,0,0
183.241760,183.149307,121,160,12,104,53,201,60,184,128,0,0,0,0,0,0,0
183.461533,183.383011,121,157,11,106,53,201,56,185,0,0,0,0,0,0,0,0
183.681320,183.616837,121,157,14,110,52,201,62,184,128,0,0,0,0,0,0,0
183.901093,183.850647,121,157,12,108,53,201,62,184,0,0,0,0,0,0,0,0
184.175827,184.083389,121,157,15,104,53,201,64,183,128,0,0,0,0,0,0,0
184.395599,184.317352,121,157,14,108,53,201,64,183,128,0,0,0,0,0,0,0
184.615387,184.551117,121,156,11,104,53,201,59,185,0,0,0,0,0,0,0,0
184.835159,184.784988,121,155,15,103,52,201,56,184,128,0,0,0,0,0,0,0
185.109894,185.018799,121,151,14,103,54,201,55,185,0,0,0,0,0,0,0,0
185.329666,185.251129,121,151,12,99,53,201,62,184,128,0,0,0,0,0,0,0
185.549454,185.484283,121,149,12,96,53,201,56,184,128,0,0,0,0,0,0,0
185.769226,185.717377,121,149,12,97,62,200,48,184,0,0,0,0,0,0,0,0
186.043961,185.950623,121,147,11,96,63,200,51,184,128,0,0,0,0,0,0,0
186.263733,186.183578,121,145,11,94,63,204,61,184,0,0,0,0,0,0,0,0
186.483521,186.416107,120,145,11,96,60,200,56,184,0,0,0,0,0,0,0,0
186.703293,186.649673,121,146,11,98,64,198,59,184,128,0,0,0,0,0,0,0
186.978027,186.882965,121,147,14,96,52,197,68,182,0,0,0,0,0,0,0,0
187.197800,187.116074,121,145,11,94,42,201,76,183,128,0,0,0,0,0,0,0
187.417587,187.349625,121,145,10,91,51,201,74,183,0,0,0,0,0,0,0,0
187.637360,187.582321,121,143,10,95,69,202,51,184,128,0,0,0,0,0,0,0
187.912094,187.815567,121,144,12,95,80,200,39,184,128,0,0,0,0,0,0,0
188.131866,188.048721,121,144,11,91,74,200,48,184,0,0,0,0,0,0,0,0
188.351654,188.282181,120,143,11,90,59,200,54,184,128,0,0,0,0,0,0,0
188.571426,188.515427,121,143,11,98,51,197,70,183,0,0,0,0,0,0,0,0
188.791214,188.747803,121,145,14,100,48,201,71,183,128,0,0,0,0,0,0,0
189.065933,188.981064,121,148,14,99,40,200,67,183,128,0,0,0,0,0,0,0
189.285721,189.214569,121,149,14,102,38,200,77,183,0,0,0,0,0,0,0,0
189.505493,189.447815,121,148,11,96,45,200,70,183,128,0,0,0,0,0,0,0
189.725281,189.681076,121,145,9,90,54,199,65,182,0,0,0,0,0,0,0,0
190.000000,189.913559,120,143,12,88,78,200,52,182,0,0,0,0,0,0,0,0
190.219788,190.146957,120,140,10,84,91,202,34,184,128,0,0,0,0,0,0,0
190.439560,190.380264,120,139,10,90,95,203,34,182,0,0,0,0,0,0,0,0
190.659348,190.613312,121,140,10,91,91,199,37,181,128,0,0,0,0,0,0,0
190.934067,190.846558,121,142,14,95,63,200,57,184,0,0,0,0,0,0,0,0
191.153839,191.079300,121,144,14,95,45,201,84,184,128,0,0,0,0,0,0,0
191.373627,191.312653,121,145,11,96,44,200,76,183,128,0,0,0,0,0,0,0
191.593399,191.545761,121,145,10,95,44,200,80,183,0,0,0,0,0,0,0,0
191.868134,191.779160,121,144,10,90,50,201,70,183,128,0,0,0,0,0,0,0
192.087906,192.012619,121,144,11,92,67,199,56,184,0,0,0,0,0,0,0,0
192.307693,192.244995,121,141,10,88,91,200,40,184,0,0,0,0,0,0,0,0
192.527466,192.478149,120,140,10,89,96,200,42,184,128,0,0,0,0,0,0,0
192.802200,192.711456,121,140,12,92,81,199,41,184,0,0,0,0,0,0,0,0
193.021973,192.944901,119,140,10,93,68,200,62,183,128,0,0,0,0,0,0,0
193.241760,193.178268,121,140,11,87,70,200,66,183,0,0,0,0,0,0,0,0
193.461533,193.410385,121,137,10,84,67,202,66,183,128,0,0,0,0,0,0,0
193.736267,193.643692,121,140,10,94,73,202,66,183,128,0,0,0,0,0,0,0
193.956039,193.877090,121,141,12,96,71,202,66,182,0,0,0,0,0,0,0,0
194.175827,194.110443,121,143,12,95,71,200,60,184,128,0,0,0,0,0,0,0
194.395599,194.342636,121,144,13,94,59,201,71,183,128,0,0,0,0,0,0,0
194.670334,194.576035,121,145,13,99,56,200,69,183,0,0,0,0,0,0,0,0
194.890106,194.809235,121,145,11,97,52,200,71,183,128,0,0,0,0,0,0,0
195.109894,195.042435,121,145,13,97,55,201,70,184,0,0,0,0,0,0,0,0
195.329666,195.275528,121,147,11,98,61,201,64,183,128,0,0,0,0,0,0,0
195.604401,195.508942,121,145,11,91,63,203,59,184,0,0,0,0,0,0,0,0
195.824173,195.741119,121,143,11,90,74,200,51,184,0,0,0,0,0,0,0,0
196.043961,195.974518,120,140,10,84,88,201,47,184,128,0,0,0,0,0,0,0
196.263733,196.207626,121,137,10,84,95,199,40,184,0,0,0,0,0,0,0,0
196.538467,196.440918,121,136,10,88,104,200,35,184,128,0,0,0,0,0,0,0
196.758240,196.674118,121,137,11,88,89,198,42,184,0,0,0,0,0,0,0,0
196.978027,196.906601,120,137,10,90,80,199,54,181,0,0,0,0,0,0,0,0
197.197800,197.139801,121,135,10,88,59,201,75,183,128,0,0,0,0,0,0,0
197.472534,197.373215,121,137,8,88,64,200,55,185,0,0,0,0,0,0,0,0
197.692307,197.606415,120,136,12,83,71,199,71,184,128,0,0,0,0,0,0,0
197.912094,197.839005,121,135,10,90,86,201,50,184,128,0,0,0,0,0,0,0
198.131866,198.072510,120,139,10,92,86,198,56,185,0,0,0,0,0,0,0,0
198.406601,198.305878,121,140,11,98,80,204,61,184,128,0,0,0,0,0,0,0
198.626373,198.538803,121,145,13,104,63,197,75,183,0,0,0,0,0,0,0,0
198.846161,198.772217,121,147,14,103,37,200,86,183,128,0,0,0,0,0,0,0
199.065933,199.005203,121,148,14,99,38,200,91,183,0,0,0,0,0,0,0,0
199.285721,199.238876,121,147,11,98,40,200,82,183,0,0,0,0,0,0,0,0
199.560440,199.471970,120,144,12,91,66,200,78,183,128,0,0,0,0,0,0,0
199.780212,199.705322,121,141,10,87,95,201,44,184,0,0,0,0,0,0,0,0
200.000000,199.938828,120,139,10,86,114,201,26,184,128,0,0,0,0,0,0,0
200.219788,200.171768,121,135,10,83,119,200,21,184,0,0,0,0,0,0,0,0
200.494507,200.404922,121,135,10,82,112,201,32,183,0,0,0,0,0,0,0,0
200.714279,200.637970,120,135,8,86,96,200,36,184,128,0,0,0,0,0,0,0
200.934067,200.871277,119,137,9,87,65,201,64,180,0,0,0,0,0,0,0,0
201.153839,201.104721,121,140,12,94,67,198,79,182,128,0,0,0,0,0,0,0
201.428574,201.337006,120,140,11,91,41,200,95,183,128,0,0,0,0,0,0,0
201.648346,201.570206,120,141,12,90,49,203,79,182,0,0,0,0,0,0,0,0
201.868134,201.803406,120,142,10,90,57,202,71,183,128,0,0,0,0,0,0,0
202.087906,202.036819,120,142,12,90,77,196,50,184,0,0,0,0,0,0,0,0
202.362640,202.269958,120,141,11,82,83,202,56,183,128,0,0,0,0,0,0,0
202.582413,202.502197,119,139,10,82,84,199,47,181,0,0,0,0,0,0,0,0
202.802200,202.735657,121,135,10,82,88,200,56,181,0,0,0,0,0,0,0,0
203.021973,202.969254,121,135,10,83,99,199,42,184,128,0,0,0,0,0,0,0
203.296707,203.202560,121,133,10,83,99,200,48,185,0,0,0,0,0,0,0,0
203.516479,203.435867,121,133,9,88,100,198,51,184,128,0,0,0,0,0,0,0
203.736267,203.668350,121,134,10,89,93,198,56,184,128,0,0,0,0,0,0,0
203.956039,203.901596,120,139,12,90,69,200,68,182,0,0,0,0,0,0,0,0
204.230774,204.134750,120,140,11,96,60,201,80,183,128,0,0,0,0,0,0,0
204.450546,204.368057,121,140,11,91,59,201,83,183,0,0,0,0,0,0,0,0
204.670334,204.601456,121,143,12,97,55,199,75,183,128,0,0,0,0,0,0,0
204.890106,204.833694,121,144,11,95,61,201,74,183,128,0,0,0,0,0,0,0
205.164841,205.066788,121,144,11,94,68,198,58,185,0,0,0,0,0,0,0,0
205.384613,205.299942,121,145,11,94,63,201,68,184,128,0,0,0,0,0,0,0
205.604401,205.533081,121,142,10,86,70,202,62,181,0,0,0,0,0,0,0,0
205.824173,205.766129,121,139,10,83,85,200,59,184,128,0,0,0,0,0,0,0
206.098907,205.998566,120,133,10,80,98,201,48,184,128,0,0,0,0,0,0,0
206.318680,206.232224,121,133,10,78,113,201,35,184,0,0,0,0,0,0,0,0
206.538467,206.465942,121,131,10,80,126,202,23,184,128,0,0,0,0,0,0,0
206.758240,206.698929,120,131,11,79,115,200,38,184,0,0,0,0,0,0,0,0
207.032974,206.932083,121,133,10,87,91,199,49,183,128,0,0,0,0,0,0,0
207.252747,207.164627,121,137,11,96,55,200,71,184,128,0,0,0,0,0,0,0
207.472534,207.397827,120,142,10,97,44,200,102,182,0,0,0,0,0,0,0,0
207.692307,207.630859,121,143,14,95,46,200,79,183,128,0,0,0,0,0,0,0
207.967026,207.864380,121,143,12,94,51,201,94,183,0,0,0,0,0,0,0,0
208.186813,208.097885,120,143,12,95,65,200,71,182,128,0,0,0,0,0,0,0
208.406601,208.330566,121,144,13,94,80,200,65,183,0,0,0,0,0,0,0,0
208.626373,208.563721,120,143,12,96,86,200,51,185,0,0,0,0,0,0,0,0
208.901093,208.796921,121,141,11,88,92,199,48,184,128,0,0,0,0,0,0,0
209.120880,209.030426,121,140,11,89,93,201,56,184,0,0,0,0,0,0,0,0
209.340652,209.263840,121,140,9,88,82,199,54,184,128,0,0,0,0,0,0,0
209.560440,209.496063,121,135,11,80,86,198,70,182,0,0,0,0,0,0,0,0
209.780212,209.729263,119,133,8,75,97,200,49,181,0,0,0,0,0,0,0,0
210.054947,209.962570,119,129,9,70,111,199,41,181,128,0,0,0,0,0,0,0
210.274719,210.195816,121,126,9,78,134,200,18,184,0,0,0,0,0,0,0,0
210.494507,210.428864,121,127,8,80,136,204,15,184,128,0,0,0,0,0,0,0
210.714279,210.661407,120,129,12,86,103,201,39,182,128,0,0,0,0,0,0,0
210.989014,210.895004,120,132,10,85,67,200,70,183,0,0,0,0,0,0,0,0
211.208786,211.128311,121,133,10,90,54,199,83,183,128,0,0,0,0,0,0,0
211.428574,211.361420,121,137,12,91,51,201,98,182,0,0,0,0,0,0,0,0
211.648346,211.594711,121,137,10,83,63,200,86,183,128,0,0,0,0,0,0,0
211.923080,211.827042,121,135,11,83,79,199,82,183,0,0,0,0,0,0,0,0
212.142853,212.060303,120,135,8,79,106,200,56,183,0,0,0,0,0,0,0,0
212.362640,212.293762,120,135,10,83,119,200,42,183,128,0,0,0,0,0,0,0
212.582413,212.527313,120,133,11,87,120,201,37,182,0,0,0,0,0,0,0,0
212.857147,212.760406,120,135,11,87,104,199,56,183,128,0,0,0,0,0,0,0
213.076920,212.992844,120,141,12,94,88,198,71,183,128,0,0,0,0,0,0,0
213.296707,213.225998,120,141,12,90,58,196,94,183,0,0,0,0,0,0,0,0
213.516479,213.459305,121,141,10,84,43,197,103,181,128,0,0,0,0,0,0,0
213.791214,213.692596,120,137,9,82,76,199,86,185,0,0,0,0,0,0,0,0
214.010986,213.925644,121,133,10,78,114,201,47,184,128,0,0,0,0,0,0,0
214.230774,214.158279,121,129,9,74,152,201,14,184,0,0,0,0,0,0,0,0
214.450546,214.391891,121,125,9,71,168,200,0,184,0,0,0,0,0,0,0,0
214.725281,214.624847,120,125,7,72,147,201,3,184,128,0,0,0,0,0,0,0
214.945053,214.858093,120,125,9,80,116,197,39,184,0,0,0,0,0,0,0,0
215.164841,215.091705,120,127,12,88,78,199,70,182,128,0,0,0,0,0,0,0
215.384613,215.324280,120,135,10,86,62,200,100,182,128,0,0,0,0,0,0,0
215.659348,215.557281,120,137,11,98,41,200,114,183,0,0,0,0,0,0,0,0
215.879120,215.790390,121,141,11,102,41,200,123,183,128,0,0,0,0,0,0,0
216.098907,216.023834,121,144,11,96,49,201,108,183,0,0,0,0,0,0,0,0
216.318680,216.256836,121,144,10,90,67,200,98,183,128,0,0,0,0,0,0,0
216.593399,216.489273,121,143,12,84,85,199,63,184,128,0,0,0,0,0,0,0
216.813187,216.722519,120,137,11,82,123,203,31,183,0,0,0,0,0,0,0,0
217.032974,216.955872,121,133,10,76,147,202,7,184,128,0,0,0,0,0,0,0
217.252747,217.189331,120,129,8,72,142,201,7,182,0,0,0,0,0,0,0,0
217.527466,217.422684,120,125,9,63,140,200,22,182,128,0,0,0,0,0,0,0
217.747253,217.655121,121,122,8,74,121,201,48,183,0,0,0,0,0,0,0,0
217.967026,217.888779,119,125,12,81,126,198,47,181,0,0,0,0,0,0,0,0
218.186813,218.122238,119,128,12,82,99,199,71,182,128,0,0,0,0,0,0,0
218.461533,218.355743,121,131,11,86,81,201,82,183,0,0,0,0,0,0,0,0
218.681320,218.588226,120,133,10,87,68,199,87,183,0,0,0,0,0,0,0,0
218.901093,218.821640,121,133,10,82,71,199,81,183,128,0,0,0,0,0,0,0
219.120880,219.055237,121,133,9,78,96,199,67,183,0,0,0,0,0,0,0,0
219.395599,219.288696,121,129,10,79,119,199,40,184,128,0,0,0,0,0,0,0
219.615387,219.521805,121,127,9,76,125,202,39,184,0,0,0,0,0,0,0,0
219.835159,219.755310,121,125,8,74,134,200,32,184,128,0,0,0,0,0,0,0
220.054947,219.987885,121,125,9,79,127,197,51,184,128,0,0,0,0,0,0,0
220.274719,220.220993,121,127,8,82,116,204,50,181,0,0,0,0,0,0,0,0
220.549454,220.454147,120,129,10,83,98,202,79,181,128,0,0,0,0,0,0,0
220.769226,220.687653,121,129,8,84,88,199,85,183,0,0,0,0,0,0,0,0
220.989014,220.920227,121,132,11,82,85,201,80,183,128,0,0,0,0,0,0,0
221.208786,221.153229,120,132,12,77,92,197,71,183,128,0,0,0,0,0,0,0
221.483521,221.386230,119,129,9,74,103,200,64,182,0,0,0,0,0,0,0,0
221.703293,221.619476,121,127,8,67,134,200,39,182,128,0,0,0,0,0,0,0
221.923080,221.852676,120,124,7,72,146,198,18,184,0,0,0,0,0,0,0,0
222.142853,222.084961,121,124,10,78,154,199,22,185,0,0,0,0,0,0,0,0
222.417587,222.318420,120,125,9,82,131,195,32,184,128,0,0,0,0,0,0,0
222.637360,222.551865,121,127,9,87,99,204,77,183,0,0,0,0,0,0,0,0
222.857147,222.785233,120,129,10,79,64,202,98,182,128,0,0,0,0,0,0,0
223.076920,223.018372,121,132,9,79,60,203,115,183,0,0,0,0,0,0,0,0
223.351654,223.250854,120,132,10,78,86,200,94,183,128,0,0,0,0,0,0,0
223.571426,223.484421,119,129,10,78,115,201,64,184,128,0,0,0,0,0,0,0
223.791214,223.717972,121,128,11,80,141,200,39,180,0,0,0,0,0,0,0,0
224.010986,223.951080,120,126,10,74,153,201,18,184,128,0,0,0,0,0,0,0
224.285721,224.184326,121,123,8,66,143,202,27,184,0,0,0,0,0,0,0,0
224.505493,224.417740,120,123,8,76,128,198,37,181,128,0,0,0,0,0,0,0
224.725281,224.650269,120,125,8,72,112,199,62,181,128,0,0,0,0,0,0,0
224.945053,224.883316,120,125,7,77,99,197,80,183,0,0,0,0,0,0,0,0
225.219788,225.116470,121,129,9,83,91,199,75,184,128,0,0,0,0,0,0,0
225.439560,225.349716,121,131,10,85,85,201,88,184,0,0,0,0,0,0,0,0
225.659348,225.583069,120,131,11,78,85,201,95,183,128,0,0,0,0,0,0,0
225.879120,225.815140,121,129,10,74,94,201,82,183,128,0,0,0,0,0,0,0
226.153839,226.048553,121,127,9,76,128,199,48,184,0,0,0,0,0,0,0,0
226.373627,226.281601,121,127,9,78,152,201,19,184,128,0,0,0,0,0,0,0
226.593399,226.514694,120,127,12,78,147,204,24,183,0,0,0,0,0,0,0,0
226.813187,226.747284,120,129,9,75,114,198,55,184,128,0,0,0,0,0,0,0
227.087906,226.980743,120,130,11,84,92,199,71,183,128,0,0,0,0,0,0,0
227.307693,227.213791,121,132,10,90,74,200,96,183,0,0,0,0,0,0,0,0
227.527466,227.447189,121,133,10,88,75,201,101,183,128,0,0,0,0,0,0,0
227.747253,227.680603,121,131,10,75,94,200,82,183,0,0,0,0,0,0,0,0
228.021973,227.914261,121,127,9,74,127,201,55,184,128,0,0,0,0,0,0,0
228.241760,228.146637,121,125,9,70,144,200,35,184,128,0,0,0,0,0,0,0
228.461533,228.379837,121,124,7,71,156,201,7,184,0,0,0,0,0,0,0,0
228.681320,228.613251,120,124,9,74,146,201,20,183,128,0,0,0,0,0,0,0
228.956039,228.846802,119,125,12,75,119,199,50,181,0,0,0,0,0,0,0,0
229.175827,229.078979,120,126,12,80,108,199,72,183,0,0,0,0,0,0,0,0
229.395599,229.312180,120,127,11,79,76,199,98,183,128,0,0,0,0,0,0,0
229.615387,229.545532,121,127,9,78,75,201,98,183,0,0,0,0,0,0,0,0
229.890106,229.778732,121,125,7,70,91,204,84,183,128,0,0,0,0,0,0,0
230.109894,230.011734,120,124,9,67,118,198,64,182,0,0,0,0,0,0,0,0
230.329666,230.244171,121,123,9,74,161,204,23,184,128,0,0,0,0,0,0,0
230.549454,230.477615,120,123,11,73,163,204,6,182,128,0,0,0,0,0,0,0
230.769226,230.711136,121,124,11,72,139,197,35,182,0,0,0,0,0,0,0,0
231.043961,230.944122,120,125,7,78,110,203,70,183,128,0,0,0,0,0,0,0
231.263733,231.177277,121,127,8,78,91,202,87,183,0,0,0,0,0,0,0,0
231.483521,231.410065,120,127,12,82,81,208,99,181,0,0,0,0,0,0,0,0
231.703293,231.643372,121,128,8,79,98,199,91,183,128,0,0,0,0,0,0,0
231.978027,231.876724,121,127,11,80,114,201,71,183,0,0,0,0,0,0,0,0
232.197800,232.109879,121,128,10,79,132,200,50,184,128,0,0,0,0,0,0,0
232.417587,232.343170,121,129,8,78,131,200,41,184,0,0,0,0,0,0,0,0
232.637360,232.575607,121,130,11,78,118,199,48,183,128,0,0,0,0,0,0,0
232.912094,232.808655,121,129,12,82,105,203,58,184,128,0,0,0,0,0,0,0
233.131866,233.042007,121,131,11,74,97,203,71,183,0,0,0,0,0,0,0,0
233.351654,233.275360,121,129,9,76,104,200,74,183,128,0,0,0,0,0,0,0
233.571426,233.508865,121,128,10,76,112,201,69,183,0,0,0,0,0,0,0,0
233.846161,233.741196,121,127,9,75,125,201,59,184,0,0,0,0,0,0,0,0
234.065933,233.974503,121,127,7,72,127,205,42,183,128,0,0,0,0,0,0,0
234.285721,234.207809,121,125,9,72,135,199,48,184,0,0,0,0,0,0,0,0
234.505493,234.440903,120,125,9,80,128,203,42,184,128,0,0,0,0,0,0,0
234.780212,234.674103,120,125,9,74,126,197,50,183,0,0,0,0,0,0,0,0
235.000000,234.906738,120,124,9,72,116,200,64,182,128,0,0,0,0,0,0,0
235.219788,235.140411,121,121,8,72,115,200,66,183,128,0,0,0,0,0,0,0
235.439560,235.373459,121,121,5,68,123,199,58,184,0,0,0,0,0,0,0,0
235.714279,235.606964,121,120,9,68,140,198,45,182,128,0,0,0,0,0,0,0
235.934067,235.840210,121,119,9,71,143,196,42,184,0,0,0,0,0,0,0,0
236.153839,236.072906,120,121,10,74,134,199,49,184,128,0,0,0,0,0,0,0
236.373627,236.306000,120,124,9,82,114,197,61,184,128,0,0,0,0,0,0,0
236.648346,236.539398,121,127,7,84,95,201,83,183,0,0,0,0,0,0,0,0
236.868134,236.772964,120,130,8,83,71,199,97,182,128,0,0,0,0,0,0,0
237.087906,237.006775,121,131,11,80,82,199,96,183,0,0,0,0,0,0,0,0
237.307693,237.239166,121,127,7,72,99,200,86,184,0,0,0,0,0,0,0,0
237.582413,237.472565,121,125,7,72,118,199,74,182,128,0,0,0,0,0,0,0
237.802200,237.705872,121,126,9,78,167,200,22,181,0,0,0,0,0,0,0,0
238.021973,237.939377,120,127,9,78,157,202,0,183,128,0,0,0,0,0,0,0
238.241760,238.171753,121,127,9,78,139,200,40,184,0,0,0,0,0,0,0,0
238.516479,238.405014,120,127,9,79,98,200,83,183,128,0,0,0,0,0,0,0
238.736267,238.638153,121,127,11,79,85,200,94,183,128,0,0,0,0,0,0,0
238.956039,238.871674,119,127,10,79,82,201,87,184,0,0,0,0,0,0,0,0
239.175827,239.105072,120,129,8,79,107,199,68,182,128,0,0,0,0,0,0,0
239.450546,239.338379,120,130,10,79,118,199,51,184,0,0,0,0,0,0,0,0
