0.000000,0.000000,137,223,21,167,77,2,68,210,128,0,0,0,0,0,0,0
0.219780,0.215393,137,224,24,177,77,2,68,210,0,0,0,0,0,0,0,0
0.439560,0.456891,137,226,22,178,76,3,69,210,128,0,0,0,0,0,0,0
0.714286,0.729680,137,227,22,178,77,3,77,210,0,0,0,0,0,0,0,0
0.934066,0.944274,137,226,24,173,78,3,70,210,128,0,0,0,0,0,0,0
1.208791,1.213537,137,228,22,180,76,3,67,210,0,0,0,0,0,0,0,0
1.428571,1.422706,138,229,24,177,78,3,82,210,0,0,0,0,0,0,0,0
1.648352,1.661611,137,228,23,175,76,3,69,210,128,0,0,0,0,0,0,0
1.923077,1.931373,137,228,22,178,77,3,67,210,0,0,0,0,0,0,0,0
2.142857,2.150073,137,230,22,180,77,3,68,210,128,0,0,0,0,0,0,0
2.417583,2.418601,137,229,23,175,78,2,68,210,0,0,0,0,0,0,0,0
2.637363,2.634582,137,229,22,178,78,2,63,210,128,0,0,0,0,0,0,0
2.857143,2.872509,137,228,22,176,77,3,50,210,0,0,0,0,0,0,0,0
3.131868,3.143002,137,228,23,177,78,2,62,210,128,0,0,0,0,0,0,0
3.351648,3.359458,138,230,24,181,77,2,70,210,0,0,0,0,0,0,0,0
3.626374,3.628623,137,231,24,181,77,2,62,210,0,0,0,0,0,0,0,0
3.846154,3.842412,137,231,25,184,78,2,72,210,128,0,0,0,0,0,0,0
4.065934,4.081739,137,233,23,181,77,2,75,210,0,0,0,0,0,0,0,0
4.340659,4.354927,137,231,22,180,77,2,70,210,128,0,0,0,0,0,0,0
4.560440,4.571741,137,232,24,179,77,3,67,210,0,0,0,0,0,0,0,0
4.835165,4.838951,137,233,23,182,77,3,75,210,0,0,0,0,0,0,0,0
5.054945,5.050860,138,234,25,186,77,3,72,210,0,0,0,0,0,0,0,0
5.274725,5.289361,138,234,23,182,77,3,70,210,0,0,0,0,0,0,0,0
5.549450,5.559689,137,234,22,182,77,3,64,210,128,0,0,0,0,0,0,0
5.769231,5.772649,137,233,24,186,76,3,63,210,0,0,0,0,0,0,0,0
6.043956,6.041935,137,234,24,185,78,3,75,210,128,0,0,0,0,0,0,0
6.263736,6.258638,137,233,22,182,77,3,59,210,0,0,0,0,0,0,0,0
6.483517,6.500048,137,232,24,179,76,3,68,210,128,0,0,0,0,0,0,0
6.758242,6.773396,137,230,24,178,79,3,70,210,0,0,0,0,0,0,0,0
6.978022,6.987705,137,232,24,181,78,2,46,210,128,0,0,0,0,0,0,0
7.252747,7.252004,137,233,22,184,77,4,52,210,0,0,0,0,0,0,0,0
7.472528,7.467815,137,234,25,187,79,3,59,210,0,0,0,0,0,0,0,0
7.747253,7.738903,138,235,25,185,78,2,82,210,128,0,0,0,0,0,0,0
7.967033,7.976280,137,235,23,185,78,2,71,210,0,0,0,0,0,0,0,0
8.186813,8.189444,138,235,23,182,77,3,66,210,128,0,0,0,0,0,0,0
8.461538,8.460260,137,235,23,185,77,4,79,210,0,0,0,0,0,0,0,0
8.681318,8.674041,137,237,25,187,78,3,67,210,128,0,0,0,0,0,0,0
8.956044,8.946713,137,238,25,191,76,3,73,210,128,0,0,0,0,0,0,0
9.175824,9.184937,137,238,25,186,77,3,83,210,0,0,0,0,0,0,0,0
9.395604,9.396182,137,238,23,186,77,3,73,210,128,0,0,0,0,0,0,0
9.670330,9.665581,137,239,24,186,76,3,58,210,0,0,0,0,0,0,0,0
9.890110,9.905390,137,237,23,184,77,2,79,210,128,0,0,0,0,0,0,0
10.109890,10.119370,137,236,25,186,77,3,54,210,0,0,0,0,0,0,0,0
10.384615,10.383881,137,236,25,185,77,2,50,210,128,0,0,0,0,0,0,0
10.604396,10.598660,137,236,23,188,77,3,58,210,0,0,0,0,0,0,0,0
10.824176,10.837516,138,238,23,190,78,2,71,210,0,0,0,0,0,0,0,0
11.098901,11.103117,138,237,23,182,78,2,52,210,128,0,0,0,0,0,0,0
11.318682,11.312387,137,235,24,184,78,2,68,210,0,0,0,0,0,0,0,0
11.538462,11.553533,137,233,24,180,77,3,74,211,128,0,0,0,0,0,0,0
11.813187,11.820385,138,229,24,177,77,3,59,210,0,0,0,0,0,0,0,0
12.032967,12.032715,137,232,23,186,76,2,68,210,128,0,0,0,0,0,0,0
12.307693,12.302313,137,233,24,185,75,3,60,210,0,0,0,0,0,0,0,0
12.527472,12.516682,137,235,23,186,76,3,60,210,128,0,0,0,0,0,0,0
12.747252,12.755582,137,235,22,183,77,2,58,210,128,0,0,0,0,0,0,0
13.021978,13.026707,137,234,23,183,76,2,51,210,0,0,0,0,0,0,0,0
13.241758,13.237423,137,234,25,185,78,2,71,210,128,0,0,0,0,0,0,0
13.516483,13.508613,137,237,23,190,78,2,59,210,0,0,0,0,0,0,0,0
13.736263,13.749783,137,238,26,187,77,3,69,210,128,0,0,0,0,0,0,0
13.956044,13.962008,137,239,25,188,77,3,81,210,0,0,0,0,0,0,0,0
14.230769,14.229901,138,239,25,190,77,2,82,210,128,0,0,0,0,0,0,0
14.450549,14.447689,137,240,23,190,77,3,80,210,0,0,0,0,0,0,0,0
14.725275,14.719992,138,238,24,188,76,2,66,210,0,0,0,0,0,0,0,0
14.945055,14.934202,137,238,25,189,77,3,81,210,128,0,0,0,0,0,0,0
15.164835,15.172389,137,238,24,188,77,3,68,210,0,0,0,0,0,0,0,0
15.439561,15.437107,137,239,26,189,77,3,69,210,128,0,0,0,0,0,0,0
15.659341,15.650114,137,239,24,190,75,2,62,211,0,0,0,0,0,0,0,0
15.879121,15.891253,137,239,25,189,77,3,57,210,128,0,0,0,0,0,0,0
16.153847,16.160034,138,241,26,193,77,2,64,210,0,0,0,0,0,0,0,0
16.373627,16.370647,138,241,25,193,75,2,50,210,128,0,0,0,0,0,0,0
16.648352,16.644724,138,240,25,185,78,2,71,210,128,0,0,0,0,0,0,0
16.868132,16.860125,137,239,23,190,76,2,70,210,0,0,0,0,0,0,0,0
17.142857,17.131046,138,240,25,189,78,3,41,210,128,0,0,0,0,0,0,0
17.362637,17.368334,137,240,25,187,76,2,58,210,0,0,0,0,0,0,0,0
17.582418,17.584873,137,240,25,189,76,3,77,210,128,0,0,0,0,0,0,0
17.857143,17.855108,137,239,23,187,77,2,70,210,0,0,0,0,0,0,0,0
18.076923,18.070086,137,239,26,194,76,3,49,210,128,0,0,0,0,0,0,0
18.296703,18.310085,137,242,26,194,76,2,82,210,0,0,0,0,0,0,0,0
18.571428,18.580738,137,243,25,190,76,3,66,210,0,0,0,0,0,0,0,0
18.791208,18.796604,138,242,24,190,78,2,63,210,128,0,0,0,0,0,0,0
19.065933,19.060694,137,241,25,189,78,3,46,210,0,0,0,0,0,0,0,0
19.285715,19.275158,137,239,25,188,78,2,51,210,128,0,0,0,0,0,0,0
19.505495,19.514536,137,240,26,191,76,2,68,210,0,0,0,0,0,0,0,0
19.780220,19.784197,137,242,25,193,77,3,73,210,128,0,0,0,0,0,0,0
20.000000,19.996420,137,243,26,195,76,3,56,210,128,0,0,0,0,0,0,0
20.274725,20.262489,137,243,26,190,77,3,79,210,0,0,0,0,0,0,0,0
20.494505,20.500727,137,241,25,188,76,2,79,210,0,0,0,0,0,0,0,0
20.714285,20.716547,137,240,25,189,77,2,51,210,0,0,0,0,0,0,0,0
20.989012,20.982502,137,241,24,194,76,2,79,210,128,0,0,0,0,0,0,0
21.208792,21.196556,137,242,23,187,77,3,72,210,0,0,0,0,0,0,0,0
21.428572,21.436983,137,239,25,185,78,3,78,210,128,0,0,0,0,0,0,0
21.703297,21.708555,137,239,23,190,77,2,52,210,0,0,0,0,0,0,0,0
21.923077,21.917456,137,240,25,193,77,3,64,210,0,0,0,0,0,0,0,0
22.142857,22.153765,137,238,25,185,78,3,67,210,128,0,0,0,0,0,0,0
22.417582,22.428415,138,236,25,184,77,2,58,211,0,0,0,0,0,0,0,0
22.637363,22.643976,137,236,23,183,77,2,60,210,128,0,0,0,0,0,0,0
22.912088,22.914879,137,236,23,185,77,3,70,210,0,0,0,0,0,0,0,0
23.131868,23.128874,137,236,25,185,77,2,62,210,128,0,0,0,0,0,0,0
23.406593,23.394108,137,235,23,183,77,2,71,210,0,0,0,0,0,0,0,0
23.626373,23.634485,137,236,25,187,77,3,68,210,128,0,0,0,0,0,0,0
23.846153,23.848032,137,237,25,185,78,2,63,210,128,0,0,0,0,0,0,0
24.120878,24.121559,137,237,25,187,78,3,63,210,0,0,0,0,0,0,0,0
24.340660,24.335764,138,237,25,184,77,2,63,210,128,0,0,0,0,0,0,0
24.615385,24.605000,137,235,24,182,77,3,83,210,0,0,0,0,0,0,0,0
24.835165,24.821762,137,236,23,186,76,2,77,210,128,0,0,0,0,0,0,0
25.054945,25.064470,137,236,25,185,77,3,60,210,128,0,0,0,0,0,0,0
25.329670,25.335472,138,237,23,182,77,3,71,210,128,0,0,0,0,0,0,0
25.549450,25.549936,137,235,22,178,76,3,50,210,0,0,0,0,0,0,0,0
25.824175,25.815905,138,233,23,181,76,3,60,210,128,0,0,0,0,0,0,0
26.043957,26.028294,137,234,25,188,77,3,68,210,128,0,0,0,0,0,0,0
26.263737,26.269638,137,236,23,188,78,3,70,210,0,0,0,0,0,0,0,0
26.538462,26.540609,137,235,24,184,77,3,52,210,128,0,0,0,0,0,0,0
26.758242,26.755947,137,234,23,182,77,2,77,210,0,0,0,0,0,0,0,0
27.032967,27.021603,137,233,24,181,77,3,82,210,128,0,0,0,0,0,0,0
27.252747,27.236338,137,234,24,185,78,3,65,210,0,0,0,0,0,0,0,0
27.472527,27.479393,137,235,23,186,78,2,70,210,0,0,0,0,0,0,0,0
27.747253,27.751055,137,235,25,185,76,3,60,211,0,0,0,0,0,0,0,0
27.967033,27.962946,137,235,25,184,77,2,68,210,0,0,0,0,0,0,0,0
28.241758,28.233112,137,236,24,187,77,2,52,210,128,0,0,0,0,0,0,0
28.461538,28.449970,137,235,24,182,76,2,86,210,0,0,0,0,0,0,0,0
28.681318,28.689314,138,236,24,186,78,2,70,210,128,0,0,0,0,0,0,0
28.956043,28.953545,137,234,24,182,77,3,80,210,0,0,0,0,0,0,0,0
29.175825,29.173004,137,233,24,180,76,3,48,210,128,0,0,0,0,0,0,0
29.450550,29.443285,137,233,23,182,76,3,57,210,0,0,0,0,0,0,0,0
29.670330,29.656040,137,233,23,182,76,2,60,210,0,0,0,0,0,0,0,0
29.890110,29.895315,137,233,23,180,76,3,61,210,128,0,0,0,0,0,0,0
30.164835,30.161638,137,232,22,178,77,2,68,210,0,0,0,0,0,0,0,0
30.384615,30.377123,138,232,22,183,77,2,66,210,128,0,0,0,0,0,0,0
30.659340,30.643047,137,233,25,184,76,3,72,210,0,0,0,0,0,0,0,0
30.879122,30.877806,137,234,25,185,76,2,67,210,128,0,0,0,0,0,0,0
31.098902,31.088573,137,236,23,186,75,3,65,210,0,0,0,0,0,0,0,0
31.373627,31.357143,138,236,23,182,76,2,62,211,128,0,0,0,0,0,0,0
31.593407,31.597404,137,236,23,186,75,3,75,210,128,0,0,0,0,0,0,0
31.813187,31.812914,137,235,24,181,77,3,76,210,0,0,0,0,0,0,0,0
32.087914,32.080441,137,233,23,179,77,3,75,210,128,0,0,0,0,0,0,0
32.307693,32.289928,137,231,23,175,77,3,65,210,0,0,0,0,0,0,0,0
32.527473,32.526493,137,231,23,185,78,2,83,210,128,0,0,0,0,0,0,0
32.802197,32.796501,137,234,25,189,77,2,82,210,0,0,0,0,0,0,0,0
33.021976,33.011448,137,235,23,187,77,2,78,210,0,0,0,0,0,0,0,0
33.296703,33.278236,137,234,23,182,76,2,84,210,128,0,0,0,0,0,0,0
33.516483,33.515999,137,235,25,184,77,2,76,210,0,0,0,0,0,0,0,0
33.736263,33.731510,137,235,24,180,76,2,62,210,128,0,0,0,0,0,0,0
34.010990,34.000889,137,232,24,177,78,3,64,210,0,0,0,0,0,0,0,0
34.230770,34.215431,137,229,22,173,76,3,78,210,128,0,0,0,0,0,0,0
34.450550,34.455631,137,228,22,176,77,2,80,210,0,0,0,0,0,0,0,0
34.725273,34.721542,137,227,22,175,75,2,70,210,128,0,0,0,0,0,0,0
34.945053,34.934246,137,226,24,173,77,3,64,210,0,0,0,0,0,0,0,0
35.219780,35.205044,137,225,21,172,77,2,82,210,0,0,0,0,0,0,0,0
35.439560,35.444782,137,223,21,172,77,2,49,210,128,0,0,0,0,0,0,0
35.659340,35.659031,138,223,21,172,77,2,78,210,0,0,0,0,0,0,0,0
35.934067,35.928600,137,221,22,170,77,3,64,210,128,0,0,0,0,0,0,0
36.153847,36.143475,137,220,22,167,77,3,69,210,0,0,0,0,0,0,0,0
36.428570,36.410625,137,217,22,167,78,3,64,210,128,0,0,0,0,0,0,0
36.648350,36.647984,137,218,21,166,77,3,66,210,0,0,0,0,0,0,0,0
36.868134,36.857765,138,218,22,163,78,2,74,210,128,0,0,0,0,0,0,0
37.142857,37.128933,137,216,21,165,77,2,59,210,128,0,0,0,0,0,0,0
37.362637,37.368633,137,216,21,161,78,2,66,210,0,0,0,0,0,0,0,0
37.582417,37.581013,137,212,19,159,78,2,90,210,128,0,0,0,0,0,0,0
37.857143,37.851185,137,212,22,162,78,3,47,210,128,0,0,0,0,0,0,0
38.076923,38.065079,137,214,21,165,78,2,62,210,128,0,0,0,0,0,0,0
38.351650,38.335041,137,214,21,161,78,3,72,210,0,0,0,0,0,0,0,0
38.571430,38.572708,137,212,19,155,77,2,59,210,128,0,0,0,0,0,0,0
38.791210,38.784225,137,209,21,157,75,2,63,210,128,0,0,0,0,0,0,0
39.065933,39.052620,137,208,19,155,78,2,69,210,0,0,0,0,0,0,0,0
39.285713,39.267628,137,207,19,155,76,2,66,210,128,0,0,0,0,0,0,0
39.505493,39.508915,137,206,21,153,78,2,44,210,0,0,0,0,0,0,0,0
39.780220,39.775654,137,205,19,155,75,2,63,210,128,0,0,0,0,0,0,0
40.000000,39.986313,137,205,20,150,77,3,51,210,0,0,0,0,0,0,0,0
40.274727,40.254208,137,203,19,152,76,2,60,210,128,0,0,0,0,0,0,0
40.494507,40.495975,137,203,20,150,78,3,53,210,0,0,0,0,0,0,0,0
40.714287,40.711174,137,203,19,154,76,3,52,210,0,0,0,0,0,0,0,0
40.989010,40.977242,138,204,19,153,78,2,79,210,128,0,0,0,0,0,0,0
41.208790,41.189365,137,203,21,152,77,2,39,210,0,0,0,0,0,0,0,0
41.428570,41.430149,137,204,20,154,77,3,63,210,128,0,0,0,0,0,0,0
41.703297,41.699074,137,205,20,157,77,3,47,210,0,0,0,0,0,0,0,0
41.923077,41.913902,137,205,20,156,78,2,60,210,128,0,0,0,0,0,0,0
42.197803,42.180176,137,205,19,154,78,3,66,210,0,0,0,0,0,0,0,0
42.417583,42.418983,137,205,20,157,78,4,57,210,128,0,0,0,0,0,0,0
42.637363,42.634071,137,208,21,159,78,3,79,210,128,0,0,0,0,0,0,0
42.912086,42.902840,138,209,21,159,77,3,75,210,0,0,0,0,0,0,0,0
43.131866,43.115074,137,212,23,168,78,4,56,210,128,0,0,0,0,0,0,0
43.406593,43.386002,137,214,21,166,77,2,80,210,0,0,0,0,0,0,0,0
43.626373,43.625622,137,215,22,165,77,2,62,210,128,0,0,0,0,0,0,0
43.846153,43.843361,137,214,22,162,78,2,52,210,0,0,0,0,0,0,0,0
44.120880,44.110157,137,213,20,164,76,2,64,210,128,0,0,0,0,0,0,0
44.340660,44.322491,137,216,23,169,77,3,68,210,128,0,0,0,0,0,0,0
44.615383,44.594223,137,219,22,171,78,2,66,210,0,0,0,0,0,0,0,0
44.835163,44.835468,137,220,22,169,78,3,75,210,128,0,0,0,0,0,0,0
45.054947,45.053707,137,220,23,169,77,3,69,210,0,0,0,0,0,0,0,0
45.329670,45.318756,138,220,23,171,77,3,76,210,0,0,0,0,0,0,0,0
45.549450,45.534370,137,223,23,175,80,2,66,210,0,0,0,0,0,0,0,0
45.824177,45.805737,138,224,22,178,78,2,68,210,128,0,0,0,0,0,0,0
46.043957,46.046520,137,225,23,178,78,3,79,210,128,0,0,0,0,0,0,0
46.263737,46.256203,137,225,24,175,78,2,63,210,0,0,0,0,0,0,0,0
46.538460,46.525856,137,229,23,183,78,2,60,210,128,0,0,0,0,0,0,0
46.758244,46.740063,137,231,24,181,78,3,78,210,0,0,0,0,0,0,0,0
47.032967,47.011284,137,231,24,177,78,2,50,210,128,0,0,0,0,0,0,0
47.252747,47.251541,137,231,22,179,78,3,52,210,0,0,0,0,0,0,0,0
47.472527,47.467060,137,231,25,184,78,3,67,210,128,0,0,0,0,0,0,0
47.747253,47.734932,137,233,23,186,77,2,61,210,0,0,0,0,0,0,0,0
47.967033,47.942928,137,235,24,186,78,2,68,210,128,0,0,0,0,0,0,0
48.186813,48.185272,137,236,23,186,78,2,80,210,128,0,0,0,0,0,0,0
48.461540,48.450378,137,236,24,184,77,3,65,210,0,0,0,0,0,0,0,0
48.681320,48.663441,137,237,23,187,77,2,50,210,128,0,0,0,0,0,0,0
48.901100,48.903503,137,239,26,191,77,2,90,210,0,0,0,0,0,0,0,0
49.175823,49.172993,137,241,24,191,78,2,50,210,128,0,0,0,0,0,0,0
49.395603,49.388878,137,242,23,190,78,2,76,210,0,0,0,0,0,0,0,0
49.670330,49.652279,137,242,24,194,78,3,79,210,128,0,0,0,0,0,0,0
49.890110,49.888760,137,244,25,196,78,3,59,210,128,0,0,0,0,0,0,0
50.109890,50.106415,137,245,25,193,80,2,76,210,0,0,0,0,0,0,0,0
50.384617,50.372974,137,244,25,193,77,2,59,210,128,0,0,0,0,0,0,0
50.604397,50.587761,137,244,25,196,78,3,57,210,0,0,0,0,0,0,0,0
50.824177,50.825996,137,245,26,198,78,3,73,210,128,0,0,0,0,0,0,0
51.098900,51.094551,137,245,26,195,77,3,51,210,0,0,0,0,0,0,0,0
51.318680,51.313095,137,245,26,194,78,2,70,210,128,0,0,0,0,0,0,0
51.593407,51.579453,137,243,26,191,78,2,88,210,0,0,0,0,0,0,0,0
51.813187,51.792049,137,243,23,190,77,3,67,210,0,0,0,0,0,0,0,0
52.032967,52.027058,137,242,26,191,77,2,68,210,128,0,0,0,0,0,0,0
52.307693,52.291462,137,242,25,192,77,3,76,210,0,0,0,0,0,0,0,0
52.527473,52.507431,137,243,26,195,78,2,76,210,128,0,0,0,0,0,0,0
52.802197,52.777866,137,245,26,195,77,2,62,210,0,0,0,0,0,0,0,0
53.021976,53.014908,137,244,25,189,78,2,79,210,128,0,0,0,0,0,0,0
53.241756,53.229450,138,242,25,188,77,3,60,210,0,0,0,0,0,0,0,0
53.516483,53.496372,137,242,25,192,77,3,53,210,128,0,0,0,0,0,0,0
53.736263,53.713776,137,242,25,192,77,2,63,210,128,0,0,0,0,0,0,0
53.956043,53.955681,137,239,25,185,80,2,48,210,0,0,0,0,0,0,0,0
54.230770,54.222683,137,238,23,187,78,2,62,210,128,0,0,0,0,0,0,0
54.450550,54.434395,137,238,23,187,77,3,45,210,0,0,0,0,0,0,0,0
54.725273,54.706181,137,239,23,190,76,3,57,210,128,0,0,0,0,0,0,0
54.945053,54.921268,137,238,23,186,78,2,68,210,128,0,0,0,0,0,0,0
55.164837,55.162216,138,239,25,189,77,3,78,210,128,0,0,0,0,0,0,0
55.439560,55.432178,137,240,26,191,78,3,63,210,0,0,0,0,0,0,0,0
55.659340,55.644306,137,239,25,185,78,3,47,210,0,0,0,0,0,0,0,0
55.934067,55.914478,138,239,23,187,77,3,59,210,128,0,0,0,0,0,0,0
56.153847,56.129463,137,239,25,188,77,3,66,210,0,0,0,0,0,0,0,0
56.373627,56.367451,137,239,24,190,78,2,72,210,128,0,0,0,0,0,0,0
56.648350,56.635139,137,239,23,186,78,2,66,210,0,0,0,0,0,0,0,0
56.868134,56.846775,137,238,25,187,78,3,69,210,0,0,0,0,0,0,0,0
57.142857,57.117897,137,238,24,186,77,2,64,210,0,0,0,0,0,0,0,0
57.362637,57.359291,137,238,25,188,77,3,53,210,0,0,0,0,0,0,0,0
57.582417,57.571941,137,238,23,187,77,2,68,210,128,0,0,0,0,0,0,0
57.857143,57.837173,137,240,25,193,77,3,58,210,0,0,0,0,0,0,0,0
58.076923,58.054455,137,242,26,195,77,3,56,210,128,0,0,0,0,0,0,0
58.351650,58.325756,137,243,26,192,76,3,69,210,0,0,0,0,0,0,0,0
58.571430,58.565876,137,243,23,190,76,2,80,210,128,0,0,0,0,0,0,0
58.791210,58.780758,137,243,23,190,79,2,72,210,0,0,0,0,0,0,0,0
59.065933,59.053429,137,242,25,190,77,2,80,210,128,0,0,0,0,0,0,0
59.285713,59.266438,137,244,25,198,76,2,78,210,128,0,0,0,0,0,0,0
59.560440,59.537086,138,243,23,187,78,2,72,210,0,0,0,0,0,0,0,0
59.780220,59.776306,137,241,25,189,77,3,71,210,128,0,0,0,0,0,0,0
60.000000,59.990040,137,242,25,193,77,3,64,210,0,0,0,0,0,0,0,0
60.274727,60.257721,137,242,23,189,78,3,63,210,128,0,0,0,0,0,0,0
60.494507,60.470314,137,241,23,190,77,3,73,210,0,0,0,0,0,0,0,0
60.769230,60.745144,138,242,25,194,77,2,65,210,128,0,0,0,0,0,0,0
60.989010,60.986473,137,242,23,190,77,3,56,210,0,0,0,0,0,0,0,0
61.208790,61.200462,137,240,25,188,78,3,69,210,0,0,0,0,0,0,0,0
61.483517,61.473713,137,237,22,182,78,2,68,210,128,0,0,0,0,0,0,0
61.703297,61.688286,137,236,23,183,79,2,50,210,0,0,0,0,0,0,0,0
61.978024,61.958557,137,238,25,192,78,2,66,210,128,0,0,0,0,0,0,0
62.197803,62.174732,137,238,23,187,78,2,56,210,0,0,0,0,0,0,0,0
62.417583,62.415005,137,236,24,183,77,2,70,210,128,0,0,0,0,0,0,0
62.692307,62.679626,137,234,24,181,78,3,51,210,0,0,0,0,0,0,0,0
62.912086,62.889511,138,234,23,184,78,2,68,210,0,0,0,0,0,0,0,0
63.186813,63.159424,138,235,23,186,77,3,64,210,128,0,0,0,0,0,0,0
63.406593,63.400948,137,235,25,181,78,2,51,210,0,0,0,0,0,0,0,0
63.626373,63.617901,137,234,24,181,77,3,60,210,128,0,0,0,0,0,0,0
63.901100,63.884323,137,233,22,179,78,3,67,210,0,0,0,0,0,0,0,0
64.120880,64.100250,137,232,22,182,77,2,56,210,128,0,0,0,0,0,0,0
64.395607,64.367302,137,233,23,183,77,3,79,210,0,0,0,0,0,0,0,0
64.615387,64.610725,137,235,25,185,78,3,50,210,0,0,0,0,0,0,0,0
64.835167,64.822502,137,235,24,187,77,2,70,210,0,0,0,0,0,0,0,0
65.109894,65.087418,137,236,23,183,78,3,55,210,0,0,0,0,0,0,0,0
65.329674,65.300377,137,236,24,182,77,3,92,210,128,0,0,0,0,0,0,0
65.549454,65.543968,137,236,23,186,79,2,79,210,0,0,0,0,0,0,0,0
65.824173,65.814514,137,236,23,183,77,3,83,210,128,0,0,0,0,0,0,0
66.043953,66.024086,137,235,24,182,76,2,50,210,0,0,0,0,0,0,0,0
66.318680,66.289680,137,234,25,181,77,3,75,210,128,0,0,0,0,0,0,0
66.538460,66.532181,137,234,24,184,77,3,63,210,128,0,0,0,0,0,0,0
66.758240,66.746964,137,233,25,180,76,2,68,210,0,0,0,0,0,0,0,0
67.032967,67.013336,137,230,23,175,78,3,68,210,128,0,0,0,0,0,0,0
67.252747,67.225266,137,228,22,172,77,3,47,210,0,0,0,0,0,0,0,0
67.527473,67.468559,137,227,24,175,78,2,66,210,128,0,0,0,0,0,0,0
67.747253,67.740074,137,226,24,172,76,3,56,210,0,0,0,0,0,0,0,0
67.967033,67.953804,138,225,23,173,78,2,39,210,128,0,0,0,0,0,0,0
68.241760,68.221016,137,225,23,173,77,2,65,210,0,0,0,0,0,0,0,0
68.461540,68.434601,137,224,23,171,77,2,70,210,0,0,0,0,0,0,0,0
68.681320,68.676582,137,224,23,173,78,3,60,210,128,0,0,0,0,0,0,0
68.956047,68.942131,137,225,22,179,78,2,66,210,0,0,0,0,0,0,0,0
69.175827,69.155235,137,227,22,174,76,2,74,210,128,0,0,0,0,0,0,0
69.450546,69.424782,137,226,22,171,77,3,76,210,0,0,0,0,0,0,0,0
69.670326,69.643524,137,225,23,175,77,3,83,210,128,0,0,0,0,0,0,0
69.890106,69.881027,137,225,24,173,78,3,67,210,0,0,0,0,0,0,0,0
70.164833,70.152328,137,226,23,177,78,3,79,210,128,0,0,0,0,0,0,0
70.384613,70.365150,137,227,22,178,78,2,68,210,0,0,0,0,0,0,0,0
70.659340,70.632782,137,227,21,173,77,3,59,210,0,0,0,0,0,0,0,0
70.879120,70.873146,138,225,23,172,77,2,74,210,128,0,0,0,0,0,0,0
71.098900,71.084702,137,224,22,171,78,2,56,210,0,0,0,0,0,0,0,0
71.373627,71.349991,137,224,21,172,77,3,50,210,128,0,0,0,0,0,0,0
71.593407,71.563400,137,222,21,170,78,2,55,210,0,0,0,0,0,0,0,0
71.813187,71.804138,137,220,22,167,77,3,69,210,128,0,0,0,0,0,0,0
72.087914,72.073227,137,218,21,165,76,3,62,210,0,0,0,0,0,0,0,0
72.307693,72.285820,137,217,22,166,77,2,51,210,0,0,0,0,0,0,0,0
72.582420,72.555946,137,218,22,169,80,2,70,210,128,0,0,0,0,0,0,0
72.802200,72.769844,137,219,21,165,77,3,64,210,0,0,0,0,0,0,0,0
73.021980,73.011086,137,218,22,163,78,2,62,210,128,0,0,0,0,0,0,0
73.296700,73.280525,137,217,21,164,76,3,73,210,0,0,0,0,0,0,0,0
73.516487,73.490524,137,216,22,163,78,3,57,210,128,0,0,0,0,0,0,0
73.791206,73.762627,137,215,22,161,78,2,74,210,0,0,0,0,0,0,0,0
74.010986,74.002113,137,214,21,160,77,2,72,210,0,0,0,0,0,0,0,0
74.230766,74.215317,137,211,20,156,78,3,69,210,128,0,0,0,0,0,0,0
74.505493,74.482803,137,209,19,155,78,2,68,210,0,0,0,0,0,0,0,0
74.725273,74.692322,137,209,22,157,77,3,76,210,128,0,0,0,0,0,0,0
74.945053,74.932899,137,210,21,160,76,2,66,210,0,0,0,0,0,0,0,0
75.219780,75.203125,137,208,19,153,77,3,75,210,128,0,0,0,0,0,0,0
75.439560,75.414627,137,209,22,159,78,2,66,210,0,0,0,0,0,0,0,0
75.714287,75.684639,138,211,22,162,76,2,70,210,128,0,0,0,0,0,0,0
75.934067,75.901093,137,210,21,152,76,3,69,210,128,0,0,0,0,0,0,0
76.153847,76.139946,137,206,20,147,78,3,66,210,0,0,0,0,0,0,0,0
76.428574,76.406952,137,203,19,154,78,2,66,210,128,0,0,0,0,0,0,0
76.648354,76.619339,137,204,19,153,77,2,78,210,0,0,0,0,0,0,0,0
76.923080,76.889748,137,204,20,149,78,2,58,210,128,0,0,0,0,0,0,0
77.142860,77.127953,137,202,20,151,78,2,67,210,0,0,0,0,0,0,0,0
77.362640,77.342628,137,200,20,146,78,3,52,210,128,0,0,0,0,0,0,0
77.637360,77.607811,137,201,20,154,77,2,62,210,0,0,0,0,0,0,0,0
77.857140,77.848602,137,202,19,153,78,3,45,210,0,0,0,0,0,0,0,0
78.076920,78.065407,137,203,19,153,78,3,62,210,128,0,0,0,0,0,0,0
78.351646,78.329544,137,202,19,153,77,3,56,210,0,0,0,0,0,0,0,0
78.571426,78.545517,137,202,19,152,77,3,51,210,128,0,0,0,0,0,0,0
78.846153,78.813812,137,203,20,151,78,2,82,210,0,0,0,0,0,0,0,0
79.065933,79.050812,137,203,20,151,78,2,67,210,128,0,0,0,0,0,0,0
79.285713,79.265381,137,203,19,152,78,2,64,210,0,0,0,0,0,0,0,0
79.560440,79.535034,137,202,20,152,77,3,57,210,0,0,0,0,0,0,0,0
79.780220,79.748322,137,202,19,153,77,3,52,210,128,0,0,0,0,0,0,0
80.000000,79.987900,137,202,20,150,78,2,74,210,0,0,0,0,0,0,0,0
80.274727,80.255524,138,199,17,141,78,3,65,210,128,0,0,0,0,0,0,0
80.494507,80.468483,137,198,20,146,78,3,73,210,0,0,0,0,0,0,0,0
80.769234,80.739059,137,197,20,144,76,2,76,210,128,0,0,0,0,0,0,0
80.989014,80.978287,137,196,19,141,78,3,65,210,0,0,0,0,0,0,0,0
81.208794,81.190369,137,195,19,143,75,2,75,210,128,0,0,0,0,0,0,0
81.483513,81.462944,138,196,20,150,77,3,69,210,128,0,0,0,0,0,0,0
81.703300,81.675781,137,198,19,152,77,3,61,210,0,0,0,0,0,0,0,0
81.978020,81.941772,137,197,17,142,77,2,51,210,128,0,0,0,0,0,0,0
82.197800,82.179512,137,196,17,142,78,2,56,210,0,0,0,0,0,0,0,0
82.417580,82.390968,137,194,19,141,76,2,66,210,128,0,0,0,0,0,0,0
82.692307,82.665657,137,192,19,140,76,2,50,210,0,0,0,0,0,0,0,0
82.912086,82.879036,137,191,20,142,76,2,54,210,128,0,0,0,0,0,0,0
83.131866,83.116699,137,192,20,144,75,2,63,210,128,0,0,0,0,0,0,0
83.406593,83.381676,137,191,19,141,77,3,47,210,0,0,0,0,0,0,0,0
83.626373,83.598785,137,192,19,140,76,2,57,210,128,0,0,0,0,0,0,0
83.901100,83.867615,137,191,18,137,76,2,74,210,0,0,0,0,0,0,0,0
84.120880,84.105759,137,189,18,139,76,3,75,210,128,0,0,0,0,0,0,0
84.340660,84.317871,137,190,20,142,77,3,67,210,0,0,0,0,0,0,0,0
84.615387,84.584984,137,191,19,145,75,3,64,210,128,0,0,0,0,0,0,0
84.835167,84.823326,137,191,19,137,77,3,76,210,0,0,0,0,0,0,0,0
85.054947,85.037422,137,190,18,137,77,2,80,210,128,0,0,0,0,0,0,0
85.329674,85.307442,137,190,19,140,75,3,65,210,128,0,0,0,0,0,0,0
85.549454,85.520805,137,191,18,145,77,3,76,210,0,0,0,0,0,0,0,0
85.824173,85.789223,137,191,18,139,77,3,74,210,128,0,0,0,0,0,0,0
86.043953,86.028870,137,191,17,138,78,2,79,210,0,0,0,0,0,0,0,0
86.263733,86.243225,137,187,17,132,76,3,64,210,128,0,0,0,0,0,0,0
86.538460,86.511108,137,185,17,132,76,2,73,210,0,0,0,0,0,0,0,0
86.758240,86.721313,137,185,17,134,77,2,59,210,128,0,0,0,0,0,0,0
86.978020,86.964432,137,185,17,134,77,3,57,210,128,0,0,0,0,0,0,0
87.252747,87.234924,137,184,17,134,77,3,84,210,0,0,0,0,0,0,0,0
87.472527,87.451012,137,185,18,131,77,3,80,210,128,0,0,0,0,0,0,0
87.747253,87.718933,137,184,16,131,75,3,67,210,0,0,0,0,0,0,0,0
87.967033,87.931221,137,183,17,130,77,3,61,210,128,0,0,0,0,0,0,0
88.186813,88.171333,137,186,17,138,76,2,57,210,0,0,0,0,0,0,0,0
88.461540,88.445396,137,185,18,131,78,2,49,210,128,0,0,0,0,0,0,0
88.681320,88.658203,137,182,18,129,78,3,66,210,128,0,0,0,0,0,0,0
88.956047,88.921989,138,181,17,126,78,2,59,210,0,0,0,0,0,0,0,0
89.175827,89.159966,137,180,16,128,77,3,79,210,128,0,0,0,0,0,0,0
89.395607,89.376602,137,180,17,126,76,2,75,210,0,0,0,0,0,0,0,0
89.670326,89.643356,137,180,18,127,76,2,61,211,128,0,0,0,0,0,0,0
89.890106,89.856308,138,179,17,129,76,2,52,210,0,0,0,0,0,0,0,0
90.109894,90.093979,138,180,17,130,76,2,77,210,128,0,0,0,0,0,0,0
90.384613,90.364098,138,183,18,136,77,2,54,210,0,0,0,0,0,0,0,0
90.604393,90.577682,137,184,17,135,75,3,76,210,128,0,0,0,0,0,0,0
90.879120,90.843697,137,185,17,133,77,2,63,210,128,0,0,0,0,0,0,0
91.098900,91.083336,137,181,15,124,78,2,54,210,0,0,0,0,0,0,0,0
91.318680,91.298225,137,182,17,134,76,3,73,210,128,0,0,0,0,0,0,0
91.593407,91.569687,137,182,16,130,76,2,67,210,0,0,0,0,0,0,0,0
91.813187,91.779160,137,182,18,127,76,2,63,210,128,0,0,0,0,0,0,0
92.032967,92.017662,137,181,15,126,77,3,54,210,0,0,0,0,0,0,0,0
92.307693,92.285820,137,181,17,134,75,2,62,210,0,0,0,0,0,0,0,0
92.527473,92.504021,137,183,17,135,76,2,57,210,128,0,0,0,0,0,0,0
92.802200,92.774918,137,184,17,128,77,3,48,210,0,0,0,0,0,0,0,0
93.021980,92.987053,137,182,16,128,77,3,73,210,128,0,0,0,0,0,0,0
93.241760,93.224411,137,180,16,131,77,3,72,210,0,0,0,0,0,0,0,0
93.516487,93.494469,137,183,18,139,77,3,52,210,128,0,0,0,0,0,0,0
93.736267,93.710785,137,186,18,137,76,2,75,210,128,0,0,0,0,0,0,0
94.010986,93.977135,137,185,17,134,75,3,75,210,128,0,0,0,0,0,0,0
94.230766,94.215370,137,185,18,131,77,3,69,210,128,0,0,0,0,0,0,0
94.450546,94.433891,137,186,17,138,75,3,65,210,0,0,0,0,0,0,0,0
94.725273,94.702026,137,188,18,137,75,3,74,210,128,0,0,0,0,0,0,0
94.945053,94.912758,137,188,18,137,75,2,75,210,0,0,0,0,0,0,0,0
95.219780,95.180496,137,186,17,129,76,2,59,210,128,0,0,0,0,0,0,0
95.439560,95.421021,137,183,17,130,75,3,72,210,0,0,0,0,0,0,0,0
95.659340,95.636368,137,182,18,129,78,2,58,210,0,0,0,0,0,0,0,0
95.934067,95.905235,137,180,16,123,75,2,74,210,128,0,0,0,0,0,0,0
96.153847,96.116165,137,179,18,133,77,2,71,210,128,0,0,0,0,0,0,0
96.428574,96.389107,137,182,18,133,75,2,78,210,128,0,0,0,0,0,0,0
96.648354,96.628265,137,182,17,126,75,2,61,210,0,0,0,0,0,0,0,0
96.868134,96.842781,137,180,16,128,75,3,68,210,128,0,0,0,0,0,0,0
97.142860,97.113274,137,178,15,126,76,3,76,210,0,0,0,0,0,0,0,0
97.362640,97.325142,137,178,16,128,75,3,68,210,128,0,0,0,0,0,0,0
97.582420,97.567436,137,178,15,123,75,2,54,210,0,0,0,0,0,0,0,0
97.857140,97.834122,137,172,14,115,75,3,64,210,128,0,0,0,0,0,0,0
98.076920,98.044487,137,171,16,121,76,2,81,210,128,0,0,0,0,0,0,0
98.351646,98.316475,137,173,17,125,76,2,60,210,0,0,0,0,0,0,0,0
98.571426,98.529953,138,173,15,119,77,3,78,210,128,0,0,0,0,0,0,0
98.791206,98.769234,137,171,15,119,77,2,70,210,0,0,0,0,0,0,0,0
99.065933,99.041382,137,173,16,125,77,2,64,210,128,0,0,0,0,0,0,0
99.285713,99.256676,137,175,15,123,75,3,60,210,0,0,0,0,0,0,0,0
99.560440,99.523476,137,172,16,120,76,3,69,210,128,0,0,0,0,0,0,0
99.780220,99.738113,137,168,15,114,76,2,55,210,0,0,0,0,0,0,0,0
100.000000,99.978310,137,168,15,115,76,2,59,210,0,0,0,0,0,0,0,0
100.274727,100.247643,137,166,16,111,77,2,54,210,128,0,0,0,0,0,0,0
100.494507,100.458214,137,162,15,108,76,3,65,210,0,0,0,0,0,0,0,0
100.769234,100.729523,137,160,13,109,78,2,64,210,128,0,0,0,0,0,0,0
100.989014,100.969437,137,161,13,110,77,3,61,210,0,0,0,0,0,0,0,0
101.208794,101.180367,137,162,14,114,78,2,70,210,128,0,0,0,0,0,0,0
101.483513,101.449707,137,162,13,108,77,3,53,210,0,0,0,0,0,0,0,0
101.703300,101.663757,137,159,13,104,77,3,81,210,0,0,0,0,0,0,0,0
101.923080,101.904182,137,158,14,111,78,3,73,210,128,0,0,0,0,0,0,0
102.197800,102.175018,138,161,14,112,76,2,74,210,0,0,0,0,0,0,0,0
102.417580,102.387733,137,158,14,105,78,3,76,210,128,0,0,0,0,0,0,0
102.692307,102.655144,137,155,13,100,77,3,60,210,0,0,0,0,0,0,0,0
102.912086,102.869720,137,155,14,110,76,3,60,210,128,0,0,0,0,0,0,0
103.131866,103.109406,137,157,15,109,77,3,61,210,0,0,0,0,0,0,0,0
103.406593,103.373810,137,152,14,95,77,2,74,210,128,0,0,0,0,0,0,0
103.626373,103.590767,136,147,13,97,75,3,50,208,128,0,0,0,0,0,0,0
103.901100,103.859650,137,148,13,95,81,3,54,210,0,0,0,0,0,0,0,0
104.120880,104.096779,137,147,13,99,82,1,64,210,128,0,0,0,0,0,0,0
104.340660,104.310539,138,147,13,94,80,1,64,209,0,0,0,0,0,0,0,0
104.615387,104.581215,137,146,14,95,65,2,75,210,128,0,0,0,0,0,0,0
104.835167,104.794487,137,146,12,96,66,3,85,210,0,0,0,0,0,0,0,0
105.054947,105.031898,137,141,11,82,82,3,75,209,128,0,0,0,0,0,0,0
105.329674,105.295670,137,139,9,83,95,1,19,209,128,0,0,0,0,0,0,0
105.549454,105.509872,136,140,11,94,103,1,6,208,0,0,0,0,0,0,0,0
105.769234,105.751343,137,136,10,80,87,1,51,210,128,0,0,0,0,0,0,0
106.043953,106.016937,138,135,11,82,80,2,70,210,0,0,0,0,0,0,0,0
106.263733,106.225800,137,137,11,89,73,3,80,210,128,0,0,0,0,0,0,0
106.538460,106.497437,137,139,13,95,79,3,62,210,0,0,0,0,0,0,0,0
106.758240,106.736443,137,143,13,95,62,2,91,210,128,0,0,0,0,0,0,0
106.978020,106.947159,137,141,11,91,78,3,91,210,0,0,0,0,0,0,0,0
107.252747,107.214989,137,140,12,90,89,5,60,210,0,0,0,0,0,0,0,0
107.472527,107.431641,137,141,11,92,105,2,38,210,128,0,0,0,0,0,0,0
107.692307,107.670715,138,142,13,93,97,4,31,210,0,0,0,0,0,0,0,0
107.967033,107.936981,137,141,12,89,68,3,71,210,128,0,0,0,0,0,0,0
108.186813,108.148598,137,141,12,94,61,2,86,210,0,0,0,0,0,0,0,0
108.461540,108.419182,137,141,13,94,74,2,74,210,128,0,0,0,0,0,0,0
108.681320,108.660484,137,140,12,92,92,3,52,210,0,0,0,0,0,0,0,0
108.901100,108.872810,137,138,10,84,92,3,52,210,0,0,0,0,0,0,0,0
109.175827,109.139038,137,138,11,92,113,4,39,210,128,0,0,0,0,0,0,0
109.395607,109.349983,136,139,12,87,92,3,68,209,0,0,0,0,0,0,0,0
109.615387,109.589348,137,139,13,96,64,4,99,210,128,0,0,0,0,0,0,0
109.890106,109.859016,137,142,12,94,63,2,98,210,0,0,0,0,0,0,0,0
110.109894,110.070717,137,142,13,96,62,2,88,210,128,0,0,0,0,0,0,0
110.329674,110.308594,137,144,11,94,79,0,64,210,0,0,0,0,0,0,0,0
110.604393,110.579185,136,142,12,89,88,4,61,209,0,0,0,0,0,0,0,0
110.824173,110.795036,137,139,12,83,107,1,19,209,128,0,0,0,0,0,0,0
111.098900,111.064857,137,138,11,92,96,1,15,209,0,0,0,0,0,0,0,0
111.318680,111.278084,137,138,12,88,86,0,64,210,128,0,0,0,0,0,0,0
111.593407,111.549767,137,140,11,96,61,4,94,210,0,0,0,0,0,0,0,0
111.813187,111.789032,137,140,11,92,59,3,109,210,128,0,0,0,0,0,0,0
112.032967,112.001846,138,141,12,90,78,2,103,210,0,0,0,0,0,0,0,0
112.307693,112.268845,136,138,11,82,95,2,56,208,128,0,0,0,0,0,0,0
112.527473,112.505363,137,136,12,89,125,1,31,208,128,0,0,0,0,0,0,0
112.747253,112.719826,137,136,10,86,120,2,8,210,0,0,0,0,0,0,0,0
113.021980,112.989708,137,138,10,87,88,4,58,210,128,0,0,0,0,0,0,0
113.241760,113.198853,136,138,14,88,54,3,106,209,0,0,0,0,0,0,0,0
113.461540,113.437904,137,139,12,91,54,2,104,210,128,0,0,0,0,0,0,0
113.736267,113.707649,137,142,11,96,72,2,114,210,0,0,0,0,0,0,0,0
113.956047,113.922340,137,143,11,94,89,3,64,210,128,0,0,0,0,0,0,0
114.230766,114.188736,137,143,12,91,107,2,36,210,0,0,0,0,0,0,0,0
114.450546,114.427856,137,140,11,89,101,0,39,210,128,0,0,0,0,0,0,0
114.670326,114.644402,137,139,9,87,101,2,43,210,128,0,0,0,0,0,0,0
114.945053,114.915260,137,141,12,87,88,4,75,210,0,0,0,0,0,0,0,0
115.164833,115.129295,137,138,9,81,71,2,120,208,128,0,0,0,0,0,0,0
115.439560,115.392555,136,135,9,82,75,2,78,207,0,0,0,0,0,0,0,0
115.659340,115.634224,136,134,11,82,114,3,48,208,128,0,0,0,0,0,0,0
115.879120,115.845787,137,134,10,87,128,3,5,210,128,0,0,0,0,0,0,0
116.153847,116.112366,137,135,12,90,111,1,31,209,128,0,0,0,0,0,0,0
116.373627,116.326576,136,135,12,87,86,2,90,209,128,0,0,0,0,0,0,0
116.593407,116.562935,137,139,13,96,60,2,127,210,0,0,0,0,0,0,0,0
116.868134,116.830612,137,141,11,92,66,2,108,208,128,0,0,0,0,0,0,0
117.087914,117.043205,137,140,13,90,75,3,104,209,0,0,0,0,0,0,0,0
117.307693,117.285240,137,138,12,83,105,2,29,211,128,0,0,0,0,0,0,0
117.582420,117.549034,136,137,12,86,128,2,27,209,0,0,0,0,0,0,0,0
117.802200,117.756676,138,136,9,85,121,3,3,211,128,0,0,0,0,0,0,0
118.021980,117.995750,137,135,11,76,108,4,49,208,128,0,0,0,0,0,0,0
118.296700,118.263374,137,134,14,87,74,4,81,211,0,0,0,0,0,0,0,0
118.516487,118.474457,137,136,12,89,75,1,99,210,128,0,0,0,0,0,0,0
118.791206,118.742462,137,139,12,94,93,3,101,210,0,0,0,0,0,0,0,0
119.010986,118.983238,137,142,11,95,98,3,52,210,128,0,0,0,0,0,0,0
119.230766,119.192863,137,141,12,94,89,3,58,210,0,0,0,0,0,0,0,0
119.505493,119.457222,137,138,12,79,90,2,76,210,128,0,0,0,0,0,0,0
119.725273,119.699242,137,136,13,92,118,3,22,210,0,0,0,0,0,0,0,0
119.945053,119.911423,137,140,12,100,113,4,32,210,0,0,0,0,0,0,0,0
120.219780,120.174995,137,137,11,78,76,1,71,210,128,0,0,0,0,0,0,0
120.439560,120.412506,138,134,11,79,75,5,97,210,0,0,0,0,0,0,0,0
120.659340,120.625984,137,134,12,85,91,3,63,210,128,0,0,0,0,0,0,0
120.934067,120.894592,137,135,11,92,113,2,46,210,0,0,0,0,0,0,0,0
121.153847,121.107567,137,135,11,88,115,5,25,208,128,0,0,0,0,0,0,0
121.373627,121.345947,138,135,10,82,99,1,71,208,0,0,0,0,0,0,0,0
121.648354,121.609573,137,136,12,89,87,2,73,210,0,0,0,0,0,0,0,0
121.868134,121.827515,138,135,12,89,80,1,80,210,128,0,0,0,0,0,0,0
122.142860,122.097115,138,136,11,86,93,3,74,210,0,0,0,0,0,0,0,0
122.362640,122.338318,138,139,12,91,91,5,52,211,128,0,0,0,0,0,0,0
122.582420,122.548416,136,139,12,87,95,1,82,209,0,0,0,0,0,0,0,0
122.857140,122.814125,137,139,11,93,90,2,107,210,128,0,0,0,0,0,0,0
123.076920,123.027618,137,140,12,83,86,4,74,210,0,0,0,0,0,0,0,0
123.296700,123.266922,136,138,12,86,101,2,52,208,0,0,0,0,0,0,0,0
123.571426,123.536003,137,137,11,86,109,3,32,210,128,0,0,0,0,0,0,0
123.791206,123.750740,137,139,12,94,99,2,58,210,0,0,0,0,0,0,0,0
124.065933,124.018517,137,139,12,89,84,4,53,209,128,0,0,0,0,0,0,0
124.285713,124.257072,137,139,11,79,70,1,92,210,0,0,0,0,0,0,0,0
124.505493,124.469406,138,138,12,89,82,3,95,210,128,0,0,0,0,0,0,0
124.780220,124.738266,137,139,11,88,100,2,58,210,0,0,0,0,0,0,0,0
125.000000,124.949905,137,135,11,81,109,4,21,210,128,0,0,0,0,0,0,0
125.219780,125.188072,137,133,12,85,118,1,26,210,128,0,0,0,0,0,0,0
125.494507,125.452209,137,134,12,87,107,4,26,210,0,0,0,0,0,0,0,0
125.714287,125.666267,137,136,12,85,87,2,80,210,128,0,0,0,0,0,0,0
125.934067,125.907043,137,137,13,95,64,2,106,210,0,0,0,0,0,0,0,0
126.208794,126.169312,137,138,11,89,64,3,114,210,128,0,0,0,0,0,0,0
126.428574,126.384407,137,140,12,96,84,4,82,210,0,0,0,0,0,0,0,0
126.703300,126.652603,137,141,11,90,103,4,46,210,128,0,0,0,0,0,0,0
126.923080,126.887154,137,139,13,87,99,3,53,211,128,0,0,0,0,0,0,0
127.142860,127.097458,137,140,12,86,95,1,51,209,0,0,0,0,0,0,0,0
127.417580,127.367470,138,140,12,96,82,3,50,210,128,0,0,0,0,0,0,0
127.637360,127.606339,137,140,11,92,82,2,70,210,0,0,0,0,0,0,0,0
127.857140,127.817421,137,140,11,84,79,2,79,209,128,0,0,0,0,0,0,0
128.131866,128.089462,137,138,10,88,89,1,66,211,0,0,0,0,0,0,0,0
128.351654,128.301453,137,136,12,88,102,2,47,211,128,0,0,0,0,0,0,0
128.571426,128.538162,138,137,12,91,110,2,13,210,0,0,0,0,0,0,0,0
128.846161,128.805374,136,136,11,87,97,3,39,209,0,0,0,0,0,0,0,0
129.065933,129.020554,137,137,12,88,70,5,75,209,128,0,0,0,0,0,0,0
129.340652,129.289337,137,139,11,96,59,3,112,210,0,0,0,0,0,0,0,0
129.560440,129.526840,137,140,12,91,65,3,96,210,128,0,0,0,0,0,0,0
129.780212,129.744278,137,140,12,89,88,2,55,210,0,0,0,0,0,0,0,0
130.054947,130.015152,137,139,12,87,115,2,61,210,128,0,0,0,0,0,0,0
130.274719,130.227982,137,139,10,90,111,0,8,210,0,0,0,0,0,0,0,0
130.494507,130.467987,137,141,12,96,94,5,65,209,0,0,0,0,0,0,0,0
130.769226,130.736298,137,141,12,86,57,1,94,209,128,0,0,0,0,0,0,0
130.989014,130.948364,137,139,11,89,56,3,131,210,0,0,0,0,0,0,0,0
131.263733,131.217545,136,138,12,83,88,3,83,209,128,0,0,0,0,0,0,0
131.483521,131.431946,137,136,11,84,119,3,61,210,0,0,0,0,0,0,0,0
131.703293,131.670410,137,136,11,92,136,2,3,209,128,0,0,0,0,0,0,0
131.978027,131.941467,136,137,13,92,116,4,47,208,0,0,0,0,0,0,0,0
132.197800,132.153854,136,138,14,87,76,3,93,210,128,0,0,0,0,0,0,0
132.472534,132.421112,137,140,13,95,47,3,109,209,128,0,0,0,0,0,0,0
132.692307,132.660385,137,141,12,97,56,2,118,210,0,0,0,0,0,0,0,0
132.912094,132.877151,137,141,12,86,74,8,77,209,128,0,0,0,0,0,0,0
133.186813,133.146378,136,139,13,88,109,6,47,210,0,0,0,0,0,0,0,0
133.406601,133.357269,137,135,10,76,138,2,3,210,128,0,0,0,0,0,0,0
133.681320,133.626709,136,133,12,82,136,4,24,209,0,0,0,0,0,0,0,0
133.901093,133.868378,137,136,11,91,114,4,25,209,128,0,0,0,0,0,0,0
134.120880,134.083710,138,148,14,97,57,3,80,209,128,0,0,0,0,0,0,0
134.395599,134.345108,138,146,14,99,39,3,148,210,0,0,0,0,0,0,0,0
134.615387,134.582932,137,148,13,100,37,2,138,210,128,0,0,0,0,0,0,0
134.835159,134.798279,137,146,12,94,41,4,137,209,0,0,0,0,0,0,0,0
135.109894,135.065079,137,146,14,98,100,2,40,209,128,0,0,0,0,0,0,0
135.329666,135.274673,137,145,14,94,129,2,4,210,0,0,0,0,0,0,0,0
135.549454,135.515991,136,140,9,80,98,3,9,209,0,0,0,0,0,0,0,0
135.824173,135.789124,137,137,11,85,87,2,49,210,0,0,0,0,0,0,0,0
136.043961,136.002991,137,136,12,87,82,3,59,210,0,0,0,0,0,0,0,0
136.318680,136.267715,137,137,11,89,80,3,84,210,128,0,0,0,0,0,0,0
136.538467,136.507401,137,139,11,91,74,2,94,210,0,0,0,0,0,0,0,0
136.758240,136.723892,137,138,12,89,76,2,95,210,128,0,0,0,0,0,0,0
137.032974,136.993195,137,136,11,84,94,3,80,210,0,0,0,0,0,0,0,0
137.252747,137.205933,137,133,9,78,113,3,8,210,128,0,0,0,0,0,0,0
137.527466,137.472519,137,131,10,80,133,3,9,210,0,0,0,0,0,0,0,0
137.747253,137.711212,137,133,12,83,118,1,11,209,0,0,0,0,0,0,0,0
137.967026,137.923767,138,138,12,90,76,2,63,209,128,0,0,0,0,0,0,0
138.241760,138.188843,137,140,14,96,35,2,149,209,0,0,0,0,0,0,0,0
138.461533,138.431671,137,144,14,100,33,2,143,210,128,0,0,0,0,0,0,0
138.681320,138.645447,137,146,14,95,41,3,140,210,0,0,0,0,0,0,0,0
138.956039,138.915878,137,146,13,101,88,0,78,209,128,0,0,0,0,0,0,0
139.175827,139.124573,137,147,14,95,113,3,10,210,0,0,0,0,0,0,0,0
139.395599,139.361267,136,144,12,83,105,3,11,210,0,0,0,0,0,0,0,0
139.670334,139.630554,136,140,10,87,103,3,24,209,0,0,0,0,0,0,0,0
139.890106,139.842514,136,139,13,91,81,1,47,209,0,0,0,0,0,0,0,0
140.109894,140.079132,137,138,10,86,70,2,80,211,128,0,0,0,0,0,0,0
140.384613,140.342453,137,138,12,86,67,3,104,209,0,0,0,0,0,0,0,0
140.604401,140.554062,136,136,13,83,92,4,81,209,128,0,0,0,0,0,0,0
140.879120,140.824799,136,137,11,91,96,1,42,210,0,0,0,0,0,0,0,0
141.098907,141.062256,137,138,14,93,96,0,32,210,128,0,0,0,0,0,0,0
141.318680,141.276794,136,139,12,89,84,0,64,208,0,0,0,0,0,0,0,0
141.593399,141.542374,137,140,10,92,58,2,84,209,0,0,0,0,0,0,0,0
141.813187,141.758987,137,138,12,86,73,2,95,210,128,0,0,0,0,0,0,0
142.032974,141.997574,136,137,13,87,91,2,46,209,0,0,0,0,0,0,0,0
142.307693,142.267487,137,136,11,84,103,6,47,210,128,0,0,0,0,0,0,0
142.527466,142.479324,137,135,12,88,112,3,23,210,128,0,0,0,0,0,0,0
142.747253,142.716080,137,137,12,92,87,6,66,210,128,0,0,0,0,0,0,0
143.021973,142.984283,137,141,15,99,56,2,96,209,0,0,0,0,0,0,0,0
143.241760,143.193283,137,145,13,98,48,2,127,210,0,0,0,0,0,0,0,0
143.516479,143.459091,137,144,13,94,50,3,117,210,128,0,0,0,0,0,0,0
143.736267,143.701447,137,142,11,92,91,4,95,210,0,0,0,0,0,0,0,0
143.956039,143.917618,136,143,13,95,129,2,3,210,128,0,0,0,0,0,0,0
144.230774,144.187332,137,141,9,89,114,3,9,210,0,0,0,0,0,0,0,0
144.450546,144.399765,137,142,12,95,100,3,37,210,128,0,0,0,0,0,0,0
144.725281,144.668411,137,142,12,89,51,2,95,210,0,0,0,0,0,0,0,0
144.945053,144.906677,137,140,12,88,53,3,135,210,0,0,0,0,0,0,0,0
145.164841,145.120300,137,136,11,86,81,3,78,210,128,0,0,0,0,0,0,0
145.439560,145.387161,137,135,13,90,123,1,82,209,0,0,0,0,0,0,0,0
145.659348,145.625549,137,137,13,92,140,4,4,210,128,0,0,0,0,0,0,0
145.879120,145.841202,137,138,11,82,112,5,45,209,0,0,0,0,0,0,0,0
146.153839,146.105255,137,137,13,85,71,3,100,209,128,0,0,0,0,0,0,0
146.373627,146.320129,137,139,12,92,57,5,107,209,0,0,0,0,0,0,0,0
146.593399,146.560226,137,142,12,100,65,2,120,208,128,0,0,0,0,0,0,0
146.868134,146.824387,138,147,13,100,71,4,79,210,128,0,0,0,0,0,0,0
147.087906,147.036194,137,144,13,87,76,3,111,209,0,0,0,0,0,0,0,0
147.362640,147.308304,136,142,11,91,99,4,28,209,128,0,0,0,0,0,0,0
147.582413,147.547638,137,141,12,86,114,4,3,210,0,0,0,0,0,0,0,0
147.802200,147.756943,137,141,11,93,97,8,34,209,128,0,0,0,0,0,0,0
148.076920,148.028107,136,143,11,91,74,3,63,209,0,0,0,0,0,0,0,0
148.296707,148.244858,137,143,13,96,65,3,97,210,128,0,0,0,0,0,0,0
148.516479,148.479553,137,146,12,99,62,2,105,210,0,0,0,0,0,0,0,0
148.791214,148.747803,137,146,14,95,62,2,117,210,0,0,0,0,0,0,0,0
149.010986,148.962784,137,147,14,95,83,4,82,210,128,0,0,0,0,0,0,0
149.285721,149.230988,137,142,12,86,95,3,50,210,0,0,0,0,0,0,0,0
149.505493,149.470993,137,138,11,82,114,3,20,210,128,0,0,0,0,0,0,0
149.725281,149.684998,137,135,12,86,119,1,3,210,0,0,0,0,0,0,0,0
150.000000,149.950180,137,135,9,86,104,1,25,210,128,0,0,0,0,0,0,0
150.219788,150.162979,137,137,12,92,78,4,90,210,0,0,0,0,0,0,0,0
150.439560,150.401001,137,139,11,89,46,2,119,210,0,0,0,0,0,0,0,0
150.714279,150.672058,138,140,13,96,45,3,119,210,128,0,0,0,0,0,0,0
150.934067,150.884186,137,139,10,83,76,2,82,210,0,0,0,0,0,0,0,0
151.208786,151.153839,137,137,11,89,109,2,29,210,128,0,0,0,0,0,0,0
151.428574,151.368988,136,138,10,89,133,1,5,210,0,0,0,0,0,0,0,0
151.648346,151.608215,136,140,14,94,112,4,23,209,128,0,0,0,0,0,0,0
151.923080,151.876358,136,141,11,94,77,4,80,209,0,0,0,0,0,0,0,0
152.142853,152.089981,137,141,12,96,39,2,140,210,128,0,0,0,0,0,0,0
152.417587,152.360825,137,142,11,93,47,4,128,210,128,0,0,0,0,0,0,0
152.637360,152.601990,137,143,12,98,84,2,84,210,0,0,0,0,0,0,0,0
152.857147,152.813065,137,143,13,93,109,2,33,209,128,0,0,0,0,0,0,0
153.131866,153.082962,138,142,14,89,114,1,16,210,0,0,0,0,0,0,0,0
153.351654,153.298691,136,138,12,82,94,4,61,211,128,0,0,0,0,0,0,0
153.626373,153.571838,137,138,12,89,95,3,64,210,128,0,0,0,0,0,0,0
153.846161,153.787079,137,140,12,89,78,3,80,210,128,0,0,0,0,0,0,0
154.065933,154.026627,137,139,11,85,68,1,100,210,0,0,0,0,0,0,0,0
154.340652,154.289154,137,138,11,92,89,1,80,209,0,0,0,0,0,0,0,0
154.560440,154.505005,138,139,13,89,103,2,48,210,128,0,0,0,0,0,0,0
154.835159,154.774155,137,139,12,90,112,3,28,210,0,0,0,0,0,0,0,0
155.054947,155.018906,137,138,14,88,104,3,52,210,128,0,0,0,0,0,0,0
155.274719,155.228989,137,136,10,86,88,2,50,210,0,0,0,0,0,0,0,0
155.549454,155.496613,138,137,12,92,85,4,80,210,128,0,0,0,0,0,0,0
155.769226,155.708755,137,138,11,92,83,3,81,210,0,0,0,0,0,0,0,0
155.989014,155.949829,137,134,11,79,88,2,79,210,0,0,0,0,0,0,0,0
156.263733,156.219162,138,133,11,85,118,3,24,211,128,0,0,0,0,0,0,0
156.483521,156.430206,136,135,11,89,120,2,18,209,0,0,0,0,0,0,0,0
156.758240,156.701218,136,136,12,87,98,2,79,210,128,0,0,0,0,0,0,0
156.978027,156.916565,137,134,10,82,75,3,106,210,0,0,0,0,0,0,0,0
157.197800,157.154602,137,138,11,96,78,2,99,210,128,0,0,0,0,0,0,0
157.472534,157.421234,137,139,12,87,76,2,87,209,0,0,0,0,0,0,0,0
157.692307,157.635803,137,138,11,87,87,3,97,210,128,0,0,0,0,0,0,0
157.967026,157.905579,137,136,10,83,122,2,28,210,128,0,0,0,0,0,0,0
158.186813,158.149429,137,134,8,78,121,6,36,210,0,0,0,0,0,0,0,0
158.406601,158.361435,137,130,7,73,124,3,15,208,128,0,0,0,0,0,0,0
158.681320,158.633499,137,130,13,83,110,3,53,210,0,0,0,0,0,0,0,0
158.901093,158.843369,136,131,12,86,87,3,79,208,128,0,0,0,0,0,0,0
159.120880,159.081345,137,134,12,86,76,1,131,210,0,0,0,0,0,0,0,0
159.395599,159.351379,136,134,12,86,77,6,103,209,128,0,0,0,0,0,0,0
159.615387,159.562973,136,135,11,88,115,3,102,209,128,0,0,0,0,0,0,0
159.890106,159.832474,138,135,11,83,125,2,22,210,0,0,0,0,0,0,0,0
160.109894,160.048599,137,134,11,85,132,3,30,210,128,0,0,0,0,0,0,0
160.329666,160.287720,137,136,14,87,100,2,35,210,0,0,0,0,0,0,0,0
160.604401,160.558380,138,135,12,83,71,3,98,209,128,0,0,0,0,0,0,0
160.824173,160.770340,137,134,11,77,79,2,123,210,0,0,0,0,0,0,0,0
161.098907,161.037598,136,131,9,77,92,2,87,209,128,0,0,0,0,0,0,0
161.318680,161.272980,137,129,8,77,133,0,34,209,128,0,0,0,0,0,0,0
161.538467,161.487930,137,130,12,79,162,3,19,210,0,0,0,0,0,0,0,0
161.813187,161.756378,137,129,10,75,119,3,29,210,128,0,0,0,0,0,0,0
162.032974,161.970688,137,131,12,86,90,1,135,210,0,0,0,0,0,0,0,0
162.252747,162.207458,137,135,12,90,62,3,148,210,128,0,0,0,0,0,0,0
162.527466,162.474747,137,136,12,86,68,2,129,210,0,0,0,0,0,0,0,0
162.747253,162.686890,137,135,11,82,97,2,90,210,128,0,0,0,0,0,0,0
162.967026,162.926437,137,133,11,79,139,1,36,210,0,0,0,0,0,0,0,0
163.241760,163.196564,137,132,9,80,161,2,3,208,128,0,0,0,0,0,0,0
163.461533,163.410217,137,128,10,73,143,5,10,208,128,0,0,0,0,0,0,0
163.736267,163.677353,136,128,10,78,125,2,53,208,0,0,0,0,0,0,0,0
163.956039,163.916992,136,130,9,79,94,2,105,209,128,0,0,0,0,0,0,0
164.175827,164.129791,136,131,14,90,69,4,147,209,0,0,0,0,0,0,0,0
164.450546,164.400375,137,135,11,79,89,4,127,210,128,0,0,0,0,0,0,0
164.670334,164.609650,136,131,10,74,103,4,87,209,0,0,0,0,0,0,0,0
164.945053,164.880081,137,128,12,73,145,4,15,209,128,0,0,0,0,0,0,0
165.164841,165.119125,137,126,10,69,188,7,2,208,128,0,0,0,0,0,0,0
165.384613,165.338455,137,123,7,72,172,8,3,210,0,0,0,0,0,0,0,0
165.659348,165.609161,137,123,13,74,132,5,46,209,128,0,0,0,0,0,0,0
165.879120,165.819504,137,127,11,84,97,2,111,209,0,0,0,0,0,0,0,0
166.098907,166.056595,136,131,13,94,69,3,148,210,128,0,0,0,0,0,0,0
166.373627,166.319778,138,136,11,93,69,3,147,210,0,0,0,0,0,0,0,0
166.593399,166.535156,137,136,12,87,92,3,140,210,128,0,0,0,0,0,0,0
166.868134,166.804810,137,137,10,86,133,2,69,209,0,0,0,0,0,0,0,0
167.087906,167.043564,137,133,12,78,167,2,4,210,0,0,0,0,0,0,0,0
167.307693,167.257874,137,129,9,69,163,2,20,210,128,0,0,0,0,0,0,0
167.582413,167.522964,137,126,9,69,151,5,4,210,0,0,0,0,0,0,0,0
167.802200,167.761673,137,126,9,76,133,3,40,210,128,0,0,0,0,0,0,0
168.021973,167.978729,137,125,11,71,106,1,92,209,0,0,0,0,0,0,0,0
168.296707,168.248596,137,125,12,78,103,2,121,210,128,0,0,0,0,0,0,0
168.516479,168.460144,137,125,10,77,127,4,96,210,128,0,0,0,0,0,0,0
168.791214,168.728714,137,125,10,71,158,0,10,209,0,0,0,0,0,0,0,0
169.010986,168.969330,138,125,11,71,168,2,15,209,128,0,0,0,0,0,0,0
169.230774,169.182602,136,124,10,67,128,3,27,209,0,0,0,0,0,0,0,0
169.505493,169.450180,137,124,9,68,112,4,110,209,128,0,0,0,0,0,0,0
169.725281,169.662003,137,125,12,79,116,2,92,210,0,0,0,0,0,0,0,0
169.945053,169.901993,137,127,10,75,121,3,89,210,128,0,0,0,0,0,0,0
170.219788,170.167282,137,124,10,72,137,2,79,210,0,0,0,0,0,0,0,0
170.439560,170.382263,137,122,9,70,153,3,24,209,0,0,0,0,0,0,0,0
170.714279,170.650208,137,120,9,70,168,2,10,210,0,0,0,0,0,0,0,0
170.934067,170.888229,137,119,9,69,142,1,16,210,0,0,0,0,0,0,0,0
171.153839,171.100937,137,121,9,73,125,1,70,210,128,0,0,0,0,0,0,0
171.428574,171.367996,137,122,8,75,106,3,107,210,0,0,0,0,0,0,0,0
171.648346,171.581772,137,124,9,74,114,4,110,209,128,0,0,0,0,0,0,0
171.868134,171.824799,138,122,7,65,134,3,87,209,0,0,0,0,0,0,0,0
172.142853,172.095444,137,118,10,66,171,4,3,209,128,0,0,0,0,0,0,0
172.362640,172.307999,137,118,9,68,202,3,8,210,0,0,0,0,0,0,0,0
172.637360,172.577789,137,118,10,66,133,1,23,209,0,0,0,0,0,0,0,0
172.857147,172.815292,137,118,8,66,147,6,89,209,128,0,0,0,0,0,0,0
173.076920,173.026749,137,120,9,71,126,4,99,209,0,0,0,0,0,0,0,0
173.351654,173.294739,137,122,12,76,133,3,122,211,128,0,0,0,0,0,0,0
173.571426,173.508682,137,124,9,78,150,0,92,210,0,0,0,0,0,0,0,0
173.791214,173.748383,137,127,9,77,152,2,50,210,128,0,0,0,0,0,0,0
174.065933,174.010941,137,128,10,77,145,2,57,209,128,0,0,0,0,0,0,0
174.285721,174.226364,137,128,10,78,134,2,104,210,0,0,0,0,0,0,0,0
174.560440,174.495300,137,129,12,81,137,7,88,210,128,0,0,0,0,0,0,0
174.780212,174.733475,138,128,12,71,128,3,74,209,0,0,0,0,0,0,0,0
175.000000,174.943527,137,126,9,70,144,2,80,209,128,0,0,0,0,0,0,0
175.274719,175.207504,137,121,9,61,160,4,20,210,0,0,0,0,0,0,0,0
175.494507,175.449127,137,118,5,55,170,5,15,209,128,0,0,0,0,0,0,0
175.714279,175.665985,137,113,8,52,165,4,7,210,0,0,0,0,0,0,0,0
175.989014,175.929199,137,111,8,62,162,2,40,210,128,0,0,0,0,0,0,0
176.208786,176.146194,137,112,7,65,148,4,56,209,128,0,0,0,0,0,0,0
176.483521,176.417328,138,114,9,68,124,4,109,210,0,0,0,0,0,0,0,0
176.703293,176.653931,137,116,9,66,126,2,105,210,128,0,0,0,0,0,0,0
176.923080,176.863724,136,115,8,63,129,5,92,209,0,0,0,0,0,0,0,0
177.197800,177.132553,137,114,8,58,169,6,9,210,128,0,0,0,0,0,0,0
177.417587,177.371201,137,111,8,60,198,1,4,210,128,0,0,0,0,0,0,0
177.637360,177.583801,137,111,8,55,179,0,9,210,0,0,0,0,0,0,0,0
177.912094,177.850433,137,111,10,63,143,2,81,210,0,0,0,0,0,0,0,0
178.131866,178.061646,137,114,9,68,121,5,116,210,0,0,0,0,0,0,0,0
178.351654,178.303925,137,116,9,72,133,2,141,210,128,0,0,0,0,0,0,0
178.626373,178.573212,137,117,9,67,157,3,95,210,0,0,0,0,0,0,0,0
178.846161,178.782990,137,116,7,70,192,4,27,210,128,0,0,0,0,0,0,0
179.120880,179.052689,137,116,8,64,207,3,10,210,0,0,0,0,0,0,0,0
179.340652,179.290314,137,115,8,71,141,8,29,210,128,0,0,0,0,0,0,0
179.560440,179.502594,137,121,12,80,145,3,112,210,128,0,0,0,0,0,0,0
179.835159,179.766846,137,124,11,80,112,1,148,208,0,0,0,0,0,0,0,0
180.054947,180.006165,137,126,9,79,112,6,148,208,128,0,0,0,0,0,0,0
180.274719,180.220703,138,124,8,68,132,2,99,209,0,0,0,0,0,0,0,0
180.549454,180.488892,137,118,7,64,179,4,16,209,128,0,0,0,0,0,0,0
180.769226,180.701935,137,116,8,60,232,3,7,210,0,0,0,0,0,0,0,0
181.043961,180.977371,136,112,8,58,210,3,3,209,128,0,0,0,0,0,0,0
181.263733,181.215668,137,114,7,67,186,1,8,209,0,0,0,0,0,0,0,0
181.483521,181.428482,138,117,9,73,120,1,27,209,0,0,0,0,0,0,0,0
181.758240,181.693588,137,120,10,80,107,4,148,210,128,0,0,0,0,0,0,0
181.978027,181.910400,137,128,13,88,111,1,147,210,0,0,0,0,0,0,0,0
182.252747,182.180984,137,129,11,81,124,2,147,211,128,0,0,0,0,0,0,0
182.472534,182.422440,137,129,10,80,146,4,91,210,0,0,0,0,0,0,0,0
182.692307,182.633270,137,127,10,72,179,3,3,210,128,0,0,0,0,0,0,0
182.967026,182.902359,136,123,7,64,188,6,12,208,0,0,0,0,0,0,0,0
183.186813,183.115723,137,117,7,51,182,8,27,210,128,0,0,0,0,0,0,0
183.406601,183.356003,138,111,8,61,182,2,36,208,128,0,0,0,0,0,0,0
183.681320,183.627151,136,113,9,66,176,3,31,211,0,0,0,0,0,0,0,0
183.901093,183.840424,136,114,9,67,139,4,82,210,128,0,0,0,0,0,0,0
184.175827,184.107346,137,113,8,57,129,4,146,208,0,0,0,0,0,0,0,0
184.395599,184.346542,137,110,7,59,146,2,87,209,128,0,0,0,0,0,0,0
184.615387,184.561432,137,111,9,57,196,2,4,210,0,0,0,0,0,0,0,0
184.890106,184.830887,137,109,7,56,206,4,16,209,128,0,0,0,0,0,0,0
185.109894,185.044769,137,108,6,55,138,3,24,211,0,0,0,0,0,0,0,0
185.329666,185.283600,137,110,8,69,152,2,100,211,0,0,0,0,0,0,0,0
185.604401,185.553696,137,115,12,75,132,4,115,209,128,0,0,0,0,0,0,0
185.824173,185.768280,137,123,12,87,118,2,147,210,0,0,0,0,0,0,0,0
186.098907,186.034958,137,126,11,79,128,1,147,210,128,0,0,0,0,0,0,0
186.318680,186.272110,137,126,9,70,146,6,86,210,0,0,0,0,0,0,0,0
186.538467,186.483917,136,120,11,66,146,1,87,210,0,0,0,0,0,0,0,0
186.813187,186.754105,137,116,9,60,233,2,4,210,0,0,0,0,0,0,0,0
187.032974,186.964142,137,115,8,66,223,3,3,210,0,0,0,0,0,0,0,0
187.252747,187.203369,137,112,7,64,191,5,3,209,128,0,0,0,0,0,0,0
187.527466,187.472076,137,116,11,71,162,0,114,210,0,0,0,0,0,0,0,0
187.747253,187.692719,136,119,9,69,114,8,136,209,128,0,0,0,0,0,0,0
188.021973,187.955475,137,122,8,71,126,3,147,210,0,0,0,0,0,0,0,0
188.241760,188.169846,137,123,11,72,133,1,132,210,128,0,0,0,0,0,0,0
188.461533,188.412491,137,121,10,71,176,1,10,209,0,0,0,0,0,0,0,0
188.736267,188.681580,137,123,11,72,215,2,8,210,128,0,0,0,0,0,0,0
188.956039,188.892349,137,120,9,70,163,3,27,209,128,0,0,0,0,0,0,0
189.230774,189.165649,137,119,7,68,136,4,130,210,0,0,0,0,0,0,0,0
189.450546,189.377060,138,119,7,69,143,3,83,210,128,0,0,0,0,0,0,0
189.670334,189.616272,137,118,9,72,154,3,92,210,0,0,0,0,0,0,0,0
189.945053,189.881042,137,120,9,74,167,4,56,210,128,0,0,0,0,0,0,0
190.164841,190.094986,137,120,10,74,154,3,50,209,0,0,0,0,0,0,0,0
190.384613,190.336609,138,121,8,73,143,2,81,210,128,0,0,0,0,0,0,0
190.659348,190.604752,137,118,9,64,140,2,64,210,0,0,0,0,0,0,0,0
190.879120,190.818329,138,116,7,59,156,1,49,210,0,0,0,0,0,0,0,0
191.153839,191.083725,137,116,9,69,171,4,16,210,128,0,0,0,0,0,0,0
191.373627,191.323715,137,116,7,59,166,4,13,209,0,0,0,0,0,0,0,0
191.593399,191.537781,137,111,8,52,140,1,97,210,128,0,0,0,0,0,0,0
191.868134,191.807846,137,109,8,56,153,3,57,209,0,0,0,0,0,0,0,0
192.087906,192.020691,136,110,6,58,170,5,30,211,128,0,0,0,0,0,0,0
192.362640,192.291611,137,109,7,59,181,2,3,209,128,0,0,0,0,0,0,0
192.582413,192.530930,137,109,5,60,175,6,8,209,0,0,0,0,0,0,0,0
192.802200,192.741287,137,111,8,66,140,0,40,209,128,0,0,0,0,0,0,0
193.076920,193.009644,136,112,11,55,115,3,119,210,0,0,0,0,0,0,0,0
193.296707,193.225189,137,113,9,66,129,3,139,210,128,0,0,0,0,0,0,0
193.516479,193.462769,136,115,9,67,152,2,55,209,0,0,0,0,0,0,0,0
193.791214,193.726746,137,115,7,58,167,4,26,210,128,0,0,0,0,0,0,0
194.010986,193.940750,137,110,7,54,176,2,14,210,128,0,0,0,0,0,0,0
194.285721,194.211884,137,109,9,51,171,3,6,210,128,0,0,0,0,0,0,0
194.505493,194.454193,138,110,6,63,149,2,42,210,128,0,0,0,0,0,0,0
194.725281,194.663010,136,115,12,78,124,2,71,209,0,0,0,0,0,0,0,0
195.000000,194.927444,137,121,9,72,87,4,148,210,128,0,0,0,0,0,0,0
195.219788,195.167923,137,120,11,73,92,2,148,210,0,0,0,0,0,0,0,0
195.439560,195.383530,136,120,9,68,141,4,100,209,128,0,0,0,0,0,0,0
195.714279,195.648926,137,115,7,57,192,2,7,209,0,0,0,0,0,0,0,0
195.934067,195.864532,137,111,5,56,244,3,3,210,128,0,0,0,0,0,0,0
196.208786,196.133881,137,110,9,58,217,3,3,208,128,0,0,0,0,0,0,0
196.428574,196.372437,137,113,9,66,174,2,8,210,0,0,0,0,0,0,0,0
196.648346,196.587723,137,118,11,81,126,1,148,208,128,0,0,0,0,0,0,0
196.923080,196.852234,137,125,13,91,73,0,147,208,0,0,0,0,0,0,0,0
197.142853,197.069611,138,133,11,92,62,2,147,211,128,0,0,0,0,0,0,0
197.362640,197.309143,136,135,12,88,68,2,147,208,0,0,0,0,0,0,0,0
197.637360,197.577347,136,136,12,87,95,3,139,209,0,0,0,0,0,0,0,0
197.857147,197.788330,137,135,10,83,128,0,32,208,128,0,0,0,0,0,0,0
198.131866,198.058411,138,128,10,65,175,2,5,210,0,0,0,0,0,0,0,0
198.351654,198.299225,137,119,10,65,195,2,9,209,128,0,0,0,0,0,0,0
198.571426,198.514633,137,114,9,57,176,4,2,209,0,0,0,0,0,0,0,0
198.846161,198.779663,138,117,7,70,163,3,43,210,128,0,0,0,0,0,0,0
199.065933,198.993607,137,121,11,80,130,0,32,209,0,0,0,0,0,0,0,0
199.340652,199.263626,137,124,11,80,100,3,148,210,128,0,0,0,0,0,0,0
199.560440,199.505447,137,129,13,86,67,3,147,210,128,0,0,0,0,0,0,0
199.780212,199.713409,137,131,10,80,86,2,147,210,0,0,0,0,0,0,0,0
200.054947,199.985306,137,130,9,80,128,1,76,209,128,0,0,0,0,0,0,0
200.274719,200.196518,137,126,9,69,170,6,7,209,0,0,0,0,0,0,0,0
200.494507,200.435471,137,121,8,66,216,1,11,209,128,0,0,0,0,0,0,0
200.769226,200.703140,137,121,9,68,184,3,3,209,0,0,0,0,0,0,0,0
200.989014,200.916977,138,118,11,72,146,3,48,209,128,0,0,0,0,0,0,0
201.263733,201.186371,136,122,11,77,126,5,90,209,0,0,0,0,0,0,0,0
201.483521,201.424927,136,130,11,91,98,1,148,210,0,0,0,0,0,0,0,0
201.703293,201.640167,137,134,13,92,71,4,147,209,128,0,0,0,0,0,0,0
201.978027,201.904572,137,139,13,94,82,2,147,210,0,0,0,0,0,0,0,0
202.197800,202.145050,137,137,12,87,91,3,143,210,128,0,0,0,0,0,0,0
202.417587,202.358170,136,133,12,78,135,2,88,210,128,0,0,0,0,0,0,0
202.692307,202.629623,137,131,9,74,184,4,5,210,0,0,0,0,0,0,0,0
202.912094,202.842743,137,128,10,68,175,3,5,211,0,0,0,0,0,0,0,0
203.186813,203.113541,138,126,10,77,148,5,13,209,0,0,0,0,0,0,0,0
203.406601,203.328705,137,127,11,82,107,6,52,210,128,0,0,0,0,0,0,0
203.626373,203.565948,136,130,11,83,77,0,147,210,0,0,0,0,0,0,0,0
203.901093,203.833099,137,133,12,87,70,1,147,210,128,0,0,0,0,0,0,0
204.120880,204.046112,137,139,11,92,80,2,147,209,0,0,0,0,0,0,0,0
204.340652,204.286377,137,136,11,82,107,3,134,210,128,0,0,0,0,0,0,0
204.615387,204.556335,137,133,10,78,118,6,40,209,0,0,0,0,0,0,0,0
204.835159,204.766953,137,128,10,70,168,2,7,210,128,0,0,0,0,0,0,0
205.109894,205.035721,137,127,13,78,168,3,16,210,128,0,0,0,0,0,0,0
205.329666,205.273071,137,128,10,77,134,3,9,210,0,0,0,0,0,0,0,0
205.549454,205.488373,136,130,13,83,87,6,111,210,128,0,0,0,0,0,0,0
205.824173,205.754333,138,133,11,89,56,2,147,210,0,0,0,0,0,0,0,0
206.043961,205.969116,137,137,12,95,70,2,147,210,128,0,0,0,0,0,0,0
206.318680,206.241318,137,138,11,83,86,2,138,210,0,0,0,0,0,0,0,0
206.538467,206.483658,137,136,12,83,121,3,43,208,128,0,0,0,0,0,0,0
206.758240,206.692566,136,137,12,85,157,1,10,208,0,0,0,0,0,0,0,0
207.032974,206.958221,137,134,9,78,141,3,6,210,0,0,0,0,0,0,0,0
207.252747,207.174561,137,131,11,80,126,4,2,209,128,0,0,0,0,0,0,0
207.472534,207.415695,136,132,11,82,99,2,95,209,0,0,0,0,0,0,0,0
207.747253,207.685806,138,132,12,85,69,3,136,208,128,0,0,0,0,0,0,0
207.967026,207.897690,137,133,13,82,84,3,124,210,0,0,0,0,0,0,0,0
208.241760,208.163284,136,132,12,79,112,4,48,209,128,0,0,0,0,0,0,0
208.461533,208.403809,137,130,11,79,140,3,4,210,0,0,0,0,0,0,0,0
208.681320,208.617188,138,128,11,80,128,0,4,210,128,0,0,0,0,0,0,0
208.956039,208.883209,137,130,12,81,127,2,13,209,128,0,0,0,0,0,0,0
209.175827,209.094696,138,132,11,92,106,4,63,210,0,0,0,0,0,0,0,0
209.395599,209.334702,138,137,12,94,55,2,148,210,128,0,0,0,0,0,0,0
209.670334,209.606918,138,139,11,89,55,4,128,210,0,0,0,0,0,0,0,0
209.890106,209.820175,138,138,11,86,64,4,127,210,0,0,0,0,0,0,0,0
210.164841,210.084427,137,136,11,84,115,1,52,209,0,0,0,0,0,0,0,0
210.384613,210.325012,137,133,10,81,160,3,7,209,0,0,0,0,0,0,0,0
210.604401,210.541489,137,131,13,80,149,3,8,210,0,0,0,0,0,0,0,0
210.879120,210.807358,137,133,11,88,124,3,10,208,0,0,0,0,0,0,0,0
211.098907,211.022079,137,134,11,86,93,3,74,210,128,0,0,0,0,0,0,0
211.373627,211.293915,137,135,12,92,66,2,127,210,0,0,0,0,0,0,0,0
211.593399,211.532791,137,144,14,105,52,2,147,210,128,0,0,0,0,0,0,0
211.813187,211.744522,138,148,13,103,52,2,147,210,0,0,0,0,0,0,0,0
212.087906,212.012177,138,148,11,98,88,3,117,210,128,0,0,0,0,0,0,0
212.307693,212.226440,137,146,13,89,102,3,25,210,128,0,0,0,0,0,0,0
212.527466,212.464737,138,143,12,91,130,3,7,210,0,0,0,0,0,0,0,0
212.802200,212.729111,136,143,10,90,123,3,16,208,128,0,0,0,0,0,0,0
213.021973,212.944534,136,141,12,91,88,5,33,209,0,0,0,0,0,0,0,0
213.241760,213.183960,138,142,13,96,55,3,104,210,128,0,0,0,0,0,0,0
213.516479,213.452362,138,146,12,98,58,3,95,210,0,0,0,0,0,0,0,0
213.736267,213.663818,137,145,14,90,57,3,96,210,128,0,0,0,0,0,0,0
214.010986,213.931183,137,142,13,90,69,2,79,210,128,0,0,0,0,0,0,0
214.230774,214.169876,138,143,11,92,117,5,5,210,0,0,0,0,0,0,0,0
214.450546,214.385178,136,143,14,88,116,3,2,209,128,0,0,0,0,0,0,0
214.725281,214.649429,137,141,12,97,89,1,36,210,0,0,0,0,0,0,0,0
214.945053,214.863480,138,142,14,95,79,2,64,210,128,0,0,0,0,0,0,0
215.164841,215.102127,137,145,13,100,37,2,126,211,0,0,0,0,0,0,0,0
215.439560,215.369629,137,147,13,100,44,3,127,210,128,0,0,0,0,0,0,0
215.659348,215.587326,137,144,11,83,61,2,105,210,0,0,0,0,0,0,0,0
215.934067,215.856110,137,141,11,96,100,3,40,210,128,0,0,0,0,0,0,0
216.153839,216.091904,138,140,12,87,132,3,7,210,128,0,0,0,0,0,0,0
216.373627,216.300598,137,137,13,84,116,5,39,210,0,0,0,0,0,0,0,0
216.648346,216.569885,137,140,13,100,85,2,31,210,128,0,0,0,0,0,0,0
216.868134,216.810623,137,146,14,100,58,3,101,210,0,0,0,0,0,0,0,0
217.087906,217.022430,138,146,14,99,29,3,148,210,128,0,0,0,0,0,0,0
217.362640,217.287354,137,150,14,105,33,3,147,210,0,0,0,0,0,0,0,0
217.582413,217.500473,138,151,14,106,54,2,119,210,128,0,0,0,0,0,0,0
217.802200,217.736618,137,151,13,93,92,1,62,211,128,0,0,0,0,0,0,0
218.076920,218.003372,138,146,11,90,102,3,12,210,0,0,0,0,0,0,0,0
218.296707,218.221497,138,147,14,97,113,8,9,210,128,0,0,0,0,0,0,0
218.571426,218.491333,137,144,12,85,67,0,40,210,0,0,0,0,0,0,0,0
218.791214,218.726242,137,141,11,94,57,3,83,210,128,0,0,0,0,0,0,0
219.010986,218.938431,137,145,14,99,56,3,90,210,0,0,0,0,0,0,0,0
219.285721,219.208389,137,146,13,95,55,3,99,210,128,0,0,0,0,0,0,0
219.505493,219.427063,138,146,11,91,55,4,95,210,0,0,0,0,0,0,0,0
219.780212,219.696152,137,147,14,99,68,3,65,210,0,0,0,0,0,0,0,0
220.000000,219.934433,137,146,12,90,84,4,27,210,128,0,0,0,0,0,0,0
220.219788,220.147507,138,146,11,99,70,1,14,209,0,0,0,0,0,0,0,0
220.494507,220.416946,138,150,14,105,59,3,51,211,128,0,0,0,0,0,0,0
220.714279,220.652573,137,151,13,102,52,2,67,210,0,0,0,0,0,0,0,0
220.934067,220.863571,137,152,14,99,51,3,92,211,0,0,0,0,0,0,0,0
221.208786,221.136078,138,151,14,104,51,3,73,210,0,0,0,0,0,0,0,0
221.428574,221.350296,138,150,14,99,51,3,69,210,128,0,0,0,0,0,0,0
221.703293,221.620773,137,149,13,100,62,3,80,210,128,0,0,0,0,0,0,0
221.923080,221.856567,138,149,11,97,78,3,7,210,0,0,0,0,0,0,0,0
222.142853,222.073227,138,147,14,99,77,3,24,211,128,0,0,0,0,0,0,0
222.417587,222.340683,137,148,13,100,78,3,30,210,0,0,0,0,0,0,0,0
222.637360,222.557800,138,148,14,100,76,3,48,210,128,0,0,0,0,0,0,0
222.857147,222.795059,137,150,14,105,77,2,51,210,0,0,0,0,0,0,0,0
223.131866,223.064911,138,154,14,106,78,2,51,211,128,0,0,0,0,0,0,0
223.351654,223.276672,137,154,13,108,77,2,54,211,128,0,0,0,0,0,0,0
223.626373,223.543076,138,160,16,114,77,3,63,210,0,0,0,0,0,0,0,0
223.846161,223.784409,138,162,16,120,79,4,52,210,128,0,0,0,0,0,0,0
224.065933,223.996155,138,168,15,125,78,2,70,210,0,0,0,0,0,0,0,0
224.340652,224.264465,138,173,18,126,80,2,63,211,128,0,0,0,0,0,0,0
224.560440,224.475464,138,172,15,121,77,2,64,210,128,0,0,0,0,0,0,0
224.780212,224.715469,138,172,16,123,79,3,58,210,128,0,0,0,0,0,0,0
225.054947,224.987778,137,181,18,138,80,2,74,210,128,0,0,0,0,0,0,0
225.274719,225.203705,138,182,18,134,77,2,80,211,0,0,0,0,0,0,0,0
225.549454,225.472763,137,185,17,135,78,3,72,210,128,0,0,0,0,0,0,0
225.769226,225.685638,138,188,20,145,80,3,80,211,0,0,0,0,0,0,0,0
225.989014,225.925171,138,191,20,146,78,3,61,211,128,0,0,0,0,0,0,0
226.263733,226.194504,138,194,20,148,77,3,70,210,0,0,0,0,0,0,0,0
226.483521,226.403564,138,197,20,150,79,3,79,210,128,0,0,0,0,0,0,0
226.758240,226.671768,138,200,21,156,79,2,54,210,128,0,0,0,0,0,0,0
226.978027,226.913116,138,202,20,153,80,2,56,210,0,0,0,0,0,0,0,0
227.197800,227.128265,138,203,20,156,79,3,80,210,128,0,0,0,0,0,0,0
227.472534,227.397278,138,206,22,158,78,3,51,211,0,0,0,0,0,0,0,0
227.692307,227.608841,138,208,22,158,80,3,51,211,128,0,0,0,0,0,0,0
227.967026,227.880692,137,207,21,157,78,2,63,210,0,0,0,0,0,0,0,0
228.186813,228.118881,137,207,21,157,78,3,63,211,128,0,0,0,0,0,0,0
228.406601,228.335678,137,207,20,162,80,3,57,210,128,0,0,0,0,0,0,0
228.681320,228.603714,138,209,20,162,77,2,43,210,0,0,0,0,0,0,0,0
228.901093,228.814743,138,210,22,159,77,3,57,210,128,0,0,0,0,0,0,0
229.120880,229.057877,138,211,22,163,79,4,64,211,0,0,0,0,0,0,0,0
229.395599,229.328720,138,214,21,165,77,3,70,211,128,0,0,0,0,0,0,0
229.615387,229.537262,138,215,21,165,80,4,67,210,0,0,0,0,0,0,0,0
229.890106,229.806656,138,215,22,168,80,2,74,211,128,0,0,0,0,0,0,0
230.109894,230.021851,137,218,22,168,80,3,71,210,0,0,0,0,0,0,0,0
230.329666,230.260300,138,218,23,169,77,3,81,210,128,0,0,0,0,0,0,0
230.604401,230.528336,137,218,22,170,78,3,79,210,128,0,0,0,0,0,0,0
230.824173,230.743835,138,221,24,175,79,3,52,210,0,0,0,0,0,0,0,0
231.098907,231.011475,137,222,23,169,76,4,65,210,128,0,0,0,0,0,0,0
231.318680,231.250595,138,221,22,171,78,3,53,210,0,0,0,0,0,0,0,0
231.538467,231.463776,137,222,21,173,80,2,81,210,128,0,0,0,0,0,0,0
231.813187,231.732574,138,223,23,175,80,3,63,210,0,0,0,0,0,0,0,0
232.032974,231.944397,138,224,24,175,79,2,58,210,128,0,0,0,0,0,0,0
232.252747,232.186417,138,226,24,179,79,2,70,210,0,0,0,0,0,0,0,0
232.527466,232.450775,137,225,22,172,77,3,72,210,0,0,0,0,0,0,0,0
232.747253,232.663376,138,225,23,177,80,3,70,211,128,0,0,0,0,0,0,0
232.967026,232.904007,138,226,22,178,79,3,48,211,0,0,0,0,0,0,0,0
233.241760,233.173386,138,226,23,175,78,2,55,211,128,0,0,0,0,0,0,0
233.461533,233.384171,138,226,22,175,78,2,67,210,128,0,0,0,0,0,0,0
233.736267,233.657196,138,226,22,176,77,2,54,210,128,0,0,0,0,0,0,0
233.956039,233.870880,138,226,23,177,80,4,86,210,0,0,0,0,0,0,0,0
234.175827,234.111664,138,227,22,176,76,3,47,211,128,0,0,0,0,0,0,0
234.450546,234.377426,138,227,22,176,77,2,65,210,128,0,0,0,0,0,0,0
234.670334,234.589859,138,228,22,178,75,3,72,211,0,0,0,0,0,0,0,0
234.945053,234.862106,137,230,23,179,80,3,56,210,128,0,0,0,0,0,0,0
235.164841,235.078247,138,229,24,178,79,3,57,210,0,0,0,0,0,0,0,0
235.384613,235.313309,138,229,23,180,77,3,79,210,128,0,0,0,0,0,0,0
235.659348,235.579895,137,229,24,179,78,3,69,210,0,0,0,0,0,0,0,0
235.879120,235.794159,137,230,24,181,78,2,64,210,128,0,0,0,0,0,0,0
236.098907,236.034683,138,231,24,179,80,2,67,210,128,0,0,0,0,0,0,0
236.373627,236.301834,138,231,23,182,77,3,61,211,0,0,0,0,0,0,0,0
236.593399,236.510651,138,230,23,177,78,2,68,211,128,0,0,0,0,0,0,0
236.868134,236.782379,138,230,25,180,79,3,61,211,0,0,0,0,0,0,0,0
237.087906,236.997101,138,229,24,180,77,4,64,210,128,0,0,0,0,0,0,0
237.307693,237.235748,138,230,24,181,78,3,88,210,0,0,0,0,0,0,0,0
237.582413,237.504944,138,230,23,182,79,2,50,210,128,0,0,0,0,0,0,0
237.802200,237.718048,137,232,25,185,78,3,64,210,0,0,0,0,0,0,0,0
238.076920,237.990356,137,232,24,179,76,3,59,210,0,0,0,0,0,0,0,0
238.296707,238.205399,137,231,23,179,80,2,66,210,128,0,0,0,0,0,0,0
238.516479,238.442795,138,231,24,180,77,3,58,210,0,0,0,0,0,0,0,0
238.791214,238.716141,138,233,25,185,76,4,84,210,128,0,0,0,0,0,0,0
239.010986,238.929260,138,234,24,184,79,2,51,211,0,0,0,0,0,0,0,0
239.285721,239.196365,138,233,24,180,78,4,54,210,128,0,0,0,0,0,0,0
239.505493,239.436050,138,233,24,182,77,2,62,211,0,0,0,0,0,0,0,0
239.725281,239.648239,138,234,24,184,78,3,81,211,128,0,0,0,0,0,0,0
240.000000,239.915985,138,234,24,183,78,3,64,210,128,0,0,0,0,0,0,0
240.219788,240.131165,138,235,23,186,77,3,67,210,0,0,0,0,0,0,0,0
240.439560,240.368668,138,236,23,186,78,3,41,210,128,0,0,0,0,0,0,0
240.714279,240.637894,138,237,25,187,78,2,67,210,0,0,0,0,0,0,0,0
240.934067,240.854233,138,238,26,187,80,2,58,210,128,0,0,0,0,0,0,0
241.208786,241.127380,138,239,25,189,79,2,71,210,0,0,0,0,0,0,0,0
241.428574,241.341476,138,239,24,188,77,3,86,211,0,0,0,0,0,0,0,0
241.703293,241.612427,138,239,25,185,78,4,79,210,128,0,0,0,0,0,0,0
241.923080,241.853836,138,239,26,191,79,2,54,210,0,0,0,0,0,0,0,0
242.142853,242.062592,138,241,25,193,79,2,58,210,128,0,0,0,0,0,0,0
242.417587,242.332306,138,241,25,192,80,4,54,210,0,0,0,0,0,0,0,0
242.637360,242.548523,137,240,25,187,80,2,58,211,128,0,0,0,0,0,0,0
242.912094,242.820435,138,239,25,187,77,3,57,210,0,0,0,0,0,0,0,0
243.131866,243.057358,138,239,23,190,76,2,42,210,128,0,0,0,0,0,0,0
243.351654,243.271088,138,239,25,189,77,2,46,210,0,0,0,0,0,0,0,0
243.626373,243.538467,138,238,25,190,80,3,67,210,0,0,0,0,0,0,0,0
243.846161,243.755630,137,241,25,193,78,3,77,210,128,0,0,0,0,0,0,0
244.065933,243.995163,138,241,23,192,78,3,65,211,0,0,0,0,0,0,0,0
244.340652,244.262695,138,241,23,191,78,2,54,210,128,0,0,0,0,0,0,0
244.560440,244.474609,137,241,24,185,78,2,54,210,0,0,0,0,0,0,0,0
244.835159,244.747894,138,239,26,193,80,2,74,210,128,0,0,0,0,0,0,0
245.054947,244.987534,138,241,25,190,78,3,47,210,128,0,0,0,0,0,0,0
245.274719,245.198105,138,242,25,194,78,2,55,210,128,0,0,0,0,0,0,0
245.549454,245.471405,137,242,26,194,77,2,50,210,128,0,0,0,0,0,0,0
245.769226,245.688751,138,243,24,193,77,2,74,211,0,0,0,0,0,0,0,0
246.043961,245.954025,137,243,25,193,78,3,67,210,128,0,0,0,0,0,0,0
246.263733,246.170929,138,244,26,195,77,3,48,210,0,0,0,0,0,0,0,0
