0.000000,0.000000,141,252,222,255,191,1,77,211,1,0,0,0,0,0,0,0
0.274725,0.263837,106,253,222,255,193,0,75,164,129,0,0,0,0,0,0,0
0.549451,0.552972,142,252,222,255,188,1,73,220,1,0,0,0,0,0,0,0
0.824176,0.818849,106,252,222,255,192,0,76,164,129,0,0,0,0,0,0,0
1.043956,1.053223,143,252,222,255,188,1,72,219,1,0,0,0,0,0,0,0
1.318681,1.316234,106,252,222,255,192,0,74,164,1,0,0,0,0,0,0,0
1.593407,1.606608,105,252,221,255,188,1,75,219,129,0,0,0,0,0,0,0
1.868132,1.869877,106,252,222,255,192,0,69,164,1,0,0,0,0,0,0,0
2.142857,2.133091,106,252,221,255,187,2,66,219,129,0,0,0,0,0,0,0
2.362637,2.368640,106,252,221,255,192,0,65,164,1,0,0,0,0,0,0,0
2.637363,2.631756,106,252,221,255,187,1,64,219,129,0,0,0,0,0,0,0
2.912088,2.922127,106,252,221,255,192,0,63,164,1,0,0,0,0,0,0,0
3.186813,3.184778,106,252,221,255,187,1,63,164,129,0,0,0,0,0,0,0
3.406593,3.420074,106,252,221,255,192,0,62,164,1,0,0,0,0,0,0,0
3.681319,3.683088,106,252,221,255,187,2,63,164,129,0,0,0,0,0,0,0
3.956044,3.946714,120,252,221,255,192,0,64,164,1,0,0,0,0,0,0,0
4.230769,4.236828,106,252,221,255,192,0,66,164,129,0,0,0,0,0,0,0
4.505495,4.499793,128,252,221,255,192,0,69,164,1,0,0,0,0,0,0,0
4.725275,4.735543,106,252,221,255,192,0,65,164,129,0,0,0,0,0,0,0
5.000000,4.998760,136,252,221,255,191,0,68,164,1,0,0,0,0,0,0,0
5.274725,5.262845,106,252,221,255,192,0,71,164,129,0,0,0,0,0,0,0
5.549450,5.552964,106,252,221,255,189,1,72,216,1,0,0,0,0,0,0,0
5.824176,5.816230,106,252,221,255,192,0,75,164,129,0,0,0,0,0,0,0
6.043956,6.051475,133,253,221,255,192,1,75,212,1,0,0,0,0,0,0,0
6.318681,6.314177,106,252,221,255,192,0,77,163,129,0,0,0,0,0,0,0
6.593407,6.604807,130,252,221,255,191,0,78,208,1,0,0,0,0,0,0,0
6.868132,6.868073,105,252,221,255,192,0,69,163,129,0,0,0,0,0,0,0
7.142857,7.131135,132,252,221,255,191,1,71,212,1,0,0,0,0,0,0,0
7.362638,7.367506,106,252,221,255,192,0,68,164,129,0,0,0,0,0,0,0
7.637362,7.630108,106,252,220,255,190,1,69,213,1,0,0,0,0,0,0,0
7.912088,7.920225,106,252,220,255,192,0,68,164,1,0,0,0,0,0,0,0
8.186813,8.182670,106,252,220,255,189,1,74,219,129,0,0,0,0,0,0,0
8.406593,8.418172,106,252,220,255,192,0,66,164,1,0,0,0,0,0,0,0
8.681318,8.681189,106,252,220,255,188,1,66,220,129,0,0,0,0,0,0,0
8.956044,8.943936,106,252,220,255,192,0,67,164,1,0,0,0,0,0,0,0
9.230769,9.234667,106,252,220,255,187,2,63,164,129,0,0,0,0,0,0,0
9.505494,9.497784,117,252,220,255,192,0,61,164,1,0,0,0,0,0,0,0
9.725275,9.733846,106,252,220,255,191,0,60,164,129,0,0,0,0,0,0,0
10.000000,9.996802,110,252,220,255,192,0,66,164,1,0,0,0,0,0,0,0
10.274725,10.287074,106,252,220,255,192,0,67,164,129,0,0,0,0,0,0,0
10.549451,10.549986,106,252,220,255,192,0,69,164,1,0,0,0,0,0,0,0
10.824176,10.812535,107,252,220,255,191,0,70,163,129,0,0,0,0,0,0,0
11.043956,11.048136,106,252,220,255,193,0,75,164,1,0,0,0,0,0,0,0
11.318682,11.310993,135,253,220,255,189,1,67,191,129,0,0,0,0,0,0,0
11.593407,11.601879,106,252,220,255,192,0,70,192,1,0,0,0,0,0,0,0
11.868132,11.865197,106,252,220,255,190,1,77,216,129,0,0,0,0,0,0,0
12.142858,12.128719,105,252,220,255,191,0,74,164,1,0,0,0,0,0,0,0
12.362638,12.364682,119,252,220,255,190,0,80,167,129,0,0,0,0,0,0,0
12.637362,12.627483,106,252,219,255,192,0,80,164,1,0,0,0,0,0,0,0
12.912087,12.918010,105,252,220,255,189,1,83,217,129,0,0,0,0,0,0,0
13.186813,13.180869,106,252,219,255,192,0,78,163,1,0,0,0,0,0,0,0
13.406593,13.415295,110,252,219,255,192,0,76,191,1,0,0,0,0,0,0,0
13.681318,13.678869,105,252,219,255,191,1,76,163,1,0,0,0,0,0,0,0
13.956044,13.941832,106,252,219,255,192,0,74,164,1,0,0,0,0,0,0,0
14.230769,14.232715,105,252,219,255,187,2,68,220,1,0,0,0,0,0,0,0
14.505494,14.495983,106,252,219,255,193,0,71,164,1,0,0,0,0,0,0,0
14.725275,14.732245,105,252,219,255,188,1,69,219,129,0,0,0,0,0,0,0
15.000000,14.995104,106,252,219,255,192,0,61,164,1,0,0,0,0,0,0,0
15.274725,15.258169,105,252,218,255,188,1,59,163,129,0,0,0,0,0,0,0
15.549451,15.548491,118,252,219,255,192,0,59,164,1,0,0,0,0,0,0,0
15.824176,15.810887,105,252,218,255,188,0,56,163,129,0,0,0,0,0,0,0
16.043957,16.046434,120,252,218,255,193,0,59,164,1,0,0,0,0,0,0,0
16.318682,16.309092,105,252,218,255,192,0,58,163,129,0,0,0,0,0,0,0
16.593407,16.599613,114,252,218,255,193,0,61,164,1,0,0,0,0,0,0,0
16.868132,16.863037,105,252,218,255,192,0,55,163,129,0,0,0,0,0,0,0
17.142857,17.126562,106,252,218,255,192,0,63,164,1,0,0,0,0,0,0,0
17.362637,17.362415,127,252,218,255,189,1,60,183,129,0,0,0,0,0,0,0
17.637363,17.625685,106,252,218,255,191,0,66,164,1,0,0,0,0,0,0,0
17.912088,17.915596,106,252,218,255,190,1,61,216,129,0,0,0,0,0,0,0
18.186813,18.178402,106,252,218,255,192,0,63,164,1,0,0,0,0,0,0,0
18.406593,18.413950,123,252,218,255,191,0,71,185,129,0,0,0,0,0,0,0
18.681318,18.677782,105,252,218,255,192,0,72,163,1,0,0,0,0,0,0,0
18.956043,18.940693,138,252,218,255,191,0,70,218,129,0,0,0,0,0,0,0
19.230770,19.231627,105,252,218,255,192,0,76,163,1,0,0,0,0,0,0,0
19.505495,19.493666,118,252,218,255,192,0,75,189,129,0,0,0,0,0,0,0
19.725275,19.730803,106,252,218,255,192,0,76,163,1,0,0,0,0,0,0,0
20.000000,19.992992,106,252,218,255,191,1,70,164,129,0,0,0,0,0,0,0
20.274725,20.256941,105,252,218,255,189,1,75,211,1,0,0,0,0,0,0,0
20.549450,20.547148,106,252,218,255,192,0,74,164,1,0,0,0,0,0,0,0
20.824175,20.810364,106,252,218,255,191,1,69,198,129,0,0,0,0,0,0,0
21.043957,21.045450,105,252,218,255,192,0,72,163,1,0,0,0,0,0,0,0
21.318682,21.308973,137,252,218,255,191,0,74,216,129,0,0,0,0,0,0,0
21.593407,21.599449,106,252,218,255,191,0,67,163,1,0,0,0,0,0,0,0
21.868132,21.863390,107,252,217,255,192,1,63,170,129,0,0,0,0,0,0,0
22.142857,22.126345,105,252,218,255,191,0,60,164,1,0,0,0,0,0,0,0
22.362637,22.362101,106,252,218,255,191,0,59,164,129,0,0,0,0,0,0,0
22.637363,22.624546,106,252,217,255,192,0,64,164,1,0,0,0,0,0,0,0
22.912088,22.914972,106,252,218,255,191,1,65,166,129,0,0,0,0,0,0,0
23.186813,23.177521,106,252,217,255,191,0,63,163,1,0,0,0,0,0,0,0
23.406593,23.413071,141,252,218,255,191,0,63,170,129,0,0,0,0,0,0,0
23.681318,23.676136,106,252,217,255,192,0,65,164,1,0,0,0,0,0,0,0
23.956043,23.939400,106,252,217,255,189,1,64,212,129,0,0,0,0,0,0,0
24.230770,24.229776,106,252,217,255,191,0,73,164,1,0,0,0,0,0,0,0
24.505495,24.492838,120,252,217,255,192,0,70,163,129,0,0,0,0,0,0,0
24.725275,24.729053,106,252,218,255,192,0,69,163,1,0,0,0,0,0,0,0
25.000000,24.991959,106,252,218,255,192,0,75,164,129,0,0,0,0,0,0,0
25.274725,25.255333,137,252,217,255,189,1,75,199,1,0,0,0,0,0,0,0
25.549450,25.545498,106,253,218,255,192,0,74,163,129,0,0,0,0,0,0,0
25.824175,25.808870,105,252,217,255,191,0,79,206,1,0,0,0,0,0,0,0
26.043957,26.043291,105,252,217,255,192,0,75,163,129,0,0,0,0,0,0,0
26.318682,26.306049,142,252,218,255,191,0,74,165,1,0,0,0,0,0,0,0
26.593407,26.596319,105,252,217,255,192,0,72,163,129,0,0,0,0,0,0,0
26.868132,26.860569,110,252,217,255,193,0,78,176,129,0,0,0,0,0,0,0
27.142857,27.125463,106,252,217,255,191,0,75,163,1,0,0,0,0,0,0,0
27.362637,27.361115,106,252,217,255,192,0,71,212,129,0,0,0,0,0,0,0
27.637363,27.624229,105,252,217,255,189,1,75,211,1,0,0,0,0,0,0,0
27.912088,27.914446,106,252,217,255,192,0,74,164,129,0,0,0,0,0,0,0
28.186813,28.177101,106,252,217,255,190,1,66,208,1,0,0,0,0,0,0,0
28.461538,28.440714,105,252,217,255,192,0,70,164,129,0,0,0,0,0,0,0
28.681318,28.675409,105,252,217,255,188,1,70,215,1,0,0,0,0,0,0,0
28.956043,28.939133,105,252,217,255,191,0,65,163,129,0,0,0,0,0,0,0
29.230770,29.229559,142,252,217,255,190,1,62,222,1,0,0,0,0,0,0,0
29.505495,29.492828,105,252,217,255,192,0,58,163,129,0,0,0,0,0,0,0
29.725275,29.728935,126,253,217,255,193,1,64,201,1,0,0,0,0,0,0,0
30.000000,29.991642,105,253,216,255,191,0,64,163,129,0,0,0,0,0,0,0
30.274725,30.254862,106,252,217,255,191,1,64,165,1,0,0,0,0,0,0,0
30.549450,30.544977,105,252,217,255,190,1,61,187,129,0,0,0,0,0,0,0
30.824175,30.807833,106,252,217,255,192,0,72,164,1,0,0,0,0,0,0,0
31.043957,31.042665,105,252,217,255,187,1,67,163,129,0,0,0,0,0,0,0
31.318682,31.305883,105,252,216,255,192,0,70,163,1,0,0,0,0,0,0,0
31.593407,31.596718,105,252,217,255,191,1,66,163,129,0,0,0,0,0,0,0
31.868132,31.860600,106,252,217,255,192,0,70,163,1,0,0,0,0,0,0,0
32.142857,32.123096,142,252,216,255,187,1,72,219,129,0,0,0,0,0,0,0
32.362637,32.359005,105,252,217,255,192,0,78,163,1,0,0,0,0,0,0,0
32.637363,32.620686,116,252,217,255,191,1,74,186,129,0,0,0,0,0,0,0
32.912086,32.911419,105,252,216,255,192,0,74,163,129,0,0,0,0,0,0,0
33.186813,33.174019,106,252,216,255,192,0,72,163,129,0,0,0,0,0,0,0
33.406593,33.409210,105,252,216,255,189,1,74,163,129,0,0,0,0,0,0,0
33.681320,33.672741,106,252,216,255,192,0,72,163,1,0,0,0,0,0,0,0
33.956043,33.936104,105,252,216,255,191,1,76,165,129,0,0,0,0,0,0,0
34.230770,34.226734,106,252,216,255,192,0,75,163,1,0,0,0,0,0,0,0
34.505493,34.490105,138,252,216,255,189,1,73,199,129,0,0,0,0,0,0,0
34.725273,34.725601,106,252,216,255,192,0,68,163,1,0,0,0,0,0,0,0
35.000000,34.988304,143,252,216,255,187,1,64,221,129,0,0,0,0,0,0,0
35.274727,35.251621,106,252,216,255,192,0,64,163,1,0,0,0,0,0,0,0
35.549450,35.542202,105,252,216,255,187,1,66,217,129,0,0,0,0,0,0,0
35.824177,35.805111,106,252,216,255,192,0,66,163,1,0,0,0,0,0,0,0
36.043957,36.039940,105,252,215,255,188,1,65,220,129,0,0,0,0,0,0,0
36.318680,36.303261,106,252,216,255,192,0,66,163,1,0,0,0,0,0,0,0
36.593407,36.593838,105,252,215,255,189,0,64,191,129,0,0,0,0,0,0,0
36.868134,36.857697,106,252,216,255,192,0,72,163,1,0,0,0,0,0,0,0
37.142857,37.120018,105,252,216,255,187,1,70,221,129,0,0,0,0,0,0,0
37.362637,37.355667,106,252,216,255,191,0,75,163,1,0,0,0,0,0,0,0
37.637363,37.618320,106,252,215,255,191,1,69,211,129,0,0,0,0,0,0,0
37.912086,37.908394,106,252,215,255,191,0,73,163,1,0,0,0,0,0,0,0
38.186813,38.171398,107,252,215,255,191,1,75,170,129,0,0,0,0,0,0,0
38.406593,38.406841,105,252,215,255,190,0,75,173,1,0,0,0,0,0,0,0
38.681320,38.669395,106,252,215,255,192,0,77,164,129,0,0,0,0,0,0,0
38.956043,38.933891,105,252,215,255,188,1,70,163,1,0,0,0,0,0,0,0
39.230770,39.224369,107,252,215,255,192,0,72,163,129,0,0,0,0,0,0,0
39.505493,39.487484,105,252,215,255,189,1,72,191,129,0,0,0,0,0,0,0
39.725273,39.723389,106,252,215,255,192,0,70,163,1,0,0,0,0,0,0,0
40.000000,39.986092,134,252,215,255,190,1,68,213,129,0,0,0,0,0,0,0
40.274727,40.249264,105,252,215,255,192,0,71,163,1,0,0,0,0,0,0,0
40.549450,40.539219,110,252,215,255,191,0,68,176,129,0,0,0,0,0,0,0
40.824177,40.801872,105,252,215,255,192,0,72,163,1,0,0,0,0,0,0,0
41.043957,41.037476,106,252,215,255,191,0,64,164,129,0,0,0,0,0,0,0
41.318680,41.300690,106,252,215,255,191,0,64,163,1,0,0,0,0,0,0,0
41.593407,41.591576,105,252,214,255,187,1,66,220,129,0,0,0,0,0,0,0
41.868134,41.855152,106,252,215,255,192,0,60,163,1,0,0,0,0,0,0,0
42.142857,42.117756,106,252,214,255,190,1,60,213,129,0,0,0,0,0,0,0
42.362637,42.353302,105,252,214,255,192,0,66,163,1,0,0,0,0,0,0,0
42.637363,42.616314,107,252,214,255,192,0,62,168,129,0,0,0,0,0,0,0
42.912086,42.906380,105,252,214,255,192,0,64,163,1,0,0,0,0,0,0,0
43.186813,43.169136,106,252,214,255,192,0,66,212,129,0,0,0,0,0,0,0
43.406593,43.404797,105,252,214,255,187,1,65,220,1,0,0,0,0,0,0,0
43.681320,43.668056,106,252,214,255,192,0,66,164,129,0,0,0,0,0,0,0
43.956043,43.932140,110,252,214,255,191,1,64,196,1,0,0,0,0,0,0,0
44.230770,44.222927,105,252,214,255,192,0,71,163,129,0,0,0,0,0,0,0
44.505493,44.485474,141,252,214,255,190,1,72,164,1,0,0,0,0,0,0,0
44.725273,44.721073,105,252,214,255,192,0,75,163,129,0,0,0,0,0,0,0
45.000000,44.984035,122,252,214,255,192,0,71,196,1,0,0,0,0,0,0,0
45.274727,45.273846,105,252,214,255,192,0,78,163,129,0,0,0,0,0,0,0
45.549450,45.536606,106,252,214,255,192,0,74,164,1,0,0,0,0,0,0,0
45.824177,45.800175,105,252,213,255,188,1,75,214,129,0,0,0,0,0,0,0
46.043957,46.035366,105,252,214,255,192,0,74,163,129,0,0,0,0,0,0,0
46.318680,46.298889,111,252,214,255,192,1,69,193,1,0,0,0,0,0,0,0
46.593407,46.589417,106,252,213,255,192,0,68,163,129,0,0,0,0,0,0,0
46.868134,46.852222,142,252,214,255,191,0,72,221,1,0,0,0,0,0,0,0
47.142857,47.115665,106,252,213,255,192,0,70,163,129,0,0,0,0,0,0,0
47.362637,47.351040,124,252,213,255,192,1,66,198,1,0,0,0,0,0,0,0
47.637363,47.614410,105,252,213,255,192,0,68,163,129,0,0,0,0,0,0,0
47.912086,47.904579,106,252,213,255,191,1,64,166,1,0,0,0,0,0,0,0
48.186813,48.167286,106,252,213,255,191,0,69,163,129,0,0,0,0,0,0,0
48.406593,48.403187,106,252,213,255,191,1,70,168,1,0,0,0,0,0,0,0
48.681320,48.666256,105,252,213,255,192,0,59,163,129,0,0,0,0,0,0,0
48.956043,48.930187,106,252,213,255,192,0,64,164,1,0,0,0,0,0,0,0
49.230770,49.221119,105,252,213,255,190,0,64,163,129,0,0,0,0,0,0,0
49.505493,49.484333,123,253,213,255,192,0,66,163,1,0,0,0,0,0,0,0
49.725273,49.720039,105,252,213,255,192,0,67,163,129,0,0,0,0,0,0,0
50.000000,49.983204,121,252,213,255,192,0,67,164,1,0,0,0,0,0,0,0
50.274727,50.246681,105,252,213,255,191,0,69,163,129,0,0,0,0,0,0,0
50.549450,50.537098,110,252,213,255,192,0,68,163,1,0,0,0,0,0,0,0
50.824177,50.800369,105,252,213,255,191,0,68,163,129,0,0,0,0,0,0,0
51.043957,51.034534,106,252,213,255,192,0,72,214,129,0,0,0,0,0,0,0
51.318680,51.298622,105,252,213,255,188,1,77,215,129,0,0,0,0,0,0,0
51.593407,51.589508,106,252,213,255,192,0,74,163,1,0,0,0,0,0,0,0
51.868134,51.852425,105,252,213,255,190,1,77,206,129,0,0,0,0,0,0,0
52.142857,52.115376,105,252,213,255,192,0,79,163,129,0,0,0,0,0,0,0
52.362637,52.350933,143,252,213,255,191,0,80,166,1,0,0,0,0,0,0,0
52.637363,52.614140,105,252,212,255,193,0,78,163,129,0,0,0,0,0,0,0
52.912086,52.904617,138,252,212,255,191,0,68,218,1,0,0,0,0,0,0,0
53.186813,53.167015,105,252,213,255,192,0,71,163,129,0,0,0,0,0,0,0
53.406593,53.403027,105,252,212,255,191,1,73,209,1,0,0,0,0,0,0,0
53.681320,53.666599,105,252,212,255,192,0,67,163,129,0,0,0,0,0,0,0
53.956043,53.930332,132,252,212,255,190,1,67,163,1,0,0,0,0,0,0,0
54.230770,54.220852,105,252,212,255,191,0,38,163,129,0,0,0,0,0,0,0
54.505493,54.484020,118,252,212,255,191,0,26,189,1,0,0,0,0,0,0,0
54.725273,54.719975,105,252,212,255,190,1,25,206,129,0,0,0,0,0,0,0
55.000000,54.983452,106,252,212,255,192,0,30,163,1,0,0,0,0,0,0,0
55.274727,55.246468,116,252,212,255,192,0,46,186,129,0,0,0,0,0,0,0
55.549450,55.537090,105,253,212,255,190,1,70,216,1,0,0,0,0,0,0,0
55.824177,55.799744,115,252,212,255,193,0,83,184,129,0,0,0,0,0,0,0
56.043957,56.035343,144,252,212,255,192,0,85,166,1,0,0,0,0,0,0,0
56.318680,56.298870,140,252,212,255,190,1,85,222,129,0,0,0,0,0,0,0
56.593407,56.562496,105,252,212,255,187,1,86,224,1,0,0,0,0,0,0,0
56.868134,56.853275,106,252,212,255,192,0,81,163,129,0,0,0,0,0,0,0
57.142857,57.116699,106,252,211,255,192,0,67,164,1,0,0,0,0,0,0,0
57.362637,57.352142,128,252,211,255,191,0,63,202,129,0,0,0,0,0,0,0
57.637363,57.615257,105,252,211,255,187,0,64,163,1,0,0,0,0,0,0,0
57.912086,57.906246,106,252,212,255,192,0,55,163,129,0,0,0,0,0,0,0
58.186813,58.169125,131,252,212,255,191,1,48,210,1,0,0,0,0,0,0,0
58.461540,58.432117,105,252,211,255,191,0,44,163,129,0,0,0,0,0,0,0
58.681320,58.668125,106,252,211,255,193,0,43,163,129,0,0,0,0,0,0,0
58.956043,58.931034,144,252,212,255,192,1,42,219,1,0,0,0,0,0,0,0
59.230770,59.222069,105,252,212,255,192,1,44,164,129,0,0,0,0,0,0,0
59.505493,59.484726,106,252,212,255,192,0,54,164,1,0,0,0,0,0,0,0
59.780220,59.748306,105,252,212,255,190,1,53,208,129,0,0,0,0,0,0,0
60.000000,59.984058,111,252,212,255,192,0,55,163,1,0,0,0,0,0,0,0
60.274727,60.246807,106,252,212,255,191,1,62,163,129,0,0,0,0,0,0,0
60.549450,60.537334,108,252,212,255,191,1,68,174,1,0,0,0,0,0,0,0
60.824177,60.800655,105,252,212,255,187,2,80,219,129,0,0,0,0,0,0,0
61.043957,61.036358,105,252,212,255,192,0,83,163,1,0,0,0,0,0,0,0
61.318680,61.300106,105,252,213,255,189,1,88,217,129,0,0,0,0,0,0,0
61.593407,61.563404,106,252,213,255,186,1,89,221,1,0,0,0,0,0,0,0
61.868134,61.854748,106,252,212,255,189,1,88,164,129,0,0,0,0,0,0,0
62.142857,62.118324,106,253,212,255,192,1,87,163,1,0,0,0,0,0,0,0
62.362637,62.353619,106,252,212,255,191,1,83,165,129,0,0,0,0,0,0,0
62.637363,62.616577,144,252,212,255,191,0,84,166,1,0,0,0,0,0,0,0
62.912086,62.879795,144,252,212,255,185,1,81,223,129,0,0,0,0,0,0,0
63.186813,63.170368,106,252,212,255,192,1,70,163,1,0,0,0,0,0,0,0
63.461540,63.432407,106,252,212,255,192,1,62,164,129,0,0,0,0,0,0,0
63.681320,63.669338,106,252,213,255,190,1,62,215,1,0,0,0,0,0,0,0
63.956043,63.932400,106,252,212,255,186,1,61,219,129,0,0,0,0,0,0,0
64.230766,64.222519,106,252,212,255,192,0,57,164,1,0,0,0,0,0,0,0
64.505493,64.485947,113,252,212,255,191,1,56,181,1,0,0,0,0,0,0,0
64.780220,64.749107,133,252,212,255,190,1,52,212,1,0,0,0,0,0,0,0
65.000000,64.985016,106,252,212,255,187,1,58,219,1,0,0,0,0,0,0,0
65.274727,65.248283,106,252,212,255,192,0,61,164,129,0,0,0,0,0,0,0
65.549454,65.538498,120,252,212,255,193,1,63,192,1,0,0,0,0,0,0,0
65.824173,65.801323,105,252,212,255,187,1,64,224,129,0,0,0,0,0,0,0
66.098900,66.065193,105,252,212,255,192,1,66,163,1,0,0,0,0,0,0,0
66.318680,66.300385,116,252,212,255,192,1,67,164,129,0,0,0,0,0,0,0
66.593407,66.564163,142,252,212,255,188,1,68,224,1,0,0,0,0,0,0,0
66.868134,66.854073,106,252,213,255,191,1,69,163,129,0,0,0,0,0,0,0
67.142860,67.117546,106,252,213,255,193,0,75,163,1,0,0,0,0,0,0,0
67.362640,67.352882,105,252,213,255,188,1,75,222,129,0,0,0,0,0,0,0
67.637360,67.615860,105,252,212,255,192,0,78,163,1,0,0,0,0,0,0,0
67.912086,67.879013,106,252,213,255,192,0,80,163,129,0,0,0,0,0,0,0
68.186813,68.169487,144,252,213,255,191,1,84,165,1,0,0,0,0,0,0,0
68.461540,68.432503,105,252,213,255,192,0,85,163,129,0,0,0,0,0,0,0
68.681320,68.668564,106,252,213,255,191,0,79,163,1,0,0,0,0,0,0,0
68.956047,68.931984,106,252,213,255,187,1,80,224,129,0,0,0,0,0,0,0
69.230766,69.195526,107,252,212,255,190,1,78,202,1,0,0,0,0,0,0,0
69.505493,69.486595,106,252,213,255,192,1,79,163,129,0,0,0,0,0,0,0
69.780220,69.750221,106,252,213,255,193,0,73,164,1,0,0,0,0,0,0,0
70.000000,69.986130,125,252,212,255,192,1,67,192,129,0,0,0,0,0,0,0
70.274727,70.248985,105,252,212,255,189,0,67,163,1,0,0,0,0,0,0,0
70.549454,70.539055,106,252,212,255,192,0,68,163,129,0,0,0,0,0,0,0
70.824173,70.802017,107,252,213,255,192,0,66,170,1,0,0,0,0,0,0,0
71.098900,71.064873,105,252,213,255,191,1,65,204,1,0,0,0,0,0,0,0
71.318680,71.300430,105,252,212,255,192,1,62,164,1,0,0,0,0,0,0,0
71.593407,71.563843,106,252,213,255,192,0,63,164,1,0,0,0,0,0,0,0
71.868134,71.854828,113,252,212,255,191,1,65,181,129,0,0,0,0,0,0,0
72.142860,72.117889,106,252,212,255,189,1,64,163,1,0,0,0,0,0,0,0
72.417580,72.382286,106,252,212,255,192,1,63,164,129,0,0,0,0,0,0,0
72.637360,72.617226,106,252,212,255,192,1,64,166,1,0,0,0,0,0,0,0
72.912086,72.880539,105,252,212,255,191,0,68,204,129,0,0,0,0,0,0,0
73.186813,73.170609,106,252,212,255,193,0,65,163,1,0,0,0,0,0,0,0
73.461540,73.433571,106,252,212,255,192,1,65,163,129,0,0,0,0,0,0,0
73.681320,73.669579,122,252,212,255,192,0,69,196,1,0,0,0,0,0,0,0
73.956047,73.932747,106,252,212,255,187,2,68,163,129,0,0,0,0,0,0,0
74.230766,74.196060,106,252,212,255,193,0,68,163,1,0,0,0,0,0,0,0
74.505493,74.486687,122,252,212,255,191,1,69,195,129,0,0,0,0,0,0,0
74.780220,74.749542,105,252,212,255,186,1,71,222,1,0,0,0,0,0,0,0
75.000000,74.985199,106,252,212,255,193,0,70,163,129,0,0,0,0,0,0,0
75.274727,75.247749,120,252,212,255,192,0,68,164,1,0,0,0,0,0,0,0
75.549454,75.538429,144,252,212,255,187,2,70,222,129,0,0,0,0,0,0,0
75.824173,75.801231,106,252,212,255,192,0,69,163,1,0,0,0,0,0,0,0
76.098900,76.064659,120,252,212,255,191,0,70,164,129,0,0,0,0,0,0,0
76.318680,76.300102,144,252,212,255,191,1,72,223,1,0,0,0,0,0,0,0
76.593407,76.563065,106,252,213,255,192,0,71,163,129,0,0,0,0,0,0,0
76.868134,76.853439,106,252,212,255,193,0,73,163,1,0,0,0,0,0,0,0
77.142860,77.117317,141,252,213,255,191,1,68,164,129,0,0,0,0,0,0,0
77.417580,77.380478,115,252,212,255,191,1,70,163,1,0,0,0,0,0,0,0
77.637360,77.616241,106,252,213,255,191,1,70,164,1,0,0,0,0,0,0,0
77.912086,77.879044,106,252,213,255,190,0,68,218,129,0,0,0,0,0,0,0
78.186813,78.169601,127,252,213,255,192,0,68,179,1,0,0,0,0,0,0,0
78.461540,78.432327,106,252,213,255,191,0,65,163,129,0,0,0,0,0,0,0
78.681320,78.667877,106,252,212,255,190,1,68,214,1,0,0,0,0,0,0,0
78.956047,78.931610,139,252,213,255,190,1,67,184,129,0,0,0,0,0,0,0
79.230766,79.194618,105,252,213,255,192,0,67,163,1,0,0,0,0,0,0,0
79.505493,79.485397,106,252,213,255,193,1,68,163,129,0,0,0,0,0,0,0
79.780220,79.749687,110,252,213,255,190,0,66,176,1,0,0,0,0,0,0,0
80.000000,79.984520,105,252,213,255,190,1,68,163,129,0,0,0,0,0,0,0
80.274727,80.248299,106,253,213,255,192,0,72,163,1,0,0,0,0,0,0,0
80.549454,80.511414,111,252,213,255,191,1,70,178,129,0,0,0,0,0,0,0
80.824173,80.802406,105,252,213,255,189,1,71,221,1,0,0,0,0,0,0,0
81.098900,81.065002,105,252,213,255,192,0,72,163,129,0,0,0,0,0,0,0
81.318680,81.300194,112,252,213,255,192,0,71,163,1,0,0,0,0,0,0,0
81.593407,81.564308,140,252,213,255,189,1,74,222,129,0,0,0,0,0,0,0
81.868134,81.828323,105,252,213,255,192,1,72,163,1,0,0,0,0,0,0,0
82.142860,82.119095,106,252,213,255,192,0,77,164,129,0,0,0,0,0,0,0
82.417580,82.382828,105,252,213,255,189,1,81,221,1,0,0,0,0,0,0,0
82.637360,82.617966,105,252,213,255,191,0,78,163,129,0,0,0,0,0,0,0
82.912086,82.881386,106,252,213,255,192,0,79,163,1,0,0,0,0,0,0,0
83.186813,83.172173,142,253,213,255,191,1,76,164,129,0,0,0,0,0,0,0
83.461540,83.435196,105,252,213,255,192,0,76,163,1,0,0,0,0,0,0,0
83.736267,83.698555,105,252,213,255,192,0,67,163,129,0,0,0,0,0,0,0
83.956047,83.933846,106,252,213,255,191,0,68,164,1,0,0,0,0,0,0,0
84.230766,84.199821,107,252,213,255,191,1,68,163,1,0,0,0,0,0,0,0
84.505493,84.490196,105,252,213,255,192,0,70,163,1,0,0,0,0,0,0,0
84.780220,84.753517,106,252,213,255,192,0,68,163,1,0,0,0,0,0,0,0
85.054947,85.016373,121,253,213,255,192,0,68,192,129,0,0,0,0,0,0,0
85.274727,85.252388,105,252,212,255,191,0,76,163,1,0,0,0,0,0,0,0
85.549454,85.515244,113,252,213,255,192,0,69,163,129,0,0,0,0,0,0,0
85.824173,85.805771,138,252,213,255,189,1,71,218,1,0,0,0,0,0,0,0
86.098900,86.070473,106,252,213,255,189,1,70,187,129,0,0,0,0,0,0,0
86.373627,86.333427,106,252,213,255,193,0,68,163,1,0,0,0,0,0,0,0
86.593407,86.569229,130,252,213,255,193,0,67,208,129,0,0,0,0,0,0,0
86.868134,86.832092,105,252,213,255,186,1,67,217,1,0,0,0,0,0,0,0
87.142860,87.122925,105,252,212,255,191,0,68,163,129,0,0,0,0,0,0,0
87.417580,87.386147,124,252,213,255,192,0,69,164,1,0,0,0,0,0,0,0
87.637360,87.621841,144,252,213,255,187,1,73,222,129,0,0,0,0,0,0,0
87.912086,87.885323,105,252,212,255,192,0,63,163,1,0,0,0,0,0,0,0
88.186813,88.148537,105,252,213,255,189,1,68,214,129,0,0,0,0,0,0,0
88.461540,88.439316,109,252,213,255,191,1,70,163,1,0,0,0,0,0,0,0
88.736267,88.702690,105,252,213,255,192,0,69,163,129,0,0,0,0,0,0,0
88.956047,88.937622,106,252,213,255,193,0,68,164,1,0,0,0,0,0,0,0
89.230766,89.200836,111,252,212,255,191,1,72,196,129,0,0,0,0,0,0,0
89.505493,89.464722,105,252,213,255,189,0,67,163,1,0,0,0,0,0,0,0
89.780220,89.755806,118,252,213,255,192,0,71,163,129,0,0,0,0,0,0,0
90.054947,90.018463,141,252,212,255,188,1,71,222,1,0,0,0,0,0,0,0
90.274727,90.255089,105,252,212,255,191,0,69,165,129,0,0,0,0,0,0,0
90.549454,90.518303,105,252,212,255,192,0,72,163,1,0,0,0,0,0,0,0
90.824173,90.781982,145,252,213,255,187,1,74,223,1,0,0,0,0,0,0,0
91.098900,91.072609,105,252,213,255,193,0,71,162,1,0,0,0,0,0,0,0
91.373627,91.335464,106,252,212,255,193,0,71,164,1,0,0,0,0,0,0,0
91.593407,91.571373,105,252,213,255,190,1,75,216,129,0,0,0,0,0,0,0
91.868134,91.834435,105,252,212,255,192,0,72,163,1,0,0,0,0,0,0,0
92.142860,92.125320,130,252,212,255,192,0,72,163,129,0,0,0,0,0,0,0
92.417580,92.388893,114,252,212,255,192,1,72,163,1,0,0,0,0,0,0,0
92.692307,92.652367,106,252,213,255,192,0,71,163,129,0,0,0,0,0,0,0
92.912086,92.888069,116,252,213,255,191,1,69,186,1,0,0,0,0,0,0,0
93.186813,93.151291,105,252,212,255,189,1,73,163,129,0,0,0,0,0,0,0
93.461540,93.441917,106,252,212,255,193,0,69,163,1,0,0,0,0,0,0,0
93.736267,93.704567,122,252,212,255,192,1,68,196,129,0,0,0,0,0,0,0
94.010986,93.967636,105,252,212,255,187,1,75,222,1,0,0,0,0,0,0,0
94.230766,94.203079,105,253,212,255,192,0,69,163,129,0,0,0,0,0,0,0
94.505493,94.466759,122,252,212,255,192,0,72,163,1,0,0,0,0,0,0,0
94.780220,94.757637,143,252,212,255,187,1,71,219,129,0,0,0,0,0,0,0
95.054947,95.020752,105,252,212,255,192,0,67,163,1,0,0,0,0,0,0,0
95.274727,95.256813,105,252,212,255,192,0,74,163,129,0,0,0,0,0,0,0
95.549454,95.520340,127,252,212,255,191,1,69,179,1,0,0,0,0,0,0,0
95.824173,95.784576,105,252,212,255,192,0,64,163,129,0,0,0,0,0,0,0
96.098900,96.074646,114,252,212,255,192,0,66,184,1,0,0,0,0,0,0,0
96.373627,96.338219,105,252,212,255,186,1,66,220,129,0,0,0,0,0,0,0
96.593407,96.572639,105,252,212,255,193,0,64,163,1,0,0,0,0,0,0,0
96.868134,96.836380,105,252,212,255,186,1,66,224,1,0,0,0,0,0,0,0
97.142860,97.099533,105,252,212,255,192,0,66,163,1,0,0,0,0,0,0,0
97.417580,97.390373,106,252,212,255,193,0,67,163,1,0,0,0,0,0,0,0
97.692307,97.652817,123,253,212,255,192,1,65,194,129,0,0,0,0,0,0,0
97.912086,97.888824,105,252,212,255,189,1,68,163,1,0,0,0,0,0,0,0
98.186813,98.152145,116,252,212,255,192,0,68,163,129,0,0,0,0,0,0,0
98.461540,98.415337,127,252,212,255,190,0,67,179,1,0,0,0,0,0,0,0
98.736267,98.705734,105,252,212,255,191,0,66,163,129,0,0,0,0,0,0,0
99.010986,98.969002,122,252,212,255,192,0,68,196,1,0,0,0,0,0,0,0
99.230766,99.204399,105,252,212,255,192,0,65,163,129,0,0,0,0,0,0,0
99.505493,99.468124,106,252,212,255,192,0,72,163,1,0,0,0,0,0,0,0
99.780220,99.759010,105,252,212,255,191,0,70,163,129,0,0,0,0,0,0,0
100.054947,100.022354,105,252,212,255,192,0,71,163,1,0,0,0,0,0,0,0
100.329674,100.285957,124,253,212,255,192,0,70,198,129,0,0,0,0,0,0,0
100.549454,100.521606,105,252,212,255,192,0,72,163,1,0,0,0,0,0,0,0
100.824173,100.785385,106,252,212,255,193,0,73,163,129,0,0,0,0,0,0,0
101.098900,101.075966,105,252,212,255,191,1,77,212,1,0,0,0,0,0,0,0
101.373627,101.338928,105,252,212,255,191,0,74,163,129,0,0,0,0,0,0,0
101.648354,101.602394,128,252,212,255,192,0,78,202,1,0,0,0,0,0,0,0
101.868134,101.837639,105,252,212,255,192,0,82,163,129,0,0,0,0,0,0,0
102.142860,102.100807,105,252,212,255,192,0,77,163,1,0,0,0,0,0,0,0
102.417580,102.391022,144,252,212,255,192,1,79,168,129,0,0,0,0,0,0,0
102.692307,102.654907,105,252,212,255,192,0,71,163,1,0,0,0,0,0,0,0
102.912086,102.890709,105,252,212,255,192,0,76,163,129,0,0,0,0,0,0,0
103.186813,103.154442,122,252,212,255,191,1,68,196,1,0,0,0,0,0,0,0
103.461540,103.418571,105,252,212,255,192,0,69,163,129,0,0,0,0,0,0,0
103.736267,103.708488,105,252,212,255,192,0,63,163,1,0,0,0,0,0,0,0
104.010986,103.971344,105,252,212,255,190,1,66,162,1,0,0,0,0,0,0,0
104.230766,104.206947,106,252,212,255,192,0,62,163,129,0,0,0,0,0,0,0
104.505493,104.470215,105,252,211,255,187,1,59,223,1,0,0,0,0,0,0,0
104.780220,104.733788,105,252,211,255,192,0,62,162,129,0,0,0,0,0,0,0
105.054947,105.024826,108,252,211,255,192,0,60,173,1,0,0,0,0,0,0,0
105.329674,105.287636,105,252,212,255,189,1,60,211,129,0,0,0,0,0,0,0
105.549454,105.523949,105,252,212,255,191,0,63,163,1,0,0,0,0,0,0,0
105.824173,105.787369,128,252,211,255,193,0,62,163,129,0,0,0,0,0,0,0
106.098900,106.051102,143,252,212,255,187,1,63,215,1,0,0,0,0,0,0,0
106.373627,106.341728,105,252,211,255,191,0,65,163,129,0,0,0,0,0,0,0
106.648354,106.604942,128,252,212,255,193,0,64,163,1,0,0,0,0,0,0,0
106.868134,106.840645,141,252,212,255,188,1,64,207,129,0,0,0,0,0,0,0
107.142860,107.103867,105,252,212,255,192,0,67,163,1,0,0,0,0,0,0,0
107.417580,107.393929,112,252,212,255,191,1,69,178,129,0,0,0,0,0,0,0
107.692307,107.657555,105,252,212,255,189,1,67,219,1,0,0,0,0,0,0,0
107.967033,107.920212,105,252,212,255,192,0,73,163,129,0,0,0,0,0,0,0
108.186813,108.156525,120,253,212,255,192,0,72,192,1,0,0,0,0,0,0,0
108.461540,108.418922,105,252,212,255,188,1,77,213,129,0,0,0,0,0,0,0
108.736267,108.709244,105,252,212,255,192,0,77,163,1,0,0,0,0,0,0,0
109.010986,108.972923,136,253,212,255,190,1,77,216,129,0,0,0,0,0,0,0
109.285713,109.235939,111,252,212,255,192,1,72,163,1,0,0,0,0,0,0,0
109.505493,109.472099,105,252,212,255,192,0,73,163,129,0,0,0,0,0,0,0
109.780220,109.734802,106,252,212,255,192,1,73,165,1,0,0,0,0,0,0,0
110.054947,110.025383,105,252,212,255,191,1,68,163,1,0,0,0,0,0,0,0
110.329674,110.289207,105,252,212,255,192,0,70,163,1,0,0,0,0,0,0,0
110.549454,110.525887,112,252,212,255,192,0,66,180,1,0,0,0,0,0,0,0
110.824173,110.789253,105,252,212,255,188,1,59,222,129,0,0,0,0,0,0,0
111.098900,111.052780,105,252,212,255,192,0,62,163,1,0,0,0,0,0,0,0
111.373627,111.342949,116,252,212,255,193,0,64,163,129,0,0,0,0,0,0,0
111.648354,111.606621,105,252,212,255,188,1,64,222,1,0,0,0,0,0,0,0
111.868134,111.841965,105,252,212,255,192,1,67,163,129,0,0,0,0,0,0,0
112.142860,112.105339,105,252,212,255,192,0,66,163,1,0,0,0,0,0,0,0
112.417580,112.368149,140,252,212,255,191,1,68,220,129,0,0,0,0,0,0,0
112.692307,112.658623,105,252,212,255,191,1,68,163,1,0,0,0,0,0,0,0
112.967033,112.921532,105,252,212,255,192,0,69,163,129,0,0,0,0,0,0,0
113.186813,113.157997,138,252,212,255,190,0,70,163,1,0,0,0,0,0,0,0
113.461540,113.421524,117,253,212,255,191,1,69,165,129,0,0,0,0,0,0,0
113.736267,113.685455,105,252,212,255,191,0,71,163,1,0,0,0,0,0,0,0
114.010986,113.975883,106,252,212,255,192,0,72,163,129,0,0,0,0,0,0,0
114.285713,114.239304,111,252,213,255,191,1,73,163,1,0,0,0,0,0,0,0
114.505493,114.474693,105,252,212,255,192,0,75,162,129,0,0,0,0,0,0,0
114.780220,114.737762,105,252,212,255,191,0,74,222,1,0,0,0,0,0,0,0
115.054947,115.027977,105,252,213,255,191,1,75,201,129,0,0,0,0,0,0,0
115.329674,115.290985,105,252,212,255,192,0,78,163,1,0,0,0,0,0,0,0
115.604393,115.554314,105,252,212,255,191,0,79,163,129,0,0,0,0,0,0,0
115.824173,115.789444,191,253,213,255,191,1,81,206,1,0,0,0,0,0,0,0
116.098900,116.053177,105,252,212,255,189,1,82,203,129,0,0,0,0,0,0,0
116.373627,116.343552,105,252,212,255,192,0,79,163,1,0,0,0,0,0,0,0
116.648354,116.606667,132,252,212,255,193,0,74,210,1,0,0,0,0,0,0,0
116.868134,116.842674,105,252,212,255,189,1,77,191,1,0,0,0,0,0,0,0
117.142860,117.105171,106,252,212,255,192,0,72,163,1,0,0,0,0,0,0,0
117.417580,117.368797,105,252,212,255,188,1,66,223,129,0,0,0,0,0,0,0
117.692307,117.659065,105,252,212,255,192,0,66,162,1,0,0,0,0,0,0,0
117.967033,117.921722,107,252,212,255,192,0,69,163,129,0,0,0,0,0,0,0
118.186813,118.157837,140,252,212,255,189,1,66,220,1,0,0,0,0,0,0,0
118.461540,118.421257,105,252,212,255,191,1,64,163,129,0,0,0,0,0,0,0
118.736267,118.684784,112,253,212,255,191,0,64,163,1,0,0,0,0,0,0,0
119.010986,118.975052,136,252,212,255,191,1,65,216,129,0,0,0,0,0,0,0
119.285713,119.238213,105,252,212,255,189,1,65,191,1,0,0,0,0,0,0,0
119.505493,119.473869,105,252,212,255,193,0,68,163,129,0,0,0,0,0,0,0
119.780220,119.736877,132,252,212,255,193,0,64,164,1,0,0,0,0,0,0,0
120.054947,120.027458,141,252,212,255,189,1,68,207,129,0,0,0,0,0,0,0
120.329674,120.290573,105,252,212,255,192,0,66,163,1,0,0,0,0,0,0,0
120.604393,120.554398,105,252,212,255,193,0,68,163,129,0,0,0,0,0,0,0
120.824173,120.790001,142,252,212,255,191,1,66,211,1,0,0,0,0,0,0,0
121.098900,121.053474,105,252,212,255,192,0,70,162,129,0,0,0,0,0,0,0
121.373627,121.344261,106,252,212,255,192,0,69,163,1,0,0,0,0,0,0,0
121.648354,121.608292,135,252,212,255,192,0,74,180,129,0,0,0,0,0,0,0
121.923080,121.871765,105,252,212,255,192,0,74,163,1,0,0,0,0,0,0,0
122.142860,122.107773,105,252,212,255,192,0,77,163,129,0,0,0,0,0,0,0
122.417580,122.369560,122,253,212,255,192,0,79,196,1,0,0,0,0,0,0,0
122.692307,122.660744,105,252,212,255,190,1,72,163,129,0,0,0,0,0,0,0
122.967033,122.922989,106,252,212,255,192,0,75,163,1,0,0,0,0,0,0,0
123.186813,123.158745,136,252,212,255,191,1,74,216,1,0,0,0,0,0,0,0
123.461540,123.422676,105,252,212,255,191,1,72,163,1,0,0,0,0,0,0,0
123.736267,123.686104,105,252,212,255,192,0,72,163,1,0,0,0,0,0,0,0
124.010986,123.976624,144,252,212,255,191,0,66,165,129,0,0,0,0,0,0,0
124.285713,124.240150,105,252,212,255,191,0,69,163,1,0,0,0,0,0,0,0
124.505493,124.475746,105,252,212,255,192,0,64,163,129,0,0,0,0,0,0,0
124.780220,124.738983,108,252,212,255,191,0,59,172,1,0,0,0,0,0,0,0
125.054947,125.002083,105,252,212,255,187,1,61,162,129,0,0,0,0,0,0,0
125.329674,125.292709,107,252,212,255,192,0,62,163,1,0,0,0,0,0,0,0
125.604393,125.555618,141,252,212,255,192,1,59,207,129,0,0,0,0,0,0,0
125.824173,125.791573,105,252,212,255,192,0,61,163,1,0,0,0,0,0,0,0
126.098900,126.054688,118,252,212,255,191,1,63,188,129,0,0,0,0,0,0,0
126.373627,126.318825,105,252,212,255,192,0,64,163,1,0,0,0,0,0,0,0
126.648354,126.609459,105,252,212,255,192,0,65,163,129,0,0,0,0,0,0,0
126.923080,126.872368,105,252,212,255,191,1,64,163,1,0,0,0,0,0,0,0
127.142860,127.107353,105,252,212,255,192,0,67,163,129,0,0,0,0,0,0,0
127.417580,127.370621,117,253,212,255,192,0,69,188,1,0,0,0,0,0,0,0
127.692307,127.660995,105,252,212,255,187,1,70,221,129,0,0,0,0,0,0,0
127.967033,127.924034,105,252,212,255,192,0,68,163,1,0,0,0,0,0,0,0
128.241760,128.187531,105,252,212,255,191,1,72,204,129,0,0,0,0,0,0,0
128.461533,128.423889,105,252,212,255,189,1,72,191,1,0,0,0,0,0,0,0
128.736267,128.687271,105,252,212,255,192,0,72,163,129,0,0,0,0,0,0,0
129.010986,128.977798,105,252,212,255,189,1,77,220,129,0,0,0,0,0,0,0
129.285721,129.241058,107,252,213,255,191,1,78,162,129,0,0,0,0,0,0,0
129.560440,129.504028,105,252,212,255,192,0,73,162,1,0,0,0,0,0,0,0
129.780212,129.739777,106,252,212,255,192,0,79,165,1,0,0,0,0,0,0,0
130.054947,130.002380,105,252,212,255,191,1,78,208,129,0,0,0,0,0,0,0
130.329666,130.292648,105,252,213,255,191,0,80,163,1,0,0,0,0,0,0,0
130.604401,130.555862,107,252,212,255,191,0,83,163,129,0,0,0,0,0,0,0
130.824173,130.791763,136,252,212,255,190,1,84,216,1,0,0,0,0,0,0,0
131.098907,131.055420,105,252,212,255,191,1,79,163,129,0,0,0,0,0,0,0
131.373627,131.319016,112,252,212,255,192,0,78,163,1,0,0,0,0,0,0,0
131.648346,131.610062,143,252,212,255,191,1,75,219,129,0,0,0,0,0,0,0
131.923080,131.873535,105,252,212,255,192,0,70,162,1,0,0,0,0,0,0,0
132.142853,132.109024,106,252,212,255,191,0,68,168,129,0,0,0,0,0,0,0
132.417587,132.371475,105,252,212,255,187,1,63,217,1,0,0,0,0,0,0,0
132.692307,132.635010,105,252,212,255,192,0,59,163,129,0,0,0,0,0,0,0
132.967026,132.925278,133,252,212,255,191,1,64,212,1,0,0,0,0,0,0,0
133.241760,133.188950,139,252,212,255,189,1,65,203,129,0,0,0,0,0,0,0
133.461533,133.423935,105,252,212,255,192,0,64,163,1,0,0,0,0,0,0,0
133.736267,133.687149,140,252,212,255,191,0,66,163,129,0,0,0,0,0,0,0
134.010986,133.977737,127,252,212,255,190,1,67,175,1,0,0,0,0,0,0,0
134.285721,134.241455,105,252,212,255,191,0,64,162,129,0,0,0,0,0,0,0
134.560440,134.505035,105,252,212,255,192,1,64,163,1,0,0,0,0,0,0,0
134.780212,134.740692,135,252,212,255,192,1,65,184,129,0,0,0,0,0,0,0
135.054947,135.003754,105,252,212,255,192,0,63,163,1,0,0,0,0,0,0,0
135.329666,135.294327,105,252,212,255,192,0,66,163,129,0,0,0,0,0,0,0
135.604401,135.556213,127,252,212,255,192,0,66,188,1,0,0,0,0,0,0,0
135.879120,135.820129,105,252,212,255,187,0,64,162,129,0,0,0,0,0,0,0
136.098907,136.055588,106,252,212,255,193,0,65,163,1,0,0,0,0,0,0,0
136.373627,136.319168,122,252,212,255,191,1,65,196,1,0,0,0,0,0,0,0
136.648346,136.609848,105,252,212,255,187,2,66,219,129,0,0,0,0,0,0,0
136.923080,136.872910,105,252,212,255,192,0,68,163,1,0,0,0,0,0,0,0
137.142853,137.108246,128,252,212,255,193,0,68,204,129,0,0,0,0,0,0,0
137.417587,137.371933,139,252,212,255,189,1,69,203,1,0,0,0,0,0,0,0
137.692307,137.634933,105,252,212,255,192,0,68,163,129,0,0,0,0,0,0,0
137.967026,137.925522,136,252,212,255,191,0,69,163,1,0,0,0,0,0,0,0
138.241760,138.188431,115,252,212,255,192,0,67,163,129,0,0,0,0,0,0,0
138.461533,138.423874,105,252,212,255,192,0,67,162,1,0,0,0,0,0,0,0
138.736267,138.687347,105,252,212,255,191,1,68,163,129,0,0,0,0,0,0,0
139.010986,138.951340,105,252,212,255,191,1,71,208,1,0,0,0,0,0,0,0
139.285721,139.241959,105,252,212,255,192,0,68,163,129,0,0,0,0,0,0,0
139.560440,139.505692,107,252,212,255,192,0,67,171,1,0,0,0,0,0,0,0
139.780212,139.741180,105,252,212,255,190,1,74,220,129,0,0,0,0,0,0,0
140.054947,140.004608,105,252,212,255,191,0,70,163,1,0,0,0,0,0,0,0
140.329666,140.268585,113,252,212,255,192,0,71,163,129,0,0,0,0,0,0,0
140.604401,140.558548,105,252,212,255,192,0,70,162,1,0,0,0,0,0,0,0
140.879120,140.821671,105,252,212,255,192,0,73,163,129,0,0,0,0,0,0,0
141.098907,141.057312,105,252,212,255,192,0,72,163,1,0,0,0,0,0,0,0
141.373627,141.320892,143,252,213,255,191,0,74,217,129,0,0,0,0,0,0,0
141.648346,141.611679,105,252,212,255,192,0,73,162,1,0,0,0,0,0,0,0
141.923080,141.874741,105,252,213,255,192,0,71,163,129,0,0,0,0,0,0,0
142.197800,142.137802,139,252,213,255,192,1,75,178,1,0,0,0,0,0,0,0
142.417587,142.373703,105,252,212,255,192,0,69,162,1,0,0,0,0,0,0,0
142.692307,142.636871,105,252,212,255,191,1,73,163,1,0,0,0,0,0,0,0
142.967026,142.927597,114,252,212,255,192,0,74,182,1,0,0,0,0,0,0,0
143.241760,143.190720,105,252,212,255,188,1,71,224,129,0,0,0,0,0,0,0
143.516479,143.454483,105,252,213,255,192,0,74,163,1,0,0,0,0,0,0,0
143.736267,143.689682,116,252,212,255,192,0,72,186,129,0,0,0,0,0,0,0
144.010986,143.953522,105,252,212,255,188,1,76,223,1,0,0,0,0,0,0,0
144.285721,144.243835,105,253,212,255,191,0,72,163,129,0,0,0,0,0,0,0
144.560440,144.507462,114,253,212,255,192,0,75,163,1,0,0,0,0,0,0,0
144.780212,144.743225,143,252,212,255,187,1,75,215,129,0,0,0,0,0,0,0
145.054947,145.006592,105,252,212,255,191,0,74,162,1,0,0,0,0,0,0,0
145.329666,145.270172,105,252,212,255,190,0,72,163,129,0,0,0,0,0,0,0
145.604401,145.560852,105,252,212,255,188,1,71,162,1,0,0,0,0,0,0,0
145.879120,145.823761,105,252,212,255,191,0,69,163,129,0,0,0,0,0,0,0
146.098907,146.059250,112,252,212,255,192,0,70,178,1,0,0,0,0,0,0,0
146.373627,146.324722,105,252,212,255,190,1,72,218,129,0,0,0,0,0,0,0
146.648346,146.587173,105,252,212,255,192,0,68,162,1,0,0,0,0,0,0,0
146.923080,146.878311,109,252,212,255,192,0,68,163,129,0,0,0,0,0,0,0
147.197800,147.140961,136,252,212,255,190,1,73,214,1,0,0,0,0,0,0,0
147.417587,147.377182,105,252,212,255,189,0,67,183,129,0,0,0,0,0,0,0
147.692307,147.640091,105,252,212,255,193,0,71,163,1,0,0,0,0,0,0,0
147.967026,147.903305,133,252,212,255,191,0,68,212,129,0,0,0,0,0,0,0
148.241760,148.193619,127,252,212,255,190,0,67,183,1,0,0,0,0,0,0,0
148.516479,148.455612,105,252,211,255,192,0,65,163,129,0,0,0,0,0,0,0
148.736267,148.691208,136,252,212,255,191,0,67,163,1,0,0,0,0,0,0,0
149.010986,148.954117,119,252,212,255,191,1,66,167,1,0,0,0,0,0,0,0
149.285721,149.245316,105,252,212,255,191,0,65,162,1,0,0,0,0,0,0,0
149.560440,149.508896,105,252,212,255,192,0,65,163,1,0,0,0,0,0,0,0
149.835159,149.772873,107,252,212,255,192,1,67,162,129,0,0,0,0,0,0,0
150.054947,150.008942,105,252,211,255,192,0,66,162,1,0,0,0,0,0,0,0
150.329666,150.271790,106,252,212,255,192,0,65,165,129,0,0,0,0,0,0,0
150.604401,150.562531,105,252,212,255,190,0,66,210,1,0,0,0,0,0,0,0
150.879120,150.825180,105,252,211,255,191,0,67,163,129,0,0,0,0,0,0,0
151.153839,151.088913,108,252,212,255,192,0,66,163,1,0,0,0,0,0,0,0
151.373627,151.324402,140,252,211,255,190,1,68,221,129,0,0,0,0,0,0,0
151.648346,151.587357,105,252,212,255,192,0,65,162,1,0,0,0,0,0,0,0
151.923080,151.878036,105,252,212,255,192,0,69,163,129,0,0,0,0,0,0,0
152.197800,152.141205,143,252,212,255,191,0,69,217,1,0,0,0,0,0,0,0
152.417587,152.376556,105,252,212,255,192,0,69,162,129,0,0,0,0,0,0,0
152.692307,152.640030,105,252,212,255,192,0,70,163,1,0,0,0,0,0,0,0
152.967026,152.903198,119,252,212,255,191,1,65,192,129,0,0,0,0,0,0,0
153.241760,153.193405,105,252,212,255,192,0,67,162,1,0,0,0,0,0,0,0
153.516479,153.456528,105,252,212,255,192,0,74,163,129,0,0,0,0,0,0,0
153.736267,153.692123,129,252,212,255,190,0,75,208,1,0,0,0,0,0,0,0
154.010986,153.955444,105,252,212,255,190,0,76,163,129,0,0,0,0,0,0,0
154.285721,154.245758,105,252,212,255,192,0,74,163,1,0,0,0,0,0,0,0
154.560440,154.508438,105,252,212,255,188,1,71,222,129,0,0,0,0,0,0,0
154.835159,154.772202,105,252,212,255,192,0,76,163,1,0,0,0,0,0,0,0
155.054947,155.007584,105,252,212,255,192,0,74,163,129,0,0,0,0,0,0,0
155.329666,155.270508,105,252,212,255,189,1,72,207,129,0,0,0,0,0,0,0
155.604401,155.561279,105,252,212,255,191,0,73,162,1,0,0,0,0,0,0,0
155.879120,155.823776,105,252,212,255,192,0,64,214,129,0,0,0,0,0,0,0
156.098907,156.059494,120,252,212,255,191,0,64,192,1,0,0,0,0,0,0,0
156.373627,156.323013,105,252,212,255,187,2,64,163,129,0,0,0,0,0,0,0
156.648346,156.586182,105,252,212,255,192,0,64,163,1,0,0,0,0,0,0,0
156.923080,156.876801,128,252,212,255,192,1,66,203,129,0,0,0,0,0,0,0
157.197800,157.140793,105,252,212,255,189,1,64,211,1,0,0,0,0,0,0,0
157.417587,157.376755,105,252,212,255,192,0,66,163,129,0,0,0,0,0,0,0
157.692307,157.640167,105,252,212,255,191,0,67,208,1,0,0,0,0,0,0,0
157.967026,157.903748,135,252,212,255,189,1,69,191,129,0,0,0,0,0,0,0
158.241760,158.194061,105,252,212,255,192,0,67,163,1,0,0,0,0,0,0,0
158.516479,158.457581,105,252,212,255,192,0,70,163,129,0,0,0,0,0,0,0
158.736267,158.693344,119,252,212,255,191,1,69,167,1,0,0,0,0,0,0,0
159.010986,158.956192,105,252,212,255,192,0,70,162,129,0,0,0,0,0,0,0
159.285721,159.219772,105,252,212,255,191,0,68,164,1,0,0,0,0,0,0,0
159.560440,159.509949,105,252,212,255,191,1,73,208,129,0,0,0,0,0,0,0
159.835159,159.773666,105,252,212,255,192,0,72,162,1,0,0,0,0,0,0,0
160.054947,160.011475,110,252,212,255,192,0,73,163,129,0,0,0,0,0,0,0
160.329666,160.274643,105,252,212,255,189,1,72,222,1,0,0,0,0,0,0,0
160.604401,160.541840,105,252,212,255,192,0,76,162,134,0,0,0,0,0,0,0
160.879120,160.833649,105,252,212,255,193,0,78,163,0,0,0,0,0,0,0,0
161.153839,161.098038,127,253,212,255,191,1,76,183,134,0,0,0,0,0,0,0
161.428574,161.362244,105,252,212,255,192,0,78,162,0,0,0,0,0,0,0,0
161.648346,161.599060,105,252,212,255,192,0,74,164,128,0,0,0,0,0,0,0
161.923080,161.861404,105,252,212,255,152,0,75,204,0,0,0,0,0,0,0,0
162.197800,162.151627,105,252,212,255,57,0,94,163,0,0,0,0,0,0,0,0
162.472534,162.414993,111,252,212,255,51,0,91,163,128,0,0,0,0,0,0,0
162.747253,162.678925,142,252,212,255,45,1,86,221,0,0,0,0,0,0,0,0
162.967026,162.915100,105,252,211,255,48,0,82,199,128,0,0,0,0,0,0,0
163.241760,163.178467,105,252,212,255,51,0,77,163,0,0,0,0,0,0,0,0
163.516479,163.469086,120,252,211,255,50,1,74,192,128,0,0,0,0,0,0,0
163.791214,163.732407,133,252,211,255,49,1,69,212,0,0,0,0,0,0,0,0
164.010986,163.968582,106,252,211,255,48,1,67,163,128,0,0,0,0,0,0,0
164.285721,164.231384,106,252,211,255,51,0,62,163,0,0,0,0,0,0,0,0
164.560440,164.494186,108,252,211,255,50,1,65,172,128,0,0,0,0,0,0,0
164.835159,164.784668,105,252,211,255,49,0,61,208,0,0,0,0,0,0,0,0
165.109894,165.047424,105,252,211,255,50,0,65,163,128,0,0,0,0,0,0,0
165.329666,165.283386,137,252,211,255,50,0,66,164,0,0,0,0,0,0,0,0
165.604401,165.546127,114,252,210,255,48,1,64,191,128,0,0,0,0,0,0,0
165.879120,165.809814,105,252,210,255,47,1,64,163,0,0,0,0,0,0,0,0
166.153839,166.099823,106,252,210,255,51,0,62,163,128,0,0,0,0,0,0,0
166.428574,166.363449,120,253,210,255,51,1,61,192,0,0,0,0,0,0,0,0
166.648346,166.598846,105,252,210,255,46,1,61,222,128,0,0,0,0,0,0,0
166.923080,166.861801,106,252,210,255,51,1,60,163,0,0,0,0,0,0,0,0
167.197800,167.151199,108,252,210,255,50,0,59,164,0,0,0,0,0,0,0,0
167.472534,167.415771,118,252,210,255,49,1,59,189,0,0,0,0,0,0,0,0
167.747253,167.678925,105,252,210,255,45,1,57,163,128,0,0,0,0,0,0,0
167.967026,167.914307,106,252,210,255,50,0,56,163,0,0,0,0,0,0,0,0
168.241760,168.177689,132,252,210,255,50,1,59,210,0,0,0,0,0,0,0,0
168.516479,168.468369,105,252,210,255,47,1,56,207,0,0,0,0,0,0,0,0
168.791214,168.731674,105,252,210,255,50,0,59,163,0,0,0,0,0,0,0,0
169.065933,168.994812,116,252,210,255,50,0,63,164,128,0,0,0,0,0,0,0
169.285721,169.230499,136,252,210,255,49,0,64,216,0,0,0,0,0,0,0,0
169.560440,169.493622,105,252,210,255,47,1,62,163,128,0,0,0,0,0,0,0
169.835159,169.784088,106,252,210,255,50,1,66,164,0,0,0,0,0,0,0,0
170.109894,170.047409,115,252,210,255,51,0,65,184,128,0,0,0,0,0,0,0
170.329666,170.283112,106,252,210,255,49,1,69,206,0,0,0,0,0,0,0,0
170.604401,170.547104,105,252,210,255,44,0,68,163,128,0,0,0,0,0,0,0
170.879120,170.810669,106,252,210,255,50,0,69,163,0,0,0,0,0,0,0,0
171.153839,171.101501,114,252,210,255,49,1,70,182,128,0,0,0,0,0,0,0
171.428574,171.364563,106,252,210,255,48,1,66,212,0,0,0,0,0,0,0,0
171.648346,171.600067,105,252,210,255,50,1,64,163,128,0,0,0,0,0,0,0
171.923080,171.863541,106,252,210,255,49,0,64,218,0,0,0,0,0,0,0,0
172.197800,172.126648,144,252,211,255,49,1,63,172,128,0,0,0,0,0,0,0
172.472534,172.417130,109,252,211,255,48,0,66,163,0,0,0,0,0,0,0,0
172.747253,172.680496,106,252,210,255,50,0,63,163,128,0,0,0,0,0,0,0
172.967026,172.915649,106,252,210,255,49,1,62,164,0,0,0,0,0,0,0,0
173.241760,173.179062,145,252,210,255,48,1,66,169,128,0,0,0,0,0,0,0
173.516479,173.468811,106,252,210,255,48,0,63,163,0,0,0,0,0,0,0,0
173.791214,173.733261,106,252,210,255,48,0,63,164,128,0,0,0,0,0,0,0
174.065933,173.996017,106,252,210,255,48,0,63,164,0,0,0,0,0,0,0,0
174.285721,174.231155,144,252,211,255,47,1,64,215,128,0,0,0,0,0,0,0
174.560440,174.493698,106,252,210,255,48,0,61,163,0,0,0,0,0,0,0,0
174.835159,174.785095,106,252,210,255,45,1,64,214,0,0,0,0,0,0,0,0
175.109894,175.048065,127,252,211,255,46,1,67,192,0,0,0,0,0,0,0,0
175.384613,175.311600,105,252,211,255,46,0,67,163,0,0,0,0,0,0,0,0
175.604401,175.547592,106,253,211,255,46,1,68,163,128,0,0,0,0,0,0,0
175.879120,175.811172,107,252,211,255,40,1,69,226,0,0,0,0,0,0,0,0
176.153839,176.101959,105,252,211,255,44,0,68,163,128,0,0,0,0,0,0,0
176.428574,176.364914,106,252,211,255,45,0,69,163,0,0,0,0,0,0,0,0
176.648346,176.600876,106,252,211,255,45,1,66,165,128,0,0,0,0,0,0,0
176.923080,176.863785,111,252,211,255,45,0,64,201,0,0,0,0,0,0,0,0
177.197800,177.126740,106,252,211,255,45,0,67,163,128,0,0,0,0,0,0,0
177.472534,177.417068,110,252,211,255,45,0,66,164,0,0,0,0,0,0,0,0
177.747253,177.679977,141,252,211,255,42,1,66,224,128,0,0,0,0,0,0,0
177.967026,177.915878,106,252,211,255,45,1,64,163,0,0,0,0,0,0,0,0
178.241760,178.179245,106,252,211,255,45,0,61,164,128,0,0,0,0,0,0,0
178.516479,178.443176,142,252,211,255,45,0,63,207,0,0,0,0,0,0,0,0
178.791214,178.734024,106,252,211,255,46,0,58,164,128,0,0,0,0,0,0,0
179.065933,178.997131,107,252,211,255,45,1,59,168,0,0,0,0,0,0,0,0
179.285721,179.232376,105,252,211,255,43,1,65,224,128,0,0,0,0,0,0,0
179.560440,179.495850,106,252,211,255,45,0,64,163,0,0,0,0,0,0,0,0
179.835159,179.786423,128,252,212,255,46,0,61,164,128,0,0,0,0,0,0,0
180.109894,180.050156,141,252,212,255,42,1,67,199,0,0,0,0,0,0,0,0
180.384613,180.313110,106,252,211,255,45,0,64,164,128,0,0,0,0,0,0,0
180.604401,180.547836,106,252,212,255,44,0,63,212,128,0,0,0,0,0,0,0
180.879120,180.811417,147,252,212,255,45,1,58,223,128,0,0,0,0,0,0,0
181.153839,181.102203,106,252,212,255,44,0,64,163,0,0,0,0,0,0,0,0
181.428574,181.365753,106,252,212,255,44,0,68,164,0,0,0,0,0,0,0,0
181.703293,181.629501,127,252,212,255,44,1,71,196,0,0,0,0,0,0,0,0
181.923080,181.865097,105,252,212,255,45,0,70,163,0,0,0,0,0,0,0,0
182.197800,182.127853,106,252,212,255,45,0,72,226,128,0,0,0,0,0,0,0
182.472534,182.418900,106,252,212,255,45,0,75,164,0,0,0,0,0,0,0,0
182.747253,182.681396,106,253,213,255,45,0,75,164,128,0,0,0,0,0,0,0
182.967026,182.917450,106,252,213,255,45,0,66,163,0,0,0,0,0,0,0,0
183.241760,183.180527,106,252,213,255,45,0,68,164,128,0,0,0,0,0,0,0
183.516479,183.444855,106,252,213,255,40,1,78,219,0,0,0,0,0,0,0,0
183.791214,183.734833,127,252,213,255,43,1,76,179,128,0,0,0,0,0,0,0
184.065933,183.998199,106,252,213,255,44,0,79,210,0,0,0,0,0,0,0,0
184.285721,184.233643,138,252,213,255,43,1,72,218,128,0,0,0,0,0,0,0
184.560440,184.496658,149,252,213,255,43,0,71,230,0,0,0,0,0,0,0,0
184.835159,184.760635,106,252,213,255,42,1,72,183,128,0,0,0,0,0,0,0
185.109894,185.051529,136,252,213,255,45,0,67,217,0,0,0,0,0,0,0,0
185.384613,185.314270,106,252,213,255,34,2,75,164,128,0,0,0,0,0,0,0
185.604401,185.549881,106,252,213,255,35,1,70,164,0,0,0,0,0,0,0,0
185.879120,185.813599,106,252,214,255,30,1,76,194,128,0,0,0,0,0,0,0
186.153839,186.077545,119,252,213,255,32,1,68,179,0,0,0,0,0,0,0,0
186.428574,186.368683,123,252,214,255,36,1,72,183,128,0,0,0,0,0,0,0
186.703293,186.631760,106,252,214,255,35,1,69,165,0,0,0,0,0,0,0,0
186.923080,186.866516,106,252,213,255,33,1,73,164,128,0,0,0,0,0,0,0
187.197800,187.129578,109,252,213,255,34,1,72,165,0,0,0,0,0,0,0,0
187.472534,187.420013,106,252,214,255,34,1,70,164,128,0,0,0,0,0,0,0
187.747253,187.683136,106,252,213,255,32,1,73,164,0,0,0,0,0,0,0,0
188.021973,187.946945,106,252,214,255,35,1,72,164,0,0,0,0,0,0,0,0
188.241760,188.182144,106,252,213,255,32,1,71,166,128,0,0,0,0,0,0,0
188.516479,188.445724,106,253,213,255,36,1,73,164,0,0,0,0,0,0,0,0
188.791214,188.736603,106,252,213,255,30,2,74,164,128,0,0,0,0,0,0,0
189.065933,188.999710,106,252,214,255,34,1,72,170,0,0,0,0,0,0,0,0
189.340652,189.263809,106,252,214,255,30,1,71,165,128,0,0,0,0,0,0,0
189.560440,189.499100,106,252,213,255,25,2,68,188,0,0,0,0,0,0,0,0
189.835159,189.762360,125,253,213,255,28,1,69,194,128,0,0,0,0,0,0,0
190.109894,190.053253,125,252,214,255,35,0,65,164,0,0,0,0,0,0,0,0
190.384613,190.316010,106,252,213,255,34,1,68,164,128,0,0,0,0,0,0,0
190.604401,190.551666,106,252,214,255,31,1,70,164,0,0,0,0,0,0,0,0
190.879120,190.815796,113,252,213,255,31,0,74,169,128,0,0,0,0,0,0,0
191.153839,191.079056,111,252,214,255,31,1,72,168,0,0,0,0,0,0,0,0
191.428574,191.370056,112,252,213,255,31,1,77,165,128,0,0,0,0,0,0,0
191.703293,191.633362,106,252,213,255,31,1,75,165,0,0,0,0,0,0,0,0
191.923080,191.869629,106,252,214,255,31,1,73,167,128,0,0,0,0,0,0,0
192.197800,192.133362,110,252,213,255,33,1,77,167,0,0,0,0,0,0,0,0
192.472534,192.396942,111,252,213,255,33,1,74,165,128,0,0,0,0,0,0,0
192.747253,192.687027,106,252,213,255,32,1,77,165,0,0,0,0,0,0,0,0
193.021973,192.950119,106,252,213,255,33,0,77,165,128,0,0,0,0,0,0,0
193.241760,193.185669,113,252,213,255,32,0,78,169,0,0,0,0,0,0,0,0
193.516479,193.448013,115,252,213,255,33,2,78,173,128,0,0,0,0,0,0,0
193.791214,193.711899,117,252,213,255,35,1,83,165,0,0,0,0,0,0,0,0
194.065933,194.002365,106,252,213,255,35,1,77,164,128,0,0,0,0,0,0,0
194.340652,194.265533,106,252,213,255,31,2,83,191,0,0,0,0,0,0,0,0
194.560440,194.500977,124,252,213,255,30,1,80,195,0,0,0,0,0,0,0,0
194.835159,194.764496,117,252,213,255,35,1,80,164,128,0,0,0,0,0,0,0
195.109894,195.054565,106,252,213,255,35,1,79,164,0,0,0,0,0,0,0,0
195.384613,195.318146,106,252,213,255,29,2,75,164,128,0,0,0,0,0,0,0
195.659348,195.580902,107,252,212,255,35,1,78,164,0,0,0,0,0,0,0,0
195.879120,195.817169,106,252,212,255,30,1,78,164,128,0,0,0,0,0,0,0
196.153839,196.080078,106,252,212,255,28,2,77,186,0,0,0,0,0,0,0,0
196.428574,196.370911,106,252,212,255,32,1,80,165,128,0,0,0,0,0,0,0
196.703293,196.634079,106,252,211,255,32,1,72,182,0,0,0,0,0,0,0,0
196.978027,196.897446,122,252,211,255,29,2,74,194,128,0,0,0,0,0,0,0
197.197800,197.134018,107,252,211,255,34,2,74,168,0,0,0,0,0,0,0,0
197.472534,197.396774,122,252,211,255,32,1,73,182,128,0,0,0,0,0,0,0
197.747253,197.686783,122,252,211,255,35,3,72,194,0,0,0,0,0,0,0,0
198.021973,197.949844,107,252,211,255,33,1,74,167,128,0,0,0,0,0,0,0
198.241760,198.185349,124,252,210,255,31,3,76,185,0,0,0,0,0,0,0,0
198.516479,198.449188,112,252,210,255,30,2,76,184,128,0,0,0,0,0,0,0
198.791214,198.712494,110,252,210,255,34,1,76,167,0,0,0,0,0,0,0,0
199.065933,199.003128,116,252,210,255,35,1,75,174,128,0,0,0,0,0,0,0
199.340652,199.266083,106,252,209,255,35,1,77,164,0,0,0,0,0,0,0,0
199.560440,199.501633,109,252,209,255,31,1,81,165,128,0,0,0,0,0,0,0
199.835159,199.764999,125,252,209,255,35,1,78,165,0,0,0,0,0,0,0,0
200.109894,200.027573,106,252,208,255,35,2,78,164,128,0,0,0,0,0,0,0
200.384613,200.318436,107,252,209,255,32,2,80,166,0,0,0,0,0,0,0,0
200.659348,200.581253,106,252,208,255,35,1,78,165,0,0,0,0,0,0,0,0
200.879120,200.816742,106,252,208,255,30,2,76,184,128,0,0,0,0,0,0,0
201.153839,201.080170,120,253,207,255,29,2,77,192,0,0,0,0,0,0,0,0
201.428574,201.371002,126,252,207,255,35,0,68,194,128,0,0,0,0,0,0,0
201.703293,201.634598,123,252,207,255,36,1,72,164,0,0,0,0,0,0,0,0
201.978027,201.897949,106,252,207,255,33,1,79,164,128,0,0,0,0,0,0,0
202.197800,202.133850,114,253,206,255,33,1,80,165,0,0,0,0,0,0,0,0
202.472534,202.396912,109,252,206,255,34,2,75,165,128,0,0,0,0,0,0,0
202.747253,202.687241,108,252,206,255,32,1,70,165,0,0,0,0,0,0,0,0
203.021973,202.950348,107,252,206,255,31,2,78,169,128,0,0,0,0,0,0,0
203.296707,203.213837,108,252,206,255,34,2,72,176,0,0,0,0,0,0,0,0
203.516479,203.448807,106,252,205,255,35,2,80,164,128,0,0,0,0,0,0,0
203.791214,203.712387,109,252,205,255,32,2,79,166,0,0,0,0,0,0,0,0
204.065933,204.002655,109,252,205,255,32,1,72,165,128,0,0,0,0,0,0,0
204.340652,204.266327,107,252,204,255,32,1,71,165,0,0,0,0,0,0,0,0
204.560440,204.502090,106,252,204,255,32,2,82,179,128,0,0,0,0,0,0,0
204.835159,204.765152,124,253,204,255,29,3,74,195,0,0,0,0,0,0,0,0
205.109894,205.028625,122,252,204,255,36,1,76,164,128,0,0,0,0,0,0,0
205.384613,205.318939,106,252,204,255,36,1,74,164,0,0,0,0,0,0,0,0
205.659348,205.582108,106,252,203,255,29,2,68,164,128,0,0,0,0,0,0,0
205.879120,205.816727,106,252,203,255,31,2,72,180,0,0,0,0,0,0,0,0
206.153839,206.079697,108,252,203,255,31,2,71,178,128,0,0,0,0,0,0,0
206.428574,206.346542,107,252,203,255,33,2,67,165,0,0,0,0,0,0,0,0
206.703293,206.636658,110,252,202,255,33,1,79,167,128,0,0,0,0,0,0,0
206.978027,206.900085,113,253,202,255,31,2,75,165,0,0,0,0,0,0,0,0
207.197800,207.135941,106,252,201,255,33,2,74,165,0,0,0,0,0,0,0,0
207.472534,207.399414,106,252,201,255,31,1,83,175,128,0,0,0,0,0,0,0
207.747253,207.662704,122,252,201,255,31,2,73,182,0,0,0,0,0,0,0,0
208.021973,207.953156,120,252,200,255,35,1,75,192,128,0,0,0,0,0,0,0
208.296707,208.216171,107,252,200,255,33,2,77,170,0,0,0,0,0,0,0,0
208.516479,208.451767,122,252,200,255,36,3,82,193,128,0,0,0,0,0,0,0
208.791214,208.715027,107,252,199,255,31,2,90,170,0,0,0,0,0,0,0,0
209.065933,209.005768,117,253,199,255,32,2,87,174,128,0,0,0,0,0,0,0
209.340652,209.269440,122,252,198,255,35,1,87,165,0,0,0,0,0,0,0,0
209.615387,209.532867,106,252,198,255,35,1,80,165,128,0,0,0,0,0,0,0
209.835159,209.768723,106,252,197,255,29,2,76,164,0,0,0,0,0,0,0,0
210.109894,210.031723,122,252,197,255,28,3,75,194,128,0,0,0,0,0,0,0
210.384613,210.322250,114,252,197,255,34,2,74,186,0,0,0,0,0,0,0,0
210.659348,210.585220,107,252,196,255,33,1,68,164,128,0,0,0,0,0,0,0
210.934067,210.848801,109,252,197,255,32,2,76,166,0,0,0,0,0,0,0,0
211.153839,211.083939,113,252,196,255,34,2,72,165,128,0,0,0,0,0,0,0
211.428574,211.347244,106,252,196,255,35,1,71,165,0,0,0,0,0,0,0,0
211.703293,211.637421,106,252,195,255,30,3,77,165,128,0,0,0,0,0,0,0
211.978027,211.900986,124,252,195,255,28,3,68,195,0,0,0,0,0,0,0,0
212.197800,212.137100,117,253,195,255,35,1,84,189,128,0,0,0,0,0,0,0
212.472534,212.400116,107,252,194,255,33,1,72,164,0,0,0,0,0,0,0,0
212.747253,212.662872,110,252,194,255,33,1,85,167,128,0,0,0,0,0,0,0
213.021973,212.953354,117,253,194,255,33,1,72,165,0,0,0,0,0,0,0,0
213.296707,213.216354,106,252,193,255,35,1,74,165,128,0,0,0,0,0,0,0
213.516479,213.452469,106,252,193,255,30,3,75,192,128,0,0,0,0,0,0,0
213.791214,213.715118,107,252,193,255,32,2,71,172,0,0,0,0,0,0,0,0
214.065933,213.979111,106,252,192,255,32,1,71,165,128,0,0,0,0,0,0,0
214.340652,214.270355,106,252,192,255,28,2,69,187,0,0,0,0,0,0,0,0
214.615387,214.533463,121,252,191,255,35,2,71,193,128,0,0,0,0,0,0,0
214.835159,214.769058,107,252,191,255,33,2,71,164,0,0,0,0,0,0,0,0
215.109894,215.032181,119,252,191,255,30,2,76,178,128,0,0,0,0,0,0,0
215.384613,215.323120,126,252,191,255,35,1,79,164,0,0,0,0,0,0,0,0
215.659348,215.586639,106,252,190,255,35,2,84,165,128,0,0,0,0,0,0,0
215.934067,215.849609,113,252,191,255,33,1,88,170,0,0,0,0,0,0,0,0
216.153839,216.085297,106,253,190,255,35,1,79,164,128,0,0,0,0,0,0,0
216.428574,216.348160,106,252,189,255,30,1,89,164,0,0,0,0,0,0,0,0
216.703293,216.638687,114,253,189,255,31,1,84,165,128,0,0,0,0,0,0,0
216.978027,216.902115,106,252,188,255,35,1,85,164,0,0,0,0,0,0,0,0
217.252747,217.165741,106,252,188,255,31,1,87,172,128,0,0,0,0,0,0,0
217.472534,217.401428,106,252,188,255,32,1,82,165,0,0,0,0,0,0,0,0
217.747253,217.664703,106,252,187,255,26,2,79,194,128,0,0,0,0,0,0,0
218.021973,217.955383,107,252,187,255,30,2,80,168,0,0,0,0,0,0,0,0
218.296707,218.218033,106,252,186,255,28,1,75,165,128,0,0,0,0,0,0,0
218.516479,218.453232,106,252,186,255,28,1,64,180,0,0,0,0,0,0,0,0
218.791214,218.716965,106,252,185,255,30,2,72,165,128,0,0,0,0,0,0,0
219.065933,218.979462,106,252,185,255,25,2,79,192,0,0,0,0,0,0,0,0
219.340652,219.270187,106,252,185,255,30,1,75,165,128,0,0,0,0,0,0,0
219.615387,219.532425,106,252,184,255,28,2,63,193,128,0,0,0,0,0,0,0
219.835159,219.768387,106,252,185,255,31,2,63,165,128,0,0,0,0,0,0,0
220.109894,220.031357,106,252,184,255,25,3,63,165,128,0,0,0,0,0,0,0
220.384613,220.322189,111,252,184,255,29,1,79,165,0,0,0,0,0,0,0,0
220.659348,220.584381,106,252,183,255,25,1,87,165,128,0,0,0,0,0,0,0
220.934067,220.845963,113,253,183,255,31,1,90,165,0,0,0,0,0,0,0,0
221.153839,221.080383,106,252,182,255,34,1,80,164,128,0,0,0,0,0,0,0
221.428574,221.342422,119,252,182,255,33,1,64,177,0,0,0,0,0,0,0,0
221.703293,221.631714,106,252,181,255,33,1,63,165,128,0,0,0,0,0,0,0
221.978027,221.893906,119,252,181,255,34,2,91,179,0,0,0,0,0,0,0,0
222.197800,222.128128,114,252,180,255,33,2,95,165,128,0,0,0,0,0,0,0
222.472534,222.389664,121,252,180,255,32,2,90,179,0,0,0,0,0,0,0,0
222.747253,222.679153,113,253,180,255,34,1,88,164,128,0,0,0,0,0,0,0
223.021973,222.941345,125,252,180,255,31,2,72,185,0,0,0,0,0,0,0,0
223.241760,223.176132,108,252,179,255,33,1,59,176,128,0,0,0,0,0,0,0
223.516479,223.438278,106,252,178,255,28,3,63,191,0,0,0,0,0,0,0,0
223.791214,223.701111,108,252,178,255,29,2,75,176,128,0,0,0,0,0,0,0
224.065933,223.990692,106,252,177,255,29,3,63,191,0,0,0,0,0,0,0,0
224.340652,224.252823,107,252,177,255,34,1,84,165,128,0,0,0,0,0,0,0
224.560440,224.487091,106,252,177,255,29,2,80,165,0,0,0,0,0,0,0,0
224.835159,224.748932,106,252,176,255,28,2,74,185,128,0,0,0,0,0,0,0
225.109894,225.037308,106,252,176,255,32,2,64,170,128,0,0,0,0,0,0,0
225.384613,225.299133,106,252,176,255,28,3,64,195,0,0,0,0,0,0,0,0
225.604401,225.533310,107,252,176,255,31,2,51,166,0,0,0,0,0,0,0,0
225.879120,225.796829,106,252,175,255,31,2,64,164,0,0,0,0,0,0,0,0
226.153839,226.086075,106,252,175,255,29,2,65,182,128,0,0,0,0,0,0,0
226.428574,226.347855,106,252,175,255,29,1,65,165,0,0,0,0,0,0,0,0
226.648346,226.581879,106,252,174,255,29,2,88,184,128,0,0,0,0,0,0,0
226.923080,226.844330,106,252,174,255,31,1,88,165,0,0,0,0,0,0,0,0
227.197800,227.106720,106,252,173,255,25,2,102,164,128,0,0,0,0,0,0,0
227.472534,227.395660,113,252,173,255,31,2,95,165,0,0,0,0,0,0,0,0
227.747253,227.658310,106,252,173,255,27,1,95,165,128,0,0,0,0,0,0,0
227.967026,227.892792,110,252,173,255,33,1,87,165,0,0,0,0,0,0,0,0
228.241760,228.154724,106,252,172,255,35,1,79,164,128,0,0,0,0,0,0,0
228.516479,228.443558,110,252,172,255,31,2,67,166,0,0,0,0,0,0,0,0
228.791214,228.704880,106,252,171,255,35,1,71,164,128,0,0,0,0,0,0,0
229.010986,228.939423,109,252,171,255,32,1,63,164,0,0,0,0,0,0,0,0
229.285721,229.202377,126,252,170,255,35,1,64,164,128,0,0,0,0,0,0,0
229.560440,229.491928,107,253,170,255,35,2,64,164,0,0,0,0,0,0,0,0
229.835159,229.753906,123,252,169,255,35,1,72,165,128,0,0,0,0,0,0,0
230.054947,229.988190,106,252,169,255,33,1,64,164,0,0,0,0,0,0,0,0
230.329666,230.250534,124,252,169,255,34,1,80,185,128,0,0,0,0,0,0,0
230.604401,230.512268,116,252,168,255,35,2,71,165,0,0,0,0,0,0,0,0
230.879120,230.800339,117,252,167,255,33,1,63,175,128,0,0,0,0,0,0,0
231.153839,231.063446,125,252,167,255,37,2,80,165,0,0,0,0,0,0,0,0
231.373627,231.297409,110,252,167,255,34,1,79,166,128,0,0,0,0,0,0,0
231.648346,231.559555,126,252,167,255,34,1,63,190,128,0,0,0,0,0,0,0
231.923080,231.848801,112,252,166,255,35,2,84,165,0,0,0,0,0,0,0,0
232.197800,232.110474,116,252,166,255,33,2,87,174,128,0,0,0,0,0,0,0
232.417587,232.344650,125,252,165,255,35,1,80,165,0,0,0,0,0,0,0,0
232.692307,232.606689,106,252,165,255,34,1,84,164,128,0,0,0,0,0,0,0
232.967026,232.896439,118,252,165,255,33,1,75,175,0,0,0,0,0,0,0,0
233.241760,233.158432,124,252,164,255,36,1,80,165,128,0,0,0,0,0,0,0
233.461533,233.392899,109,253,164,255,32,1,71,165,0,0,0,0,0,0,0,0
233.736267,233.655350,123,252,163,255,35,2,80,165,128,0,0,0,0,0,0,0
234.010986,233.917404,106,252,163,255,29,2,81,192,0,0,0,0,0,0,0,0
234.285721,234.206284,113,252,163,255,32,1,74,171,128,0,0,0,0,0,0,0
234.560440,234.468018,126,252,163,255,35,1,71,165,0,0,0,0,0,0,0,0
234.780212,234.702499,107,252,162,255,33,1,64,164,128,0,0,0,0,0,0,0
235.054947,234.965042,123,252,161,255,35,0,63,165,0,0,0,0,0,0,0,0
235.329666,235.254181,106,252,161,255,36,1,55,165,128,0,0,0,0,0,0,0
235.604401,235.515656,115,252,161,255,33,1,74,171,0,0,0,0,0,0,0,0
235.824173,235.749725,125,252,161,255,37,2,77,164,128,0,0,0,0,0,0,0
236.098907,236.011353,109,252,161,255,32,1,63,165,0,0,0,0,0,0,0,0
236.373627,236.301315,125,251,160,255,35,1,72,165,128,0,0,0,0,0,0,0
236.648346,236.562225,106,252,159,255,35,1,77,164,0,0,0,0,0,0,0,0
236.868134,236.797577,119,250,159,255,32,2,63,177,128,0,0,0,0,0,0,0
237.142853,237.058792,121,248,159,255,34,1,72,164,0,0,0,0,0,0,0,0
237.417587,237.348099,111,244,159,255,32,2,79,169,0,0,0,0,0,0,0,0
237.692307,237.610779,126,244,159,255,36,1,64,165,128,0,0,0,0,0,0,0
237.967026,237.872482,106,241,159,255,35,2,80,165,0,0,0,0,0,0,0,0
238.186813,238.107513,118,241,158,255,33,1,68,175,128,0,0,0,0,0,0,0
238.461533,238.369354,106,237,158,255,36,2,76,164,0,0,0,0,0,0,0,0
238.736267,238.659363,109,233,156,255,33,2,63,165,128,0,0,0,0,0,0,0
239.010986,238.920898,125,225,155,255,35,1,84,165,0,0,0,0,0,0,0,0
239.230774,239.155426,106,208,152,255,34,1,79,165,128,0,0,0,0,0,0,0
239.505493,239.417511,117,198,151,255,34,2,70,165,0,0,0,0,0,0,0,0
239.780212,239.706802,106,186,149,255,35,1,82,165,128,0,0,0,0,0,0,0
240.054947,239.968643,109,171,148,255,55,1,75,165,0,0,0,0,0,0,0,0
240.274719,240.203369,121,159,147,255,109,1,84,164,128,0,0,0,0,0,0,0
240.549454,240.464386,106,144,144,255,160,1,63,164,0,0,0,0,0,0,0,0
240.824173,240.752457,107,132,143,255,200,2,48,163,128,0,0,0,0,0,0,0
241.098907,241.013107,119,119,141,255,209,2,31,165,0,0,0,0,0,0,0,0
241.318680,241.246063,106,105,140,255,205,2,31,165,128,0,0,0,0,0,0,0
241.593399,241.507080,115,98,139,255,208,1,34,165,0,0,0,0,0,0,0,0
241.868134,241.796616,106,89,137,255,211,1,52,165,128,0,0,0,0,0,0,0
242.142853,242.060013,111,81,137,255,207,2,63,169,0,0,0,0,0,0,0,0
242.417587,242.320862,126,78,137,255,209,1,63,165,128,0,0,0,0,0,0,0
242.637360,242.555222,109,73,137,255,204,1,76,164,128,0,0,0,0,0,0,0
242.912094,242.816605,126,68,137,255,209,0,64,164,128,0,0,0,0,0,0,0
243.186813,243.106110,106,61,135,255,208,2,80,165,128,0,0,0,0,0,0,0
243.461533,243.367691,117,59,135,255,207,1,65,175,0,0,0,0,0,0,0,0
243.681320,243.602722,125,57,135,255,209,1,90,165,128,0,0,0,0,0,0,0
243.956039,243.864609,108,53,134,255,205,1,67,164,0,0,0,0,0,0,0,0
244.230774,244.154266,119,51,134,255,209,0,71,165,128,0,0,0,0,0,0,0
244.505493,244.416351,106,49,133,255,210,1,83,165,0,0,0,0,0,0,0,0
244.725281,244.650772,106,45,133,255,205,2,79,172,128,0,0,0,0,0,0,0
245.000000,244.912415,107,41,133,255,208,2,83,165,0,0,0,0,0,0,0,0
245.274719,245.202011,106,36,132,255,204,1,86,165,128,0,0,0,0,0,0,0
245.549454,245.465088,109,34,132,255,207,2,82,165,0,0,0,0,0,0,0,0
245.824173,245.727417,116,28,131,255,207,2,80,173,128,0,0,0,0,0,0,0
246.043961,245.961792,107,23,131,255,206,2,83,171,0,0,0,0,0,0,0,0
246.318680,246.223984,109,18,130,255,205,2,84,178,128,0,0,0,0,0,0,0
246.593399,246.513336,106,12,129,255,206,2,69,165,0,0,0,0,0,0,0,0
246.868134,246.774765,106,7,127,255,202,3,77,192,128,0,0,0,0,0,0,0
247.087906,247.009338,107,0,127,255,206,2,80,165,0,0,0,0,0,0,0,0
247.362640,247.271637,106,0,127,255,205,2,64,185,128,0,0,0,0,0,0,0
247.637360,247.561539,107,0,125,255,206,2,75,170,0,0,0,0,0,0,0,0
247.912094,247.823380,106,0,125,255,207,2,76,165,128,0,0,0,0,0,0,0
248.131866,248.056778,107,0,124,255,205,3,64,195,0,0,0,0,0,0,0,0
248.406601,248.317947,108,0,122,255,205,2,63,176,128,0,0,0,0,0,0,0
248.681320,248.606888,107,0,122,255,208,2,63,175,128,0,0,0,0,0,0,0
248.956039,248.868973,126,0,122,255,206,3,71,195,0,0,0,0,0,0,0,0
249.230774,249.131836,114,0,122,255,208,2,72,186,128,0,0,0,0,0,0,0
249.450546,249.366211,107,0,121,255,208,2,74,167,0,0,0,0,0,0,0,0
249.725281,249.628967,123,0,120,255,210,3,64,183,128,0,0,0,0,0,0,0
250.000000,249.917953,120,0,120,255,210,1,68,165,0,0,0,0,0,0,0,0
250.274719,250.179733,107,0,120,255,208,2,68,165,128,0,0,0,0,0,0,0
250.494507,250.414063,117,0,118,255,209,1,74,175,0,0,0,0,0,0,0,0
250.769226,250.675583,126,0,118,255,210,2,69,164,128,0,0,0,0,0,0,0
251.043961,250.965347,108,0,119,255,207,2,77,165,0,0,0,0,0,0,0,0
251.318680,251.227890,123,0,118,255,209,1,71,165,128,0,0,0,0,0,0,0
251.538467,251.462326,107,0,118,255,210,2,79,165,0,0,0,0,0,0,0,0
251.813187,251.724106,111,0,118,255,207,2,71,167,128,0,0,0,0,0,0,0
252.087906,252.013290,106,0,118,255,209,1,71,165,0,0,0,0,0,0,0,0
252.362640,252.275665,107,0,115,255,204,2,79,165,128,0,0,0,0,0,0,0
252.637360,252.537628,106,0,116,255,205,2,71,178,0,0,0,0,0,0,0,0
252.857147,252.771439,107,0,115,255,209,1,77,165,128,0,0,0,0,0,0,0
253.131866,253.034195,106,0,116,255,204,2,74,194,0,0,0,0,0,0,0,0
253.406601,253.323593,109,0,114,255,205,2,64,178,128,0,0,0,0,0,0,0
253.681320,253.584869,107,0,114,255,207,2,73,165,0,0,0,0,0,0,0,0
253.901093,253.819290,106,0,113,255,205,2,64,185,128,0,0,0,0,0,0,0
254.175827,254.080353,122,0,113,255,205,2,68,194,0,0,0,0,0,0,0,0
254.450546,254.369247,108,0,112,255,207,2,70,176,0,0,0,0,0,0,0,0
254.725281,254.631546,124,0,112,255,204,3,83,196,128,0,0,0,0,0,0,0
254.945053,254.866272,106,0,112,255,207,2,67,165,0,0,0,0,0,0,0,0
255.219788,255.128723,106,0,111,255,206,2,74,180,128,0,0,0,0,0,0,0
255.494507,255.417862,107,0,112,255,210,2,74,165,0,0,0,0,0,0,0,0
255.769226,255.680161,119,0,111,255,209,1,57,165,128,0,0,0,0,0,0,0
256.043945,255.942352,107,0,109,255,208,1,66,165,0,0,0,0,0,0,0,0
256.263733,256.176208,125,0,110,255,211,1,56,165,128,0,0,0,0,0,0,0
256.538452,256.438354,107,0,109,255,207,1,63,165,0,0,0,0,0,0,0,0
256.813202,256.728210,107,0,110,255,206,2,75,170,128,0,0,0,0,0,0,0
257.087921,256.990662,107,0,110,255,209,1,63,165,0,0,0,0,0,0,0,0
257.307678,257.224823,107,0,110,255,210,2,69,165,128,0,0,0,0,0,0,0
257.582428,257.486298,115,0,110,255,209,2,60,172,0,0,0,0,0,0,0,0
257.857147,257.775055,108,0,109,255,209,1,63,167,128,0,0,0,0,0,0,0
258.131866,258.036926,121,0,110,255,205,2,56,193,0,0,0,0,0,0,0,0
258.351654,258.271545,107,0,110,255,204,3,63,193,128,0,0,0,0,0,0,0
258.626373,258.533600,106,0,111,255,209,2,67,165,0,0,0,0,0,0,0,0
258.901093,258.823395,114,0,111,255,208,1,77,171,128,0,0,0,0,0,0,0
259.175812,259.086212,107,0,111,255,209,2,75,166,0,0,0,0,0,0,0,0
259.450562,259.347504,123,0,111,255,209,2,80,195,128,0,0,0,0,0,0,0
259.670319,259.581757,106,0,110,255,206,2,73,186,0,0,0,0,0,0,0,0
259.945068,259.842621,107,0,111,255,207,3,72,172,128,0,0,0,0,0,0,0
260.219788,260.132538,107,0,111,255,206,3,75,165,128,0,0,0,0,0,0,0
260.494507,260.394775,110,0,112,255,207,2,75,165,0,0,0,0,0,0,0,0
260.714294,260.629517,106,0,112,255,205,2,71,165,128,0,0,0,0,0,0,0
260.989014,260.891327,106,0,111,255,204,2,75,195,0,0,0,0,0,0,0,0
261.263733,261.180786,116,0,112,255,205,3,82,188,128,0,0,0,0,0,0,0
261.538452,261.442505,106,0,112,255,208,2,83,165,0,0,0,0,0,0,0,0
261.758240,261.676849,122,0,112,255,205,2,72,194,128,0,0,0,0,0,0,0
262.032959,261.938812,114,0,111,255,209,2,74,184,0,0,0,0,0,0,0,0
262.307678,262.229095,107,0,112,255,209,2,76,167,128,0,0,0,0,0,0,0
262.582428,262.491577,119,0,112,255,208,2,84,178,0,0,0,0,0,0,0,0
262.857147,262.754059,126,0,110,255,209,1,64,165,128,0,0,0,0,0,0,0
263.076935,262.988892,106,0,111,255,210,2,68,165,0,0,0,0,0,0,0,0
263.351654,263.251526,106,0,112,255,206,2,80,165,128,0,0,0,0,0,0,0
263.626373,263.541138,110,0,110,255,207,2,79,165,0,0,0,0,0,0,0,0
263.901093,263.802826,106,0,110,255,209,1,77,165,128,0,0,0,0,0,0,0
264.120880,264.037506,106,0,110,255,205,3,81,195,0,0,0,0,0,0,0,0
264.395599,264.300049,117,0,111,255,210,2,73,165,128,0,0,0,0,0,0,0
264.670319,264.590363,108,0,110,255,209,2,64,176,0,0,0,0,0,0,0,0
264.945068,264.853333,111,0,110,255,208,1,72,169,128,0,0,0,0,0,0,0
265.219788,265.114288,119,0,110,255,211,3,64,178,0,0,0,0,0,0,0,0
265.439575,265.349426,126,0,109,255,210,1,66,164,128,0,0,0,0,0,0,0
265.714294,265.610931,106,0,109,255,211,1,59,165,0,0,0,0,0,0,0,0
265.989014,265.900970,106,0,109,255,206,2,79,170,0,0,0,0,0,0,0,0
266.263733,266.163422,107,0,109,255,208,2,71,165,128,0,0,0,0,0,0,0
266.483521,266.400909,106,0,109,255,207,2,72,165,0,0,0,0,0,0,0,0
266.758240,266.663177,106,0,109,255,205,2,63,185,128,0,0,0,0,0,0,0
267.032959,266.953217,124,0,109,255,211,3,80,195,0,0,0,0,0,0,0,0
267.307678,267.215881,120,0,110,255,210,1,68,165,128,0,0,0,0,0,0,0
267.582428,267.477936,106,0,109,255,209,2,77,165,0,0,0,0,0,0,0,0
267.802185,267.712708,107,0,110,255,207,1,73,165,128,0,0,0,0,0,0,0
268.076935,267.974548,106,0,110,255,209,2,67,165,0,0,0,0,0,0,0,0
268.351654,268.264343,106,0,109,255,211,1,75,165,128,0,0,0,0,0,0,0
268.626373,268.525635,106,0,109,255,210,1,68,165,0,0,0,0,0,0,0,0
268.846161,268.760590,109,0,108,255,205,2,63,178,128,0,0,0,0,0,0,0
269.120880,269.022797,107,0,108,255,208,2,63,165,0,0,0,0,0,0,0,0
