0.000000,0.000000,103,115,143,255,162,0,71,173,128,0,0,0,0,0,0,0
0.274725,0.257379,154,115,143,255,167,1,75,233,0,0,0,0,0,0,0,0
0.549451,0.545348,117,116,143,255,162,0,63,151,128,0,0,0,0,0,0,0
0.769231,0.776494,119,117,144,255,165,1,68,220,0,0,0,0,0,0,0,0
1.043956,1.034285,98,115,142,255,161,1,74,204,128,0,0,0,0,0,0,0
1.318681,1.319384,107,118,143,255,167,0,63,226,0,0,0,0,0,0,0,0
1.593407,1.576668,120,118,143,255,167,0,63,226,0,0,0,0,0,0,0,0
1.813187,1.807717,102,120,143,255,160,0,79,164,0,0,0,0,0,0,0,0
2.087912,2.078043,98,119,143,255,157,0,82,151,128,0,0,0,0,0,0,0
2.362637,2.345251,130,123,144,255,156,1,87,203,0,0,0,0,0,0,0,0
2.637363,2.629791,110,123,143,255,157,0,88,151,128,0,0,0,0,0,0,0
2.857143,2.860782,98,121,143,255,161,2,75,231,0,0,0,0,0,0,0,0
3.131868,3.118524,98,120,143,255,170,0,64,152,0,0,0,0,0,0,0,0
3.406593,3.406644,105,117,142,255,181,0,68,184,128,0,0,0,0,0,0,0
3.681319,3.663057,108,112,143,255,181,0,68,184,128,0,0,0,0,0,0,0
3.901099,3.893075,144,110,141,255,181,1,48,232,128,0,0,0,0,0,0,0
4.175824,4.155321,98,112,143,255,181,2,64,238,0,0,0,0,0,0,0,0
4.450550,4.442826,111,113,142,255,165,1,70,225,128,0,0,0,0,0,0,0
4.670330,4.672591,98,111,142,255,159,1,84,214,0,0,0,0,0,0,0,0
4.945055,4.931000,102,111,142,255,174,0,81,151,128,0,0,0,0,0,0,0
5.219780,5.217379,98,111,142,255,174,0,81,151,128,0,0,0,0,0,0,0
5.494505,5.473944,101,111,142,255,194,1,51,191,128,0,0,0,0,0,0,0
5.714286,5.706265,98,110,142,255,188,1,64,237,0,0,0,0,0,0,0,0
5.989011,5.993772,98,110,142,255,188,1,58,199,128,0,0,0,0,0,0,0
6.263736,6.263847,111,110,142,255,179,0,63,224,0,0,0,0,0,0,0,0
6.538462,6.520873,100,112,143,255,176,1,69,207,0,0,0,0,0,0,0,0
6.758242,6.752276,111,114,143,255,164,1,83,236,128,0,0,0,0,0,0,0
7.032967,7.037118,98,117,143,255,161,1,84,215,0,0,0,0,0,0,0,0
7.307693,7.297267,119,115,142,255,169,1,82,222,0,0,0,0,0,0,0,0
7.527472,7.527186,99,115,143,255,180,1,79,240,0,0,0,0,0,0,0,0
7.802198,7.784563,102,116,142,255,190,0,64,225,128,0,0,0,0,0,0,0
8.076923,8.078674,99,112,142,255,190,1,65,219,0,0,0,0,0,0,0,0
8.351648,8.336010,113,113,142,255,185,0,55,151,128,0,0,0,0,0,0,0
8.571428,8.567925,127,111,141,255,193,0,74,213,0,0,0,0,0,0,0,0
8.846154,8.825047,99,111,142,255,179,2,59,231,128,0,0,0,0,0,0,0
9.120879,9.113683,107,111,142,255,179,1,83,228,0,0,0,0,0,0,0,0
9.340659,9.343703,98,112,142,255,171,1,75,239,128,0,0,0,0,0,0,0
9.615385,9.601953,99,112,142,255,175,0,68,191,0,0,0,0,0,0,0,0
9.890110,9.888897,126,112,142,255,182,0,75,152,128,0,0,0,0,0,0,0
10.164835,10.146894,100,112,142,255,185,1,64,187,0,0,0,0,0,0,0,0
10.384615,10.376967,97,110,142,255,184,2,63,237,128,0,0,0,0,0,0,0
10.659341,10.661966,132,110,142,255,195,0,60,150,128,0,0,0,0,0,0,0
10.934066,10.922112,119,110,142,255,177,1,58,241,128,0,0,0,0,0,0,0
11.153846,11.151670,99,110,142,255,181,1,72,220,0,0,0,0,0,0,0,0
11.428572,11.414839,97,109,143,255,181,1,72,235,128,0,0,0,0,0,0,0
11.703297,11.704186,128,111,142,255,183,0,72,226,128,0,0,0,0,0,0,0
11.978022,11.962390,109,113,142,255,173,0,64,153,128,0,0,0,0,0,0,0
12.197803,12.192255,98,113,142,255,169,1,66,223,0,0,0,0,0,0,0,0
12.472528,12.451020,97,112,142,255,166,1,64,240,128,0,0,0,0,0,0,0
12.747252,12.737304,106,114,142,255,177,1,51,239,128,0,0,0,0,0,0,0
12.967033,12.967523,99,117,143,255,166,1,66,215,0,0,0,0,0,0,0,0
13.241758,13.226597,98,117,143,255,149,1,64,240,128,0,0,0,0,0,0,0
13.516483,13.511657,99,119,144,255,136,0,79,156,0,0,0,0,0,0,0,0
13.791209,13.786891,126,121,143,255,132,1,63,240,128,0,0,0,0,0,0,0
14.065934,14.050311,98,120,144,255,141,2,60,240,0,0,0,0,0,0,0,0
14.285714,14.282226,127,120,144,255,147,0,63,220,128,0,0,0,0,0,0,0
14.560439,14.540322,120,122,143,255,152,0,63,150,0,0,0,0,0,0,0,0
14.835165,14.826859,99,124,144,255,139,1,70,215,128,0,0,0,0,0,0,0
15.109890,15.089056,152,126,144,255,123,0,63,148,0,0,0,0,0,0,0,0
15.329670,15.320609,127,127,145,255,118,0,71,218,128,0,0,0,0,0,0,0
15.604396,15.606169,119,128,144,255,114,0,79,151,0,0,0,0,0,0,0,0
15.879121,15.864371,101,130,144,255,116,1,68,240,128,0,0,0,0,0,0,0
16.098902,16.096132,109,133,145,255,99,0,59,159,0,0,0,0,0,0,0,0
16.373627,16.353619,128,136,145,255,106,1,64,227,128,0,0,0,0,0,0,0
16.648352,16.639946,105,137,146,255,81,0,63,168,0,0,0,0,0,0,0,0
16.923077,16.897942,109,141,146,255,86,0,82,151,0,0,0,0,0,0,0,0
17.142857,17.126993,115,140,146,255,86,0,82,151,0,0,0,0,0,0,0,0
17.417582,17.410816,98,141,145,255,85,0,57,151,0,0,0,0,0,0,0,0
17.692308,17.669785,136,143,147,255,77,1,71,216,128,0,0,0,0,0,0,0
17.912088,17.899595,117,145,146,255,75,0,64,150,0,0,0,0,0,0,0,0
18.186813,18.186289,100,146,147,255,64,1,71,213,128,0,0,0,0,0,0,0
18.461538,18.443977,98,148,147,255,69,1,84,208,0,0,0,0,0,0,0,0
18.681318,18.674458,98,152,148,255,69,0,64,151,128,0,0,0,0,0,0,0
18.956043,18.932556,98,151,147,255,69,0,79,165,128,0,0,0,0,0,0,0
19.230770,19.217861,118,152,147,255,65,0,79,241,128,0,0,0,0,0,0,0
19.450550,19.450239,111,152,148,255,68,0,80,226,0,0,0,0,0,0,0,0
19.725275,19.707005,136,152,147,255,69,0,79,175,0,0,0,0,0,0,0,0
20.000000,19.995230,121,152,147,255,69,0,75,241,0,0,0,0,0,0,0,0
20.274725,20.256910,154,152,147,255,68,0,80,179,128,0,0,0,0,0,0,0
20.494505,20.488260,111,153,147,255,68,0,80,155,0,0,0,0,0,0,0,0
20.769230,20.746668,154,153,147,255,68,1,83,211,0,0,0,0,0,0,0,0
21.043957,21.032286,118,152,148,255,65,1,90,242,128,0,0,0,0,0,0,0
21.263737,21.263428,104,149,147,255,71,1,79,233,128,0,0,0,0,0,0,0
21.538462,21.520609,101,147,146,255,97,1,83,230,0,0,0,0,0,0,0,0
21.813187,21.804941,98,142,146,255,106,1,71,214,0,0,0,0,0,0,0,0
22.087912,22.062273,96,139,145,255,110,2,70,242,128,0,0,0,0,0,0,0
22.307692,22.292547,104,137,144,255,120,1,74,234,0,0,0,0,0,0,0,0
22.582418,22.577702,156,133,145,255,139,1,61,204,128,0,0,0,0,0,0,0
22.857143,22.844114,99,129,144,255,140,1,76,191,0,0,0,0,0,0,0,0
23.076923,23.075752,98,123,143,255,160,2,64,210,128,0,0,0,0,0,0,0
23.351648,23.336102,97,120,143,255,185,1,64,237,0,0,0,0,0,0,0,0
23.626373,23.620792,119,115,142,255,188,1,45,225,128,0,0,0,0,0,0,0
23.901098,23.877510,110,115,143,255,195,1,55,240,0,0,0,0,0,0,0,0
24.120878,24.111010,102,114,143,255,175,0,71,175,128,0,0,0,0,0,0,0
24.395605,24.370079,98,116,142,255,164,1,70,217,0,0,0,0,0,0,0,0
24.670330,24.654312,98,116,143,255,164,1,70,217,0,0,0,0,0,0,0,0
24.890110,24.886379,152,117,143,255,156,0,80,150,0,0,0,0,0,0,0,0
25.164835,25.144478,99,116,143,255,154,1,80,217,128,0,0,0,0,0,0,0
25.439560,25.429325,124,117,143,255,166,1,69,215,0,0,0,0,0,0,0,0
25.714285,25.685699,108,115,142,255,175,0,74,232,0,0,0,0,0,0,0,0
25.934067,25.916063,100,116,143,255,181,1,64,226,128,0,0,0,0,0,0,0
26.208792,26.201677,98,115,143,255,172,2,64,229,128,0,0,0,0,0,0,0
26.483517,26.461466,97,115,143,255,178,0,79,150,128,0,0,0,0,0,0,0
26.703297,26.693329,114,116,142,255,173,0,80,151,0,0,0,0,0,0,0,0
26.978022,26.949940,98,116,143,255,166,1,71,235,128,0,0,0,0,0,0,0
27.252747,27.238394,96,118,143,255,167,1,74,235,0,0,0,0,0,0,0,0
27.472527,27.468235,99,117,143,255,160,1,77,207,128,0,0,0,0,0,0,0
27.747253,27.726082,111,119,144,255,166,1,65,238,0,0,0,0,0,0,0,0
28.021978,28.010366,98,122,143,255,165,1,76,183,128,0,0,0,0,0,0,0
28.296703,28.268053,97,118,144,255,154,0,71,151,0,0,0,0,0,0,0,0
28.516483,28.499254,108,119,143,255,155,0,74,240,128,0,0,0,0,0,0,0
28.791208,28.784147,98,119,143,255,160,0,71,224,0,0,0,0,0,0,0,0
29.065933,29.040760,98,119,143,255,160,1,63,213,0,0,0,0,0,0,0,0
29.285715,29.271500,158,117,143,255,169,1,80,196,0,0,0,0,0,0,0,0
29.560440,29.530775,104,117,142,255,175,0,69,232,128,0,0,0,0,0,0,0
29.835165,29.814650,98,117,143,255,172,1,69,215,128,0,0,0,0,0,0,0
30.054945,30.045336,97,117,143,255,173,1,60,243,0,0,0,0,0,0,0,0
30.329670,30.302101,107,116,143,255,171,0,64,237,128,0,0,0,0,0,0,0
30.604395,30.588144,98,118,143,255,166,1,68,187,0,0,0,0,0,0,0,0
30.879122,30.850525,96,121,143,255,159,0,76,151,128,0,0,0,0,0,0,0
31.153847,31.125000,127,122,144,255,159,0,76,151,128,0,0,0,0,0,0,0
31.373627,31.360037,97,121,144,255,140,1,78,237,128,0,0,0,0,0,0,0
31.648352,31.618505,97,124,144,255,146,0,75,150,0,0,0,0,0,0,0,0
31.923077,31.905029,106,125,144,255,146,0,66,159,128,0,0,0,0,0,0,0
32.142857,32.134537,98,123,144,255,146,0,66,159,128,0,0,0,0,0,0,0
32.417583,32.404560,98,126,144,255,144,0,64,218,128,0,0,0,0,0,0,0
32.692307,32.679138,96,126,144,255,144,0,64,218,128,0,0,0,0,0,0,0
32.967033,32.942562,108,127,144,255,137,1,72,238,128,0,0,0,0,0,0,0
33.241756,33.227459,97,130,145,255,126,0,68,150,0,0,0,0,0,0,0,0
33.516483,33.487553,107,131,145,255,103,0,72,151,128,0,0,0,0,0,0,0
33.736263,33.718033,151,130,145,255,113,1,71,210,0,0,0,0,0,0,0,0
34.010990,33.980385,116,132,145,255,108,1,74,243,128,0,0,0,0,0,0,0
34.285713,34.268250,102,132,145,255,109,0,68,230,0,0,0,0,0,0,0,0
34.505493,34.499187,98,135,145,255,106,2,64,234,128,0,0,0,0,0,0,0
34.780220,34.758205,98,137,146,255,90,1,72,240,0,0,0,0,0,0,0,0
35.054947,35.044994,103,141,146,255,87,0,68,149,128,0,0,0,0,0,0,0
35.329670,35.302589,100,146,147,255,64,1,80,191,0,0,0,0,0,0,0,0
35.549450,35.532757,98,152,148,255,64,1,72,208,0,0,0,0,0,0,0,0
35.824177,35.793522,99,155,148,255,62,1,75,242,128,0,0,0,0,0,0,0
36.098900,36.090801,99,157,149,255,64,1,85,219,0,0,0,0,0,0,0,0
36.373627,36.349545,98,159,149,255,64,1,85,219,0,0,0,0,0,0,0,0
36.593407,36.581024,103,161,150,255,64,1,86,233,128,0,0,0,0,0,0,0
36.868134,36.839684,151,164,149,255,65,1,89,210,128,0,0,0,0,0,0,0
37.142857,37.129284,116,166,150,255,64,0,80,151,0,0,0,0,0,0,0,0
37.417583,37.389431,144,165,149,255,64,0,81,160,128,0,0,0,0,0,0,0
37.637363,37.620583,155,166,149,255,64,0,81,160,128,0,0,0,0,0,0,0
37.912086,37.880421,146,170,149,255,64,1,80,232,128,0,0,0,0,0,0,0
38.186813,38.177338,98,169,149,255,63,0,72,152,0,0,0,0,0,0,0,0
38.461540,38.438869,99,167,149,255,64,0,69,151,128,0,0,0,0,0,0,0
38.681320,38.671143,100,168,150,255,60,1,78,219,0,0,0,0,0,0,0,0
38.956043,38.928627,116,170,150,255,60,1,78,219,0,0,0,0,0,0,0,0
39.230770,39.218796,101,168,149,255,64,1,71,228,0,0,0,0,0,0,0,0
39.505493,39.477558,98,166,150,255,61,1,76,243,128,0,0,0,0,0,0,0
39.725273,39.710651,98,170,150,255,65,0,64,151,0,0,0,0,0,0,0,0
40.000000,39.969978,115,170,150,255,64,0,65,228,0,0,0,0,0,0,0,0
40.274727,40.255390,118,170,150,255,65,1,77,189,0,0,0,0,0,0,0,0
40.494507,40.486843,104,171,150,255,64,1,77,187,128,0,0,0,0,0,0,0
40.769230,40.745502,98,173,150,255,60,1,80,242,0,0,0,0,0,0,0,0
41.043957,41.031525,101,175,151,255,65,0,79,151,0,0,0,0,0,0,0,0
41.318680,41.290852,98,175,149,255,64,0,84,212,128,0,0,0,0,0,0,0
41.538460,41.522461,98,173,151,255,64,0,76,151,0,0,0,0,0,0,0,0
41.813187,41.782246,119,173,150,255,63,1,71,226,128,0,0,0,0,0,0,0
42.087914,42.068321,98,173,149,255,58,1,74,238,0,0,0,0,0,0,0,0
42.307693,42.299721,101,172,150,255,64,1,63,228,128,0,0,0,0,0,0,0
42.582417,42.567139,98,174,150,255,61,1,71,243,0,0,0,0,0,0,0,0
42.857143,42.828358,101,175,149,255,63,0,71,232,128,0,0,0,0,0,0,0
43.131866,43.114174,144,175,150,255,64,1,64,228,0,0,0,0,0,0,0,0
43.406593,43.373146,98,176,151,255,61,2,73,242,128,0,0,0,0,0,0,0
43.626373,43.607521,127,177,151,255,63,1,70,234,0,0,0,0,0,0,0,0
43.901100,43.865891,98,178,151,255,59,1,74,239,128,0,0,0,0,0,0,0
44.175823,44.154877,108,179,151,255,62,1,74,243,128,0,0,0,0,0,0,0
44.450550,44.418800,99,181,151,255,64,1,74,191,128,0,0,0,0,0,0,0
44.670330,44.655315,98,180,151,255,65,0,71,151,0,0,0,0,0,0,0,0
44.945053,44.914082,123,183,151,255,63,0,71,224,128,0,0,0,0,0,0,0
45.219780,45.199951,125,185,151,255,63,0,71,224,128,0,0,0,0,0,0,0
45.439560,45.430840,111,187,153,255,63,1,68,240,0,0,0,0,0,0,0,0
45.714287,45.703014,99,189,151,255,64,1,64,191,128,0,0,0,0,0,0,0
46.043957,45.979088,154,190,153,255,64,1,64,191,128,0,0,0,0,0,0,0
46.263737,46.246239,100,195,153,255,62,1,79,207,0,0,0,0,0,0,0,0
46.538460,46.506634,98,198,154,255,61,1,75,242,128,0,0,0,0,0,0,0
46.813187,46.792965,105,201,153,255,62,1,86,240,128,0,0,0,0,0,0,0
47.087914,47.051743,98,201,154,255,60,1,78,219,0,0,0,0,0,0,0,0
47.307693,47.287025,98,204,154,255,65,0,66,151,128,0,0,0,0,0,0,0
47.582417,47.546356,102,205,154,255,64,0,68,154,0,0,0,0,0,0,0,0
47.857143,47.832474,123,208,155,255,59,1,66,241,128,0,0,0,0,0,0,0
48.076923,48.064236,108,210,155,255,64,0,64,151,0,0,0,0,0,0,0,0
48.351650,48.323563,99,213,155,255,64,1,65,203,128,0,0,0,0,0,0,0
48.626373,48.611122,154,214,155,255,62,1,68,241,0,0,0,0,0,0,0,0
48.901100,48.869884,123,218,156,255,63,1,76,224,128,0,0,0,0,0,0,0
49.120880,49.100315,126,224,157,255,64,0,76,152,0,0,0,0,0,0,0,0
49.395603,49.361229,103,226,158,255,65,0,80,151,128,0,0,0,0,0,0,0
49.670330,49.648327,99,230,158,255,64,0,72,183,128,0,0,0,0,0,0,0
49.945053,49.908375,98,233,158,255,64,0,68,151,128,0,0,0,0,0,0,0
50.164837,50.141685,101,235,158,255,64,0,66,228,0,0,0,0,0,0,0,0
50.439560,50.427021,98,235,158,255,60,2,69,231,0,0,0,0,0,0,0,0
50.714287,50.688244,148,237,158,255,65,0,63,151,0,0,0,0,0,0,0,0
50.934067,50.918369,123,238,158,255,65,0,63,151,0,0,0,0,0,0,0,0
51.208790,51.183224,118,237,158,255,64,0,71,151,0,0,0,0,0,0,0,0
51.483517,51.472824,127,237,159,255,63,0,61,232,0,0,0,0,0,0,0,0
51.758244,51.732613,132,239,158,255,59,2,63,223,128,0,0,0,0,0,0,0
51.978024,51.965500,152,240,158,255,64,0,80,176,128,0,0,0,0,0,0,0
52.252747,52.226261,99,240,158,255,64,0,74,164,128,0,0,0,0,0,0,0
52.527473,52.515354,98,242,159,255,64,0,81,151,0,0,0,0,0,0,0,0
52.802197,52.776016,107,242,159,255,64,1,88,230,128,0,0,0,0,0,0,0
53.021976,53.008286,151,243,159,255,64,1,92,220,0,0,0,0,0,0,0,0
53.296703,53.267509,116,246,159,255,65,0,95,151,128,0,0,0,0,0,0,0
53.571430,53.554607,127,246,159,255,64,0,86,151,0,0,0,0,0,0,0,0
53.846153,53.816956,156,247,159,255,64,0,91,151,0,0,0,0,0,0,0,0
54.065933,54.050919,98,247,159,255,64,0,91,200,128,0,0,0,0,0,0,0
54.340660,54.312084,100,247,159,255,65,0,82,175,128,0,0,0,0,0,0,0
54.615383,54.598160,98,247,160,255,61,1,76,242,0,0,0,0,0,0,0,0
54.890110,54.858360,106,247,159,255,62,1,73,240,128,0,0,0,0,0,0,0
55.164837,55.128178,149,247,159,255,64,1,71,212,0,0,0,0,0,0,0,0
55.384617,55.358299,120,249,160,255,65,0,67,151,128,0,0,0,0,0,0,0
55.659340,55.621365,119,249,160,255,64,0,69,167,0,0,0,0,0,0,0,0
55.934067,55.908154,134,249,160,255,64,0,65,153,128,0,0,0,0,0,0,0
56.153847,56.141602,114,251,160,255,64,0,65,153,128,0,0,0,0,0,0,0
56.428570,56.403385,111,253,160,255,64,0,84,229,128,0,0,0,0,0,0,0
56.703297,56.689613,98,252,160,255,64,0,76,220,128,0,0,0,0,0,0,0
56.978024,56.960766,154,252,160,255,64,0,89,151,0,0,0,0,0,0,0,0
57.252747,57.236931,100,252,160,255,63,1,78,224,0,0,0,0,0,0,0,0
57.527473,57.495594,98,252,160,255,60,1,71,231,0,0,0,0,0,0,0,0
57.747253,57.727558,98,252,160,255,63,0,80,237,0,0,0,0,0,0,0,0
58.021976,57.987705,138,252,160,255,64,0,74,187,0,0,0,0,0,0,0,0
58.296703,58.276184,124,252,160,255,60,1,76,223,128,0,0,0,0,0,0,0
58.571430,58.535767,117,252,160,255,64,0,72,151,0,0,0,0,0,0,0,0
58.791210,58.767578,147,252,161,255,62,1,71,207,128,0,0,0,0,0,0,0
59.065933,59.026852,157,253,161,255,61,2,69,242,0,0,0,0,0,0,0,0
59.340660,59.313793,108,252,161,255,62,0,64,151,128,0,0,0,0,0,0,0
59.560440,59.545609,99,252,161,255,64,0,76,156,0,0,0,0,0,0,0,0
59.835163,59.805241,124,252,161,255,64,1,71,198,128,0,0,0,0,0,0,0
60.109890,60.071632,99,252,161,255,63,1,65,235,0,0,0,0,0,0,0,0
60.384617,60.358528,137,252,160,255,64,1,80,191,128,0,0,0,0,0,0,0
60.604397,60.589314,124,253,160,255,64,1,80,191,128,0,0,0,0,0,0,0
60.879120,60.848488,102,253,161,255,64,1,79,186,0,0,0,0,0,0,0,0
61.153847,61.136505,143,252,161,255,63,0,65,186,0,0,0,0,0,0,0,0
61.428570,61.410114,122,252,161,255,63,0,65,216,0,0,0,0,0,0,0,0
61.703297,61.687969,103,252,161,255,65,0,79,150,0,0,0,0,0,0,0,0
61.978024,61.956306,145,252,161,255,65,0,71,207,128,0,0,0,0,0,0,0
62.252747,62.215321,98,252,161,255,61,1,73,242,0,0,0,0,0,0,0,0
62.472527,62.445393,102,252,161,255,64,0,74,164,128,0,0,0,0,0,0,0
62.747253,62.731777,98,252,161,255,60,1,79,219,128,0,0,0,0,0,0,0
63.021976,62.992691,98,252,161,255,60,1,79,219,128,0,0,0,0,0,0,0
63.241756,63.225574,139,252,161,255,64,1,72,220,0,0,0,0,0,0,0,0
63.516483,63.484135,126,252,161,255,64,0,65,151,0,0,0,0,0,0,0,0
63.791210,63.773281,115,253,161,255,64,0,64,151,128,0,0,0,0,0,0,0
64.065933,64.032249,123,252,161,255,65,0,79,150,0,0,0,0,0,0,0,0
64.285713,64.265038,98,252,161,255,59,1,76,227,128,0,0,0,0,0,0,0
64.560440,64.524307,117,252,161,255,62,2,79,242,0,0,0,0,0,0,0,0
64.835167,64.794640,106,252,161,255,65,0,64,159,128,0,0,0,0,0,0,0
65.109894,65.082458,151,252,162,255,63,1,68,228,128,0,0,0,0,0,0,0
65.329674,65.313751,98,253,162,255,65,0,63,151,128,0,0,0,0,0,0,0
65.604393,65.573746,145,252,161,255,64,1,74,229,0,0,0,0,0,0,0,0
65.879120,65.860130,98,252,162,255,64,1,74,229,0,0,0,0,0,0,0,0
66.153847,66.127945,98,253,161,255,62,1,74,241,0,0,0,0,0,0,0,0
66.428574,66.387688,123,253,162,255,65,0,61,167,128,0,0,0,0,0,0,0
66.648354,66.618835,98,252,162,255,64,0,80,153,0,0,0,0,0,0,0,0
66.923080,66.903885,120,253,162,255,65,0,66,153,0,0,0,0,0,0,0,0
67.197800,67.171295,103,252,162,255,65,0,79,150,0,0,0,0,0,0,0,0
67.472527,67.448074,100,252,162,255,65,0,79,150,0,0,0,0,0,0,0,0
67.747253,67.720299,125,252,162,255,64,0,71,239,0,0,0,0,0,0,0,0
68.021980,67.980141,112,252,162,255,65,0,76,150,128,0,0,0,0,0,0,0
68.241760,68.211754,101,252,162,255,64,1,88,187,0,0,0,0,0,0,0,0
68.516487,68.498589,101,252,162,255,64,1,88,187,0,0,0,0,0,0,0,0
68.791206,68.761658,98,252,162,255,64,1,88,187,0,0,0,0,0,0,0,0
69.065933,69.038017,102,252,162,255,64,1,75,229,0,0,0,0,0,0,0,0
69.340660,69.307892,98,252,162,255,65,1,77,201,128,0,0,0,0,0,0,0
69.560440,69.539597,152,252,162,255,64,0,78,174,128,0,0,0,0,0,0,0
69.835167,69.801025,100,252,162,255,64,0,63,224,128,0,0,0,0,0,0,0
70.109894,70.087616,98,252,162,255,59,1,63,224,128,0,0,0,0,0,0,0
70.384613,70.349548,97,252,163,255,62,1,63,241,128,0,0,0,0,0,0,0
70.604393,70.581612,137,252,163,255,64,1,66,218,0,0,0,0,0,0,0,0
70.879120,70.840179,124,252,162,255,59,2,75,236,128,0,0,0,0,0,0,0
71.153847,71.127228,113,252,162,255,65,0,68,150,0,0,0,0,0,0,0,0
71.428574,71.384964,127,253,162,255,65,0,68,150,0,0,0,0,0,0,0,0
71.648354,71.616158,99,252,163,255,65,0,68,150,0,0,0,0,0,0,0,0
71.923080,71.902847,98,252,163,255,60,1,88,239,128,0,0,0,0,0,0,0
72.197800,72.161308,106,252,162,255,60,1,88,239,128,0,0,0,0,0,0,0
72.472527,72.436859,99,252,163,255,60,2,86,223,128,0,0,0,0,0,0,0
72.747253,72.714661,157,252,163,255,65,0,69,192,0,0,0,0,0,0,0,0
73.021980,72.976639,106,252,163,255,65,0,65,151,0,0,0,0,0,0,0,0
73.241760,73.208038,100,252,163,255,64,1,65,151,0,0,0,0,0,0,0,0
73.516487,73.496170,98,252,162,255,61,1,79,242,128,0,0,0,0,0,0,0
73.791206,73.755142,101,252,163,255,63,1,69,233,0,0,0,0,0,0,0,0
74.065933,74.029617,138,252,163,255,64,0,92,154,128,0,0,0,0,0,0,0
74.340660,74.306297,98,252,163,255,61,1,75,241,128,0,0,0,0,0,0,0
74.615387,74.514313,97,252,163,255,65,0,88,150,128,0,0,0,0,0,0,0
74.835167,74.800964,104,252,163,255,64,0,84,151,128,0,0,0,0,0,0,0
75.109894,75.087555,98,252,163,255,59,2,82,229,0,0,0,0,0,0,0,0
75.384613,75.346725,97,253,163,255,61,2,82,242,128,0,0,0,0,0,0,0
75.659340,75.621559,119,252,163,255,65,0,75,159,128,0,0,0,0,0,0,0
75.934067,75.892502,98,252,163,255,60,2,89,219,128,0,0,0,0,0,0,0
76.153847,76.124161,98,253,163,255,60,1,79,242,0,0,0,0,0,0,0,0
76.428574,76.383133,127,252,163,255,63,1,67,236,128,0,0,0,0,0,0,0
76.703300,76.669868,98,252,163,255,64,0,79,152,0,0,0,0,0,0,0,0
76.978020,76.933754,98,252,163,255,61,1,90,242,128,0,0,0,0,0,0,0
77.197800,77.177696,106,252,162,255,64,0,67,150,0,0,0,0,0,0,0,0
77.472527,77.437584,98,252,162,255,59,1,75,238,128,0,0,0,0,0,0,0
77.747253,77.724327,97,252,162,255,62,1,68,241,0,0,0,0,0,0,0,0
78.021980,77.982933,103,252,162,255,62,1,68,241,0,0,0,0,0,0,0,0
78.296700,78.221046,98,252,162,255,62,1,68,241,0,0,0,0,0,0,0,0
78.571426,78.524567,98,252,162,255,62,1,68,241,0,0,0,0,0,0,0,0
78.846153,78.801605,97,252,162,255,64,0,70,151,0,0,0,0,0,0,0,0
79.065933,79.044060,107,252,162,255,64,0,76,151,128,0,0,0,0,0,0,0
79.340660,79.303436,98,253,162,255,64,0,71,221,0,0,0,0,0,0,0,0
79.615387,79.589615,98,252,162,255,61,1,71,242,128,0,0,0,0,0,0,0
79.890106,79.849403,112,252,162,255,65,0,63,150,128,0,0,0,0,0,0,0
80.164833,80.119781,127,252,162,255,63,1,63,224,128,0,0,0,0,0,0,0
80.439560,80.395538,98,252,162,255,63,1,63,224,128,0,0,0,0,0,0,0
80.714287,80.670120,97,252,162,255,65,0,68,150,128,0,0,0,0,0,0,0
80.934067,80.901726,101,252,162,255,64,0,63,150,0,0,0,0,0,0,0,0
81.208794,81.187393,100,252,162,255,64,0,63,150,0,0,0,0,0,0,0,0
81.483513,81.447739,98,252,161,255,60,1,63,215,128,0,0,0,0,0,0,0
81.758240,81.709785,156,252,162,255,64,0,63,243,0,0,0,0,0,0,0,0
82.032967,81.986664,107,252,161,255,65,0,64,151,0,0,0,0,0,0,0,0
82.307693,82.263191,98,252,162,255,64,1,59,222,0,0,0,0,0,0,0,0
82.582420,82.536949,124,252,162,255,64,0,55,151,0,0,0,0,0,0,0,0
82.802200,82.768402,97,253,161,255,65,0,73,150,128,0,0,0,0,0,0,0
83.076920,83.055138,139,252,162,255,64,1,64,191,0,0,0,0,0,0,0,0
83.351646,83.314316,98,252,162,255,60,1,86,219,0,0,0,0,0,0,0,0
83.626373,83.577225,110,252,162,255,65,0,77,150,0,0,0,0,0,0,0,0
83.846153,83.810005,101,252,162,255,64,0,88,183,0,0,0,0,0,0,0,0
84.120880,84.096031,113,252,162,255,64,0,88,183,0,0,0,0,0,0,0,0
84.395607,84.354691,99,252,162,255,59,0,80,155,0,0,0,0,0,0,0,0
84.615387,84.590553,97,252,162,255,63,0,74,238,128,0,0,0,0,0,0,0
84.945053,84.866867,127,252,162,255,65,1,63,224,0,0,0,0,0,0,0,0
85.219780,85.171616,98,252,162,255,65,1,63,224,0,0,0,0,0,0,0,0
85.494507,85.446350,97,253,162,255,64,0,68,150,0,0,0,0,0,0,0,0
85.714287,85.677963,105,252,162,255,64,0,71,150,128,0,0,0,0,0,0,0
85.989014,85.965309,139,252,162,255,64,1,72,216,0,0,0,0,0,0,0,0
86.263733,86.224129,98,252,161,255,64,0,71,151,128,0,0,0,0,0,0,0
86.483513,86.457687,107,252,162,255,64,0,71,151,128,0,0,0,0,0,0,0
86.813187,86.734566,99,252,162,255,65,0,71,175,128,0,0,0,0,0,0,0
87.032967,87.007095,117,252,162,255,61,1,73,242,0,0,0,0,0,0,0,0
87.307693,87.265038,137,253,162,255,61,1,73,242,0,0,0,0,0,0,0,0
87.582420,87.550140,99,252,162,255,61,1,73,242,0,0,0,0,0,0,0,0
87.857140,87.810799,97,252,162,255,62,1,80,236,128,0,0,0,0,0,0,0
88.076920,88.047066,99,252,162,255,64,0,63,171,0,0,0,0,0,0,0,0
88.351646,88.323227,97,252,162,255,62,1,79,238,128,0,0,0,0,0,0,0
88.626373,88.595917,100,252,162,255,62,1,61,205,0,0,0,0,0,0,0,0
88.901100,88.855347,101,252,162,255,64,0,77,151,128,0,0,0,0,0,0,0
89.175827,89.144966,136,252,162,255,64,0,71,167,128,0,0,0,0,0,0,0
89.670326,89.625580,97,252,162,255,65,0,72,150,128,0,0,0,0,0,0,0
89.945053,89.909416,98,252,162,255,65,0,72,150,128,0,0,0,0,0,0,0
90.219780,90.185989,97,252,162,255,61,1,75,241,128,0,0,0,0,0,0,0
90.494507,90.461952,139,252,162,255,61,1,75,241,128,0,0,0,0,0,0,0
90.769234,90.732590,121,252,162,255,65,0,77,167,0,0,0,0,0,0,0,0
90.989014,90.964043,98,252,162,255,60,1,80,239,128,0,0,0,0,0,0,0
91.263733,91.221581,97,252,162,255,60,1,80,239,128,0,0,0,0,0,0,0
91.538460,91.507393,98,252,162,255,64,1,82,191,0,0,0,0,0,0,0,0
91.813187,91.774147,119,252,162,255,65,0,69,163,128,0,0,0,0,0,0,0
92.087914,92.050415,98,252,162,255,64,1,72,191,0,0,0,0,0,0,0,0
92.362640,92.326683,97,253,162,255,65,0,68,150,128,0,0,0,0,0,0,0
92.637360,92.587440,109,253,162,255,65,0,87,153,0,0,0,0,0,0,0,0
92.857140,92.819168,120,252,162,255,61,1,77,215,128,0,0,0,0,0,0,0
93.131866,93.106400,102,252,162,255,63,1,82,229,0,0,0,0,0,0,0,0
93.406593,93.366859,98,252,162,255,60,1,86,215,0,0,0,0,0,0,0,0
93.681320,93.631302,97,253,161,255,62,1,72,241,0,0,0,0,0,0,0,0
93.901100,93.862350,143,252,162,255,64,0,64,213,128,0,0,0,0,0,0,0
94.175827,94.147545,116,252,161,255,64,0,64,213,128,0,0,0,0,0,0,0
94.450546,94.405495,125,253,161,255,65,0,62,171,128,0,0,0,0,0,0,0
94.725273,94.673065,98,252,161,255,58,2,77,237,0,0,0,0,0,0,0,0
95.000000,94.952400,154,252,162,255,65,0,67,150,128,0,0,0,0,0,0,0
95.219780,95.189789,99,252,162,255,64,0,80,172,128,0,0,0,0,0,0,0
95.494507,95.447533,157,252,161,255,59,1,71,242,128,0,0,0,0,0,0,0
95.769234,95.734062,97,252,162,255,65,0,88,150,0,0,0,0,0,0,0,0
96.043953,95.993652,127,253,162,255,65,0,79,224,128,0,0,0,0,0,0,0
96.318680,96.235695,98,252,162,255,64,0,72,151,0,0,0,0,0,0,0,0
96.538460,96.504799,97,252,161,255,62,1,79,238,128,0,0,0,0,0,0,0
96.813187,96.767395,123,252,161,255,64,0,67,224,0,0,0,0,0,0,0,0
97.087914,97.052704,98,252,161,255,64,0,67,224,0,0,0,0,0,0,0,0
97.362640,97.310806,127,253,161,255,65,0,79,175,0,0,0,0,0,0,0,0
97.582420,97.547173,134,252,161,255,64,0,71,152,0,0,0,0,0,0,0,0
97.857140,97.805069,97,252,161,255,64,0,71,152,0,0,0,0,0,0,0,0
98.131866,98.091400,98,252,161,255,60,1,79,213,0,0,0,0,0,0,0,0
98.351646,98.321777,111,252,161,255,60,1,79,213,0,0,0,0,0,0,0,0
98.626373,98.583557,102,252,161,255,60,2,86,223,0,0,0,0,0,0,0,0
98.901100,98.859261,97,252,161,255,60,2,86,223,0,0,0,0,0,0,0,0
99.175827,99.134926,102,252,161,255,65,0,80,153,0,0,0,0,0,0,0,0
99.450546,99.413025,105,252,161,255,63,1,71,233,128,0,0,0,0,0,0,0
99.725273,99.673683,98,252,161,255,64,1,72,191,0,0,0,0,0,0,0,0
100.000000,99.960320,98,252,161,255,65,0,71,151,128,0,0,0,0,0,0,0
100.219780,100.191521,101,252,160,255,65,0,69,150,0,0,0,0,0,0,0,0
100.494507,100.449104,124,252,161,255,64,0,77,150,0,0,0,0,0,0,0,0
100.769234,100.724403,97,253,160,255,64,0,64,150,0,0,0,0,0,0,0,0
101.043953,101.015030,99,252,160,255,60,1,76,223,128,0,0,0,0,0,0,0
101.318680,101.273438,106,252,160,255,63,0,67,234,0,0,0,0,0,0,0,0
101.538460,101.503609,98,252,160,255,59,1,66,191,0,0,0,0,0,0,0,0
101.813187,101.761909,97,252,160,255,63,1,74,240,128,0,0,0,0,0,0,0
102.087914,102.036034,136,252,161,255,62,1,72,236,0,0,0,0,0,0,0,0
102.362640,102.333878,101,252,160,255,64,0,71,150,0,0,0,0,0,0,0,0
102.637360,102.593819,100,252,160,255,64,0,65,160,128,0,0,0,0,0,0,0
102.857140,102.824501,98,251,159,255,59,1,77,240,0,0,0,0,0,0,0,0
103.131866,103.085571,97,251,160,255,64,0,71,150,128,0,0,0,0,0,0,0
103.406593,103.373695,101,251,160,255,64,0,64,157,128,0,0,0,0,0,0,0
103.681320,103.632408,99,250,160,255,64,1,73,183,0,0,0,0,0,0,0,0
103.901100,103.864319,97,250,159,255,63,1,76,236,0,0,0,0,0,0,0,0
104.175827,104.125130,99,250,160,255,59,2,63,235,0,0,0,0,0,0,0,0
104.450546,104.412384,108,250,160,255,65,0,72,154,0,0,0,0,0,0,0,0
104.725273,104.670944,99,250,159,255,61,1,79,215,0,0,0,0,0,0,0,0
104.945053,104.900757,98,250,159,255,60,1,68,241,128,0,0,0,0,0,0,0
105.219780,105.163261,145,250,159,255,64,0,73,164,0,0,0,0,0,0,0,0
105.494507,105.449844,98,250,159,255,65,0,74,212,128,0,0,0,0,0,0,0
105.714287,105.681915,97,250,159,255,61,1,72,150,0,0,0,0,0,0,0,0
105.989014,105.942108,105,251,159,255,64,0,76,150,128,0,0,0,0,0,0,0
106.263733,106.228439,126,250,159,255,64,1,73,152,0,0,0,0,0,0,0,0
106.538460,106.487564,108,249,159,255,64,0,76,237,128,0,0,0,0,0,0,0
106.758240,106.718353,99,249,159,255,64,1,77,162,128,0,0,0,0,0,0,0
107.032967,106.977524,97,249,159,255,64,0,71,151,0,0,0,0,0,0,0,0
107.307693,107.265282,123,248,159,255,64,1,61,224,0,0,0,0,0,0,0,0
107.527473,107.495819,98,248,159,255,64,1,64,213,0,0,0,0,0,0,0,0
107.802200,107.753662,97,248,159,255,64,1,64,213,0,0,0,0,0,0,0,0
108.076920,108.041321,127,247,159,255,64,1,75,175,128,0,0,0,0,0,0,0
108.351646,108.299171,98,246,159,255,64,1,75,224,128,0,0,0,0,0,0,0
108.626373,108.576866,114,247,159,255,64,0,64,150,0,0,0,0,0,0,0,0
108.901100,108.854515,127,247,159,255,63,1,71,175,0,0,0,0,0,0,0,0
109.120880,109.086327,98,247,159,255,59,1,64,231,128,0,0,0,0,0,0,0
109.395607,109.345245,97,246,159,255,64,0,72,150,128,0,0,0,0,0,0,0
109.670326,109.631683,105,247,159,255,63,0,79,233,0,0,0,0,0,0,0,0
109.945053,109.892334,98,246,159,255,59,2,67,231,128,0,0,0,0,0,0,0
110.164833,110.129929,97,246,159,255,62,1,76,243,0,0,0,0,0,0,0,0
110.439560,110.390488,144,247,159,255,64,1,77,228,128,0,0,0,0,0,0,0
110.714287,110.676666,98,247,159,255,60,1,77,223,0,0,0,0,0,0,0,0
110.989014,110.935120,97,247,159,255,61,2,85,241,128,0,0,0,0,0,0,0
111.208794,111.169388,106,247,159,255,64,0,90,150,0,0,0,0,0,0,0,0
111.483513,111.428970,99,247,159,255,64,1,87,224,128,0,0,0,0,0,0,0
111.758240,111.716988,122,246,159,255,64,0,88,241,0,0,0,0,0,0,0,0
112.032967,111.978516,110,247,159,255,64,0,95,150,128,0,0,0,0,0,0,0
112.252747,112.211456,99,247,159,255,65,0,86,171,0,0,0,0,0,0,0,0
112.527473,112.470268,97,247,159,255,59,2,96,239,128,0,0,0,0,0,0,0
112.802200,112.757286,97,247,159,255,61,1,94,242,128,0,0,0,0,0,0,0
113.076920,113.017319,100,247,159,255,63,1,85,224,128,0,0,0,0,0,0,0
113.296700,113.248100,97,245,159,255,62,1,81,207,128,0,0,0,0,0,0,0
113.571426,113.535141,97,246,159,255,63,1,87,238,128,0,0,0,0,0,0,0
113.846153,113.796104,127,244,159,255,65,0,75,171,0,0,0,0,0,0,0,0
114.065933,114.028023,98,244,159,255,59,1,67,233,0,0,0,0,0,0,0,0
114.340660,114.287247,114,242,158,255,64,0,74,150,0,0,0,0,0,0,0,0
114.615387,114.572861,127,241,159,255,65,0,75,179,128,0,0,0,0,0,0,0
114.890106,114.832031,155,241,159,255,64,0,71,235,128,0,0,0,0,0,0,0
115.109894,115.064720,97,240,158,255,63,1,64,236,0,0,0,0,0,0,0,0
115.384613,115.350327,98,238,158,255,64,0,67,187,128,0,0,0,0,0,0,0
115.659340,115.608635,126,239,158,255,59,1,79,237,0,0,0,0,0,0,0,0
115.879120,115.840340,97,238,158,255,62,1,72,237,128,0,0,0,0,0,0,0
116.153847,116.099518,101,238,158,255,60,1,71,215,0,0,0,0,0,0,0,0
116.428574,116.385284,120,237,158,255,60,2,55,242,128,0,0,0,0,0,0,0
116.703300,116.642822,98,235,158,255,60,2,55,242,128,0,0,0,0,0,0,0
116.923080,116.873352,124,233,157,255,58,2,71,238,128,0,0,0,0,0,0,0
117.197800,117.161171,97,232,157,255,63,1,72,236,0,0,0,0,0,0,0,0
117.472527,117.419731,99,226,156,255,60,1,67,219,128,0,0,0,0,0,0,0
117.692307,117.651230,115,224,156,255,64,0,68,159,0,0,0,0,0,0,0,0
117.967033,117.910866,98,222,155,255,59,1,78,238,128,0,0,0,0,0,0,0
118.241760,118.196991,99,220,156,255,64,0,57,150,0,0,0,0,0,0,0,0
118.516487,118.455246,98,217,155,255,64,1,68,191,0,0,0,0,0,0,0,0
118.736267,118.687828,97,215,155,255,65,0,63,150,0,0,0,0,0,0,0,0
119.010986,118.974098,105,213,155,255,64,1,68,191,0,0,0,0,0,0,0,0
119.285713,119.233894,118,210,154,255,61,1,83,242,128,0,0,0,0,0,0,0
119.505493,119.466568,106,208,154,255,65,0,68,234,0,0,0,0,0,0,0,0
119.780220,119.724876,98,206,154,255,60,1,80,223,128,0,0,0,0,0,0,0
120.054947,120.011566,97,203,153,255,61,2,71,243,0,0,0,0,0,0,0,0
120.329674,120.272629,99,205,154,255,63,1,71,241,128,0,0,0,0,0,0,0
120.549454,120.503777,139,205,153,255,65,1,68,216,0,0,0,0,0,0,0,0
120.824173,120.763519,124,201,153,255,59,2,69,239,128,0,0,0,0,0,0,0
121.098900,121.051125,123,196,152,255,64,0,64,224,0,0,0,0,0,0,0,0
121.318680,121.283134,98,196,152,255,60,1,64,227,128,0,0,0,0,0,0,0
121.593407,121.542465,104,196,153,255,61,0,67,232,0,0,0,0,0,0,0,0
121.868134,121.827522,97,195,152,255,61,1,61,215,0,0,0,0,0,0,0,0
122.142860,122.086792,97,193,152,255,63,1,63,238,0,0,0,0,0,0,0,0
122.362640,122.319321,100,194,152,255,62,1,54,207,128,0,0,0,0,0,0,0
122.637360,122.578239,97,194,153,255,61,1,65,242,0,0,0,0,0,0,0,0
122.912086,122.864731,115,196,153,255,64,0,64,159,128,0,0,0,0,0,0,0
123.186813,123.123802,151,200,153,255,64,1,62,221,0,0,0,0,0,0,0,0
123.406593,123.355553,97,201,153,255,61,1,68,241,128,0,0,0,0,0,0,0
123.681320,123.642036,99,204,154,255,63,1,63,221,128,0,0,0,0,0,0,0
123.956047,123.900543,97,210,155,255,65,1,71,202,0,0,0,0,0,0,0,0
124.175827,124.131279,123,213,155,255,64,0,77,224,128,0,0,0,0,0,0,0
124.450546,124.389587,98,215,155,255,64,0,77,224,0,0,0,0,0,0,0,0
124.725273,124.677307,118,221,157,255,64,2,79,243,128,0,0,0,0,0,0,0
125.000000,124.941338,108,222,157,255,62,1,88,236,0,0,0,0,0,0,0,0
125.219780,125.172791,99,226,157,255,61,1,87,211,128,0,0,0,0,0,0,0
125.494507,125.433243,97,228,158,255,63,1,81,204,0,0,0,0,0,0,0,0
125.769234,125.720390,97,231,157,255,63,1,79,238,128,0,0,0,0,0,0,0
126.043953,125.980591,98,231,158,255,65,0,87,175,128,0,0,0,0,0,0,0
126.263733,126.212349,97,230,157,255,62,1,76,241,128,0,0,0,0,0,0,0
126.538460,126.500313,127,231,157,255,64,0,76,220,0,0,0,0,0,0,0,0
126.813187,126.760048,126,230,158,255,59,1,75,237,128,0,0,0,0,0,0,0
127.032967,126.992889,113,233,158,255,62,1,71,241,0,0,0,0,0,0,0,0
127.307693,127.251808,115,233,157,255,64,0,74,226,128,0,0,0,0,0,0,0
127.582420,127.538750,97,233,158,255,64,0,76,150,0,0,0,0,0,0,0,0
127.857140,127.797920,111,233,158,255,63,1,77,229,128,0,0,0,0,0,0,0
128.076920,128.028305,153,233,157,255,59,1,74,223,128,0,0,0,0,0,0,0
128.351654,128.288406,97,234,157,255,61,1,76,243,0,0,0,0,0,0,0,0
128.626373,128.575806,127,236,158,255,64,0,86,175,128,0,0,0,0,0,0,0
128.846161,128.807358,126,234,157,255,59,2,79,235,0,0,0,0,0,0,0,0
129.120880,129.069168,112,233,157,255,65,1,81,241,128,0,0,0,0,0,0,0
129.395599,129.357208,99,232,157,255,61,1,77,211,0,0,0,0,0,0,0,0
129.670334,129.616486,97,230,156,255,59,2,89,235,128,0,0,0,0,0,0,0
129.890106,129.848206,147,227,156,255,65,0,71,150,0,0,0,0,0,0,0,0
130.164841,130.106094,127,224,155,255,65,0,71,150,0,0,0,0,0,0,0,0
130.439560,130.393295,97,223,155,255,65,0,63,150,0,0,0,0,0,0,0,0
130.714279,130.655640,103,220,155,255,64,1,70,150,128,0,0,0,0,0,0,0
130.934067,130.887299,156,218,155,255,65,0,67,200,0,0,0,0,0,0,0,0
131.208786,131.145859,112,213,155,255,63,1,67,240,128,0,0,0,0,0,0,0
131.483521,131.431427,98,212,155,255,59,1,71,215,0,0,0,0,0,0,0,0
131.758240,131.692184,101,213,155,255,64,1,70,234,128,0,0,0,0,0,0,0
131.978027,131.923965,98,211,154,255,59,1,79,234,0,0,0,0,0,0,0,0
132.252747,132.211914,113,209,154,255,65,0,79,241,128,0,0,0,0,0,0,0
132.527466,132.470978,99,209,154,255,60,1,79,215,0,0,0,0,0,0,0,0
132.747253,132.701767,97,206,153,255,61,1,79,242,128,0,0,0,0,0,0,0
133.021973,132.960373,103,204,153,255,64,1,77,233,0,0,0,0,0,0,0,0
133.296707,133.250290,126,205,153,255,64,0,67,150,128,0,0,0,0,0,0,0
133.571426,133.510284,125,203,155,255,63,1,83,234,128,0,0,0,0,0,0,0
133.791214,133.740814,156,202,154,255,64,1,71,212,0,0,0,0,0,0,0,0
134.065933,134.000198,153,201,153,255,64,0,71,150,128,0,0,0,0,0,0,0
134.340652,134.289536,99,198,153,255,64,1,77,224,0,0,0,0,0,0,0,0
134.615387,134.549072,97,197,153,255,64,0,79,150,128,0,0,0,0,0,0,0
134.835159,134.781250,112,195,152,255,65,0,79,150,0,0,0,0,0,0,0,0
135.109894,135.067673,124,194,153,255,64,0,83,200,128,0,0,0,0,0,0,0
135.384613,135.327515,112,195,153,255,65,0,83,150,0,0,0,0,0,0,0,0
135.604401,135.560089,99,192,151,255,60,1,83,215,128,0,0,0,0,0,0,0
135.879120,135.818451,157,189,152,255,61,1,75,243,0,0,0,0,0,0,0,0
136.153839,136.105652,148,184,151,255,63,1,75,234,128,0,0,0,0,0,0,0
136.428574,136.363297,98,178,151,255,65,0,77,167,128,0,0,0,0,0,0,0
136.648346,136.595917,97,176,150,255,65,0,71,150,128,0,0,0,0,0,0,0
136.923080,136.855453,105,175,150,255,65,0,69,167,0,0,0,0,0,0,0,0
137.197800,137.141418,121,170,149,255,65,1,71,192,128,0,0,0,0,0,0,0
137.417587,137.373795,100,169,148,255,64,1,71,224,0,0,0,0,0,0,0,0
137.692307,137.631287,97,165,149,255,64,1,64,207,0,0,0,0,0,0,0,0
137.967026,137.917053,97,162,148,255,63,1,64,236,0,0,0,0,0,0,0,0
138.241760,138.175354,100,158,147,255,64,1,64,191,0,0,0,0,0,0,0,0
138.461533,138.406845,97,152,146,255,73,2,68,243,0,0,0,0,0,0,0,0
138.736267,138.693436,120,149,146,255,93,1,68,239,0,0,0,0,0,0,0,0
139.010986,138.950821,104,145,146,255,93,1,69,232,128,0,0,0,0,0,0,0
139.230774,139.180695,97,144,146,255,97,2,63,229,0,0,0,0,0,0,0,0
139.505493,139.440582,97,144,147,255,93,1,68,230,128,0,0,0,0,0,0,0
139.780212,139.726410,98,142,145,255,83,1,81,219,0,0,0,0,0,0,0,0
140.000000,139.955856,99,140,146,255,90,0,63,224,0,0,0,0,0,0,0,0
140.274719,140.214066,99,141,146,255,96,1,63,234,0,0,0,0,0,0,0,0
140.549454,140.499268,98,139,145,255,91,1,74,191,128,0,0,0,0,0,0,0
140.824173,140.756958,97,138,145,255,96,1,80,241,0,0,0,0,0,0,0,0
141.043961,140.988235,107,138,146,255,100,0,80,151,128,0,0,0,0,0,0,0
141.318680,141.274323,99,140,146,255,98,1,83,215,0,0,0,0,0,0,0,0
141.593399,141.532120,100,140,145,255,88,1,83,227,128,0,0,0,0,0,0,0
141.813187,141.762146,105,138,146,255,106,1,80,191,0,0,0,0,0,0,0,0
142.087906,142.020142,157,139,145,255,119,1,90,188,128,0,0,0,0,0,0,0
142.362640,142.306671,100,134,145,255,142,1,95,220,128,0,0,0,0,0,0,0
142.582413,142.537827,104,136,145,255,139,0,79,242,0,0,0,0,0,0,0,0
142.857147,142.796478,103,131,144,255,144,1,85,236,128,0,0,0,0,0,0,0
143.131866,143.081528,100,127,143,255,176,0,67,158,0,0,0,0,0,0,0,0
143.406601,143.339218,97,125,143,255,169,0,55,150,128,0,0,0,0,0,0,0
143.626373,143.569824,115,121,144,255,184,0,49,159,0,0,0,0,0,0,0,0
143.901093,143.853729,97,117,141,255,184,0,49,159,0,0,0,0,0,0,0,0
144.175827,144.117767,96,115,142,255,187,1,66,240,0,0,0,0,0,0,0,0
144.395599,144.349838,125,114,142,255,187,1,63,220,128,0,0,0,0,0,0,0
144.670334,144.606506,97,115,142,255,178,2,71,227,0,0,0,0,0,0,0,0
144.945053,144.893036,112,112,141,255,171,2,73,235,128,0,0,0,0,0,0,0
145.219788,145.151855,124,110,141,255,171,2,73,235,128,0,0,0,0,0,0,0
145.439560,145.382462,101,111,141,255,188,0,76,150,0,0,0,0,0,0,0,0
145.714279,145.667938,99,111,142,255,201,1,59,224,128,0,0,0,0,0,0,0
145.989014,145.929520,117,112,142,255,179,1,80,244,128,0,0,0,0,0,0,0
146.263733,146.199234,101,112,143,255,183,1,77,234,0,0,0,0,0,0,0,0
146.483521,146.428238,98,112,143,255,180,1,81,223,128,0,0,0,0,0,0,0
146.758240,146.713242,126,112,142,255,185,1,77,183,128,0,0,0,0,0,0,0
147.032974,146.970367,121,113,142,255,183,1,76,239,0,0,0,0,0,0,0,0
147.252747,147.203201,113,113,142,255,188,0,75,149,0,0,0,0,0,0,0,0
147.527466,147.461243,98,112,142,255,193,1,68,223,0,0,0,0,0,0,0,0
147.802200,147.746201,97,111,142,255,193,1,67,239,128,0,0,0,0,0,0,0
148.021973,147.975906,120,112,142,255,191,2,67,242,0,0,0,0,0,0,0,0
148.296707,148.233398,101,112,142,255,187,1,72,183,128,0,0,0,0,0,0,0
148.571426,148.519363,96,111,142,255,181,1,71,221,0,0,0,0,0,0,0,0
148.846161,148.776535,120,111,142,255,181,1,67,219,128,0,0,0,0,0,0,0
149.065933,149.006149,116,113,142,255,167,0,72,149,0,0,0,0,0,0,0,0
149.340652,149.292938,99,113,142,255,177,1,82,225,128,0,0,0,0,0,0,0
149.615387,149.550430,97,114,142,255,172,1,79,242,0,0,0,0,0,0,0,0
149.835159,149.782028,123,114,143,255,171,0,79,224,128,0,0,0,0,0,0,0
150.109894,150.039673,97,114,143,255,178,2,75,231,0,0,0,0,0,0,0,0
150.384613,150.326416,95,116,143,255,181,1,70,243,0,0,0,0,0,0,0,0
150.659348,150.586411,97,117,143,255,172,0,86,240,0,0,0,0,0,0,0,0
150.879120,150.816833,97,119,143,255,166,1,79,196,128,0,0,0,0,0,0,0
151.153839,151.103165,99,119,144,255,160,0,79,149,0,0,0,0,0,0,0,0
151.428574,151.360855,99,117,142,255,171,1,71,207,0,0,0,0,0,0,0,0
151.648346,151.590622,124,116,142,255,183,2,64,242,128,0,0,0,0,0,0,0
151.923080,151.851425,110,116,143,255,189,0,64,241,0,0,0,0,0,0,0,0
152.197800,152.137192,99,119,143,255,180,0,61,232,128,0,0,0,0,0,0,0
152.417587,152.366714,130,117,143,255,147,1,59,208,0,0,0,0,0,0,0,0
152.692307,152.623886,111,119,143,255,148,1,67,207,128,0,0,0,0,0,0,0
152.967026,152.908112,98,119,144,255,148,1,67,207,128,0,0,0,0,0,0,0
153.186813,153.138443,97,120,144,255,148,0,84,149,128,0,0,0,0,0,0,0
153.461533,153.397308,106,124,144,255,148,0,82,149,0,0,0,0,0,0,0,0
153.736267,153.687637,97,127,144,255,128,1,87,215,128,0,0,0,0,0,0,0
154.010986,153.956024,97,130,145,255,117,1,79,244,0,0,0,0,0,0,0,0
154.285721,154.213867,144,132,144,255,117,1,83,226,128,0,0,0,0,0,0,0
154.505493,154.444916,97,131,145,255,113,2,79,231,0,0,0,0,0,0,0,0
154.780212,154.731537,114,135,145,255,118,1,80,243,128,0,0,0,0,0,0,0
155.054947,154.991074,135,132,144,255,118,1,81,191,0,0,0,0,0,0,0,0
155.274719,155.219864,105,132,144,255,118,1,81,191,0,0,0,0,0,0,0,0
155.549454,155.477615,97,133,145,255,133,2,84,239,128,0,0,0,0,0,0,0
155.824173,155.761169,156,131,143,255,130,1,82,239,128,0,0,0,0,0,0,0
156.043961,155.990219,100,133,144,255,146,1,83,215,128,0,0,0,0,0,0,0
156.318680,156.247803,97,127,144,255,143,1,75,244,128,0,0,0,0,0,0,0
156.593399,156.543961,101,124,144,255,155,1,65,235,128,0,0,0,0,0,0,0
156.868134,156.800278,99,122,143,255,155,1,65,235,128,0,0,0,0,0,0,0
157.087906,157.029022,122,122,142,255,176,1,44,203,128,0,0,0,0,0,0,0
157.362640,157.313553,97,120,144,255,165,1,64,239,0,0,0,0,0,0,0,0
157.637360,157.576416,103,121,143,255,165,0,68,147,128,0,0,0,0,0,0,0
157.912094,157.851944,97,121,144,255,146,0,78,175,128,0,0,0,0,0,0,0
158.186813,158.118454,156,121,143,255,140,1,74,244,128,0,0,0,0,0,0,0
158.406601,158.348724,119,123,143,255,140,1,74,244,128,0,0,0,0,0,0,0
158.681320,158.605759,120,124,144,255,120,1,80,203,128,0,0,0,0,0,0,0
158.956039,158.889832,97,124,144,255,120,1,80,203,128,0,0,0,0,0,0,0
159.230774,159.156219,94,123,142,255,138,1,85,199,0,0,0,0,0,0,0,0
159.505493,159.430847,106,122,144,255,163,1,67,191,0,0,0,0,0,0,0,0
159.780212,159.705276,118,126,144,255,163,1,67,191,0,0,0,0,0,0,0,0
160.054947,159.979599,102,124,144,255,163,1,67,191,0,0,0,0,0,0,0,0
160.274719,160.220779,97,121,143,255,149,1,77,239,128,0,0,0,0,0,0,0
160.549454,160.478622,156,122,144,255,173,1,63,149,0,0,0,0,0,0,0,0
160.824173,160.763306,111,122,143,255,171,0,67,170,0,0,0,0,0,0,0,0
161.043961,160.993073,127,120,143,255,176,0,64,175,0,0,0,0,0,0,0,0
161.318680,161.257629,127,119,144,255,182,1,64,220,0,0,0,0,0,0,0,0
161.593399,161.525238,111,118,143,255,168,1,69,236,128,0,0,0,0,0,0,0
161.868134,161.809784,98,118,143,255,162,1,64,223,128,0,0,0,0,0,0,0
162.142853,162.066605,103,118,143,255,163,0,80,230,128,0,0,0,0,0,0,0
162.362640,162.296417,122,118,143,255,160,0,80,149,128,0,0,0,0,0,0,0
162.637360,162.585007,107,119,143,255,159,1,80,245,128,0,0,0,0,0,0,0
162.912094,162.841980,150,119,143,255,162,1,86,221,0,0,0,0,0,0,0,0
163.131866,163.072205,94,123,143,255,160,1,85,240,128,0,0,0,0,0,0,0
163.406601,163.355759,149,119,143,255,160,1,85,240,128,0,0,0,0,0,0,0
163.681320,163.629730,97,119,144,255,167,1,73,241,128,0,0,0,0,0,0,0
163.956039,163.891159,102,119,143,255,170,1,76,236,0,0,0,0,0,0,0,0
164.175827,164.123840,117,120,143,255,183,1,65,240,128,0,0,0,0,0,0,0
164.450546,164.381531,122,118,143,255,165,1,80,191,0,0,0,0,0,0,0,0
164.725281,164.666519,97,118,143,255,176,1,63,234,128,0,0,0,0,0,0,0
165.000000,164.927277,97,117,144,255,180,2,64,243,0,0,0,0,0,0,0,0
165.219788,165.158783,108,118,143,255,177,1,73,239,128,0,0,0,0,0,0,0
165.494507,165.417496,123,117,143,255,166,0,75,167,0,0,0,0,0,0,0,0
165.769226,165.701782,97,117,143,255,167,1,88,241,128,0,0,0,0,0,0,0
165.989014,165.931046,99,117,142,255,167,1,88,241,128,0,0,0,0,0,0,0
166.263733,166.188004,147,116,143,255,186,0,74,210,0,0,0,0,0,0,0,0
166.538467,166.476547,96,117,143,255,183,1,79,237,0,0,0,0,0,0,0,0
166.758240,166.706406,100,116,143,255,176,1,74,221,0,0,0,0,0,0,0,0
167.032974,166.964508,97,115,143,255,185,1,83,215,128,0,0,0,0,0,0,0
167.307693,167.251160,126,116,143,255,188,1,73,231,0,0,0,0,0,0,0,0
167.582413,167.509811,110,113,142,255,189,0,71,149,128,0,0,0,0,0,0,0
167.802200,167.741623,109,111,142,255,199,1,72,236,0,0,0,0,0,0,0,0
168.076920,167.998123,97,108,141,255,213,0,63,150,128,0,0,0,0,0,0,0
168.351654,168.285172,111,107,142,255,219,1,64,228,0,0,0,0,0,0,0,0
168.571426,168.515244,97,107,140,255,214,1,63,235,128,0,0,0,0,0,0,0
168.846161,168.773605,106,105,140,255,205,1,68,234,0,0,0,0,0,0,0,0
169.120880,169.058044,97,105,141,255,202,1,70,160,128,0,0,0,0,0,0,0
169.395599,169.317825,97,103,140,255,202,1,72,234,0,0,0,0,0,0,0,0
169.615387,169.548920,101,100,140,255,202,0,88,183,128,0,0,0,0,0,0,0
169.890106,169.834030,126,100,141,255,203,0,75,183,128,0,0,0,0,0,0,0
170.164841,170.095169,114,99,140,255,202,0,80,149,128,0,0,0,0,0,0,0
170.384613,170.327469,127,97,140,255,203,0,77,173,0,0,0,0,0,0,0,0
170.659348,170.586700,97,97,140,255,199,2,66,241,128,0,0,0,0,0,0,0
170.934067,170.874039,97,96,140,255,201,1,81,238,0,0,0,0,0,0,0,0
171.208786,171.132095,98,93,140,255,200,1,75,207,0,0,0,0,0,0,0,0
171.428574,171.364777,97,91,139,255,199,1,80,239,128,0,0,0,0,0,0,0
171.703293,171.625076,127,90,139,255,203,0,77,171,0,0,0,0,0,0,0,0
171.978027,171.911514,121,90,138,255,202,0,69,152,128,0,0,0,0,0,0,0
172.197800,172.143417,102,86,138,255,203,1,82,230,0,0,0,0,0,0,0,0
172.472534,172.401169,97,79,137,255,198,1,71,235,128,0,0,0,0,0,0,0
172.747253,172.689255,98,77,137,255,201,1,66,241,0,0,0,0,0,0,0,0
173.021973,172.954651,101,76,137,255,202,1,68,191,128,0,0,0,0,0,0,0
173.296707,173.215668,97,69,136,255,202,0,63,150,0,0,0,0,0,0,0,0
173.516479,173.447220,101,68,136,255,203,0,63,243,0,0,0,0,0,0,0,0
173.791214,173.732315,100,66,135,255,201,1,55,207,0,0,0,0,0,0,0,0
174.065933,173.993805,122,62,134,255,202,0,64,150,128,0,0,0,0,0,0,0
174.285721,174.226181,104,59,135,255,203,1,59,230,0,0,0,0,0,0,0,0
174.560440,174.484528,147,59,135,255,200,1,54,207,128,0,0,0,0,0,0,0
174.835159,174.769623,97,59,136,255,202,1,62,238,0,0,0,0,0,0,0,0
175.109894,175.034744,99,59,135,255,202,0,63,224,0,0,0,0,0,0,0,0
175.329666,175.264969,97,60,135,255,202,0,63,224,0,0,0,0,0,0,0,0
175.604401,175.522797,100,63,136,255,198,1,64,223,128,0,0,0,0,0,0,0
175.879120,175.810760,97,65,137,255,199,2,69,242,0,0,0,0,0,0,0,0
176.153839,176.080139,102,67,136,255,202,0,72,155,0,0,0,0,0,0,0,0
176.428574,176.347504,98,72,138,255,200,1,71,207,128,0,0,0,0,0,0,0
176.648346,176.578339,97,75,138,255,201,1,71,239,128,0,0,0,0,0,0,0
176.923080,176.866562,136,79,138,255,202,1,80,217,128,0,0,0,0,0,0,0
177.197800,177.124817,112,81,138,255,201,1,75,240,0,0,0,0,0,0,0,0
177.417587,177.358368,127,82,139,255,202,1,84,229,128,0,0,0,0,0,0,0
177.692307,177.617233,97,83,139,255,198,1,71,231,0,0,0,0,0,0,0,0
177.967026,177.902283,104,87,139,255,198,1,71,231,0,0,0,0,0,0,0,0
178.241760,178.165451,97,88,140,255,202,0,83,149,0,0,0,0,0,0,0,0
178.461533,178.405045,99,90,139,255,203,0,83,224,128,0,0,0,0,0,0,0
178.736267,178.663849,97,90,139,255,197,2,84,239,0,0,0,0,0,0,0,0
179.010986,178.949677,112,91,140,255,203,1,79,178,128,0,0,0,0,0,0,0
179.285721,179.207321,98,91,139,255,198,2,83,239,0,0,0,0,0,0,0,0
179.560440,179.477539,97,93,139,255,201,1,75,240,128,0,0,0,0,0,0,0
179.780212,179.707565,100,90,139,255,203,0,70,225,128,0,0,0,0,0,0,0
180.054947,179.994598,103,90,139,255,202,0,76,150,0,0,0,0,0,0,0,0
180.329666,180.253830,133,91,139,255,200,1,75,211,128,0,0,0,0,0,0,0
180.549454,180.490204,97,89,138,255,201,1,80,236,128,0,0,0,0,0,0,0
180.824173,180.754364,97,87,139,255,199,1,80,215,128,0,0,0,0,0,0,0
181.098907,181.040253,97,85,138,255,201,1,69,215,128,0,0,0,0,0,0,0
181.373627,181.298859,100,85,138,255,201,1,72,191,0,0,0,0,0,0,0,0
181.593399,181.530121,117,82,138,255,202,0,74,150,0,0,0,0,0,0,0,0
181.868134,181.800659,107,78,136,255,203,0,69,230,128,0,0,0,0,0,0,0
182.142853,182.076981,97,75,137,255,198,2,60,235,0,0,0,0,0,0,0,0
182.417587,182.347122,108,72,136,255,202,0,64,149,128,0,0,0,0,0,0,0
182.692307,182.634445,98,70,136,255,198,1,61,230,0,0,0,0,0,0,0,0
182.967026,182.893723,97,67,136,255,203,0,59,209,128,0,0,0,0,0,0,0
183.186813,183.124207,144,67,136,255,202,0,59,209,128,0,0,0,0,0,0,0
183.461533,183.389313,98,64,137,255,198,1,74,222,128,0,0,0,0,0,0,0
183.736267,183.665405,99,66,137,255,202,0,59,149,0,0,0,0,0,0,0,0
184.010986,183.928085,100,67,137,255,198,1,68,223,128,0,0,0,0,0,0,0
184.285721,184.215546,112,69,137,255,201,2,79,240,0,0,0,0,0,0,0,0
184.505493,184.446228,105,69,137,255,203,0,63,233,128,0,0,0,0,0,0,0
184.780212,184.705139,97,69,137,255,198,2,76,223,0,0,0,0,0,0,0,0
185.054947,184.996338,99,72,138,255,203,0,63,149,128,0,0,0,0,0,0,0
185.329666,185.255875,100,72,137,255,203,1,72,226,0,0,0,0,0,0,0,0
185.549454,185.487320,118,74,137,255,203,0,75,149,128,0,0,0,0,0,0,0
185.824173,185.746246,105,76,138,255,202,0,69,149,128,0,0,0,0,0,0,0
186.098907,186.036560,97,77,138,255,200,1,72,242,128,0,0,0,0,0,0,0
186.373627,186.296814,104,80,139,255,202,0,63,232,0,0,0,0,0,0,0,0
186.593399,186.527237,98,82,138,255,203,1,67,224,0,0,0,0,0,0,0,0
186.868134,186.785645,103,82,139,255,203,0,69,149,0,0,0,0,0,0,0,0
187.142853,187.082779,100,87,139,255,203,0,59,165,0,0,0,0,0,0,0,0
187.417587,187.331787,97,87,139,255,202,0,59,150,0,0,0,0,0,0,0,0
187.692307,187.619446,135,91,140,255,202,1,76,187,128,0,0,0,0,0,0,0
187.912094,187.851059,97,93,139,255,202,1,76,187,128,0,0,0,0,0,0,0
188.186813,188.109924,101,94,140,255,203,0,76,227,0,0,0,0,0,0,0,0
188.461533,188.399017,97,94,140,255,199,1,75,150,128,0,0,0,0,0,0,0
188.736267,188.672470,107,97,140,255,202,0,86,151,0,0,0,0,0,0,0,0
189.010986,188.932251,120,100,140,255,202,0,65,241,128,0,0,0,0,0,0,0
189.230774,189.164886,98,101,141,255,202,1,65,236,0,0,0,0,0,0,0,0
189.505493,189.423492,101,103,141,255,203,0,75,149,128,0,0,0,0,0,0,0
189.780212,189.711044,120,105,141,255,195,1,80,239,0,0,0,0,0,0,0,0
190.054947,189.986191,155,105,141,255,194,2,79,233,128,0,0,0,0,0,0,0
190.329666,190.244644,97,105,142,255,199,0,68,149,0,0,0,0,0,0,0,0
190.549454,190.474319,99,106,142,255,199,0,68,149,0,0,0,0,0,0,0,0
190.824173,190.760696,111,106,141,255,199,0,74,157,0,0,0,0,0,0,0,0
191.098907,191.021606,98,106,141,255,195,1,83,223,128,0,0,0,0,0,0,0
191.373627,191.294296,97,104,142,255,195,1,83,223,128,0,0,0,0,0,0,0
191.648346,191.568878,115,105,141,255,195,1,83,223,128,0,0,0,0,0,0,0
191.923080,191.844070,97,103,141,255,194,2,87,239,0,0,0,0,0,0,0,0
192.197800,192.116135,106,101,141,255,199,0,77,169,128,0,0,0,0,0,0,0
192.417587,192.345947,98,99,140,255,194,2,71,230,128,0,0,0,0,0,0,0
192.692307,192.605438,97,96,139,255,197,1,66,241,128,0,0,0,0,0,0,0
192.967026,192.891556,107,91,139,255,198,0,78,151,0,0,0,0,0,0,0,0
193.186813,193.125519,149,89,139,255,199,0,63,212,128,0,0,0,0,0,0,0
193.461533,193.384079,114,87,138,255,197,0,64,241,128,0,0,0,0,0,0,0
193.736267,193.670197,144,84,139,255,199,0,68,155,0,0,0,0,0,0,0,0
194.010986,193.927383,97,82,138,255,199,0,68,155,0,0,0,0,0,0,0,0
194.230774,194.161133,100,81,138,255,199,0,64,159,0,0,0,0,0,0,0,0
194.505493,194.430756,97,81,137,255,196,2,68,242,128,0,0,0,0,0,0,0
194.780212,194.716568,125,79,138,255,199,0,59,171,0,0,0,0,0,0,0,0
195.054947,194.975174,98,78,138,255,195,1,59,233,128,0,0,0,0,0,0,0
195.274719,195.205399,108,80,138,255,198,0,70,233,128,0,0,0,0,0,0,0
195.549454,195.470200,97,80,138,255,193,1,71,237,128,0,0,0,0,0,0,0
195.824173,195.735367,148,81,138,255,199,1,67,233,0,0,0,0,0,0,0,0
196.098907,196.021088,98,81,138,255,195,1,72,229,128,0,0,0,0,0,0,0
196.318680,196.252899,103,81,139,255,200,0,79,149,0,0,0,0,0,0,0,0
196.593399,196.512131,97,82,139,255,196,2,67,242,128,0,0,0,0,0,0,0
196.868134,196.783936,101,83,139,255,199,1,64,182,0,0,0,0,0,0,0,0
197.142853,197.059906,97,85,139,255,200,1,77,208,128,0,0,0,0,0,0,0
197.417587,197.350372,97,88,139,255,199,1,68,236,0,0,0,0,0,0,0,0
197.692307,197.608475,98,90,140,255,199,1,72,187,0,0,0,0,0,0,0,0
197.912094,197.838654,112,90,139,255,198,0,75,240,0,0,0,0,0,0,0,0
198.186813,198.123795,98,93,140,255,198,0,75,240,0,0,0,0,0,0,0,0
198.461533,198.393829,153,95,141,255,199,0,72,179,0,0,0,0,0,0,0,0
198.736267,198.653961,102,98,141,255,198,0,76,235,0,0,0,0,0,0,0,0
198.956039,198.885223,97,100,140,255,196,1,81,219,128,0,0,0,0,0,0,0
199.230774,199.143158,108,102,141,255,199,0,81,219,128,0,0,0,0,0,0,0
199.505493,199.432663,149,101,141,255,199,0,81,219,128,0,0,0,0,0,0,0
199.780212,199.710007,97,103,141,255,196,1,71,241,0,0,0,0,0,0,0,0
200.054947,199.978394,107,104,142,255,198,1,84,230,128,0,0,0,0,0,0,0
200.274719,200.208420,98,104,140,255,199,1,79,155,0,0,0,0,0,0,0,0
200.549454,200.466415,121,101,140,255,196,2,75,241,128,0,0,0,0,0,0,0
200.824173,200.752945,108,100,140,255,199,0,74,149,0,0,0,0,0,0,0,0
201.098907,201.019440,102,100,140,255,198,0,68,191,128,0,0,0,0,0,0,0
201.373627,201.292374,103,99,141,255,198,0,81,150,0,0,0,0,0,0,0,0
201.593399,201.524246,97,98,140,255,199,0,63,152,128,0,0,0,0,0,0,0
201.868134,201.785156,97,96,140,255,198,1,68,149,0,0,0,0,0,0,0,0
202.142853,202.070572,102,93,140,255,198,1,68,236,0,0,0,0,0,0,0,0
202.417587,202.332397,122,95,140,255,195,1,65,223,0,0,0,0,0,0,0,0
202.637360,202.565796,109,97,141,255,198,0,78,149,0,0,0,0,0,0,0,0
202.912094,202.823944,99,96,140,255,194,2,75,238,0,0,0,0,0,0,0,0
203.186813,203.110535,96,99,141,255,197,1,71,243,128,0,0,0,0,0,0,0
203.461533,203.341431,133,99,140,255,198,0,79,211,0,0,0,0,0,0,0,0
203.736267,203.615845,97,100,141,255,198,0,79,151,0,0,0,0,0,0,0,0
204.010986,203.921478,101,99,140,255,198,1,80,191,0,0,0,0,0,0,0,0
204.285721,204.114395,123,102,142,255,195,1,84,239,128,0,0,0,0,0,0,0
204.505493,204.424850,103,103,141,255,197,1,84,238,0,0,0,0,0,0,0,0
204.780212,204.708817,149,103,141,255,198,1,87,232,0,0,0,0,0,0,0,0
205.054947,204.966156,97,104,140,255,200,1,79,212,128,0,0,0,0,0,0,0
205.274719,205.201950,108,101,141,255,198,1,70,241,0,0,0,0,0,0,0,0
205.549454,205.478638,98,101,140,255,194,1,66,223,0,0,0,0,0,0,0,0
205.824173,205.746246,97,97,140,255,194,2,76,239,0,0,0,0,0,0,0,0
206.098907,206.006805,107,97,140,255,198,1,77,230,0,0,0,0,0,0,0,0
206.373627,206.291748,97,96,140,255,199,0,75,221,0,0,0,0,0,0,0,0
206.593399,206.522797,96,94,140,255,195,2,63,235,128,0,0,0,0,0,0,0
206.868134,206.789703,111,94,140,255,195,2,63,235,128,0,0,0,0,0,0,0
207.142853,207.065460,132,91,139,255,195,2,86,219,128,0,0,0,0,0,0,0
207.417587,207.342850,96,92,140,255,197,0,63,149,0,0,0,0,0,0,0,0
207.692307,207.604233,111,92,140,255,197,1,75,240,128,0,0,0,0,0,0,0
207.967026,207.890350,151,92,139,255,198,0,74,183,0,0,0,0,0,0,0,0
208.186813,208.120316,97,92,140,255,198,0,74,183,0,0,0,0,0,0,0,0
208.461533,208.380005,107,91,140,255,198,1,78,236,0,0,0,0,0,0,0,0
208.736267,208.654541,98,90,139,255,194,1,81,221,128,0,0,0,0,0,0,0
209.010986,208.931107,120,86,138,255,195,0,79,242,0,0,0,0,0,0,0,0
209.285721,209.193451,108,87,139,255,199,0,72,151,128,0,0,0,0,0,0,0
209.560440,209.481628,151,87,139,255,198,1,72,230,0,0,0,0,0,0,0,0
209.835159,209.742081,97,82,138,255,199,0,63,149,128,0,0,0,0,0,0,0
210.054947,209.973541,99,83,138,255,198,0,57,234,0,0,0,0,0,0,0,0
210.329666,210.261856,100,80,137,255,199,1,59,226,128,0,0,0,0,0,0,0
210.604401,210.519699,96,81,138,255,198,0,71,149,0,0,0,0,0,0,0,0
210.879120,210.755554,119,81,137,255,199,1,57,168,128,0,0,0,0,0,0,0
211.098907,211.027573,98,82,138,255,195,2,73,223,0,0,0,0,0,0,0,0
211.373627,211.285110,112,83,139,255,197,1,70,242,0,0,0,0,0,0,0,0
211.648346,211.570877,127,83,138,255,198,1,68,172,128,0,0,0,0,0,0,0
211.923080,211.829178,97,86,139,255,199,1,63,155,0,0,0,0,0,0,0,0
212.142853,212.065033,107,86,139,255,197,1,64,241,128,0,0,0,0,0,0,0
212.417587,212.340698,97,89,139,255,195,2,64,241,128,0,0,0,0,0,0,0
212.692307,212.606003,96,91,139,255,199,0,64,149,128,0,0,0,0,0,0,0
212.967026,212.892441,123,91,139,255,198,1,71,232,0,0,0,0,0,0,0,0
213.241760,213.149567,115,95,141,255,199,0,84,149,0,0,0,0,0,0,0,0
213.461533,213.380768,125,97,141,255,199,0,79,171,128,0,0,0,0,0,0,0
213.736267,213.652328,97,102,142,255,198,0,82,150,128,0,0,0,0,0,0,0
214.010986,213.927826,113,105,142,255,183,1,87,235,128,0,0,0,0,0,0,0
214.285721,214.215424,123,108,141,255,180,2,89,237,128,0,0,0,0,0,0,0
214.560440,214.474350,95,108,143,255,186,1,79,242,0,0,0,0,0,0,0,0
214.780212,214.706009,127,110,142,255,198,0,80,175,128,0,0,0,0,0,0,0
215.054947,214.964981,97,114,143,255,198,0,80,175,128,0,0,0,0,0,0,0
215.329666,215.248749,108,112,143,255,183,0,72,238,128,0,0,0,0,0,0,0
215.549454,215.479019,98,111,141,255,190,1,74,224,0,0,0,0,0,0,0,0
215.824173,215.743423,95,110,142,255,195,1,67,192,128,0,0,0,0,0,0,0
216.098907,216.008575,102,112,142,255,197,0,64,151,0,0,0,0,0,0,0,0
216.373627,216.293884,106,112,143,255,187,0,59,236,128,0,0,0,0,0,0,0
216.648346,216.551834,111,111,142,255,181,1,64,229,0,0,0,0,0,0,0,0
216.868134,216.781647,102,113,142,255,181,1,67,162,128,0,0,0,0,0,0,0
217.142853,217.070129,133,113,143,255,176,1,84,183,0,0,0,0,0,0,0,0
217.417587,217.327408,106,115,143,255,178,0,83,167,128,0,0,0,0,0,0,0
217.637360,217.557327,100,115,142,255,166,1,88,191,0,0,0,0,0,0,0,0
217.912094,217.841812,97,114,142,255,174,2,87,235,128,0,0,0,0,0,0,0
218.186813,218.101654,95,115,143,255,191,1,71,240,0,0,0,0,0,0,0,0
218.406601,218.332138,111,115,142,255,191,0,64,157,0,0,0,0,0,0,0,0
218.681320,218.589310,122,114,142,255,178,1,74,191,0,0,0,0,0,0,0,0
218.956039,218.874969,125,113,141,255,178,0,63,149,0,0,0,0,0,0,0,0
219.175827,219.104843,122,111,142,255,179,0,71,148,128,0,0,0,0,0,0,0
219.450546,219.362686,133,107,142,255,196,1,64,228,0,0,0,0,0,0,0,0
219.725281,219.647232,98,108,142,255,212,2,59,219,128,0,0,0,0,0,0,0
220.000000,219.906296,101,108,142,255,194,0,64,203,0,0,0,0,0,0,0,0
220.219788,220.136108,116,113,143,255,186,1,78,185,128,0,0,0,0,0,0,0
220.494507,220.420898,97,113,141,255,181,1,83,243,0,0,0,0,0,0,0,0
220.769226,220.680847,101,115,143,255,163,1,77,229,128,0,0,0,0,0,0,0
221.043961,220.949188,103,116,143,255,155,0,87,148,0,0,0,0,0,0,0,0
221.263733,221.180176,99,117,143,255,155,1,83,235,0,0,0,0,0,0,0,0
221.538467,221.463989,113,117,143,255,183,1,75,180,0,0,0,0,0,0,0,0
221.813187,221.721283,110,118,143,255,188,0,61,159,128,0,0,0,0,0,0,0
222.032974,221.952011,96,117,141,255,173,0,70,159,128,0,0,0,0,0,0,0
222.307693,222.211655,104,115,143,255,171,0,55,191,128,0,0,0,0,0,0,0
222.582413,222.496292,114,115,142,255,175,1,58,241,0,0,0,0,0,0,0,0
222.802200,222.728043,99,113,142,255,170,1,67,232,0,0,0,0,0,0,0,0
223.076920,223.003540,156,113,143,255,171,1,72,243,0,0,0,0,0,0,0,0
223.351654,223.262833,123,118,143,255,175,1,71,224,128,0,0,0,0,0,0,0
223.626373,223.547012,137,118,143,255,169,2,73,223,128,0,0,0,0,0,0,0
223.901093,223.803726,98,121,143,255,169,2,73,223,128,0,0,0,0,0,0,0
224.120880,224.036209,114,124,144,255,138,0,96,148,128,0,0,0,0,0,0,0
224.395599,224.301102,101,124,144,255,135,2,96,221,0,0,0,0,0,0,0,0
224.670334,224.585190,97,124,143,255,135,2,96,221,0,0,0,0,0,0,0,0
224.890106,224.815048,112,125,143,255,135,2,96,221,0,0,0,0,0,0,0,0
225.164841,225.072540,125,126,144,255,157,0,83,150,128,0,0,0,0,0,0,0
225.439560,225.343170,111,126,144,255,169,0,70,155,0,0,0,0,0,0,0,0
225.714279,225.618362,96,122,143,255,165,0,74,149,128,0,0,0,0,0,0,0
225.989014,225.905869,98,122,143,255,178,0,59,147,0,0,0,0,0,0,0,0
226.263733,226.163879,98,118,142,255,173,1,64,191,128,0,0,0,0,0,0,0
226.483521,226.395279,105,115,142,255,193,1,63,235,0,0,0,0,0,0,0,0
226.758240,226.682419,96,113,141,255,189,2,55,231,128,0,0,0,0,0,0,0
227.032974,226.938736,110,110,141,255,189,2,55,231,128,0,0,0,0,0,0,0
227.252747,227.167633,109,111,142,255,188,1,71,238,128,0,0,0,0,0,0,0
227.527466,227.451950,109,110,141,255,181,0,72,153,0,0,0,0,0,0,0,0
227.802200,227.721527,104,113,142,255,186,0,88,175,128,0,0,0,0,0,0,0
228.076920,227.979874,96,111,141,255,184,1,75,231,128,0,0,0,0,0,0,0
228.296707,228.212402,103,113,142,255,189,1,79,230,128,0,0,0,0,0,0,0
228.571426,228.497665,125,111,142,255,189,1,79,230,128,0,0,0,0,0,0,0
228.846161,228.755859,97,113,142,255,203,1,72,160,0,0,0,0,0,0,0,0
229.065933,228.988586,96,112,141,255,193,0,71,149,128,0,0,0,0,0,0,0
229.340652,229.247147,152,111,141,255,197,0,71,176,0,0,0,0,0,0,0,0
229.615387,229.531387,105,110,141,255,201,1,64,191,128,0,0,0,0,0,0,0
229.890106,229.789383,115,108,141,255,204,1,69,225,0,0,0,0,0,0,0,0
230.109894,230.025085,114,107,141,255,200,2,68,229,128,0,0,0,0,0,0,0
230.384613,230.285492,101,107,141,255,203,1,59,232,0,0,0,0,0,0,0,0
230.659348,230.570068,121,109,141,255,203,1,59,232,0,0,0,0,0,0,0,0
230.879120,230.799789,98,108,142,255,190,1,73,224,0,0,0,0,0,0,0,0
231.153839,231.061417,155,112,142,255,180,0,79,182,128,0,0,0,0,0,0,0
231.428574,231.345184,96,112,142,255,180,0,86,182,128,0,0,0,0,0,0,0
231.703293,231.604828,96,112,143,255,179,1,64,241,128,0,0,0,0,0,0,0
231.923080,231.836075,104,112,142,255,182,1,63,166,0,0,0,0,0,0,0,0
232.197800,232.122452,96,111,142,255,186,1,63,223,0,0,0,0,0,0,0,0
232.472534,232.380402,107,111,142,255,189,1,65,242,128,0,0,0,0,0,0,0
232.692307,232.611298,110,113,143,255,188,1,51,238,128,0,0,0,0,0,0,0
232.967026,232.869690,103,112,143,255,174,1,64,207,128,0,0,0,0,0,0,0
233.241760,233.155518,102,112,143,255,173,1,80,191,0,0,0,0,0,0,0,0
233.461533,233.385330,107,114,142,255,157,1,76,241,0,0,0,0,0,0,0,0
233.736267,233.643219,97,117,143,255,167,1,81,242,0,0,0,0,0,0,0,0
234.010986,233.928528,99,117,143,255,164,0,75,156,128,0,0,0,0,0,0,0
234.285721,234.185501,99,117,143,255,164,0,75,156,128,0,0,0,0,0,0,0
234.505493,234.414658,98,116,143,255,173,1,72,227,128,0,0,0,0,0,0,0
234.780212,234.699707,119,116,143,255,186,1,66,226,0,0,0,0,0,0,0,0
235.054947,234.956726,122,115,143,255,183,0,78,149,128,0,0,0,0,0,0,0
235.274719,235.188904,104,116,142,255,166,0,80,191,0,0,0,0,0,0,0,0
235.549454,235.446686,137,115,142,255,186,0,71,187,128,0,0,0,0,0,0,0
235.824173,235.732971,113,115,142,255,183,0,65,150,0,0,0,0,0,0,0,0
236.043961,235.963547,98,114,143,255,182,0,74,153,128,0,0,0,0,0,0,0
236.318680,236.221558,98,113,142,255,185,1,63,235,0,0,0,0,0,0,0,0
236.593399,236.507126,123,110,141,255,191,1,64,235,128,0,0,0,0,0,0,0
236.813187,236.736420,103,111,142,255,200,1,63,238,128,0,0,0,0,0,0,0
237.087906,236.994827,96,110,142,255,178,0,64,148,128,0,0,0,0,0,0,0
237.362640,237.281708,127,111,143,255,179,1,82,175,0,0,0,0,0,0,0,0
237.637360,237.549530,122,111,142,255,175,2,75,227,0,0,0,0,0,0,0,0
237.912094,237.811066,96,114,142,255,185,1,88,240,128,0,0,0,0,0,0,0
238.131866,238.041702,108,116,143,255,182,0,79,149,0,0,0,0,0,0,0,0
238.406601,238.328140,100,116,141,255,173,1,88,183,128,0,0,0,0,0,0,0
238.681320,238.587158,97,114,142,255,177,1,71,235,0,0,0,0,0,0,0,0
238.901093,238.819122,98,114,142,255,186,1,69,223,128,0,0,0,0,0,0,0
239.175827,239.076813,111,113,142,255,210,1,59,225,0,0,0,0,0,0,0,0
239.450546,239.361496,101,110,142,255,197,0,56,162,128,0,0,0,0,0,0,0
239.725281,239.620697,97,112,142,255,197,0,56,162,128,0,0,0,0,0,0,0
240.000000,239.867172,114,112,141,255,178,0,82,145,128,0,0,0,0,0,0,0
240.219788,240.128815,147,112,142,255,171,1,71,215,0,0,0,0,0,0,0,0
240.494507,240.415192,96,113,142,255,170,0,75,148,128,0,0,0,0,0,0,0
240.769226,240.674103,100,113,142,255,164,1,82,223,0,0,0,0,0,0,0,0
240.989014,240.903870,127,114,142,255,169,0,69,216,128,0,0,0,0,0,0,0
241.263733,241.162842,98,115,143,255,163,1,66,230,128,0,0,0,0,0,0,0
241.538467,241.446457,118,113,142,255,170,1,67,215,128,0,0,0,0,0,0,0
241.813187,241.712891,109,115,143,255,185,1,75,240,0,0,0,0,0,0,0,0
242.032974,241.943115,101,115,142,255,176,1,63,207,0,0,0,0,0,0,0,0
242.307693,242.228836,98,115,143,255,173,1,79,215,0,0,0,0,0,0,0,0
242.582413,242.485458,121,115,143,255,171,1,76,241,0,0,0,0,0,0,0,0
242.802200,242.719009,98,117,143,255,175,0,80,175,128,0,0,0,0,0,0,0
243.076920,242.975983,157,119,143,255,174,1,64,184,0,0,0,0,0,0,0,0
243.351654,243.262054,107,118,143,255,179,0,71,159,128,0,0,0,0,0,0,0
243.571426,243.491760,97,118,143,255,179,1,69,226,0,0,0,0,0,0,0,0
243.846161,243.751190,96,119,143,255,161,2,79,244,128,0,0,0,0,0,0,0
244.120880,244.035431,130,118,143,255,163,0,77,150,0,0,0,0,0,0,0,0
244.395599,244.293472,111,118,143,255,175,0,64,155,128,0,0,0,0,0,0,0
244.615387,244.523499,145,118,142,255,176,1,75,241,0,0,0,0,0,0,0,0
244.890106,244.807724,122,116,142,255,175,0,72,149,128,0,0,0,0,0,0,0
245.164841,245.067001,106,115,143,255,171,2,69,235,0,0,0,0,0,0,0,0
245.384613,245.296921,96,112,143,255,179,0,55,149,128,0,0,0,0,0,0,0
245.659348,245.557892,123,111,142,255,182,0,61,167,0,0,0,0,0,0,0,0
245.934067,245.842987,97,114,142,255,176,2,76,219,128,0,0,0,0,0,0,0
246.153839,246.073257,100,116,142,255,166,0,72,161,0,0,0,0,0,0,0,0
246.428574,246.329880,102,117,143,255,154,1,67,162,0,0,0,0,0,0,0,0
246.703293,246.614975,96,118,144,255,147,0,69,149,128,0,0,0,0,0,0,0
246.978027,246.871338,102,115,142,255,147,0,69,149,128,0,0,0,0,0,0,0
247.197800,247.101196,102,116,143,255,179,1,63,191,128,0,0,0,0,0,0,0
247.472534,247.374405,107,115,141,255,188,1,83,230,0,0,0,0,0,0,0,0
247.747253,247.645706,96,115,143,255,196,0,79,149,128,0,0,0,0,0,0,0
248.021973,247.931274,127,115,143,255,179,1,85,224,0,0,0,0,0,0,0,0
248.296707,248.190384,103,117,143,255,176,1,80,242,128,0,0,0,0,0,0,0
248.516479,248.420212,149,117,143,255,170,0,82,166,0,0,0,0,0,0,0,0
248.791214,248.707153,127,117,142,255,175,0,75,233,128,0,0,0,0,0,0,0
249.065933,248.963608,114,116,143,255,182,1,81,230,0,0,0,0,0,0,0,0
249.285721,249.195419,102,116,141,255,180,1,75,203,128,0,0,0,0,0,0,0
249.560440,249.461914,120,110,141,255,187,0,72,149,128,0,0,0,0,0,0,0
249.835159,249.726685,98,109,142,255,217,0,42,233,128,0,0,0,0,0,0,0
250.109894,250.011368,96,109,142,255,206,1,67,242,0,0,0,0,0,0,0,0
250.329666,250.241486,115,110,141,255,192,1,64,222,128,0,0,0,0,0,0,0
250.604401,250.498001,99,108,141,255,175,1,76,221,128,0,0,0,0,0,0,0
250.879120,250.796555,104,109,142,255,182,0,59,149,128,0,0,0,0,0,0,0
251.153839,251.056091,152,109,142,255,183,1,72,241,128,0,0,0,0,0,0,0
251.373627,251.287277,122,111,142,255,191,1,63,241,0,0,0,0,0,0,0,0
251.648346,251.544662,97,112,142,255,180,1,82,223,128,0,0,0,0,0,0,0
251.923080,251.831818,111,115,143,255,165,0,76,230,128,0,0,0,0,0,0,0
252.197800,252.090530,97,115,142,255,153,1,75,235,128,0,0,0,0,0,0,0
252.417587,252.320251,103,115,143,255,161,1,76,238,0,0,0,0,0,0,0,0
252.692307,252.605301,154,117,143,255,159,0,75,226,128,0,0,0,0,0,0,0
252.967026,252.862625,146,118,144,255,159,1,79,210,0,0,0,0,0,0,0,0
253.186813,253.092239,97,120,143,255,141,2,82,235,128,0,0,0,0,0,0,0
253.461533,253.378311,115,120,143,255,150,1,69,184,0,0,0,0,0,0,0,0
253.736267,253.635223,102,121,143,255,149,1,79,230,128,0,0,0,0,0,0,0
253.956039,253.865204,98,123,144,255,148,1,83,219,0,0,0,0,0,0,0,0
254.230774,254.122437,108,128,144,255,148,1,83,219,0,0,0,0,0,0,0,0
254.505493,254.408142,97,130,145,255,122,1,79,231,0,0,0,0,0,0,0,0
254.780212,254.670502,100,132,146,255,105,1,85,160,128,0,0,0,0,0,0,0
255.000000,254.900574,117,134,145,255,108,1,80,224,0,0,0,0,0,0,0,0
255.274719,255.184494,96,133,145,255,108,1,80,224,0,0,0,0,0,0,0,0
255.549454,255.442184,102,133,145,255,106,1,69,205,0,0,0,0,0,0,0,0
255.769226,255.677109,96,133,145,255,109,0,74,149,128,0,0,0,0,0,0,0
256.043945,255.953171,101,135,146,255,115,0,68,161,0,0,0,0,0,0,0,0
256.318695,256.219757,100,135,144,255,100,1,54,223,128,0,0,0,0,0,0,0
256.593414,256.505066,104,137,145,255,99,1,57,241,0,0,0,0,0,0,0,0
256.868134,256.762268,99,141,146,255,88,2,66,231,0,0,0,0,0,0,0,0
257.087921,256.991821,97,145,147,255,64,2,78,239,128,0,0,0,0,0,0,0
257.362640,257.251953,144,147,147,255,71,0,71,150,0,0,0,0,0,0,0,0
257.637360,257.537384,97,148,147,255,70,0,80,149,128,0,0,0,0,0,0,0
257.857147,257.768677,98,151,147,255,64,1,79,233,0,0,0,0,0,0,0,0
258.131866,258.027222,120,151,148,255,70,0,90,149,128,0,0,0,0,0,0,0
258.406586,258.313873,97,156,148,255,70,0,70,156,0,0,0,0,0,0,0,0
258.681305,258.572632,104,158,148,255,68,1,71,207,128,0,0,0,0,0,0,0
258.901093,258.804535,97,159,148,255,70,0,76,149,0,0,0,0,0,0,0,0
259.175812,259.091125,98,161,149,255,68,1,64,207,128,0,0,0,0,0,0,0
259.450562,259.351288,127,162,149,255,70,0,74,171,0,0,0,0,0,0,0,0
259.670319,259.582306,97,165,148,255,67,1,76,241,128,0,0,0,0,0,0,0
259.945068,259.840210,107,166,148,255,69,0,79,230,128,0,0,0,0,0,0,0
260.219788,260.126862,107,165,149,255,69,1,76,191,128,0,0,0,0,0,0,0
260.494507,260.385803,97,163,149,255,65,1,82,239,128,0,0,0,0,0,0,0
260.714294,260.617645,97,167,149,255,69,0,70,202,128,0,0,0,0,0,0,0
260.989014,260.903137,102,171,150,255,65,2,82,221,0,0,0,0,0,0,0,0
261.263733,261.164673,96,172,149,255,68,2,75,240,128,0,0,0,0,0,0,0
261.483521,261.396027,97,171,150,255,65,1,68,229,128,0,0,0,0,0,0,0
261.758240,261.656006,127,170,150,255,71,0,79,175,0,0,0,0,0,0,0,0
262.032959,261.941162,97,169,149,255,71,0,79,175,0,0,0,0,0,0,0,0
262.307678,262.199158,97,169,149,255,69,0,63,151,0,0,0,0,0,0,0,0
262.527466,262.433075,139,170,149,255,69,1,64,191,128,0,0,0,0,0,0,0
262.802185,262.693390,97,166,148,255,69,1,63,240,0,0,0,0,0,0,0,0
263.076935,262.979645,97,167,149,255,65,2,72,227,128,0,0,0,0,0,0,0
263.296692,263.210175,104,168,150,255,68,1,57,203,0,0,0,0,0,0,0,0
263.571442,263.469513,152,169,149,255,69,1,75,238,128,0,0,0,0,0,0,0
263.846161,263.755585,97,171,149,255,65,2,64,229,0,0,0,0,0,0,0,0
264.120880,264.021027,104,172,149,255,67,1,57,207,128,0,0,0,0,0,0,0
264.340668,264.253479,97,171,149,255,70,0,63,149,0,0,0,0,0,0,0,0
264.615387,264.513336,97,170,150,255,64,2,68,223,128,0,0,0,0,0,0,0
264.890106,264.799591,139,172,150,255,69,1,64,191,0,0,0,0,0,0,0,0
265.164825,265.059998,153,178,151,255,69,0,55,178,128,0,0,0,0,0,0,0
265.439575,265.336639,97,180,152,255,68,2,63,241,0,0,0,0,0,0,0,0
265.659332,265.569611,104,183,152,255,70,1,63,232,0,0,0,0,0,0,0,0
265.934052,265.828827,111,187,153,255,69,1,69,238,0,0,0,0,0,0,0,0
266.208801,266.114288,97,190,153,255,65,2,72,223,0,0,0,0,0,0,0,0
266.483521,266.376404,105,196,152,255,69,1,70,199,128,0,0,0,0,0,0,0
266.703308,266.607452,112,201,154,255,70,0,75,238,0,0,0,0,0,0,0,0
266.978027,266.866150,97,204,154,255,65,2,80,227,128,0,0,0,0,0,0,0
267.252747,267.151459,139,205,155,255,70,1,80,216,0,0,0,0,0,0,0,0
