0.000000,0.000000,105,151,146,255,67,1,62,203,128,0,0,0,0,0,0,0
0.274725,0.270790,123,151,146,255,67,1,62,203,128,0,0,0,0,0,0,0
0.549451,0.546084,105,151,146,255,67,1,62,203,128,0,0,0,0,0,0,0
0.824176,0.820817,105,151,146,255,67,1,62,203,128,0,0,0,0,0,0,0
1.098901,1.095498,104,140,145,255,95,1,62,203,128,0,0,0,0,0,0,0
1.373626,1.370331,104,137,145,255,100,1,70,231,128,0,0,0,0,0,0,0
1.648352,1.646136,104,137,145,255,103,0,76,159,0,0,0,0,0,0,0,0
1.923077,1.921942,104,136,145,255,102,1,68,236,128,0,0,0,0,0,0,0
2.197802,2.197494,106,137,145,255,113,0,68,160,128,0,0,0,0,0,0,0
2.472528,2.463934,103,135,145,255,110,2,67,231,128,0,0,0,0,0,0,0
2.747253,2.749341,144,136,145,255,111,0,63,228,0,0,0,0,0,0,0,0
2.967033,2.980078,104,135,145,255,102,1,64,207,128,0,0,0,0,0,0,0
3.241758,3.237822,104,136,145,255,100,1,64,234,0,0,0,0,0,0,0,0
3.516484,3.524865,123,135,146,255,104,0,66,167,128,0,0,0,0,0,0,0
3.791209,3.782300,104,137,145,255,91,1,64,234,128,0,0,0,0,0,0,0
4.010989,4.012728,104,137,145,255,91,1,64,234,0,0,0,0,0,0,0,0
4.285714,4.298598,104,139,146,255,93,1,72,160,0,0,0,0,0,0,0,0
4.560440,4.555515,104,139,146,255,93,1,72,160,0,0,0,0,0,0,0,0
4.780220,4.794188,104,141,146,255,93,1,72,160,0,0,0,0,0,0,0,0
5.054945,5.069125,106,144,146,255,75,1,69,160,0,0,0,0,0,0,0,0
5.384615,5.344575,104,145,146,255,75,1,69,160,0,0,0,0,0,0,0,0
5.659341,5.619407,104,151,148,255,66,0,71,160,128,0,0,0,0,0,0,0
5.934066,5.895418,149,152,148,255,66,0,71,160,128,0,0,0,0,0,0,0
6.153846,6.166056,104,152,147,255,65,1,65,234,128,0,0,0,0,0,0,0
6.428571,6.423132,104,153,148,255,66,0,72,163,0,0,0,0,0,0,0,0
6.703297,6.708489,104,154,148,255,67,0,74,161,128,0,0,0,0,0,0,0
6.978022,6.968124,104,155,148,255,67,0,63,209,128,0,0,0,0,0,0,0
7.197802,7.201774,104,155,148,255,67,0,85,161,0,0,0,0,0,0,0,0
7.472528,7.488563,104,156,148,255,65,1,64,228,128,0,0,0,0,0,0,0
7.747253,7.747377,128,156,147,255,63,1,71,234,0,0,0,0,0,0,0,0
7.967033,7.978168,105,156,147,255,63,1,71,234,0,0,0,0,0,0,0,0
8.241758,8.243737,105,156,148,255,67,0,82,161,0,0,0,0,0,0,0,0
8.516483,8.514170,108,160,149,255,67,0,80,161,128,0,0,0,0,0,0,0
8.791209,8.800500,105,160,148,255,67,0,84,161,0,0,0,0,0,0,0,0
9.065934,9.058752,119,159,148,255,66,0,83,214,128,0,0,0,0,0,0,0
9.285714,9.291178,104,159,147,255,61,2,79,161,0,0,0,0,0,0,0,0
9.560439,9.551935,107,157,147,255,67,0,79,160,128,0,0,0,0,0,0,0
9.835165,9.838778,104,154,147,255,63,1,87,223,0,0,0,0,0,0,0,0
10.109890,10.098111,127,152,147,255,81,1,73,229,128,0,0,0,0,0,0,0
10.329670,10.327204,104,149,146,255,82,1,75,160,128,0,0,0,0,0,0,0
10.604396,10.596407,104,149,146,255,89,0,76,160,128,0,0,0,0,0,0,0
10.879121,10.882483,104,144,146,255,90,0,68,182,0,0,0,0,0,0,0,0
11.153846,11.141696,104,141,145,255,109,0,76,160,128,0,0,0,0,0,0,0
11.373627,11.371470,104,136,144,255,122,1,71,225,0,0,0,0,0,0,0,0
11.648352,11.659182,149,130,144,255,122,1,71,225,0,0,0,0,0,0,0,0
11.923077,11.923951,104,127,144,255,161,1,61,234,128,0,0,0,0,0,0,0
12.142858,12.153647,104,127,144,255,171,0,61,234,128,0,0,0,0,0,0,0
12.417583,12.411078,125,122,143,255,166,0,61,234,128,0,0,0,0,0,0,0
12.692307,12.696437,104,120,143,255,168,0,64,159,0,0,0,0,0,0,0,0
12.967033,12.963287,104,117,142,255,176,1,62,199,128,0,0,0,0,0,0,0
13.241758,13.234386,104,114,142,255,182,0,58,160,0,0,0,0,0,0,0,0
13.461538,13.465225,127,111,142,255,190,0,49,179,128,0,0,0,0,0,0,0
13.736263,13.723193,104,113,142,255,171,1,61,235,0,0,0,0,0,0,0,0
14.010989,14.008370,104,110,142,255,177,1,68,227,128,0,0,0,0,0,0,0
14.230769,14.241158,138,110,142,255,179,0,63,235,0,0,0,0,0,0,0,0
14.505494,14.499817,104,111,142,255,180,1,72,228,128,0,0,0,0,0,0,0
14.780220,14.783944,104,109,142,255,192,0,72,228,128,0,0,0,0,0,0,0
15.000000,15.013149,104,112,142,255,189,0,64,159,128,0,0,0,0,0,0,0
15.329670,15.287061,104,111,142,255,169,1,79,235,0,0,0,0,0,0,0,0
15.604396,15.561894,104,111,142,255,169,1,79,235,0,0,0,0,0,0,0,0
15.879121,15.836831,104,110,142,255,187,0,65,235,0,0,0,0,0,0,0,0
16.153847,16.139971,104,110,142,255,187,0,65,235,0,0,0,0,0,0,0,0
16.428572,16.414883,104,110,142,255,186,0,65,235,0,0,0,0,0,0,0,0
16.703297,16.689772,104,110,142,255,186,0,65,235,0,0,0,0,0,0,0,0
16.978022,16.964911,104,108,142,255,182,1,70,224,0,0,0,0,0,0,0,0
17.252747,17.240152,104,108,142,255,184,0,61,158,0,0,0,0,0,0,0,0
17.527473,17.515497,136,109,142,255,192,0,60,161,0,0,0,0,0,0,0,0
17.747253,17.748384,101,110,142,255,184,1,64,160,128,0,0,0,0,0,0,0
18.021978,18.033028,127,111,143,255,180,0,74,209,128,0,0,0,0,0,0,0
18.296703,18.291636,103,109,141,255,169,2,75,236,128,0,0,0,0,0,0,0
18.516483,18.521860,103,111,142,255,184,1,69,226,0,0,0,0,0,0,0,0
18.791208,18.780523,104,111,142,255,184,1,69,226,0,0,0,0,0,0,0,0
19.065933,19.065264,104,112,142,255,184,1,69,226,0,0,0,0,0,0,0,0
19.285715,19.294720,104,111,142,255,180,0,76,157,128,0,0,0,0,0,0,0
19.560440,19.552614,112,110,142,255,183,1,76,157,128,0,0,0,0,0,0,0
19.835165,19.827398,104,110,142,255,183,1,76,157,128,0,0,0,0,0,0,0
20.109890,20.102539,104,110,142,255,183,1,76,157,128,0,0,0,0,0,0,0
20.384615,20.377630,104,110,142,255,183,1,76,157,128,0,0,0,0,0,0,0
20.659340,20.652620,104,105,141,255,217,0,76,157,128,0,0,0,0,0,0,0
20.934067,20.928425,104,104,142,255,186,1,60,219,0,0,0,0,0,0,0,0
21.208792,21.203972,104,104,141,255,185,1,72,234,128,0,0,0,0,0,0,0
21.483517,21.480396,104,104,142,255,185,0,74,160,128,0,0,0,0,0,0,0
21.758242,21.743713,104,105,141,255,187,0,72,161,0,0,0,0,0,0,0,0
22.032967,22.028969,104,105,141,255,187,1,67,170,0,0,0,0,0,0,0,0
22.252747,22.258837,104,104,140,255,188,1,65,212,128,0,0,0,0,0,0,0
22.527473,22.516575,104,103,141,255,184,1,63,235,0,0,0,0,0,0,0,0
22.802198,22.804438,105,106,142,255,187,0,64,160,128,0,0,0,0,0,0,0
23.076923,23.062590,104,106,141,255,183,1,69,236,0,0,0,0,0,0,0,0
23.296703,23.292559,104,104,141,255,186,1,64,236,0,0,0,0,0,0,0,0
23.571428,23.554705,104,104,141,255,186,1,64,236,0,0,0,0,0,0,0,0
23.846153,23.830357,104,108,142,255,185,0,76,160,128,0,0,0,0,0,0,0
24.120878,24.121748,146,111,142,255,187,0,71,160,128,0,0,0,0,0,0,0
24.395605,24.379747,104,109,141,255,184,0,76,175,128,0,0,0,0,0,0,0
24.615385,24.610277,104,111,142,255,185,2,76,229,0,0,0,0,0,0,0,0
24.890110,24.895685,102,110,142,255,191,0,72,158,128,0,0,0,0,0,0,0
25.164835,25.156088,104,108,141,255,199,1,68,191,0,0,0,0,0,0,0,0
25.384615,25.385496,104,108,142,255,205,0,64,160,128,0,0,0,0,0,0,0
25.659340,25.644310,104,108,142,255,206,0,63,160,0,0,0,0,0,0,0,0
25.934067,25.928745,106,106,142,255,201,0,63,233,0,0,0,0,0,0,0,0
26.153847,26.159275,104,105,141,255,194,1,69,191,128,0,0,0,0,0,0,0
26.428572,26.417374,104,103,141,255,209,1,63,235,0,0,0,0,0,0,0,0
26.703297,26.703918,104,103,141,255,210,1,55,161,128,0,0,0,0,0,0,0
26.978022,26.961754,104,103,140,255,207,1,55,161,128,0,0,0,0,0,0,0
27.197802,27.191721,104,103,141,255,207,0,64,161,128,0,0,0,0,0,0,0
27.472527,27.476564,105,103,143,255,202,0,64,161,128,0,0,0,0,0,0,0
27.747253,27.739780,104,105,141,255,179,1,76,227,128,0,0,0,0,0,0,0
28.021978,28.015688,104,105,141,255,181,1,80,215,0,0,0,0,0,0,0,0
28.296703,28.291994,104,106,142,255,196,2,71,229,128,0,0,0,0,0,0,0
28.571428,28.567101,122,106,141,255,191,0,83,212,0,0,0,0,0,0,0,0
28.791208,28.796759,104,106,141,255,191,0,83,212,0,0,0,0,0,0,0,0
29.065933,29.053579,104,104,141,255,208,1,64,160,0,0,0,0,0,0,0,0
29.340660,29.338938,104,104,141,255,206,0,71,161,128,0,0,0,0,0,0,0
29.615385,29.599289,104,105,141,255,206,0,65,224,0,0,0,0,0,0,0,0
29.835165,29.829153,104,105,141,255,206,0,64,160,0,0,0,0,0,0,0,0
30.109890,30.115738,104,105,142,255,203,2,63,234,0,0,0,0,0,0,0,0
30.384615,30.373735,104,102,141,255,192,0,70,160,128,0,0,0,0,0,0,0
30.604395,30.604832,104,101,141,255,190,1,72,203,0,0,0,0,0,0,0,0
30.879122,30.863031,105,99,140,255,192,0,72,203,0,0,0,0,0,0,0,0
31.153847,31.148800,104,96,140,255,192,0,72,203,0,0,0,0,0,0,0,0
31.428572,31.415548,104,95,140,255,192,0,72,203,0,0,0,0,0,0,0,0
31.703297,31.693552,104,94,141,255,192,0,64,160,0,0,0,0,0,0,0,0
31.978022,31.970739,104,94,141,255,192,0,64,160,0,0,0,0,0,0,0,0
32.252747,32.246811,104,94,140,255,191,1,64,160,0,0,0,0,0,0,0,0
32.527473,32.523533,104,93,139,255,191,1,66,230,128,0,0,0,0,0,0,0
32.802197,32.799904,127,92,141,255,192,0,59,184,128,0,0,0,0,0,0,0
33.076923,33.071457,152,93,140,255,189,1,59,234,128,0,0,0,0,0,0,0
33.296703,33.302914,104,93,140,255,190,0,68,199,128,0,0,0,0,0,0,0
33.571430,33.563061,104,95,140,255,192,0,63,161,0,0,0,0,0,0,0,0
33.846153,33.850204,104,94,140,255,189,0,67,160,0,0,0,0,0,0,0,0
34.120880,34.111015,104,95,140,255,189,1,73,211,0,0,0,0,0,0,0,0
34.340660,34.342419,104,99,140,255,189,1,72,235,128,0,0,0,0,0,0,0
34.615383,34.601593,104,99,141,255,192,0,70,219,0,0,0,0,0,0,0,0
34.890110,34.888081,104,101,141,255,188,2,67,221,128,0,0,0,0,0,0,0
35.164837,35.161579,107,104,142,255,192,0,67,221,128,0,0,0,0,0,0,0
35.439560,35.436363,104,103,141,255,192,0,72,161,128,0,0,0,0,0,0,0
35.714287,35.707062,106,102,142,255,192,0,68,160,0,0,0,0,0,0,0,0
35.934067,35.938450,106,101,141,255,190,1,71,232,128,0,0,0,0,0,0,0
36.208790,36.197418,117,104,142,255,191,0,68,214,0,0,0,0,0,0,0,0
36.483517,36.482315,151,104,141,255,191,1,75,192,128,0,0,0,0,0,0,0
36.758244,36.742050,104,102,141,255,190,1,67,232,0,0,0,0,0,0,0,0
36.978024,36.973301,104,102,141,255,192,0,73,163,128,0,0,0,0,0,0,0
37.252747,37.232529,104,102,140,255,188,1,68,227,0,0,0,0,0,0,0,0
37.527473,37.518803,104,101,140,255,191,0,68,160,128,0,0,0,0,0,0,0
37.747253,37.750210,104,101,141,255,192,0,67,161,0,0,0,0,0,0,0,0
38.021976,38.008968,106,101,140,255,191,0,64,168,128,0,0,0,0,0,0,0
38.296703,38.294891,104,97,140,255,191,0,64,168,128,0,0,0,0,0,0,0
38.571430,38.553192,104,96,140,255,191,0,64,160,0,0,0,0,0,0,0,0
38.791210,38.783520,104,97,140,255,189,1,64,160,0,0,0,0,0,0,0,0
39.065933,39.069187,104,96,140,255,191,1,71,183,0,0,0,0,0,0,0,0
39.340660,39.345348,104,96,140,255,187,1,64,233,0,0,0,0,0,0,0,0
39.615383,39.610565,104,95,141,255,191,0,78,228,128,0,0,0,0,0,0,0
39.890110,39.870399,127,95,140,255,191,1,73,209,128,0,0,0,0,0,0,0
40.109890,40.101700,151,95,140,255,186,1,82,231,0,0,0,0,0,0,0,0
40.384617,40.388180,104,97,140,255,190,0,73,160,128,0,0,0,0,0,0,0
40.659340,40.649555,104,96,140,255,191,0,72,167,0,0,0,0,0,0,0,0
40.879120,40.881115,104,92,140,255,191,0,74,166,128,0,0,0,0,0,0,0
41.153847,41.139824,104,89,139,255,191,2,76,231,128,0,0,0,0,0,0,0
41.428570,41.425800,105,88,139,255,191,2,76,231,128,0,0,0,0,0,0,0
41.703297,41.684662,105,84,138,255,190,1,69,228,0,0,0,0,0,0,0,0
41.923077,41.922203,104,82,138,255,189,1,72,207,128,0,0,0,0,0,0,0
42.197803,42.197296,104,78,137,255,189,1,70,235,0,0,0,0,0,0,0,0
42.472527,42.456417,104,76,135,255,190,0,69,191,128,0,0,0,0,0,0,0
42.747253,42.742439,112,68,136,255,189,1,66,236,0,0,0,0,0,0,0,0
43.021976,43.001560,104,63,135,255,192,0,61,161,128,0,0,0,0,0,0,0
43.241756,43.236088,149,61,135,255,190,0,64,172,0,0,0,0,0,0,0,0
43.516483,43.504524,144,55,133,255,191,0,61,160,128,0,0,0,0,0,0,0
43.791210,43.791367,123,52,135,255,191,1,58,212,0,0,0,0,0,0,0,0
44.065933,44.050488,104,49,133,255,187,1,52,233,128,0,0,0,0,0,0,0
44.285713,44.281223,104,44,133,255,191,0,52,161,128,0,0,0,0,0,0,0
44.560440,44.542088,104,41,133,255,188,1,55,235,0,0,0,0,0,0,0,0
44.835163,44.828312,104,43,134,255,192,0,63,160,128,0,0,0,0,0,0,0
45.109890,45.087841,104,39,133,255,191,0,59,161,0,0,0,0,0,0,0,0
45.329670,45.319141,104,38,133,255,187,1,57,233,128,0,0,0,0,0,0,0
45.604397,45.605629,105,38,132,255,192,0,54,204,0,0,0,0,0,0,0,0
45.879120,45.864750,104,38,133,255,191,1,61,175,128,0,0,0,0,0,0,0
46.153847,46.130470,104,41,134,255,187,1,63,223,0,0,0,0,0,0,0,0
46.373627,46.375641,104,42,134,255,190,1,64,160,128,0,0,0,0,0,0,0
46.648350,46.635170,104,43,134,255,187,1,53,233,0,0,0,0,0,0,0,0
46.923077,46.921501,107,46,135,255,191,0,63,161,128,0,0,0,0,0,0,0
47.197803,47.180317,104,46,134,255,191,1,47,210,0,0,0,0,0,0,0,0
47.417583,47.414074,104,47,134,255,189,1,58,211,128,0,0,0,0,0,0,0
47.692307,47.672634,104,49,135,255,191,1,58,211,128,0,0,0,0,0,0,0
47.967033,47.958244,104,54,135,255,191,1,58,211,128,0,0,0,0,0,0,0
48.241756,48.221004,104,54,135,255,191,1,58,211,128,0,0,0,0,0,0,0
48.516483,48.497368,104,60,136,255,191,0,75,160,128,0,0,0,0,0,0,0
48.736263,48.737221,104,63,136,255,191,0,80,160,128,0,0,0,0,0,0,0
49.010990,48.995880,105,65,137,255,191,0,80,161,128,0,0,0,0,0,0,0
49.285713,49.281540,104,67,137,255,192,0,83,161,128,0,0,0,0,0,0,0
49.560440,49.541023,104,68,138,255,190,1,75,234,128,0,0,0,0,0,0,0
49.835163,49.808956,104,70,137,255,192,0,79,183,0,0,0,0,0,0,0,0
50.054947,50.042255,104,70,137,255,187,1,64,234,128,0,0,0,0,0,0,0
50.329670,50.328880,104,71,137,255,191,1,82,225,0,0,0,0,0,0,0,0
50.604397,50.586720,104,72,138,255,191,1,71,191,0,0,0,0,0,0,0,0
50.824177,50.818893,104,72,137,255,187,1,58,233,0,0,0,0,0,0,0,0
51.098900,51.082111,104,68,136,255,189,1,67,233,128,0,0,0,0,0,0,0
51.373627,51.368488,104,68,136,255,192,0,70,160,128,0,0,0,0,0,0,0
51.648350,51.626896,104,68,136,255,187,0,70,160,128,0,0,0,0,0,0,0
51.868134,51.858505,117,67,137,255,192,0,57,161,128,0,0,0,0,0,0,0
52.142857,52.119877,104,66,136,255,191,1,55,190,0,0,0,0,0,0,0,0
52.417583,52.406410,104,67,136,255,189,1,69,234,128,0,0,0,0,0,0,0
52.692307,52.665943,104,68,136,255,191,1,68,222,0,0,0,0,0,0,0,0
52.912086,52.897346,120,71,137,255,191,0,67,192,128,0,0,0,0,0,0,0
53.186813,53.185307,104,69,137,255,188,1,72,235,0,0,0,0,0,0,0,0
53.461540,53.443718,115,69,137,255,191,0,75,216,128,0,0,0,0,0,0,0
53.681320,53.675529,104,70,137,255,186,1,77,233,0,0,0,0,0,0,0,0
53.956043,53.934597,104,70,137,255,189,1,80,160,128,0,0,0,0,0,0,0
54.230770,54.221642,124,71,137,255,191,0,75,161,0,0,0,0,0,0,0,0
54.505493,54.481125,104,70,136,255,192,0,74,161,128,0,0,0,0,0,0,0
54.725273,54.713963,104,70,136,255,192,0,79,224,0,0,0,0,0,0,0,0
55.000000,54.972130,104,70,137,255,188,1,64,235,0,0,0,0,0,0,0,0
55.274727,55.259716,116,66,136,255,191,1,72,231,128,0,0,0,0,0,0,0
55.549450,55.526363,104,64,135,255,191,0,63,161,0,0,0,0,0,0,0,0
55.824177,55.803707,104,62,135,255,191,1,63,187,128,0,0,0,0,0,0,0
56.098900,56.078537,116,59,135,255,191,0,64,185,128,0,0,0,0,0,0,0
56.318680,56.310047,106,58,136,255,190,1,64,220,128,0,0,0,0,0,0,0
56.593407,56.569782,127,55,134,255,191,0,61,175,0,0,0,0,0,0,0,0
56.868134,56.856628,104,55,136,255,191,0,69,160,128,0,0,0,0,0,0,0
57.142857,57.117893,104,51,136,255,191,1,80,224,0,0,0,0,0,0,0,0
57.362637,57.349453,127,48,134,255,192,0,74,161,128,0,0,0,0,0,0,0
57.637363,57.608925,104,48,134,255,189,1,80,172,0,0,0,0,0,0,0,0
57.912086,57.895515,105,47,134,255,191,0,67,160,128,0,0,0,0,0,0,0
58.131866,58.127991,104,45,133,255,191,0,70,161,0,0,0,0,0,0,0,0
58.406593,58.386555,153,45,134,255,192,0,66,184,128,0,0,0,0,0,0,0
58.681320,58.672726,144,44,134,255,192,1,66,164,0,0,0,0,0,0,0,0
58.956043,58.930824,130,44,134,255,191,2,64,231,0,0,0,0,0,0,0,0
59.175823,59.164124,106,43,133,255,191,0,56,160,0,0,0,0,0,0,0,0
59.450550,59.422733,104,40,133,255,190,1,55,234,128,0,0,0,0,0,0,0
59.725273,59.709473,104,37,132,255,191,0,55,161,0,0,0,0,0,0,0,0
59.945053,59.941078,104,37,133,255,191,0,63,188,128,0,0,0,0,0,0,0
60.219780,60.200043,106,39,133,255,191,0,56,160,0,0,0,0,0,0,0,0
60.494507,60.486526,104,39,132,255,191,0,55,162,128,0,0,0,0,0,0,0
60.769230,60.745956,132,37,133,255,191,0,64,210,0,0,0,0,0,0,0,0
60.989010,60.976795,153,38,133,255,191,0,64,187,128,0,0,0,0,0,0,0
61.263737,61.236431,104,40,133,255,189,1,39,235,0,0,0,0,0,0,0,0
61.538460,61.522812,104,44,135,255,190,1,58,160,0,0,0,0,0,0,0,0
61.758244,61.754623,104,47,134,255,186,1,52,231,128,0,0,0,0,0,0,0
62.032967,62.013592,106,50,135,255,191,0,63,168,0,0,0,0,0,0,0,0
62.307693,62.300461,104,52,135,255,191,1,63,183,128,0,0,0,0,0,0,0
62.582417,62.560013,104,57,137,255,187,1,63,223,0,0,0,0,0,0,0,0
62.857143,62.828094,104,60,137,255,187,1,63,223,0,0,0,0,0,0,0,0
63.131866,63.102776,106,68,138,255,191,1,71,168,0,0,0,0,0,0,0,0
63.351650,63.334442,105,70,139,255,190,1,64,160,128,0,0,0,0,0,0,0
63.626373,63.621479,147,78,139,255,191,1,76,198,0,0,0,0,0,0,0,0
63.901100,63.880905,104,84,140,255,187,1,63,235,128,0,0,0,0,0,0,0
64.120880,64.114304,104,89,140,255,190,1,75,227,0,0,0,0,0,0,0,0
64.395607,64.373169,104,95,142,255,192,0,72,167,128,0,0,0,0,0,0,0
64.670326,64.659554,150,101,142,255,178,0,80,174,0,0,0,0,0,0,0,0
64.945053,64.918877,104,109,142,255,169,0,95,160,128,0,0,0,0,0,0,0
65.164833,65.149002,128,109,142,255,169,0,95,160,128,0,0,0,0,0,0,0
65.439560,65.434105,104,109,142,255,169,0,95,160,128,0,0,0,0,0,0,0
65.714287,65.694038,104,109,142,255,169,0,95,160,128,0,0,0,0,0,0,0
65.989014,65.969437,104,116,143,255,186,0,63,159,128,0,0,0,0,0,0,0
66.263733,66.244583,104,115,143,255,186,0,72,160,128,0,0,0,0,0,0,0
66.538460,66.514549,104,116,143,255,174,0,76,160,128,0,0,0,0,0,0,0
66.758240,66.743805,104,116,142,255,176,1,68,199,0,0,0,0,0,0,0,0
67.032967,67.001549,103,118,143,255,177,0,63,159,128,0,0,0,0,0,0,0
67.307693,67.286751,103,118,143,255,160,0,75,159,128,0,0,0,0,0,0,0
67.527473,67.519379,104,120,143,255,150,0,68,160,0,0,0,0,0,0,0,0
67.802200,67.776970,147,121,144,255,148,0,66,182,128,0,0,0,0,0,0,0
68.076920,68.062019,105,121,143,255,148,1,72,164,0,0,0,0,0,0,0,0
68.351646,68.319763,118,120,142,255,151,0,64,159,128,0,0,0,0,0,0,0
68.571426,68.549522,106,120,142,255,151,0,64,159,128,0,0,0,0,0,0,0
68.846153,68.833961,128,120,142,255,151,0,64,159,128,0,0,0,0,0,0,0
69.120880,69.091599,104,120,142,255,151,0,64,159,128,0,0,0,0,0,0,0
69.340660,69.328018,104,120,142,255,151,0,64,159,128,0,0,0,0,0,0,0
69.615387,69.603973,104,120,142,255,151,0,64,159,128,0,0,0,0,0,0,0
69.890106,69.879318,103,119,143,255,155,0,56,159,128,0,0,0,0,0,0,0
70.164833,70.155273,114,119,144,255,142,0,63,161,0,0,0,0,0,0,0,0
70.494507,70.430984,104,120,144,255,145,0,64,161,0,0,0,0,0,0,0,0
70.714287,70.694664,104,121,144,255,143,0,71,160,0,0,0,0,0,0,0,0
70.989014,70.980942,140,128,144,255,134,1,82,224,128,0,0,0,0,0,0,0
71.263733,71.239548,125,128,145,255,106,1,77,219,0,0,0,0,0,0,0,0
71.483513,71.470284,148,127,145,255,119,0,80,160,0,0,0,0,0,0,0,0
71.758240,71.731094,119,133,145,255,119,1,87,216,0,0,0,0,0,0,0,0
72.032967,72.015945,104,131,144,255,111,0,89,160,0,0,0,0,0,0,0,0
72.252747,72.245651,128,130,145,255,111,0,89,160,0,0,0,0,0,0,0,0
72.527473,72.516190,150,130,144,255,111,0,89,160,0,0,0,0,0,0,0,0
72.802200,72.791840,104,130,144,255,144,0,74,160,128,0,0,0,0,0,0,0
73.076920,73.067390,108,127,143,255,146,0,74,160,128,0,0,0,0,0,0,0
73.406593,73.342529,126,127,144,255,155,1,59,200,0,0,0,0,0,0,0,0
73.681320,73.646545,105,126,144,255,141,1,66,230,128,0,0,0,0,0,0,0
73.901100,73.879204,147,126,145,255,134,1,64,195,0,0,0,0,0,0,0,0
74.175827,74.164101,104,125,144,255,134,0,72,159,0,0,0,0,0,0,0,0
74.450546,74.421272,104,125,144,255,136,0,72,159,0,0,0,0,0,0,0,0
74.670326,74.650993,104,123,143,255,134,0,58,160,0,0,0,0,0,0,0,0
74.945053,74.912979,103,124,144,255,136,1,53,233,128,0,0,0,0,0,0,0
75.219780,75.197617,107,126,145,255,142,0,53,221,0,0,0,0,0,0,0,0
75.439560,75.428658,104,127,145,255,142,0,53,221,0,0,0,0,0,0,0,0
75.714287,75.685837,111,128,145,255,113,1,61,204,0,0,0,0,0,0,0,0
75.989014,75.955040,105,131,145,255,96,0,64,160,128,0,0,0,0,0,0,0
76.263733,76.231613,111,132,145,255,92,0,53,212,0,0,0,0,0,0,0,0
76.538460,76.517128,151,136,146,255,80,0,68,160,128,0,0,0,0,0,0,0
76.758240,76.747452,107,141,147,255,70,0,64,220,0,0,0,0,0,0,0,0
77.032967,77.005196,104,142,147,255,53,2,58,234,128,0,0,0,0,0,0,0
77.307693,77.292397,104,149,148,255,58,0,57,160,0,0,0,0,0,0,0,0
77.582420,77.551620,104,154,148,255,53,2,72,230,128,0,0,0,0,0,0,0
77.802200,77.783127,104,161,150,255,57,0,70,160,0,0,0,0,0,0,0,0
78.076920,78.041992,104,164,150,255,53,1,72,236,0,0,0,0,0,0,0,0
78.351646,78.328064,104,173,151,255,59,0,75,160,0,0,0,0,0,0,0,0
78.571426,78.559929,104,176,150,255,53,2,78,235,0,0,0,0,0,0,0,0
78.846153,78.819817,105,182,152,255,58,0,68,175,128,0,0,0,0,0,0,0
79.120880,79.111061,104,185,152,255,54,1,85,222,0,0,0,0,0,0,0,0
79.395607,79.360985,108,196,154,255,58,0,90,160,128,0,0,0,0,0,0,0
79.670326,79.638023,104,196,154,255,58,0,90,160,128,0,0,0,0,0,0,0
79.945053,79.914185,130,208,155,255,58,0,90,160,128,0,0,0,0,0,0,0
80.219780,80.187996,108,212,155,255,58,0,87,160,128,0,0,0,0,0,0,0
80.494507,80.474121,136,213,155,255,57,0,66,161,0,0,0,0,0,0,0,0
80.769234,80.733444,120,215,156,255,58,0,83,227,0,0,0,0,0,0,0,0
80.989014,80.965004,104,217,156,255,57,1,63,228,128,0,0,0,0,0,0,0
81.263733,81.227402,128,217,156,255,58,0,76,203,0,0,0,0,0,0,0,0
81.538460,81.513222,152,223,157,255,57,1,69,180,0,0,0,0,0,0,0,0
81.758240,81.745644,136,221,156,255,59,0,68,163,0,0,0,0,0,0,0,0
82.032967,82.015160,152,224,158,255,58,1,69,163,0,0,0,0,0,0,0,0
82.307693,82.287437,136,226,156,255,58,0,70,160,0,0,0,0,0,0,0,0
82.582420,82.546761,104,223,158,255,58,0,80,160,128,0,0,0,0,0,0,0
82.857140,82.832474,104,223,158,255,58,0,80,160,128,0,0,0,0,0,0,0
83.076920,83.063835,152,230,158,255,58,0,80,160,128,0,0,0,0,0,0,0
83.351646,83.327553,104,231,158,255,58,0,80,160,128,0,0,0,0,0,0,0
83.626373,83.604233,104,232,158,255,58,0,80,160,128,0,0,0,0,0,0,0
83.901100,83.880859,104,233,158,255,59,0,76,160,0,0,0,0,0,0,0,0
84.175827,84.157692,122,234,158,255,53,2,71,223,128,0,0,0,0,0,0,0
84.450546,84.426376,104,235,158,255,56,1,65,228,0,0,0,0,0,0,0,0
84.725273,84.712914,104,235,158,255,55,1,56,215,128,0,0,0,0,0,0,0
85.000000,84.970955,104,235,158,255,54,1,65,235,0,0,0,0,0,0,0,0
85.219780,85.202919,104,236,158,255,57,1,63,225,128,0,0,0,0,0,0,0
85.494507,85.464195,149,235,158,255,54,1,63,219,0,0,0,0,0,0,0,0
85.769234,85.750725,104,237,158,255,59,0,64,163,0,0,0,0,0,0,0,0
86.043953,86.008881,152,236,158,255,58,1,64,182,0,0,0,0,0,0,0,0
86.263733,86.241974,104,237,158,255,59,0,69,160,128,0,0,0,0,0,0,0
86.538460,86.501144,104,237,158,255,59,0,67,172,128,0,0,0,0,0,0,0
86.813187,86.787987,105,236,158,255,58,0,69,160,128,0,0,0,0,0,0,0
87.032967,87.020004,104,237,158,255,57,1,72,204,128,0,0,0,0,0,0,0
87.307693,87.281578,110,237,158,255,58,0,65,176,0,0,0,0,0,0,0,0
87.582420,87.568626,136,237,158,255,58,0,71,217,128,0,0,0,0,0,0,0
87.857140,87.827751,116,238,158,255,53,1,71,234,0,0,0,0,0,0,0,0
88.076920,88.059097,104,238,158,255,58,0,68,160,128,0,0,0,0,0,0,0
88.351646,88.318375,104,238,159,255,54,1,79,221,0,0,0,0,0,0,0,0
88.626373,88.603683,104,240,159,255,56,1,74,229,128,0,0,0,0,0,0,0
88.901100,88.863571,104,240,159,255,53,1,77,235,0,0,0,0,0,0,0,0
89.175827,89.139786,149,240,158,255,53,1,77,235,0,0,0,0,0,0,0,0
89.450546,89.416412,133,240,158,255,57,1,79,172,128,0,0,0,0,0,0,0
89.670326,89.656616,104,240,159,255,59,0,68,160,128,0,0,0,0,0,0,0
89.945053,89.917015,104,241,159,255,59,0,63,160,0,0,0,0,0,0,0,0
90.219780,90.203651,104,242,159,255,55,1,63,234,128,0,0,0,0,0,0,0
90.494507,90.461800,104,242,159,255,56,0,64,228,128,0,0,0,0,0,0,0
90.714287,90.697098,143,242,159,255,58,1,66,181,128,0,0,0,0,0,0,0
90.989014,90.956169,104,242,159,255,55,0,64,160,0,0,0,0,0,0,0,0
91.263733,91.243011,104,242,159,255,58,0,54,167,128,0,0,0,0,0,0,0
91.538460,91.501411,104,242,159,255,58,1,70,163,0,0,0,0,0,0,0,0
91.758240,91.733276,104,243,159,255,58,0,61,202,128,0,0,0,0,0,0,0
92.032967,92.018578,104,243,159,255,59,0,68,221,128,0,0,0,0,0,0,0
92.307693,92.279137,104,243,159,255,58,0,63,161,0,0,0,0,0,0,0,0
92.527473,92.511047,104,243,159,255,52,1,66,230,128,0,0,0,0,0,0,0
92.802200,92.772476,104,245,160,255,56,1,66,228,0,0,0,0,0,0,0,0
93.076920,93.038612,128,247,159,255,57,1,76,191,128,0,0,0,0,0,0,0
93.351646,93.325241,104,247,159,255,58,0,71,160,0,0,0,0,0,0,0,0
93.626373,93.584686,138,247,160,255,57,1,72,219,128,0,0,0,0,0,0,0
93.846153,93.817047,151,247,159,255,57,2,67,233,0,0,0,0,0,0,0,0
94.120880,94.105728,104,247,159,255,59,0,72,160,128,0,0,0,0,0,0,0
94.395607,94.364853,104,247,159,255,55,1,72,207,0,0,0,0,0,0,0,0
94.615387,94.596977,104,247,160,255,57,0,76,161,128,0,0,0,0,0,0,0
94.890106,94.855843,104,247,159,255,59,0,79,160,0,0,0,0,0,0,0,0
95.164833,95.142830,104,250,160,255,58,0,77,170,128,0,0,0,0,0,0,0
95.439560,95.401291,104,249,160,255,58,0,72,167,0,0,0,0,0,0,0,0
95.659340,95.632233,105,250,160,255,58,0,72,167,0,0,0,0,0,0,0,0
95.934067,95.892639,104,253,160,255,58,0,72,167,0,0,0,0,0,0,0,0
96.208794,96.188179,107,252,160,255,58,1,73,233,0,0,0,0,0,0,0,0
96.483513,96.461472,147,252,160,255,57,0,64,166,0,0,0,0,0,0,0,0
96.758240,96.720032,127,252,160,255,59,0,65,160,0,0,0,0,0,0,0,0
96.978020,96.952560,115,252,160,255,53,1,57,234,0,0,0,0,0,0,0,0
97.252747,97.210968,134,252,160,255,57,0,66,163,0,0,0,0,0,0,0,0
97.527473,97.499550,151,252,160,255,57,1,56,176,0,0,0,0,0,0,0,0
97.802200,97.759140,122,252,160,255,57,1,63,186,0,0,0,0,0,0,0,0
98.021980,97.990891,111,252,160,255,57,1,56,216,128,0,0,0,0,0,0,0
98.296700,98.278091,104,252,160,255,54,1,63,234,0,0,0,0,0,0,0,0
98.571426,98.536751,104,252,161,255,59,0,80,167,128,0,0,0,0,0,0,0
98.791206,98.768570,104,252,161,255,55,1,80,160,0,0,0,0,0,0,0,0
99.065933,99.027176,104,252,161,255,52,2,81,229,128,0,0,0,0,0,0,0
99.340660,99.314117,104,252,161,255,52,1,79,230,0,0,0,0,0,0,0,0
99.615387,99.572983,123,252,161,255,58,1,75,167,128,0,0,0,0,0,0,0
99.835167,99.804184,104,252,161,255,53,1,86,229,0,0,0,0,0,0,0,0
100.109894,100.090714,119,252,161,255,58,1,66,167,128,0,0,0,0,0,0,0
100.384613,100.350609,104,252,161,255,52,1,78,160,0,0,0,0,0,0,0,0
100.604393,100.582420,104,252,161,255,59,0,73,160,128,0,0,0,0,0,0,0
100.879120,100.841537,104,253,161,255,58,0,72,160,128,0,0,0,0,0,0,0
101.153847,101.126846,104,252,161,255,58,0,69,160,128,0,0,0,0,0,0,0
101.428574,101.386070,104,252,161,255,53,2,59,233,0,0,0,0,0,0,0,0
101.648354,101.616959,105,252,161,255,53,2,59,233,0,0,0,0,0,0,0,0
101.923080,101.902573,127,252,161,255,53,2,59,233,0,0,0,0,0,0,0,0
102.197800,102.161133,105,252,161,255,57,1,66,229,0,0,0,0,0,0,0,0
102.417580,102.395554,140,252,162,255,56,1,62,221,0,0,0,0,0,0,0,0
102.747253,102.672943,150,252,161,255,57,0,76,178,0,0,0,0,0,0,0,0
102.967033,102.945274,132,252,162,255,58,0,78,161,0,0,0,0,0,0,0,0
103.241760,103.204346,113,252,162,255,58,0,64,160,0,0,0,0,0,0,0,0
103.516487,103.491447,136,252,162,255,57,1,70,214,128,0,0,0,0,0,0,0
103.791206,103.750771,104,252,162,255,55,1,74,233,0,0,0,0,0,0,0,0
104.010986,103.984627,104,252,162,255,57,1,75,183,128,0,0,0,0,0,0,0
104.285713,104.243591,152,252,162,255,58,1,80,231,0,0,0,0,0,0,0,0
104.560440,104.529922,104,252,163,255,57,1,79,231,128,0,0,0,0,0,0,0
104.780220,104.761528,111,252,163,255,58,0,73,160,0,0,0,0,0,0,0,0
105.054947,105.021622,104,252,163,255,58,0,70,160,128,0,0,0,0,0,0,0
105.329674,105.307083,104,252,163,255,58,0,67,160,0,0,0,0,0,0,0,0
105.604393,105.566154,104,252,162,255,58,0,67,160,0,0,0,0,0,0,0,0
105.879120,105.842628,106,252,163,255,59,0,66,160,0,0,0,0,0,0,0,0
106.153847,106.119354,104,252,163,255,58,0,83,160,128,0,0,0,0,0,0,0
106.373627,106.351166,104,252,162,255,53,2,80,231,0,0,0,0,0,0,0,0
106.648354,106.610390,104,252,163,255,58,0,91,162,128,0,0,0,0,0,0,0
106.923080,106.897232,128,252,162,255,58,0,73,161,0,0,0,0,0,0,0,0
107.197800,107.158859,149,253,162,255,58,0,81,172,128,0,0,0,0,0,0,0
107.417580,107.390213,104,252,163,255,57,1,79,222,0,0,0,0,0,0,0,0
107.692307,107.649437,151,252,162,255,58,0,72,189,128,0,0,0,0,0,0,0
107.967033,107.934639,104,253,163,255,58,0,72,212,128,0,0,0,0,0,0,0
108.186813,108.166351,104,252,163,255,58,0,72,160,0,0,0,0,0,0,0,0
108.461540,108.426186,104,252,163,255,58,0,76,160,128,0,0,0,0,0,0,0
108.736267,108.712112,107,252,162,255,58,0,76,160,128,0,0,0,0,0,0,0
109.010986,108.970772,104,253,163,255,54,1,76,234,128,0,0,0,0,0,0,0
109.230766,109.201813,104,252,162,255,58,0,62,160,0,0,0,0,0,0,0,0
109.505493,109.460991,104,252,163,255,58,0,67,160,128,0,0,0,0,0,0,0
109.780220,109.747879,104,252,162,255,58,0,67,224,0,0,0,0,0,0,0,0
110.054947,110.007629,120,252,163,255,58,0,64,160,128,0,0,0,0,0,0,0
110.274727,110.239220,104,252,162,255,57,0,63,161,0,0,0,0,0,0,0,0
110.549454,110.526009,124,252,162,255,58,0,63,160,128,0,0,0,0,0,0,0
110.824173,110.785034,151,252,162,255,53,1,69,234,0,0,0,0,0,0,0,0
111.043953,111.015976,136,252,162,255,58,0,63,187,0,0,0,0,0,0,0,0
111.318680,111.274483,104,252,163,255,57,0,66,161,128,0,0,0,0,0,0,0
111.593407,111.562363,104,252,162,255,53,1,62,233,128,0,0,0,0,0,0,0
111.868134,111.821732,103,252,163,255,57,0,66,160,0,0,0,0,0,0,0,0
112.087914,112.056656,104,252,163,255,58,0,67,160,128,0,0,0,0,0,0,0
112.362640,112.315628,104,252,162,255,58,0,67,160,0,0,0,0,0,0,0,0
112.637360,112.602684,104,252,163,255,58,0,66,214,0,0,0,0,0,0,0,0
112.912086,112.834946,116,252,162,255,59,0,64,185,0,0,0,0,0,0,0,0
113.131866,113.096008,104,252,162,255,58,0,79,160,0,0,0,0,0,0,0,0
113.406593,113.383873,126,252,163,255,58,1,61,184,128,0,0,0,0,0,0,0
113.681320,113.643661,151,252,162,255,52,2,53,232,0,0,0,0,0,0,0,0
113.901100,113.875069,104,252,163,255,59,0,68,160,128,0,0,0,0,0,0,0
114.175827,114.133987,104,252,163,255,58,0,64,160,0,0,0,0,0,0,0,0
114.450546,114.427322,104,252,163,255,54,1,63,221,128,0,0,0,0,0,0,0
114.725273,114.686134,104,252,163,255,58,0,69,160,0,0,0,0,0,0,0,0
114.945053,114.918663,104,252,163,255,58,0,70,160,128,0,0,0,0,0,0,0
115.219780,115.177940,104,252,163,255,56,1,82,228,0,0,0,0,0,0,0,0
115.494507,115.466423,104,252,163,255,59,0,69,160,128,0,0,0,0,0,0,0
115.769234,115.724876,103,252,163,255,55,1,80,233,0,0,0,0,0,0,0,0
115.989014,115.956696,104,252,163,255,58,1,74,214,128,0,0,0,0,0,0,0
116.263733,116.216476,116,253,163,255,58,0,76,186,0,0,0,0,0,0,0,0
116.538460,116.503059,104,252,163,255,56,1,72,224,128,0,0,0,0,0,0,0
116.758240,116.734566,150,252,163,255,58,1,74,185,0,0,0,0,0,0,0,0
117.032967,116.994049,104,253,163,255,56,1,68,224,128,0,0,0,0,0,0,0
117.307693,117.280731,151,252,163,255,58,1,78,184,0,0,0,0,0,0,0,0
117.582420,117.540009,133,252,163,255,58,1,78,184,0,0,0,0,0,0,0,0
117.802200,117.770897,148,252,163,255,58,1,78,184,0,0,0,0,0,0,0,0
118.076920,118.029716,103,252,163,255,56,1,68,230,128,0,0,0,0,0,0,0
118.351646,118.303375,133,253,163,255,58,1,62,183,0,0,0,0,0,0,0,0
118.626373,118.588783,104,252,163,255,57,1,75,230,128,0,0,0,0,0,0,0
118.846153,118.820595,127,252,162,255,58,1,69,179,128,0,0,0,0,0,0,0
119.120880,119.079361,104,252,163,255,58,0,69,160,0,0,0,0,0,0,0,0
119.395607,119.368141,104,252,163,255,58,0,67,160,128,0,0,0,0,0,0,0
119.670326,119.627113,104,252,163,255,58,0,67,160,0,0,0,0,0,0,0,0
119.890106,119.859383,104,252,163,255,58,0,69,163,128,0,0,0,0,0,0,0
120.164833,120.117844,128,252,163,255,57,1,73,191,0,0,0,0,0,0,0,0
120.439560,120.404579,104,252,163,255,55,1,66,233,128,0,0,0,0,0,0,0
120.714287,120.663147,115,252,163,255,58,0,69,160,0,0,0,0,0,0,0,0
120.934067,120.895416,151,252,163,255,58,0,71,184,128,0,0,0,0,0,0,0
121.208794,121.182709,111,252,163,255,57,0,80,214,0,0,0,0,0,0,0,0
121.483513,121.442245,151,252,163,255,58,0,70,184,128,0,0,0,0,0,0,0
121.703300,121.673904,104,252,163,255,58,0,84,160,0,0,0,0,0,0,0,0
121.978020,121.933685,123,252,163,255,58,0,80,167,128,0,0,0,0,0,0,0
122.252747,122.220428,103,252,163,255,53,1,82,231,0,0,0,0,0,0,0,0
122.527473,122.480476,103,252,163,255,58,0,79,161,128,0,0,0,0,0,0,0
122.747253,122.711418,104,252,163,255,56,0,79,184,128,0,0,0,0,0,0,0
123.021980,122.970688,104,253,163,255,57,0,71,224,0,0,0,0,0,0,0,0
123.296700,123.257118,104,253,163,255,58,1,74,194,128,0,0,0,0,0,0,0
123.516487,123.489243,104,252,163,255,59,0,64,160,0,0,0,0,0,0,0,0
123.791206,123.748619,107,252,163,255,58,0,67,160,128,0,0,0,0,0,0,0
124.065933,124.035713,120,252,162,255,54,1,70,223,0,0,0,0,0,0,0,0
124.340660,124.294579,138,253,163,255,57,0,71,220,128,0,0,0,0,0,0,0
124.560440,124.526031,104,252,163,255,53,1,70,223,0,0,0,0,0,0,0,0
124.835167,124.786026,145,252,163,255,57,1,69,229,128,0,0,0,0,0,0,0
125.109894,125.073685,104,252,163,255,57,1,63,191,0,0,0,0,0,0,0,0
125.384613,125.332657,104,252,162,255,55,1,62,233,128,0,0,0,0,0,0,0
125.604393,125.564056,104,252,163,255,58,0,60,160,0,0,0,0,0,0,0,0
125.879120,125.851051,104,252,163,255,55,1,62,228,128,0,0,0,0,0,0,0
126.153847,126.110786,104,252,163,255,57,0,55,191,0,0,0,0,0,0,0,0
126.373627,126.341675,104,252,162,255,58,0,69,160,128,0,0,0,0,0,0,0
126.648354,126.601212,111,252,162,255,58,0,69,160,128,0,0,0,0,0,0,0
126.923080,126.887642,104,252,163,255,57,1,72,229,0,0,0,0,0,0,0,0
127.197800,127.146965,104,252,162,255,58,0,71,160,128,0,0,0,0,0,0,0
127.417580,127.385132,104,252,162,255,54,1,83,234,0,0,0,0,0,0,0,0
127.692307,127.648857,136,252,162,255,57,0,81,217,128,0,0,0,0,0,0,0
127.967033,127.936310,120,252,163,255,58,0,87,192,128,0,0,0,0,0,0,0
128.241760,128.194717,136,252,162,255,57,0,84,161,0,0,0,0,0,0,0,0
128.461533,128.426270,112,252,162,255,57,0,76,178,0,0,0,0,0,0,0,0
128.736267,128.688156,138,252,162,255,57,0,80,218,128,0,0,0,0,0,0,0
129.010986,128.974701,151,252,162,255,58,0,81,180,0,0,0,0,0,0,0,0
129.285721,129.234070,136,252,163,255,57,1,77,217,128,0,0,0,0,0,0,0
129.505493,129.465515,151,252,163,255,54,2,75,234,0,0,0,0,0,0,0,0
129.780212,129.751907,103,252,162,255,56,0,74,228,128,0,0,0,0,0,0,0
130.054947,130.011078,104,252,162,255,57,1,69,163,128,0,0,0,0,0,0,0
130.274719,130.242996,104,252,162,255,58,0,65,160,128,0,0,0,0,0,0,0
130.549454,130.501755,104,252,162,255,58,0,71,160,0,0,0,0,0,0,0,0
130.824173,130.788284,104,252,162,255,58,0,68,160,128,0,0,0,0,0,0,0
131.098907,131.047516,104,252,162,255,58,0,56,160,0,0,0,0,0,0,0,0
131.318680,131.279739,120,252,162,255,58,0,58,160,128,0,0,0,0,0,0,0
131.593399,131.538345,105,252,162,255,57,1,64,166,0,0,0,0,0,0,0,0
131.868134,131.824677,121,252,162,255,57,0,65,160,0,0,0,0,0,0,0,0
132.087906,132.056839,112,252,162,255,54,1,67,234,0,0,0,0,0,0,0,0
132.362640,132.316177,127,252,162,255,58,1,69,208,128,0,0,0,0,0,0,0
132.637360,132.604034,104,253,162,255,53,1,60,234,0,0,0,0,0,0,0,0
132.912094,132.862549,130,252,162,255,57,0,71,208,128,0,0,0,0,0,0,0
133.131866,133.093536,103,252,162,255,54,1,71,234,128,0,0,0,0,0,0,0
133.406601,133.352921,119,252,162,255,58,1,75,210,0,0,0,0,0,0,0,0
133.681320,133.639496,149,252,162,255,58,0,68,160,128,0,0,0,0,0,0,0
133.901093,133.871414,103,253,162,255,55,0,66,160,0,0,0,0,0,0,0,0
134.175827,134.131149,104,252,162,255,58,1,67,175,128,0,0,0,0,0,0,0
134.450546,134.418243,104,252,162,255,58,0,67,160,0,0,0,0,0,0,0,0
134.725281,134.677109,104,252,162,255,58,0,69,160,128,0,0,0,0,0,0,0
134.945053,134.909286,104,252,162,255,58,0,66,160,0,0,0,0,0,0,0,0
135.219788,135.168198,104,252,162,255,58,0,64,160,128,0,0,0,0,0,0,0
135.494507,135.455353,112,253,162,255,58,0,70,178,0,0,0,0,0,0,0,0
135.769226,135.714417,107,252,162,255,57,0,76,216,128,0,0,0,0,0,0,0
135.989014,135.946396,150,252,162,255,58,1,82,188,0,0,0,0,0,0,0,0
136.263733,136.231537,137,252,162,255,58,1,77,218,128,0,0,0,0,0,0,0
136.538467,136.490921,104,252,162,255,55,1,80,207,0,0,0,0,0,0,0,0
136.758240,136.722931,148,252,162,255,58,0,80,160,128,0,0,0,0,0,0,0
137.032974,136.982315,104,252,161,255,58,0,74,171,0,0,0,0,0,0,0,0
137.307693,137.268021,104,252,161,255,53,1,77,227,128,0,0,0,0,0,0,0
137.582413,137.527039,103,252,162,255,59,0,73,159,0,0,0,0,0,0,0,0
137.802200,137.758560,104,252,162,255,57,1,67,160,0,0,0,0,0,0,0,0
138.076920,138.045181,104,252,161,255,58,0,71,160,128,0,0,0,0,0,0,0
138.351654,138.304199,104,252,161,255,58,0,63,160,0,0,0,0,0,0,0,0
138.571426,138.536011,140,252,161,255,57,0,59,161,128,0,0,0,0,0,0,0
138.846161,138.795242,129,252,161,255,58,0,72,160,0,0,0,0,0,0,0,0
139.120880,139.081818,103,252,161,255,54,1,60,234,128,0,0,0,0,0,0,0
139.395599,139.340485,103,252,161,255,56,0,70,226,0,0,0,0,0,0,0,0
139.615387,139.571991,146,253,161,255,59,1,63,196,128,0,0,0,0,0,0,0
139.890106,139.858063,151,252,161,255,58,0,64,160,0,0,0,0,0,0,0,0
140.164841,140.117142,109,252,161,255,57,0,74,160,128,0,0,0,0,0,0,0
140.384613,140.349106,104,252,161,255,52,1,66,233,0,0,0,0,0,0,0,0
140.659348,140.609299,107,252,161,255,58,0,69,160,128,0,0,0,0,0,0,0
140.934067,140.895416,104,252,161,255,55,1,64,160,0,0,0,0,0,0,0,0
141.208786,141.154236,104,252,161,255,59,0,66,160,128,0,0,0,0,0,0,0
141.428574,141.385788,104,252,161,255,58,1,66,189,0,0,0,0,0,0,0,0
141.703293,141.645477,105,252,161,255,58,1,72,166,128,0,0,0,0,0,0,0
141.978027,141.931396,104,252,161,255,56,1,73,199,128,0,0,0,0,0,0,0
142.197800,142.164078,105,252,161,255,58,0,72,168,128,0,0,0,0,0,0,0
142.472534,142.423920,111,252,161,255,57,1,68,214,128,0,0,0,0,0,0,0
142.747253,142.710663,104,252,161,255,53,1,69,221,0,0,0,0,0,0,0,0
143.021973,142.970032,150,252,161,255,55,1,76,234,128,0,0,0,0,0,0,0
143.241760,143.202621,145,253,161,255,57,0,71,196,0,0,0,0,0,0,0,0
143.516479,143.461792,146,252,161,255,56,1,70,230,128,0,0,0,0,0,0,0
143.791214,143.748779,104,252,160,255,59,0,75,160,0,0,0,0,0,0,0,0
144.065933,144.007446,104,252,161,255,58,0,71,160,128,0,0,0,0,0,0,0
144.285721,144.238998,103,252,160,255,58,0,74,160,0,0,0,0,0,0,0,0
144.560440,144.525635,104,252,161,255,53,1,68,160,128,0,0,0,0,0,0,0
144.835159,144.784653,104,252,160,255,57,0,77,161,0,0,0,0,0,0,0,0
145.054947,145.016922,104,252,161,255,58,0,61,160,128,0,0,0,0,0,0,0
145.329666,145.275635,104,252,160,255,58,0,63,162,0,0,0,0,0,0,0,0
145.604401,145.561401,128,252,160,255,57,1,63,189,128,0,0,0,0,0,0,0
145.879120,145.820374,115,252,161,255,52,1,59,233,0,0,0,0,0,0,0,0
146.098907,146.051270,146,252,161,255,57,1,73,230,128,0,0,0,0,0,0,0
146.373627,146.338974,123,252,161,255,57,0,68,210,0,0,0,0,0,0,0,0
146.648346,146.597580,151,253,160,255,54,1,73,234,128,0,0,0,0,0,0,0
146.868134,146.829193,104,252,160,255,58,0,72,163,0,0,0,0,0,0,0,0
147.142853,147.087753,104,252,160,255,53,2,71,226,128,0,0,0,0,0,0,0
147.417587,147.374435,103,251,160,255,58,0,68,160,128,0,0,0,0,0,0,0
147.692307,147.633865,104,251,160,255,53,0,84,168,0,0,0,0,0,0,0,0
147.912094,147.865631,104,252,160,255,58,0,75,159,128,0,0,0,0,0,0,0
148.186813,148.152618,103,252,160,255,58,0,72,160,0,0,0,0,0,0,0,0
148.461533,148.412460,104,251,160,255,58,0,83,191,128,0,0,0,0,0,0,0
148.681320,148.644379,106,251,160,255,58,0,81,160,0,0,0,0,0,0,0,0
148.956039,148.902832,104,252,160,255,58,0,81,160,0,0,0,0,0,0,0,0
149.230774,149.190231,152,252,160,255,58,1,83,182,0,0,0,0,0,0,0,0
149.505493,149.449203,103,251,160,255,58,0,73,160,128,0,0,0,0,0,0,0
149.725281,149.681381,127,250,160,255,58,0,75,160,0,0,0,0,0,0,0,0
150.000000,149.940598,103,248,160,255,54,1,80,235,128,0,0,0,0,0,0,0
150.274719,150.226852,104,249,159,255,58,1,75,167,0,0,0,0,0,0,0,0
150.494507,150.458282,151,248,159,255,53,2,75,229,128,0,0,0,0,0,0,0
150.769226,150.717911,103,247,159,255,57,1,64,160,0,0,0,0,0,0,0,0
151.043961,151.003891,104,247,159,255,53,1,71,223,128,0,0,0,0,0,0,0
151.318680,151.262863,103,246,159,255,58,0,66,160,0,0,0,0,0,0,0,0
151.538467,151.493896,104,245,159,255,58,0,59,192,0,0,0,0,0,0,0,0
151.813187,151.753235,104,244,159,255,57,0,58,161,128,0,0,0,0,0,0,0
152.087906,152.039764,104,244,159,255,58,0,63,160,0,0,0,0,0,0,0,0
152.307693,152.271988,106,242,159,255,57,1,55,170,128,0,0,0,0,0,0,0
152.582413,152.531204,129,242,158,255,58,0,58,160,0,0,0,0,0,0,0,0
152.857147,152.817947,110,241,159,255,56,1,69,228,128,0,0,0,0,0,0,0
153.131866,153.076920,134,241,159,255,57,0,62,214,0,0,0,0,0,0,0,0
153.351654,153.308365,151,240,159,255,58,1,73,184,128,0,0,0,0,0,0,0
153.626373,153.567139,140,241,158,255,58,0,67,160,0,0,0,0,0,0,0,0
153.901093,153.854172,103,240,158,255,54,1,71,221,128,0,0,0,0,0,0,0
154.175827,154.113449,103,240,158,255,56,1,73,230,0,0,0,0,0,0,0,0
154.395599,154.345062,104,240,158,255,53,1,71,223,0,0,0,0,0,0,0,0
154.670334,154.632004,103,240,158,255,53,1,72,227,0,0,0,0,0,0,0,0
154.945053,154.891068,104,240,158,255,59,0,58,161,128,0,0,0,0,0,0,0
155.164841,155.122940,104,240,158,255,58,0,74,200,0,0,0,0,0,0,0,0
155.439560,155.382416,108,240,158,255,58,0,69,172,128,0,0,0,0,0,0,0
155.714279,155.668289,104,240,158,255,58,0,71,160,128,0,0,0,0,0,0,0
155.989014,155.930115,151,240,159,255,58,1,63,184,128,0,0,0,0,0,0,0
156.208786,156.161270,103,240,158,255,57,1,62,224,128,0,0,0,0,0,0,0
156.483521,156.421417,130,240,158,255,58,0,63,206,128,0,0,0,0,0,0,0
156.758240,156.707809,152,241,159,255,57,1,63,235,128,0,0,0,0,0,0,0
156.978027,156.939804,103,240,158,255,56,0,71,230,0,0,0,0,0,0,0,0
157.252747,157.198776,111,240,158,255,59,0,63,160,128,0,0,0,0,0,0,0
157.527466,157.485458,104,240,159,255,56,1,69,160,0,0,0,0,0,0,0,0
157.802200,157.744278,104,240,158,255,58,0,72,159,128,0,0,0,0,0,0,0
158.021973,157.976501,104,240,159,255,58,0,69,160,0,0,0,0,0,0,0,0
158.296707,158.235306,106,240,158,255,58,0,63,160,128,0,0,0,0,0,0,0
158.571426,158.522003,130,240,159,255,57,0,57,208,0,0,0,0,0,0,0,0
158.846161,158.781052,152,241,159,255,57,1,68,179,128,0,0,0,0,0,0,0
159.065933,159.012314,138,242,159,255,57,0,61,192,128,0,0,0,0,0,0,0
159.340652,159.299576,104,241,159,255,58,1,61,177,128,0,0,0,0,0,0,0
159.615387,159.558701,103,242,159,255,58,0,55,160,0,0,0,0,0,0,0,0
159.835159,159.790405,115,242,159,255,57,0,64,162,128,0,0,0,0,0,0,0
160.109894,160.049683,103,242,159,255,54,1,67,234,0,0,0,0,0,0,0,0
160.384613,160.335907,103,242,159,255,57,1,67,187,0,0,0,0,0,0,0,0
160.659348,160.595383,103,243,159,255,56,1,72,160,0,0,0,0,0,0,0,0
160.879120,160.826874,104,246,159,255,56,0,75,220,0,0,0,0,0,0,0,0
161.153839,161.113983,104,245,159,255,59,0,77,160,0,0,0,0,0,0,0,0
161.428574,161.374084,107,247,160,255,58,0,68,170,0,0,0,0,0,0,0,0
161.648346,161.605591,104,247,160,255,57,0,69,183,128,0,0,0,0,0,0,0
161.923080,161.864655,110,247,160,255,57,1,68,176,0,0,0,0,0,0,0,0
162.197800,162.151138,128,250,160,255,58,1,71,187,128,0,0,0,0,0,0,0
162.472534,162.410980,150,250,160,255,58,1,66,176,0,0,0,0,0,0,0,0
162.692307,162.643204,136,252,160,255,57,1,66,216,128,0,0,0,0,0,0,0
162.967026,162.901962,103,252,160,255,56,0,67,199,0,0,0,0,0,0,0,0
163.241760,163.188828,103,252,160,255,55,1,63,233,128,0,0,0,0,0,0,0
163.461533,163.420410,105,252,160,255,58,0,64,160,0,0,0,0,0,0,0,0
163.736267,163.679993,103,252,161,255,51,2,57,231,128,0,0,0,0,0,0,0
164.010986,163.966782,104,252,161,255,58,0,64,159,0,0,0,0,0,0,0,0
164.285721,164.225037,103,252,161,255,58,0,63,160,0,0,0,0,0,0,0,0
164.505493,164.456848,104,252,161,255,58,0,63,159,0,0,0,0,0,0,0,0
164.780212,164.716171,104,252,161,255,58,0,68,190,128,0,0,0,0,0,0,0
165.054947,165.002869,104,252,161,255,58,1,63,161,0,0,0,0,0,0,0,0
165.329666,165.262283,116,252,162,255,58,0,65,160,128,0,0,0,0,0,0,0
165.549454,165.493286,104,252,162,255,57,1,74,163,0,0,0,0,0,0,0,0
165.824173,165.780273,124,252,162,255,59,0,63,197,128,0,0,0,0,0,0,0
166.098907,166.039703,103,252,162,255,54,1,78,233,128,0,0,0,0,0,0,0
166.318680,166.271835,139,252,162,255,58,1,71,221,0,0,0,0,0,0,0,0
166.593399,166.530487,149,253,163,255,57,1,71,222,128,0,0,0,0,0,0,0
166.868134,166.817642,103,252,164,255,55,1,67,232,0,0,0,0,0,0,0,0
167.142853,167.077225,133,252,163,255,58,1,67,183,128,0,0,0,0,0,0,0
167.362640,167.308807,103,252,163,255,52,1,68,159,0,0,0,0,0,0,0,0
167.637360,167.594589,104,252,164,255,58,0,64,231,0,0,0,0,0,0,0,0
167.912094,167.854385,104,252,164,255,58,0,63,160,0,0,0,0,0,0,0,0
168.131866,168.086487,104,252,164,255,58,0,77,161,128,0,0,0,0,0,0,0
168.406601,168.346283,104,252,165,255,57,1,63,183,0,0,0,0,0,0,0,0
168.681320,168.633484,103,252,165,255,53,1,72,231,128,0,0,0,0,0,0,0
168.956039,168.892105,138,252,165,255,57,0,77,220,0,0,0,0,0,0,0,0
169.175827,169.124222,103,252,165,255,53,1,71,227,128,0,0,0,0,0,0,0
169.450546,169.383438,145,252,166,255,55,1,66,228,0,0,0,0,0,0,0,0
169.725281,169.669815,137,252,166,255,57,1,83,186,0,0,0,0,0,0,0,0
169.945053,169.902451,103,252,166,255,55,1,80,232,0,0,0,0,0,0,0,0
170.219788,170.160965,105,252,166,255,58,0,84,160,0,0,0,0,0,0,0,0
170.494507,170.447647,103,252,166,255,53,1,91,159,128,0,0,0,0,0,0,0
170.769226,170.707596,104,252,166,255,58,0,84,159,128,0,0,0,0,0,0,0
170.989014,170.939865,103,252,167,255,59,0,76,160,128,0,0,0,0,0,0,0
171.263733,171.198929,104,252,167,255,57,0,69,224,0,0,0,0,0,0,0,0
171.538467,171.485260,128,252,167,255,58,0,73,160,128,0,0,0,0,0,0,0
171.813187,171.745514,106,252,167,255,58,0,71,168,0,0,0,0,0,0,0,0
172.032974,171.976974,104,252,167,255,58,0,64,184,128,0,0,0,0,0,0,0
172.307693,172.264679,106,252,167,255,58,0,61,169,0,0,0,0,0,0,0,0
172.582413,172.524414,128,252,167,255,58,1,67,183,128,0,0,0,0,0,0,0
172.802200,172.756180,103,252,168,255,54,1,74,232,0,0,0,0,0,0,0,0
173.076920,173.015900,130,252,168,255,57,1,60,208,128,0,0,0,0,0,0,0
173.351654,173.303101,104,252,168,255,57,1,64,162,0,0,0,0,0,0,0,0
173.626373,173.562225,107,252,169,255,57,1,80,214,128,0,0,0,0,0,0,0
173.846161,173.792969,150,252,168,255,52,1,80,229,0,0,0,0,0,0,0,0
174.120880,174.052902,103,252,169,255,57,0,77,159,128,0,0,0,0,0,0,0
174.395599,174.339493,103,252,169,255,52,1,92,223,0,0,0,0,0,0,0,0
174.615387,174.570786,103,252,169,255,58,0,87,159,128,0,0,0,0,0,0,0
174.890106,174.831863,103,252,169,255,56,1,84,160,0,0,0,0,0,0,0,0
175.164841,175.117783,104,252,169,255,58,0,84,159,128,0,0,0,0,0,0,0
175.439560,175.377106,103,252,169,255,59,0,79,160,0,0,0,0,0,0,0,0
175.659348,175.609222,104,252,169,255,58,0,87,160,0,0,0,0,0,0,0,0
175.934067,175.868866,150,253,169,255,58,1,84,189,128,0,0,0,0,0,0,0
176.208786,176.155548,104,252,170,255,57,0,79,162,0,0,0,0,0,0,0,0
176.483521,176.414459,126,252,170,255,58,0,84,200,128,0,0,0,0,0,0,0
176.703293,176.645874,150,253,170,255,57,1,79,174,0,0,0,0,0,0,0,0
176.978027,176.931931,103,252,171,255,57,1,73,216,128,0,0,0,0,0,0,0
177.252747,177.191513,149,252,170,255,53,1,63,223,0,0,0,0,0,0,0,0
177.472534,177.423279,103,252,170,255,57,1,66,218,128,0,0,0,0,0,0,0
177.747253,177.682861,143,253,171,255,55,1,82,207,0,0,0,0,0,0,0,0
178.021973,177.969498,103,252,171,255,55,1,79,159,128,0,0,0,0,0,0,0
178.296707,178.228317,104,252,171,255,59,0,68,159,0,0,0,0,0,0,0,0
178.516479,178.459610,103,252,171,255,58,0,85,160,128,0,0,0,0,0,0,0
178.791214,178.719299,104,252,171,255,58,0,73,159,0,0,0,0,0,0,0,0
179.065933,179.005676,116,253,171,255,58,0,92,160,128,0,0,0,0,0,0,0
179.285721,179.238663,104,252,171,255,57,0,66,164,0,0,0,0,0,0,0,0
179.560440,179.496826,125,252,171,255,56,1,87,191,0,0,0,0,0,0,0,0
179.835159,179.783615,103,252,171,255,53,2,64,232,128,0,0,0,0,0,0,0
180.109894,180.042587,140,253,171,255,58,0,79,159,0,0,0,0,0,0,0,0
180.329666,180.274979,135,252,171,255,57,0,71,201,128,0,0,0,0,0,0,0
180.604401,180.534683,147,252,172,255,58,0,80,159,0,0,0,0,0,0,0,0
180.879120,180.821274,135,252,172,255,57,1,79,183,128,0,0,0,0,0,0,0
181.098907,181.052521,103,252,171,255,56,1,64,230,0,0,0,0,0,0,0,0
181.373627,181.312469,117,252,171,255,59,0,82,159,128,0,0,0,0,0,0,0
181.648346,181.599045,103,252,171,255,55,0,67,160,0,0,0,0,0,0,0,0
181.923080,181.857971,103,252,172,255,58,1,80,171,128,0,0,0,0,0,0,0
182.142853,182.089722,103,252,172,255,58,0,71,159,0,0,0,0,0,0,0,0
182.417587,182.349060,116,252,172,255,58,0,80,160,128,0,0,0,0,0,0,0
182.692307,182.635437,104,252,172,255,58,0,63,159,0,0,0,0,0,0,0,0
182.967026,182.894150,103,252,171,255,58,0,80,160,128,0,0,0,0,0,0,0
183.186813,183.126266,104,252,172,255,58,0,55,160,0,0,0,0,0,0,0,0
183.461533,183.413513,117,253,172,255,58,0,79,187,128,0,0,0,0,0,0,0
183.736267,183.672531,105,252,172,255,57,1,64,168,0,0,0,0,0,0,0,0
183.956039,183.903839,112,252,172,255,58,0,65,159,0,0,0,0,0,0,0,0
184.230774,184.163055,148,252,172,255,58,1,87,171,0,0,0,0,0,0,0,0
184.505493,184.449448,122,252,172,255,56,1,80,203,0,0,0,0,0,0,0,0
184.780212,184.708710,145,253,173,255,58,0,64,228,128,0,0,0,0,0,0,0
185.000000,184.941147,103,252,172,255,57,1,63,187,0,0,0,0,0,0,0,0
185.274719,185.200119,148,252,172,255,55,1,87,231,128,0,0,0,0,0,0,0
185.549454,185.486893,141,252,172,255,57,0,88,185,0,0,0,0,0,0,0,0
185.769226,185.718658,103,252,172,255,53,1,64,231,128,0,0,0,0,0,0,0
186.043961,185.978607,103,252,173,255,59,0,63,160,0,0,0,0,0,0,0,0
186.318680,186.265442,103,252,173,255,59,0,79,159,128,0,0,0,0,0,0,0
186.593399,186.524200,104,252,172,255,58,0,89,159,0,0,0,0,0,0,0,0
186.813187,186.756073,107,252,172,255,59,0,80,159,128,0,0,0,0,0,0,0
187.087906,187.016113,104,252,172,255,58,0,72,208,0,0,0,0,0,0,0,0
187.362640,187.302795,112,252,172,255,58,0,72,159,128,0,0,0,0,0,0,0
187.637360,187.562393,104,252,172,255,57,1,72,160,0,0,0,0,0,0,0,0
187.857147,187.793991,114,253,172,255,58,0,64,159,128,0,0,0,0,0,0,0
188.131866,188.080429,118,252,173,255,57,0,68,208,0,0,0,0,0,0,0,0
188.406601,188.339539,150,252,172,255,53,2,64,231,128,0,0,0,0,0,0,0
188.626373,188.571457,137,252,172,255,57,0,72,160,0,0,0,0,0,0,0,0
188.901093,188.830429,112,252,172,255,53,1,84,231,128,0,0,0,0,0,0,0
189.175827,189.116302,117,252,172,255,57,1,96,208,0,0,0,0,0,0,0,0
189.450546,189.375259,148,252,172,255,57,1,87,170,0,0,0,0,0,0,0,0
189.670334,189.607376,103,252,173,255,58,0,71,216,0,0,0,0,0,0,0,0
189.945053,189.893661,150,252,173,255,53,1,68,229,0,0,0,0,0,0,0,0
190.219788,190.152313,111,252,173,255,58,0,88,211,128,0,0,0,0,0,0,0
190.439560,190.383972,148,252,172,255,55,1,87,231,0,0,0,0,0,0,0,0
190.714279,190.643616,121,252,172,255,58,2,63,219,128,0,0,0,0,0,0,0
190.989014,190.929886,103,252,172,255,58,0,72,159,0,0,0,0,0,0,0,0
191.263733,191.189209,103,252,172,255,58,0,80,159,128,0,0,0,0,0,0,0
191.483521,191.420319,103,252,172,255,58,0,87,168,0,0,0,0,0,0,0,0
191.758240,191.707001,104,252,172,255,59,0,59,160,128,0,0,0,0,0,0,0
192.032974,191.966690,103,252,172,255,58,0,64,159,0,0,0,0,0,0,0,0
192.252747,192.199066,103,252,171,255,59,0,78,160,128,0,0,0,0,0,0,0
192.527466,192.458344,108,252,171,255,58,0,63,159,0,0,0,0,0,0,0,0
192.802200,192.744354,103,252,171,255,59,0,47,160,128,0,0,0,0,0,0,0
193.076920,193.004150,106,252,171,255,58,1,68,168,0,0,0,0,0,0,0,0
193.296707,193.236526,124,252,171,255,58,0,63,198,128,0,0,0,0,0,0,0
193.571426,193.496063,144,253,171,255,57,0,64,163,0,0,0,0,0,0,0,0
193.846161,193.781769,112,252,171,255,58,0,82,159,0,0,0,0,0,0,0,0
194.065933,194.013885,104,252,171,255,59,0,64,159,128,0,0,0,0,0,0,0
194.340652,194.273666,128,252,171,255,59,0,55,167,0,0,0,0,0,0,0,0
194.615387,194.559799,148,252,171,255,58,0,64,160,128,0,0,0,0,0,0,0
194.890106,194.819016,111,252,170,255,59,0,72,159,0,0,0,0,0,0,0,0
195.109894,195.050995,103,253,171,255,56,0,52,228,128,0,0,0,0,0,0,0
195.384613,195.310165,148,252,171,255,57,1,59,229,0,0,0,0,0,0,0,0
195.659348,195.596802,127,252,170,255,59,0,63,200,128,0,0,0,0,0,0,0
195.934067,195.855774,148,252,171,255,54,1,63,230,0,0,0,0,0,0,0,0
196.153839,196.087631,127,253,170,255,58,1,63,175,128,0,0,0,0,0,0,0
196.428574,196.374420,107,252,170,255,58,1,75,212,0,0,0,0,0,0,0,0
196.703293,196.634674,103,252,170,255,54,1,79,230,128,0,0,0,0,0,0,0
196.923080,196.866272,107,252,170,255,57,0,71,159,0,0,0,0,0,0,0,0
197.197800,197.124985,104,252,170,255,59,0,84,159,128,0,0,0,0,0,0,0
197.472534,197.411163,104,252,170,255,58,0,84,159,0,0,0,0,0,0,0,0
197.747253,197.670792,135,252,169,255,58,1,63,189,128,0,0,0,0,0,0,0
197.967026,197.902618,103,252,169,255,54,1,63,231,0,0,0,0,0,0,0,0
198.241760,198.189194,127,253,170,255,57,1,63,183,128,0,0,0,0,0,0,0
198.516479,198.447952,103,252,169,255,56,1,54,159,0,0,0,0,0,0,0,0
198.736267,198.679108,103,252,169,255,57,1,64,191,128,0,0,0,0,0,0,0
199.010986,198.938995,103,252,169,255,59,0,74,159,128,0,0,0,0,0,0,0
199.285721,199.225479,103,252,169,255,53,1,63,230,0,0,0,0,0,0,0,0
199.560440,199.485168,103,253,169,255,58,1,63,159,128,0,0,0,0,0,0,0
199.780212,199.717178,103,252,169,255,59,0,64,159,0,0,0,0,0,0,0,0
200.054947,199.975540,103,252,169,255,54,1,79,229,0,0,0,0,0,0,0,0
200.329666,200.262985,143,252,169,255,58,0,84,181,0,0,0,0,0,0,0,0
200.549454,200.495514,107,252,168,255,57,0,72,159,128,0,0,0,0,0,0,0
200.824173,200.754593,103,252,169,255,56,1,60,225,0,0,0,0,0,0,0,0
201.098907,201.041229,148,252,168,255,53,1,76,225,128,0,0,0,0,0,0,0
201.373627,201.300598,127,252,168,255,58,0,63,175,0,0,0,0,0,0,0,0
201.593399,201.531799,103,253,168,255,57,1,72,220,128,0,0,0,0,0,0,0
201.868134,201.791031,148,252,168,255,59,0,76,159,0,0,0,0,0,0,0,0
202.142853,202.077820,103,252,168,255,55,1,64,207,128,0,0,0,0,0,0,0
202.417587,202.337448,103,252,168,255,58,0,71,214,0,0,0,0,0,0,0,0
202.637360,202.569717,104,252,168,255,59,0,64,159,128,0,0,0,0,0,0,0
202.912094,202.856354,123,252,167,255,59,0,71,167,0,0,0,0,0,0,0,0
203.186813,203.115631,103,252,167,255,55,1,86,228,128,0,0,0,0,0,0,0
203.406601,203.347900,145,252,167,255,55,1,71,215,0,0,0,0,0,0,0,0
203.681320,203.607086,110,252,167,255,57,1,80,159,0,0,0,0,0,0,0,0
203.956039,203.893463,103,252,167,255,58,0,75,159,128,0,0,0,0,0,0,0
204.230774,204.152527,148,252,167,255,53,2,76,223,0,0,0,0,0,0,0,0
204.450546,204.384033,103,252,167,255,59,0,61,171,128,0,0,0,0,0,0,0
204.725281,204.670624,103,252,167,255,57,1,75,224,0,0,0,0,0,0,0,0
205.000000,204.930923,141,252,167,255,59,0,64,159,128,0,0,0,0,0,0,0
205.219788,205.162415,103,252,166,255,58,1,72,206,0,0,0,0,0,0,0,0
205.494507,205.421082,103,252,166,255,56,1,64,228,128,0,0,0,0,0,0,0
205.769226,205.707367,103,252,166,255,59,0,71,159,0,0,0,0,0,0,0,0
206.043961,205.966431,103,252,166,255,56,1,71,159,128,0,0,0,0,0,0,0
206.263733,206.198563,104,252,166,255,58,0,71,159,0,0,0,0,0,0,0,0
206.538467,206.457733,112,252,166,255,59,0,71,159,128,0,0,0,0,0,0,0
206.813187,206.744934,104,252,166,255,58,0,64,160,0,0,0,0,0,0,0,0
207.032974,206.975861,113,252,166,255,59,0,65,159,128,0,0,0,0,0,0,0
207.307693,207.235657,103,252,165,255,58,1,71,208,0,0,0,0,0,0,0,0
207.582413,207.522598,105,252,166,255,57,1,63,168,128,0,0,0,0,0,0,0
207.857147,207.782181,127,252,165,255,57,1,61,198,0,0,0,0,0,0,0,0
208.076920,208.012924,144,253,165,255,59,0,71,159,0,0,0,0,0,0,0,0
208.351654,208.272141,111,252,165,255,57,0,72,205,128,0,0,0,0,0,0,0
208.626373,208.558578,104,252,165,255,58,0,65,159,0,0,0,0,0,0,0,0
208.846161,208.789764,127,252,165,255,57,0,77,179,128,0,0,0,0,0,0,0
209.120880,209.048950,104,252,165,255,59,0,75,159,0,0,0,0,0,0,0,0
209.395599,209.336502,118,252,165,255,57,1,72,188,128,0,0,0,0,0,0,0
209.670334,209.595520,138,252,165,255,58,1,80,219,0,0,0,0,0,0,0,0
209.890106,209.826920,147,253,164,255,58,1,63,184,128,0,0,0,0,0,0,0
210.164841,210.085632,141,252,164,255,57,1,67,224,0,0,0,0,0,0,0,0
210.439560,210.373047,143,252,165,255,57,1,69,207,128,0,0,0,0,0,0,0
210.714279,210.632721,103,252,164,255,57,1,73,220,0,0,0,0,0,0,0,0
210.934067,210.864517,147,252,164,255,54,2,77,219,128,0,0,0,0,0,0,0
211.208786,211.151276,104,252,164,255,59,0,67,159,0,0,0,0,0,0,0,0
211.483521,211.410858,110,253,164,255,59,0,61,159,128,0,0,0,0,0,0,0
211.703293,211.642365,103,252,163,255,59,0,74,159,0,0,0,0,0,0,0,0
211.978027,211.901077,103,252,164,255,56,0,63,159,128,0,0,0,0,0,0,0
212.252747,212.188782,103,252,163,255,58,0,68,159,0,0,0,0,0,0,0,0
212.527466,212.447815,103,252,163,255,58,1,64,174,128,0,0,0,0,0,0,0
212.747253,212.678757,103,252,163,255,59,0,57,159,128,0,0,0,0,0,0,0
213.021973,212.938019,106,252,163,255,59,0,72,159,128,0,0,0,0,0,0,0
213.296707,213.224655,103,252,163,255,59,0,59,160,128,0,0,0,0,0,0,0
213.516479,213.456009,108,253,163,255,59,0,56,228,0,0,0,0,0,0,0,0
213.791214,213.715195,132,252,163,255,58,0,72,160,128,0,0,0,0,0,0,0
214.065933,214.002075,103,252,163,255,53,2,72,223,0,0,0,0,0,0,0,0
214.340652,214.261047,136,252,163,255,58,0,68,216,128,0,0,0,0,0,0,0
214.560440,214.492142,146,252,163,255,58,1,64,184,0,0,0,0,0,0,0,0
214.835159,214.751266,140,253,162,255,57,0,71,220,128,0,0,0,0,0,0,0
215.109894,215.037582,142,252,163,255,58,0,64,207,0,0,0,0,0,0,0,0
215.329666,215.269653,103,252,163,255,56,1,64,224,128,0,0,0,0,0,0,0
215.604401,215.528992,119,252,162,255,58,0,71,167,0,0,0,0,0,0,0,0
215.879120,215.815674,103,252,162,255,54,1,73,159,128,0,0,0,0,0,0,0
216.153839,216.077759,118,252,162,255,58,0,65,159,0,0,0,0,0,0,0,0
216.373627,216.309280,103,252,162,255,59,0,72,159,128,0,0,0,0,0,0,0
216.648346,216.569519,103,252,162,255,59,0,72,159,0,0,0,0,0,0,0,0
216.923080,216.854980,104,252,162,255,59,0,68,159,128,0,0,0,0,0,0,0
217.197800,217.114105,103,252,162,255,57,0,76,201,128,0,0,0,0,0,0,0
217.417587,217.346481,110,252,162,255,59,0,72,159,128,0,0,0,0,0,0,0
217.692307,217.633102,137,252,162,255,58,0,64,160,0,0,0,0,0,0,0,0
217.967026,217.892548,120,253,161,255,58,0,70,192,0,0,0,0,0,0,0,0
218.186813,218.123840,146,253,161,255,58,0,67,169,128,0,0,0,0,0,0,0
218.461533,218.382660,103,252,162,255,57,1,64,210,0,0,0,0,0,0,0,0
218.736267,218.669342,148,253,161,255,54,1,59,227,128,0,0,0,0,0,0,0
219.010986,218.928207,103,252,161,255,58,1,76,216,0,0,0,0,0,0,0,0
219.230774,219.160278,146,252,161,255,53,1,71,221,128,0,0,0,0,0,0,0
219.505493,219.419662,103,252,161,255,59,0,75,158,0,0,0,0,0,0,0,0
219.780212,219.706497,103,252,161,255,59,0,69,159,128,0,0,0,0,0,0,0
220.000000,219.938416,103,252,161,255,59,0,77,159,0,0,0,0,0,0,0,0
220.274719,220.198151,103,252,161,255,59,0,71,159,128,0,0,0,0,0,0,0
220.549454,220.484833,103,252,161,255,58,0,76,159,0,0,0,0,0,0,0,0
220.824173,220.743698,126,252,161,255,59,0,69,159,128,0,0,0,0,0,0,0
221.043961,220.975250,116,252,161,255,58,0,72,184,0,0,0,0,0,0,0,0
221.318680,221.234787,103,252,161,255,54,1,66,226,128,0,0,0,0,0,0,0
221.593399,221.520554,103,252,161,255,57,1,64,224,0,0,0,0,0,0,0,0
221.813187,221.751083,103,252,160,255,58,0,66,159,0,0,0,0,0,0,0,0
222.087906,222.011337,103,252,161,255,59,0,66,159,0,0,0,0,0,0,0,0
222.362640,222.297607,103,252,161,255,59,0,67,159,128,0,0,0,0,0,0,0
222.637360,222.557190,103,252,160,255,59,0,66,160,128,0,0,0,0,0,0,0
222.857147,222.789261,125,252,161,255,59,0,64,159,0,0,0,0,0,0,0,0
223.131866,223.048386,120,252,161,255,57,1,64,191,128,0,0,0,0,0,0,0
223.406601,223.335327,143,252,161,255,57,0,63,215,0,0,0,0,0,0,0,0
223.681320,223.595322,103,252,160,255,54,1,64,222,128,0,0,0,0,0,0,0
223.901093,223.826767,103,252,160,255,58,0,64,158,0,0,0,0,0,0,0,0
224.175827,224.113663,103,252,161,255,59,0,62,159,128,0,0,0,0,0,0,0
224.450546,224.372162,147,252,160,255,58,1,59,176,0,0,0,0,0,0,0,0
224.670334,224.604141,106,252,160,255,54,1,67,226,128,0,0,0,0,0,0,0
224.945053,224.863617,144,253,160,255,57,1,66,224,0,0,0,0,0,0,0,0
225.219788,225.150101,103,252,160,255,59,0,64,159,128,0,0,0,0,0,0,0
225.494507,225.408813,119,252,160,255,59,0,68,167,0,0,0,0,0,0,0,0
225.714279,225.640884,103,252,160,255,54,1,72,162,128,0,0,0,0,0,0,0
225.989014,225.927216,103,251,160,255,58,0,72,158,0,0,0,0,0,0,0,0
226.263733,226.185974,103,252,160,255,59,0,74,202,128,0,0,0,0,0,0,0
226.483521,226.417587,123,252,160,255,58,0,69,196,0,0,0,0,0,0,0,0
226.758240,226.676239,146,252,160,255,57,0,70,176,128,0,0,0,0,0,0,0
227.032974,226.963242,146,252,160,255,59,0,72,158,128,0,0,0,0,0,0,0
227.307693,227.222366,103,252,160,255,57,1,67,158,0,0,0,0,0,0,0,0
227.527466,227.453766,103,252,160,255,59,1,67,159,128,0,0,0,0,0,0,0
227.802200,227.712891,103,251,160,255,59,0,59,159,0,0,0,0,0,0,0,0
228.076920,227.999619,103,251,160,255,59,0,61,160,128,0,0,0,0,0,0,0
228.296707,228.232864,103,252,160,255,58,0,61,158,0,0,0,0,0,0,0,0
228.571426,228.492355,103,252,160,255,58,0,66,212,128,0,0,0,0,0,0,0
228.846161,228.778885,103,252,160,255,58,0,58,159,0,0,0,0,0,0,0,0
229.120880,229.037903,103,252,160,255,58,1,63,176,128,0,0,0,0,0,0,0
229.340652,229.269821,103,252,160,255,53,1,55,225,0,0,0,0,0,0,0,0
229.615387,229.529190,108,251,160,255,53,1,61,226,128,0,0,0,0,0,0,0
229.890106,229.816284,145,253,161,255,58,0,64,168,0,0,0,0,0,0,0,0
230.164841,230.074997,144,252,160,255,56,1,66,224,128,0,0,0,0,0,0,0
230.384613,230.306763,103,252,160,255,59,0,64,158,0,0,0,0,0,0,0,0
230.659348,230.593552,103,252,160,255,59,0,64,159,128,0,0,0,0,0,0,0
230.934067,230.852371,103,252,160,255,59,0,62,159,0,0,0,0,0,0,0,0
231.153839,231.083420,109,252,160,255,58,0,65,159,0,0,0,0,0,0,0,0
231.428574,231.343002,106,252,160,255,57,0,67,168,0,0,0,0,0,0,0,0
231.703293,231.629272,144,252,161,255,58,1,68,225,128,0,0,0,0,0,0,0
231.978027,231.888550,103,252,161,255,56,0,61,222,0,0,0,0,0,0,0,0
232.197800,232.119949,103,252,160,255,59,0,64,158,0,0,0,0,0,0,0,0
232.472534,232.407104,103,252,161,255,59,1,67,211,128,0,0,0,0,0,0,0
232.747253,232.666687,111,252,161,255,58,0,60,177,0,0,0,0,0,0,0,0
232.967026,232.899109,103,252,161,255,53,2,59,225,128,0,0,0,0,0,0,0
233.241760,233.157669,146,253,161,255,58,1,70,227,0,0,0,0,0,0,0,0
233.516479,233.443848,103,252,161,255,56,1,70,225,128,0,0,0,0,0,0,0
233.791214,233.702454,103,252,161,255,59,0,66,158,0,0,0,0,0,0,0,0
234.010986,233.934677,103,252,161,255,59,0,64,159,128,0,0,0,0,0,0,0
234.285721,234.193680,115,252,162,255,59,0,68,159,0,0,0,0,0,0,0,0
234.560440,234.480591,112,252,162,255,58,1,63,177,128,0,0,0,0,0,0,0
234.780212,234.711472,146,253,162,255,59,1,74,224,0,0,0,0,0,0,0,0
235.054947,234.971420,103,252,162,255,55,1,78,226,128,0,0,0,0,0,0,0
235.329666,235.257584,103,253,161,255,58,0,75,159,0,0,0,0,0,0,0,0
235.604401,235.515533,103,252,161,255,57,1,80,191,0,0,0,0,0,0,0,0
235.824173,235.747604,113,252,162,255,59,0,78,159,0,0,0,0,0,0,0,0
236.098907,236.007233,108,252,162,255,58,1,81,171,128,0,0,0,0,0,0,0
236.373627,236.293625,144,252,162,255,58,1,74,158,128,0,0,0,0,0,0,0
236.593399,236.525482,103,252,162,255,56,0,75,220,128,0,0,0,0,0,0,0
236.868134,236.784195,103,253,162,255,59,0,75,158,128,0,0,0,0,0,0,0
237.142853,237.071030,103,252,162,255,59,0,72,159,0,0,0,0,0,0,0,0
237.417587,237.330307,104,252,162,255,58,0,76,158,128,0,0,0,0,0,0,0
237.637360,237.561981,103,252,162,255,59,0,72,159,0,0,0,0,0,0,0,0
237.912094,237.821152,103,252,162,255,59,0,74,158,128,0,0,0,0,0,0,0
238.186813,238.107498,103,252,162,255,59,0,64,159,0,0,0,0,0,0,0,0
238.406601,238.339386,143,252,162,255,56,1,70,211,128,0,0,0,0,0,0,0
238.681320,238.598709,103,252,162,255,54,1,68,158,0,0,0,0,0,0,0,0
238.956039,238.885452,115,252,162,255,57,1,73,202,128,0,0,0,0,0,0,0
239.230774,239.144928,103,252,162,255,58,0,74,159,0,0,0,0,0,0,0,0
239.450546,239.376083,113,252,162,255,58,0,71,180,128,0,0,0,0,0,0,0
239.725281,239.635452,103,252,162,255,54,2,71,227,0,0,0,0,0,0,0,0
240.000000,239.921738,142,252,162,255,56,1,68,224,128,0,0,0,0,0,0,0
240.274719,240.180756,103,252,162,255,57,0,69,158,0,0,0,0,0,0,0,0
240.494507,240.412735,109,252,162,255,59,0,75,159,128,0,0,0,0,0,0,0
240.769226,240.699203,103,252,162,255,57,0,62,160,128,0,0,0,0,0,0,0
241.043961,240.958115,103,252,162,255,58,0,64,159,0,0,0,0,0,0,0,0
241.263733,241.189468,121,252,162,255,58,0,67,159,0,0,0,0,0,0,0,0
241.538467,241.448029,116,252,162,255,57,1,72,184,0,0,0,0,0,0,0,0
241.813187,241.734924,103,252,162,255,53,1,64,226,128,0,0,0,0,0,0,0
242.087906,241.994400,103,252,162,255,55,1,72,225,0,0,0,0,0,0,0,0
242.307693,242.226364,103,252,162,255,59,0,64,158,128,0,0,0,0,0,0,0
242.582413,242.512909,103,252,162,255,59,0,74,158,0,0,0,0,0,0,0,0
242.857147,242.772736,106,252,162,255,59,0,68,158,128,0,0,0,0,0,0,0
243.076920,243.004501,104,252,162,255,59,0,67,159,0,0,0,0,0,0,0,0
243.351654,243.263977,136,252,162,255,58,0,69,159,128,0,0,0,0,0,0,0
243.626373,243.550720,128,252,162,255,58,1,82,204,0,0,0,0,0,0,0,0
243.901093,243.810043,135,252,161,255,58,1,74,187,128,0,0,0,0,0,0,0
244.120880,244.042007,103,252,162,255,54,1,74,219,0,0,0,0,0,0,0,0
244.395599,244.301346,103,252,161,255,59,0,72,158,128,0,0,0,0,0,0,0
244.670334,244.588272,103,252,161,255,58,0,69,159,0,0,0,0,0,0,0,0
244.890106,244.820297,118,252,161,255,59,0,70,159,128,0,0,0,0,0,0,0
245.164841,245.079468,110,252,162,255,58,1,68,176,0,0,0,0,0,0,0,0
245.439560,245.366165,144,252,161,255,58,0,69,158,0,0,0,0,0,0,0,0
245.714279,245.625641,102,252,161,255,59,0,64,158,128,0,0,0,0,0,0,0
245.934067,245.856888,107,252,162,255,58,0,72,180,0,0,0,0,0,0,0,0
246.208786,246.116531,103,252,161,255,57,0,73,158,128,0,0,0,0,0,0,0
246.483521,246.402847,138,252,161,255,58,0,72,160,0,0,0,0,0,0,0,0
246.758240,246.662537,103,252,161,255,59,0,74,159,128,0,0,0,0,0,0,0
246.978027,246.893890,120,252,161,255,59,0,68,191,0,0,0,0,0,0,0,0
247.252747,247.180573,147,253,161,255,58,0,75,177,128,0,0,0,0,0,0,0
247.527466,247.440109,144,252,161,255,59,0,68,158,0,0,0,0,0,0,0,0
247.747253,247.672333,103,252,161,255,57,0,69,158,128,0,0,0,0,0,0,0
248.021973,247.932266,103,252,161,255,58,0,69,180,0,0,0,0,0,0,0,0
248.296707,248.218445,103,252,161,255,59,0,71,158,128,0,0,0,0,0,0,0
248.571426,248.477417,103,252,161,255,59,0,74,222,0,0,0,0,0,0,0,0
248.791214,248.709900,133,253,161,255,57,0,74,159,128,0,0,0,0,0,0,0
249.065933,248.968872,124,253,161,255,57,1,80,198,0,0,0,0,0,0,0,0
249.340652,249.256058,103,252,161,255,56,1,70,203,128,0,0,0,0,0,0,0
249.560440,249.487213,103,252,161,255,59,0,77,158,0,0,0,0,0,0,0,0
249.835159,249.746323,102,252,161,255,58,0,71,158,128,0,0,0,0,0,0,0
250.109894,250.032761,103,252,160,255,58,0,77,159,0,0,0,0,0,0,0,0
250.384613,250.291214,114,252,160,255,59,0,75,158,128,0,0,0,0,0,0,0
250.604401,250.523499,105,252,160,255,57,1,69,168,0,0,0,0,0,0,0,0
250.879120,250.782410,140,250,160,255,57,1,70,222,0,0,0,0,0,0,0,0
251.153839,251.069153,103,250,160,255,57,1,59,210,128,0,0,0,0,0,0,0
251.373627,251.300858,127,250,159,255,59,0,68,158,0,0,0,0,0,0,0,0
251.648346,251.559830,103,248,159,255,56,1,63,213,128,0,0,0,0,0,0,0
251.923080,251.846710,103,247,159,255,59,0,75,158,0,0,0,0,0,0,0,0
252.197800,252.105637,103,247,159,255,59,0,65,159,128,0,0,0,0,0,0,0
252.417587,252.337494,118,245,159,255,59,0,72,159,0,0,0,0,0,0,0,0
252.692307,252.596878,147,245,159,255,58,1,73,176,128,0,0,0,0,0,0,0
252.967026,252.883560,136,243,159,255,57,1,74,214,0,0,0,0,0,0,0,0
253.186813,253.115067,115,243,159,255,59,1,71,201,128,0,0,0,0,0,0,0
253.461533,253.375061,103,241,158,255,56,1,59,205,0,0,0,0,0,0,0,0
253.736267,253.662201,103,240,159,255,53,0,66,158,128,0,0,0,0,0,0,0
254.010986,253.921371,103,240,158,255,58,0,63,158,0,0,0,0,0,0,0,0
254.230774,254.153336,107,240,158,255,59,0,56,158,128,0,0,0,0,0,0,0
254.505493,254.411346,103,239,158,255,58,0,61,159,128,0,0,0,0,0,0,0
254.780212,254.699158,125,238,158,255,59,0,63,159,128,0,0,0,0,0,0,0
255.054947,254.958435,116,236,158,255,56,1,69,211,128,0,0,0,0,0,0,0
255.274719,255.190033,147,234,157,255,58,1,66,226,128,0,0,0,0,0,0,0
255.549454,255.476364,102,231,156,255,55,1,74,226,0,0,0,0,0,0,0,0
255.824173,255.735382,102,222,156,255,59,0,72,159,0,0,0,0,0,0,0,0
256.043945,255.967102,103,218,154,255,59,0,72,180,128,0,0,0,0,0,0,0
256.318695,256.226318,146,215,155,255,58,0,72,168,0,0,0,0,0,0,0,0
256.593414,256.513153,103,204,153,255,58,0,76,160,128,0,0,0,0,0,0,0
256.868134,256.772064,103,201,153,255,59,0,71,158,0,0,0,0,0,0,0,0
257.087921,257.003998,119,195,152,255,59,0,76,200,128,0,0,0,0,0,0,0
257.362640,257.262695,140,192,151,255,56,1,64,199,0,0,0,0,0,0,0,0
257.637360,257.549896,103,183,149,255,53,1,66,159,128,0,0,0,0,0,0,0
257.857147,257.781372,103,175,149,255,59,0,63,158,0,0,0,0,0,0,0,0
258.131866,258.040741,103,166,148,255,65,0,71,158,128,0,0,0,0,0,0,0
258.406586,258.328186,105,159,147,255,80,0,72,168,0,0,0,0,0,0,0,0
258.681305,258.586945,130,151,146,255,96,0,71,158,128,0,0,0,0,0,0,0
258.901093,258.816559,116,145,146,255,121,0,74,186,0,0,0,0,0,0,0,0
259.175812,259.102173,148,140,143,255,129,1,66,226,128,0,0,0,0,0,0,0
259.450562,259.360382,102,130,143,255,147,0,61,214,0,0,0,0,0,0,0,0
259.670319,259.590149,105,125,142,255,187,0,48,157,128,0,0,0,0,0,0,0
259.945068,259.847839,102,113,141,255,209,1,41,160,128,0,0,0,0,0,0,0
260.219788,260.133484,103,108,140,255,216,0,25,158,0,0,0,0,0,0,0,0
260.439575,260.363403,103,105,140,255,215,1,39,208,128,0,0,0,0,0,0,0
260.714294,260.622009,115,101,140,255,201,1,50,202,0,0,0,0,0,0,0,0
260.989014,260.908142,103,98,140,255,189,0,59,167,128,0,0,0,0,0,0,0
261.263733,261.167542,103,96,140,255,188,1,73,191,0,0,0,0,0,0,0,0
261.483521,261.399139,102,97,140,255,190,0,57,158,128,0,0,0,0,0,0,0
261.758240,261.659332,103,97,141,255,190,0,64,158,0,0,0,0,0,0,0,0
262.032959,261.945679,103,97,141,255,189,0,74,160,128,0,0,0,0,0,0,0
262.252747,262.177429,136,98,140,255,189,1,72,214,0,0,0,0,0,0,0,0
262.527466,262.437012,111,100,141,255,190,0,72,204,128,0,0,0,0,0,0,0
262.802185,262.725372,133,101,141,255,189,0,72,183,0,0,0,0,0,0,0,0
263.076935,262.984131,102,101,140,255,185,0,78,158,128,0,0,0,0,0,0,0
263.296692,263.216217,103,102,141,255,189,0,80,158,0,0,0,0,0,0,0,0
263.571442,263.473602,103,103,142,255,189,0,78,159,0,0,0,0,0,0,0,0
263.846161,263.760529,120,101,141,255,190,1,86,192,0,0,0,0,0,0,0,0
264.120880,264.020844,143,102,141,255,189,0,86,184,128,0,0,0,0,0,0,0
264.340668,264.251892,102,98,140,255,185,1,80,223,0,0,0,0,0,0,0,0
264.615387,264.538605,102,95,139,255,187,1,85,158,0,0,0,0,0,0,0,0
264.890106,264.797546,103,91,139,255,189,0,85,158,0,0,0,0,0,0,0,0
265.109894,265.029297,116,86,138,255,189,0,79,158,0,0,0,0,0,0,0,0
265.384613,265.289337,110,80,137,255,189,0,86,176,128,0,0,0,0,0,0,0
265.659332,265.575714,144,72,136,255,189,1,83,163,0,0,0,0,0,0,0,0
265.934052,265.834625,136,63,135,255,188,1,76,216,128,0,0,0,0,0,0,0
266.153839,266.066132,111,55,133,255,189,0,83,159,0,0,0,0,0,0,0,0
266.428558,266.325836,103,48,132,255,187,1,63,203,128,0,0,0,0,0,0,0
266.703308,266.612213,103,35,130,255,189,0,52,158,0,0,0,0,0,0,0,0
