0.000000,0.000000,0,0,77,255,191,0,68,187,129,0,0,0,0,0,0,0
0.274725,0.278924,0,0,78,255,191,0,72,151,129,0,0,0,0,0,0,0
0.604396,0.584057,0,0,75,255,191,0,73,222,1,0,0,0,0,0,0,0
0.824176,0.828699,0,0,80,255,191,1,72,215,129,0,0,0,0,0,0,0
1.098901,1.089147,0,0,79,255,191,0,73,144,1,0,0,0,0,0,0,0
1.373626,1.375223,0,0,79,255,188,0,73,144,1,0,0,0,0,0,0,0
1.648352,1.634041,0,0,82,255,191,0,73,144,1,0,0,0,0,0,0,0
1.868132,1.871379,0,0,81,255,190,1,73,144,1,0,0,0,0,0,0,0
2.197802,2.148926,0,0,77,255,191,0,73,144,1,0,0,0,0,0,0,0
2.472528,2.453018,0,0,78,255,191,0,73,144,1,0,0,0,0,0,0,0
2.747253,2.729796,0,0,80,255,191,0,64,131,1,0,0,0,0,0,0,0
3.021978,3.006321,0,0,78,255,191,0,64,131,1,0,0,0,0,0,0,0
3.296703,3.282794,0,0,80,255,191,0,64,131,1,0,0,0,0,0,0,0
3.571429,3.560134,0,0,80,255,190,1,69,230,1,0,0,0,0,0,0,0
3.846154,3.836960,0,0,81,255,192,0,69,230,1,0,0,0,0,0,0,0
4.120879,4.113844,0,0,82,255,192,0,69,230,1,0,0,0,0,0,0,0
4.395605,4.390316,0,0,80,255,193,1,68,230,1,0,0,0,0,0,0,0
4.670330,4.668323,0,0,80,255,187,2,78,219,129,0,0,0,0,0,0,0
4.945055,4.937989,0,0,77,255,192,0,80,208,1,0,0,0,0,0,0,0
5.164835,5.169140,0,0,78,255,191,1,69,224,129,0,0,0,0,0,0,0
5.439560,5.428566,0,0,80,255,189,1,69,224,129,0,0,0,0,0,0,0
5.714286,5.714896,0,0,79,255,187,1,69,224,129,0,0,0,0,0,0,0
5.989011,5.982922,0,0,82,255,191,1,69,224,129,0,0,0,0,0,0,0
6.263736,6.259958,0,0,82,255,191,1,61,228,1,0,0,0,0,0,0,0
6.538462,6.537146,0,0,82,255,191,0,68,135,1,0,0,0,0,0,0,0
6.813187,6.813821,0,0,81,255,191,0,68,135,1,0,0,0,0,0,0,0
7.087912,7.090449,0,0,80,255,191,0,68,135,1,0,0,0,0,0,0,0
7.362638,7.340431,0,0,82,255,188,1,68,135,1,0,0,0,0,0,0,0
7.637362,7.617568,0,0,81,255,187,1,64,135,1,0,0,0,0,0,0,0
7.912088,7.895469,0,0,81,255,187,2,75,185,129,0,0,0,0,0,0,0
8.186813,8.171992,0,0,78,255,192,0,69,185,129,0,0,0,0,0,0,0
8.461538,8.449492,0,0,79,255,191,1,80,230,1,0,0,0,0,0,0,0
8.736263,8.727056,0,0,75,255,191,0,77,175,129,0,0,0,0,0,0,0
9.010989,8.996600,0,0,81,255,191,0,73,183,129,0,0,0,0,0,0,0
9.285714,9.283699,0,0,80,255,193,0,65,140,129,0,0,0,0,0,0,0
9.560439,9.542109,0,0,78,255,191,0,65,140,129,0,0,0,0,0,0,0
9.780220,9.773046,0,0,76,255,190,1,65,140,129,0,0,0,0,0,0,0
10.054945,10.038209,0,0,79,255,187,1,65,140,129,0,0,0,0,0,0,0
10.329670,10.316216,0,0,78,255,189,1,66,191,1,0,0,0,0,0,0,0
10.604396,10.592792,0,0,77,255,191,0,66,191,1,0,0,0,0,0,0,0
10.879121,10.870028,0,0,73,255,191,0,66,191,1,0,0,0,0,0,0,0
11.153846,11.146760,0,0,67,255,191,0,66,191,1,0,0,0,0,0,0,0
11.428572,11.423435,0,0,67,255,191,0,66,191,1,0,0,0,0,0,0,0
11.703297,11.700061,0,0,77,255,191,1,80,191,1,0,0,0,0,0,0,0
11.978022,11.976587,0,0,76,255,191,1,80,191,1,0,0,0,0,0,0,0
12.307693,12.253828,0,0,79,255,191,0,82,224,1,0,0,0,0,0,0,0
12.582417,12.558990,0,0,78,255,191,0,72,191,129,0,0,0,0,0,0,0
12.857142,12.835977,0,0,83,255,191,0,72,191,129,0,0,0,0,0,0,0
13.131868,13.112602,0,0,84,255,191,1,74,191,129,0,0,0,0,0,0,0
13.406593,13.389276,0,0,84,255,187,1,74,191,129,0,0,0,0,0,0,0
13.681318,13.665900,0,0,86,255,191,0,74,191,129,0,0,0,0,0,0,0
13.956044,13.942319,0,0,86,255,190,1,74,191,129,0,0,0,0,0,0,0
14.230769,14.218848,0,0,86,255,190,1,74,191,129,0,0,0,0,0,0,0
14.505494,14.495726,0,0,80,255,190,1,74,191,129,0,0,0,0,0,0,0
14.780220,14.769537,0,0,79,255,191,1,86,208,1,0,0,0,0,0,0,0
15.054945,15.001759,0,0,80,255,191,1,74,230,1,0,0,0,0,0,0,0
15.274725,15.262058,0,0,79,255,187,1,72,187,129,0,0,0,0,0,0,0
15.549451,15.549004,0,0,83,255,191,0,72,187,129,0,0,0,0,0,0,0
15.824176,15.813752,0,0,83,255,188,0,72,187,129,0,0,0,0,0,0,0
16.098902,16.090740,0,0,83,255,192,0,72,187,129,0,0,0,0,0,0,0
16.373627,16.367109,0,0,76,255,191,0,72,187,129,0,0,0,0,0,0,0
16.648352,16.643221,0,0,83,255,189,1,66,187,129,0,0,0,0,0,0,0
16.923077,16.920053,0,0,79,255,191,1,75,187,129,0,0,0,0,0,0,0
17.197802,17.197136,0,0,79,255,188,1,75,187,129,0,0,0,0,0,0,0
17.472527,17.446510,0,0,77,255,186,1,75,187,129,0,0,0,0,0,0,0
17.747253,17.723389,0,0,76,255,192,0,75,187,129,0,0,0,0,0,0,0
18.021978,18.000320,0,0,78,255,189,1,73,187,129,0,0,0,0,0,0,0
18.296703,18.277308,0,0,77,255,190,0,64,187,129,0,0,0,0,0,0,0
18.571428,18.554085,0,0,81,255,191,0,68,187,129,0,0,0,0,0,0,0
18.846153,18.830963,0,0,78,255,187,1,81,187,129,0,0,0,0,0,0,0
19.120878,19.107952,0,0,80,255,190,1,80,187,129,0,0,0,0,0,0,0
19.395605,19.385239,0,0,79,255,191,0,51,210,1,0,0,0,0,0,0,0
19.670330,19.661764,0,0,81,255,191,0,51,210,1,0,0,0,0,0,0,0
19.945055,19.938387,0,0,77,255,191,0,51,210,1,0,0,0,0,0,0,0
20.219780,20.214964,0,0,77,255,191,0,51,210,1,0,0,0,0,0,0,0
20.494505,20.491688,0,0,72,255,191,0,51,210,1,0,0,0,0,0,0,0
20.824175,20.797529,0,0,73,255,191,1,70,152,129,0,0,0,0,0,0,0
21.098902,21.073891,0,0,73,255,191,0,66,159,129,0,0,0,0,0,0,0
21.318682,21.315220,0,0,80,255,192,1,65,196,1,0,0,0,0,0,0,0
21.593407,21.574430,0,0,83,255,191,1,53,196,1,0,0,0,0,0,0,0
21.868132,21.860777,0,0,81,255,191,0,72,196,1,0,0,0,0,0,0,0
22.142857,22.119387,0,0,80,255,191,1,76,191,1,0,0,0,0,0,0,0
22.417582,22.359694,0,0,78,255,191,0,76,191,1,0,0,0,0,0,0,0
22.692308,22.664478,0,0,78,255,191,0,76,191,1,0,0,0,0,0,0,0
22.967033,22.941128,0,0,77,255,190,0,76,191,1,0,0,0,0,0,0,0
23.241758,23.217754,0,0,74,255,191,1,76,191,1,0,0,0,0,0,0,0
23.516483,23.494328,0,0,76,255,190,0,76,191,1,0,0,0,0,0,0,0
23.791208,23.770899,0,0,74,255,189,1,65,191,1,0,0,0,0,0,0,0
24.065933,24.048754,0,0,81,255,189,1,72,130,129,0,0,0,0,0,0,0
24.340660,24.325485,0,0,81,255,191,0,72,130,129,0,0,0,0,0,0,0
24.615385,24.602365,0,0,81,255,191,0,72,130,129,0,0,0,0,0,0,0
24.890110,24.879398,0,0,79,255,190,0,72,130,129,0,0,0,0,0,0,0
25.164835,25.156229,0,0,78,255,191,1,75,130,129,0,0,0,0,0,0,0
25.439560,25.433006,0,0,77,255,191,0,73,130,129,0,0,0,0,0,0,0
25.714285,25.709330,0,0,75,255,189,1,73,130,129,0,0,0,0,0,0,0
25.989012,25.985493,0,0,78,255,187,2,68,130,129,0,0,0,0,0,0,0
26.263737,26.235067,0,0,81,255,191,1,68,130,129,0,0,0,0,0,0,0
26.538462,26.511946,0,0,81,255,191,1,68,130,129,0,0,0,0,0,0,0
26.813187,26.789955,0,0,81,255,188,1,80,205,1,0,0,0,0,0,0,0
27.087912,27.067043,0,0,79,255,188,1,80,205,1,0,0,0,0,0,0,0
27.362637,27.344231,0,0,78,255,191,0,80,205,1,0,0,0,0,0,0,0
27.637363,27.621429,0,0,65,255,191,1,80,205,1,0,0,0,0,0,0,0
27.912088,27.898352,0,0,80,255,191,0,80,205,1,0,0,0,0,0,0,0
28.186813,28.174974,0,0,77,255,190,0,80,205,1,0,0,0,0,0,0,0
28.461538,28.452572,0,0,79,255,191,0,82,145,1,0,0,0,0,0,0,0
28.736263,28.729454,0,0,78,255,191,0,64,130,1,0,0,0,0,0,0,0
29.065933,29.006031,0,0,82,255,192,0,64,130,1,0,0,0,0,0,0,0
29.340660,29.310682,0,0,82,255,192,1,64,130,1,0,0,0,0,0,0,0
29.615385,29.587257,0,0,81,255,190,0,64,130,1,0,0,0,0,0,0,0
29.890110,29.864855,0,0,79,255,191,1,72,204,129,0,0,0,0,0,0,0
30.164835,30.141638,0,0,78,255,187,2,64,204,129,0,0,0,0,0,0,0
30.439560,30.418053,0,0,78,255,190,1,64,204,129,0,0,0,0,0,0,0
30.714285,30.694780,0,0,79,255,191,0,64,204,129,0,0,0,0,0,0,0
30.989012,30.971792,0,0,78,255,191,0,64,204,129,0,0,0,0,0,0,0
31.263737,31.248703,0,0,78,255,187,2,64,204,129,0,0,0,0,0,0,0
31.538462,31.525476,0,0,82,255,187,2,64,204,129,0,0,0,0,0,0,0
31.813187,31.802156,0,0,82,255,187,2,64,204,129,0,0,0,0,0,0,0
32.087914,32.079216,0,0,82,255,187,2,64,204,129,0,0,0,0,0,0,0
32.362637,32.355812,0,0,83,255,191,2,64,204,129,0,0,0,0,0,0,0
32.637363,32.632645,0,0,80,255,191,1,64,204,129,0,0,0,0,0,0,0
32.912086,32.883396,0,0,79,255,191,0,65,132,1,0,0,0,0,0,0,0
33.186813,33.160484,0,0,79,255,187,2,72,191,1,0,0,0,0,0,0,0
33.461540,33.437416,0,0,80,255,189,2,65,191,1,0,0,0,0,0,0,0
33.736263,33.708054,0,0,78,255,191,0,64,138,129,0,0,0,0,0,0,0
34.010990,33.995300,0,0,81,255,192,1,64,138,129,0,0,0,0,0,0,0
34.285713,34.253967,0,0,83,255,192,1,64,138,129,0,0,0,0,0,0,0
34.505493,34.485268,0,0,81,255,191,1,64,138,129,0,0,0,0,0,0,0
34.780220,34.750736,0,0,79,255,187,2,66,138,129,0,0,0,0,0,0,0
35.054947,35.027153,0,0,82,255,187,2,66,138,129,0,0,0,0,0,0,0
35.329670,35.303833,0,0,82,255,188,1,66,138,129,0,0,0,0,0,0,0
35.604397,35.580917,0,0,81,255,192,1,66,138,129,0,0,0,0,0,0,0
35.879120,35.857845,0,0,82,255,191,0,65,138,129,0,0,0,0,0,0,0
36.153847,36.134216,0,0,82,255,191,0,68,152,129,0,0,0,0,0,0,0
36.428570,36.411255,0,0,83,255,187,1,68,152,129,0,0,0,0,0,0,0
36.703297,36.687881,0,0,80,255,189,1,68,152,129,0,0,0,0,0,0,0
36.978024,36.963993,0,0,80,255,189,1,68,152,129,0,0,0,0,0,0,0
37.252747,37.240875,0,0,81,255,191,1,68,152,129,0,0,0,0,0,0,0
37.527473,37.517654,0,0,79,255,191,1,68,152,129,0,0,0,0,0,0,0
37.857143,37.794590,0,0,80,255,191,1,68,152,129,0,0,0,0,0,0,0
38.131866,38.099346,0,0,80,255,191,1,72,152,129,0,0,0,0,0,0,0
38.406593,38.376068,0,0,84,255,191,1,72,152,129,0,0,0,0,0,0,0
38.681320,38.652699,0,0,82,255,191,0,72,152,129,0,0,0,0,0,0,0
38.956043,38.929321,0,0,85,255,188,0,72,152,129,0,0,0,0,0,0,0
39.230770,39.206203,0,0,85,255,188,0,72,152,129,0,0,0,0,0,0,0
39.505493,39.482880,0,0,85,255,188,0,72,152,129,0,0,0,0,0,0,0
39.780220,39.759865,0,0,85,255,188,0,72,152,129,0,0,0,0,0,0,0
40.054947,40.036747,0,0,85,255,191,0,72,152,129,0,0,0,0,0,0,0
40.329670,40.314396,0,0,78,255,191,1,72,152,129,0,0,0,0,0,0,0
40.604397,40.591637,0,0,67,255,191,1,5,152,129,0,0,0,0,0,0,0
40.879120,40.868771,0,0,67,255,191,1,5,152,129,0,0,0,0,0,0,0
41.153847,41.145653,0,0,67,255,191,1,5,152,129,0,0,0,0,0,0,0
41.428570,41.396969,0,0,59,255,188,1,5,152,129,0,0,0,0,0,0,0
41.703297,41.673695,0,0,59,255,188,1,5,152,129,0,0,0,0,0,0,0
41.978024,41.950474,0,0,59,255,188,1,5,152,129,0,0,0,0,0,0,0
42.252747,42.229610,0,1,59,255,188,1,5,152,129,0,0,0,0,0,0,0
42.527473,42.506538,0,1,59,255,188,1,5,152,129,0,0,0,0,0,0,0
42.802197,42.784752,0,1,59,255,188,1,5,152,129,0,0,0,0,0,0,0
43.076923,43.061226,0,1,59,255,188,1,5,152,129,0,0,0,0,0,0,0
43.351650,43.337952,0,37,68,255,188,1,5,152,129,0,0,0,0,0,0,0
43.626373,43.614887,0,0,64,255,186,1,5,152,129,0,0,0,0,0,0,0
43.956043,43.891819,0,0,65,255,186,1,5,152,129,0,0,0,0,0,0,0
44.230770,44.196625,0,0,70,255,191,1,5,152,129,0,0,0,0,0,0,0
44.505493,44.473606,0,0,68,255,187,1,5,152,129,0,0,0,0,0,0,0
44.780220,44.750130,0,0,67,255,189,1,5,152,129,0,0,0,0,0,0,0
45.054947,45.027168,0,0,64,255,186,1,64,152,129,0,0,0,0,0,0,0
45.329670,45.304302,0,0,62,255,192,0,64,152,129,0,0,0,0,0,0,0
45.604397,45.581184,0,0,65,255,192,1,64,152,129,0,0,0,0,0,0,0
45.879120,45.858013,0,0,65,255,192,1,64,152,129,0,0,0,0,0,0,0
46.153847,46.135155,0,0,67,255,186,1,64,152,129,0,0,0,0,0,0,0
46.428570,46.411263,0,0,64,255,186,1,64,152,129,0,0,0,0,0,0,0
46.703297,46.687687,0,0,67,255,189,1,64,152,129,0,0,0,0,0,0,0
46.978024,46.964516,0,0,64,255,191,1,64,152,129,0,0,0,0,0,0,0
47.252747,47.241707,0,0,67,255,186,1,65,152,129,0,0,0,0,0,0,0
47.527473,47.491638,0,0,65,255,187,1,64,152,129,0,0,0,0,0,0,0
47.802197,47.768261,0,0,65,255,187,1,64,152,129,0,0,0,0,0,0,0
48.076923,48.044987,0,0,67,255,188,1,64,152,129,0,0,0,0,0,0,0
48.351650,48.322075,0,0,62,255,190,1,68,221,129,0,0,0,0,0,0,0
48.626373,48.599625,0,0,64,255,187,2,64,221,129,0,0,0,0,0,0,0
48.901100,48.876553,0,0,68,255,191,0,66,221,129,0,0,0,0,0,0,0
49.175823,49.153645,0,0,64,255,193,0,65,221,129,0,0,0,0,0,0,0
49.450550,49.432472,0,0,63,255,191,1,64,146,129,0,0,0,0,0,0,0
49.725273,49.709476,0,0,64,255,188,1,64,146,129,0,0,0,0,0,0,0
50.054947,49.987103,0,0,65,255,191,1,66,221,129,0,0,0,0,0,0,0
50.329670,50.291615,0,0,64,255,191,1,66,221,129,0,0,0,0,0,0,0
50.604397,50.568584,0,0,65,255,191,1,66,221,129,0,0,0,0,0,0,0
50.879120,50.846130,0,0,67,255,192,1,66,222,1,0,0,0,0,0,0,0
51.153847,51.122910,0,0,68,255,192,0,66,222,1,0,0,0,0,0,0,0
51.428570,51.400204,0,0,66,255,192,0,66,222,1,0,0,0,0,0,0,0
51.703297,51.665470,0,0,74,255,191,0,66,146,129,0,0,0,0,0,0,0
51.923077,51.897480,0,0,68,255,189,1,64,146,129,0,0,0,0,0,0,0
52.197803,52.185295,0,0,65,255,189,1,64,146,129,0,0,0,0,0,0,0
52.472527,52.444523,0,0,65,255,189,1,64,146,129,0,0,0,0,0,0,0
52.747253,52.718281,0,0,63,255,192,0,59,192,129,0,0,0,0,0,0,0
53.021976,52.995316,0,0,63,255,192,1,59,192,129,0,0,0,0,0,0,0
53.296703,53.272301,0,0,65,255,188,1,59,192,129,0,0,0,0,0,0,0
53.571430,53.549644,0,0,64,255,186,1,64,192,129,0,0,0,0,0,0,0
53.846153,53.826527,0,0,64,255,188,1,65,192,129,0,0,0,0,0,0,0
54.120880,54.103302,0,0,66,255,190,1,65,192,129,0,0,0,0,0,0,0
54.395603,54.380646,0,0,65,255,192,1,65,192,129,0,0,0,0,0,0,0
54.670330,54.657112,0,0,65,255,192,1,65,192,129,0,0,0,0,0,0,0
54.945053,54.906532,0,0,65,255,192,1,65,192,129,0,0,0,0,0,0,0
55.219780,55.183212,0,0,65,255,192,1,65,192,129,0,0,0,0,0,0,0
55.494507,55.460194,0,0,65,255,192,1,65,192,129,0,0,0,0,0,0,0
55.769230,55.736717,0,0,64,255,192,1,65,192,129,0,0,0,0,0,0,0
56.043957,56.013599,0,0,60,255,191,1,65,192,129,0,0,0,0,0,0,0
56.318680,56.290585,0,0,63,255,191,1,65,192,129,0,0,0,0,0,0,0
56.593407,56.567879,0,0,63,255,192,1,65,192,129,0,0,0,0,0,0,0
56.868134,56.844860,0,0,60,255,186,1,48,197,129,0,0,0,0,0,0,0
57.142857,57.121178,0,0,62,255,190,1,49,197,129,0,0,0,0,0,0,0
57.417583,57.398571,0,0,62,255,187,1,49,197,129,0,0,0,0,0,0,0
57.692307,57.675552,0,0,62,255,187,1,49,197,129,0,0,0,0,0,0,0
58.021976,57.952591,0,0,62,255,187,1,49,197,129,0,0,0,0,0,0,0
58.296703,58.256680,0,0,58,255,186,1,49,197,129,0,0,0,0,0,0,0
58.571430,58.533512,0,0,56,255,189,1,49,197,129,0,0,0,0,0,0,0
58.846153,58.810188,0,0,59,255,189,1,49,197,129,0,0,0,0,0,0,0
59.120880,59.087425,0,0,59,255,189,1,49,197,129,0,0,0,0,0,0,0
59.395603,59.364563,0,0,59,255,189,1,49,197,129,0,0,0,0,0,0,0
59.670330,59.641750,0,0,59,255,189,1,49,197,129,0,0,0,0,0,0,0
59.945053,59.918484,0,0,59,255,191,1,64,201,129,0,0,0,0,0,0,0
60.219780,60.195107,0,0,57,255,192,1,67,201,129,0,0,0,0,0,0,0
60.494507,60.471378,0,0,57,255,187,1,67,201,129,0,0,0,0,0,0,0
60.769230,60.748459,0,0,55,255,187,1,66,223,1,0,0,0,0,0,0,0
61.043957,61.026108,0,0,54,255,191,1,66,212,129,0,0,0,0,0,0,0
61.318680,61.302937,0,0,54,255,191,1,66,212,129,0,0,0,0,0,0,0
61.593407,61.552460,0,0,54,255,191,1,66,212,129,0,0,0,0,0,0,0
61.868134,61.829445,0,0,54,255,191,1,66,212,129,0,0,0,0,0,0,0
62.142857,62.106224,0,0,54,255,191,1,66,212,129,0,0,0,0,0,0,0
62.417583,62.383926,0,0,49,255,187,1,66,212,129,0,0,0,0,0,0,0
62.692307,62.660805,0,0,49,255,187,1,66,212,129,0,0,0,0,0,0,0
62.967033,62.938358,192,0,56,255,187,1,66,212,129,0,0,0,0,0,0,0
63.241756,63.215847,0,0,50,255,188,1,66,212,129,0,0,0,0,0,0,0
63.516483,63.492577,0,0,50,255,188,1,66,212,129,0,0,0,0,0,0,0
63.791210,63.769253,0,0,48,255,188,1,66,212,129,0,0,0,0,0,0,0
64.065933,64.046494,0,0,49,255,192,1,66,212,129,0,0,0,0,0,0,0
64.395607,64.323425,0,0,47,255,191,0,67,212,129,0,0,0,0,0,0,0
64.670326,64.628334,0,0,51,255,192,1,65,212,129,0,0,0,0,0,0,0
64.945053,64.905220,0,0,49,255,192,1,65,212,129,0,0,0,0,0,0,0
65.219780,65.181633,0,0,50,255,192,1,65,212,129,0,0,0,0,0,0,0
65.494507,65.458366,0,0,48,255,192,1,65,212,129,0,0,0,0,0,0,0
65.769234,65.735146,0,0,48,255,191,1,65,212,129,0,0,0,0,0,0,0
66.043953,66.012032,0,0,47,255,191,1,65,212,129,0,0,0,0,0,0,0
66.318680,66.288658,0,0,47,255,189,1,65,212,129,0,0,0,0,0,0,0
66.593407,66.565689,0,0,47,255,189,1,65,212,129,0,0,0,0,0,0,0
66.868134,66.842567,0,0,51,255,189,1,65,212,129,0,0,0,0,0,0,0
67.142860,67.118889,0,0,47,255,189,1,65,212,129,0,0,0,0,0,0,0
67.417580,67.395508,0,0,48,255,190,1,65,212,129,0,0,0,0,0,0,0
67.692307,67.672287,0,0,46,255,192,0,65,212,129,0,0,0,0,0,0,0
67.967033,67.949173,0,0,46,255,187,1,80,212,129,0,0,0,0,0,0,0
68.241760,68.198540,0,0,45,255,191,1,83,212,129,0,0,0,0,0,0,0
68.516487,68.475471,0,0,44,255,192,0,83,212,129,0,0,0,0,0,0,0
68.791206,68.752457,0,0,45,255,192,0,83,212,129,0,0,0,0,0,0,0
69.065933,69.029694,0,0,45,255,192,1,75,212,129,0,0,0,0,0,0,0
69.340660,69.306984,0,0,45,255,192,1,75,212,129,0,0,0,0,0,0,0
69.615387,69.584114,0,0,47,255,192,1,75,212,129,0,0,0,0,0,0,0
69.890106,69.862335,0,0,47,255,193,0,84,145,129,0,0,0,0,0,0,0
70.164833,70.139420,0,0,49,255,191,0,82,145,129,0,0,0,0,0,0,0
70.439560,70.416817,0,0,48,255,191,0,82,145,129,0,0,0,0,0,0,0
70.714287,70.693695,0,0,45,255,191,0,82,145,129,0,0,0,0,0,0,0
71.043953,70.970634,0,0,46,255,191,1,82,145,129,0,0,0,0,0,0,0
71.318680,71.276459,0,0,48,255,187,1,74,207,1,0,0,0,0,0,0,0
71.593407,71.553291,0,0,48,255,187,1,74,207,1,0,0,0,0,0,0,0
71.868134,71.830116,0,0,47,255,192,0,74,207,1,0,0,0,0,0,0,0
72.142860,72.107620,0,0,47,255,188,1,61,191,129,0,0,0,0,0,0,0
72.417580,72.384857,0,0,48,255,188,1,61,191,129,0,0,0,0,0,0,0
72.692307,72.662148,0,0,47,255,188,1,61,191,129,0,0,0,0,0,0,0
72.967033,72.939186,0,0,48,255,190,1,61,191,129,0,0,0,0,0,0,0
73.241760,73.216217,0,0,48,255,190,1,61,191,129,0,0,0,0,0,0,0
73.516487,73.493256,0,0,45,255,190,1,61,191,129,0,0,0,0,0,0,0
73.791206,73.770439,0,0,45,255,190,1,61,191,129,0,0,0,0,0,0,0
74.065933,74.019913,0,0,51,255,190,1,61,191,129,0,0,0,0,0,0,0
74.340660,74.297203,0,0,51,255,187,1,61,191,129,0,0,0,0,0,0,0
74.615387,74.588493,0,0,50,255,188,1,55,168,1,0,0,0,0,0,0,0
74.890106,74.847054,0,0,50,255,188,1,55,168,1,0,0,0,0,0,0,0
75.109894,75.078972,0,0,47,255,192,0,55,168,1,0,0,0,0,0,0,0
75.384613,75.339531,0,0,48,255,188,1,64,146,129,0,0,0,0,0,0,0
75.659340,75.612312,0,0,46,255,190,1,64,146,129,0,0,0,0,0,0,0
75.934067,75.889191,0,0,47,255,192,1,64,146,129,0,0,0,0,0,0,0
76.208794,76.165970,0,0,49,255,191,1,64,146,129,0,0,0,0,0,0,0
76.483513,76.442551,0,0,46,255,191,1,64,146,129,0,0,0,0,0,0,0
76.758240,76.719994,0,0,47,255,191,1,64,146,129,0,0,0,0,0,0,0
77.032967,76.996460,0,0,48,255,191,1,64,144,129,0,0,0,0,0,0,0
77.307693,77.273758,0,0,50,255,190,0,64,144,129,0,0,0,0,0,0,0
77.582420,77.550797,0,0,50,255,185,1,64,144,129,0,0,0,0,0,0,0
77.857140,77.827576,0,0,46,255,185,1,64,144,129,0,0,0,0,0,0,0
78.131866,78.104301,0,0,47,255,187,1,64,144,129,0,0,0,0,0,0,0
78.406593,78.381027,0,0,46,255,191,1,64,144,129,0,0,0,0,0,0,0
78.681320,78.658058,0,0,50,255,191,1,64,144,129,0,0,0,0,0,0,0
79.010986,78.934639,0,0,48,255,192,1,64,144,129,0,0,0,0,0,0,0
79.285713,79.239456,0,0,46,255,191,1,64,144,129,0,0,0,0,0,0,0
79.560440,79.517654,0,0,46,255,187,1,66,207,1,0,0,0,0,0,0,0
79.835167,79.794479,0,0,47,255,187,1,66,207,1,0,0,0,0,0,0,0
80.109894,80.071213,0,0,46,255,187,1,66,207,1,0,0,0,0,0,0,0
80.384613,80.348198,0,0,45,255,188,1,66,207,1,0,0,0,0,0,0,0
80.659340,80.625381,0,0,46,255,187,1,64,207,1,0,0,0,0,0,0,0
80.934067,80.902214,0,0,46,255,187,1,64,207,1,0,0,0,0,0,0,0
81.208794,81.178993,0,0,46,255,187,1,64,207,1,0,0,0,0,0,0,0
81.483513,81.455772,0,0,46,255,187,1,64,207,1,0,0,0,0,0,0,0
81.758240,81.732552,0,0,50,255,187,1,64,207,1,0,0,0,0,0,0,0
82.032967,82.009071,0,0,50,255,188,1,64,207,1,0,0,0,0,0,0,0
82.307693,82.259361,0,0,49,255,191,1,72,207,1,0,0,0,0,0,0,0
82.582420,82.536148,0,0,46,255,189,1,72,207,1,0,0,0,0,0,0,0
82.857140,82.812920,0,0,45,255,189,1,72,214,1,0,0,0,0,0,0,0
83.131866,83.090263,0,0,46,255,189,1,72,214,1,0,0,0,0,0,0,0
83.406593,83.367043,0,0,47,255,186,1,68,214,1,0,0,0,0,0,0,0
83.681320,83.645515,0,0,48,255,191,0,68,144,129,0,0,0,0,0,0,0
83.956047,83.922295,0,0,51,255,187,1,69,144,129,0,0,0,0,0,0,0
84.230766,84.199379,0,0,50,255,187,1,69,144,129,0,0,0,0,0,0,0
84.505493,84.475800,0,0,50,255,188,1,67,144,129,0,0,0,0,0,0,0
84.780220,84.752632,0,0,49,255,188,1,67,144,129,0,0,0,0,0,0,0
85.054947,85.029510,0,0,52,255,186,1,67,144,129,0,0,0,0,0,0,0
85.384613,85.334061,0,0,50,255,186,1,67,144,129,0,0,0,0,0,0,0
85.659340,85.611092,0,0,50,255,186,1,67,144,129,0,0,0,0,0,0,0
85.934067,85.888077,0,0,47,255,190,1,67,144,129,0,0,0,0,0,0,0
86.208794,86.164963,0,0,48,255,189,0,69,144,129,0,0,0,0,0,0,0
86.483513,86.441948,0,0,47,255,192,1,68,187,1,0,0,0,0,0,0,0
86.758240,86.719955,0,0,47,255,192,1,68,187,1,0,0,0,0,0,0,0
87.032967,86.997917,0,0,51,255,192,1,68,219,129,0,0,0,0,0,0,0
87.307693,87.277039,0,0,49,255,191,0,68,219,129,0,0,0,0,0,0,0
87.582420,87.553970,0,0,48,255,186,1,68,219,129,0,0,0,0,0,0,0
87.857140,87.830803,0,0,48,255,186,1,68,219,129,0,0,0,0,0,0,0
88.131866,88.080498,0,0,49,255,191,1,68,219,129,0,0,0,0,0,0,0
88.406593,88.357666,0,0,49,255,191,1,68,219,129,0,0,0,0,0,0,0
88.681320,88.634392,0,0,51,255,187,0,64,219,129,0,0,0,0,0,0,0
88.956047,88.911125,0,0,54,255,190,1,64,219,129,0,0,0,0,0,0,0
89.230766,89.187904,0,0,51,255,191,1,64,219,129,0,0,0,0,0,0,0
89.505493,89.464989,0,0,50,255,192,1,67,219,129,0,0,0,0,0,0,0
89.780220,89.741982,0,0,48,255,191,1,67,219,129,0,0,0,0,0,0,0
90.054947,90.008926,0,0,47,255,192,1,69,211,1,0,0,0,0,0,0,0
90.329674,90.296432,0,0,46,255,192,0,69,167,1,0,0,0,0,0,0,0
90.604393,90.555450,0,0,48,255,186,1,64,167,1,0,0,0,0,0,0,0
90.824173,90.787315,0,0,46,255,188,1,64,167,1,0,0,0,0,0,0,0
91.098900,91.057594,0,0,46,255,187,1,51,224,129,0,0,0,0,0,0,0
91.373627,91.336731,0,0,50,255,188,1,51,224,129,0,0,0,0,0,0,0
91.648354,91.613914,0,0,46,255,188,1,51,224,129,0,0,0,0,0,0,0
91.923080,91.890236,0,0,47,255,188,1,51,224,129,0,0,0,0,0,0,0
92.197800,92.167625,0,0,47,255,191,1,51,224,129,0,0,0,0,0,0,0
92.472527,92.444359,0,0,46,255,192,0,68,224,129,0,0,0,0,0,0,0
92.802200,92.721237,0,0,53,255,186,1,68,224,129,0,0,0,0,0,0,0
93.076920,93.025841,0,0,49,255,189,1,67,170,129,0,0,0,0,0,0,0
93.351646,93.302620,0,0,50,255,186,1,67,170,129,0,0,0,0,0,0,0
93.626373,93.579300,0,0,51,255,187,1,67,170,129,0,0,0,0,0,0,0
93.901100,93.856743,0,0,48,255,191,1,66,148,129,0,0,0,0,0,0,0
94.175827,94.134033,0,0,49,255,189,1,72,148,129,0,0,0,0,0,0,0
94.450546,94.410530,0,0,45,255,191,1,75,148,129,0,0,0,0,0,0,0
94.725273,94.687286,0,0,49,255,191,1,75,148,129,0,0,0,0,0,0,0
95.000000,94.963905,0,0,47,255,192,1,75,148,129,0,0,0,0,0,0,0
95.274727,95.240692,0,0,48,255,192,0,75,148,129,0,0,0,0,0,0,0
95.549454,95.517670,80,0,50,255,192,0,75,148,129,0,0,0,0,0,0,0
95.824173,95.795929,0,0,50,255,192,0,75,148,129,0,0,0,0,0,0,0
96.098900,96.045555,0,0,50,255,192,0,75,148,129,0,0,0,0,0,0,0
96.373627,96.322594,0,0,51,255,190,1,65,148,129,0,0,0,0,0,0,0
96.648354,96.599419,0,0,47,255,191,1,65,148,129,0,0,0,0,0,0,0
96.923080,96.876663,0,0,52,255,191,1,68,148,129,0,0,0,0,0,0,0
97.197800,97.153595,0,0,49,255,192,1,65,166,129,0,0,0,0,0,0,0
97.472527,97.431541,0,0,49,255,192,1,67,166,129,0,0,0,0,0,0,0
97.747253,97.708588,0,0,45,255,192,0,66,166,129,0,0,0,0,0,0,0
98.021980,97.985672,0,0,45,255,192,0,66,166,129,0,0,0,0,0,0,0
98.296700,98.262657,0,0,45,255,192,0,66,166,129,0,0,0,0,0,0,0
98.571426,98.539543,0,0,46,255,191,1,66,166,129,0,0,0,0,0,0,0
98.901100,98.816475,0,0,47,255,191,1,66,166,129,0,0,0,0,0,0,0
99.175827,99.120972,0,0,49,255,192,0,66,166,129,0,0,0,0,0,0,0
99.450546,99.397751,0,0,47,255,191,0,66,166,129,0,0,0,0,0,0,0
99.725273,99.674072,0,0,47,255,191,1,66,166,129,0,0,0,0,0,0,0
100.000000,99.950645,0,0,55,255,189,1,66,166,129,0,0,0,0,0,0,0
100.274727,100.226814,0,0,49,255,192,1,53,141,1,0,0,0,0,0,0,0
100.494507,100.458160,0,0,52,255,191,1,53,141,1,0,0,0,0,0,0,0
100.769234,100.717079,0,0,50,255,192,1,53,141,1,0,0,0,0,0,0,0
101.043953,101.004272,0,0,46,255,190,1,50,223,1,0,0,0,0,0,0,0
101.318680,101.265297,0,0,47,255,190,1,50,223,1,0,0,0,0,0,0,0
101.593407,101.541817,0,0,47,255,190,1,50,223,1,0,0,0,0,0,0,0
101.868134,101.818291,0,0,49,255,188,1,50,223,1,0,0,0,0,0,0,0
102.142860,102.095581,0,0,49,255,188,1,50,223,1,0,0,0,0,0,0,0
102.417580,102.373024,0,0,50,255,192,1,68,223,1,0,0,0,0,0,0,0
102.692307,102.650162,0,0,49,255,192,1,68,223,1,0,0,0,0,0,0,0
102.967033,102.926788,0,0,47,255,187,1,69,223,1,0,0,0,0,0,0,0
103.241760,103.205154,0,0,47,255,191,0,68,148,129,0,0,0,0,0,0,0
103.516487,103.482544,0,0,52,255,191,1,68,141,1,0,0,0,0,0,0,0
103.791206,103.759735,0,0,53,255,190,1,68,141,1,0,0,0,0,0,0,0
104.065933,104.010689,0,0,50,255,187,1,66,220,129,0,0,0,0,0,0,0
104.340660,104.287674,0,0,50,255,188,1,66,220,129,0,0,0,0,0,0,0
104.615387,104.565941,0,0,50,255,192,1,68,139,129,0,0,0,0,0,0,0
104.890106,104.842506,0,0,51,255,191,1,68,139,129,0,0,0,0,0,0,0
105.164833,105.119141,0,0,48,255,192,1,68,139,129,0,0,0,0,0,0,0
105.439560,105.396172,143,129,46,255,190,1,68,139,129,0,0,0,0,0,0,0
105.714287,105.674278,0,0,47,255,191,1,68,139,129,0,0,0,0,0,0,0
105.989014,105.951164,0,0,47,255,188,1,68,139,129,0,0,0,0,0,0,0
106.263733,106.227737,0,0,48,255,188,1,68,139,129,0,0,0,0,0,0,0
106.538460,106.505333,0,0,46,255,191,1,64,144,1,0,0,0,0,0,0,0
106.868134,106.782166,0,0,49,255,191,1,64,144,1,0,0,0,0,0,0,0
107.142860,107.087845,0,0,47,255,189,1,62,218,129,0,0,0,0,0,0,0
107.417580,107.365082,0,0,53,255,191,1,62,218,129,0,0,0,0,0,0,0
107.637360,107.603699,0,0,45,255,192,0,65,168,1,0,0,0,0,0,0,0
107.912086,107.863129,0,0,50,255,193,0,65,168,1,0,0,0,0,0,0,0
108.186813,108.149155,0,0,46,255,190,1,66,168,1,0,0,0,0,0,0,0
108.461540,108.407967,0,0,48,255,190,1,64,168,1,0,0,0,0,0,0,0
108.736267,108.678215,0,0,46,255,188,1,64,168,1,0,0,0,0,0,0,0
109.010986,108.956512,0,0,43,255,191,1,66,135,129,0,0,0,0,0,0,0
109.285713,109.233185,0,0,45,255,189,1,65,135,129,0,0,0,0,0,0,0
109.560440,109.510223,0,0,45,255,189,1,65,135,129,0,0,0,0,0,0,0
109.835167,109.787155,0,0,48,255,191,0,68,135,129,0,0,0,0,0,0,0
110.109894,110.064247,0,0,46,255,188,1,66,133,129,0,0,0,0,0,0,0
110.384613,110.341736,0,0,46,255,188,1,68,215,129,0,0,0,0,0,0,0
110.659340,110.618057,0,0,47,255,189,0,68,215,129,0,0,0,0,0,0,0
110.934067,110.897240,0,0,48,255,186,1,73,137,129,0,0,0,0,0,0,0
111.208794,111.174889,0,0,51,255,192,0,73,133,1,0,0,0,0,0,0,0
111.483513,111.440872,0,0,50,255,192,1,72,155,1,0,0,0,0,0,0,0
111.758240,111.700813,0,0,47,255,191,0,75,150,1,0,0,0,0,0,0,0
111.978020,111.931808,0,0,50,255,193,1,72,150,1,0,0,0,0,0,0,0
112.252747,112.193283,0,0,48,255,192,0,68,192,129,0,0,0,0,0,0,0
112.527473,112.490715,0,0,49,255,193,0,68,192,129,0,0,0,0,0,0,0
112.802200,112.768059,0,0,46,255,191,0,65,192,129,0,0,0,0,0,0,0
113.076920,113.017380,0,0,49,255,191,0,65,192,129,0,0,0,0,0,0,0
113.351646,113.294563,0,0,46,255,191,1,68,192,129,0,0,0,0,0,0,0
113.626373,113.571548,0,0,48,255,191,1,68,192,129,0,0,0,0,0,0,0
113.901100,113.848534,0,0,48,255,192,0,68,192,129,0,0,0,0,0,0,0
114.175827,114.125359,0,0,47,255,193,1,66,192,129,0,0,0,0,0,0,0
114.450546,114.404137,0,0,48,255,190,1,67,144,1,0,0,0,0,0,0,0
114.725273,114.681068,0,0,54,255,191,1,69,144,1,0,0,0,0,0,0,0
115.000000,114.958824,0,0,49,255,191,1,68,143,1,0,0,0,0,0,0,0
115.274727,115.233093,0,0,50,255,190,1,70,218,129,0,0,0,0,0,0,0
115.549454,115.492523,0,0,50,255,192,0,69,162,129,0,0,0,0,0,0,0
115.824173,115.779007,0,0,49,255,192,1,69,162,129,0,0,0,0,0,0,0
116.098900,116.037971,0,0,49,255,192,1,69,162,129,0,0,0,0,0,0,0
116.318680,116.273933,0,0,49,255,192,1,69,162,129,0,0,0,0,0,0,0
116.593407,116.550812,0,0,46,255,192,1,69,162,129,0,0,0,0,0,0,0
116.868134,116.827950,0,0,47,255,191,1,69,162,129,0,0,0,0,0,0,0
117.142860,117.105652,0,0,49,255,188,1,70,152,129,0,0,0,0,0,0,0
117.472527,117.382378,0,0,49,255,192,0,70,152,129,0,0,0,0,0,0,0
117.747253,117.687492,0,0,50,255,191,1,66,143,1,0,0,0,0,0,0,0
118.021980,117.967651,0,0,49,255,192,0,69,150,1,0,0,0,0,0,0,0
118.296700,118.242432,0,0,46,255,191,1,66,213,1,0,0,0,0,0,0,0
118.516487,118.474449,0,0,53,255,187,1,67,220,1,0,0,0,0,0,0,0
118.791206,118.733475,0,0,49,255,191,0,73,220,1,0,0,0,0,0,0,0
119.065933,119.019852,0,0,50,255,192,1,74,187,1,0,0,0,0,0,0,0
119.340660,119.284142,0,0,50,255,190,1,74,215,129,0,0,0,0,0,0,0
119.615387,119.561172,0,0,50,255,190,1,74,215,129,0,0,0,0,0,0,0
119.890106,119.838310,0,0,50,255,190,1,74,215,129,0,0,0,0,0,0,0
120.164833,120.115196,0,0,51,255,190,1,74,215,129,0,0,0,0,0,0,0
120.439560,120.392281,0,0,47,255,190,1,74,215,129,0,0,0,0,0,0,0
120.714287,120.669373,0,0,51,255,192,1,74,215,129,0,0,0,0,0,0,0
120.989014,120.946709,0,0,50,255,191,0,66,140,129,0,0,0,0,0,0,0
121.263733,121.224716,0,0,51,255,192,0,65,155,1,0,0,0,0,0,0,0
121.538460,121.476700,0,0,50,255,192,1,60,182,129,0,0,0,0,0,0,0
121.813187,121.750710,0,0,50,255,191,1,58,152,1,0,0,0,0,0,0,0
122.087914,122.037140,0,0,55,255,192,0,58,152,1,0,0,0,0,0,0,0
122.307693,122.268906,0,0,52,255,189,1,58,152,1,0,0,0,0,0,0,0
122.582420,122.529053,0,0,50,255,187,1,58,152,1,0,0,0,0,0,0,0
122.857140,122.819786,0,0,52,255,192,1,58,152,1,0,0,0,0,0,0,0
123.131866,123.069916,0,0,51,255,192,1,58,152,1,0,0,0,0,0,0,0
123.406593,123.346954,0,0,51,255,190,1,58,152,1,0,0,0,0,0,0,0
123.681320,123.625366,0,0,53,255,187,1,63,153,129,0,0,0,0,0,0,0
123.956047,123.902504,0,0,50,255,193,0,63,153,129,0,0,0,0,0,0,0
124.230766,124.179596,0,0,54,255,191,1,60,149,129,0,0,0,0,0,0,0
124.505493,124.458473,0,0,50,255,192,0,64,144,1,0,0,0,0,0,0,0
124.780220,124.736580,0,0,49,255,192,0,64,214,129,0,0,0,0,0,0,0
125.054947,125.009415,0,0,52,255,189,0,64,213,1,0,0,0,0,0,0,0
125.329674,125.269104,0,0,52,255,191,1,64,192,129,0,0,0,0,0,0,0
125.604393,125.557327,0,0,50,255,191,1,64,149,1,0,0,0,0,0,0,0
125.879120,125.816498,0,0,60,255,189,1,65,149,1,0,0,0,0,0,0,0
126.098900,126.052200,0,0,53,255,188,0,65,149,1,0,0,0,0,0,0,0
126.373627,126.329292,0,0,53,255,191,1,64,149,1,0,0,0,0,0,0,0
126.648354,126.607094,0,0,51,255,191,1,66,212,1,0,0,0,0,0,0,0
126.978020,126.883919,0,0,54,255,192,0,66,212,1,0,0,0,0,0,0,0
127.252747,127.188789,0,0,52,255,193,0,64,162,1,0,0,0,0,0,0,0
127.527473,127.466476,0,0,49,255,189,1,64,187,129,0,0,0,0,0,0,0
127.802200,127.743103,0,0,54,255,192,0,68,187,129,0,0,0,0,0,0,0
128.076920,128.013382,0,0,51,255,188,1,70,157,129,0,0,0,0,0,0,0
128.296707,128.245346,0,0,50,255,192,1,67,142,1,0,0,0,0,0,0,0
128.571426,128.506271,0,0,54,255,188,1,68,212,1,0,0,0,0,0,0,0
128.846161,128.792847,0,0,54,255,187,1,64,212,1,0,0,0,0,0,0,0
129.120880,129.058670,0,0,52,255,187,1,64,212,1,0,0,0,0,0,0,0
129.395599,129.335449,0,0,53,255,191,1,64,212,1,0,0,0,0,0,0,0
129.670334,129.612442,0,0,54,255,191,1,64,212,1,0,0,0,0,0,0,0
129.945053,129.889313,0,0,54,255,191,1,64,212,1,0,0,0,0,0,0,0
130.219788,130.166046,0,0,51,255,191,1,64,212,1,0,0,0,0,0,0,0
130.494507,130.443283,0,0,55,255,187,1,69,212,1,0,0,0,0,0,0,0
130.769226,130.721191,0,0,54,255,191,1,65,210,129,0,0,0,0,0,0,0
131.043961,130.998688,0,0,54,255,191,0,66,187,1,0,0,0,0,0,0,0
131.318680,131.262512,0,0,56,255,187,1,62,219,129,0,0,0,0,0,0,0
131.538467,131.493866,0,0,54,255,192,0,62,219,129,0,0,0,0,0,0,0
131.813187,131.753708,0,0,52,255,192,1,57,215,1,0,0,0,0,0,0,0
132.087906,132.039886,0,0,51,255,192,1,60,200,1,0,0,0,0,0,0,0
132.362640,132.312317,0,0,51,255,188,1,67,200,1,0,0,0,0,0,0,0
132.637360,132.590378,0,0,50,255,191,1,64,139,1,0,0,0,0,0,0,0
132.912094,132.867203,0,0,50,255,192,1,64,139,1,0,0,0,0,0,0,0
133.186813,133.144089,0,0,58,255,187,1,61,215,1,0,0,0,0,0,0,0
133.461533,133.394150,0,0,56,255,187,1,61,215,1,0,0,0,0,0,0,0
133.736267,133.671356,0,0,55,255,187,1,61,215,1,0,0,0,0,0,0,0
134.010986,133.948196,0,0,53,255,192,1,61,215,1,0,0,0,0,0,0,0
134.285721,134.226151,0,0,52,255,189,1,59,214,129,0,0,0,0,0,0,0
134.560440,134.514923,0,0,53,255,186,1,58,180,1,0,0,0,0,0,0,0
134.835159,134.774353,0,0,55,255,192,0,58,180,1,0,0,0,0,0,0,0
135.054947,135.007813,0,0,53,255,192,1,64,156,129,0,0,0,0,0,0,0
135.329666,135.266418,0,0,55,255,191,1,65,188,129,0,0,0,0,0,0,0
135.604401,135.540848,0,0,53,255,190,1,65,188,129,0,0,0,0,0,0,0
135.879120,135.817825,0,0,52,255,192,0,65,188,129,0,0,0,0,0,0,0
136.153839,136.094711,0,0,56,255,191,1,65,188,129,0,0,0,0,0,0,0
136.428574,136.371185,0,0,55,255,189,1,65,188,129,0,0,0,0,0,0,0
136.703293,136.648422,0,0,54,255,192,1,65,188,129,0,0,0,0,0,0,0
136.978027,136.926071,0,0,58,255,192,1,65,171,1,0,0,0,0,0,0,0
137.252747,137.203262,0,0,54,255,187,1,67,214,129,0,0,0,0,0,0,0
137.527466,137.480408,0,0,53,255,192,0,68,152,1,0,0,0,0,0,0,0
137.857147,137.758667,0,0,53,255,192,0,66,152,1,0,0,0,0,0,0,0
138.076920,138.021378,0,0,55,255,192,1,66,155,129,0,0,0,0,0,0,0
138.351654,138.308151,0,0,54,255,188,1,66,155,129,0,0,0,0,0,0,0
138.626373,138.570663,0,0,54,255,191,0,65,146,1,0,0,0,0,0,0,0
138.901093,138.803543,0,0,55,255,189,0,69,183,1,0,0,0,0,0,0,0
139.175827,139.077927,0,0,53,255,190,1,74,171,1,0,0,0,0,0,0,0
139.395599,139.345947,0,0,53,255,188,1,75,216,1,0,0,0,0,0,0,0
139.670334,139.604858,0,0,55,255,191,1,75,216,1,0,0,0,0,0,0,0
139.945053,139.891754,0,0,56,255,188,1,75,216,1,0,0,0,0,0,0,0
140.219788,140.150681,0,0,56,255,189,1,67,216,1,0,0,0,0,0,0,0
140.439560,140.391388,0,0,55,255,192,1,67,216,1,0,0,0,0,0,0,0
140.714279,140.668228,0,0,59,255,188,1,66,191,1,0,0,0,0,0,0,0
141.043961,140.945099,0,0,59,255,192,1,67,191,1,0,0,0,0,0,0,0
141.318680,141.249664,0,0,59,255,192,1,67,191,1,0,0,0,0,0,0,0
141.593399,141.526443,0,0,59,255,192,1,67,191,1,0,0,0,0,0,0,0
141.868134,141.803268,0,0,59,255,192,1,67,191,1,0,0,0,0,0,0,0
142.142853,142.080353,0,0,59,255,192,1,67,191,1,0,0,0,0,0,0,0
142.417587,142.357437,0,0,59,255,192,1,67,191,1,0,0,0,0,0,0,0
142.692307,142.635300,217,0,59,255,192,1,67,191,1,0,0,0,0,0,0,0
142.967026,142.912994,217,0,59,255,192,1,67,191,1,0,0,0,0,0,0,0
143.241760,143.189926,217,0,59,255,192,1,67,191,1,0,0,0,0,0,0,0
143.516479,143.467010,217,0,59,255,192,1,67,191,1,0,0,0,0,0,0,0
143.791214,143.744507,85,0,59,255,192,1,67,191,1,0,0,0,0,0,0,0
144.065933,144.021179,85,0,59,255,192,1,67,191,1,0,0,0,0,0,0,0
144.340652,144.270798,85,0,59,255,192,1,67,191,1,0,0,0,0,0,0,0
144.615387,144.547943,85,0,59,255,192,1,67,191,1,0,0,0,0,0,0,0
144.890106,144.824722,85,0,59,255,192,1,67,191,1,0,0,0,0,0,0,0
145.164841,145.101761,85,0,59,255,192,1,67,191,1,0,0,0,0,0,0,0
145.439560,145.378540,74,0,59,255,192,1,67,191,1,0,0,0,0,0,0,0
145.714279,145.655365,74,0,59,255,192,1,67,191,1,0,0,0,0,0,0,0
145.989014,145.932861,74,0,59,255,192,1,67,191,1,0,0,0,0,0,0,0
146.263733,146.209900,74,0,59,255,192,1,67,191,1,0,0,0,0,0,0,0
146.538467,146.486725,74,0,59,255,192,1,67,191,1,0,0,0,0,0,0,0
146.813187,146.763657,74,0,59,255,192,1,67,191,1,0,0,0,0,0,0,0
147.142853,147.040588,74,0,59,255,192,1,67,191,1,0,0,0,0,0,0,0
147.417587,147.345108,74,0,59,255,192,1,67,191,1,0,0,0,0,0,0,0
147.692307,147.624115,74,0,59,255,192,1,67,191,1,0,0,0,0,0,0,0
147.967026,147.900589,74,0,59,255,192,1,67,191,1,0,0,0,0,0,0,0
148.241760,148.177734,74,0,59,255,192,1,67,191,1,0,0,0,0,0,0,0
148.516479,148.454300,74,0,59,255,192,1,67,191,1,0,0,0,0,0,0,0
148.791214,148.731293,74,0,59,255,192,1,67,191,1,0,0,0,0,0,0,0
149.065933,149.008377,74,0,59,255,192,1,67,191,1,0,0,0,0,0,0,0
149.340652,149.285675,74,0,59,255,192,1,67,191,1,0,0,0,0,0,0,0
149.615387,149.562393,74,0,59,255,192,1,67,191,1,0,0,0,0,0,0,0
149.890106,149.839432,74,0,59,255,192,1,67,191,1,0,0,0,0,0,0,0
150.164841,150.116516,74,0,59,255,192,1,67,191,1,0,0,0,0,0,0,0
150.439560,150.365952,74,0,59,255,192,1,67,191,1,0,0,0,0,0,0,0
150.714279,150.642761,74,0,59,255,192,1,67,191,1,0,0,0,0,0,0,0
150.989014,150.919281,74,0,59,255,192,1,67,191,1,0,0,0,0,0,0,0
151.263733,151.196121,74,0,59,255,192,1,67,191,1,0,0,0,0,0,0,0
151.538467,151.473465,74,0,59,255,192,1,67,191,1,0,0,0,0,0,0,0
151.813187,151.750290,74,0,59,255,192,1,67,191,1,0,0,0,0,0,0,0
152.087906,152.027649,74,0,59,255,192,1,67,191,1,0,0,0,0,0,0,0
152.362640,152.304565,217,0,59,255,192,1,67,191,1,0,0,0,0,0,0,0
152.637360,152.582016,217,0,59,255,192,1,67,191,1,0,0,0,0,0,0,0
152.912094,152.858948,217,0,59,255,192,1,67,191,1,0,0,0,0,0,0,0
153.186813,153.135666,217,0,59,255,192,1,67,191,1,0,0,0,0,0,0,0
153.516479,153.412811,217,0,59,255,192,1,67,191,1,0,0,0,0,0,0,0
153.791214,153.717560,217,0,59,255,192,1,67,191,1,0,0,0,0,0,0,0
154.065933,153.994553,217,0,59,255,192,1,67,191,1,0,0,0,0,0,0,0
154.340652,154.271530,217,0,59,255,192,1,67,191,1,0,0,0,0,0,0,0
154.615387,154.548615,217,0,59,255,192,1,67,191,1,0,0,0,0,0,0,0
154.890106,154.825760,217,0,59,255,192,1,67,191,1,0,0,0,0,0,0,0
155.164841,155.102631,217,0,59,255,192,1,67,191,1,0,0,0,0,0,0,0
155.439560,155.379623,217,0,59,255,192,1,67,191,1,0,0,0,0,0,0,0
155.714279,155.656448,217,0,59,255,192,1,67,191,1,0,0,0,0,0,0,0
155.989014,155.933136,217,0,59,255,192,1,67,191,1,0,0,0,0,0,0,0
156.263733,156.210266,217,0,59,255,192,1,67,191,1,0,0,0,0,0,0,0
156.538467,156.487198,217,0,59,255,192,1,67,191,1,0,0,0,0,0,0,0
156.813187,156.764130,217,0,59,255,192,1,67,191,1,0,0,0,0,0,0,0
157.087906,157.013550,217,0,59,255,192,1,67,191,1,0,0,0,0,0,0,0
157.362640,157.290375,166,0,59,255,192,1,67,191,1,0,0,0,0,0,0,0
157.637360,157.567169,166,0,59,255,192,1,67,191,1,0,0,0,0,0,0,0
157.912094,157.844452,166,0,59,255,192,1,67,191,1,0,0,0,0,0,0,0
158.186813,158.121689,166,0,59,255,192,1,67,191,1,0,0,0,0,0,0,0
158.461533,158.398773,166,0,59,255,192,1,67,191,1,0,0,0,0,0,0,0
158.736267,158.675919,166,0,59,255,192,1,67,191,1,0,0,0,0,0,0,0
159.010986,158.952637,166,0,59,255,192,1,67,191,1,0,0,0,0,0,0,0
159.285721,159.229477,166,0,59,255,192,1,67,191,1,0,0,0,0,0,0,0
159.560440,159.506104,166,0,59,255,192,1,67,191,1,0,0,0,0,0,0,0
159.835159,159.783142,166,0,59,255,192,1,67,191,1,0,0,0,0,0,0,0
160.164841,160.059814,166,0,59,255,192,1,67,191,1,0,0,0,0,0,0,0
160.439560,160.364517,166,0,59,255,192,1,67,191,1,0,0,0,0,0,0,0
160.714279,160.641556,166,0,59,255,192,1,67,191,1,0,0,0,0,0,0,0
160.989014,160.918427,166,0,59,255,192,1,67,191,1,0,0,0,0,0,0,0
161.263733,161.195206,166,0,59,255,192,1,67,191,1,0,0,0,0,0,0,0
161.538467,161.471985,166,0,59,255,192,1,67,191,1,0,0,0,0,0,0,0
161.813187,161.749252,108,0,59,255,192,1,67,191,1,0,0,0,0,0,0,0
162.087906,162.025909,108,0,59,255,192,1,67,191,1,0,0,0,0,0,0,0
162.362640,162.302780,108,0,59,255,192,1,67,191,1,0,0,0,0,0,0,0
162.637360,162.579666,108,0,59,255,192,1,67,191,1,0,0,0,0,0,0,0
162.912094,162.856293,108,0,59,255,192,1,67,191,1,0,0,0,0,0,0,0
163.186813,163.133377,108,0,59,255,192,1,67,191,1,0,0,0,0,0,0,0
163.461533,163.410004,108,0,59,255,192,1,67,191,1,0,0,0,0,0,0,0
163.736267,163.659622,108,0,59,255,192,1,67,191,1,0,0,0,0,0,0,0
164.010986,163.936615,108,0,59,255,192,1,67,191,1,0,0,0,0,0,0,0
164.285721,164.213440,108,0,59,255,192,1,67,191,1,0,0,0,0,0,0,0
164.560440,164.490219,108,0,59,255,192,1,67,191,1,0,0,0,0,0,0,0
164.835159,164.766846,108,0,59,255,192,1,67,191,1,0,0,0,0,0,0,0
165.109894,165.043427,108,0,59,255,192,1,67,191,1,0,0,0,0,0,0,0
165.384613,165.320206,108,0,59,255,192,1,67,191,1,0,0,0,0,0,0,0
165.659348,165.597244,108,0,59,255,192,1,67,191,1,0,0,0,0,0,0,0
165.934067,165.873764,108,0,59,255,192,1,67,191,1,0,0,0,0,0,0,0
166.208786,166.150894,108,0,59,255,192,1,67,191,1,0,0,0,0,0,0,0
166.483521,166.427826,108,0,59,255,192,1,67,191,1,0,0,0,0,0,0,0
166.813187,166.704712,108,0,59,255,192,1,67,191,1,0,0,0,0,0,0,0
167.087906,167.009171,108,0,59,255,192,1,67,191,1,0,0,0,0,0,0,0
167.362640,167.285950,108,0,59,255,192,1,67,191,1,0,0,0,0,0,0,0
167.637360,167.562561,108,0,59,255,192,1,67,191,1,0,0,0,0,0,0,0
167.912094,167.839081,108,0,59,255,192,1,67,191,1,0,0,0,0,0,0,0
168.186813,168.115921,108,0,59,255,192,1,67,191,1,0,0,0,0,0,0,0
168.461533,168.392639,108,0,59,255,192,1,67,191,1,0,0,0,0,0,0,0
168.736267,168.669479,108,0,59,255,192,1,67,191,1,0,0,0,0,0,0,0
169.010986,168.946716,108,0,59,255,192,1,67,191,1,0,0,0,0,0,0,0
169.285721,169.223633,108,0,59,255,192,1,67,191,1,0,0,0,0,0,0,0
169.560440,169.500275,108,0,59,255,192,1,67,191,1,0,0,0,0,0,0,0
169.835159,169.777008,108,0,59,255,192,1,67,191,1,0,0,0,0,0,0,0
170.109894,170.053986,108,0,59,255,192,1,67,191,1,0,0,0,0,0,0,0
170.384613,170.330612,108,0,59,255,192,1,67,191,1,0,0,0,0,0,0,0
170.659348,170.580231,108,0,59,255,192,1,67,191,1,0,0,0,0,0,0,0
170.934067,170.857071,108,0,59,255,192,1,67,191,1,0,0,0,0,0,0,0
171.208786,171.133820,108,0,59,255,192,1,67,191,1,0,0,0,0,0,0,0
171.483521,171.410980,108,0,59,255,192,1,67,191,1,0,0,0,0,0,0,0
171.758240,171.688126,108,0,59,255,192,1,67,191,1,0,0,0,0,0,0,0
172.032974,171.964951,108,0,59,255,192,1,67,191,1,0,0,0,0,0,0,0
172.307693,172.241776,108,0,59,255,192,1,67,191,1,0,0,0,0,0,0,0
172.582413,172.518555,108,0,59,255,192,1,67,191,1,0,0,0,0,0,0,0
172.857147,172.795334,108,0,59,255,192,1,67,191,1,0,0,0,0,0,0,0
173.131866,173.071869,149,0,59,255,192,1,67,191,1,0,0,0,0,0,0,0
173.406601,173.348694,149,0,59,255,192,1,67,191,1,0,0,0,0,0,0,0
173.736267,173.625824,149,0,59,255,192,1,67,191,1,0,0,0,0,0,0,0
174.010986,173.930328,149,0,59,255,192,1,67,191,1,0,0,0,0,0,0,0
174.285721,174.207153,149,0,59,255,192,1,67,191,1,0,0,0,0,0,0,0
174.560440,174.484146,149,0,59,255,192,1,67,191,1,0,0,0,0,0,0,0
174.835159,174.761078,149,0,59,255,192,1,67,191,1,0,0,0,0,0,0,0
175.109894,175.038010,104,0,59,255,192,1,67,191,1,0,0,0,0,0,0,0
175.384613,175.314743,104,0,59,255,192,1,67,191,1,0,0,0,0,0,0,0
175.659348,175.591721,104,0,59,255,192,1,67,191,1,0,0,0,0,0,0,0
175.934067,175.868347,104,0,59,255,192,1,67,191,1,0,0,0,0,0,0,0
176.208786,176.144867,104,0,59,255,192,1,67,191,1,0,0,0,0,0,0,0
176.483521,176.421539,104,0,59,255,192,1,67,191,1,0,0,0,0,0,0,0
176.758240,176.698486,104,0,59,255,192,1,67,191,1,0,0,0,0,0,0,0
177.032974,176.975769,104,0,59,255,192,1,67,191,1,0,0,0,0,0,0,0
177.307693,177.225754,104,0,59,255,192,1,67,191,1,0,0,0,0,0,0,0
177.582413,177.503036,104,0,59,255,192,1,67,191,1,0,0,0,0,0,0,0
177.857147,177.780029,104,0,59,255,192,1,67,191,1,0,0,0,0,0,0,0
178.131866,178.057373,104,0,59,255,192,1,67,191,1,0,0,0,0,0,0,0
178.406601,178.334503,104,0,59,255,192,1,67,191,1,0,0,0,0,0,0,0
178.681320,178.611221,104,0,59,255,192,1,67,191,1,0,0,0,0,0,0,0
178.956039,178.888123,104,0,59,255,192,1,67,191,1,0,0,0,0,0,0,0
179.230774,179.164948,104,0,59,255,192,1,67,191,1,0,0,0,0,0,0,0
179.505493,179.441620,104,0,59,255,192,1,67,191,1,0,0,0,0,0,0,0
179.780212,179.718307,104,0,59,255,192,1,67,191,1,0,0,0,0,0,0,0
180.054947,179.995392,104,0,59,255,192,1,67,191,1,0,0,0,0,0,0,0
180.384613,180.272110,104,0,59,255,192,1,67,191,1,0,0,0,0,0,0,0
180.659348,180.576721,104,0,59,255,192,1,67,191,1,0,0,0,0,0,0,0
180.934067,180.853485,104,0,59,255,192,1,67,191,1,0,0,0,0,0,0,0
181.208786,181.130173,104,0,59,255,192,1,67,191,1,0,0,0,0,0,0,0
181.483521,181.407211,104,0,59,255,192,1,67,191,1,0,0,0,0,0,0,0
181.758240,181.684494,104,0,59,255,192,1,67,191,1,0,0,0,0,0,0,0
182.032974,181.961700,104,0,59,255,192,1,67,191,1,0,0,0,0,0,0,0
182.307693,182.238464,104,0,59,255,192,1,67,191,1,0,0,0,0,0,0,0
182.582413,182.515350,104,0,59,255,192,1,67,191,1,0,0,0,0,0,0,0
182.857147,182.792023,104,0,59,255,192,1,67,191,1,0,0,0,0,0,0,0
183.131866,183.068756,104,0,59,255,192,1,67,191,1,0,0,0,0,0,0,0
183.406601,183.345428,104,0,59,255,192,1,67,191,1,0,0,0,0,0,0,0
183.681320,183.622467,104,0,59,255,192,1,67,191,1,0,0,0,0,0,0,0
183.956039,183.872391,104,0,59,255,192,1,67,191,1,0,0,0,0,0,0,0
184.230774,184.149231,104,0,59,255,192,1,67,191,1,0,0,0,0,0,0,0
184.505493,184.426208,104,0,59,255,192,1,67,191,1,0,0,0,0,0,0,0
184.780212,184.702774,104,0,59,255,192,1,67,191,1,0,0,0,0,0,0,0
185.054947,184.979401,104,0,59,255,192,1,67,191,1,0,0,0,0,0,0,0
185.329666,185.255783,104,0,59,255,192,1,67,191,1,0,0,0,0,0,0,0
185.604401,185.533020,104,0,59,255,192,1,67,191,1,0,0,0,0,0,0,0
185.879120,185.809845,104,0,59,255,192,1,67,191,1,0,0,0,0,0,0,0
186.153839,186.086365,104,0,59,255,192,1,67,191,1,0,0,0,0,0,0,0
186.428574,186.363770,104,0,59,255,192,1,67,191,1,0,0,0,0,0,0,0
186.703293,186.640549,104,0,59,255,192,1,67,191,1,0,0,0,0,0,0,0
187.032974,186.917526,104,0,59,255,192,1,67,191,1,0,0,0,0,0,0,0
187.307693,187.222336,104,0,59,255,192,1,67,191,1,0,0,0,0,0,0,0
187.582413,187.499466,104,0,59,255,192,1,67,191,1,0,0,0,0,0,0,0
187.857147,187.775787,104,0,59,255,192,1,67,191,1,0,0,0,0,0,0,0
188.131866,188.052719,104,0,59,255,192,1,67,191,1,0,0,0,0,0,0,0
188.406601,188.329559,104,0,59,255,192,1,67,191,1,0,0,0,0,0,0,0
188.681320,188.606232,104,0,59,255,192,1,67,191,1,0,0,0,0,0,0,0
188.956039,188.883575,104,0,59,255,192,1,67,191,1,0,0,0,0,0,0,0
189.230774,189.160507,104,0,59,255,192,1,67,191,1,0,0,0,0,0,0,0
189.505493,189.437332,104,0,59,255,192,1,67,191,1,0,0,0,0,0,0,0
189.780212,189.714218,104,0,59,255,192,1,67,191,1,0,0,0,0,0,0,0
190.054947,189.991455,104,0,59,255,192,1,67,191,1,0,0,0,0,0,0,0
190.329666,190.268341,104,0,59,255,192,1,67,191,1,0,0,0,0,0,0,0
190.604401,190.517914,104,0,59,255,192,1,67,191,1,0,0,0,0,0,0,0
190.879120,190.794739,104,0,59,255,192,1,67,191,1,0,0,0,0,0,0,0
191.153839,191.071564,104,0,59,255,192,1,67,191,1,0,0,0,0,0,0,0
191.428574,191.348404,104,0,59,255,192,1,67,191,1,0,0,0,0,0,0,0
191.703293,191.624924,104,0,59,255,192,1,67,191,1,0,0,0,0,0,0,0
191.978027,191.901596,104,0,59,255,192,1,67,191,1,0,0,0,0,0,0,0
192.252747,192.178589,104,0,59,255,192,1,67,191,1,0,0,0,0,0,0,0
192.527466,192.455414,104,0,59,255,192,1,67,191,1,0,0,0,0,0,0,0
192.802200,192.732910,104,0,59,255,192,1,67,191,1,0,0,0,0,0,0,0
193.076920,193.009995,104,0,59,255,192,1,67,191,1,0,0,0,0,0,0,0
193.351654,193.287079,104,0,59,255,192,1,67,191,1,0,0,0,0,0,0,0
193.681320,193.564072,104,0,59,255,192,1,67,191,1,0,0,0,0,0,0,0
193.956039,193.868820,104,0,59,255,192,1,67,191,1,0,0,0,0,0,0,0
194.230774,194.145905,104,0,59,255,192,1,67,191,1,0,0,0,0,0,0,0
194.505493,194.422424,104,0,59,255,192,1,67,191,1,0,0,0,0,0,0,0
194.780212,194.699265,104,0,59,255,192,1,67,191,1,0,0,0,0,0,0,0
195.054947,194.975891,104,0,59,255,192,1,67,191,1,0,0,0,0,0,0,0
195.329666,195.252411,104,0,59,255,192,1,67,191,1,0,0,0,0,0,0,0
195.604401,195.529541,104,0,59,255,192,1,67,191,1,0,0,0,0,0,0,0
195.879120,195.806427,104,0,59,255,192,1,67,191,1,0,0,0,0,0,0,0
196.153839,196.082794,104,0,59,255,192,1,67,191,1,0,0,0,0,0,0,0
196.428574,196.359573,104,0,59,255,192,1,67,191,1,0,0,0,0,0,0,0
196.703293,196.636307,104,0,59,255,192,1,67,191,1,0,0,0,0,0,0,0
196.978027,196.913086,104,0,59,255,192,1,67,191,1,0,0,0,0,0,0,0
197.252747,197.162552,104,0,59,255,192,1,67,191,1,0,0,0,0,0,0,0
197.527466,197.439545,104,0,59,255,192,1,67,191,1,0,0,0,0,0,0,0
197.802200,197.716476,209,0,59,255,192,1,67,191,1,0,0,0,0,0,0,0
198.076920,197.993454,209,0,59,255,192,1,67,191,1,0,0,0,0,0,0,0
198.351654,198.270599,209,0,59,255,192,1,67,191,1,0,0,0,0,0,0,0
198.626373,198.547623,209,0,59,255,192,1,67,191,1,0,0,0,0,0,0,0
198.901093,198.824554,209,0,59,255,192,1,67,191,1,0,0,0,0,0,0,0
199.175827,199.101547,209,0,59,255,192,1,67,191,1,0,0,0,0,0,0,0
199.450546,199.378326,209,0,59,255,192,1,67,191,1,0,0,0,0,0,0,0
199.725281,199.655609,209,0,59,255,192,1,67,191,1,0,0,0,0,0,0,0
200.000000,199.932343,209,0,59,255,192,1,67,191,1,0,0,0,0,0,0,0
200.329666,200.209061,209,0,59,255,192,1,67,191,1,0,0,0,0,0,0,0
200.604401,200.513626,209,0,59,255,192,1,67,191,1,0,0,0,0,0,0,0
200.879120,200.790451,209,0,59,255,192,1,67,191,1,0,0,0,0,0,0,0
201.153839,201.067123,209,0,59,255,192,1,67,191,1,0,0,0,0,0,0,0
201.428574,201.343857,209,0,59,255,192,1,67,191,1,0,0,0,0,0,0,0
201.703293,201.620834,209,0,59,255,192,1,67,191,1,0,0,0,0,0,0,0
201.978027,201.897934,209,0,59,255,192,1,67,191,1,0,0,0,0,0,0,0
202.252747,202.175217,209,0,59,255,192,1,67,191,1,0,0,0,0,0,0,0
202.527466,202.452362,209,0,59,255,192,1,67,191,1,0,0,0,0,0,0,0
202.802200,202.729340,209,0,59,255,192,1,67,191,1,0,0,0,0,0,0,0
203.076920,203.006271,209,0,59,255,192,1,67,191,1,0,0,0,0,0,0,0
203.351654,203.283051,209,0,59,255,192,1,67,191,1,0,0,0,0,0,0,0
203.626373,203.559570,209,0,59,255,192,1,67,191,1,0,0,0,0,0,0,0
203.901093,203.809097,209,0,59,255,192,1,67,191,1,0,0,0,0,0,0,0
204.175827,204.085831,209,0,59,255,192,1,67,191,1,0,0,0,0,0,0,0
204.450546,204.362442,209,0,59,255,192,1,67,191,1,0,0,0,0,0,0,0
204.725281,204.639633,209,0,59,255,192,1,67,191,1,0,0,0,0,0,0,0
205.000000,204.916824,209,0,59,255,192,1,67,191,1,0,0,0,0,0,0,0
205.274719,205.194061,209,0,59,255,192,1,67,191,1,0,0,0,0,0,0,0
205.549454,205.471451,209,0,59,255,192,1,67,191,1,0,0,0,0,0,0,0
205.824173,205.748749,209,0,59,255,192,1,67,191,1,0,0,0,0,0,0,0
206.098907,206.025375,209,0,59,255,192,1,67,191,1,0,0,0,0,0,0,0
206.373627,206.302612,209,0,59,255,192,1,67,191,1,0,0,0,0,0,0,0
206.648346,206.579544,209,0,59,255,192,1,67,191,1,0,0,0,0,0,0,0
206.978027,206.884552,209,0,59,255,192,1,67,191,1,0,0,0,0,0,0,0
207.252747,207.161636,209,0,59,255,192,1,67,191,1,0,0,0,0,0,0,0
207.527466,207.438263,209,0,59,255,192,1,67,191,1,0,0,0,0,0,0,0
207.802200,207.717346,209,0,59,255,192,1,67,191,1,0,0,0,0,0,0,0
208.076920,207.994339,209,0,59,255,192,1,67,191,1,0,0,0,0,0,0,0
208.351654,208.271286,209,0,59,255,192,1,67,191,1,0,0,0,0,0,0,0
208.626373,208.548203,209,0,59,255,192,1,67,191,1,0,0,0,0,0,0,0
208.901093,208.825180,209,0,59,255,192,1,67,191,1,0,0,0,0,0,0,0
209.175827,209.102112,209,0,59,255,192,1,67,191,1,0,0,0,0,0,0,0
209.450546,209.379044,209,0,59,255,192,1,67,191,1,0,0,0,0,0,0,0
209.725281,209.655731,209,0,59,255,192,1,67,191,1,0,0,0,0,0,0,0
210.000000,209.905258,209,0,59,255,192,1,67,191,1,0,0,0,0,0,0,0
210.274719,210.181717,209,0,59,255,192,1,67,191,1,0,0,0,0,0,0,0
210.549454,210.458755,209,0,59,255,192,1,67,191,1,0,0,0,0,0,0,0
210.824173,210.735275,209,0,59,255,192,1,67,191,1,0,0,0,0,0,0,0
211.098907,211.012115,209,0,59,255,192,1,67,191,1,0,0,0,0,0,0,0
211.373627,211.288635,209,0,59,255,192,1,67,191,1,0,0,0,0,0,0,0
211.648346,211.565353,209,0,59,255,192,1,67,191,1,0,0,0,0,0,0,0
211.923080,211.842392,209,0,59,255,192,1,67,191,1,0,0,0,0,0,0,0
212.197800,212.119080,209,0,59,255,192,1,67,191,1,0,0,0,0,0,0,0
212.472534,212.395798,209,0,59,255,192,1,67,191,1,0,0,0,0,0,0,0
212.747253,212.670990,122,0,25,194,191,1,64,191,1,0,0,0,0,0,0,0
213.021973,212.945572,122,0,24,195,192,1,65,190,0,0,0,0,0,0,0,0
213.296707,213.222244,122,0,24,195,192,1,65,190,0,0,0,0,0,0,0,0
213.571426,213.496826,122,0,24,194,192,1,65,190,0,0,0,0,0,0,0,0
213.846161,213.771255,122,0,24,194,192,1,65,190,0,0,0,0,0,0,0,0
214.120880,214.045837,122,0,25,194,191,1,64,190,0,0,0,0,0,0,0,0
214.395599,214.320007,122,0,25,194,191,1,64,190,0,0,0,0,0,0,0,0
214.670334,214.594940,123,0,24,194,191,1,64,190,0,0,0,0,0,0,0,0
214.945053,214.871918,123,0,24,193,192,1,65,190,1,0,0,0,0,0,0,0
215.219788,215.146652,123,0,24,193,192,1,65,190,1,0,0,0,0,0,0,0
215.494507,215.421173,123,0,24,193,192,1,65,190,1,0,0,0,0,0,0,0
215.769226,215.696060,122,255,25,193,192,1,65,190,1,0,0,0,0,0,0,0
216.043961,215.970383,122,255,25,193,192,1,65,190,1,0,0,0,0,0,0,0
216.318680,216.245377,122,255,24,193,191,1,65,190,1,0,0,0,0,0,0,0
216.593399,216.520920,122,255,25,196,191,1,64,190,129,0,0,0,0,0,0,0
216.868134,216.795654,122,116,25,196,191,1,64,190,129,0,0,0,0,0,0,0
217.142853,217.070129,122,0,24,195,192,1,65,190,129,0,0,0,0,0,0,0
217.417587,217.328278,122,0,24,194,191,1,64,190,1,0,0,0,0,0,0,0
217.692307,217.611908,122,0,24,194,191,1,64,190,1,0,0,0,0,0,0,0
217.967026,217.869293,122,0,24,193,192,1,65,190,129,0,0,0,0,0,0,0
218.186813,218.102020,122,0,25,194,192,1,66,190,1,0,0,0,0,0,0,0
218.461533,218.374191,122,0,25,194,192,1,66,190,1,0,0,0,0,0,0,0
218.736267,218.648254,122,0,24,195,192,0,65,190,1,0,0,0,0,0,0,0
219.010986,218.924225,122,0,24,195,192,2,65,190,1,0,0,0,0,0,0,0
219.285721,219.198792,122,0,23,195,192,2,65,190,1,0,0,0,0,0,0,0
219.560440,219.473328,122,0,23,195,192,2,65,190,1,0,0,0,0,0,0,0
219.835159,219.748062,122,0,24,193,192,1,65,190,1,0,0,0,0,0,0,0
220.109894,220.022629,122,0,24,193,192,1,65,190,1,0,0,0,0,0,0,0
220.384613,220.310959,122,0,23,193,192,1,65,190,1,0,0,0,0,0,0,0
220.659348,220.567566,122,0,25,193,192,1,65,190,1,0,0,0,0,0,0,0
220.879120,220.796478,122,0,25,193,192,1,65,190,1,0,0,0,0,0,0,0
221.153839,221.081207,122,0,24,193,192,1,65,190,1,0,0,0,0,0,0,0
221.428574,221.351959,122,0,24,193,191,1,65,190,1,0,0,0,0,0,0,0
221.703293,221.627350,122,0,25,193,191,1,64,190,129,0,0,0,0,0,0,0
221.978027,221.901718,122,0,25,193,191,1,64,190,129,0,0,0,0,0,0,0
222.252747,222.176300,122,0,25,193,191,1,64,190,129,0,0,0,0,0,0,0
222.527466,222.451447,122,0,25,194,192,0,66,190,1,0,0,0,0,0,0,0
222.802200,222.726639,122,0,24,195,192,2,65,190,1,0,0,0,0,0,0,0
223.076920,223.001053,122,0,25,194,192,1,66,190,129,0,0,0,0,0,0,0
223.351654,223.259155,122,0,24,195,192,0,65,190,129,0,0,0,0,0,0,0
223.571426,223.489227,122,0,25,194,191,1,64,190,1,0,0,0,0,0,0,0
223.846161,223.773315,122,0,24,195,192,2,65,190,1,0,0,0,0,0,0,0
224.120880,224.032120,122,0,25,193,191,1,65,190,1,0,0,0,0,0,0,0
224.395599,224.305008,122,0,24,195,191,1,65,190,129,0,0,0,0,0,0,0
224.670334,224.580460,122,0,25,194,191,1,66,190,1,0,0,0,0,0,0,0
224.945053,224.855759,122,0,24,194,192,0,64,190,129,0,0,0,0,0,0,0
225.164841,225.088181,122,0,25,194,192,1,65,190,1,0,0,0,0,0,0,0
225.439560,225.345413,122,0,24,193,191,1,65,190,129,0,0,0,0,0,0,0
225.714279,225.629852,122,0,25,194,192,1,66,190,1,0,0,0,0,0,0,0
225.989014,225.859161,122,0,25,194,192,1,66,190,1,0,0,0,0,0,0,0
226.208786,226.131531,122,0,23,193,192,1,65,190,1,0,0,0,0,0,0,0
226.483521,226.406616,122,0,25,194,191,1,65,190,129,0,0,0,0,0,0,0
226.758240,226.682220,122,0,25,194,191,1,65,190,1,0,0,0,0,0,0,0
227.032974,226.955063,122,0,24,195,192,1,65,190,129,0,0,0,0,0,0,0
227.307693,227.211273,122,0,24,195,192,1,65,190,129,0,0,0,0,0,0,0
227.582413,227.495102,122,0,24,194,192,0,66,190,129,0,0,0,0,0,0,0
227.802200,227.725372,122,0,24,194,192,1,66,190,1,0,0,0,0,0,0,0
228.076920,227.984741,122,0,24,194,192,1,66,190,1,0,0,0,0,0,0,0
228.351654,228.259369,122,0,25,194,192,1,66,190,1,0,0,0,0,0,0,0
228.626373,228.534103,122,0,25,194,191,1,66,190,1,0,0,0,0,0,0,0
228.901093,228.808685,122,0,24,195,192,2,65,190,1,0,0,0,0,0,0,0
229.175827,229.083160,122,0,24,193,191,1,65,190,1,0,0,0,0,0,0,0
229.450546,229.357941,122,0,24,194,192,1,65,190,1,0,0,0,0,0,0,0
229.725281,229.645859,122,0,25,194,192,1,66,190,1,0,0,0,0,0,0,0
230.000000,229.903290,122,0,25,193,191,1,65,190,129,0,0,0,0,0,0,0
230.219788,230.133057,122,0,25,194,191,1,64,190,1,0,0,0,0,0,0,0
230.494507,230.418060,122,0,24,193,192,1,65,190,129,0,0,0,0,0,0,0
230.769226,230.688126,122,0,24,193,192,1,65,190,129,0,0,0,0,0,0,0
231.043961,230.962402,122,0,24,193,192,1,65,190,129,0,0,0,0,0,0,0
231.318680,231.237747,122,0,25,193,192,1,65,190,1,0,0,0,0,0,0,0
231.593399,231.512680,122,0,24,194,192,1,65,190,129,0,0,0,0,0,0,0
231.868134,231.787720,122,0,24,194,192,1,66,190,1,0,0,0,0,0,0,0
232.142853,232.062149,122,0,24,193,191,1,65,190,1,0,0,0,0,0,0,0
232.417587,232.318207,122,0,24,195,192,0,65,190,129,0,0,0,0,0,0,0
232.637360,232.548462,122,0,24,195,192,0,65,190,129,0,0,0,0,0,0,0
232.912094,232.833023,122,0,25,196,191,1,65,190,1,0,0,0,0,0,0,0
233.186813,233.092453,122,0,25,196,191,1,64,190,129,0,0,0,0,0,0,0
233.461533,233.365341,122,0,25,194,191,1,66,190,1,0,0,0,0,0,0,0
233.736267,233.640121,122,0,25,193,191,1,65,190,129,0,0,0,0,0,0,0
234.010986,233.914185,122,0,25,193,191,1,65,190,129,0,0,0,0,0,0,0
234.285721,234.188461,122,0,24,193,191,1,65,190,129,0,0,0,0,0,0,0
234.560440,234.462524,122,0,24,195,192,1,65,190,129,0,0,0,0,0,0,0
234.780212,234.698334,122,0,25,194,192,1,66,190,129,0,0,0,0,0,0,0
235.054947,234.955048,122,0,24,195,192,0,65,190,1,0,0,0,0,0,0,0
235.329666,235.239944,122,0,24,195,192,0,65,190,1,0,0,0,0,0,0,0
235.549454,235.468430,122,0,25,193,191,1,64,190,1,0,0,0,0,0,0,0
235.824173,235.737122,122,0,24,194,192,1,66,190,129,0,0,0,0,0,0,0
236.098907,236.011551,122,0,25,194,192,1,66,190,129,0,0,0,0,0,0,0
236.373627,236.279312,122,0,24,194,192,0,65,190,129,0,0,0,0,0,0,0
236.648346,236.564621,122,0,25,196,191,1,65,190,1,0,0,0,0,0,0,0
236.923080,236.820724,122,0,25,196,191,1,65,190,1,0,0,0,0,0,0,0
237.142853,237.049576,122,0,24,193,191,1,65,190,1,0,0,0,0,0,0,0
237.417587,237.313004,122,0,24,195,192,1,65,190,129,0,0,0,0,0,0,0
237.692307,237.588394,122,0,23,193,191,1,65,190,129,0,0,0,0,0,0,0
237.967026,237.862762,122,0,23,193,191,1,65,190,129,0,0,0,0,0,0,0
238.241760,238.137299,122,0,24,195,192,1,65,190,129,0,0,0,0,0,0,0
238.516479,238.426697,122,0,25,194,192,0,66,190,1,0,0,0,0,0,0,0
238.736267,238.655792,122,0,25,194,191,1,66,190,1,0,0,0,0,0,0,0
239.010986,238.912918,122,0,23,193,192,1,65,190,1,0,0,0,0,0,0,0
239.285721,239.197144,122,0,23,193,192,1,65,190,1,0,0,0,0,0,0,0
239.560440,239.467484,122,0,23,193,192,1,65,190,1,0,0,0,0,0,0,0
239.835159,239.742050,122,0,23,193,192,1,65,190,1,0,0,0,0,0,0,0
240.109894,240.016693,122,0,23,193,192,1,65,190,1,0,0,0,0,0,0,0
240.384613,240.291367,122,0,23,193,192,1,65,190,1,0,0,0,0,0,0,0
240.659348,240.565842,122,0,23,193,192,1,65,190,1,0,0,0,0,0,0,0
240.934067,240.841141,122,0,24,194,191,1,66,190,129,0,0,0,0,0,0,0
241.208786,241.115662,122,0,24,193,191,1,65,190,129,0,0,0,0,0,0,0
241.483521,241.390854,122,0,25,196,192,1,66,190,1,0,0,0,0,0,0,0
241.758240,241.665543,122,0,24,193,191,1,65,190,1,0,0,0,0,0,0,0
242.032974,241.940598,122,0,23,193,192,1,65,190,1,0,0,0,0,0,0,0
242.307693,242.215271,122,0,24,195,192,0,65,190,1,0,0,0,0,0,0,0
242.582413,242.489853,122,0,24,195,192,0,65,190,1,0,0,0,0,0,0,0
242.857147,242.760376,122,0,24,194,192,0,65,190,1,0,0,0,0,0,0,0
243.076920,242.990234,122,0,24,193,191,1,64,190,129,0,0,0,0,0,0,0
243.351654,243.247681,122,0,23,193,191,1,64,190,129,0,0,0,0,0,0,0
243.626373,243.531342,122,0,24,193,191,1,64,190,129,0,0,0,0,0,0,0
243.901093,243.764893,122,0,25,194,192,1,66,190,1,0,0,0,0,0,0,0
244.175827,244.040344,122,0,24,193,191,1,66,190,1,0,0,0,0,0,0,0
244.450546,244.314972,122,0,25,194,192,1,65,190,1,0,0,0,0,0,0,0
244.670334,244.579269,122,0,24,195,192,1,65,190,129,0,0,0,0,0,0,0
244.945053,244.864517,122,0,25,196,191,1,65,190,1,0,0,0,0,0,0,0
245.219788,245.121490,122,0,24,195,192,1,65,190,129,0,0,0,0,0,0,0
245.439560,245.351868,122,0,25,193,191,1,65,190,1,0,0,0,0,0,0,0
245.714279,245.620667,122,0,23,193,191,1,64,190,129,0,0,0,0,0,0,0
245.989014,245.895355,122,0,24,193,191,1,64,190,129,0,0,0,0,0,0,0
246.263733,246.171417,122,0,25,194,192,1,65,190,129,0,0,0,0,0,0,0
246.538467,246.446198,122,0,25,194,192,1,65,190,129,0,0,0,0,0,0,0
246.813187,246.720627,122,0,24,193,191,1,64,190,129,0,0,0,0,0,0,0
247.087906,246.984802,122,0,24,194,192,1,65,190,1,0,0,0,0,0,0,0
247.362640,247.269653,122,0,25,194,191,1,66,190,129,0,0,0,0,0,0,0
247.582413,247.499588,122,0,25,194,191,1,66,190,129,0,0,0,0,0,0,0
247.857147,247.756912,122,0,24,193,191,1,64,190,129,0,0,0,0,0,0,0
248.131866,248.048294,122,0,25,194,191,1,66,190,1,0,0,0,0,0,0,0
248.406601,248.304657,122,0,25,194,191,1,66,190,1,0,0,0,0,0,0,0
248.626373,248.534378,122,0,25,194,192,1,65,190,129,0,0,0,0,0,0,0
248.901093,248.818344,122,0,24,194,192,0,65,190,129,0,0,0,0,0,0,0
249.175827,249.079468,122,0,24,195,191,1,65,190,129,0,0,0,0,0,0,0
249.450546,249.354141,122,0,23,195,191,1,65,190,129,0,0,0,0,0,0,0
249.725281,249.629089,122,0,24,193,192,1,65,190,1,0,0,0,0,0,0,0
250.000000,249.904465,122,0,25,194,191,1,65,190,1,0,0,0,0,0,0,0
250.274719,250.178192,122,0,24,194,192,1,66,190,1,0,0,0,0,0,0,0
250.494507,250.406876,122,0,24,195,192,1,65,190,1,0,0,0,0,0,0,0
250.769226,250.664154,122,0,24,195,192,1,65,190,1,0,0,0,0,0,0,0
251.043961,250.948349,122,0,25,194,192,0,65,190,1,0,0,0,0,0,0,0
251.318680,251.180725,122,0,25,194,192,1,66,190,129,0,0,0,0,0,0,0
251.593399,251.455292,122,0,25,194,192,1,66,190,129,0,0,0,0,0,0,0
251.868134,251.730026,122,0,25,194,192,1,66,190,129,0,0,0,0,0,0,0
252.142853,252.004608,122,0,25,194,192,1,66,190,129,0,0,0,0,0,0,0
252.417587,252.279343,122,0,24,193,191,1,65,190,129,0,0,0,0,0,0,0
252.692307,252.553970,122,0,24,193,191,1,65,190,129,0,0,0,0,0,0,0
252.967026,252.856934,122,0,24,194,192,0,65,190,129,0,0,0,0,0,0,0
253.241760,253.132080,122,0,24,193,192,1,65,190,1,0,0,0,0,0,0,0
253.461533,253.361984,122,0,24,195,192,1,65,190,1,0,0,0,0,0,0,0
253.736267,253.646576,122,0,24,193,191,1,64,190,1,0,0,0,0,0,0,0
254.010986,253.902939,122,0,23,193,191,1,64,190,1,0,0,0,0,0,0,0
254.230774,254.134750,122,0,23,193,191,1,65,190,1,0,0,0,0,0,0,0
254.505493,254.407028,122,0,24,195,192,1,65,190,1,0,0,0,0,0,0,0
254.780212,254.681549,122,0,25,195,192,1,65,190,1,0,0,0,0,0,0,0
255.054947,254.956238,122,0,24,195,192,1,65,190,1,0,0,0,0,0,0,0
255.329666,255.230560,122,0,24,193,191,1,65,190,1,0,0,0,0,0,0,0
255.604401,255.505035,122,0,24,193,191,1,65,190,1,0,0,0,0,0,0,0
255.879120,255.779663,122,0,24,195,192,1,65,190,1,0,0,0,0,0,0,0
256.153839,256.055023,122,0,25,194,192,1,66,190,129,0,0,0,0,0,0,0
256.428558,256.329742,122,0,25,194,192,1,66,190,129,0,0,0,0,0,0,0
256.703308,256.618164,122,0,25,196,191,1,66,190,129,0,0,0,0,0,0,0
256.978027,256.875031,122,0,25,194,191,1,66,190,1,0,0,0,0,0,0,0
257.197815,257.104401,122,0,25,194,191,1,66,190,1,0,0,0,0,0,0,0
257.472534,257.361328,122,0,25,194,191,1,66,190,1,0,0,0,0,0,0,0
257.747253,257.659119,122,0,25,194,192,0,66,190,1,0,0,0,0,0,0,0
258.021973,257.933594,122,0,24,194,192,0,66,190,1,0,0,0,0,0,0,0
258.296692,258.208160,122,0,23,195,192,1,65,190,1,0,0,0,0,0,0,0
258.571442,258.482635,122,0,24,195,192,2,65,190,1,0,0,0,0,0,0,0
258.846161,258.757111,122,0,24,195,192,2,65,190,1,0,0,0,0,0,0,0
259.120880,259.031586,122,0,25,195,192,2,65,190,1,0,0,0,0,0,0,0
259.395599,259.297485,122,0,24,195,192,1,65,190,129,0,0,0,0,0,0,0
259.615387,259.527496,122,0,25,194,192,1,66,190,1,0,0,0,0,0,0,0
259.890106,259.783600,122,0,24,195,192,1,65,190,1,0,0,0,0,0,0,0
260.164825,260.068146,122,0,25,194,191,1,66,190,129,0,0,0,0,0,0,0
260.439575,260.334229,122,0,25,196,191,1,66,190,1,0,0,0,0,0,0,0
260.714294,260.608887,122,0,25,196,191,1,66,190,1,0,0,0,0,0,0,0
260.989014,260.884338,122,0,24,195,192,2,65,190,129,0,0,0,0,0,0,0
261.263733,261.158966,122,0,24,195,192,2,65,190,129,0,0,0,0,0,0,0
261.538452,261.432587,122,0,23,193,191,1,65,190,129,0,0,0,0,0,0,0
261.758240,261.662048,122,0,24,195,192,2,66,190,1,0,0,0,0,0,0,0
262.032959,261.919769,122,0,24,195,192,2,65,190,129,0,0,0,0,0,0,0
262.307678,262.203796,122,0,24,193,192,1,64,190,129,0,0,0,0,0,0,0
262.527466,262.435974,122,0,24,195,192,1,64,190,1,0,0,0,0,0,0,0
262.802185,262.711365,122,0,25,193,191,1,66,190,129,0,0,0,0,0,0,0
263.076935,262.986053,122,0,25,193,191,1,66,190,129,0,0,0,0,0,0,0
263.351654,263.250000,122,0,24,194,192,0,66,190,129,0,0,0,0,0,0,0
263.626373,263.533966,122,0,23,194,192,0,66,190,129,0,0,0,0,0,0,0
263.901093,263.790161,122,0,23,194,192,0,66,190,129,0,0,0,0,0,0,0
264.120880,264.019775,122,0,24,195,192,2,65,190,1,0,0,0,0,0,0,0
264.395599,264.288483,122,0,25,195,192,0,66,190,129,0,0,0,0,0,0,0
264.670319,264.564484,122,0,24,195,192,1,65,190,1,0,0,0,0,0,0,0
264.945068,264.835419,122,0,25,196,191,1,66,190,129,0,0,0,0,0,0,0
265.219788,265.120392,122,0,24,197,191,1,66,190,1,0,0,0,0,0,0,0
265.439575,265.350098,122,0,25,199,192,1,65,190,1,0,0,0,0,0,0,0
265.714294,265.608246,122,0,25,199,192,1,65,190,1,0,0,0,0,0,0,0
265.989014,265.896973,122,0,25,199,192,1,65,190,1,0,0,0,0,0,0,0
266.263733,266.171356,122,0,26,201,191,1,66,190,1,0,0,0,0,0,0,0
266.538452,266.446442,122,0,24,201,192,1,66,190,129,0,0,0,0,0,0,0
266.813202,266.720856,122,0,26,200,191,1,66,190,129,0,0,0,0,0,0,0
267.087921,266.984741,122,0,25,201,192,1,66,190,1,0,0,0,0,0,0,0
267.307678,267.213348,122,0,26,200,191,1,66,190,1,0,0,0,0,0,0,0
267.582428,267.470581,122,0,24,201,192,1,65,190,129,0,0,0,0,0,0,0
267.857147,267.757874,122,0,25,202,192,0,66,190,1,0,0,0,0,0,0,0
268.131866,268.017456,122,0,25,202,192,0,66,190,129,0,0,0,0,0,0,0
268.351654,268.246490,122,0,26,200,192,0,66,190,129,0,0,0,0,0,0,0
268.626373,268.530426,122,0,26,200,192,0,66,190,129,0,0,0,0,0,0,0
268.901093,268.791901,122,0,24,200,192,0,66,190,129,0,0,0,0,0,0,0
269.175812,269.067291,122,0,25,202,192,1,66,190,1,0,0,0,0,0,0,0
269.450562,269.341766,122,0,25,202,192,1,66,190,1,0,0,0,0,0,0,0
269.725281,269.616302,122,0,25,202,192,1,66,190,1,0,0,0,0,0,0,0
270.000000,269.891327,122,0,26,202,192,1,66,190,129,0,0,0,0,0,0,0
270.274719,270.165802,122,0,24,201,192,1,65,190,129,0,0,0,0,0,0,0
270.549438,270.437744,122,0,26,201,191,1,66,190,129,0,0,0,0,0,0,0
270.769226,270.667542,122,0,25,202,191,1,66,190,1,0,0,0,0,0,0,0
271.043945,270.952148,122,0,26,201,191,1,66,190,129,0,0,0,0,0,0,0
271.318695,271.209839,122,0,26,201,191,1,66,190,1,0,0,0,0,0,0,0
271.538452,271.441132,122,0,25,202,192,1,66,190,129,0,0,0,0,0,0,0
271.813202,271.712646,122,0,25,202,192,1,66,190,1,0,0,0,0,0,0,0
272.087921,271.997894,122,0,26,202,192,0,65,190,129,0,0,0,0,0,0,0
272.362640,272.255463,122,0,25,200,191,1,66,190,1,0,0,0,0,0,0,0
272.582428,272.485718,122,0,26,201,192,1,65,190,129,0,0,0,0,0,0,0
272.857147,272.748016,122,0,25,202,192,0,65,190,1,0,0,0,0,0,0,0
273.131866,273.018585,122,0,26,201,191,1,66,190,129,0,0,0,0,0,0,0
273.406586,273.303802,122,0,25,202,192,0,66,190,1,0,0,0,0,0,0,0
273.626373,273.533905,122,0,25,202,192,0,65,190,129,0,0,0,0,0,0,0
273.901093,273.791351,122,0,25,202,192,2,65,190,129,0,0,0,0,0,0,0
274.175812,274.079987,122,0,26,201,191,1,65,190,129,0,0,0,0,0,0,0
274.450562,274.350464,122,0,25,202,192,1,66,190,1,0,0,0,0,0,0,0
274.725281,274.607697,122,0,24,202,192,1,65,190,1,0,0,0,0,0,0,0
274.945068,274.837158,122,0,25,202,192,1,65,190,1,0,0,0,0,0,0,0
275.219788,275.121735,122,0,25,202,192,1,65,190,129,0,0,0,0,0,0,0
275.494507,275.384125,122,0,24,201,192,1,65,190,1,0,0,0,0,0,0,0
275.769226,275.658356,122,0,24,201,192,1,65,190,1,0,0,0,0,0,0,0
276.043945,275.933350,122,0,24,201,192,1,65,190,1,0,0,0,0,0,0,0
276.318695,276.208191,122,0,24,201,192,1,64,190,1,0,0,0,0,0,0,0
276.593414,276.482971,122,0,25,201,192,1,64,190,1,0,0,0,0,0,0,0
276.868134,276.757599,122,0,25,202,192,1,65,190,129,0,0,0,0,0,0,0
277.142853,277.032990,122,0,25,200,191,1,65,190,129,0,0,0,0,0,0,0
277.417572,277.304352,122,0,24,201,192,1,64,190,129,0,0,0,0,0,0,0
277.637360,277.534454,122,0,25,202,192,1,64,190,1,0,0,0,0,0,0,0
277.912079,277.819214,122,0,26,202,192,1,64,190,1,0,0,0,0,0,0,0
278.186798,278.076752,122,0,26,202,192,1,64,190,1,0,0,0,0,0,0,0
278.406586,278.310669,122,0,25,202,191,1,65,190,1,0,0,0,0,0,0,0
278.681305,278.586121,122,0,25,202,192,0,66,190,129,0,0,0,0,0,0,0
278.956055,278.860840,122,0,25,202,192,0,66,190,129,0,0,0,0,0,0,0
279.230774,279.135925,122,0,24,201,192,1,64,190,129,0,0,0,0,0,0,0
279.505493,279.409180,122,0,26,201,191,1,64,190,1,0,0,0,0,0,0,0
