0.000000,0.000000,102,8,127,255,189,0,64,223,0,0,0,0,0,0,0,0
0.274725,0.277394,102,6,128,255,187,1,53,214,128,0,0,0,0,0,0,0
0.549451,0.553966,102,6,128,255,187,1,53,214,128,0,0,0,0,0,0,0
0.824176,0.829773,104,0,125,255,190,0,53,214,128,0,0,0,0,0,0,0
1.098901,1.106724,106,0,124,255,190,0,55,158,0,0,0,0,0,0,0,0
1.373626,1.383075,106,0,124,255,190,0,55,158,0,0,0,0,0,0,0,0
1.648352,1.658932,102,0,124,255,190,0,55,158,0,0,0,0,0,0,0,0
1.923077,1.934949,104,0,124,255,190,0,55,158,0,0,0,0,0,0,0,0
2.197802,2.184385,102,0,122,255,187,1,71,228,0,0,0,0,0,0,0,0
2.472528,2.472744,102,0,122,255,184,1,64,208,128,0,0,0,0,0,0,0
2.692308,2.705469,102,0,122,255,184,1,64,208,128,0,0,0,0,0,0,0
2.967033,2.963825,102,0,122,255,184,1,64,208,128,0,0,0,0,0,0,0
3.241758,3.249691,102,0,122,255,184,1,64,208,128,0,0,0,0,0,0,0
3.516484,3.523453,102,0,119,255,187,1,66,208,128,0,0,0,0,0,0,0
3.791209,3.800332,102,0,118,255,187,1,79,228,0,0,0,0,0,0,0,0
4.065934,4.076805,102,0,118,255,185,1,66,229,128,0,0,0,0,0,0,0
4.340659,4.326734,102,0,117,255,189,0,65,229,128,0,0,0,0,0,0,0
4.615385,4.603019,102,0,116,255,188,1,75,216,128,0,0,0,0,0,0,0
4.890110,4.879374,102,0,115,255,185,2,78,223,0,0,0,0,0,0,0,0
5.164835,5.157176,116,0,115,255,189,0,78,158,128,0,0,0,0,0,0,0
5.439560,5.450670,102,0,114,255,189,1,63,224,0,0,0,0,0,0,0,0
5.714286,5.709588,104,0,113,255,189,1,64,224,0,0,0,0,0,0,0,0
5.934066,5.941398,104,0,113,255,189,0,64,158,128,0,0,0,0,0,0,0
6.208791,6.199140,102,0,112,255,187,1,68,158,128,0,0,0,0,0,0,0
6.483517,6.468612,105,0,111,255,190,0,64,158,128,0,0,0,0,0,0,0
6.758242,6.745072,102,0,110,255,187,0,64,158,128,0,0,0,0,0,0,0
7.032967,7.021544,102,0,110,255,189,0,67,158,128,0,0,0,0,0,0,0
7.307693,7.297658,102,0,109,255,186,1,67,158,128,0,0,0,0,0,0,0
7.582417,7.574229,102,0,108,255,189,0,53,171,0,0,0,0,0,0,0,0
7.857143,7.850551,102,0,109,255,187,1,72,228,0,0,0,0,0,0,0,0
8.131868,8.126608,104,0,108,255,189,0,72,228,0,0,0,0,0,0,0,0
8.406593,8.416777,102,0,108,255,189,0,53,226,0,0,0,0,0,0,0,0
8.681318,8.675183,102,0,108,255,189,0,53,226,0,0,0,0,0,0,0,0
8.901099,8.906073,102,0,108,255,189,0,53,226,0,0,0,0,0,0,0,0
9.175824,9.164072,102,0,106,255,185,2,71,226,0,0,0,0,0,0,0,0
9.450549,9.436243,102,0,106,255,185,2,71,219,0,0,0,0,0,0,0,0
9.725275,9.712781,102,0,106,255,185,2,71,219,0,0,0,0,0,0,0,0
10.000000,9.989084,102,0,107,255,189,0,64,158,0,0,0,0,0,0,0,0
10.274725,10.264790,103,0,106,255,189,0,64,158,0,0,0,0,0,0,0,0
10.549451,10.541054,103,0,105,255,190,0,64,158,0,0,0,0,0,0,0,0
10.824176,10.817166,103,0,105,255,190,0,64,158,0,0,0,0,0,0,0,0
11.098901,11.093385,103,0,105,255,190,0,64,158,0,0,0,0,0,0,0,0
11.373627,11.369237,113,0,105,255,189,0,64,158,0,0,0,0,0,0,0,0
11.648352,11.645821,102,0,105,255,189,0,64,158,0,0,0,0,0,0,0,0
11.923077,11.921929,106,0,105,255,189,0,64,158,0,0,0,0,0,0,0,0
12.197803,12.198913,102,0,104,255,189,0,64,217,128,0,0,0,0,0,0,0
12.472528,12.475385,102,0,104,255,189,0,64,217,128,0,0,0,0,0,0,0
12.747252,12.751702,102,0,103,255,188,0,75,175,128,0,0,0,0,0,0,0
13.021978,13.010874,102,0,103,255,187,0,64,228,128,0,0,0,0,0,0,0
13.296703,13.298228,103,0,103,255,189,0,74,158,128,0,0,0,0,0,0,0
13.571428,13.556173,102,0,102,255,189,1,74,218,128,0,0,0,0,0,0,0
13.791209,13.790188,114,0,102,255,184,2,80,223,0,0,0,0,0,0,0,0
14.065934,14.066401,102,0,101,255,187,1,64,223,0,0,0,0,0,0,0,0
14.340659,14.342566,102,0,101,255,186,1,64,223,0,0,0,0,0,0,0,0
14.615385,14.619910,102,0,101,255,190,0,64,228,128,0,0,0,0,0,0,0
14.890110,14.895663,127,0,100,255,189,0,64,228,128,0,0,0,0,0,0,0
15.164835,15.163383,102,0,101,255,189,0,71,220,0,0,0,0,0,0,0,0
15.439561,15.421177,117,0,100,255,189,0,71,158,0,0,0,0,0,0,0,0
15.714286,15.707197,102,0,101,255,189,1,60,214,0,0,0,0,0,0,0,0
15.934066,15.937882,110,0,101,255,189,1,60,214,0,0,0,0,0,0,0,0
16.208792,16.205584,108,0,101,255,189,0,60,214,0,0,0,0,0,0,0,0
16.483517,16.482128,106,0,100,255,189,0,76,158,0,0,0,0,0,0,0,0
16.758242,16.758957,102,0,100,255,189,0,64,158,0,0,0,0,0,0,0,0
17.032967,17.036041,103,0,99,255,188,1,64,158,0,0,0,0,0,0,0,0
17.307692,17.308418,102,0,100,255,188,1,76,220,128,0,0,0,0,0,0,0
17.582418,17.567287,102,0,99,255,185,1,75,222,0,0,0,0,0,0,0,0
17.857143,17.853615,105,0,100,255,189,0,55,209,128,0,0,0,0,0,0,0
18.076923,18.084761,115,0,99,255,190,1,64,204,0,0,0,0,0,0,0,0
18.351648,18.348848,106,0,99,255,189,0,64,158,128,0,0,0,0,0,0,0
18.626373,18.623732,104,0,100,255,189,0,48,158,0,0,0,0,0,0,0,0
18.901098,18.883059,102,0,100,255,189,0,54,217,128,0,0,0,0,0,0,0
19.175825,19.169031,102,0,100,255,189,0,54,217,128,0,0,0,0,0,0,0
19.395605,19.400126,121,0,100,255,189,0,63,158,128,0,0,0,0,0,0,0
19.670330,19.660376,102,0,101,255,189,0,72,158,128,0,0,0,0,0,0,0
19.945055,19.936283,102,0,102,255,187,1,67,226,128,0,0,0,0,0,0,0
20.219780,20.213476,102,0,102,255,189,0,69,212,0,0,0,0,0,0,0,0
20.494505,20.484009,102,0,103,255,188,1,71,213,128,0,0,0,0,0,0,0
20.769230,20.770029,102,0,103,255,188,1,71,213,128,0,0,0,0,0,0,0
21.043957,21.027973,102,0,102,255,188,1,72,216,128,0,0,0,0,0,0,0
21.263737,21.259890,102,0,104,255,189,1,72,214,0,0,0,0,0,0,0,0
21.538462,21.524384,102,0,104,255,189,1,72,214,0,0,0,0,0,0,0,0
21.813187,21.800091,103,0,104,255,189,0,69,158,0,0,0,0,0,0,0,0
22.087912,22.076405,102,0,104,255,189,0,69,158,0,0,0,0,0,0,0,0
22.362637,22.354055,102,0,104,255,189,0,63,158,128,0,0,0,0,0,0,0
22.637363,22.631397,102,0,104,255,188,0,64,218,128,0,0,0,0,0,0,0
22.912088,22.908175,102,0,104,255,188,0,64,218,128,0,0,0,0,0,0,0
23.186813,23.177277,102,0,104,255,189,0,74,158,128,0,0,0,0,0,0,0
23.461538,23.463146,102,0,105,255,184,1,64,158,128,0,0,0,0,0,0,0
23.736263,23.722166,102,0,106,255,185,1,56,228,0,0,0,0,0,0,0,0
23.956043,23.952393,102,0,106,255,189,0,64,158,0,0,0,0,0,0,0,0
24.230770,24.219702,109,0,106,255,190,0,64,158,0,0,0,0,0,0,0,0
24.505495,24.496021,109,0,106,255,190,0,64,158,0,0,0,0,0,0,0,0
24.780220,24.772293,102,0,107,255,190,0,75,158,0,0,0,0,0,0,0,0
25.054945,25.048656,102,0,107,255,184,2,72,227,0,0,0,0,0,0,0,0
25.329670,25.325588,102,0,108,255,185,1,81,223,128,0,0,0,0,0,0,0
25.604395,25.595203,103,0,109,255,189,0,68,158,128,0,0,0,0,0,0,0
25.879122,25.881479,102,0,109,255,185,1,83,221,128,0,0,0,0,0,0,0
26.153847,26.140196,102,0,109,255,188,1,80,218,128,0,0,0,0,0,0,0
26.373627,26.371647,102,0,109,255,189,0,67,218,128,0,0,0,0,0,0,0
26.648352,26.637062,102,0,110,255,187,1,64,199,128,0,0,0,0,0,0,0
26.923077,26.913383,112,0,111,255,189,1,75,199,128,0,0,0,0,0,0,0
27.197802,27.189753,112,0,111,255,189,1,75,199,128,0,0,0,0,0,0,0
27.472527,27.466633,102,0,111,255,184,2,64,227,0,0,0,0,0,0,0,0
27.747253,27.743666,102,0,111,255,185,1,64,210,128,0,0,0,0,0,0,0
28.021978,28.020805,104,0,112,255,189,0,77,208,0,0,0,0,0,0,0,0
28.296703,28.288883,104,0,112,255,189,0,68,158,128,0,0,0,0,0,0,0
28.571428,28.575005,116,0,112,255,189,0,64,158,0,0,0,0,0,0,0,0
28.846153,28.833666,102,0,112,255,189,0,64,158,128,0,0,0,0,0,0,0
29.065933,29.064507,102,0,112,255,189,0,64,158,128,0,0,0,0,0,0,0
29.340660,29.331871,102,0,113,255,189,0,72,158,128,0,0,0,0,0,0,0
29.615385,29.608391,102,0,114,255,189,0,64,158,128,0,0,0,0,0,0,0
29.890110,29.885120,102,0,114,255,189,0,68,226,128,0,0,0,0,0,0,0
30.164835,30.162052,112,0,115,255,189,0,68,158,0,0,0,0,0,0,0,0
30.439560,30.439291,102,0,115,255,189,0,80,223,128,0,0,0,0,0,0,0
30.714285,30.700768,102,0,115,255,189,0,79,157,0,0,0,0,0,0,0,0
30.989012,30.987352,102,0,116,255,185,2,85,219,128,0,0,0,0,0,0,0
31.263737,31.246017,102,0,117,255,188,1,82,218,0,0,0,0,0,0,0,0
31.483517,31.477520,103,0,116,255,189,0,68,157,128,0,0,0,0,0,0,0
31.758242,31.751432,102,0,117,255,189,0,68,157,128,0,0,0,0,0,0,0
32.032967,32.028008,121,0,117,255,189,0,68,191,0,0,0,0,0,0,0,0
32.307693,32.304375,103,0,118,255,189,0,64,158,0,0,0,0,0,0,0,0
32.582417,32.566296,110,0,117,255,189,0,77,208,128,0,0,0,0,0,0,0
32.857143,32.853050,115,0,119,255,189,1,56,159,0,0,0,0,0,0,0,0
33.131866,33.111557,102,0,118,255,189,0,64,158,128,0,0,0,0,0,0,0
33.351650,33.342247,103,0,119,255,189,0,64,158,128,0,0,0,0,0,0,0
33.626373,33.617184,113,0,119,255,189,0,64,212,0,0,0,0,0,0,0,0
33.901100,33.893402,102,0,119,255,189,0,63,228,0,0,0,0,0,0,0,0
34.175823,34.169769,102,0,120,255,190,0,63,228,0,0,0,0,0,0,0,0
34.450550,34.435234,105,0,121,255,189,0,64,158,0,0,0,0,0,0,0,0
34.725273,34.722588,106,0,122,255,187,1,64,157,128,0,0,0,0,0,0,0
35.000000,34.980637,111,0,122,255,189,1,64,158,128,0,0,0,0,0,0,0
35.219780,35.212345,102,0,123,255,185,1,70,221,128,0,0,0,0,0,0,0
35.494507,35.484623,102,0,124,255,185,0,75,220,128,0,0,0,0,0,0,0
35.769230,35.752495,102,0,124,255,190,0,75,158,0,0,0,0,0,0,0,0
36.043957,36.039799,102,0,125,255,189,0,74,158,128,0,0,0,0,0,0,0
36.318680,36.299175,102,0,126,255,189,1,71,224,128,0,0,0,0,0,0,0
36.538460,36.530476,102,0,128,255,189,0,64,224,128,0,0,0,0,0,0,0
36.813187,36.799114,102,0,128,255,189,0,75,171,128,0,0,0,0,0,0,0
37.087914,37.075802,105,0,128,255,189,0,72,158,128,0,0,0,0,0,0,0
37.362637,37.352264,102,2,129,255,185,1,74,221,128,0,0,0,0,0,0,0
37.637363,37.621880,102,11,130,255,186,1,69,227,0,0,0,0,0,0,0,0
37.912086,37.908154,107,14,131,255,190,0,69,227,0,0,0,0,0,0,0,0
38.186813,38.167278,104,17,131,255,190,0,69,227,0,0,0,0,0,0,0,0
38.406593,38.398117,102,27,132,255,186,1,71,228,0,0,0,0,0,0,0,0
38.681320,38.663788,102,30,133,255,189,0,71,228,0,0,0,0,0,0,0,0
38.956043,38.940468,102,38,134,255,189,0,69,158,0,0,0,0,0,0,0,0
39.230770,39.217453,102,47,135,255,190,0,69,158,0,0,0,0,0,0,0,0
39.505493,39.493973,102,55,137,255,190,0,54,158,0,0,0,0,0,0,0,0
39.780220,39.771519,102,63,137,255,189,0,72,157,128,0,0,0,0,0,0,0
40.054947,40.046200,103,74,139,255,189,0,75,157,0,0,0,0,0,0,0,0
40.329670,40.305939,102,82,141,255,189,0,74,157,128,0,0,0,0,0,0,0
40.604397,40.592369,102,93,141,255,189,0,71,157,0,0,0,0,0,0,0,0
40.824177,40.823975,102,93,141,255,189,1,66,216,128,0,0,0,0,0,0,0
41.098900,41.085148,102,108,145,255,147,0,66,216,128,0,0,0,0,0,0,0
41.373627,41.360138,102,112,144,255,117,0,84,216,128,0,0,0,0,0,0,0
41.648350,41.635376,104,126,145,255,92,0,84,216,128,0,0,0,0,0,0,0
41.923077,41.910877,104,126,145,255,92,0,84,216,128,0,0,0,0,0,0,0
42.197803,42.186268,103,142,148,255,92,0,84,216,128,0,0,0,0,0,0,0
42.472527,42.461361,102,148,147,255,67,0,64,158,128,0,0,0,0,0,0,0
42.747253,42.735069,102,151,149,255,61,1,77,223,0,0,0,0,0,0,0,0
43.021976,43.021091,105,156,149,255,65,0,66,158,128,0,0,0,0,0,0,0
43.296703,43.280827,102,161,149,255,65,1,64,216,0,0,0,0,0,0,0,0
43.516483,43.512745,102,162,149,255,67,0,62,158,0,0,0,0,0,0,0,0
43.791210,43.774113,102,169,151,255,66,0,62,158,0,0,0,0,0,0,0,0
44.065933,44.050331,102,169,151,255,66,0,62,158,0,0,0,0,0,0,0,0
44.340660,44.326855,102,169,151,255,66,0,62,158,0,0,0,0,0,0,0,0
44.615383,44.603275,103,169,151,255,66,0,62,158,0,0,0,0,0,0,0,0
44.890110,44.879807,109,196,154,255,65,1,62,158,0,0,0,0,0,0,0,0
45.164837,45.156578,112,200,154,255,67,0,55,158,128,0,0,0,0,0,0,0
45.439560,45.432896,112,200,154,255,67,0,55,158,128,0,0,0,0,0,0,0
45.714287,45.709572,116,218,157,255,67,0,68,158,128,0,0,0,0,0,0,0
46.043957,45.985790,103,222,157,255,67,0,68,158,128,0,0,0,0,0,0,0
46.318680,46.289677,102,229,158,255,64,1,59,215,128,0,0,0,0,0,0,0
46.593407,46.566147,102,234,158,255,65,1,67,215,128,0,0,0,0,0,0,0
46.868134,46.842922,108,235,158,255,66,0,72,215,128,0,0,0,0,0,0,0
47.087914,47.083488,102,237,158,255,62,1,63,224,0,0,0,0,0,0,0,0
47.362637,47.343014,120,238,159,255,66,0,59,158,128,0,0,0,0,0,0,0
47.637363,47.629704,103,240,159,255,67,0,63,157,0,0,0,0,0,0,0,0
47.912086,47.888008,121,242,159,255,66,0,64,157,0,0,0,0,0,0,0,0
48.186813,48.127548,104,242,159,255,66,0,64,157,0,0,0,0,0,0,0,0
48.461540,48.432713,125,245,159,255,66,0,77,158,128,0,0,0,0,0,0,0
48.736263,48.709389,102,246,159,255,61,1,63,217,0,0,0,0,0,0,0,0
49.010990,48.986217,102,247,160,255,67,0,72,158,0,0,0,0,0,0,0,0
49.230770,49.221558,107,249,160,255,67,0,64,158,128,0,0,0,0,0,0,0
49.505493,49.480431,102,251,160,255,66,1,63,167,0,0,0,0,0,0,0,0
49.780220,49.767067,103,252,161,255,67,0,65,158,128,0,0,0,0,0,0,0
50.054947,50.025829,102,252,161,255,67,0,65,158,128,0,0,0,0,0,0,0
50.329670,50.270023,102,252,161,255,64,1,74,207,128,0,0,0,0,0,0,0
50.604397,50.574730,103,252,161,255,67,0,80,157,0,0,0,0,0,0,0,0
50.879120,50.852375,102,252,161,255,66,0,74,157,0,0,0,0,0,0,0,0
51.153847,51.129360,102,252,162,255,67,0,76,158,128,0,0,0,0,0,0,0
51.428570,51.404297,102,252,162,255,65,0,75,226,0,0,0,0,0,0,0,0
51.648350,51.635139,102,252,162,255,65,0,75,226,0,0,0,0,0,0,0,0
51.923077,51.894974,102,252,161,255,65,1,84,222,128,0,0,0,0,0,0,0
52.197803,52.180851,103,252,161,255,65,1,84,222,128,0,0,0,0,0,0,0
52.472527,52.441551,104,252,161,255,65,1,84,222,128,0,0,0,0,0,0,0
52.747253,52.718590,115,253,163,255,65,0,84,208,0,0,0,0,0,0,0,0
53.021976,52.995571,123,252,162,255,66,0,80,158,128,0,0,0,0,0,0,0
53.296703,53.272449,102,252,162,255,67,0,71,157,0,0,0,0,0,0,0,0
53.571430,53.548668,102,252,162,255,67,0,71,157,0,0,0,0,0,0,0,0
53.846153,53.824829,102,252,162,255,63,1,75,215,128,0,0,0,0,0,0,0
54.120880,54.101917,102,252,163,255,63,1,75,215,128,0,0,0,0,0,0,0
54.395603,54.374294,106,252,163,255,67,0,68,158,0,0,0,0,0,0,0,0
54.615383,54.605598,102,252,163,255,61,2,71,229,0,0,0,0,0,0,0,0
54.890110,54.865536,102,253,163,255,65,0,72,157,0,0,0,0,0,0,0,0
55.164837,55.151920,106,252,163,255,67,0,68,158,128,0,0,0,0,0,0,0
55.439560,55.412777,102,252,163,255,66,0,82,157,0,0,0,0,0,0,0,0
55.659340,55.644234,102,252,163,255,66,0,79,158,128,0,0,0,0,0,0,0
55.934067,55.903301,102,252,163,255,66,0,79,158,128,0,0,0,0,0,0,0
56.208790,56.190056,108,252,163,255,66,0,68,158,128,0,0,0,0,0,0,0
56.483517,56.455254,108,252,163,255,66,1,67,214,128,0,0,0,0,0,0,0
56.758244,56.731422,103,252,163,255,67,0,71,158,128,0,0,0,0,0,0,0
57.032967,57.007835,102,252,163,255,63,1,76,229,128,0,0,0,0,0,0,0
57.252747,57.244667,104,253,163,255,66,0,74,157,128,0,0,0,0,0,0,0
57.527473,57.503429,112,252,163,255,67,0,63,158,0,0,0,0,0,0,0,0
57.802197,57.791245,102,252,163,255,61,1,69,228,128,0,0,0,0,0,0,0
58.076923,58.049496,102,252,163,255,61,1,69,228,128,0,0,0,0,0,0,0
58.351650,58.322392,102,252,164,255,61,1,75,223,128,0,0,0,0,0,0,0
58.626373,58.599113,102,252,164,255,66,0,82,217,0,0,0,0,0,0,0,0
58.901100,58.876148,117,252,164,255,67,0,84,158,128,0,0,0,0,0,0,0
59.175823,59.146786,103,252,163,255,66,0,66,218,0,0,0,0,0,0,0,0
59.395603,59.377728,102,252,163,255,67,0,72,158,0,0,0,0,0,0,0,0
59.670330,59.663136,103,252,163,255,67,0,72,158,0,0,0,0,0,0,0,0
59.945053,59.922104,104,252,163,255,67,0,72,158,0,0,0,0,0,0,0,0
60.219780,60.187523,104,252,164,255,67,0,81,157,128,0,0,0,0,0,0,0
60.494507,60.464096,104,252,164,255,67,0,81,157,128,0,0,0,0,0,0,0
60.769230,60.740463,102,252,164,255,65,1,71,224,128,0,0,0,0,0,0,0
61.043957,61.010387,102,252,163,255,66,0,72,157,0,0,0,0,0,0,0,0
61.263737,61.241631,102,252,163,255,66,0,72,157,0,0,0,0,0,0,0,0
61.538460,61.527500,102,252,163,255,66,0,72,157,0,0,0,0,0,0,0,0
61.813187,61.786827,121,252,163,255,66,0,73,158,128,0,0,0,0,0,0,0
62.087914,62.024784,104,252,164,255,63,1,72,158,128,0,0,0,0,0,0,0
62.362637,62.329334,104,252,164,255,63,1,72,158,128,0,0,0,0,0,0,0
62.637363,62.606674,106,252,163,255,67,0,64,158,0,0,0,0,0,0,0,0
62.912086,62.883553,103,252,164,255,65,0,68,217,128,0,0,0,0,0,0,0
63.186813,63.160793,106,252,163,255,66,0,64,157,0,0,0,0,0,0,0,0
63.461540,63.438137,106,252,163,255,66,0,64,157,128,0,0,0,0,0,0,0
63.681320,63.672459,102,252,163,255,66,0,64,157,0,0,0,0,0,0,0,0
63.956043,63.931782,106,252,163,255,66,1,72,217,128,0,0,0,0,0,0,0
64.230766,64.217957,102,253,163,255,65,1,72,220,0,0,0,0,0,0,0,0
64.505493,64.476669,106,252,163,255,66,0,68,157,128,0,0,0,0,0,0,0
64.780220,64.751251,102,252,164,255,65,0,74,220,0,0,0,0,0,0,0,0
65.054947,65.028900,123,253,163,255,67,0,68,157,128,0,0,0,0,0,0,0
65.329674,65.294571,113,252,163,255,66,0,64,157,0,0,0,0,0,0,0,0
65.549454,65.525970,102,252,163,255,66,0,75,171,128,0,0,0,0,0,0,0
65.824173,65.812042,105,252,163,255,66,0,75,171,128,0,0,0,0,0,0,0
66.098900,66.070557,102,252,163,255,67,0,64,157,128,0,0,0,0,0,0,0
66.373627,66.341087,119,252,163,255,67,0,72,157,0,0,0,0,0,0,0,0
66.648354,66.617607,102,252,163,255,65,1,65,157,128,0,0,0,0,0,0,0
66.923080,66.893982,102,252,163,255,65,0,75,157,128,0,0,0,0,0,0,0
67.197800,67.166206,108,252,163,255,66,0,72,158,128,0,0,0,0,0,0,0
67.417580,67.398170,103,252,163,255,67,0,66,157,0,0,0,0,0,0,0,0
67.692307,67.657394,102,253,163,255,65,1,75,183,128,0,0,0,0,0,0,0
67.967033,67.943367,106,252,163,255,66,0,64,157,0,0,0,0,0,0,0,0
68.241760,68.206581,102,252,163,255,66,0,71,157,128,0,0,0,0,0,0,0
68.516487,68.483307,102,252,163,255,66,0,79,175,0,0,0,0,0,0,0,0
68.791206,68.760139,103,252,163,255,66,0,79,175,0,0,0,0,0,0,0,0
69.065933,69.036819,102,252,163,255,65,1,68,175,0,0,0,0,0,0,0,0
69.340660,69.313087,105,252,163,255,63,1,72,216,0,0,0,0,0,0,0,0
69.615387,69.587097,102,252,163,255,67,0,63,157,0,0,0,0,0,0,0,0
69.835167,69.818298,102,252,163,255,62,1,75,219,128,0,0,0,0,0,0,0
70.109894,70.077934,102,252,163,255,66,1,60,173,128,0,0,0,0,0,0,0
70.384613,70.363701,102,252,163,255,64,1,63,211,128,0,0,0,0,0,0,0
70.659340,70.624718,102,252,163,255,64,1,63,211,128,0,0,0,0,0,0,0
70.934067,70.901390,102,252,163,255,62,2,63,211,128,0,0,0,0,0,0,0
71.208794,71.178017,106,252,163,255,66,0,72,211,128,0,0,0,0,0,0,0
71.483513,71.455460,102,252,163,255,65,1,68,218,0,0,0,0,0,0,0,0
71.758240,71.733109,102,252,163,255,67,0,72,157,128,0,0,0,0,0,0,0
72.032967,72.010345,102,252,163,255,65,0,71,224,0,0,0,0,0,0,0,0
72.307693,72.284622,102,252,163,255,67,0,76,157,0,0,0,0,0,0,0,0
72.527473,72.515816,102,252,163,255,61,2,73,223,128,0,0,0,0,0,0,0
72.802200,72.775398,102,253,162,255,66,0,73,223,128,0,0,0,0,0,0,0
73.076920,73.061272,106,252,163,255,66,0,73,223,128,0,0,0,0,0,0,0
73.351646,73.322433,102,252,163,255,66,1,70,210,128,0,0,0,0,0,0,0
73.626373,73.599213,102,252,163,255,60,2,64,210,128,0,0,0,0,0,0,0
73.901100,73.875854,102,252,163,255,60,2,64,210,128,0,0,0,0,0,0,0
74.175827,74.151955,111,252,163,255,66,1,71,208,128,0,0,0,0,0,0,0
74.450546,74.428169,104,252,163,255,64,0,71,208,128,0,0,0,0,0,0,0
74.725273,74.704185,102,252,163,255,63,1,76,228,128,0,0,0,0,0,0,0
75.000000,74.979790,102,252,163,255,67,0,64,228,128,0,0,0,0,0,0,0
75.274727,75.256615,104,252,163,255,67,0,64,228,128,0,0,0,0,0,0,0
75.549454,75.533699,102,252,163,255,66,0,64,228,128,0,0,0,0,0,0,0
75.824173,75.811043,102,252,163,255,67,0,72,157,0,0,0,0,0,0,0,0
76.098900,76.061073,104,252,163,255,66,0,65,157,128,0,0,0,0,0,0,0
76.373627,76.337700,104,252,163,255,66,0,72,157,128,0,0,0,0,0,0,0
76.648354,76.635231,103,252,163,255,67,0,71,157,128,0,0,0,0,0,0,0
76.923080,76.896049,102,252,163,255,66,1,74,217,128,0,0,0,0,0,0,0
77.142860,77.127037,102,252,163,255,66,1,74,217,128,0,0,0,0,0,0,0
77.417580,77.385597,102,252,163,255,67,0,76,157,0,0,0,0,0,0,0,0
77.692307,77.678635,102,252,163,255,66,0,63,167,128,0,0,0,0,0,0,0
77.967033,77.927994,102,252,163,255,61,1,63,229,0,0,0,0,0,0,0,0
78.241760,78.205956,102,252,163,255,66,1,64,157,128,0,0,0,0,0,0,0
78.516487,78.480484,126,252,163,255,65,0,77,175,0,0,0,0,0,0,0,0
78.791206,78.766556,103,252,163,255,66,0,72,157,128,0,0,0,0,0,0,0
79.065933,79.025887,102,252,163,255,67,0,80,157,0,0,0,0,0,0,0,0
79.285713,79.257339,102,252,163,255,67,0,80,157,0,0,0,0,0,0,0,0
79.560440,79.545609,102,252,163,255,67,0,80,157,0,0,0,0,0,0,0,0
79.835167,79.794464,102,252,163,255,64,2,67,157,0,0,0,0,0,0,0,0
80.109894,80.070831,103,252,163,255,64,2,67,157,0,0,0,0,0,0,0,0
80.384613,80.347565,105,252,163,255,64,2,67,157,0,0,0,0,0,0,0,0
80.659340,80.623520,102,252,163,255,64,1,68,157,0,0,0,0,0,0,0,0
80.934067,80.899689,102,252,163,255,67,0,67,157,0,0,0,0,0,0,0,0
81.208794,81.175949,102,252,162,255,66,1,63,171,0,0,0,0,0,0,0,0
81.483513,81.453346,102,252,162,255,66,1,63,171,0,0,0,0,0,0,0,0
81.758240,81.729561,102,253,163,255,63,1,63,207,0,0,0,0,0,0,0,0
82.032967,82.000969,112,252,163,255,66,0,75,157,128,0,0,0,0,0,0,0
82.307693,82.288475,102,252,162,255,66,0,71,157,0,0,0,0,0,0,0,0
82.582420,82.546677,102,252,162,255,66,0,71,157,0,0,0,0,0,0,0,0
82.802200,82.777771,102,252,163,255,65,0,71,220,0,0,0,0,0,0,0,0
83.076920,83.043701,102,252,162,255,64,0,64,199,128,0,0,0,0,0,0,0
83.351646,83.320480,102,252,162,255,64,0,64,199,128,0,0,0,0,0,0,0
83.626373,83.596588,102,252,163,255,61,2,72,223,128,0,0,0,0,0,0,0
83.901100,83.873520,102,252,163,255,61,2,72,223,128,0,0,0,0,0,0,0
84.175827,84.150711,102,252,163,255,64,1,68,199,0,0,0,0,0,0,0,0
84.450546,84.426979,102,252,162,255,61,2,68,157,0,0,0,0,0,0,0,0
84.725273,84.690399,103,252,163,255,65,0,69,224,128,0,0,0,0,0,0,0
85.000000,84.975601,102,252,162,255,61,1,76,157,128,0,0,0,0,0,0,0
85.274727,85.233551,102,252,162,255,62,1,75,228,128,0,0,0,0,0,0,0
85.494507,85.464645,103,252,162,255,62,1,75,228,128,0,0,0,0,0,0,0
85.769234,85.736763,104,252,163,255,64,1,72,228,128,0,0,0,0,0,0,0
86.043953,86.013649,102,252,163,255,63,1,75,229,0,0,0,0,0,0,0,0
86.318680,86.290733,107,252,162,255,66,0,78,157,0,0,0,0,0,0,0,0
86.593407,86.567818,102,252,163,255,64,1,68,226,128,0,0,0,0,0,0,0
86.868134,86.844208,102,252,162,255,67,0,68,157,128,0,0,0,0,0,0,0
87.142860,87.120453,110,252,162,255,67,0,68,157,128,0,0,0,0,0,0,0
87.417580,87.396515,102,252,162,255,67,0,68,157,128,0,0,0,0,0,0,0
87.747253,87.674118,103,252,162,255,65,0,68,157,128,0,0,0,0,0,0,0
88.021980,87.978188,102,252,162,255,63,1,72,157,128,0,0,0,0,0,0,0
88.241760,88.215591,104,252,162,255,63,1,64,209,128,0,0,0,0,0,0,0
88.516487,88.474510,119,252,162,255,66,0,63,167,128,0,0,0,0,0,0,0
88.791206,88.760643,103,252,162,255,67,0,72,157,0,0,0,0,0,0,0,0
89.010986,88.992760,102,252,162,255,65,1,77,218,128,0,0,0,0,0,0,0
89.285713,89.264465,121,252,162,255,66,0,67,157,0,0,0,0,0,0,0,0
89.615387,89.541245,102,252,162,255,66,0,67,157,0,0,0,0,0,0,0,0
89.890106,89.845795,102,252,162,255,65,0,66,157,128,0,0,0,0,0,0,0
90.164833,90.122269,102,252,162,255,62,1,66,157,128,0,0,0,0,0,0,0
90.384613,90.359352,107,252,162,255,66,0,69,208,128,0,0,0,0,0,0,0
90.659340,90.618370,117,252,162,255,66,0,73,157,0,0,0,0,0,0,0,0
90.934067,90.905823,104,252,162,255,67,0,63,157,0,0,0,0,0,0,0,0
91.208794,91.164749,102,252,161,255,66,0,68,157,128,0,0,0,0,0,0,0
91.428574,91.398247,102,252,162,255,65,0,77,187,0,0,0,0,0,0,0,0
91.703300,91.658104,102,252,162,255,65,1,78,217,0,0,0,0,0,0,0,0
91.978020,91.943741,102,252,162,255,65,1,78,217,0,0,0,0,0,0,0,0
92.197800,92.174484,102,252,161,255,63,1,77,228,0,0,0,0,0,0,0,0
92.472527,92.450905,102,252,161,255,67,0,74,228,0,0,0,0,0,0,0,0
92.802200,92.727119,102,252,161,255,67,0,74,228,0,0,0,0,0,0,0,0
93.076920,93.032639,102,252,161,255,64,1,63,224,128,0,0,0,0,0,0,0
93.351646,93.309120,102,252,162,255,64,1,63,224,128,0,0,0,0,0,0,0
93.626373,93.585381,102,252,161,255,65,1,68,191,0,0,0,0,0,0,0,0
93.846153,93.816528,102,252,161,255,65,1,68,191,0,0,0,0,0,0,0,0
94.120880,94.075500,102,252,161,255,66,0,72,157,128,0,0,0,0,0,0,0
94.395607,94.362083,104,252,161,255,66,0,69,157,0,0,0,0,0,0,0,0
94.670326,94.626419,102,252,161,255,66,0,69,157,0,0,0,0,0,0,0,0
94.945053,94.900848,102,252,161,255,66,0,69,157,0,0,0,0,0,0,0,0
95.219780,95.177986,102,253,161,255,66,1,71,214,128,0,0,0,0,0,0,0
95.494507,95.454254,102,252,161,255,66,0,63,163,0,0,0,0,0,0,0,0
95.769234,95.731796,102,252,161,255,66,0,63,163,0,0,0,0,0,0,0,0
96.043953,96.008423,102,252,161,255,66,0,73,157,0,0,0,0,0,0,0,0
96.318680,96.283051,105,252,161,255,67,0,66,157,128,0,0,0,0,0,0,0
96.538460,96.514557,111,252,161,255,66,0,73,208,0,0,0,0,0,0,0,0
96.813187,96.773018,112,252,161,255,66,0,73,208,0,0,0,0,0,0,0,0
97.087914,97.058884,102,252,161,255,66,1,72,217,0,0,0,0,0,0,0,0
97.362640,97.319954,102,252,160,255,63,1,59,229,0,0,0,0,0,0,0,0
97.637360,97.596275,102,252,160,255,67,0,59,229,0,0,0,0,0,0,0,0
97.912086,97.872635,102,253,160,255,67,0,67,229,0,0,0,0,0,0,0,0
98.186813,98.148651,112,252,161,255,65,1,67,229,0,0,0,0,0,0,0,0
98.461540,98.425171,102,253,160,255,66,0,68,157,128,0,0,0,0,0,0,0
98.736267,98.702820,102,252,160,255,66,0,68,157,128,0,0,0,0,0,0,0
99.010986,98.978882,105,252,160,255,66,0,73,157,128,0,0,0,0,0,0,0
99.285713,99.255814,102,251,160,255,67,0,59,210,0,0,0,0,0,0,0,0
99.560440,99.533211,102,252,160,255,67,0,64,159,128,0,0,0,0,0,0,0
99.835167,99.807739,103,253,160,255,67,0,62,157,0,0,0,0,0,0,0,0
100.109894,100.065376,123,251,160,255,65,0,72,157,0,0,0,0,0,0,0,0
100.329674,100.296623,102,252,160,255,65,0,72,157,0,0,0,0,0,0,0,0
100.604393,100.582695,102,252,160,255,67,0,71,157,128,0,0,0,0,0,0,0
100.879120,100.845146,102,252,160,255,65,0,74,183,0,0,0,0,0,0,0,0
101.153847,101.121872,102,252,160,255,65,0,74,183,0,0,0,0,0,0,0,0
101.428574,101.398445,102,252,160,255,66,0,80,183,0,0,0,0,0,0,0,0
101.703300,101.674660,102,252,160,255,66,0,80,183,0,0,0,0,0,0,0,0
101.978020,101.950722,102,252,160,255,65,0,84,183,0,0,0,0,0,0,0,0
102.252747,102.228065,102,252,160,255,66,0,82,157,128,0,0,0,0,0,0,0
102.527473,102.478035,102,253,160,255,67,0,75,157,0,0,0,0,0,0,0,0
102.802200,102.764732,102,252,160,255,66,0,80,157,0,0,0,0,0,0,0,0
103.021980,102.995781,102,252,160,255,66,0,80,157,0,0,0,0,0,0,0,0
103.296700,103.254852,120,252,160,255,67,0,74,157,0,0,0,0,0,0,0,0
103.571426,103.543739,120,252,160,255,67,0,74,157,0,0,0,0,0,0,0,0
103.846153,103.818008,102,252,160,255,65,0,74,157,0,0,0,0,0,0,0,0
104.120880,104.095505,118,252,160,255,66,0,69,157,0,0,0,0,0,0,0,0
104.395607,104.372589,102,252,160,255,66,0,79,157,0,0,0,0,0,0,0,0
104.670326,104.621758,102,252,160,255,67,0,79,157,0,0,0,0,0,0,0,0
104.945053,104.898529,103,252,160,255,66,0,63,157,0,0,0,0,0,0,0,0
105.219780,105.175514,103,252,160,255,66,0,63,157,0,0,0,0,0,0,0,0
105.494507,105.444878,102,251,160,255,65,0,68,183,0,0,0,0,0,0,0,0
105.769234,105.731407,102,250,160,255,65,1,78,218,128,0,0,0,0,0,0,0
105.989014,105.963577,102,250,160,255,66,0,72,220,0,0,0,0,0,0,0,0
106.263733,106.223160,102,250,160,255,65,0,72,175,128,0,0,0,0,0,0,0
106.538460,106.488274,102,250,160,255,60,1,65,175,128,0,0,0,0,0,0,0
106.813187,106.765152,102,250,160,255,60,1,65,175,128,0,0,0,0,0,0,0
107.087914,107.042030,102,250,160,255,66,0,73,167,0,0,0,0,0,0,0,0
107.362640,107.318962,102,250,159,255,61,1,70,226,128,0,0,0,0,0,0,0
107.637360,107.595947,102,250,160,255,65,0,63,171,0,0,0,0,0,0,0,0
107.912086,107.872726,102,250,160,255,66,0,63,171,0,0,0,0,0,0,0,0
108.186813,108.135818,102,250,159,255,64,1,64,224,0,0,0,0,0,0,0,0
108.461540,108.422424,101,250,159,255,64,1,64,224,0,0,0,0,0,0,0,0
108.681320,108.653313,102,250,159,255,67,0,64,224,0,0,0,0,0,0,0,0
108.956047,108.912079,102,250,159,255,64,1,64,203,128,0,0,0,0,0,0,0
109.230766,109.184357,102,250,159,255,67,0,72,157,0,0,0,0,0,0,0,0
109.505493,109.460365,102,250,159,255,67,0,72,157,0,0,0,0,0,0,0,0
109.780220,109.737450,102,250,159,255,67,0,78,157,0,0,0,0,0,0,0,0
110.054947,110.009933,102,247,159,255,67,0,79,157,128,0,0,0,0,0,0,0
110.329674,110.296822,102,248,159,255,65,0,79,181,0,0,0,0,0,0,0,0
110.604393,110.555435,102,248,159,255,65,0,79,181,0,0,0,0,0,0,0,0
110.824173,110.786842,102,247,159,255,66,0,79,157,0,0,0,0,0,0,0,0
111.098900,111.049393,102,247,159,255,66,0,79,157,0,0,0,0,0,0,0,0
111.373627,111.325706,102,247,159,255,66,0,84,157,0,0,0,0,0,0,0,0
111.648354,111.603409,102,247,159,255,62,1,76,218,128,0,0,0,0,0,0,0
111.923080,111.879776,102,245,159,255,66,0,76,157,0,0,0,0,0,0,0,0
112.197800,112.156860,105,245,159,255,66,0,72,157,0,0,0,0,0,0,0,0
112.472527,112.433868,105,245,159,255,66,0,72,157,0,0,0,0,0,0,0,0
112.747253,112.710320,101,245,159,255,63,1,68,157,0,0,0,0,0,0,0,0
113.021980,112.987099,104,245,159,255,63,1,68,228,128,0,0,0,0,0,0,0
113.296700,113.264282,103,245,159,255,67,0,68,228,128,0,0,0,0,0,0,0
113.571426,113.540909,102,243,159,255,63,1,64,228,128,0,0,0,0,0,0,0
113.846153,113.817329,102,244,159,255,63,1,64,228,128,0,0,0,0,0,0,0
114.175827,114.093697,102,244,159,255,63,1,64,228,128,0,0,0,0,0,0,0
114.450546,114.398865,112,244,159,255,63,1,64,228,128,0,0,0,0,0,0,0
114.670326,114.636459,112,242,159,255,60,2,64,229,0,0,0,0,0,0,0,0
114.945053,114.896454,102,241,159,255,66,0,68,157,128,0,0,0,0,0,0,0
115.219780,115.182114,105,240,159,255,66,0,68,157,128,0,0,0,0,0,0,0
115.494507,115.385437,102,240,158,255,66,0,72,157,128,0,0,0,0,0,0,0
115.714287,115.683693,102,240,159,255,66,0,72,156,0,0,0,0,0,0,0,0
116.043953,115.960213,102,240,158,255,65,0,79,175,128,0,0,0,0,0,0,0
116.263733,116.229424,102,240,158,255,66,0,67,156,0,0,0,0,0,0,0,0
116.538460,116.489357,102,240,158,255,64,1,68,199,128,0,0,0,0,0,0,0
116.813187,116.775848,105,240,159,255,66,0,72,157,0,0,0,0,0,0,0,0
117.087914,117.034714,102,240,159,255,67,0,80,157,128,0,0,0,0,0,0,0
117.307693,117.274094,102,239,159,255,67,0,80,157,128,0,0,0,0,0,0,0
117.582420,117.550163,102,240,158,255,63,1,69,157,128,0,0,0,0,0,0,0
117.857140,117.826683,102,240,158,255,63,1,69,157,128,0,0,0,0,0,0,0
118.186813,118.103668,102,238,158,255,66,0,72,157,128,0,0,0,0,0,0,0
118.406593,118.365257,102,238,158,255,66,0,64,167,128,0,0,0,0,0,0,0
118.681320,118.651268,102,238,158,255,66,0,64,167,128,0,0,0,0,0,0,0
118.956047,118.909317,102,237,158,255,66,0,68,157,128,0,0,0,0,0,0,0
119.175827,119.140816,102,236,158,255,64,1,64,191,0,0,0,0,0,0,0,0
119.450546,119.415451,121,235,158,255,62,1,75,230,128,0,0,0,0,0,0,0
119.725273,119.693611,106,235,157,255,67,1,68,229,128,0,0,0,0,0,0,0
120.054947,119.970436,102,235,157,255,67,0,68,157,128,0,0,0,0,0,0,0
120.329674,120.275093,102,232,157,255,65,1,71,175,0,0,0,0,0,0,0,0
120.549454,120.508438,101,229,156,255,66,0,64,156,128,0,0,0,0,0,0,0
120.824173,120.768692,102,229,157,255,65,1,71,220,128,0,0,0,0,0,0,0
121.098900,121.055069,122,229,157,255,67,0,74,156,128,0,0,0,0,0,0,0
121.318680,121.286217,102,227,157,255,62,2,63,229,128,0,0,0,0,0,0,0
121.593407,121.558792,102,225,157,255,66,0,75,156,128,0,0,0,0,0,0,0
121.868134,121.818275,102,226,156,255,67,0,64,156,0,0,0,0,0,0,0,0
122.142860,122.103325,101,226,156,255,67,0,64,156,0,0,0,0,0,0,0,0
122.417580,122.362038,108,220,155,255,67,0,64,156,0,0,0,0,0,0,0,0
122.637360,122.595795,101,218,155,255,66,1,64,156,0,0,0,0,0,0,0,0
122.912086,122.872726,102,217,156,255,66,0,63,156,0,0,0,0,0,0,0,0
123.186813,123.149864,102,217,155,255,65,0,80,189,128,0,0,0,0,0,0,0
123.461540,123.426338,102,217,155,255,65,0,80,189,128,0,0,0,0,0,0,0
123.736267,123.703217,101,215,155,255,65,0,80,189,128,0,0,0,0,0,0,0
124.065933,123.980301,101,216,155,255,66,0,80,157,0,0,0,0,0,0,0,0
124.340660,124.284393,102,213,155,255,66,0,71,159,128,0,0,0,0,0,0,0
124.615387,124.562248,101,213,155,255,65,1,71,225,0,0,0,0,0,0,0,0
124.890106,124.838310,101,213,155,255,65,1,71,225,0,0,0,0,0,0,0,0
125.164833,125.114471,107,206,154,255,65,1,71,225,0,0,0,0,0,0,0,0
125.439560,125.392021,104,206,154,255,65,1,69,210,128,0,0,0,0,0,0,0
125.714287,125.668289,101,203,153,255,62,1,75,229,0,0,0,0,0,0,0,0
125.934067,125.899635,102,203,153,255,62,1,75,229,0,0,0,0,0,0,0,0
126.208794,126.158043,102,198,153,255,66,0,67,229,0,0,0,0,0,0,0,0
126.483513,126.443962,101,198,153,255,66,0,67,229,0,0,0,0,0,0,0,0
126.758240,126.705544,102,191,152,255,65,1,68,191,0,0,0,0,0,0,0,0
127.032967,126.979301,101,188,151,255,65,1,68,191,0,0,0,0,0,0,0,0
127.307693,127.255257,102,185,151,255,66,0,63,156,0,0,0,0,0,0,0,0
127.582420,127.531479,101,185,151,255,66,0,63,156,0,0,0,0,0,0,0,0
127.857140,127.807846,101,172,149,255,67,0,63,156,0,0,0,0,0,0,0,0
128.131866,128.085190,102,169,149,255,65,1,68,217,128,0,0,0,0,0,0,0
128.406601,128.362534,102,166,149,255,63,1,68,217,128,0,0,0,0,0,0,0
128.681320,128.638550,102,158,148,255,63,1,68,217,128,0,0,0,0,0,0,0
128.956039,128.915222,102,159,148,255,71,0,71,158,0,0,0,0,0,0,0,0
129.230774,129.191681,102,153,147,255,71,0,71,158,0,0,0,0,0,0,0,0
129.505493,129.461136,101,150,147,255,67,1,65,228,0,0,0,0,0,0,0,0
129.725281,129.691940,102,147,146,255,86,0,74,156,128,0,0,0,0,0,0,0
130.000000,129.950043,101,145,147,255,100,0,72,156,0,0,0,0,0,0,0,0
130.274719,130.235596,102,143,145,255,94,0,63,211,0,0,0,0,0,0,0,0
130.549454,130.499741,101,137,145,255,96,2,63,215,0,0,0,0,0,0,0,0
130.824173,130.775131,117,135,145,255,124,1,72,208,128,0,0,0,0,0,0,0
131.043961,131.005768,101,130,144,255,144,2,73,223,0,0,0,0,0,0,0,0
131.318680,131.263306,101,127,144,255,151,0,73,223,0,0,0,0,0,0,0,0
131.593399,131.549011,101,127,144,255,144,1,61,219,128,0,0,0,0,0,0,0
131.868134,131.808914,101,127,144,255,144,1,61,219,128,0,0,0,0,0,0,0
132.142853,132.054489,106,126,143,255,144,1,61,219,128,0,0,0,0,0,0,0
132.417587,132.358475,101,124,144,255,131,1,75,222,128,0,0,0,0,0,0,0
132.692307,132.635147,100,122,143,255,155,0,68,216,0,0,0,0,0,0,0,0
132.912094,132.866150,101,122,143,255,160,2,60,223,128,0,0,0,0,0,0,0
133.186813,133.151596,101,120,144,255,157,0,60,225,0,0,0,0,0,0,0,0
133.461533,133.408676,101,121,143,255,157,0,70,156,0,0,0,0,0,0,0,0
133.681320,133.641098,101,118,143,255,150,1,72,155,128,0,0,0,0,0,0,0
133.956039,133.914551,120,119,144,255,158,1,64,228,0,0,0,0,0,0,0,0
134.230774,134.189392,106,118,143,255,152,0,64,228,0,0,0,0,0,0,0,0
134.505493,134.456085,101,118,144,255,158,0,70,155,0,0,0,0,0,0,0,0
134.780212,134.741806,101,118,143,255,156,1,62,211,128,0,0,0,0,0,0,0
135.054947,134.999954,104,120,144,255,145,2,70,227,0,0,0,0,0,0,0,0
135.274719,135.230530,101,122,144,255,144,0,72,154,128,0,0,0,0,0,0,0
135.549454,135.498199,101,124,144,255,129,1,79,219,0,0,0,0,0,0,0,0
135.824173,135.773911,104,125,145,255,121,1,80,228,128,0,0,0,0,0,0,0
136.098907,136.049454,101,127,145,255,134,0,80,228,128,0,0,0,0,0,0,0
136.373627,136.338394,105,127,145,255,135,0,75,156,128,0,0,0,0,0,0,0
136.648346,136.595627,101,130,145,255,129,0,75,156,128,0,0,0,0,0,0,0
136.868134,136.825851,101,130,144,255,128,0,66,159,128,0,0,0,0,0,0,0
137.142853,137.083786,101,128,145,255,128,0,66,159,128,0,0,0,0,0,0,0
137.417587,137.357452,101,128,144,255,141,1,72,217,128,0,0,0,0,0,0,0
137.692307,137.633408,124,129,144,255,141,1,72,217,128,0,0,0,0,0,0,0
137.967026,137.908600,101,129,144,255,141,0,71,155,128,0,0,0,0,0,0,0
138.241760,138.183792,101,125,143,255,138,0,71,155,128,0,0,0,0,0,0,0
138.516479,138.459198,104,123,143,255,138,0,71,155,128,0,0,0,0,0,0,0
138.791214,138.734436,106,118,143,255,178,0,48,155,128,0,0,0,0,0,0,0
139.065933,139.008255,101,117,143,255,182,1,43,228,128,0,0,0,0,0,0,0
139.340652,139.292831,101,117,143,255,182,1,43,228,128,0,0,0,0,0,0,0
139.560440,139.522903,101,116,143,255,156,0,43,228,128,0,0,0,0,0,0,0
139.835159,139.780701,101,116,143,255,165,0,73,156,0,0,0,0,0,0,0,0
140.109894,140.067123,101,115,143,255,153,1,72,230,0,0,0,0,0,0,0,0
140.384613,140.341965,101,116,143,255,161,1,65,229,0,0,0,0,0,0,0,0
140.659348,140.617050,101,118,144,255,161,1,65,229,0,0,0,0,0,0,0,0
140.934067,140.884995,101,121,143,255,139,0,84,183,0,0,0,0,0,0,0,0
141.153839,141.115509,101,119,144,255,139,0,84,183,0,0,0,0,0,0,0,0
141.428574,141.372696,101,120,143,255,151,2,62,227,0,0,0,0,0,0,0,0
141.703293,141.657227,101,119,143,255,151,2,62,227,0,0,0,0,0,0,0,0
141.978027,141.924545,101,120,144,255,163,0,64,157,0,0,0,0,0,0,0,0
142.252747,142.200912,101,121,143,255,142,1,63,227,128,0,0,0,0,0,0,0
142.527466,142.475235,101,122,144,255,138,1,77,222,0,0,0,0,0,0,0,0
142.747253,142.704681,101,124,144,255,126,0,75,167,128,0,0,0,0,0,0,0
143.021973,142.962479,101,127,145,255,126,1,82,226,128,0,0,0,0,0,0,0
143.296707,143.247375,101,127,145,255,124,0,76,165,0,0,0,0,0,0,0,0
143.571426,143.507782,101,130,145,255,119,1,73,227,0,0,0,0,0,0,0,0
143.846161,143.783173,100,130,145,255,127,0,77,155,0,0,0,0,0,0,0,0
144.065933,144.013092,101,128,144,255,127,0,77,155,0,0,0,0,0,0,0,0
144.340652,144.297638,101,126,144,255,127,0,77,155,0,0,0,0,0,0,0,0
144.615387,144.555878,106,125,144,255,140,0,67,230,128,0,0,0,0,0,0,0
144.835159,144.788925,102,124,144,255,166,0,67,230,128,0,0,0,0,0,0,0
145.109894,145.062271,101,122,143,255,158,0,58,155,128,0,0,0,0,0,0,0
145.384613,145.338287,101,121,143,255,145,1,63,215,0,0,0,0,0,0,0,0
145.659348,145.613220,101,121,143,255,145,1,63,215,0,0,0,0,0,0,0,0
145.934067,145.888870,101,119,143,255,158,0,68,155,0,0,0,0,0,0,0,0
146.208786,146.164322,104,117,143,255,158,0,68,155,0,0,0,0,0,0,0,0
146.483521,146.436386,106,118,144,255,172,0,65,231,0,0,0,0,0,0,0,0
146.758240,146.694489,100,117,143,255,164,0,64,216,128,0,0,0,0,0,0,0
147.032974,146.979797,101,118,144,255,151,1,67,154,128,0,0,0,0,0,0,0
147.252747,147.210068,101,118,143,255,159,0,67,155,0,0,0,0,0,0,0,0
147.527466,147.472412,100,120,143,255,157,0,76,155,128,0,0,0,0,0,0,0
147.802200,147.748993,101,120,143,255,155,0,71,155,128,0,0,0,0,0,0,0
148.076920,148.024597,101,120,143,255,153,1,66,229,0,0,0,0,0,0,0,0
148.351654,148.288986,101,121,144,255,153,0,77,214,128,0,0,0,0,0,0,0
148.626373,148.573624,100,123,144,255,153,0,77,214,128,0,0,0,0,0,0,0
148.846161,148.803696,98,122,143,255,148,2,73,155,0,0,0,0,0,0,0,0
149.120880,149.061951,100,121,143,255,163,0,75,167,0,0,0,0,0,0,0,0
149.395599,149.333252,101,120,143,255,166,1,76,155,0,0,0,0,0,0,0,0
149.670334,149.625931,101,121,144,255,171,0,72,187,128,0,0,0,0,0,0,0
149.945053,149.884033,101,119,143,255,170,0,67,220,0,0,0,0,0,0,0,0
150.164841,150.113892,102,118,143,255,166,0,67,220,0,0,0,0,0,0,0,0
150.439560,150.399002,107,119,143,255,169,0,64,155,0,0,0,0,0,0,0,0
150.714279,150.668350,106,117,142,255,173,0,73,216,128,0,0,0,0,0,0,0
150.989014,150.941956,101,116,143,255,173,0,69,222,0,0,0,0,0,0,0,0
151.263733,151.199448,101,115,142,255,173,0,76,156,128,0,0,0,0,0,0,0
151.483521,151.430084,101,113,142,255,176,1,69,215,0,0,0,0,0,0,0,0
151.758240,151.715790,100,111,142,255,185,0,72,154,128,0,0,0,0,0,0,0
152.032974,151.975433,100,112,142,255,185,0,72,154,128,0,0,0,0,0,0,0
152.307693,152.251022,101,111,141,255,180,1,62,183,128,0,0,0,0,0,0,0
152.582413,152.526993,106,113,142,255,175,1,64,183,128,0,0,0,0,0,0,0
152.857147,152.802032,105,113,143,255,165,1,67,183,128,0,0,0,0,0,0,0
153.131866,153.066467,101,114,142,255,151,2,70,226,0,0,0,0,0,0,0,0
153.351654,153.296234,101,115,143,255,173,0,70,226,0,0,0,0,0,0,0,0
153.626373,153.584259,101,115,142,255,163,1,63,173,0,0,0,0,0,0,0,0
153.901093,153.841843,100,115,143,255,168,0,77,155,128,0,0,0,0,0,0,0
154.120880,154.073654,100,115,143,255,168,0,77,155,128,0,0,0,0,0,0,0
154.395599,154.331085,102,116,143,255,174,0,63,155,0,0,0,0,0,0,0,0
154.670334,154.619766,101,117,143,255,169,0,76,155,128,0,0,0,0,0,0,0
154.945053,154.877716,101,117,144,255,157,0,75,155,128,0,0,0,0,0,0,0
155.219788,155.153885,101,118,143,255,154,2,83,223,0,0,0,0,0,0,0,0
155.494507,155.429947,101,118,143,255,170,0,85,171,128,0,0,0,0,0,0,0
155.769226,155.704727,101,118,143,255,173,0,82,155,128,0,0,0,0,0,0,0
156.043961,155.980591,101,117,143,255,174,1,72,191,0,0,0,0,0,0,0,0
156.263733,156.218689,101,116,142,255,182,0,74,183,0,0,0,0,0,0,0,0
156.538467,156.476120,101,115,142,255,186,1,72,221,0,0,0,0,0,0,0,0
156.813187,156.761078,101,113,141,255,185,0,64,221,0,0,0,0,0,0,0,0
157.032974,156.990891,101,108,142,255,192,0,71,155,128,0,0,0,0,0,0,0
157.307693,157.260864,101,109,141,255,208,1,70,229,128,0,0,0,0,0,0,0
157.582413,157.521622,101,108,141,255,205,1,47,207,0,0,0,0,0,0,0,0
157.857147,157.806625,116,107,141,255,193,1,47,207,0,0,0,0,0,0,0,0
158.131866,158.063797,102,106,142,255,185,1,68,155,0,0,0,0,0,0,0,0
158.351654,158.294174,101,107,142,255,182,1,66,226,128,0,0,0,0,0,0,0
158.626373,158.568649,101,105,141,255,183,1,69,228,0,0,0,0,0,0,0,0
158.901093,158.844513,101,106,142,255,187,0,75,220,128,0,0,0,0,0,0,0
159.175827,159.120728,101,109,142,255,186,1,77,187,0,0,0,0,0,0,0,0
159.450546,159.390289,101,109,142,255,187,0,72,156,128,0,0,0,0,0,0,0
159.725281,159.676163,101,110,142,255,186,0,72,155,0,0,0,0,0,0,0,0
160.000000,159.933746,101,112,143,255,182,1,75,171,128,0,0,0,0,0,0,0
160.219788,160.163589,100,113,143,255,174,1,76,223,0,0,0,0,0,0,0,0
160.494507,160.429184,101,116,144,255,176,1,69,226,128,0,0,0,0,0,0,0
160.769226,160.702988,101,115,142,255,165,0,64,154,0,0,0,0,0,0,0,0
161.043961,160.988449,100,117,143,255,170,1,73,191,128,0,0,0,0,0,0,0
161.263733,161.218170,100,117,142,255,170,1,73,191,128,0,0,0,0,0,0,0
161.538467,161.476257,101,117,142,255,167,0,83,155,128,0,0,0,0,0,0,0
161.813187,161.764587,101,116,142,255,174,0,73,224,0,0,0,0,0,0,0,0
162.087906,162.030106,101,115,143,255,184,1,75,155,0,0,0,0,0,0,0,0
162.307693,162.260437,100,114,142,255,190,2,64,220,128,0,0,0,0,0,0,0
162.582413,162.517502,101,112,142,255,194,1,55,224,128,0,0,0,0,0,0,0
162.857147,162.802567,101,111,141,255,192,2,65,224,128,0,0,0,0,0,0,0
163.131866,163.068542,101,110,141,255,185,2,64,224,128,0,0,0,0,0,0,0
163.406601,163.343933,101,109,142,255,186,0,64,224,128,0,0,0,0,0,0,0
163.681320,163.619949,100,109,141,255,191,0,68,153,128,0,0,0,0,0,0,0
163.956039,163.895386,101,109,142,255,185,0,67,155,128,0,0,0,0,0,0,0
164.230774,164.170792,100,109,141,255,182,1,69,155,128,0,0,0,0,0,0,0
164.505493,164.446747,100,108,142,255,189,1,72,230,0,0,0,0,0,0,0,0
164.780212,164.722153,101,108,141,255,191,0,64,155,128,0,0,0,0,0,0,0
165.000000,164.953812,100,107,141,255,190,1,71,213,0,0,0,0,0,0,0,0
165.274719,165.211288,101,108,141,255,189,1,68,228,128,0,0,0,0,0,0,0
165.549454,165.496338,119,108,142,255,189,1,68,228,128,0,0,0,0,0,0,0
165.824173,165.756027,101,110,142,255,192,0,68,228,128,0,0,0,0,0,0,0
166.098907,166.031372,101,113,143,255,177,0,68,155,128,0,0,0,0,0,0,0
166.373627,166.307281,101,113,143,255,163,1,85,219,0,0,0,0,0,0,0,0
166.593399,166.540268,98,113,142,255,171,0,83,155,128,0,0,0,0,0,0,0
166.868134,166.798325,100,113,142,255,183,0,68,154,0,0,0,0,0,0,0,0
167.142853,167.083923,101,114,142,255,176,1,77,183,128,0,0,0,0,0,0,0
167.362640,167.315079,101,113,142,255,178,0,61,152,0,0,0,0,0,0,0,0
167.692307,167.590271,100,114,142,255,178,0,74,155,128,0,0,0,0,0,0,0
167.967026,167.866486,101,115,143,255,179,251,63,202,0,0,0,0,0,0,0,0
168.186813,168.132111,101,114,143,255,167,252,64,216,128,0,0,0,0,0,0,0
168.461533,168.390213,101,113,142,255,171,251,68,216,0,0,0,0,0,0,0,0
168.736267,168.676178,105,114,143,255,173,250,71,210,128,0,0,0,0,0,0,0
168.956039,168.906357,101,112,142,255,170,250,69,175,128,0,0,0,0,0,0,0
169.230774,169.174835,101,113,143,255,182,251,60,216,128,0,0,0,0,0,0,0
169.505493,169.438263,104,115,143,255,174,251,66,215,128,0,0,0,0,0,0,0
169.780212,169.723511,101,114,142,255,165,250,68,159,0,0,0,0,0,0,0,0
170.054947,169.982544,101,114,143,255,168,251,72,191,0,0,0,0,0,0,0,0
170.274719,170.212143,101,116,144,255,167,252,73,211,0,0,0,0,0,0,0,0
170.549454,170.478683,101,118,144,255,160,252,77,217,128,0,0,0,0,0,0,0
170.824173,170.764038,104,118,143,255,161,251,68,214,0,0,0,0,0,0,0,0
171.043961,170.993713,102,121,143,255,158,251,71,155,0,0,0,0,0,0,0,0
171.318680,171.251556,101,121,143,255,151,250,80,208,128,0,0,0,0,0,0,0
171.593399,171.538895,120,123,144,255,150,251,72,173,0,0,0,0,0,0,0,0
171.868134,171.814651,101,124,144,255,142,251,73,215,128,0,0,0,0,0,0,0
172.142853,172.076645,101,126,144,255,142,251,75,167,128,0,0,0,0,0,0,0
172.362640,172.306305,115,125,144,255,142,251,75,167,128,0,0,0,0,0,0,0
172.637360,172.564453,101,122,143,255,130,251,76,215,0,0,0,0,0,0,0,0
172.912094,172.850433,114,122,144,255,169,0,72,167,128,0,0,0,0,0,0,0
173.186813,173.123474,114,122,144,255,169,0,72,167,128,0,0,0,0,0,0,0
173.461533,173.398514,104,119,143,255,165,1,71,214,128,0,0,0,0,0,0,0
173.736267,173.674667,104,119,143,255,165,1,71,214,128,0,0,0,0,0,0,0
174.010986,173.950943,102,119,143,255,165,1,71,214,128,0,0,0,0,0,0,0
174.285721,174.227722,101,116,143,255,162,251,63,211,0,0,0,0,0,0,0,0
174.560440,174.503754,102,117,143,255,160,251,64,191,128,0,0,0,0,0,0,0
174.835159,174.761688,104,115,142,255,169,251,56,173,0,0,0,0,0,0,0,0
175.054947,174.992264,120,116,143,255,175,251,60,187,128,0,0,0,0,0,0,0
175.329666,175.278030,119,118,143,255,157,250,60,157,128,0,0,0,0,0,0,0
175.604401,175.538788,102,118,143,255,156,251,66,208,128,0,0,0,0,0,0,0
175.879120,175.811676,106,119,143,255,140,251,66,208,128,0,0,0,0,0,0,0
176.098907,176.045074,106,119,143,255,140,251,75,187,0,0,0,0,0,0,0,0
176.373627,176.302811,111,120,144,255,154,251,74,198,128,0,0,0,0,0,0,0
176.648346,176.589661,102,122,145,255,159,250,64,157,128,0,0,0,0,0,0,0
176.923080,176.819366,101,122,144,255,140,251,65,157,128,0,0,0,0,0,0,0
177.197800,177.093430,115,125,144,255,127,251,76,214,0,0,0,0,0,0,0,0
177.472534,177.397263,102,126,144,255,119,252,75,213,128,0,0,0,0,0,0,0
177.747253,177.672928,102,131,145,255,106,251,71,211,0,0,0,0,0,0,0,0
177.967026,177.904785,107,131,145,255,105,251,73,156,0,0,0,0,0,0,0,0
178.241760,178.190140,114,133,146,255,108,251,71,198,128,0,0,0,0,0,0,0
178.516479,178.448593,127,136,146,255,109,251,71,188,0,0,0,0,0,0,0,0
178.736267,178.679489,102,137,145,255,99,251,68,207,128,0,0,0,0,0,0,0
179.010986,178.938507,105,135,145,255,103,252,73,206,128,0,0,0,0,0,0,0
179.285721,179.223465,102,135,146,255,110,251,67,208,0,0,0,0,0,0,0,0
179.505493,179.455017,105,137,145,255,106,251,73,187,0,0,0,0,0,0,0,0
179.780212,179.713318,102,136,146,255,103,251,71,214,128,0,0,0,0,0,0,0
180.054947,180.000305,101,134,146,255,112,251,72,211,128,0,0,0,0,0,0,0
180.329666,180.257339,104,132,145,255,113,251,68,181,0,0,0,0,0,0,0,0
180.549454,180.488480,102,132,145,255,123,251,68,181,0,0,0,0,0,0,0,0
180.824173,180.747040,116,132,144,255,123,250,68,159,128,0,0,0,0,0,0,0
181.098907,181.040375,101,132,144,255,123,250,68,159,128,0,0,0,0,0,0,0
181.373627,181.315628,105,132,144,255,123,250,68,159,128,0,0,0,0,0,0,0
181.648346,181.591690,101,129,144,255,123,252,66,208,0,0,0,0,0,0,0,0
181.923080,181.866623,101,129,144,255,123,252,66,208,0,0,0,0,0,0,0,0
182.197800,182.133804,108,128,144,255,128,251,56,179,0,0,0,0,0,0,0,0
182.417587,182.363754,102,128,144,255,120,251,69,207,0,0,0,0,0,0,0,0
182.692307,182.622253,104,130,144,255,125,251,58,171,128,0,0,0,0,0,0,0
182.967026,182.907257,104,130,144,255,106,251,63,211,0,0,0,0,0,0,0,0
183.241760,183.173599,121,131,144,255,113,250,62,159,0,0,0,0,0,0,0,0
183.516479,183.448685,101,132,145,255,98,251,65,213,0,0,0,0,0,0,0,0
183.736267,183.678558,104,136,146,255,100,251,66,179,0,0,0,0,0,0,0,0
184.010986,183.936447,104,137,146,255,94,251,66,175,128,0,0,0,0,0,0,0
184.285721,184.220673,122,139,147,255,79,251,68,157,128,0,0,0,0,0,0,0
184.560440,184.481995,120,143,146,255,75,252,68,214,0,0,0,0,0,0,0,0
184.780212,184.727631,102,144,147,255,74,251,73,212,0,0,0,0,0,0,0,0
185.054947,184.985214,102,145,146,255,76,251,73,212,0,0,0,0,0,0,0,0
185.329666,185.270981,106,144,146,255,77,251,79,189,128,0,0,0,0,0,0,0
185.604401,185.529739,109,147,147,255,80,251,69,170,0,0,0,0,0,0,0,0
185.824173,185.762268,102,151,147,255,78,251,69,170,0,0,0,0,0,0,0,0
186.098907,186.036041,103,151,147,255,78,251,70,212,128,0,0,0,0,0,0,0
186.373627,186.311539,105,151,147,255,78,251,70,212,128,0,0,0,0,0,0,0
186.648346,186.586929,109,151,147,255,78,251,70,212,128,0,0,0,0,0,0,0
186.923080,186.863037,119,151,148,255,79,250,69,196,0,0,0,0,0,0,0,0
187.197800,187.138336,119,151,148,255,79,250,69,196,0,0,0,0,0,0,0,0
187.472534,187.413788,102,156,148,255,79,250,69,196,0,0,0,0,0,0,0,0
187.747253,187.690918,110,155,148,255,79,250,69,196,0,0,0,0,0,0,0,0
188.021973,187.967239,121,155,149,255,79,250,72,196,0,0,0,0,0,0,0,0
188.296707,188.234604,102,159,149,255,77,251,75,214,0,0,0,0,0,0,0,0
188.571426,188.493820,105,159,148,255,76,251,71,215,128,0,0,0,0,0,0,0
188.846161,188.780411,102,158,148,255,78,251,71,214,128,0,0,0,0,0,0,0
189.065933,189.011200,127,156,148,255,78,251,71,214,128,0,0,0,0,0,0,0
189.340652,189.278564,102,157,148,255,77,252,65,157,128,0,0,0,0,0,0,0
189.615387,189.555496,107,158,147,255,79,251,72,203,0,0,0,0,0,0,0,0
189.890106,189.819122,110,156,147,255,80,250,65,170,128,0,0,0,0,0,0,0
190.164841,190.105194,102,154,149,255,79,251,67,170,128,0,0,0,0,0,0,0
190.439560,190.364624,122,158,149,255,80,251,65,178,0,0,0,0,0,0,0,0
190.659348,190.595566,102,155,148,255,80,251,65,178,0,0,0,0,0,0,0,0
190.934067,190.868408,116,156,147,255,78,251,69,212,128,0,0,0,0,0,0,0
191.208786,191.144821,111,156,147,255,80,251,67,204,0,0,0,0,0,0,0,0
191.483521,191.421661,107,156,148,255,79,251,66,171,0,0,0,0,0,0,0,0
191.758240,191.694595,102,159,148,255,79,251,66,213,128,0,0,0,0,0,0,0
192.032974,191.954590,102,161,149,255,77,251,64,207,0,0,0,0,0,0,0,0
192.307693,192.240616,102,160,149,255,76,252,65,207,0,0,0,0,0,0,0,0
192.527466,192.472672,106,163,149,255,78,251,72,175,128,0,0,0,0,0,0,0
192.802200,192.735229,104,163,148,255,78,251,72,175,128,0,0,0,0,0,0,0
193.076920,193.011597,103,165,149,255,79,251,68,210,128,0,0,0,0,0,0,0
193.351654,193.288681,107,166,150,255,79,251,66,206,0,0,0,0,0,0,0,0
193.626373,193.557587,105,171,151,255,78,251,64,175,128,0,0,0,0,0,0,0
193.901093,193.844269,102,173,150,255,78,251,64,175,128,0,0,0,0,0,0,0
194.175827,194.102310,107,177,151,255,79,251,68,206,128,0,0,0,0,0,0,0
194.395599,194.333054,102,179,151,255,77,251,71,215,0,0,0,0,0,0,0,0
194.670334,194.600616,106,178,151,255,79,251,72,175,0,0,0,0,0,0,0,0
194.945053,194.876862,102,182,151,255,77,251,71,195,0,0,0,0,0,0,0,0
195.219788,195.153717,111,184,152,255,79,251,73,204,128,0,0,0,0,0,0,0
195.494507,195.412277,111,184,152,255,79,251,73,204,128,0,0,0,0,0,0,0
195.769226,195.699173,122,187,152,255,78,251,66,183,0,0,0,0,0,0,0,0
195.989014,195.930618,103,190,153,255,79,250,69,210,128,0,0,0,0,0,0,0
196.263733,196.191528,103,190,153,255,79,250,69,210,128,0,0,0,0,0,0,0
196.538467,196.465393,106,193,153,255,77,252,72,215,128,0,0,0,0,0,0,0
196.813187,196.742218,120,195,152,255,77,251,61,183,0,0,0,0,0,0,0,0
197.087906,197.019333,102,197,153,255,77,251,65,203,128,0,0,0,0,0,0,0
197.362640,197.291992,102,197,153,255,77,251,69,213,128,0,0,0,0,0,0,0
197.637360,197.578842,106,197,153,255,77,251,69,213,128,0,0,0,0,0,0,0
197.912094,197.838364,102,203,154,255,80,250,77,192,128,0,0,0,0,0,0,0
198.131866,198.069061,102,203,154,255,80,250,77,192,128,0,0,0,0,0,0,0
198.406601,198.332123,102,207,155,255,77,251,81,214,128,0,0,0,0,0,0,0
198.681320,198.608841,104,208,154,255,77,251,75,183,0,0,0,0,0,0,0,0
198.956039,198.886734,102,208,155,255,77,251,75,183,0,0,0,0,0,0,0,0
199.230774,199.154877,102,211,155,255,77,251,73,207,128,0,0,0,0,0,0,0
199.505493,199.440857,102,211,155,255,77,251,73,207,128,0,0,0,0,0,0,0
199.780212,199.699356,104,211,155,255,77,251,73,207,128,0,0,0,0,0,0,0
200.000000,199.930817,104,211,155,255,77,251,73,207,128,0,0,0,0,0,0,0
200.274719,200.197769,107,213,156,255,77,251,73,207,128,0,0,0,0,0,0,0
200.549454,200.474808,105,214,156,255,79,251,72,175,0,0,0,0,0,0,0,0
200.824173,200.752502,127,211,155,255,80,251,69,189,128,0,0,0,0,0,0,0
201.098907,201.029587,107,213,155,255,77,251,70,205,0,0,0,0,0,0,0,0
201.373627,201.306015,107,213,155,255,77,251,70,205,0,0,0,0,0,0,0,0
201.648346,201.582428,103,213,155,255,78,251,67,205,0,0,0,0,0,0,0,0
201.923080,201.859161,107,212,155,255,79,251,62,206,128,0,0,0,0,0,0,0
202.197800,202.137009,102,211,155,255,77,251,68,215,0,0,0,0,0,0,0,0
202.472534,202.395569,102,212,155,255,81,250,67,215,0,0,0,0,0,0,0,0
202.747253,202.680618,102,211,154,255,81,250,67,215,0,0,0,0,0,0,0,0
203.021973,202.939987,107,210,155,255,78,251,61,175,128,0,0,0,0,0,0,0
203.241760,203.172836,102,210,155,255,78,251,67,214,128,0,0,0,0,0,0,0
203.516479,203.448273,113,211,155,255,80,251,66,208,0,0,0,0,0,0,0,0
203.791214,203.724960,102,212,155,255,77,251,66,214,0,0,0,0,0,0,0,0
204.065933,203.989868,103,211,155,255,77,252,68,191,0,0,0,0,0,0,0,0
204.340652,204.275528,102,214,155,255,77,252,67,214,0,0,0,0,0,0,0,0
204.615387,204.533829,104,216,156,255,77,250,60,185,128,0,0,0,0,0,0,0
204.835159,204.765076,102,216,156,255,77,250,60,185,128,0,0,0,0,0,0,0
205.109894,205.035049,110,220,157,255,79,251,67,204,128,0,0,0,0,0,0,0
205.384613,205.311371,102,220,157,255,79,251,67,204,128,0,0,0,0,0,0,0
205.659348,205.589264,103,222,156,255,81,250,77,157,0,0,0,0,0,0,0,0
205.934067,205.866104,110,224,157,255,77,250,79,211,128,0,0,0,0,0,0,0
206.208786,206.129776,106,226,157,255,78,251,78,179,0,0,0,0,0,0,0,0
206.483521,206.415848,103,227,157,255,81,250,82,158,128,0,0,0,0,0,0,0
206.758240,206.674973,111,227,157,255,80,251,79,204,0,0,0,0,0,0,0,0
206.978027,206.908112,102,227,157,255,80,251,78,196,128,0,0,0,0,0,0,0
207.252747,207.179947,105,222,156,255,78,251,76,175,128,0,0,0,0,0,0,0
207.527466,207.454559,103,221,155,255,77,251,74,197,128,0,0,0,0,0,0,0
207.802200,207.741455,110,219,156,255,79,251,71,169,0,0,0,0,0,0,0,0
208.076920,208.000992,110,219,156,255,79,251,71,169,0,0,0,0,0,0,0,0
208.296707,208.231522,102,215,155,255,79,251,71,169,0,0,0,0,0,0,0,0
208.571426,208.492126,102,209,154,255,77,251,66,170,0,0,0,0,0,0,0,0
208.846161,208.768539,104,208,153,255,77,251,65,170,0,0,0,0,0,0,0,0
209.120880,209.044754,127,204,153,255,79,250,68,192,0,0,0,0,0,0,0,0
209.395599,209.321594,102,203,153,255,76,251,64,215,128,0,0,0,0,0,0,0
209.670334,209.609146,106,202,154,255,80,251,60,169,128,0,0,0,0,0,0,0
209.945053,209.867645,113,202,153,255,80,251,64,169,128,0,0,0,0,0,0,0
210.164841,210.098907,113,202,154,255,80,251,67,202,0,0,0,0,0,0,0,0
210.439560,210.359619,117,203,153,255,79,251,66,198,0,0,0,0,0,0,0,0
210.714279,210.634338,127,201,153,255,79,251,65,192,128,0,0,0,0,0,0,0
210.989014,210.911026,108,200,153,255,80,250,69,171,128,0,0,0,0,0,0,0
211.263733,211.187958,120,200,153,255,80,250,69,171,0,0,0,0,0,0,0,0
211.538467,211.464935,105,200,153,255,77,251,65,199,0,0,0,0,0,0,0,0
211.813187,211.728409,111,197,154,255,77,251,64,210,0,0,0,0,0,0,0,0
212.087906,212.014328,102,198,154,255,77,251,68,215,0,0,0,0,0,0,0,0
212.307693,212.246399,102,198,154,255,77,251,67,215,0,0,0,0,0,0,0,0
212.582413,212.505066,112,198,154,255,77,251,67,215,0,0,0,0,0,0,0,0
212.857147,212.776764,102,203,154,255,77,251,72,213,0,0,0,0,0,0,0,0
213.131866,213.054321,102,203,154,255,78,251,69,214,0,0,0,0,0,0,0,0
213.406601,213.326538,102,204,154,255,78,251,74,212,0,0,0,0,0,0,0,0
213.681320,213.613327,102,204,154,255,78,251,74,212,0,0,0,0,0,0,0,0
213.956039,213.871277,108,208,155,255,80,251,74,170,0,0,0,0,0,0,0,0
214.175827,214.102173,102,208,154,255,80,250,74,158,0,0,0,0,0,0,0,0
214.450546,214.365692,102,208,154,255,81,250,71,157,0,0,0,0,0,0,0,0
214.725281,214.643082,106,205,154,255,79,251,70,208,0,0,0,0,0,0,0,0
215.000000,214.920013,102,205,154,255,79,251,70,208,0,0,0,0,0,0,0,0
215.274719,215.196594,125,208,154,255,80,250,68,198,0,0,0,0,0,0,0,0
215.549454,215.483231,123,207,154,255,78,251,69,179,128,0,0,0,0,0,0,0
215.824173,215.742142,102,209,154,255,79,251,70,212,128,0,0,0,0,0,0,0
216.043961,215.973541,103,208,154,255,78,251,73,210,128,0,0,0,0,0,0,0
216.318680,216.233902,103,208,154,255,78,251,73,210,128,0,0,0,0,0,0,0
216.593399,216.503464,108,205,154,255,80,251,71,169,128,0,0,0,0,0,0,0
216.868134,216.789230,104,204,154,255,78,251,68,174,128,0,0,0,0,0,0,0
217.087906,217.020432,121,206,154,255,79,251,76,196,128,0,0,0,0,0,0,0
217.362640,217.279343,104,206,154,255,79,251,76,196,128,0,0,0,0,0,0,0
217.637360,217.570129,102,205,154,255,78,251,71,191,0,0,0,0,0,0,0,0
217.912094,217.846741,106,204,153,255,79,251,64,210,0,0,0,0,0,0,0,0
218.186813,218.123428,102,204,153,255,79,251,64,210,0,0,0,0,0,0,0,0
218.461533,218.372482,104,202,154,255,78,251,64,179,0,0,0,0,0,0,0,0
218.736267,218.665924,102,204,154,255,78,251,70,214,128,0,0,0,0,0,0,0
219.010986,218.923981,105,203,154,255,77,251,66,199,128,0,0,0,0,0,0,0
219.230774,219.155533,109,202,153,255,79,251,68,205,0,0,0,0,0,0,0,0
219.505493,219.440994,102,201,153,255,78,252,62,214,0,0,0,0,0,0,0,0
219.780212,219.711929,102,202,154,255,79,251,65,171,128,0,0,0,0,0,0,0
220.054947,219.988556,102,202,154,255,79,251,65,171,128,0,0,0,0,0,0,0
220.329666,220.265594,102,204,154,255,80,251,74,188,0,0,0,0,0,0,0,0
220.604401,220.515060,105,204,154,255,80,251,74,188,0,0,0,0,0,0,0,0
220.879120,220.792206,107,204,154,255,80,251,74,188,0,0,0,0,0,0,0,0
221.153839,221.068207,126,204,154,255,80,251,74,188,0,0,0,0,0,0,0,0
221.428574,221.345245,102,209,154,255,80,0,72,188,0,0,0,0,0,0,0,0
221.703293,221.613678,102,209,155,255,80,1,71,212,128,0,0,0,0,0,0,0
221.978027,221.900879,106,210,154,255,80,0,74,175,0,0,0,0,0,0,0,0
222.197800,222.131775,102,210,154,255,80,0,74,175,0,0,0,0,0,0,0,0
222.472534,222.391556,105,213,155,255,79,0,76,210,0,0,0,0,0,0,0,0
222.747253,222.658813,105,213,155,255,79,0,76,210,0,0,0,0,0,0,0,0
223.021973,222.934830,104,213,155,255,79,0,76,210,0,0,0,0,0,0,0,0
223.296707,223.210632,102,216,156,255,79,1,76,220,128,0,0,0,0,0,0,0
223.571426,223.488388,102,216,156,255,79,1,76,220,128,0,0,0,0,0,0,0
223.846161,223.764557,112,216,156,255,79,1,76,220,128,0,0,0,0,0,0,0
224.120880,224.040466,102,216,156,255,79,1,76,220,128,0,0,0,0,0,0,0
224.395599,224.310028,109,219,156,255,79,0,65,228,128,0,0,0,0,0,0,0
224.670334,224.596603,102,219,156,255,78,1,76,224,0,0,0,0,0,0,0,0
224.945053,224.855270,106,219,156,255,81,0,72,167,128,0,0,0,0,0,0,0
225.164841,225.086624,127,220,157,255,81,0,72,175,0,0,0,0,0,0,0,0
225.439560,225.352295,102,219,156,255,80,0,72,175,0,0,0,0,0,0,0,0
225.714279,225.646912,102,219,155,255,75,2,63,226,0,0,0,0,0,0,0,0
225.989014,225.906143,106,217,156,255,78,251,73,210,0,0,0,0,0,0,0,0
226.208786,226.137543,102,218,156,255,78,251,73,210,0,0,0,0,0,0,0,0
226.483521,226.395844,120,218,156,255,78,251,73,210,0,0,0,0,0,0,0,0
226.758240,226.665466,104,218,156,255,78,251,64,210,0,0,0,0,0,0,0,0
227.032974,226.942230,106,220,156,255,78,251,64,210,0,0,0,0,0,0,0,0
227.307693,227.218811,102,220,156,255,77,251,64,210,0,0,0,0,0,0,0,0
227.582413,227.496048,106,220,156,255,79,251,72,200,128,0,0,0,0,0,0,0
227.857147,227.772369,102,220,156,255,79,251,72,200,128,0,0,0,0,0,0,0
228.131866,228.049103,102,223,157,255,77,251,74,216,128,0,0,0,0,0,0,0
228.406601,228.325317,105,223,157,255,77,251,74,216,128,0,0,0,0,0,0,0
228.681320,228.589203,120,225,156,255,81,250,78,157,0,0,0,0,0,0,0,0
228.956039,228.876144,102,225,157,255,79,250,74,186,128,0,0,0,0,0,0,0
229.175827,229.108414,102,225,156,255,79,251,78,211,128,0,0,0,0,0,0,0
229.450546,229.367218,102,224,157,255,77,252,81,213,128,0,0,0,0,0,0,0
229.725281,229.639343,102,224,157,255,77,252,81,213,128,0,0,0,0,0,0,0
230.000000,229.916077,104,224,156,255,77,252,81,213,128,0,0,0,0,0,0,0
230.274719,230.184418,103,222,155,255,77,251,77,191,0,0,0,0,0,0,0,0
230.549454,230.471619,102,220,155,255,75,1,72,191,0,0,0,0,0,0,0,0
230.824173,230.729813,103,219,155,255,80,1,74,162,0,0,0,0,0,0,0,0
231.043961,230.960602,107,216,155,255,80,0,72,163,0,0,0,0,0,0,0,0
231.318680,231.227966,102,216,155,255,80,0,72,163,0,0,0,0,0,0,0,0
231.593399,231.506424,109,210,155,255,80,251,67,204,0,0,0,0,0,0,0,0
231.868134,231.783157,107,210,154,255,76,251,69,211,0,0,0,0,0,0,0,0
232.142853,232.048630,105,205,154,255,79,251,68,208,0,0,0,0,0,0,0,0
232.417587,232.334290,102,199,152,255,78,0,71,212,128,0,0,0,0,0,0,0
232.637360,232.567642,102,197,152,255,78,0,71,212,128,0,0,0,0,0,0,0
232.912094,232.826706,103,195,153,255,78,1,68,174,0,0,0,0,0,0,0,0
233.186813,233.096115,114,194,152,255,80,1,66,198,0,0,0,0,0,0,0,0
233.461533,233.372742,123,192,152,255,80,0,67,158,128,0,0,0,0,0,0,0
233.736267,233.650192,125,192,152,255,80,1,63,157,0,0,0,0,0,0,0,0
234.010986,233.926971,102,191,152,255,80,1,63,157,0,0,0,0,0,0,0,0
234.285721,234.203064,102,191,152,255,80,1,63,157,0,0,0,0,0,0,0,0
234.560440,234.480011,102,187,152,255,80,1,72,212,0,0,0,0,0,0,0,0
234.835159,234.756836,102,186,152,255,81,0,72,212,0,0,0,0,0,0,0,0
235.109894,235.032501,101,187,152,255,80,0,72,212,0,0,0,0,0,0,0,0
235.384613,235.304718,102,188,152,255,79,1,73,218,0,0,0,0,0,0,0,0
235.659348,235.563324,102,186,151,255,80,0,74,159,0,0,0,0,0,0,0,0
235.934067,235.849091,102,185,151,255,80,0,74,159,0,0,0,0,0,0,0,0
236.153839,236.080597,101,183,151,255,80,0,80,156,0,0,0,0,0,0,0,0
236.428574,236.343872,120,182,151,255,80,0,80,157,0,0,0,0,0,0,0,0
236.703293,236.620514,101,181,151,255,80,0,65,157,0,0,0,0,0,0,0,0
236.978027,236.896652,118,178,150,255,80,0,65,157,0,0,0,0,0,0,0,0
237.252747,237.173279,101,179,151,255,76,1,66,228,0,0,0,0,0,0,0,0
237.527466,237.451447,102,177,150,255,80,1,68,173,0,0,0,0,0,0,0,0
237.802200,237.727753,106,177,150,255,80,0,68,173,0,0,0,0,0,0,0,0
238.076920,237.989090,101,177,150,255,80,0,68,156,128,0,0,0,0,0,0,0
238.351654,238.276123,102,174,149,255,81,0,72,167,0,0,0,0,0,0,0,0
238.626373,238.534485,102,174,149,255,81,0,72,167,0,0,0,0,0,0,0,0
238.846161,238.765213,101,168,149,255,78,1,83,226,0,0,0,0,0,0,0,0
239.120880,239.039795,102,167,149,255,80,1,69,187,128,0,0,0,0,0,0,0
239.395599,239.316986,102,167,149,255,80,1,69,187,0,0,0,0,0,0,0,0
239.670334,239.594116,102,161,148,255,80,1,70,216,128,0,0,0,0,0,0,0
239.945053,239.855042,102,160,148,255,75,2,64,219,0,0,0,0,0,0,0,0
240.219788,240.141769,101,159,148,255,78,1,65,225,128,0,0,0,0,0,0,0
240.494507,240.400482,101,159,148,255,78,1,65,225,128,0,0,0,0,0,0,0
240.714279,240.631424,102,157,147,255,80,1,66,159,128,0,0,0,0,0,0,0
240.989014,240.905548,112,157,148,255,81,0,68,159,128,0,0,0,0,0,0,0
241.263733,241.182220,102,157,148,255,80,0,68,159,128,0,0,0,0,0,0,0
241.538467,241.458847,122,156,148,255,81,0,59,191,0,0,0,0,0,0,0,0
241.813187,241.734558,101,156,148,255,78,1,63,191,0,0,0,0,0,0,0,0
242.087906,241.996750,103,157,148,255,80,1,64,156,0,0,0,0,0,0,0,0
242.362640,242.282913,103,157,148,255,80,1,64,156,0,0,0,0,0,0,0,0
242.637360,242.541733,106,162,149,255,81,0,63,223,128,0,0,0,0,0,0,0
242.857147,242.773605,102,162,149,255,80,0,70,165,128,0,0,0,0,0,0,0
243.131866,243.048019,102,165,149,255,76,1,70,165,128,0,0,0,0,0,0,0
243.406601,243.324295,102,166,149,255,81,1,64,224,128,0,0,0,0,0,0,0
243.681320,243.601273,102,168,150,255,76,2,72,217,0,0,0,0,0,0,0,0
243.956039,243.874268,101,171,150,255,80,0,64,156,128,0,0,0,0,0,0,0
244.230774,244.133331,102,171,150,255,80,0,72,159,0,0,0,0,0,0,0,0
244.505493,244.418945,101,176,150,255,77,1,72,159,0,0,0,0,0,0,0,0
244.725281,244.651215,109,176,151,255,79,1,59,220,0,0,0,0,0,0,0,0
245.000000,244.914597,116,179,152,255,76,2,59,220,0,0,0,0,0,0,0,0
245.274719,245.190872,101,181,152,255,80,0,59,220,0,0,0,0,0,0,0,0
245.549454,245.467026,102,182,152,255,80,0,64,171,0,0,0,0,0,0,0,0
245.824173,245.743134,104,187,152,255,80,0,66,171,0,0,0,0,0,0,0,0
246.098907,246.007217,127,185,152,255,80,1,75,202,128,0,0,0,0,0,0,0
246.373627,246.292831,101,191,153,255,79,1,75,226,0,0,0,0,0,0,0,0
246.648346,246.551453,101,192,152,255,80,1,71,218,0,0,0,0,0,0,0,0
246.868134,246.783051,102,200,154,255,77,1,72,207,128,0,0,0,0,0,0,0
247.142853,247.054871,104,200,153,255,81,0,68,156,128,0,0,0,0,0,0,0
247.417587,247.331146,104,200,153,255,81,0,68,156,128,0,0,0,0,0,0,0
247.692307,247.607452,112,200,153,255,81,0,68,156,128,0,0,0,0,0,0,0
247.967026,247.883514,102,207,155,255,81,0,64,171,128,0,0,0,0,0,0,0
248.241760,248.159470,103,211,155,255,80,0,71,156,128,0,0,0,0,0,0,0
248.516479,248.420242,102,212,155,255,80,0,71,156,128,0,0,0,0,0,0,0
248.791214,248.707489,101,214,156,255,77,1,71,230,128,0,0,0,0,0,0,0
249.065933,248.966354,115,218,156,255,81,0,74,159,128,0,0,0,0,0,0,0
249.285721,249.197235,101,218,156,255,78,1,72,159,128,0,0,0,0,0,0,0
249.560440,249.471405,102,222,157,255,80,0,63,156,128,0,0,0,0,0,0,0
249.835159,249.748657,101,222,157,255,80,0,63,156,128,0,0,0,0,0,0,0
250.109894,250.025024,102,228,158,255,76,1,59,221,128,0,0,0,0,0,0,0
250.384613,250.283997,107,230,157,255,80,0,72,156,0,0,0,0,0,0,0,0
250.659348,250.570068,107,230,157,255,80,0,72,156,0,0,0,0,0,0,0,0
250.879120,250.800751,102,232,158,255,80,0,68,156,0,0,0,0,0,0,0,0
251.153839,251.062225,101,232,158,255,75,1,63,228,128,0,0,0,0,0,0,0
251.428574,251.337204,102,234,158,255,81,1,64,216,0,0,0,0,0,0,0,0
251.703293,251.613632,102,235,158,255,80,0,64,216,0,0,0,0,0,0,0,0
251.978027,251.890472,102,235,158,255,80,0,64,216,0,0,0,0,0,0,0,0
252.252747,252.166687,101,236,158,255,79,1,77,221,0,0,0,0,0,0,0,0
252.527466,252.433319,102,236,158,255,80,1,59,175,0,0,0,0,0,0,0,0
252.802200,252.719345,103,237,158,255,80,0,72,225,128,0,0,0,0,0,0,0
253.076920,252.978119,102,237,158,255,81,0,72,156,128,0,0,0,0,0,0,0
253.296707,253.209213,102,237,158,255,81,0,72,156,128,0,0,0,0,0,0,0
253.571426,253.479324,102,237,158,255,81,0,64,156,128,0,0,0,0,0,0,0
253.846161,253.755905,103,237,158,255,79,1,56,156,128,0,0,0,0,0,0,0
254.120880,254.032578,110,238,158,255,79,1,56,216,128,0,0,0,0,0,0,0
254.395599,254.309982,104,239,159,255,77,1,84,229,0,0,0,0,0,0,0,0
254.670334,254.575439,101,239,159,255,75,1,63,228,0,0,0,0,0,0,0,0
254.945053,254.861465,101,240,159,255,79,1,80,228,0,0,0,0,0,0,0,0
255.219788,255.119873,101,241,159,255,80,0,72,228,0,0,0,0,0,0,0,0
255.439560,255.351685,102,241,159,255,75,1,64,221,128,0,0,0,0,0,0,0
255.714279,255.621552,103,242,159,255,80,0,64,221,128,0,0,0,0,0,0,0
255.989014,255.899063,102,242,159,255,75,1,79,230,128,0,0,0,0,0,0,0
256.263733,256.176178,102,242,159,255,80,1,79,230,128,0,0,0,0,0,0,0
256.538452,256.453796,101,246,159,255,76,1,80,183,0,0,0,0,0,0,0,0
256.813202,256.721863,101,244,159,255,79,1,79,220,0,0,0,0,0,0,0,0
257.087921,257.009613,116,245,159,255,81,0,47,227,128,0,0,0,0,0,0,0
257.362640,257.268555,101,246,159,255,80,0,44,156,128,0,0,0,0,0,0,0
257.582428,257.499542,102,245,159,255,76,1,76,219,128,0,0,0,0,0,0,0
257.857147,257.767456,101,246,160,255,75,1,77,231,128,0,0,0,0,0,0,0
258.131866,258.040894,111,247,160,255,79,0,47,212,128,0,0,0,0,0,0,0
258.406586,258.326782,101,247,160,255,75,2,48,212,128,0,0,0,0,0,0,0
258.681305,258.584930,103,247,160,255,79,1,68,217,128,0,0,0,0,0,0,0
258.901093,258.815704,103,247,160,255,79,1,68,217,128,0,0,0,0,0,0,0
259.175812,259.079865,104,250,160,255,80,0,78,156,128,0,0,0,0,0,0,0
259.450562,259.357086,119,252,160,255,80,1,79,210,128,0,0,0,0,0,0,0
259.725281,259.634644,101,252,161,255,78,1,59,232,0,0,0,0,0,0,0,0
260.000000,259.907135,111,252,160,255,79,1,51,212,128,0,0,0,0,0,0,0
260.274719,260.194000,101,252,160,255,77,2,42,233,0,0,0,0,0,0,0,0
260.549438,260.453094,103,252,161,255,80,0,64,218,128,0,0,0,0,0,0,0
260.769226,260.684143,101,252,161,255,80,0,64,218,128,0,0,0,0,0,0,0
261.043945,260.947205,101,252,161,255,79,1,72,229,128,0,0,0,0,0,0,0
261.318695,261.224182,102,252,161,255,80,0,80,171,0,0,0,0,0,0,0,0
261.593414,261.487396,106,252,161,255,81,0,91,156,128,0,0,0,0,0,0,0
261.868134,261.772888,102,252,161,255,81,0,91,156,128,0,0,0,0,0,0,0
262.087921,262.003784,101,252,161,255,81,0,91,156,128,0,0,0,0,0,0,0
262.362640,262.262360,111,252,162,255,80,1,63,212,0,0,0,0,0,0,0,0
262.637360,262.534332,101,252,161,255,80,1,63,212,0,0,0,0,0,0,0,0
262.912079,262.811829,101,252,161,255,78,1,61,226,0,0,0,0,0,0,0,0
263.186798,263.091217,102,252,162,255,80,0,55,191,129,0,0,0,0,0,0,0
263.461548,263.367737,101,252,162,255,105,2,52,223,129,0,0,0,0,0,0,0
263.736267,263.644409,101,252,162,255,105,2,52,223,129,0,0,0,0,0,0,0
264.010986,263.917297,101,252,162,255,190,1,39,191,1,0,0,0,0,0,0,0
264.285706,264.203888,101,253,162,255,189,1,63,207,129,0,0,0,0,0,0,0
264.560425,264.462372,101,252,162,255,187,1,64,223,1,0,0,0,0,0,0,0
264.780212,264.694153,101,252,162,255,192,0,49,223,1,0,0,0,0,0,0,0
265.054932,264.957123,101,252,162,255,192,0,49,223,1,0,0,0,0,0,0,0
265.329681,265.234192,101,252,162,255,191,1,86,224,129,0,0,0,0,0,0,0
265.604401,265.511475,101,252,163,255,189,1,88,207,1,0,0,0,0,0,0,0
265.879120,265.779572,100,252,163,255,191,1,80,230,1,0,0,0,0,0,0,0
266.153839,266.066071,101,252,164,255,192,1,88,220,129,0,0,0,0,0,0,0
266.428558,266.324921,101,252,164,255,192,1,88,220,129,0,0,0,0,0,0,0
266.648346,266.556427,101,252,164,255,191,1,100,224,129,0,0,0,0,0,0,0
266.923065,266.824402,101,252,164,255,190,1,79,199,1,0,0,0,0,0,0,0
267.197815,267.100861,103,252,164,255,190,1,79,199,1,0,0,0,0,0,0,0
267.472534,267.377655,101,252,164,255,191,1,64,173,1,0,0,0,0,0,0,0
267.747253,267.655334,106,252,164,255,187,2,88,231,129,0,0,0,0,0,0,0
268.021973,267.932373,101,252,164,255,190,1,79,191,129,0,0,0,0,0,0,0
268.296692,268.192383,101,252,164,255,189,1,63,232,1,0,0,0,0,0,0,0
268.571442,268.478485,101,252,164,255,191,1,61,228,1,0,0,0,0,0,0,0
268.846161,268.737854,103,252,164,255,191,0,80,156,129,0,0,0,0,0,0,0
269.065948,268.972809,101,252,164,255,188,1,68,215,129,0,0,0,0,0,0,0
269.340668,269.248047,101,252,164,255,187,1,68,233,1,0,0,0,0,0,0,0
269.615387,269.525085,101,252,164,255,188,1,72,233,1,0,0,0,0,0,0,0
269.890106,269.801544,101,252,164,255,189,1,64,233,1,0,0,0,0,0,0,0
270.164825,270.078735,101,252,164,255,191,1,63,228,129,0,0,0,0,0,0,0
270.439575,270.338318,101,252,164,255,191,0,55,214,129,0,0,0,0,0,0,0
270.714294,270.624908,101,252,164,255,187,2,59,227,1,0,0,0,0,0,0,0
270.989014,270.883636,103,252,164,255,192,0,55,155,129,0,0,0,0,0,0,0
271.208801,271.116882,107,252,164,255,191,1,55,155,129,0,0,0,0,0,0,0
271.483521,271.390747,111,252,164,255,192,0,55,216,129,0,0,0,0,0,0,0
271.758240,271.667358,101,252,164,255,191,1,51,187,1,0,0,0,0,0,0,0
272.032959,271.938110,101,252,165,255,187,2,47,223,129,0,0,0,0,0,0,0
272.307678,272.224823,101,252,165,255,191,1,41,233,1,0,0,0,0,0,0,0
272.582428,272.483948,101,252,165,255,191,1,41,230,1,0,0,0,0,0,0,0
272.802185,272.714996,114,252,165,255,187,2,64,215,1,0,0,0,0,0,0,0
273.076935,272.980865,101,252,165,255,186,2,72,155,1,0,0,0,0,0,0,0
273.351654,273.258698,102,253,164,255,191,1,63,225,1,0,0,0,0,0,0,0
273.626373,273.535156,102,253,164,255,191,1,63,225,1,0,0,0,0,0,0,0
273.901093,273.812866,101,252,165,255,192,0,47,155,1,0,0,0,0,0,0,0
