0.000000,0.000000,119,254,195,255,25,0,58,189,0,0,0,0,0,0,0,0
0.549451,0.542589,119,254,195,255,25,0,59,189,0,0,0,0,0,0,0,0
1.043956,1.030603,119,254,195,255,25,0,64,190,0,0,0,0,0,0,0,0
1.593407,1.574420,119,254,194,255,24,0,64,190,0,0,0,0,0,0,0,0
2.087912,2.062692,119,253,195,255,26,0,63,189,128,0,0,0,0,0,0,0
2.582417,2.577866,119,255,194,255,25,0,60,189,128,0,0,0,0,0,0,0
3.131868,3.121167,119,255,195,255,23,0,63,189,128,0,0,0,0,0,0,0
3.626374,3.609645,119,255,195,255,25,0,64,190,128,0,0,0,0,0,0,0
4.175824,4.151873,119,255,196,255,25,0,65,190,0,0,0,0,0,0,0,0
4.670330,4.667304,119,255,195,255,26,0,59,189,0,0,0,0,0,0,0,0
5.164835,5.155219,119,254,195,255,26,1,59,189,0,0,0,0,0,0,0,0
5.714286,5.698573,119,255,195,255,25,1,64,190,0,0,0,0,0,0,0,0
6.208791,6.186332,119,254,195,255,25,1,62,189,0,0,0,0,0,0,0,0
6.703297,6.701607,119,255,195,255,26,0,62,189,128,0,0,0,0,0,0,0
7.252747,7.245781,119,254,195,255,25,0,60,189,128,0,0,0,0,0,0,0
7.747253,7.733544,119,254,195,255,25,0,62,189,128,0,0,0,0,0,0,0
8.296703,8.278738,119,254,196,255,26,0,63,189,128,0,0,0,0,0,0,0
8.791209,8.766141,119,254,197,255,25,0,63,189,0,0,0,0,0,0,0,0
9.285714,9.281519,119,253,196,255,25,1,62,189,0,0,0,0,0,0,0,0
9.835165,9.824413,119,254,196,255,25,0,63,189,0,0,0,0,0,0,0,0
10.329670,10.312838,119,253,196,255,25,0,64,190,0,0,0,0,0,0,0,0
10.879121,10.855629,119,255,197,255,25,1,64,190,128,0,0,0,0,0,0,0
11.373627,11.343822,119,255,196,255,25,0,62,189,128,0,0,0,0,0,0,0
11.868132,11.859536,119,254,197,255,26,1,66,190,128,0,0,0,0,0,0,0
12.417583,12.402840,119,254,196,255,26,0,68,190,128,0,0,0,0,0,0,0
12.912087,12.890093,119,254,197,255,25,1,65,190,128,0,0,0,0,0,0,0
13.461538,13.434313,119,253,197,255,26,0,64,190,0,0,0,0,0,0,0,0
13.956044,13.950098,119,254,197,255,25,0,62,189,0,0,0,0,0,0,0,0
14.450549,14.438117,119,254,197,255,25,0,63,189,0,0,0,0,0,0,0,0
15.000000,14.983724,119,255,197,255,25,0,62,189,0,0,0,0,0,0,0,0
15.494506,15.470819,119,255,197,255,25,0,58,189,128,0,0,0,0,0,0,0
16.043957,16.013865,119,255,197,255,25,1,58,189,128,0,0,0,0,0,0,0
16.538462,16.528984,119,254,198,255,25,1,64,190,128,0,0,0,0,0,0,0
17.032967,17.016953,119,254,197,255,25,1,63,189,128,0,0,0,0,0,0,0
17.582418,17.559025,119,253,198,255,25,0,64,189,0,0,0,0,0,0,0,0
18.076923,18.047558,119,254,197,255,28,0,66,190,0,0,0,0,0,0,0,0
18.571428,18.562832,119,254,197,255,25,0,66,190,0,0,0,0,0,0,0,0
19.120878,19.106081,119,253,198,255,28,1,65,190,0,0,0,0,0,0,0,0
19.615385,19.594152,119,255,197,255,25,1,63,189,0,0,0,0,0,0,0,0
20.164835,20.137606,119,255,199,255,25,1,63,190,128,0,0,0,0,0,0,0
20.659340,20.653090,119,254,199,255,25,0,63,189,128,0,0,0,0,0,0,0
21.153847,21.142439,119,254,197,255,25,0,62,189,128,0,0,0,0,0,0,0
21.703297,21.685686,119,253,199,255,25,0,63,189,128,0,0,0,0,0,0,0
22.197802,22.172680,119,254,199,255,25,1,63,189,0,0,0,0,0,0,0,0
22.747253,22.716650,119,254,199,255,26,1,65,190,0,0,0,0,0,0,0,0
23.241758,23.232384,119,255,199,255,25,0,62,189,0,0,0,0,0,0,0,0
23.736263,23.720457,119,254,199,255,26,1,64,190,0,0,0,0,0,0,0,0
24.285715,24.263548,119,254,198,255,25,1,63,189,128,0,0,0,0,0,0,0
24.780220,24.751265,119,254,198,255,25,0,62,189,128,0,0,0,0,0,0,0
25.274725,25.266640,119,254,199,255,26,1,62,189,128,0,0,0,0,0,0,0
25.824175,25.810760,119,254,199,255,25,1,63,189,128,0,0,0,0,0,0,0
26.318682,26.298574,119,255,199,255,25,0,66,190,128,0,0,0,0,0,0,0
26.868132,26.841722,119,255,199,255,25,0,64,188,0,0,0,0,0,0,0,0
27.362637,27.329794,119,254,199,255,25,1,66,190,0,0,0,0,0,0,0,0
27.857143,27.845427,119,254,199,255,25,1,64,190,0,0,0,0,0,0,0,0
28.406593,28.388884,119,255,199,255,25,0,66,190,0,0,0,0,0,0,0,0
28.901098,28.876490,119,254,199,255,24,0,61,189,128,0,0,0,0,0,0,0
29.450550,29.419584,119,254,199,255,25,1,63,190,128,0,0,0,0,0,0,0
29.945055,29.934761,118,254,199,255,25,0,66,190,128,0,0,0,0,0,0,0
30.439560,30.422266,119,255,199,255,25,1,66,190,128,0,0,0,0,0,0,0
30.989012,30.964952,119,254,199,255,26,0,63,190,0,0,0,0,0,0,0,0
31.483517,31.452663,119,253,199,255,25,0,63,189,0,0,0,0,0,0,0,0
32.032967,31.995815,119,255,199,255,25,0,62,189,0,0,0,0,0,0,0,0
32.527473,32.512161,119,255,199,255,25,1,62,189,0,0,0,0,0,0,0,0
33.021976,32.999054,119,254,199,255,25,0,66,191,128,0,0,0,0,0,0,0
33.571430,33.542408,119,254,199,255,25,0,65,190,128,0,0,0,0,0,0,0
34.065933,34.031094,119,254,199,255,25,0,63,190,128,0,0,0,0,0,0,0
34.560440,34.546677,119,254,199,255,25,0,65,190,128,0,0,0,0,0,0,0
35.109890,35.089874,119,254,199,255,25,1,63,189,128,0,0,0,0,0,0,0
35.604397,35.577377,119,255,199,255,25,0,67,190,0,0,0,0,0,0,0,0
36.153847,36.120121,119,254,199,255,25,0,67,190,0,0,0,0,0,0,0,0
36.648350,36.636009,119,254,199,255,25,0,64,190,0,0,0,0,0,0,0,0
37.142857,37.124180,119,255,199,255,25,1,66,190,0,0,0,0,0,0,0,0
37.692307,37.666256,118,255,199,255,25,0,64,190,0,0,0,0,0,0,0,0
38.186813,38.154476,119,255,199,255,25,1,64,189,128,0,0,0,0,0,0,0
38.736263,38.697575,119,255,199,255,25,0,67,190,128,0,0,0,0,0,0,0
39.230770,39.213818,119,254,199,255,25,1,62,189,128,0,0,0,0,0,0,0
39.725273,39.701839,119,254,199,255,25,1,66,190,0,0,0,0,0,0,0,0
40.274727,40.244831,119,254,199,255,26,0,67,190,128,0,0,0,0,0,0,0
40.769230,40.732903,119,254,199,255,26,0,65,190,0,0,0,0,0,0,0,0
41.263737,41.249100,119,254,199,255,25,0,64,190,0,0,0,0,0,0,0,0
41.813187,41.791691,119,255,199,255,26,1,62,190,0,0,0,0,0,0,0,0
42.307693,42.279396,119,254,199,255,25,0,65,190,128,0,0,0,0,0,0,0
42.857143,42.822647,119,254,199,255,26,1,59,189,128,0,0,0,0,0,0,0
43.351650,43.310612,119,254,199,255,25,0,59,189,128,0,0,0,0,0,0,0
43.846153,43.826347,119,254,199,255,24,0,62,189,128,0,0,0,0,0,0,0
44.395603,44.369808,119,254,199,255,25,0,59,190,0,0,0,0,0,0,0,0
44.890110,44.857414,119,254,199,255,25,0,62,189,0,0,0,0,0,0,0,0
45.439560,45.400665,119,254,198,255,25,0,60,190,0,0,0,0,0,0,0,0
45.934067,45.915581,119,254,199,255,25,1,59,190,0,0,0,0,0,0,0,0
46.428570,46.404060,119,254,197,255,25,0,66,190,0,0,0,0,0,0,0,0
46.978024,46.947514,119,255,197,255,26,1,66,190,0,0,0,0,0,0,0,0
47.472527,47.435226,119,253,198,255,26,0,65,190,128,0,0,0,0,0,0,0
47.967033,47.950909,119,255,199,255,23,0,64,189,128,0,0,0,0,0,0,0
48.516483,48.494572,119,254,198,255,25,1,64,189,128,0,0,0,0,0,0,0
49.010990,48.981876,119,254,197,255,25,1,67,190,128,0,0,0,0,0,0,0
49.560440,49.524868,119,254,197,255,25,1,66,190,0,0,0,0,0,0,0,0
50.054947,50.012627,119,254,197,255,25,1,66,190,0,0,0,0,0,0,0,0
50.549450,50.527855,119,254,198,255,25,0,67,189,0,0,0,0,0,0,0,0
51.098900,51.071720,119,254,197,255,25,0,64,191,0,0,0,0,0,0,0,0
51.593407,51.558765,119,254,197,255,26,0,63,189,128,0,0,0,0,0,0,0
52.142857,52.102272,119,254,197,255,25,0,62,189,128,0,0,0,0,0,0,0
52.637363,52.617855,119,254,197,255,25,0,62,189,128,0,0,0,0,0,0,0
53.131866,53.106434,119,253,197,255,25,0,60,189,128,0,0,0,0,0,0,0
53.681320,53.648918,119,254,197,255,25,1,64,190,0,0,0,0,0,0,0,0
54.175823,54.137348,119,254,197,255,25,0,62,190,0,0,0,0,0,0,0,0
54.725273,54.680904,119,254,197,255,25,0,62,189,0,0,0,0,0,0,0,0
55.219780,55.196533,119,254,197,255,25,1,63,189,0,0,0,0,0,0,0,0
55.714287,55.684811,119,255,197,255,25,1,59,190,0,0,0,0,0,0,0,0
56.263737,56.226883,118,253,197,255,26,0,62,190,128,0,0,0,0,0,0,0
56.758244,56.715263,119,254,197,255,25,0,59,189,128,0,0,0,0,0,0,0
57.252747,57.230793,119,254,196,255,25,0,63,190,128,0,0,0,0,0,0,0
57.802197,57.773685,119,255,197,255,25,0,66,189,128,0,0,0,0,0,0,0
58.296703,58.261856,119,254,196,255,25,0,63,189,0,0,0,0,0,0,0,0
58.846153,58.805054,119,253,196,255,26,1,64,189,0,0,0,0,0,0,0,0
59.340660,59.320484,119,254,196,255,25,1,63,189,0,0,0,0,0,0,0,0
59.835163,59.809937,119,255,195,255,25,0,62,190,0,0,0,0,0,0,0,0
60.384617,60.351906,118,254,195,255,26,0,58,189,0,0,0,0,0,0,0,0
60.879120,60.840183,119,254,195,255,26,1,63,190,128,0,0,0,0,0,0,0
61.428570,61.383785,118,254,195,255,26,1,63,189,128,0,0,0,0,0,0,0
61.923077,61.898808,119,254,195,255,25,1,62,189,128,0,0,0,0,0,0,0
62.417583,62.387547,118,254,195,255,25,1,67,190,128,0,0,0,0,0,0,0
62.967033,62.930386,119,254,195,255,25,0,63,190,0,0,0,0,0,0,0,0
63.461540,63.418198,119,254,194,255,26,0,63,189,0,0,0,0,0,0,0,0
63.956043,63.934139,119,254,193,255,25,1,63,189,0,0,0,0,0,0,0,0
64.505493,64.476013,118,254,193,255,25,1,60,189,0,0,0,0,0,0,0,0
65.000000,64.964386,119,254,194,255,25,0,63,189,0,0,0,0,0,0,0,0
65.549454,65.508301,119,255,193,255,25,1,63,190,128,0,0,0,0,0,0,0
66.043953,65.996727,118,254,193,255,25,0,63,189,128,0,0,0,0,0,0,0
66.538460,66.512154,119,254,193,255,26,0,63,189,128,0,0,0,0,0,0,0
67.087914,67.055046,118,254,193,255,24,1,64,189,0,0,0,0,0,0,0,0
67.582420,67.543121,119,254,193,255,26,0,62,189,0,0,0,0,0,0,0,0
68.131866,68.086983,119,253,192,255,25,0,63,189,0,0,0,0,0,0,0,0
68.626373,68.576134,119,255,192,255,24,0,60,189,0,0,0,0,0,0,0,0
69.120880,69.092377,119,254,193,255,25,1,64,190,0,0,0,0,0,0,0,0
69.670326,69.634499,119,255,192,255,25,0,63,189,128,0,0,0,0,0,0,0
70.164833,70.122360,119,254,192,255,25,0,66,190,128,0,0,0,0,0,0,0
70.714287,70.666489,119,255,192,255,25,0,64,190,128,0,0,0,0,0,0,0
71.208794,71.182014,119,254,192,255,25,0,63,190,128,0,0,0,0,0,0,0
71.703300,71.670288,119,255,192,255,25,0,63,189,128,0,0,0,0,0,0,0
72.252747,72.212265,119,255,191,255,25,0,62,189,0,0,0,0,0,0,0,0
72.747253,72.700539,118,255,192,255,25,0,62,189,0,0,0,0,0,0,0,0
73.241760,73.216728,118,254,191,255,25,1,62,189,0,0,0,0,0,0,0,0
73.791206,73.760696,118,253,191,255,25,1,63,189,0,0,0,0,0,0,0,0
74.285713,74.248459,119,255,191,255,25,1,65,190,128,0,0,0,0,0,0,0
74.835167,74.791557,118,254,189,255,25,0,60,189,128,0,0,0,0,0,0,0
75.329674,75.280090,119,254,191,255,25,0,62,189,128,0,0,0,0,0,0,0
75.824173,75.795052,119,254,190,255,25,1,63,189,128,0,0,0,0,0,0,0
76.373627,76.337944,119,254,191,255,25,1,63,189,128,0,0,0,0,0,0,0
76.868134,76.827042,119,254,189,255,25,1,60,189,0,0,0,0,0,0,0,0
77.417580,77.370193,118,254,189,255,25,1,62,189,0,0,0,0,0,0,0,0
77.912086,77.885414,119,255,189,255,25,0,61,189,0,0,0,0,0,0,0,0
78.406593,78.374252,119,254,189,255,25,0,65,190,0,0,0,0,0,0,0,0
78.956047,78.916939,119,254,189,255,25,0,63,191,128,0,0,0,0,0,0,0
79.450546,79.405106,119,254,189,255,25,0,60,190,128,0,0,0,0,0,0,0
80.000000,79.948364,118,255,189,255,26,0,62,189,128,0,0,0,0,0,0,0
80.494507,80.464355,118,254,189,255,25,0,63,189,128,0,0,0,0,0,0,0
80.989014,80.951653,119,253,189,255,26,0,62,189,0,0,0,0,0,0,0,0
81.538460,81.495010,119,253,189,255,25,1,64,189,0,0,0,0,0,0,0,0
82.032967,81.982872,118,254,189,255,25,1,63,189,0,0,0,0,0,0,0,0
82.527473,82.498863,119,254,188,255,26,0,64,190,0,0,0,0,0,0,0,0
83.076920,83.041801,118,254,188,255,25,0,62,189,128,0,0,0,0,0,0,0
83.571426,83.529823,119,255,188,255,25,0,63,190,128,0,0,0,0,0,0,0
84.120880,84.073433,118,254,188,255,25,0,61,189,128,0,0,0,0,0,0,0
84.615387,84.562477,119,254,189,255,25,1,64,190,128,0,0,0,0,0,0,0
85.109894,85.076981,119,255,188,255,28,1,63,189,128,0,0,0,0,0,0,0
85.659340,85.620384,119,255,188,255,25,1,63,189,0,0,0,0,0,0,0,0
86.153847,86.108864,119,253,187,255,25,0,62,189,0,0,0,0,0,0,0,0
86.703300,86.651863,118,254,188,255,26,0,62,189,0,0,0,0,0,0,0,0
87.197800,87.140617,119,254,188,255,26,1,62,189,0,0,0,0,0,0,0,0
87.692307,87.654747,118,255,187,255,25,1,64,189,128,0,0,0,0,0,0,0
88.241760,88.198456,119,255,188,255,25,1,66,190,128,0,0,0,0,0,0,0
88.736267,88.687141,119,255,187,255,25,1,66,189,128,0,0,0,0,0,0,0
89.285713,89.229927,119,254,187,255,25,1,66,189,128,0,0,0,0,0,0,0
89.780220,89.745567,119,254,187,255,25,0,62,189,128,0,0,0,0,0,0,0
90.274727,90.233940,119,254,186,255,25,1,62,189,0,0,0,0,0,0,0,0
90.824173,90.776985,119,254,186,255,25,1,59,189,0,0,0,0,0,0,0,0
91.318680,91.265053,119,254,187,255,25,1,64,190,0,0,0,0,0,0,0,0
91.813187,91.781197,119,254,187,255,25,1,60,189,0,0,0,0,0,0,0,0
92.362640,92.324760,119,255,187,255,25,1,63,189,128,0,0,0,0,0,0,0
92.857140,92.812317,119,254,187,255,25,1,63,189,128,0,0,0,0,0,0,0
93.406593,93.355766,118,254,186,255,26,0,66,189,128,0,0,0,0,0,0,0
93.901100,93.844864,119,254,186,255,25,0,63,189,128,0,0,0,0,0,0,0
94.395607,94.359169,119,254,187,255,26,0,59,189,128,0,0,0,0,0,0,0
94.945053,94.902931,119,254,187,255,24,1,63,189,0,0,0,0,0,0,0,0
95.439560,95.391251,119,254,186,255,25,0,63,189,0,0,0,0,0,0,0,0
95.989014,95.934250,118,254,186,255,25,1,64,189,0,0,0,0,0,0,0,0
96.483513,96.450142,119,255,185,255,25,1,63,189,0,0,0,0,0,0,0,0
96.978020,96.937241,119,254,186,255,25,0,63,189,128,0,0,0,0,0,0,0
97.527473,97.480667,119,255,186,255,25,1,66,189,128,0,0,0,0,0,0,0
98.021980,97.969429,118,254,185,255,25,0,59,189,128,0,0,0,0,0,0,0
98.571426,98.512115,119,253,185,255,25,1,63,189,128,0,0,0,0,0,0,0
99.065933,99.027237,118,254,185,255,26,1,59,189,0,0,0,0,0,0,0,0
99.560440,99.515663,119,255,185,255,26,1,64,190,0,0,0,0,0,0,0,0
100.109894,100.058708,119,254,185,255,25,0,63,189,0,0,0,0,0,0,0,0
100.604393,100.547089,119,253,185,255,25,0,63,189,0,0,0,0,0,0,0,0
101.098900,101.062820,119,254,185,255,25,0,64,190,0,0,0,0,0,0,0,0
101.648354,101.605865,119,254,185,255,26,1,64,190,128,0,0,0,0,0,0,0
102.142860,102.093475,119,254,185,255,25,1,60,189,128,0,0,0,0,0,0,0
102.692307,102.636932,119,254,185,255,25,1,59,189,128,0,0,0,0,0,0,0
103.186813,103.125053,119,254,185,255,25,1,62,189,128,0,0,0,0,0,0,0
103.681320,103.640129,118,254,185,255,25,0,63,189,0,0,0,0,0,0,0,0
104.230766,104.183578,119,254,185,255,25,1,63,190,0,0,0,0,0,0,0,0
104.725273,104.671341,119,254,185,255,25,1,66,189,0,0,0,0,0,0,0,0
105.274727,105.215103,119,254,185,255,25,0,63,189,0,0,0,0,0,0,0,0
105.769234,105.730736,119,255,184,255,25,1,59,189,0,0,0,0,0,0,0,0
106.263733,106.218956,118,254,185,255,25,0,66,190,128,0,0,0,0,0,0,0
106.813187,106.762573,118,255,184,255,26,1,66,189,128,0,0,0,0,0,0,0
107.307693,107.250839,118,254,185,255,25,0,64,190,128,0,0,0,0,0,0,0
107.857140,107.793839,118,254,185,255,25,0,62,189,128,0,0,0,0,0,0,0
108.351646,108.308495,119,254,185,255,25,0,62,190,0,0,0,0,0,0,0,0
108.846153,108.794624,119,254,184,255,25,0,63,189,0,0,0,0,0,0,0,0
109.395607,109.336029,119,255,183,255,25,1,64,190,0,0,0,0,0,0,0,0
109.890106,109.850174,118,254,184,255,26,0,62,189,0,0,0,0,0,0,0,0
110.384613,110.336205,119,255,184,255,25,0,63,189,128,0,0,0,0,0,0,0
110.934067,110.877197,119,255,183,255,25,1,62,189,128,0,0,0,0,0,0,0
111.428574,111.363434,119,255,183,255,25,1,66,189,128,0,0,0,0,0,0,0
111.923080,111.875992,118,255,183,255,25,1,62,189,128,0,0,0,0,0,0,0
112.472527,112.416267,119,255,183,255,25,0,63,189,128,0,0,0,0,0,0,0
112.967033,112.901627,118,254,183,255,25,1,66,188,0,0,0,0,0,0,0,0
113.461540,113.414604,119,254,183,255,25,0,65,189,0,0,0,0,0,0,0,0
114.010986,113.955040,119,254,183,255,25,0,66,189,0,0,0,0,0,0,0,0
114.505493,114.441673,119,255,183,255,25,0,65,190,0,0,0,0,0,0,0,0
115.000000,114.954849,119,255,183,255,25,0,66,190,128,0,0,0,0,0,0,0
115.549454,115.495544,117,254,183,255,25,1,68,190,128,0,0,0,0,0,0,0
116.043953,115.981361,117,254,183,255,25,1,66,190,128,0,0,0,0,0,0,0
116.538460,116.494232,119,254,181,255,25,1,64,189,0,0,0,0,0,0,0,0
117.087914,117.034615,119,255,181,255,26,1,65,190,0,0,0,0,0,0,0,0
117.582420,117.521149,119,254,181,255,25,0,64,190,0,0,0,0,0,0,0,0
118.076920,118.034790,118,253,181,255,25,1,61,189,0,0,0,0,0,0,0,0
118.626373,118.575325,119,254,181,255,25,0,67,190,0,0,0,0,0,0,0,0
119.120880,119.060425,119,254,181,255,25,1,69,189,128,0,0,0,0,0,0,0
119.615387,119.573402,119,253,181,255,25,1,66,190,128,0,0,0,0,0,0,0
120.164833,120.114502,119,254,181,255,25,0,69,189,128,0,0,0,0,0,0,0
120.659340,120.600777,119,254,180,255,25,1,67,190,128,0,0,0,0,0,0,0
121.208794,121.140549,119,254,181,255,25,1,64,189,0,0,0,0,0,0,0,0
121.703300,121.654495,118,254,181,255,25,1,67,190,0,0,0,0,0,0,0,0
122.197800,122.140358,119,254,180,255,25,0,62,189,0,0,0,0,0,0,0,0
122.747253,122.681053,118,255,180,255,25,0,67,190,0,0,0,0,0,0,0,0
123.241760,123.193001,119,254,179,255,26,0,67,190,128,0,0,0,0,0,0,0
123.736267,123.678360,119,254,179,255,25,0,63,189,128,0,0,0,0,0,0,0
124.285713,124.219612,119,254,180,255,25,1,67,189,128,0,0,0,0,0,0,0
124.780220,124.733765,118,254,179,255,26,1,63,189,128,0,0,0,0,0,0,0
125.274727,125.218765,119,253,179,255,25,0,62,189,0,0,0,0,0,0,0,0
125.824173,125.759712,119,254,178,255,25,1,59,189,0,0,0,0,0,0,0,0
126.318680,126.272942,119,254,179,255,25,0,63,189,0,0,0,0,0,0,0,0
126.813187,126.758911,119,255,178,255,25,0,62,189,0,0,0,0,0,0,0,0
127.362640,127.299240,118,254,177,255,25,0,66,190,0,0,0,0,0,0,0,0
127.857140,127.812111,118,254,177,255,25,1,66,190,128,0,0,0,0,0,0,0
128.351654,128.301102,118,253,177,255,25,0,66,189,128,0,0,0,0,0,0,0
128.901093,128.841644,118,255,177,255,26,1,66,189,128,0,0,0,0,0,0,0
129.395599,129.327911,119,254,177,255,25,1,63,189,128,0,0,0,0,0,0,0
129.890106,129.840637,119,254,176,255,25,0,66,190,0,0,0,0,0,0,0,0
130.439560,130.381332,119,254,176,255,25,1,63,190,0,0,0,0,0,0,0,0
130.934067,130.867813,119,255,176,255,25,0,64,188,0,0,0,0,0,0,0,0
131.428574,131.380676,118,254,176,255,25,0,63,189,0,0,0,0,0,0,0,0
131.978027,131.921585,119,254,176,255,25,0,64,190,128,0,0,0,0,0,0,0
132.472534,132.407440,119,253,176,255,25,0,64,189,128,0,0,0,0,0,0,0
133.021973,132.948792,118,254,175,255,26,1,62,189,128,0,0,0,0,0,0,0
133.516479,133.461868,119,254,175,255,25,1,59,189,128,0,0,0,0,0,0,0
134.010986,133.946304,119,254,175,255,25,1,60,188,0,0,0,0,0,0,0,0
134.560440,134.487671,118,254,173,255,25,0,63,189,0,0,0,0,0,0,0,0
135.054947,135.001099,119,254,173,255,25,1,63,189,0,0,0,0,0,0,0,0
135.549454,135.486710,118,254,173,255,25,1,66,190,0,0,0,0,0,0,0,0
136.098907,136.027252,119,254,173,255,25,1,64,190,0,0,0,0,0,0,0,0
136.593399,136.539459,119,254,173,255,25,0,66,190,128,0,0,0,0,0,0,0
137.087906,137.025833,118,255,173,255,26,0,64,190,128,0,0,0,0,0,0,0
137.637360,137.566483,119,254,172,255,25,1,65,190,128,0,0,0,0,0,0,0
138.131866,138.078537,119,253,172,255,26,0,63,189,128,0,0,0,0,0,0,0
138.626373,138.564865,119,254,172,255,25,0,63,189,0,0,0,0,0,0,0,0
139.175827,139.105453,118,255,172,255,25,1,64,189,0,0,0,0,0,0,0,0
139.670334,139.618729,118,254,172,255,25,0,62,189,0,0,0,0,0,0,0,0
140.164841,140.104858,118,254,172,255,25,1,64,189,0,0,0,0,0,0,0,0
140.714279,140.645081,118,255,171,255,25,1,64,190,128,0,0,0,0,0,0,0
141.208786,141.158615,119,254,171,255,26,0,64,189,128,0,0,0,0,0,0,0
141.703293,141.644440,118,254,171,255,26,1,64,189,128,0,0,0,0,0,0,0
142.252747,142.184616,119,254,169,255,25,1,65,189,128,0,0,0,0,0,0,0
142.747253,142.697586,119,254,169,255,26,1,62,189,128,0,0,0,0,0,0,0
143.241760,143.183151,119,255,170,255,25,0,66,188,0,0,0,0,0,0,0,0
143.791214,143.724152,118,254,169,255,25,1,63,189,0,0,0,0,0,0,0,0
144.285721,144.209549,118,254,169,255,25,1,66,190,0,0,0,0,0,0,0,0
144.780212,144.721664,119,254,169,255,24,1,63,189,0,0,0,0,0,0,0,0
145.329666,145.262405,119,254,169,255,26,0,64,188,128,0,0,0,0,0,0,0
145.824173,145.749039,118,255,169,255,25,0,63,189,128,0,0,0,0,0,0,0
146.318680,146.262161,118,255,168,255,25,0,64,188,128,0,0,0,0,0,0,0
146.868134,146.801575,119,254,167,255,25,0,63,189,128,0,0,0,0,0,0,0
147.362640,147.287704,119,255,167,255,25,1,67,190,0,0,0,0,0,0,0,0
147.857147,147.801437,118,254,167,255,25,0,64,190,0,0,0,0,0,0,0,0
148.406601,148.341995,117,255,167,255,25,0,66,189,0,0,0,0,0,0,0,0
148.901093,148.827545,118,254,166,255,25,0,65,189,0,0,0,0,0,0,0,0
149.395599,149.339951,119,255,167,255,25,1,66,189,0,0,0,0,0,0,0,0
149.945053,149.881149,118,254,165,255,25,1,63,189,128,0,0,0,0,0,0,0
150.439560,150.367325,117,254,166,255,25,1,64,188,128,0,0,0,0,0,0,0
150.934067,150.880402,119,255,165,255,25,0,63,189,128,0,0,0,0,0,0,0
151.483521,151.420486,119,255,165,255,26,0,65,189,128,0,0,0,0,0,0,0
151.978027,151.906296,119,254,165,255,25,1,64,189,0,0,0,0,0,0,0,0
152.527466,152.447205,119,254,164,255,25,0,64,190,0,0,0,0,0,0,0,0
153.021973,152.959656,117,254,165,255,25,1,63,189,0,0,0,0,0,0,0,0
153.516479,153.444611,117,255,164,255,25,0,63,189,0,0,0,0,0,0,0,0
154.065933,153.985504,118,254,163,255,25,0,63,189,128,0,0,0,0,0,0,0
154.560440,154.498428,117,255,164,255,26,0,63,189,128,0,0,0,0,0,0,0
155.054947,154.983932,118,253,163,255,25,0,62,189,128,0,0,0,0,0,0,0
155.604401,155.524979,118,255,163,255,25,1,64,189,128,0,0,0,0,0,0,0
156.098907,156.037537,118,254,163,255,25,0,66,188,0,0,0,0,0,0,0,0
156.593399,156.523819,118,254,161,255,25,1,66,188,0,0,0,0,0,0,0,0
157.142853,157.065277,118,254,161,255,25,0,64,188,0,0,0,0,0,0,0,0
157.637360,157.577438,119,254,161,255,24,0,62,189,128,0,0,0,0,0,0,0
158.131866,158.063507,119,253,161,255,26,0,59,189,0,0,0,0,0,0,0,0
158.681320,158.604507,118,253,161,255,25,1,61,189,128,0,0,0,0,0,0,0
159.175827,159.117477,118,255,161,255,25,1,63,189,128,0,0,0,0,0,0,0
159.670334,159.603043,119,254,160,255,26,0,62,189,128,0,0,0,0,0,0,0
160.219788,160.143112,118,255,161,255,25,1,64,188,128,0,0,0,0,0,0,0
160.714279,160.657318,118,254,159,255,25,0,65,190,0,0,0,0,0,0,0,0
161.208786,161.143143,119,254,159,255,26,0,63,189,0,0,0,0,0,0,0,0
161.758240,161.683517,118,254,159,255,25,0,63,190,0,0,0,0,0,0,0,0
162.252747,162.195938,119,254,159,255,25,0,61,189,0,0,0,0,0,0,0,0
162.747253,162.681641,118,254,159,255,25,1,60,189,128,0,0,0,0,0,0,0
163.296707,163.222748,119,253,159,255,25,0,63,189,128,0,0,0,0,0,0,0
163.791214,163.708206,119,254,157,255,25,1,59,189,128,0,0,0,0,0,0,0
164.285721,164.220871,119,254,157,255,25,1,62,189,0,0,0,0,0,0,0,0
164.835159,164.761765,119,254,157,255,25,1,65,190,0,0,0,0,0,0,0,0
165.329666,165.246979,119,254,155,255,26,0,63,189,0,0,0,0,0,0,0,0
165.824173,165.760406,119,254,153,255,26,0,62,189,0,0,0,0,0,0,0,0
166.373627,166.300797,118,254,151,255,26,0,58,189,0,0,0,0,0,0,0,0
166.868134,166.786194,119,254,149,255,23,0,59,190,128,0,0,0,0,0,0,0
167.362640,167.299377,119,255,148,255,25,0,62,189,128,0,0,0,0,0,0,0
167.912094,167.840393,119,254,147,255,25,0,66,190,128,0,0,0,0,0,0,0
168.406601,168.325928,118,254,145,255,28,0,63,189,128,0,0,0,0,0,0,0
168.901093,168.838242,118,254,143,255,25,0,60,189,0,0,0,0,0,0,0,0
169.450546,169.379501,119,255,140,255,25,0,62,189,0,0,0,0,0,0,0,0
169.945053,169.865921,119,254,140,255,26,0,63,189,0,0,0,0,0,0,0,0
170.439560,170.378433,119,255,137,255,25,1,66,190,0,0,0,0,0,0,0,0
170.989014,170.919128,118,254,137,255,25,0,66,189,0,0,0,0,0,0,0,0
171.483521,171.404892,119,254,135,255,25,0,61,189,128,0,0,0,0,0,0,0
172.032974,171.946365,118,254,134,255,25,0,60,189,128,0,0,0,0,0,0,0
172.527466,172.459579,118,254,132,255,25,0,68,188,128,0,0,0,0,0,0,0
173.021973,172.945358,119,255,129,255,25,1,59,189,128,0,0,0,0,0,0,0
173.571426,173.486038,119,254,129,255,25,0,59,189,0,0,0,0,0,0,0,0
174.065933,173.999680,119,254,127,255,25,0,61,189,0,0,0,0,0,0,0,0
174.560440,174.485199,119,255,125,255,25,1,67,190,0,0,0,0,0,0,0,0
175.109894,175.026505,118,255,124,255,25,0,62,189,0,0,0,0,0,0,0,0
175.604401,175.538864,119,254,123,255,25,1,63,189,128,0,0,0,0,0,0,0
176.098907,176.024979,118,255,122,255,25,1,67,189,128,0,0,0,0,0,0,0
176.648346,176.565414,119,254,120,255,25,0,68,188,128,0,0,0,0,0,0,0
177.142853,177.079620,119,254,118,255,25,0,63,189,128,0,0,0,0,0,0,0
177.637360,177.564407,119,254,117,255,25,1,62,189,0,0,0,0,0,0,0,0
178.186813,178.105255,118,253,116,255,25,1,63,189,0,0,0,0,0,0,0,0
178.681320,178.618118,119,255,115,255,25,1,62,189,0,0,0,0,0,0,0,0
179.175827,179.103424,119,254,112,255,25,0,72,190,0,0,0,0,0,0,0,0
179.725281,179.644028,119,254,112,255,26,0,66,190,128,0,0,0,0,0,0,0
180.219788,180.130096,118,254,111,255,26,1,65,189,128,0,0,0,0,0,0,0
180.714279,180.643784,118,254,109,255,25,1,67,190,128,0,0,0,0,0,0,0
181.263733,181.184158,119,254,107,255,26,0,68,190,128,0,0,0,0,0,0,0
181.758240,181.670197,119,254,105,255,26,1,67,189,128,0,0,0,0,0,0,0
182.252747,182.182800,118,254,104,255,25,1,68,188,0,0,0,0,0,0,0,0
182.802200,182.723907,119,254,103,255,25,0,66,190,0,0,0,0,0,0,0,0
183.296707,183.209625,118,254,101,255,25,1,64,190,0,0,0,0,0,0,0,0
183.791214,183.723007,119,255,101,255,25,1,67,187,0,0,0,0,0,0,0,0
184.340652,184.262894,119,254,100,255,25,0,57,189,128,0,0,0,0,0,0,0
184.835159,184.748795,119,254,97,255,26,0,62,189,128,0,0,0,0,0,0,0
185.329666,185.261154,119,255,97,255,25,1,59,189,128,0,0,0,0,0,0,0
185.879120,185.802414,119,255,95,255,25,0,60,189,128,0,0,0,0,0,0,0
186.373627,186.288025,119,254,94,255,25,1,62,189,0,0,0,0,0,0,0,0
186.868134,186.801407,119,254,92,255,25,0,68,190,0,0,0,0,0,0,0,0
187.417587,187.342194,119,254,92,255,25,0,59,189,0,0,0,0,0,0,0,0
187.912094,187.827713,119,254,89,255,25,0,70,189,0,0,0,0,0,0,0,0
188.461533,188.368805,119,254,89,255,26,0,60,189,0,0,0,0,0,0,0,0
188.956039,188.881943,118,255,88,255,25,1,66,189,128,0,0,0,0,0,0,0
189.450546,189.367081,118,255,87,255,26,0,63,189,128,0,0,0,0,0,0,0
190.000000,189.908234,119,254,87,255,26,1,63,189,128,0,0,0,0,0,0,0
190.494507,190.421005,118,254,85,255,25,0,65,189,128,0,0,0,0,0,0,0
190.989014,190.906982,119,254,83,255,25,1,62,189,0,0,0,0,0,0,0,0
191.538467,191.447418,119,254,84,255,25,0,64,189,0,0,0,0,0,0,0,0
192.032974,191.960632,119,255,81,255,25,1,64,189,0,0,0,0,0,0,0,0
192.527466,192.445847,119,253,81,255,26,0,60,189,0,0,0,0,0,0,0,0
193.076920,192.987000,119,254,81,255,25,0,67,189,128,0,0,0,0,0,0,0
193.571426,193.499924,118,254,79,255,25,0,60,189,128,0,0,0,0,0,0,0
194.065933,193.986038,119,255,77,255,25,1,62,189,128,0,0,0,0,0,0,0
194.615387,194.526123,118,254,77,255,25,0,59,189,128,0,0,0,0,0,0,0
195.109894,195.040176,119,253,77,255,25,1,70,189,0,0,0,0,0,0,0,0
195.604401,195.525879,119,254,77,255,25,0,63,189,0,0,0,0,0,0,0,0
196.153839,196.066315,119,255,76,255,25,0,64,189,0,0,0,0,0,0,0,0
196.648346,196.552765,119,255,75,255,25,0,67,189,0,0,0,0,0,0,0,0
197.142853,197.065262,119,255,75,255,25,0,67,188,0,0,0,0,0,0,0,0
197.692307,197.605637,119,255,75,255,25,1,60,189,128,0,0,0,0,0,0,0
198.186813,198.091263,119,254,73,255,25,1,63,189,128,0,0,0,0,0,0,0
198.681320,198.604385,119,254,72,255,25,1,68,189,128,0,0,0,0,0,0,0
199.230774,199.144363,118,253,71,255,25,0,58,189,128,0,0,0,0,0,0,0
199.725281,199.630188,119,254,71,255,25,1,64,190,0,0,0,0,0,0,0,0
200.219788,200.142990,119,255,69,255,25,0,70,190,0,0,0,0,0,0,0,0
200.769226,200.683121,119,254,69,255,25,1,62,189,0,0,0,0,0,0,0,0
201.263733,201.168167,119,255,68,255,25,0,64,189,0,0,0,0,0,0,0,0
201.758240,201.681305,119,254,66,255,25,1,63,189,128,0,0,0,0,0,0,0
202.307693,202.222092,119,254,65,255,25,0,64,190,128,0,0,0,0,0,0,0
202.802200,202.707291,118,253,65,255,25,0,60,189,128,0,0,0,0,0,0,0
203.296707,203.220276,118,255,63,255,25,1,59,189,0,0,0,0,0,0,0,0
203.846161,203.761246,119,253,63,255,25,0,58,188,0,0,0,0,0,0,0,0
204.340652,204.247086,119,253,63,255,25,1,56,189,0,0,0,0,0,0,0,0
204.835159,204.760269,118,254,61,255,25,0,66,189,0,0,0,0,0,0,0,0
205.384613,205.301666,118,253,61,255,25,0,51,189,0,0,0,0,0,0,0,0
205.879120,205.786926,119,254,60,255,25,1,59,189,128,0,0,0,0,0,0,0
206.373627,206.300156,119,253,59,255,25,1,64,189,128,0,0,0,0,0,0,0
206.923080,206.840958,119,254,59,255,25,0,63,189,128,0,0,0,0,0,0,0
207.417587,207.326508,119,254,59,255,25,0,63,189,128,0,0,0,0,0,0,0
207.967026,207.811844,118,254,58,255,25,0,70,188,128,0,0,0,0,0,0,0
208.461533,208.380173,119,253,57,255,25,0,63,189,0,0,0,0,0,0,0,0
208.956039,208.865372,119,253,57,255,25,1,59,187,0,0,0,0,0,0,0,0
209.505493,209.406281,119,253,57,255,25,1,59,189,0,0,0,0,0,0,0,0
210.000000,209.919189,118,253,57,255,23,0,62,189,0,0,0,0,0,0,0,0
210.494507,210.404907,118,253,55,255,26,0,66,186,128,0,0,0,0,0,0,0
211.043961,210.945343,119,253,56,255,25,0,63,187,128,0,0,0,0,0,0,0
211.538467,211.458221,119,254,55,255,25,0,58,189,128,0,0,0,0,0,0,0
212.032974,211.943726,119,253,55,255,25,0,62,189,128,0,0,0,0,0,0,0
212.582413,212.484055,119,253,55,255,25,0,60,189,0,0,0,0,0,0,0,0
213.076920,212.997391,118,253,55,255,25,0,62,188,0,0,0,0,0,0,0,0
213.571426,213.482697,119,254,53,255,25,1,59,187,0,0,0,0,0,0,0,0
214.120880,214.023483,118,254,53,255,26,1,58,187,0,0,0,0,0,0,0,0
214.615387,214.536713,118,254,55,255,25,1,63,187,128,0,0,0,0,0,0,0
215.109894,215.022797,119,253,53,255,25,0,66,188,128,0,0,0,0,0,0,0
215.659348,215.564056,118,253,55,255,26,0,65,188,128,0,0,0,0,0,0,0
216.153839,216.076965,119,255,55,255,25,0,64,186,128,0,0,0,0,0,0,0
216.648346,216.562622,119,254,53,255,25,0,59,189,0,0,0,0,0,0,0,0
217.197800,217.103790,119,254,53,255,25,1,62,185,0,0,0,0,0,0,0,0
217.692307,217.589859,119,254,53,255,25,0,64,187,0,0,0,0,0,0,0,0
218.186813,218.103394,119,253,54,255,25,0,57,188,0,0,0,0,0,0,0,0
218.736267,218.643616,119,254,53,255,25,0,60,186,128,0,0,0,0,0,0,0
219.230774,219.129745,119,253,55,255,25,0,63,188,128,0,0,0,0,0,0,0
219.725281,219.642929,119,254,53,255,23,1,62,186,128,0,0,0,0,0,0,0
220.274719,220.183716,119,253,53,255,26,1,62,185,128,0,0,0,0,0,0,0
220.769226,220.669434,119,254,53,255,25,0,70,187,128,0,0,0,0,0,0,0
221.263733,221.182205,117,253,54,255,26,0,68,187,0,0,0,0,0,0,0,0
221.813187,221.722595,119,253,53,255,23,1,61,185,0,0,0,0,0,0,0,0
222.307693,222.208817,117,253,53,255,25,1,66,188,0,0,0,0,0,0,0,0
222.802200,222.721527,119,254,55,255,26,0,69,186,128,0,0,0,0,0,0,0
223.351654,223.262878,118,254,53,255,22,0,64,186,128,0,0,0,0,0,0,0
223.846161,223.748444,119,254,55,255,25,1,66,188,128,0,0,0,0,0,0,0
224.340652,224.261475,119,253,55,255,25,0,60,189,128,0,0,0,0,0,0,0
224.890106,224.801804,119,254,55,255,25,0,64,188,128,0,0,0,0,0,0,0
225.384613,225.287415,117,253,55,255,25,0,68,186,0,0,0,0,0,0,0,0
225.934067,225.828140,119,253,54,255,25,0,62,189,0,0,0,0,0,0,0,0
226.428574,226.341080,119,253,55,255,25,0,68,188,0,0,0,0,0,0,0,0
226.923080,226.826645,119,254,55,255,25,0,64,188,0,0,0,0,0,0,0,0
227.472534,227.366928,119,254,55,255,26,1,64,186,128,0,0,0,0,0,0,0
227.967026,227.880768,119,254,56,255,28,1,70,189,128,0,0,0,0,0,0,0
228.461533,228.366638,119,254,55,255,25,1,70,186,128,0,0,0,0,0,0,0
229.010986,228.907425,119,253,55,255,25,0,66,188,128,0,0,0,0,0,0,0
229.505493,229.420212,119,255,55,255,25,0,60,189,128,0,0,0,0,0,0,0
230.000000,229.906082,119,254,55,255,25,1,61,189,0,0,0,0,0,0,0,0
230.549454,230.446915,119,254,55,255,25,0,58,188,0,0,0,0,0,0,0,0
231.043961,230.960709,119,255,55,255,25,0,52,188,0,0,0,0,0,0,0,0
231.538467,231.446014,119,255,55,255,25,0,58,189,0,0,0,0,0,0,0,0
232.087906,231.987106,119,255,57,255,25,0,59,189,128,0,0,0,0,0,0,0
232.582413,232.500244,119,253,57,255,26,1,70,189,128,0,0,0,0,0,0,0
233.076920,232.985947,119,253,57,255,25,0,66,189,128,0,0,0,0,0,0,0
233.626373,233.525726,118,253,59,255,25,0,63,189,0,0,0,0,0,0,0,0
234.120880,234.011948,119,254,59,255,25,1,62,189,0,0,0,0,0,0,0,0
234.615387,234.524612,119,255,59,255,25,1,62,188,0,0,0,0,0,0,0,0
235.164841,235.065567,117,254,59,255,25,0,57,189,0,0,0,0,0,0,0,0
235.659348,235.551025,119,254,59,255,25,1,59,189,128,0,0,0,0,0,0,0
236.153839,236.065063,119,255,60,255,26,0,66,188,128,0,0,0,0,0,0,0
236.703293,236.604935,119,255,60,255,25,0,63,190,128,0,0,0,0,0,0,0
237.197800,237.090652,118,254,61,255,25,1,59,189,128,0,0,0,0,0,0,0
237.692307,237.604553,119,254,61,255,25,0,63,189,128,0,0,0,0,0,0,0
238.241760,238.144577,119,254,61,255,24,1,64,190,0,0,0,0,0,0,0,0
238.736267,238.630905,119,254,61,255,25,0,72,189,0,0,0,0,0,0,0,0
239.230774,239.144028,119,255,62,255,27,0,59,189,0,0,0,0,0,0,0,0
239.780212,239.684875,118,255,62,255,25,0,58,189,0,0,0,0,0,0,0,0
240.274719,240.170334,119,254,63,255,25,0,64,188,128,0,0,0,0,0,0,0
240.769226,240.683411,119,254,63,255,25,1,66,190,128,0,0,0,0,0,0,0
241.318680,241.223648,119,254,63,255,26,1,63,189,128,0,0,0,0,0,0,0
241.813187,241.709915,118,255,65,255,26,1,62,188,128,0,0,0,0,0,0,0
242.362640,242.251175,118,255,64,255,27,1,64,189,128,0,0,0,0,0,0,0
242.857147,242.763733,119,254,65,255,26,0,62,189,0,0,0,0,0,0,0,0
243.351654,243.249146,119,255,65,255,26,0,63,187,0,0,0,0,0,0,0,0
243.901093,243.790039,119,255,65,255,25,1,64,188,0,0,0,0,0,0,0,0
244.395599,244.303268,119,255,67,255,25,1,67,188,0,0,0,0,0,0,0,0
244.890106,244.788834,119,254,66,255,25,0,66,186,128,0,0,0,0,0,0,0
245.439560,245.329315,119,255,66,255,25,0,66,188,128,0,0,0,0,0,0,0
245.934067,245.842957,119,255,65,255,25,1,63,187,128,0,0,0,0,0,0,0
246.428574,246.329086,119,255,68,255,26,0,65,185,128,0,0,0,0,0,0,0
246.978027,246.869156,119,255,65,255,26,1,60,189,0,0,0,0,0,0,0,0
247.472534,247.381973,118,255,66,255,26,0,66,188,0,0,0,0,0,0,0,0
247.967026,247.868149,119,255,67,255,25,1,66,189,0,0,0,0,0,0,0,0
248.516479,248.411407,119,255,67,255,25,0,66,189,0,0,0,0,0,0,0,0
249.010986,248.896530,119,255,67,255,25,1,61,189,128,0,0,0,0,0,0,0
249.505493,249.409317,119,255,67,255,25,0,63,189,128,0,0,0,0,0,0,0
250.054947,249.950012,119,255,67,255,25,0,63,189,128,0,0,0,0,0,0,0
250.549454,250.436340,119,255,67,255,25,1,63,189,128,0,0,0,0,0,0,0
251.043961,250.949570,119,255,68,255,26,0,59,189,128,0,0,0,0,0,0,0
251.593399,251.490570,119,255,68,255,26,0,62,189,0,0,0,0,0,0,0,0
252.087906,251.976440,119,255,68,255,26,1,66,188,0,0,0,0,0,0,0,0
252.582413,252.489975,119,255,67,255,27,1,64,189,0,0,0,0,0,0,0,0
253.131866,253.031235,119,254,67,255,27,0,68,189,0,0,0,0,0,0,0,0
253.626373,253.516129,119,255,68,255,26,1,64,189,128,0,0,0,0,0,0,0
254.120880,254.029449,119,255,68,255,25,1,62,189,128,0,0,0,0,0,0,0
254.670334,254.570297,119,254,68,255,25,0,66,188,128,0,0,0,0,0,0,0
255.164841,255.056213,119,255,68,255,25,0,58,189,128,0,0,0,0,0,0,0
255.659348,255.568481,119,255,68,255,25,0,59,188,0,0,0,0,0,0,0,0
256.208801,256.109375,119,255,67,255,26,1,64,189,0,0,0,0,0,0,0,0
256.703308,256.595337,119,255,67,255,27,1,63,189,0,0,0,0,0,0,0,0
257.252747,257.136292,119,254,69,255,25,0,66,189,0,0,0,0,0,0,0,0
257.747253,257.648956,119,255,67,255,26,1,63,190,0,0,0,0,0,0,0,0
258.241760,258.135040,119,255,69,255,25,1,69,188,128,0,0,0,0,0,0,0
258.791199,258.676392,119,255,67,255,25,1,64,190,128,0,0,0,0,0,0,0
259.285706,259.189667,118,255,68,255,26,1,62,188,128,0,0,0,0,0,0,0
259.780212,259.674316,119,255,68,255,26,0,65,187,0,0,0,0,0,0,0,0
260.329681,260.214844,119,255,68,255,25,1,68,189,0,0,0,0,0,0,0,0
260.824188,260.728241,119,255,69,255,27,0,66,188,0,0,0,0,0,0,0,0
261.318695,261.214203,119,255,67,255,25,1,64,189,0,0,0,0,0,0,0,0
261.868134,261.754272,119,255,68,255,28,1,66,189,0,0,0,0,0,0,0,0
262.362640,262.267548,119,255,67,255,26,1,63,188,128,0,0,0,0,0,0,0
262.857147,262.753265,119,255,68,255,25,1,64,189,128,0,0,0,0,0,0,0
263.406586,263.294830,119,255,66,255,26,1,64,189,128,0,0,0,0,0,0,0
263.901093,263.807129,119,255,67,255,26,1,63,188,0,0,0,0,0,0,0,0
264.395599,264.292023,119,255,67,255,26,0,56,189,0,0,0,0,0,0,0,0
264.945068,264.833130,119,255,67,255,26,1,64,189,0,0,0,0,0,0,0,0
265.439575,265.319061,119,255,67,255,25,1,64,187,0,0,0,0,0,0,0,0
265.934052,265.831512,119,255,67,255,27,0,67,187,0,0,0,0,0,0,0,0
266.483521,266.371857,119,255,67,255,25,0,63,189,128,0,0,0,0,0,0,0
266.978027,266.857880,119,255,66,255,25,1,63,189,128,0,0,0,0,0,0,0
267.472534,267.371033,119,255,67,255,26,1,65,190,128,0,0,0,0,0,0,0
268.021973,267.911987,119,255,67,255,26,1,69,189,128,0,0,0,0,0,0,0
268.516479,268.397644,119,255,67,255,26,0,67,190,128,0,0,0,0,0,0,0
269.010986,268.910889,119,255,65,255,26,0,70,189,0,0,0,0,0,0,0,0
269.560425,269.451385,119,255,65,255,25,1,72,190,0,0,0,0,0,0,0,0
270.054932,269.936737,119,255,66,255,26,1,64,189,0,0,0,0,0,0,0,0
270.549438,270.449860,119,255,65,255,25,0,64,190,128,0,0,0,0,0,0,0
271.098907,270.991180,119,255,64,255,27,0,66,190,128,0,0,0,0,0,0,0
271.593414,271.477295,119,255,63,255,27,1,67,189,128,0,0,0,0,0,0,0
272.087921,271.989807,119,255,64,255,26,1,60,189,128,0,0,0,0,0,0,0
272.637360,272.530090,119,255,63,255,25,1,57,189,128,0,0,0,0,0,0,0
273.131866,273.015747,119,255,63,255,25,1,59,190,0,0,0,0,0,0,0,0
273.626373,273.529083,119,255,63,255,26,0,64,190,0,0,0,0,0,0,0,0
274.175812,274.070129,119,255,63,255,26,0,60,189,0,0,0,0,0,0,0,0
274.670319,274.555176,119,255,63,255,25,0,59,189,128,0,0,0,0,0,0,0
275.164825,275.067932,119,255,62,255,25,0,64,190,128,0,0,0,0,0,0,0
275.714294,275.609100,119,255,64,255,25,0,72,189,128,0,0,0,0,0,0,0
276.208801,276.094910,119,255,62,255,26,0,70,190,128,0,0,0,0,0,0,0
276.758240,276.636108,119,255,62,255,26,1,67,189,128,0,0,0,0,0,0,0
277.252747,277.148163,119,254,63,255,26,1,68,188,0,0,0,0,0,0,0,0
277.747253,277.634399,119,255,62,255,23,0,61,189,0,0,0,0,0,0,0,0
278.296692,278.174896,119,255,62,255,26,0,72,189,0,0,0,0,0,0,0,0
278.791199,278.688690,119,255,61,255,26,1,72,190,0,0,0,0,0,0,0,0
279.285706,279.173584,119,255,61,255,26,1,66,189,128,0,0,0,0,0,0,0
279.835175,279.713898,118,255,60,255,25,1,63,189,128,0,0,0,0,0,0,0
280.329681,280.227295,119,255,60,255,25,1,59,189,128,0,0,0,0,0,0,0
280.824188,280.713562,119,255,60,255,26,1,70,190,128,0,0,0,0,0,0,0
281.373627,281.253479,119,254,60,255,26,1,66,189,0,0,0,0,0,0,0,0
281.868134,281.767639,118,255,58,255,25,1,60,189,0,0,0,0,0,0,0,0
282.362640,282.253601,119,255,59,255,28,0,69,190,0,0,0,0,0,0,0,0
282.912079,282.793854,119,255,59,255,26,0,60,189,0,0,0,0,0,0,0,0
283.406586,283.306000,119,255,58,255,25,0,57,189,0,0,0,0,0,0,0,0
283.901093,283.792114,119,255,58,255,25,0,63,189,128,0,0,0,0,0,0,0
284.450562,284.333740,119,255,57,255,27,0,62,189,128,0,0,0,0,0,0,0
284.945068,284.820068,119,255,57,255,26,1,59,189,128,0,0,0,0,0,0,0
285.439575,285.332916,119,255,56,255,26,0,60,189,128,0,0,0,0,0,0,0
285.989014,285.872742,119,255,57,255,26,1,72,190,0,0,0,0,0,0,0,0
286.483521,286.358765,119,255,57,255,25,0,63,189,0,0,0,0,0,0,0,0
286.978027,286.872253,119,255,56,255,26,1,63,189,0,0,0,0,0,0,0,0
287.527466,287.411865,119,255,57,255,26,0,66,188,0,0,0,0,0,0,0,0
288.021973,287.898041,119,255,55,255,26,0,64,189,128,0,0,0,0,0,0,0
288.516479,288.411743,119,255,55,255,26,0,63,189,128,0,0,0,0,0,0,0
289.065948,288.952240,119,255,55,255,25,1,62,189,128,0,0,0,0,0,0,0
289.560425,289.438080,119,255,55,255,26,1,66,190,128,0,0,0,0,0,0,0
290.054932,289.950134,119,255,55,255,26,1,60,190,128,0,0,0,0,0,0,0
290.604401,290.490936,119,255,53,255,25,0,67,190,0,0,0,0,0,0,0,0
291.098907,290.977325,119,255,53,255,25,1,59,188,0,0,0,0,0,0,0,0
291.593414,291.489594,119,255,52,255,26,1,59,189,0,0,0,0,0,0,0,0
292.142853,292.030823,119,255,53,255,26,0,59,189,0,0,0,0,0,0,0,0
292.637360,292.516144,119,255,51,255,26,0,58,189,128,0,0,0,0,0,0,0
293.186798,293.057251,119,255,51,255,26,0,62,189,128,0,0,0,0,0,0,0
293.681305,293.570374,119,255,52,255,26,1,63,190,128,0,0,0,0,0,0,0
294.175812,294.055786,119,255,52,255,26,1,72,190,128,0,0,0,0,0,0,0
294.725281,294.596375,119,255,51,255,26,1,65,190,0,0,0,0,0,0,0,0
295.219788,295.109528,118,255,51,255,26,1,67,189,0,0,0,0,0,0,0,0
295.714294,295.595551,119,255,49,255,27,0,70,190,0,0,0,0,0,0,0,0
296.263733,296.135651,118,255,49,255,25,0,67,188,0,0,0,0,0,0,0,0
296.758240,296.648773,119,255,49,255,25,0,66,190,0,0,0,0,0,0,0,0
297.252747,297.135010,119,255,49,255,25,0,55,189,128,0,0,0,0,0,0,0
297.802185,297.676208,119,255,49,255,26,0,60,190,128,0,0,0,0,0,0,0
298.296692,298.188202,118,255,49,255,26,0,67,189,0,0,0,0,0,0,0,0
298.791199,298.673706,119,255,49,255,25,1,67,189,0,0,0,0,0,0,0,0
299.340668,299.214508,119,255,48,255,25,0,64,189,0,0,0,0,0,0,0,0
299.835175,299.728302,119,255,48,255,26,1,68,189,0,0,0,0,0,0,0,0
300.329681,300.214569,119,255,48,255,25,0,67,190,0,0,0,0,0,0,0,0
300.879120,300.754089,119,255,48,255,25,1,60,189,0,0,0,0,0,0,0,0
301.373627,301.267273,119,255,47,255,25,0,68,190,128,0,0,0,0,0,0,0
301.868134,301.752808,119,255,46,255,26,1,66,189,128,0,0,0,0,0,0,0
302.417572,302.294495,119,255,47,255,25,0,57,189,128,0,0,0,0,0,0,0
302.912079,302.780060,119,255,45,255,25,1,66,189,128,0,0,0,0,0,0,0
303.406586,303.292572,119,255,47,255,25,1,62,189,0,0,0,0,0,0,0,0
303.956055,303.833862,119,255,45,255,25,1,55,189,0,0,0,0,0,0,0,0
304.450562,304.319977,119,255,44,255,28,1,66,189,0,0,0,0,0,0,0,0
304.945068,304.832458,119,255,44,255,27,0,61,190,0,0,0,0,0,0,0,0
305.494507,305.373383,119,255,45,255,25,1,56,189,0,0,0,0,0,0,0,0
305.989014,305.859222,119,254,44,255,25,1,55,189,128,0,0,0,0,0,0,0
306.483521,306.372803,119,255,44,255,25,1,64,188,128,0,0,0,0,0,0,0
307.032959,306.913177,119,255,44,255,26,0,64,190,128,0,0,0,0,0,0,0
307.527466,307.399414,119,255,44,255,25,1,65,190,128,0,0,0,0,0,0,0
308.021973,307.912842,119,255,44,255,25,1,68,189,0,0,0,0,0,0,0,0
308.571442,308.456360,119,255,44,255,25,1,66,190,0,0,0,0,0,0,0,0
309.065948,308.942322,119,255,43,255,26,0,67,188,0,0,0,0,0,0,0,0
309.615387,309.482300,119,255,44,255,28,0,62,189,0,0,0,0,0,0,0,0
310.109894,309.995728,119,255,44,255,25,1,71,188,128,0,0,0,0,0,0,0
310.604401,310.481201,119,255,43,255,25,0,70,188,128,0,0,0,0,0,0,0
311.153839,311.022919,119,255,43,255,27,0,63,189,128,0,0,0,0,0,0,0
311.648346,311.536804,119,254,42,255,25,0,70,189,128,0,0,0,0,0,0,0
312.142853,312.022156,119,255,42,255,25,0,67,189,0,0,0,0,0,0,0,0
312.692322,312.563416,119,255,41,255,26,1,66,189,0,0,0,0,0,0,0,0
313.186798,313.076385,119,255,40,255,26,1,64,190,0,0,0,0,0,0,0,0
313.681305,313.562622,119,255,38,255,26,1,64,190,0,0,0,0,0,0,0,0
314.230774,314.102539,119,255,39,255,25,1,56,189,128,0,0,0,0,0,0,0
314.725281,314.588287,119,255,38,255,26,1,60,189,128,0,0,0,0,0,0,0
315.219788,315.100983,119,255,37,255,26,0,62,190,128,0,0,0,0,0,0,0
315.769226,315.642059,119,255,37,255,25,1,58,189,128,0,0,0,0,0,0,0
316.263733,316.127563,119,255,37,255,27,0,64,189,0,0,0,0,0,0,0,0
316.758240,316.641174,119,255,36,255,25,0,64,189,0,0,0,0,0,0,0,0
317.307678,317.181488,119,255,37,255,26,1,64,190,0,0,0,0,0,0,0,0
317.802185,317.667633,119,255,37,255,25,1,66,189,0,0,0,0,0,0,0,0
318.296692,318.180847,119,255,36,255,25,0,67,190,0,0,0,0,0,0,0,0
318.846161,318.721252,119,255,36,255,25,0,64,189,128,0,0,0,0,0,0,0
319.340668,319.206543,119,255,37,255,25,1,72,189,128,0,0,0,0,0,0,0
319.835175,319.718964,119,255,36,255,26,1,68,189,0,0,0,0,0,0,0,0
320.384613,320.261292,119,255,36,255,26,0,68,190,128,0,0,0,0,0,0,0
320.879120,320.746643,119,255,36,255,25,1,67,189,0,0,0,0,0,0,0,0
321.373627,321.259705,119,255,35,255,26,0,64,190,0,0,0,0,0,0,0,0
321.923065,321.801208,119,255,34,255,25,1,66,189,0,0,0,0,0,0,0,0
322.417572,322.286285,119,255,33,255,25,0,59,189,0,0,0,0,0,0,0,0
322.967041,322.827271,118,255,31,255,26,1,65,189,128,0,0,0,0,0,0,0
323.461548,323.339722,119,255,33,255,25,1,57,189,128,0,0,0,0,0,0,0
323.956055,323.825714,119,255,33,255,26,0,63,189,128,0,0,0,0,0,0,0
324.505493,324.364716,119,255,33,255,28,1,65,188,128,0,0,0,0,0,0,0
325.000000,324.877319,119,254,32,255,25,1,67,190,0,0,0,0,0,0,0,0
325.494507,325.362152,119,255,31,253,27,0,66,190,0,0,0,0,0,0,0,0
326.043945,325.902100,119,255,32,255,26,1,70,189,0,0,0,0,0,0,0,0
326.538452,326.414185,119,255,32,255,26,1,74,190,0,0,0,0,0,0,0,0
327.032959,326.895660,119,255,31,254,26,0,69,188,128,0,0,0,0,0,0,0
327.527466,327.405457,119,255,31,255,25,1,68,190,128,0,0,0,0,0,0,0
328.076935,327.942200,119,255,31,250,26,0,66,189,128,0,0,0,0,0,0,0
328.571442,328.451599,118,255,29,246,27,1,63,189,128,0,0,0,0,0,0,0
329.065948,328.932556,118,255,29,240,27,1,66,188,128,0,0,0,0,0,0,0
329.560425,329.441345,119,255,29,241,25,0,64,189,0,0,0,0,0,0,0,0
330.109894,329.977509,119,255,28,236,27,0,63,189,0,0,0,0,0,0,0,0
330.604401,330.485992,119,255,29,231,25,1,59,189,0,0,0,0,0,0,0,0
331.098907,330.965820,119,253,28,230,26,1,62,189,128,0,0,0,0,0,0,0
331.593414,331.474243,118,251,28,216,26,1,60,189,128,0,0,0,0,0,0,0
332.142853,332.010223,119,249,27,222,27,0,62,189,128,0,0,0,0,0,0,0
332.637360,332.517975,119,247,26,219,26,1,64,189,128,0,0,0,0,0,0,0
333.131866,332.998810,119,245,26,217,26,1,59,189,128,0,0,0,0,0,0,0
333.626373,333.507202,119,241,27,214,26,1,67,189,0,0,0,0,0,0,0,0
334.175812,334.043182,119,239,26,215,27,0,63,189,0,0,0,0,0,0,0,0
334.670319,334.552216,119,239,26,210,26,0,69,189,0,0,0,0,0,0,0,0
335.164825,335.032379,119,236,25,208,26,1,67,189,128,0,0,0,0,0,0,0
335.714294,335.568665,119,229,23,191,27,1,69,189,128,0,0,0,0,0,0,0
336.208801,336.076843,119,221,25,199,26,1,61,189,128,0,0,0,0,0,0,0
336.703308,336.558929,119,219,23,190,27,0,65,189,128,0,0,0,0,0,0,0
337.197815,337.066772,118,214,23,187,28,0,64,190,0,0,0,0,0,0,0,0
337.747253,337.603058,119,210,22,182,25,1,68,190,0,0,0,0,0,0,0,0
338.241760,338.111389,119,207,23,180,26,0,64,190,0,0,0,0,0,0,0,0
338.736267,338.592651,119,200,21,171,26,0,67,189,0,0,0,0,0,0,0,0
339.230774,339.100403,119,195,22,168,26,1,64,189,0,0,0,0,0,0,0,0
339.780212,339.635834,119,189,19,159,26,1,62,190,128,0,0,0,0,0,0,0
340.274719,340.144531,118,185,20,160,26,1,63,189,128,0,0,0,0,0,0,0
340.769226,340.624420,119,187,19,161,26,0,65,189,0,0,0,0,0,0,0,0
341.263733,341.132843,119,178,17,150,26,1,64,189,0,0,0,0,0,0,0,0
341.813202,341.668610,119,171,18,146,27,1,63,189,0,0,0,0,0,0,0,0
342.307678,342.175964,119,169,17,147,27,1,63,189,128,0,0,0,0,0,0,0
342.802185,342.657288,119,165,15,136,25,1,60,189,0,0,0,0,0,0,0,0
343.296692,343.165649,120,160,17,137,43,0,57,190,128,0,0,0,0,0,0,0
343.846161,343.701843,119,157,15,126,53,1,48,189,128,0,0,0,0,0,0,0
344.340668,344.210510,119,158,15,134,53,0,54,190,128,0,0,0,0,0,0,0
344.835175,344.692322,119,159,16,136,53,1,62,189,128,0,0,0,0,0,0,0
345.329681,345.200500,119,161,17,144,52,1,70,189,0,0,0,0,0,0,0,0
345.879120,345.736328,119,168,17,151,52,1,69,190,0,0,0,0,0,0,0,0
346.373627,346.244690,119,173,18,151,53,1,73,189,0,0,0,0,0,0,0,0
346.868134,346.725067,119,173,18,145,52,1,72,190,0,0,0,0,0,0,0,0
347.362640,347.233093,119,174,18,152,53,0,69,189,128,0,0,0,0,0,0,0
347.912079,347.768768,119,173,18,152,52,0,67,190,128,0,0,0,0,0,0,0
348.406586,348.277435,119,171,18,148,53,1,65,190,128,0,0,0,0,0,0,0
348.901093,348.757935,119,168,17,140,53,1,65,190,128,0,0,0,0,0,0,0
349.395599,349.266724,119,168,19,147,53,1,67,189,0,0,0,0,0,0,0,0
349.945068,349.802399,119,167,17,137,53,1,65,190,0,0,0,0,0,0,0,0
350.439575,350.310333,119,166,16,144,53,1,65,190,0,0,0,0,0,0,0,0
350.934052,350.790436,119,164,16,136,54,1,66,190,128,0,0,0,0,0,0,0
351.428558,351.298126,119,160,15,136,53,1,70,190,128,0,0,0,0,0,0,0
351.978027,351.834167,119,159,16,139,52,1,69,189,128,0,0,0,0,0,0,0
352.472534,352.341827,118,157,15,126,53,1,66,190,128,0,0,0,0,0,0,0
352.967041,352.821960,119,153,17,128,58,1,58,190,128,0,0,0,0,0,0,0
353.461548,353.328217,119,151,15,129,49,0,63,189,0,0,0,0,0,0,0,0
354.010986,353.862000,119,149,15,127,53,1,64,189,0,0,0,0,0,0,0,0
354.505493,354.369232,119,149,14,123,51,0,66,190,0,0,0,0,0,0,0,0
355.000000,354.848053,118,145,15,120,74,0,48,188,0,0,0,0,0,0,0,0
355.494507,355.353546,118,145,15,124,74,1,56,189,128,0,0,0,0,0,0,0
355.989014,355.859344,119,143,14,120,63,0,66,187,128,0,0,0,0,0,0,0
356.538452,356.393799,116,149,16,127,60,0,71,187,128,0,0,0,0,0,0,0
357.032959,356.899597,117,149,14,123,37,0,83,189,0,0,0,0,0,0,0,0
357.527466,357.378021,118,147,14,115,73,0,52,191,0,0,0,0,0,0,0,0
358.021973,357.883362,119,141,15,119,105,1,31,189,0,0,0,0,0,0,0,0
358.516479,358.389771,118,143,15,121,63,1,68,188,0,0,0,0,0,0,0,0
359.065948,358.923462,119,149,16,126,46,1,79,190,128,0,0,0,0,0,0,0
359.560425,359.430634,118,149,15,124,45,0,78,188,128,0,0,0,0,0,0,0
360.054932,359.908875,119,148,15,128,71,0,59,189,128,0,0,0,0,0,0,0
360.549438,360.414429,118,149,15,127,58,1,71,189,128,0,0,0,0,0,0,0
361.098907,360.947510,116,145,15,117,63,1,66,187,0,0,0,0,0,0,0,0
361.593414,361.454742,120,143,14,116,90,0,46,190,0,0,0,0,0,0,0,0
362.087921,361.933502,119,143,14,119,60,1,59,189,0,0,0,0,0,0,0,0
362.582428,362.439880,119,144,14,119,47,0,76,190,0,0,0,0,0,0,0,0
363.076935,362.945160,119,145,15,126,65,1,61,189,128,0,0,0,0,0,0,0
363.626373,363.478912,119,144,14,116,58,0,72,190,128,0,0,0,0,0,0,0
364.120880,363.986023,118,142,15,116,91,1,40,189,128,0,0,0,0,0,0,0
364.615387,364.463562,119,143,14,120,73,0,60,189,0,0,0,0,0,0,0,0
365.109894,364.969879,118,143,14,120,58,1,69,188,0,0,0,0,0,0,0,0
365.659332,365.503296,119,144,14,123,71,1,58,189,0,0,0,0,0,0,0,0
366.153839,366.010193,115,144,15,125,69,1,59,188,0,0,0,0,0,0,0,0
366.648346,366.515991,119,145,16,128,56,1,70,192,0,0,0,0,0,0,0,0
367.142853,366.995056,119,149,14,126,52,1,79,189,128,0,0,0,0,0,0,0
367.637360,367.501007,119,147,15,123,60,1,74,190,128,0,0,0,0,0,0,0
368.186798,368.035065,119,144,15,120,80,1,52,189,128,0,0,0,0,0,0,0
368.681305,368.542450,119,144,14,122,70,0,56,189,128,0,0,0,0,0,0,0
369.175812,369.020630,118,144,15,121,62,1,68,188,0,0,0,0,0,0,0,0
369.670319,369.526489,119,144,15,122,77,0,59,189,0,0,0,0,0,0,0,0
370.164825,370.032562,118,146,15,124,52,0,76,190,0,0,0,0,0,0,0,0
370.714294,370.565338,117,147,15,127,64,0,64,189,0,0,0,0,0,0,0,0
371.208801,371.072510,119,148,14,121,56,0,71,189,128,0,0,0,0,0,0,0
371.703308,371.550140,120,143,15,120,84,2,51,188,128,0,0,0,0,0,0,0
372.197815,372.056061,117,142,13,115,65,1,56,188,128,0,0,0,0,0,0,0
372.747253,372.589172,118,144,14,126,53,0,70,188,0,0,0,0,0,0,0,0
373.241760,373.096893,119,148,15,128,41,1,72,191,0,0,0,0,0,0,0,0
373.736267,373.603241,119,150,15,123,60,1,74,191,0,0,0,0,0,0,0,0
374.230774,374.081879,119,147,14,118,63,1,58,189,0,0,0,0,0,0,0,0
374.725281,374.587738,118,147,15,122,62,1,54,188,128,0,0,0,0,0,0,0
375.274719,375.121338,119,148,15,123,52,0,72,190,128,0,0,0,0,0,0,0
375.769226,375.627960,119,145,16,127,77,0,39,189,128,0,0,0,0,0,0,0
376.263733,376.106140,116,149,15,126,54,1,62,189,0,0,0,0,0,0,0,0
376.758240,376.612152,119,145,14,120,53,0,57,185,0,0,0,0,0,0,0,0
377.252747,377.118591,120,148,15,128,65,0,54,188,0,0,0,0,0,0,0,0
377.802185,377.653229,119,151,16,129,26,0,92,190,0,0,0,0,0,0,0,0
378.296692,378.160156,119,151,15,121,38,1,74,190,0,0,0,0,0,0,0,0
378.791199,378.638611,118,149,16,127,78,0,31,189,128,0,0,0,0,0,0,0
379.285706,379.144684,119,151,15,123,21,0,72,189,128,0,0,0,0,0,0,0
379.835175,379.678345,119,150,15,123,50,1,70,189,128,0,0,0,0,0,0,0
380.329681,380.184387,118,150,16,125,57,0,58,189,128,0,0,0,0,0,0,0
380.824188,380.663635,118,149,15,123,44,0,62,189,0,0,0,0,0,0,0,0
381.318695,381.169708,119,149,15,129,50,1,60,189,0,0,0,0,0,0,0,0
381.813202,381.675751,118,151,16,128,54,1,62,189,0,0,0,0,0,0,0,0
382.362640,382.208832,119,153,15,131,54,1,60,189,128,0,0,0,0,0,0,0
382.857147,382.717651,118,155,15,131,53,1,58,189,128,0,0,0,0,0,0,0
383.351654,383.198395,118,159,17,137,56,0,59,189,128,0,0,0,0,0,0,0
383.846161,383.706879,118,162,17,142,53,0,62,189,128,0,0,0,0,0,0,0
384.395599,384.242004,119,170,17,147,53,1,64,189,128,0,0,0,0,0,0,0
384.890106,384.749939,118,174,18,147,54,0,66,189,0,0,0,0,0,0,0,0
385.384613,385.230652,118,175,18,155,53,0,66,188,0,0,0,0,0,0,0,0
385.879120,385.738708,119,183,21,162,55,0,66,189,0,0,0,0,0,0,0,0
386.428558,386.273834,119,183,19,160,53,1,66,190,0,0,0,0,0,0,0,0
386.923065,386.781555,119,186,21,161,56,1,66,189,128,0,0,0,0,0,0,0
387.417572,387.262634,118,189,19,155,55,1,64,189,128,0,0,0,0,0,0,0
387.912079,387.770538,119,191,20,172,53,1,68,190,128,0,0,0,0,0,0,0
388.461548,388.305634,119,195,22,175,56,1,60,189,0,0,0,0,0,0,0,0
388.956055,388.814056,118,197,21,176,53,1,65,188,0,0,0,0,0,0,0,0
389.450562,389.294464,119,196,22,176,55,1,60,189,0,0,0,0,0,0,0,0
389.945068,389.803131,119,200,21,177,56,1,61,189,0,0,0,0,0,0,0,0
390.494507,390.338409,118,202,22,180,54,1,63,189,128,0,0,0,0,0,0,0
390.989014,390.847321,119,203,23,182,53,0,66,189,128,0,0,0,0,0,0,0
391.483521,391.328064,119,206,23,186,53,0,63,189,128,0,0,0,0,0,0,0
391.978027,391.837006,119,206,22,183,53,1,64,189,128,0,0,0,0,0,0,0
392.527466,392.372681,119,209,22,185,54,1,65,189,0,0,0,0,0,0,0,0
393.021973,392.881165,119,211,22,188,56,1,66,189,0,0,0,0,0,0,0,0
393.516479,393.362366,119,214,24,190,55,0,67,189,0,0,0,0,0,0,0,0
394.010986,393.870514,118,215,25,197,55,1,66,189,0,0,0,0,0,0,0,0
394.560425,394.405548,119,216,24,192,53,1,67,189,0,0,0,0,0,0,0,0
395.054932,394.913940,119,222,26,205,55,1,60,189,128,0,0,0,0,0,0,0
395.549438,395.395203,119,223,24,200,53,1,66,189,128,0,0,0,0,0,0,0
396.043945,395.902618,118,225,25,201,54,1,63,189,128,0,0,0,0,0,0,0
396.593414,396.438385,119,227,25,206,54,1,63,189,0,0,0,0,0,0,0,0
397.087921,396.946899,118,233,27,216,55,0,63,189,0,0,0,0,0,0,0,0
397.582428,397.427490,118,235,26,211,53,1,66,189,0,0,0,0,0,0,0,0
398.076935,397.936066,118,237,26,212,53,1,67,189,0,0,0,0,0,0,0,0
398.626373,398.471405,119,237,27,216,54,1,59,189,128,0,0,0,0,0,0,0
399.120880,398.979858,118,239,26,216,54,1,63,189,128,0,0,0,0,0,0,0
399.615387,399.460510,119,241,29,224,53,1,60,189,128,0,0,0,0,0,0,0
400.164825,399.997284,118,247,29,225,56,1,63,189,128,0,0,0,0,0,0,0
400.659332,400.505096,119,247,27,228,54,0,63,189,0,0,0,0,0,0,0,0
401.153839,400.986694,119,253,29,235,54,1,66,189,0,0,0,0,0,0,0,0
401.648346,401.494904,119,254,29,231,53,0,68,190,0,0,0,0,0,0,0,0
402.197815,402.031769,119,253,27,217,54,1,60,189,0,0,0,0,0,0,0,0
402.692322,402.539154,119,254,29,238,53,1,64,190,128,0,0,0,0,0,0,0
403.186798,403.020569,118,255,30,238,53,1,62,189,128,0,0,0,0,0,0,0
403.681305,403.529144,119,255,29,235,55,1,65,189,128,0,0,0,0,0,0,0
404.230774,404.064209,118,254,31,246,53,1,66,189,128,0,0,0,0,0,0,0
404.725281,404.571899,119,255,31,249,55,0,59,189,0,0,0,0,0,0,0,0
405.219788,405.053772,119,255,31,245,54,1,63,189,0,0,0,0,0,0,0,0
405.714294,405.562744,119,255,31,245,53,1,61,189,0,0,0,0,0,0,0,0
406.263733,406.099091,119,255,31,255,53,0,63,189,0,0,0,0,0,0,0,0
406.758240,406.611145,119,254,33,255,53,1,70,190,128,0,0,0,0,0,0,0
407.252747,407.095581,119,254,31,255,54,1,63,190,128,0,0,0,0,0,0,0
407.802185,407.635468,119,254,32,255,54,1,59,189,128,0,0,0,0,0,0,0
408.296692,408.148468,119,255,33,255,54,0,60,189,128,0,0,0,0,0,0,0
408.791199,408.633698,119,254,33,255,53,0,65,190,0,0,0,0,0,0,0,0
409.340668,409.174683,119,255,33,255,54,0,65,190,0,0,0,0,0,0,0,0
409.835175,409.688629,119,255,34,255,53,1,63,189,0,0,0,0,0,0,0,0
410.329681,410.173370,119,255,34,255,55,1,63,189,0,0,0,0,0,0,0,0
410.879120,410.713715,119,255,36,255,55,1,63,189,128,0,0,0,0,0,0,0
411.373627,411.226715,119,255,34,255,54,1,66,189,128,0,0,0,0,0,0,0
411.868134,411.712952,119,255,35,255,55,1,60,189,128,0,0,0,0,0,0,0
412.417572,412.253235,119,255,37,255,52,0,68,189,128,0,0,0,0,0,0,0
412.912079,412.765594,119,254,37,255,54,1,66,190,128,0,0,0,0,0,0,0
413.406586,413.251831,119,255,37,255,53,1,63,189,0,0,0,0,0,0,0,0
413.956055,413.792664,119,255,37,255,52,0,67,190,0,0,0,0,0,0,0,0
414.450562,414.278748,119,255,38,255,54,0,66,189,0,0,0,0,0,0,0,0
414.945068,414.791870,119,255,39,255,55,1,68,190,0,0,0,0,0,0,0,0
415.494507,415.331482,119,255,39,255,53,1,68,190,128,0,0,0,0,0,0,0
415.989014,415.818176,119,255,39,255,53,1,68,190,128,0,0,0,0,0,0,0
416.483521,416.331512,119,255,39,255,55,1,66,190,128,0,0,0,0,0,0,0
417.032959,416.872314,119,255,39,255,53,1,69,189,128,0,0,0,0,0,0,0
417.527466,417.357483,119,255,38,255,54,1,59,189,0,0,0,0,0,0,0,0
418.021973,417.870300,119,255,39,255,53,1,66,190,0,0,0,0,0,0,0,0
418.571442,418.411682,119,255,39,255,53,0,62,189,0,0,0,0,0,0,0,0
419.065948,418.896301,119,255,41,255,54,1,57,189,128,0,0,0,0,0,0,0
419.560425,419.410217,119,255,41,255,55,1,59,189,128,0,0,0,0,0,0,0
420.109894,419.951508,119,255,41,255,53,0,65,189,128,0,0,0,0,0,0,0
420.604401,420.437531,119,255,40,255,53,0,63,189,128,0,0,0,0,0,0,0
421.153839,420.978394,119,255,41,255,53,1,62,189,128,0,0,0,0,0,0,0
421.648346,421.490845,118,255,39,255,56,0,62,189,0,0,0,0,0,0,0,0
422.142853,421.976807,119,255,39,255,54,0,65,189,0,0,0,0,0,0,0,0
422.692322,422.517853,119,255,41,255,53,0,63,189,0,0,0,0,0,0,0,0
423.186798,423.030518,119,255,39,255,54,1,66,189,0,0,0,0,0,0,0,0
423.681305,423.516235,119,255,39,255,53,1,62,189,0,0,0,0,0,0,0,0
424.230774,424.057129,119,255,41,255,55,0,65,189,128,0,0,0,0,0,0,0
424.725281,424.570679,119,255,41,255,55,1,61,189,128,0,0,0,0,0,0,0
425.219788,425.056458,118,255,40,255,53,1,62,189,128,0,0,0,0,0,0,0
425.769226,425.597839,118,255,41,255,52,1,67,189,128,0,0,0,0,0,0,0
426.263733,426.110321,119,255,39,255,53,1,68,190,0,0,0,0,0,0,0,0
426.758240,426.596130,119,255,41,255,56,0,63,189,0,0,0,0,0,0,0,0
427.307678,427.136780,119,255,39,255,53,0,61,189,0,0,0,0,0,0,0,0
427.802185,427.624695,119,254,41,255,55,1,63,189,0,0,0,0,0,0,0,0
428.296692,428.137360,119,255,41,255,53,1,62,189,128,0,0,0,0,0,0,0
428.846161,428.678101,118,255,42,255,53,1,58,189,128,0,0,0,0,0,0,0
429.340668,429.164063,119,255,41,255,53,1,72,189,128,0,0,0,0,0,0,0
429.835175,429.677856,119,255,41,255,53,0,68,190,128,0,0,0,0,0,0,0
430.384613,430.217926,119,255,42,255,54,1,72,190,0,0,0,0,0,0,0,0
430.879120,430.703857,119,255,40,255,54,0,60,189,0,0,0,0,0,0,0,0
431.373627,431.216888,118,255,41,255,55,1,55,189,0,0,0,0,0,0,0,0
431.923065,431.757202,118,255,40,255,54,1,66,189,128,0,0,0,0,0,0,0
432.417572,432.243286,119,255,41,255,53,1,61,190,0,0,0,0,0,0,0,0
432.912079,432.756622,119,255,40,255,53,1,59,189,128,0,0,0,0,0,0,0
433.461548,433.297546,119,255,41,255,52,1,63,189,128,0,0,0,0,0,0,0
433.956055,433.783234,119,255,39,255,53,1,67,189,128,0,0,0,0,0,0,0
434.450562,434.295746,118,255,41,255,53,1,66,189,128,0,0,0,0,0,0,0
435.000000,434.836884,119,255,41,255,52,1,66,189,0,0,0,0,0,0,0,0
435.494507,435.322205,119,255,41,255,53,1,63,189,0,0,0,0,0,0,0,0
436.043945,435.862732,119,255,39,255,52,0,66,190,0,0,0,0,0,0,0,0
436.538452,436.376007,119,255,40,255,55,0,70,189,0,0,0,0,0,0,0,0
437.032959,436.861786,119,255,39,255,53,1,70,189,128,0,0,0,0,0,0,0
437.582428,437.402618,118,255,39,255,56,0,62,189,128,0,0,0,0,0,0,0
438.076935,437.915863,118,255,40,255,55,1,64,189,128,0,0,0,0,0,0,0
438.571442,438.401764,118,255,40,255,54,1,68,189,128,0,0,0,0,0,0,0
439.120880,438.941864,118,255,39,255,55,0,62,189,128,0,0,0,0,0,0,0
439.615387,439.455170,118,255,39,255,55,1,63,189,0,0,0,0,0,0,0,0
440.109894,439.941437,119,255,39,255,53,0,72,189,0,0,0,0,0,0,0,0
440.659332,440.481445,118,255,40,255,53,0,59,189,0,0,0,0,0,0,0,0
441.153839,440.994751,119,255,40,255,52,0,63,189,0,0,0,0,0,0,0,0
441.648346,441.481140,118,255,38,255,56,1,59,189,128,0,0,0,0,0,0,0
442.197815,442.021210,119,255,39,255,52,1,65,189,128,0,0,0,0,0,0,0
442.692322,442.534760,119,255,41,255,52,0,68,189,128,0,0,0,0,0,0,0
443.186798,443.019806,119,255,40,255,52,1,66,190,0,0,0,0,0,0,0,0
443.736267,443.560486,119,255,41,255,53,1,64,189,0,0,0,0,0,0,0,0
444.230774,444.073303,119,255,41,255,54,1,61,190,0,0,0,0,0,0,0,0
444.725281,444.558929,119,255,40,255,53,1,63,189,0,0,0,0,0,0,0,0
445.274719,445.099731,118,255,41,255,54,1,68,189,0,0,0,0,0,0,0,0
445.769226,445.585480,119,255,41,255,53,1,62,189,128,0,0,0,0,0,0,0
446.263733,446.098938,118,254,41,255,52,1,64,189,128,0,0,0,0,0,0,0
446.813202,446.640289,119,255,41,255,55,1,66,189,128,0,0,0,0,0,0,0
447.307678,447.126709,119,255,40,255,53,0,63,189,128,0,0,0,0,0,0,0
447.802185,447.639526,119,255,40,255,53,1,58,189,0,0,0,0,0,0,0,0
448.351654,448.180176,119,255,39,255,53,0,64,189,0,0,0,0,0,0,0,0
448.846161,448.666046,118,255,41,255,54,1,59,189,0,0,0,0,0,0,0,0
449.340668,449.179688,119,255,41,255,53,0,63,189,0,0,0,0,0,0,0,0
449.890106,449.720215,118,255,41,255,54,1,59,189,128,0,0,0,0,0,0,0
450.384613,450.205688,119,255,40,255,55,0,63,189,128,0,0,0,0,0,0,0
450.879120,450.719147,118,254,41,255,56,1,61,189,128,0,0,0,0,0,0,0
451.428558,451.259644,118,255,41,255,54,1,74,189,128,0,0,0,0,0,0,0
451.923065,451.746063,118,255,41,255,54,1,67,189,128,0,0,0,0,0,0,0
452.472534,452.285797,119,255,41,255,55,0,63,189,0,0,0,0,0,0,0,0
452.967041,452.799194,118,255,42,255,54,0,63,189,0,0,0,0,0,0,0,0
453.461548,453.284546,118,255,41,255,52,1,62,189,128,0,0,0,0,0,0,0
454.010986,453.825134,119,255,41,255,54,0,59,188,128,0,0,0,0,0,0,0
454.505493,454.337891,119,255,41,255,53,1,66,189,128,0,0,0,0,0,0,0
455.000000,454.823456,119,255,42,255,52,1,71,189,128,0,0,0,0,0,0,0
455.549438,455.364502,119,255,43,255,56,1,58,189,128,0,0,0,0,0,0,0
456.043945,455.878296,119,254,41,255,54,0,71,189,128,0,0,0,0,0,0,0
456.538452,456.363739,119,255,41,255,53,0,66,189,0,0,0,0,0,0,0,0
457.087921,456.904602,118,255,43,255,54,1,65,189,0,0,0,0,0,0,0,0
457.582428,457.418091,118,255,42,255,53,1,64,189,0,0,0,0,0,0,0,0
458.076935,457.903809,119,255,43,255,55,1,65,189,0,0,0,0,0,0,0,0
458.626373,458.443939,119,255,43,255,53,0,70,189,0,0,0,0,0,0,0,0
459.120880,458.957062,118,255,41,255,54,0,63,189,128,0,0,0,0,0,0,0
459.615387,459.443420,119,254,42,255,54,1,66,189,128,0,0,0,0,0,0,0
460.164825,459.984222,118,255,42,255,54,1,64,189,128,0,0,0,0,0,0,0
460.659332,460.469543,119,255,42,255,53,0,70,190,128,0,0,0,0,0,0,0
461.153839,460.982361,119,255,42,255,54,1,63,189,0,0,0,0,0,0,0,0
461.703308,461.522491,119,255,41,255,54,0,63,189,0,0,0,0,0,0,0,0
462.197815,462.008514,119,255,41,255,53,0,65,189,0,0,0,0,0,0,0,0
462.692322,462.522400,119,255,41,255,53,1,64,190,0,0,0,0,0,0,0,0
463.241760,463.061920,119,254,41,255,53,0,59,189,128,0,0,0,0,0,0,0
463.736267,463.548187,118,255,41,255,55,1,64,189,128,0,0,0,0,0,0,0
464.230774,464.061523,119,255,41,255,53,1,65,188,128,0,0,0,0,0,0,0
464.780212,464.602905,118,255,41,255,53,1,64,189,128,0,0,0,0,0,0,0
465.274719,465.087921,119,255,41,255,53,1,62,189,128,0,0,0,0,0,0,0
465.769226,465.601471,119,255,41,255,53,0,68,189,0,0,0,0,0,0,0,0
466.318695,466.142609,119,255,40,255,53,1,66,188,0,0,0,0,0,0,0,0
466.813202,466.628754,118,255,41,255,53,0,64,188,0,0,0,0,0,0,0,0
467.307678,467.141205,119,255,40,255,54,0,65,190,0,0,0,0,0,0,0,0
467.857147,467.681335,119,255,39,255,53,0,70,189,128,0,0,0,0,0,0,0
468.351654,468.167236,118,255,38,255,53,1,63,189,128,0,0,0,0,0,0,0
468.901093,468.708252,118,255,38,255,54,1,64,188,128,0,0,0,0,0,0,0
469.395599,469.220154,119,254,38,255,55,1,65,189,0,0,0,0,0,0,0,0
469.890106,469.705444,119,255,38,255,53,1,66,189,0,0,0,0,0,0,0,0
470.439575,470.246857,119,255,37,255,53,1,71,190,0,0,0,0,0,0,0,0
470.934052,470.759460,119,255,37,255,53,1,63,189,0,0,0,0,0,0,0,0
471.428558,471.244781,119,255,35,255,54,0,67,189,0,0,0,0,0,0,0,0
471.978027,471.785461,118,255,36,255,54,0,63,189,128,0,0,0,0,0,0,0
472.472534,472.298492,118,255,36,255,53,0,63,189,128,0,0,0,0,0,0,0
472.967041,472.784912,119,255,35,255,53,1,62,189,128,0,0,0,0,0,0,0
473.516479,473.325165,118,255,34,255,54,1,58,189,128,0,0,0,0,0,0,0
474.010986,473.837311,119,255,32,255,53,1,65,189,0,0,0,0,0,0,0,0
474.505493,474.323242,119,255,32,255,53,0,62,189,0,0,0,0,0,0,0,0
475.054932,474.864014,118,254,32,255,54,1,66,189,0,0,0,0,0,0,0,0
475.549438,475.376587,119,255,32,255,53,1,64,189,0,0,0,0,0,0,0,0
476.043945,475.860962,119,254,33,255,54,1,69,188,0,0,0,0,0,0,0,0
476.593414,476.400940,118,255,32,255,54,1,66,189,128,0,0,0,0,0,0,0
477.087921,476.911163,118,254,31,248,54,0,70,188,128,0,0,0,0,0,0,0
477.582428,477.391846,118,255,29,243,53,1,66,188,0,0,0,0,0,0,0,0
478.076935,477.900848,118,255,30,244,54,1,66,189,0,0,0,0,0,0,0,0
478.626373,478.436249,118,254,29,237,54,0,59,189,0,0,0,0,0,0,0,0
479.120880,478.944580,118,255,28,225,53,1,62,189,0,0,0,0,0,0,0,0
479.615387,479.425415,118,251,28,226,53,1,60,189,0,0,0,0,0,0,0,0
480.109894,479.933319,118,244,26,218,54,0,66,188,128,0,0,0,0,0,0,0
480.659332,480.469147,119,239,26,212,54,1,69,189,128,0,0,0,0,0,0,0
481.153839,480.977478,118,233,25,204,54,1,58,189,128,0,0,0,0,0,0,0
481.648346,481.458130,118,231,24,201,54,1,61,189,128,0,0,0,0,0,0,0
482.142853,481.966278,118,223,24,195,54,1,63,189,0,0,0,0,0,0,0,0
482.692322,482.502533,119,221,23,197,55,0,67,190,0,0,0,0,0,0,0,0
483.186798,483.011108,118,216,22,187,54,0,71,189,0,0,0,0,0,0,0,0
483.681305,483.490051,118,210,22,184,53,0,72,189,128,0,0,0,0,0,0,0
484.175812,483.999542,119,206,20,175,53,1,67,189,0,0,0,0,0,0,0,0
484.725281,484.536102,119,195,20,160,55,1,63,189,128,0,0,0,0,0,0,0
485.219788,485.044617,118,192,20,166,55,1,70,189,128,0,0,0,0,0,0,0
485.714294,485.524841,119,187,20,162,54,1,66,190,128,0,0,0,0,0,0,0
486.208801,486.033417,119,178,17,150,53,0,57,189,0,0,0,0,0,0,0,0
486.758240,486.569672,118,169,16,140,53,0,62,189,0,0,0,0,0,0,0,0
487.252747,487.077606,118,163,17,136,54,1,65,189,0,0,0,0,0,0,0,0
487.747253,487.560516,118,159,16,131,54,1,66,189,0,0,0,0,0,0,0,0
488.241760,488.068420,119,153,15,125,54,1,66,190,128,0,0,0,0,0,0,0
488.791199,488.602814,118,145,15,115,76,0,43,184,128,0,0,0,0,0,0,0
489.285706,489.109558,116,144,14,115,79,0,57,189,128,0,0,0,0,0,0,0
489.780212,489.587189,118,138,12,109,84,1,47,188,128,0,0,0,0,0,0,0
490.274719,490.093811,119,139,14,113,79,1,65,190,0,0,0,0,0,0,0,0
490.824188,490.627014,118,140,14,118,70,1,69,188,0,0,0,0,0,0,0,0
491.318695,491.132935,118,140,13,114,83,1,66,189,0,0,0,0,0,0,0,0
491.813202,491.639252,119,141,13,114,68,1,72,186,0,0,0,0,0,0,0,0
492.307678,492.118256,119,137,13,115,101,1,56,189,128,0,0,0,0,0,0,0
492.802185,492.624329,118,137,12,112,102,0,50,189,128,0,0,0,0,0,0,0
493.351654,493.157593,118,136,14,111,85,1,66,189,128,0,0,0,0,0,0,0
493.846161,493.662292,119,138,14,111,67,0,78,190,128,0,0,0,0,0,0,0
494.340668,494.142578,118,138,13,116,85,0,70,189,0,0,0,0,0,0,0,0
494.835175,494.648132,118,141,12,112,89,1,61,189,0,0,0,0,0,0,0,0
495.329681,495.153992,116,140,14,111,84,0,79,187,0,0,0,0,0,0,0,0
495.879120,495.687195,117,135,14,106,108,0,42,188,0,0,0,0,0,0,0,0
496.373627,496.193512,119,133,14,109,112,0,46,189,128,0,0,0,0,0,0,0
496.868134,496.671570,117,132,12,112,98,0,65,188,128,0,0,0,0,0,0,0
497.362640,497.177124,118,130,12,103,92,1,71,188,128,0,0,0,0,0,0,0
497.912079,497.709869,118,133,14,111,112,0,48,189,0,0,0,0,0,0,0,0
498.406586,498.216949,118,131,13,111,102,1,72,189,0,0,0,0,0,0,0,0
498.901093,498.724152,118,133,12,111,102,0,75,189,0,0,0,0,0,0,0,0
499.395599,499.203003,118,135,11,103,90,0,79,189,0,0,0,0,0,0,0,0
499.890106,499.708618,118,131,13,107,111,0,47,191,128,0,0,0,0,0,0,0
500.439575,500.241302,117,132,13,107,107,1,63,187,128,0,0,0,0,0,0,0
500.934052,500.748047,117,135,12,114,78,0,84,187,128,0,0,0,0,0,0,0
501.428558,501.226440,118,133,11,104,98,0,72,186,128,0,0,0,0,0,0,0
501.923065,501.732208,117,132,12,107,125,0,32,188,0,0,0,0,0,0,0,0
502.417572,502.237885,117,130,13,110,108,0,56,189,0,0,0,0,0,0,0,0
502.967041,502.772400,117,134,14,111,98,0,66,187,0,0,0,0,0,0,0,0
503.461548,503.278717,117,128,11,106,124,1,58,188,0,0,0,0,0,0,0,0
503.956055,503.757477,117,125,12,103,132,0,39,185,128,0,0,0,0,0,0,0
504.450562,504.263641,117,124,12,100,108,0,74,186,128,0,0,0,0,0,0,0
505.000000,504.796448,115,127,15,134,100,0,80,183,128,0,0,0,0,0,0,0
505.494507,505.303528,117,157,18,155,39,0,100,188,0,0,0,0,0,0,0,0
505.989014,505.785095,117,185,21,187,25,0,119,187,0,0,0,0,0,0,0,0
506.483521,506.293823,115,153,9,90,55,0,82,186,0,0,0,0,0,0,0,0
507.032959,506.827423,117,144,14,120,177,0,0,186,0,0,0,0,0,0,0,0
507.527466,507.334747,116,117,7,74,170,0,0,186,128,0,0,0,0,0,0,0
508.021973,507.840820,116,149,22,187,156,0,10,186,128,0,0,0,0,0,0,0
508.516479,508.321014,116,145,9,80,20,0,126,187,128,0,0,0,0,0,0,0
509.010986,508.826965,116,167,20,178,25,0,123,187,128,0,0,0,0,0,0,0
509.560425,509.361969,117,188,17,156,24,0,123,187,0,0,0,0,0,0,0,0
510.054932,509.870087,117,151,15,147,27,0,111,189,0,0,0,0,0,0,0,0
510.549438,510.350311,116,145,3,55,73,0,67,186,0,0,0,0,0,0,0,0
511.043945,510.856659,116,132,6,80,174,0,0,186,0,0,0,0,0,0,0,0
511.593414,511.389587,116,125,5,54,108,1,87,186,0,0,0,0,0,0,0,0
512.087891,511.893311,116,125,5,54,108,1,87,186,0,0,0,0,0,0,0,0
512.637390,512.399475,116,125,5,54,108,1,87,186,0,0,0,0,0,0,0,0
513.131897,512.939941,116,125,5,54,108,1,87,186,0,0,0,0,0,0,0,0
513.681335,513.480774,134,125,5,54,108,1,87,186,0,0,0,0,0,0,0,0
514.230774,514.048462,134,125,5,54,108,1,87,186,0,0,0,0,0,0,0,0
514.780212,514.588623,134,125,5,54,108,1,87,186,0,0,0,0,0,0,0,0
515.329651,515.128418,134,125,5,54,108,1,87,186,0,0,0,0,0,0,0,0
515.879150,515.641296,134,125,5,54,108,1,87,186,0,0,0,0,0,0,0,0
516.373596,516.182373,97,125,5,54,108,1,87,186,0,0,0,0,0,0,0,0
516.923096,516.723206,97,125,5,54,108,1,87,186,0,0,0,0,0,0,0,0
517.472534,517.263428,97,125,5,54,108,1,87,186,0,0,0,0,0,0,0,0
518.021973,517.830688,97,125,5,54,108,1,87,186,0,0,0,0,0,0,0,0
518.571411,518.371094,97,125,5,54,108,1,87,186,0,0,0,0,0,0,0,0
519.120850,518.911804,97,125,5,54,108,1,87,186,0,0,0,0,0,0,0,0
519.615356,519.424194,110,125,5,54,108,1,87,186,0,0,0,0,0,0,0,0
520.164856,519.964172,154,125,5,54,108,1,87,186,0,0,0,0,0,0,0,0
520.714294,520.504272,154,125,5,54,108,1,87,186,0,0,0,0,0,0,0,0
521.263733,521.072144,154,125,5,54,108,1,87,186,0,0,0,0,0,0,0,0
521.813171,521.612793,154,125,5,54,108,1,87,186,0,0,0,0,0,0,0,0
522.362610,522.152832,154,125,5,54,108,1,87,186,0,0,0,0,0,0,0,0
522.857117,522.665344,167,125,5,54,108,1,87,186,0,0,0,0,0,0,0,0
523.406616,523.205261,167,125,5,54,108,1,87,186,0,0,0,0,0,0,0,0
523.956055,523.746338,167,125,5,54,108,1,87,186,0,0,0,0,0,0,0,0
524.505493,524.314636,100,125,5,54,108,1,87,186,0,0,0,0,0,0,0,0
525.054932,524.854309,100,125,5,54,108,1,87,186,0,0,0,0,0,0,0,0
