0.000000,0.000000,120,251,153,255,33,4,57,200,128,0,0,0,0,0,0,0
0.494505,0.489090,123,251,149,255,20,10,72,200,128,0,0,0,0,0,0,0
1.043956,1.033671,122,255,145,247,21,9,64,199,128,0,0,0,0,0,0,0
1.538462,1.546335,122,253,148,255,31,8,54,201,128,0,0,0,0,0,0,0
2.032967,2.032103,123,253,147,255,23,11,64,199,128,0,0,0,0,0,0,0
2.582417,2.574276,123,253,149,255,48,8,51,203,0,0,0,0,0,0,0,0
3.076923,3.087504,123,251,148,255,63,24,63,203,0,0,0,0,0,0,0,0
3.626374,3.581561,124,251,144,255,41,4,59,199,0,0,0,0,0,0,0,0
4.120879,4.106359,124,252,145,255,47,4,59,202,0,0,0,0,0,0,0,0
4.615385,4.620354,123,252,140,255,49,7,75,202,0,0,0,0,0,0,0,0
5.164835,5.164474,119,249,137,255,17,18,67,143,128,0,0,0,0,0,0,0
5.659341,5.651675,122,253,139,255,45,16,59,201,128,0,0,0,0,0,0,0
6.208791,6.193440,122,253,136,255,37,2,56,201,128,0,0,0,0,0,0,0
6.703297,6.706619,122,253,133,255,20,17,67,201,0,0,0,0,0,0,0,0
7.197802,7.205183,124,253,135,255,31,14,64,202,128,0,0,0,0,0,0,0
7.747253,7.748276,122,252,133,255,41,4,54,200,0,0,0,0,0,0,0,0
8.241758,8.238571,124,253,128,255,64,15,76,203,0,0,0,0,0,0,0,0
8.791209,8.779445,122,253,127,255,21,19,75,199,0,0,0,0,0,0,0,0
9.285714,9.294769,122,253,125,255,23,27,67,198,128,0,0,0,0,0,0,0
9.835165,9.817533,124,253,129,255,21,27,62,204,128,0,0,0,0,0,0,0
10.329670,10.333510,124,253,125,255,21,15,76,198,128,0,0,0,0,0,0,0
10.824176,10.824600,123,255,125,255,23,19,65,202,128,0,0,0,0,0,0,0
11.373627,11.366417,123,255,125,255,23,19,64,202,128,0,0,0,0,0,0,0
11.868132,11.851776,119,253,129,255,52,16,57,204,0,0,0,0,0,0,0,0
12.362638,12.368279,122,253,125,247,48,8,58,200,0,0,0,0,0,0,0,0
12.912087,12.910504,124,255,128,255,53,4,63,199,0,0,0,0,0,0,0,0
13.406593,13.401363,123,252,127,255,49,5,67,202,0,0,0,0,0,0,0,0
13.956044,13.945663,122,253,127,255,52,16,62,203,128,0,0,0,0,0,0,0
14.450549,14.430984,119,252,103,255,31,28,59,204,128,0,0,0,0,0,0,0
14.945055,14.947626,123,250,127,255,51,5,59,201,128,0,0,0,0,0,0,0
15.494506,15.488789,123,253,125,255,31,22,64,203,0,0,0,0,0,0,0,0
16.043957,16.029030,124,253,125,255,48,4,56,201,128,0,0,0,0,0,0,0
16.538462,16.544306,122,253,128,255,48,15,72,202,0,0,0,0,0,0,0,0
17.032967,17.037493,123,253,127,255,55,5,75,199,0,0,0,0,0,0,0,0
17.582418,17.586168,122,252,125,255,48,4,63,197,0,0,0,0,0,0,0,0
18.076923,18.074085,123,247,127,255,55,5,79,200,0,0,0,0,0,0,0,0
18.626373,18.620253,63,253,120,255,20,19,70,202,128,0,0,0,0,0,0,0
19.120878,19.108374,124,253,125,255,55,5,66,200,128,0,0,0,0,0,0,0
19.670330,19.657766,125,253,124,255,60,7,63,200,128,0,0,0,0,0,0,0
20.164835,20.145012,118,255,115,255,23,23,58,204,128,0,0,0,0,0,0,0
20.659340,20.661875,122,255,123,255,47,16,63,204,128,0,0,0,0,0,0,0
21.208792,21.205231,124,255,124,255,53,3,62,200,0,0,0,0,0,0,0,0
21.703297,21.693605,124,253,119,255,49,5,70,199,0,0,0,0,0,0,0,0
22.252747,22.235374,122,252,124,255,55,4,67,200,0,0,0,0,0,0,0,0
22.747253,22.747988,121,253,119,255,31,19,68,202,128,0,0,0,0,0,0,0
23.241758,23.235544,124,253,124,255,50,5,63,202,128,0,0,0,0,0,0,0
23.791208,23.785448,118,254,123,255,31,18,56,203,0,0,0,0,0,0,0,0
24.285715,24.271673,123,253,119,255,52,7,78,199,128,0,0,0,0,0,0,0
24.835165,24.838213,126,253,123,255,61,5,67,200,128,0,0,0,0,0,0,0
25.329670,25.323162,124,255,115,255,21,15,72,202,128,0,0,0,0,0,0,0
25.879122,25.867434,122,252,120,255,31,14,67,203,0,0,0,0,0,0,0,0
26.373627,26.360876,114,253,117,255,31,8,63,202,0,0,0,0,0,0,0,0
26.923077,26.901518,125,253,119,255,40,1,62,200,128,0,0,0,0,0,0,0
27.417582,27.393692,123,255,117,255,40,8,66,202,0,0,0,0,0,0,0,0
27.912088,27.909824,125,253,116,255,38,6,71,201,128,0,0,0,0,0,0,0
28.461538,28.454821,123,252,115,255,38,3,63,200,128,0,0,0,0,0,0,0
28.956043,28.940889,124,253,112,255,40,15,78,202,128,0,0,0,0,0,0,0
29.505495,29.485420,122,254,113,255,23,15,72,203,0,0,0,0,0,0,0,0
30.000000,29.980965,122,253,111,255,21,14,69,195,0,0,0,0,0,0,0,0
30.494505,30.496288,122,255,103,255,21,15,72,202,0,0,0,0,0,0,0,0
31.043957,31.038876,122,253,111,255,44,16,63,200,0,0,0,0,0,0,0,0
31.538462,31.534826,125,251,110,255,48,7,72,201,0,0,0,0,0,0,0,0
32.087914,32.076214,124,255,109,255,46,4,58,201,128,0,0,0,0,0,0,0
32.582417,32.567528,123,249,108,255,47,7,63,201,128,0,0,0,0,0,0,0
33.131866,33.109703,126,253,108,255,51,8,56,201,128,0,0,0,0,0,0,0
33.626373,33.623699,124,252,100,255,32,18,56,203,0,0,0,0,0,0,0,0
34.175823,34.121029,124,253,108,255,50,5,55,200,0,0,0,0,0,0,0,0
34.670330,34.668888,124,253,103,255,49,5,58,201,0,0,0,0,0,0,0,0
35.164837,35.156498,120,254,95,255,31,17,49,200,0,0,0,0,0,0,0,0
35.714287,35.700256,124,254,97,255,32,22,64,203,128,0,0,0,0,0,0,0
36.208790,36.190018,123,253,99,255,53,7,63,200,0,0,0,0,0,0,0,0
36.758244,36.731125,124,255,101,255,57,16,60,203,128,0,0,0,0,0,0,0
37.252747,37.243992,122,253,95,255,23,25,72,202,0,0,0,0,0,0,0,0
37.802197,37.774368,124,252,97,255,49,5,63,201,128,0,0,0,0,0,0,0
38.296703,38.291737,123,253,99,255,57,8,59,201,128,0,0,0,0,0,0,0
38.791210,38.781441,123,251,95,255,47,12,58,204,128,0,0,0,0,0,0,0
39.340660,39.320652,122,253,79,255,23,17,57,204,0,0,0,0,0,0,0,0
39.835163,39.807892,122,255,92,255,23,12,50,201,128,0,0,0,0,0,0,0
40.384617,40.361439,122,252,93,255,31,16,57,201,0,0,0,0,0,0,0,0
40.879120,40.875023,123,181,89,179,49,7,63,195,128,0,0,0,0,0,0,0
41.373627,41.364887,126,247,92,255,52,8,63,201,128,0,0,0,0,0,0,0
41.923077,41.904503,124,255,87,255,40,28,86,191,128,0,0,0,0,0,0,0
42.417583,42.397591,122,253,87,255,47,16,55,199,128,0,0,0,0,0,0,0
42.967033,42.941349,126,253,85,255,57,9,55,201,128,0,0,0,0,0,0,0
43.461540,43.455906,123,253,84,255,56,11,63,201,0,0,0,0,0,0,0,0
43.956043,43.943672,122,255,81,255,32,20,72,202,0,0,0,0,0,0,0,0
44.505493,44.489586,124,255,81,255,47,9,59,202,0,0,0,0,0,0,0,0
45.054947,45.029732,124,253,84,255,61,6,63,201,0,0,0,0,0,0,0,0
45.549450,45.545315,123,255,79,255,31,19,66,203,128,0,0,0,0,0,0,0
46.043957,46.035534,123,255,79,255,31,19,66,203,128,0,0,0,0,0,0,0
46.593407,46.585590,124,253,80,255,52,15,87,201,128,0,0,0,0,0,0,0
47.142857,47.137974,123,253,72,255,30,7,79,199,128,0,0,0,0,0,0,0
47.637363,47.625889,126,254,72,255,33,8,63,200,128,0,0,0,0,0,0,0
48.186813,48.170773,126,253,72,255,61,5,75,200,128,0,0,0,0,0,0,0
48.681320,48.659000,123,253,69,255,85,6,63,200,0,0,0,0,0,0,0,0
49.230770,49.202045,122,253,71,255,52,8,56,201,0,0,0,0,0,0,0,0
49.725273,49.717373,123,253,68,255,52,7,75,200,0,0,0,0,0,0,0,0
50.219780,50.203243,123,253,68,255,56,15,75,199,0,0,0,0,0,0,0,0
50.769230,50.744907,124,255,65,255,36,19,73,201,128,0,0,0,0,0,0,0
51.263737,51.243568,122,253,60,255,28,19,75,202,0,0,0,0,0,0,0,0
51.813187,51.784973,124,253,57,255,32,17,68,202,128,0,0,0,0,0,0,0
52.307693,52.287426,124,253,57,255,32,17,68,202,128,0,0,0,0,0,0,0
52.857143,52.837093,124,252,55,255,25,17,68,202,128,0,0,0,0,0,0,0
53.406593,53.388706,124,255,53,255,32,12,63,201,0,0,0,0,0,0,0,0
53.956043,53.941990,124,253,55,255,48,15,73,201,0,0,0,0,0,0,0,0
54.450550,54.427704,123,253,51,255,36,7,63,201,0,0,0,0,0,0,0,0
55.000000,54.974640,123,253,53,255,44,5,58,201,128,0,0,0,0,0,0,0
55.494507,55.460220,123,255,51,255,23,12,42,200,128,0,0,0,0,0,0,0
56.043957,56.015476,119,253,48,255,32,15,74,198,128,0,0,0,0,0,0,0
56.538460,56.530449,124,254,49,255,31,12,55,201,128,0,0,0,0,0,0,0
57.032967,57.021076,123,251,48,255,24,15,72,199,128,0,0,0,0,0,0,0
57.582417,57.560898,124,253,48,255,32,15,82,199,128,0,0,0,0,0,0,0
58.076923,58.061768,124,251,49,255,57,6,87,201,128,0,0,0,0,0,0,0
58.626373,58.604549,126,253,45,255,54,8,71,200,0,0,0,0,0,0,0,0
59.120880,59.091904,122,253,43,255,44,12,66,202,0,0,0,0,0,0,0,0
59.670330,59.650253,123,253,41,255,57,20,63,203,0,0,0,0,0,0,0,0
60.164837,60.138527,123,253,39,255,60,16,63,204,0,0,0,0,0,0,0,0
60.714287,60.682854,125,253,37,255,63,17,62,204,128,0,0,0,0,0,0,0
61.208790,61.197052,122,252,32,255,29,10,48,202,128,0,0,0,0,0,0,0
61.703297,61.682156,122,255,33,255,39,15,50,201,128,0,0,0,0,0,0,0
62.252747,62.222538,122,253,32,255,36,20,65,202,128,0,0,0,0,0,0,0
62.747253,62.735664,124,253,31,251,56,11,63,201,0,0,0,0,0,0,0,0
63.241756,63.225731,122,255,27,255,33,24,68,202,0,0,0,0,0,0,0,0
63.791210,63.763557,123,255,29,255,31,23,56,204,0,0,0,0,0,0,0,0
64.340660,64.304008,123,254,31,233,54,9,59,201,0,0,0,0,0,0,0,0
64.835167,64.814270,125,255,29,254,39,21,56,201,128,0,0,0,0,0,0,0
65.329674,65.298653,124,253,28,232,29,16,54,204,128,0,0,0,0,0,0,0
65.824173,65.806404,125,253,29,223,55,13,67,202,128,0,0,0,0,0,0,0
66.373627,66.345055,123,255,24,221,55,24,72,203,128,0,0,0,0,0,0,0
66.868134,66.854286,122,253,23,192,29,11,61,203,128,0,0,0,0,0,0,0
67.362640,67.335808,122,191,19,127,33,3,64,192,0,0,0,0,0,0,0,0
67.912086,67.892006,125,253,19,187,52,13,63,201,128,0,0,0,0,0,0,0
68.406593,68.377151,124,239,20,192,35,25,74,206,0,0,0,0,0,0,0,0
68.956047,68.889008,123,249,23,159,58,15,79,200,0,0,0,0,0,0,0,0
69.450546,69.428879,119,240,21,160,56,16,69,202,0,0,0,0,0,0,0,0
69.945053,69.909782,124,227,16,183,35,30,72,203,0,0,0,0,0,0,0,0
70.439560,70.423676,124,211,16,129,53,12,63,200,0,0,0,0,0,0,0,0
70.989014,70.964622,120,199,14,130,50,15,52,203,128,0,0,0,0,0,0,0
71.483513,71.449265,122,197,15,142,39,28,64,204,0,0,0,0,0,0,0,0
71.978020,71.958603,123,181,12,91,51,12,63,203,0,0,0,0,0,0,0,0
72.527473,72.495453,125,173,13,112,61,20,56,201,128,0,0,0,0,0,0,0
73.021980,73.007813,122,165,10,96,48,16,55,201,0,0,0,0,0,0,0,0
73.516487,73.488770,126,167,8,107,60,17,71,202,0,0,0,0,0,0,0,0
74.065933,74.025826,123,155,11,68,62,9,70,199,0,0,0,0,0,0,0,0
74.560440,74.539131,123,155,11,68,62,9,70,199,0,0,0,0,0,0,0,0
75.109894,75.082710,123,155,11,68,62,9,70,199,0,0,0,0,0,0,0,0
75.659340,75.628326,123,155,11,68,62,9,70,199,0,0,0,0,0,0,0,0
76.208794,76.173546,123,155,11,68,62,9,70,199,0,0,0,0,0,0,0,0
76.758240,76.718201,123,155,11,68,62,9,70,199,0,0,0,0,0,0,0,0
77.307693,77.292007,123,155,11,68,62,9,70,199,0,0,0,0,0,0,0,0
77.857140,77.838089,123,155,11,68,62,9,70,199,0,0,0,0,0,0,0,0
78.406593,78.381210,123,155,11,68,62,9,70,199,0,0,0,0,0,0,0,0
78.956047,78.927582,172,155,11,68,62,9,70,199,0,0,0,0,0,0,0,0
79.505493,79.471588,253,155,11,68,62,9,70,199,0,0,0,0,0,0,0,0
80.054947,80.014862,253,155,11,68,62,9,70,199,0,0,0,0,0,0,0,0
80.604393,80.561417,253,155,11,68,62,9,70,199,0,0,0,0,0,0,0,0
81.098900,81.079010,253,155,11,68,62,9,70,199,0,0,0,0,0,0,0,0
81.648354,81.623352,253,155,11,68,62,9,70,199,0,0,0,0,0,0,0,0
82.197800,82.168434,253,155,11,68,62,9,70,199,0,0,0,0,0,0,0,0
82.747253,82.711945,149,155,11,68,62,9,70,199,0,0,0,0,0,0,0,0
83.296700,83.255775,149,155,11,68,62,9,70,199,0,0,0,0,0,0,0,0
83.846153,83.801971,149,155,11,68,62,9,70,199,0,0,0,0,0,0,0,0
84.395607,84.373260,149,155,11,68,62,9,70,199,0,0,0,0,0,0,0,0
84.945053,84.918175,149,155,11,68,62,9,70,199,0,0,0,0,0,0,0,0
85.494507,85.462418,149,155,11,68,62,9,70,199,0,0,0,0,0,0,0,0
86.043953,86.007370,149,155,11,68,62,9,70,199,0,0,0,0,0,0,0,0
86.593407,86.553307,149,155,11,68,62,9,70,199,0,0,0,0,0,0,0,0
87.142860,87.098396,128,155,11,68,62,9,70,199,0,0,0,0,0,0,0,0
87.637360,87.616074,128,155,11,68,62,9,70,199,0,0,0,0,0,0,0,0
88.186813,88.160416,128,155,11,68,62,9,70,199,0,0,0,0,0,0,0,0
88.736267,88.705383,128,155,11,68,62,9,70,199,0,0,0,0,0,0,0,0
89.285713,89.249062,241,155,11,68,62,9,70,199,0,0,0,0,0,0,0,0
89.835167,89.793564,241,155,11,68,62,9,70,199,0,0,0,0,0,0,0,0
90.384613,90.339600,135,155,11,68,62,9,70,199,0,0,0,0,0,0,0,0
90.934067,90.909615,135,155,11,68,62,9,70,199,0,0,0,0,0,0,0,0
91.483513,91.456314,135,155,11,68,62,9,70,199,0,0,0,0,0,0,0,0
92.032967,92.002136,135,155,11,68,62,9,70,199,0,0,0,0,0,0,0,0
92.582420,92.547050,135,155,11,68,62,9,70,199,0,0,0,0,0,0,0,0
93.131866,93.091194,135,155,11,68,62,9,70,199,0,0,0,0,0,0,0,0
93.681320,93.636307,135,155,11,68,62,9,70,199,0,0,0,0,0,0,0,0
94.230766,94.153290,174,155,11,68,62,9,70,199,0,0,0,0,0,0,0,0
94.725273,94.699532,174,155,11,68,62,9,70,199,0,0,0,0,0,0,0,0
95.274727,95.243675,174,155,11,68,62,9,70,199,0,0,0,0,0,0,0,0
95.824173,95.788124,174,155,11,68,62,9,70,199,0,0,0,0,0,0,0,0
96.373627,96.334312,174,155,11,68,62,9,70,199,0,0,0,0,0,0,0,0
96.923080,96.878448,254,155,11,68,62,9,70,199,0,0,0,0,0,0,0,0
97.472527,97.423782,254,155,11,68,62,9,70,199,0,0,0,0,0,0,0,0
98.021980,97.996399,254,155,11,68,62,9,70,199,0,0,0,0,0,0,0,0
98.571426,98.540894,254,155,11,68,62,9,70,199,0,0,0,0,0,0,0,0
99.120880,99.085655,254,155,11,68,62,9,70,199,0,0,0,0,0,0,0,0
99.670326,99.630974,158,155,11,68,62,9,70,199,0,0,0,0,0,0,0,0
100.219780,100.175270,158,155,11,68,62,9,70,199,0,0,0,0,0,0,0,0
100.769234,100.720741,158,155,11,68,62,9,70,199,0,0,0,0,0,0,0,0
101.263733,101.237671,158,155,11,68,62,9,70,199,0,0,0,0,0,0,0,0
101.813187,101.782631,158,155,11,68,62,9,70,199,0,0,0,0,0,0,0,0
102.362640,102.328667,151,155,11,68,62,9,70,199,0,0,0,0,0,0,0,0
102.912086,102.874039,151,155,11,68,62,9,70,199,0,0,0,0,0,0,0,0
103.461540,103.419098,255,155,11,68,62,9,70,199,0,0,0,0,0,0,0,0
104.010986,103.963036,255,155,11,68,62,9,70,199,0,0,0,0,0,0,0,0
104.560440,104.535095,255,155,11,68,62,9,70,199,0,0,0,0,0,0,0,0
105.109894,105.079750,255,155,11,68,62,9,70,199,0,0,0,0,0,0,0,0
105.659340,105.625534,255,155,11,68,62,9,70,199,0,0,0,0,0,0,0,0
106.208794,106.171463,251,155,11,68,62,9,70,199,0,0,0,0,0,0,0,0
106.758240,106.716728,133,155,11,68,62,9,70,199,0,0,0,0,0,0,0,0
107.307693,107.263481,133,155,11,68,62,9,70,199,0,0,0,0,0,0,0,0
107.857140,107.807114,133,155,11,68,62,9,70,199,0,0,0,0,0,0,0,0
108.406593,108.325119,133,155,11,68,62,9,70,199,0,0,0,0,0,0,0,0
108.901100,108.870743,209,155,11,68,62,9,70,199,0,0,0,0,0,0,0,0
109.450546,109.414124,209,155,11,68,62,9,70,199,0,0,0,0,0,0,0,0
110.000000,109.960876,241,155,11,68,62,9,70,199,0,0,0,0,0,0,0,0
110.549454,110.504807,212,155,11,68,62,9,70,199,0,0,0,0,0,0,0,0
111.098900,111.050026,212,155,11,68,62,9,70,199,0,0,0,0,0,0,0,0
111.648354,111.595970,212,155,11,68,62,9,70,199,0,0,0,0,0,0,0,0
112.197800,112.169098,212,155,11,68,62,9,70,199,0,0,0,0,0,0,0,0
112.747253,112.713234,212,155,11,68,62,9,70,199,0,0,0,0,0,0,0,0
113.296700,113.257477,212,155,11,68,62,9,70,199,0,0,0,0,0,0,0,0
113.846153,113.802597,87,155,11,68,62,9,70,199,0,0,0,0,0,0,0,0
114.395607,114.347809,87,155,11,68,62,9,70,199,0,0,0,0,0,0,0,0
114.945053,114.894356,87,155,11,68,62,9,70,199,0,0,0,0,0,0,0,0
115.439560,115.409042,87,155,11,68,62,9,70,199,0,0,0,0,0,0,0,0
115.989014,115.955994,193,155,11,68,62,9,70,199,0,0,0,0,0,0,0,0
116.538460,116.501877,169,155,11,68,62,9,70,199,0,0,0,0,0,0,0,0
117.087914,117.045708,169,155,11,68,62,9,70,199,0,0,0,0,0,0,0,0
117.637360,117.591949,169,155,11,68,62,9,70,199,0,0,0,0,0,0,0,0
118.186813,118.137161,169,155,11,68,62,9,70,199,0,0,0,0,0,0,0,0
118.736267,118.682434,49,155,11,68,62,9,70,199,0,0,0,0,0,0,0,0
119.285713,119.253677,31,155,11,68,62,9,70,199,0,0,0,0,0,0,0,0
119.835167,119.796646,74,155,11,68,62,9,70,199,0,0,0,0,0,0,0,0
120.384613,120.341454,9,155,11,68,62,9,70,199,0,0,0,0,0,0,0,0
120.934067,120.886925,100,155,11,68,62,9,70,199,0,0,0,0,0,0,0,0
121.483513,121.432037,126,155,11,68,62,9,70,199,0,0,0,0,0,0,0,0
122.032967,121.947433,126,155,11,68,62,9,70,199,0,0,0,0,0,0,0,0
122.582420,122.494850,126,155,11,68,62,9,70,199,0,0,0,0,0,0,0,0
123.076920,123.039864,8,155,11,68,62,9,70,199,0,0,0,0,0,0,0,0
123.626373,123.584106,8,155,11,68,62,9,70,199,0,0,0,0,0,0,0,0
124.175827,124.128403,8,155,11,68,62,9,70,199,0,0,0,0,0,0,0,0
124.725273,124.671265,85,155,11,68,62,9,70,199,0,0,0,0,0,0,0,0
125.274727,125.240723,166,155,11,68,62,9,70,199,0,0,0,0,0,0,0,0
125.824173,125.786499,166,155,11,68,62,9,70,199,0,0,0,0,0,0,0,0
126.373627,126.331612,166,155,11,68,62,9,70,199,0,0,0,0,0,0,0,0
126.923080,126.876518,71,155,11,68,62,9,70,199,0,0,0,0,0,0,0,0
127.472527,127.420860,71,155,11,68,62,9,70,199,0,0,0,0,0,0,0,0
128.021973,127.965775,71,155,11,68,62,9,70,199,0,0,0,0,0,0,0,0
128.571426,128.511505,71,155,11,68,62,9,70,199,0,0,0,0,0,0,0,0
129.120880,129.030792,71,155,11,68,62,9,70,199,0,0,0,0,0,0,0,0
129.615387,129.574783,71,155,11,68,62,9,70,199,0,0,0,0,0,0,0,0
130.164841,130.120453,71,155,11,68,62,9,70,199,0,0,0,0,0,0,0,0
130.714279,130.667816,71,155,11,68,62,9,70,199,0,0,0,0,0,0,0,0
131.263733,131.211761,71,155,11,68,62,9,70,199,0,0,0,0,0,0,0,0
131.813187,131.757385,71,155,11,68,62,9,70,199,0,0,0,0,0,0,0,0
132.362640,132.302704,71,155,11,68,62,9,70,199,0,0,0,0,0,0,0,0
132.912094,132.873276,71,155,11,68,62,9,70,199,0,0,0,0,0,0,0,0
133.461533,133.417938,71,155,11,68,62,9,70,199,0,0,0,0,0,0,0,0
134.010986,133.964478,71,155,11,68,62,9,70,199,0,0,0,0,0,0,0,0
134.560440,134.508163,71,155,11,68,62,9,70,199,0,0,0,0,0,0,0,0
135.109894,135.053375,71,155,11,68,62,9,70,199,0,0,0,0,0,0,0,0
135.659348,135.597473,159,155,11,68,62,9,70,199,0,0,0,0,0,0,0,0
136.153839,136.114349,159,155,11,68,62,9,70,199,0,0,0,0,0,0,0,0
136.703293,136.659515,159,155,11,68,62,9,70,199,0,0,0,0,0,0,0,0
137.252747,137.203461,159,155,11,68,62,9,70,199,0,0,0,0,0,0,0,0
137.802200,137.748825,159,155,11,68,62,9,70,199,0,0,0,0,0,0,0,0
138.351654,138.294342,159,155,11,68,62,9,70,199,0,0,0,0,0,0,0,0
138.901093,138.837845,162,155,11,68,62,9,70,199,0,0,0,0,0,0,0,0
139.450546,139.411057,162,155,11,68,62,9,70,199,0,0,0,0,0,0,0,0
140.000000,139.956284,162,155,11,68,62,9,70,199,0,0,0,0,0,0,0,0
140.549454,140.499954,162,155,11,68,62,9,70,199,0,0,0,0,0,0,0,0
141.098907,141.045273,162,155,11,68,62,9,70,199,0,0,0,0,0,0,0,0
141.648346,141.589676,162,155,11,68,62,9,70,199,0,0,0,0,0,0,0,0
142.197800,142.104874,226,155,11,68,62,9,70,199,0,0,0,0,0,0,0,0
142.692307,142.649475,226,155,11,68,62,9,70,199,0,0,0,0,0,0,0,0
143.241760,143.193710,226,155,11,68,62,9,70,199,0,0,0,0,0,0,0,0
143.791214,143.738678,155,155,11,68,62,9,70,199,0,0,0,0,0,0,0,0
144.340652,144.282410,155,155,11,68,62,9,70,199,0,0,0,0,0,0,0,0
144.890106,144.829254,155,155,11,68,62,9,70,199,0,0,0,0,0,0,0,0
145.439560,145.399536,155,155,11,68,62,9,70,199,0,0,0,0,0,0,0,0
145.989014,145.944138,155,155,11,68,62,9,70,199,0,0,0,0,0,0,0,0
146.538467,146.490021,155,155,11,68,62,9,70,199,0,0,0,0,0,0,0,0
147.087906,147.035141,179,155,11,68,62,9,70,199,0,0,0,0,0,0,0,0
147.637360,147.578964,179,155,11,68,62,9,70,199,0,0,0,0,0,0,0,0
148.186813,148.123260,179,155,11,68,62,9,70,199,0,0,0,0,0,0,0,0
148.736267,148.640656,179,155,11,68,62,9,70,199,0,0,0,0,0,0,0,0
149.230774,149.185150,179,155,11,68,62,9,70,199,0,0,0,0,0,0,0,0
149.780212,149.728424,179,155,11,68,62,9,70,199,0,0,0,0,0,0,0,0
150.329666,150.273178,179,155,11,68,62,9,70,199,0,0,0,0,0,0,0,0
150.879120,150.817734,179,155,11,68,62,9,70,199,0,0,0,0,0,0,0,0
151.428574,151.363556,179,155,11,68,62,9,70,199,0,0,0,0,0,0,0,0
151.978027,151.933990,179,155,11,68,62,9,70,199,0,0,0,0,0,0,0,0
152.527466,152.480835,179,155,11,68,62,9,70,199,0,0,0,0,0,0,0,0
153.076920,153.026154,179,155,11,68,62,9,70,199,0,0,0,0,0,0,0,0
153.626373,153.569885,179,155,11,68,62,9,70,199,0,0,0,0,0,0,0,0
154.175827,154.112762,179,155,11,68,62,9,70,199,0,0,0,0,0,0,0,0
154.725281,154.656357,219,155,11,68,62,9,70,199,0,0,0,0,0,0,0,0
155.219788,155.173416,191,155,11,68,62,9,70,199,0,0,0,0,0,0,0,0
155.769226,155.719711,191,155,11,68,62,9,70,199,0,0,0,0,0,0,0,0
156.318680,156.264816,58,155,11,68,62,9,70,199,0,0,0,0,0,0,0,0
156.868134,156.808243,155,155,11,68,62,9,70,199,0,0,0,0,0,0,0,0
157.417587,157.353470,155,155,11,68,62,9,70,199,0,0,0,0,0,0,0,0
157.967026,157.899963,53,155,11,68,62,9,70,199,0,0,0,0,0,0,0,0
158.516479,158.472794,53,155,11,68,62,9,70,199,0,0,0,0,0,0,0,0
159.065933,159.017349,54,155,11,68,62,9,70,199,0,0,0,0,0,0,0,0
159.615387,159.562454,96,155,11,68,62,9,70,199,0,0,0,0,0,0,0,0
160.164841,160.107925,96,155,11,68,62,9,70,199,0,0,0,0,0,0,0,0
160.714279,160.654633,96,155,11,68,62,9,70,199,0,0,0,0,0,0,0,0
161.263733,161.199692,96,155,11,68,62,9,70,199,0,0,0,0,0,0,0,0
161.813187,161.744904,84,155,11,68,62,9,70,199,0,0,0,0,0,0,0,0
162.362640,162.262405,84,155,11,68,62,9,70,199,0,0,0,0,0,0,0,0
162.857147,162.807724,126,155,11,68,62,9,70,199,0,0,0,0,0,0,0,0
163.406601,163.350372,126,155,11,68,62,9,70,199,0,0,0,0,0,0,0,0
163.956039,163.893448,181,155,11,68,62,9,70,199,0,0,0,0,0,0,0,0
164.505493,164.438919,181,155,11,68,62,9,70,199,0,0,0,0,0,0,0,0
165.054947,164.984589,181,155,11,68,62,9,70,199,0,0,0,0,0,0,0,0
165.604401,165.557526,181,155,11,68,62,9,70,199,0,0,0,0,0,0,0,0
166.153839,166.101410,104,155,11,68,62,9,70,199,0,0,0,0,0,0,0,0
166.703293,166.647400,104,155,11,68,62,9,70,199,0,0,0,0,0,0,0,0
167.252747,167.191437,48,155,11,68,62,9,70,199,0,0,0,0,0,0,0,0
167.802200,167.737167,48,155,11,68,62,9,70,199,0,0,0,0,0,0,0,0
168.351654,168.281097,48,155,11,68,62,9,70,199,0,0,0,0,0,0,0,0
168.901093,168.797516,48,155,11,68,62,9,70,199,0,0,0,0,0,0,0,0
169.395599,169.341614,48,155,11,68,62,9,70,199,0,0,0,0,0,0,0,0
169.945053,169.887802,48,155,11,68,62,9,70,199,0,0,0,0,0,0,0,0
170.494507,170.431381,48,155,11,68,62,9,70,199,0,0,0,0,0,0,0,0
171.043961,170.975571,48,155,11,68,62,9,70,199,0,0,0,0,0,0,0,0
171.593399,171.522583,48,155,11,68,62,9,70,199,0,0,0,0,0,0,0,0
172.142853,172.068207,119,155,11,68,62,9,70,199,0,0,0,0,0,0,0,0
172.692307,172.641708,119,155,11,68,62,9,70,199,0,0,0,0,0,0,0,0
173.241760,173.187943,119,155,11,68,62,9,70,199,0,0,0,0,0,0,0,0
173.791214,173.733154,35,155,11,68,62,9,70,199,0,0,0,0,0,0,0,0
174.340652,174.277649,35,155,11,68,62,9,70,199,0,0,0,0,0,0,0,0
174.890106,174.824310,35,155,11,68,62,9,70,199,0,0,0,0,0,0,0,0
175.439560,175.369888,35,155,11,68,62,9,70,199,0,0,0,0,0,0,0,0
175.989014,175.915100,35,155,11,68,62,9,70,199,0,0,0,0,0,0,0,0
176.538467,176.433411,74,155,11,68,62,9,70,199,0,0,0,0,0,0,0,0
177.032974,176.976639,190,155,11,68,62,9,70,199,0,0,0,0,0,0,0,0
177.582413,177.522202,190,155,11,68,62,9,70,199,0,0,0,0,0,0,0,0
178.131866,178.066650,190,155,11,68,62,9,70,199,0,0,0,0,0,0,0,0
178.681320,178.611618,190,155,11,68,62,9,70,199,0,0,0,0,0,0,0,0
179.230774,179.155655,190,155,11,68,62,9,70,199,0,0,0,0,0,0,0,0
179.780212,179.725525,190,155,11,68,62,9,70,199,0,0,0,0,0,0,0,0
180.329666,180.270233,190,155,11,68,62,9,70,199,0,0,0,0,0,0,0,0
180.879120,180.816772,190,155,11,68,62,9,70,199,0,0,0,0,0,0,0,0
181.428574,181.359985,190,155,11,68,62,9,70,199,0,0,0,0,0,0,0,0
181.978027,181.904495,190,155,11,68,62,9,70,199,0,0,0,0,0,0,0,0
182.527466,182.450378,60,155,11,68,62,9,70,199,0,0,0,0,0,0,0,0
183.076920,182.969559,253,155,11,68,62,9,70,199,0,0,0,0,0,0,0,0
183.571426,183.513550,253,155,11,68,62,9,70,199,0,0,0,0,0,0,0,0
184.120880,184.057648,253,155,11,68,62,9,70,199,0,0,0,0,0,0,0,0
184.670334,184.601364,82,155,11,68,62,9,70,199,0,0,0,0,0,0,0,0
185.219788,185.146896,82,155,11,68,62,9,70,199,0,0,0,0,0,0,0,0
185.769226,185.691910,82,155,11,68,62,9,70,199,0,0,0,0,0,0,0,0
186.318680,186.262131,82,155,11,68,62,9,70,199,0,0,0,0,0,0,0,0
186.868134,186.808014,82,155,11,68,62,9,70,199,0,0,0,0,0,0,0,0
187.417587,187.352966,82,155,11,68,62,9,70,199,0,0,0,0,0,0,0,0
187.967026,187.898178,82,155,11,68,62,9,70,199,0,0,0,0,0,0,0,0
188.516479,188.440887,82,155,11,68,62,9,70,199,0,0,0,0,0,0,0,0
189.065933,188.984589,217,155,11,68,62,9,70,199,0,0,0,0,0,0,0,0
189.560440,189.502426,50,155,11,68,62,9,70,199,0,0,0,0,0,0,0,0
190.109894,190.047745,50,155,11,68,62,9,70,199,0,0,0,0,0,0,0,0
190.659348,190.593582,50,155,11,68,62,9,70,199,0,0,0,0,0,0,0,0
191.208786,191.136902,50,155,11,68,62,9,70,199,0,0,0,0,0,0,0,0
191.758240,191.679916,39,155,11,68,62,9,70,199,0,0,0,0,0,0,0,0
192.307693,192.226044,157,155,11,68,62,9,70,199,0,0,0,0,0,0,0,0
192.857147,192.798264,157,155,11,68,62,9,70,199,0,0,0,0,0,0,0,0
193.406601,193.343582,157,155,11,68,62,9,70,199,0,0,0,0,0,0,0,0
193.956039,193.887878,157,155,11,68,62,9,70,199,0,0,0,0,0,0,0,0
194.505493,194.432175,157,155,11,68,62,9,70,199,0,0,0,0,0,0,0,0
195.054947,194.978012,157,155,11,68,62,9,70,199,0,0,0,0,0,0,0,0
195.604401,195.521988,153,155,11,68,62,9,70,199,0,0,0,0,0,0,0,0
196.153839,196.039856,153,155,11,68,62,9,70,199,0,0,0,0,0,0,0,0
196.648346,196.583588,153,155,11,68,62,9,70,199,0,0,0,0,0,0,0,0
197.197800,197.127823,153,155,11,68,62,9,70,199,0,0,0,0,0,0,0,0
197.747253,197.671814,153,155,11,68,62,9,70,199,0,0,0,0,0,0,0,0
198.296707,198.218353,153,155,11,68,62,9,70,199,0,0,0,0,0,0,0,0
198.846161,198.762390,153,155,11,68,62,9,70,199,0,0,0,0,0,0,0,0
199.395599,199.310379,153,155,11,68,62,9,70,199,0,0,0,0,0,0,0,0
199.945053,199.882950,153,155,11,68,62,9,70,199,0,0,0,0,0,0,0,0
200.494507,200.426437,153,155,11,68,62,9,70,199,0,0,0,0,0,0,0,0
201.043961,200.971954,153,155,11,68,62,9,70,199,0,0,0,0,0,0,0,0
201.593399,201.517624,153,155,11,68,62,9,70,199,0,0,0,0,0,0,0,0
202.142853,202.061768,153,155,11,68,62,9,70,199,0,0,0,0,0,0,0,0
202.692307,202.608414,153,155,11,68,62,9,70,199,0,0,0,0,0,0,0,0
203.186813,203.123718,221,155,11,68,62,9,70,199,0,0,0,0,0,0,0,0
203.736267,203.667969,221,155,11,68,62,9,70,199,0,0,0,0,0,0,0,0
204.285721,204.213531,221,155,11,68,62,9,70,199,0,0,0,0,0,0,0,0
204.835159,204.757111,221,155,11,68,62,9,70,199,0,0,0,0,0,0,0,0
205.384613,205.301514,158,155,11,68,62,9,70,199,0,0,0,0,0,0,0,0
205.934067,205.847336,158,155,11,68,62,9,70,199,0,0,0,0,0,0,0,0
206.483521,206.420013,209,155,11,68,62,9,70,199,0,0,0,0,0,0,0,0
207.032974,206.964005,209,155,11,68,62,9,70,199,0,0,0,0,0,0,0,0
207.582413,207.511017,209,155,11,68,62,9,70,199,0,0,0,0,0,0,0,0
208.131866,208.056030,209,155,11,68,62,9,70,199,0,0,0,0,0,0,0,0
208.681320,208.599655,209,155,11,68,62,9,70,199,0,0,0,0,0,0,0,0
209.230774,209.145691,209,155,11,68,62,9,70,199,0,0,0,0,0,0,0,0
209.780212,209.662262,209,155,11,68,62,9,70,199,0,0,0,0,0,0,0,0
210.274719,210.208405,19,155,11,68,62,9,70,199,0,0,0,0,0,0,0,0
210.824173,210.754700,19,155,11,68,62,9,70,199,0,0,0,0,0,0,0,0
211.373627,211.299805,19,155,11,68,62,9,70,199,0,0,0,0,0,0,0,0
211.923080,211.846039,19,155,11,68,62,9,70,199,0,0,0,0,0,0,0,0
212.472534,212.392441,19,155,11,68,62,9,70,199,0,0,0,0,0,0,0,0
213.021973,212.935562,19,155,11,68,62,9,70,199,0,0,0,0,0,0,0,0
213.571426,213.482010,19,155,11,68,62,9,70,199,0,0,0,0,0,0,0,0
214.120880,214.053970,19,155,11,68,62,9,70,199,0,0,0,0,0,0,0,0
214.670334,214.597244,19,155,11,68,62,9,70,199,0,0,0,0,0,0,0,0
215.219788,215.143188,19,155,11,68,62,9,70,199,0,0,0,0,0,0,0,0
215.769226,215.688278,235,155,11,68,62,9,70,199,0,0,0,0,0,0,0,0
216.318680,216.232681,235,155,11,68,62,9,70,199,0,0,0,0,0,0,0,0
216.868134,216.778717,235,155,11,68,62,9,70,199,0,0,0,0,0,0,0,0
217.417587,217.296005,215,155,11,68,62,9,70,199,0,0,0,0,0,0,0,0
217.912094,217.840866,29,155,11,68,62,9,70,199,0,0,0,0,0,0,0,0
218.461533,218.384949,29,155,11,68,62,9,70,199,0,0,0,0,0,0,0,0
219.010986,218.929871,78,155,11,68,62,9,70,199,0,0,0,0,0,0,0,0
219.560440,219.475128,78,155,11,68,62,9,70,199,0,0,0,0,0,0,0,0
220.109894,220.019485,78,155,11,68,62,9,70,199,0,0,0,0,0,0,0,0
220.659348,220.591385,190,155,11,68,62,9,70,199,0,0,0,0,0,0,0,0
221.208786,221.135986,190,155,11,68,62,9,70,199,0,0,0,0,0,0,0,0
221.758240,221.681351,242,155,11,68,62,9,70,199,0,0,0,0,0,0,0,0
222.307693,222.226166,242,155,11,68,62,9,70,199,0,0,0,0,0,0,0,0
222.857147,222.770767,242,155,11,68,62,9,70,199,0,0,0,0,0,0,0,0
223.406601,223.316544,171,155,11,68,62,9,70,199,0,0,0,0,0,0,0,0
223.956039,223.832916,171,155,11,68,62,9,70,199,0,0,0,0,0,0,0,0
224.450546,224.379517,24,155,11,68,62,9,70,199,0,0,0,0,0,0,0,0
225.000000,224.923096,24,155,11,68,62,9,70,199,0,0,0,0,0,0,0,0
225.549454,225.467545,24,155,11,68,62,9,70,199,0,0,0,0,0,0,0,0
226.098907,226.013779,24,155,11,68,62,9,70,199,0,0,0,0,0,0,0,0
226.648346,226.558228,24,155,11,68,62,9,70,199,0,0,0,0,0,0,0,0
227.197800,227.128708,24,155,11,68,62,9,70,199,0,0,0,0,0,0,0,0
227.747253,227.676529,204,155,11,68,62,9,70,199,0,0,0,0,0,0,0,0
228.296707,228.222214,204,155,11,68,62,9,70,199,0,0,0,0,0,0,0,0
228.846161,228.769058,204,155,11,68,62,9,70,199,0,0,0,0,0,0,0,0
229.395599,229.312073,204,155,11,68,62,9,70,199,0,0,0,0,0,0,0,0
229.945053,229.856583,204,155,11,68,62,9,70,199,0,0,0,0,0,0,0,0
230.494507,230.402206,204,155,11,68,62,9,70,199,0,0,0,0,0,0,0,0
231.043961,230.918930,204,155,11,68,62,9,70,199,0,0,0,0,0,0,0,0
231.538467,231.462311,204,155,11,68,62,9,70,199,0,0,0,0,0,0,0,0
232.087906,232.007019,223,155,11,68,62,9,70,199,0,0,0,0,0,0,0,0
232.637360,232.552734,223,155,11,68,62,9,70,199,0,0,0,0,0,0,0,0
233.186813,233.098633,223,155,11,68,62,9,70,199,0,0,0,0,0,0,0,0
233.736267,233.644501,223,155,11,68,62,9,70,199,0,0,0,0,0,0,0,0
234.285721,234.188034,223,155,11,68,62,9,70,199,0,0,0,0,0,0,0,0
234.835159,234.760956,223,155,11,68,62,9,70,199,0,0,0,0,0,0,0,0
235.384613,235.308228,131,155,11,68,62,9,70,199,0,0,0,0,0,0,0,0
235.934067,235.853241,195,155,11,68,62,9,70,199,0,0,0,0,0,0,0,0
236.483521,236.398880,195,155,11,68,62,9,70,199,0,0,0,0,0,0,0,0
237.032974,236.945465,195,155,11,68,62,9,70,199,0,0,0,0,0,0,0,0
237.582413,237.490677,195,155,11,68,62,9,70,199,0,0,0,0,0,0,0,0
238.131866,238.034775,195,155,11,68,62,9,70,199,0,0,0,0,0,0,0,0
238.626373,238.551193,241,155,11,68,62,9,70,199,0,0,0,0,0,0,0,0
239.175827,239.097885,241,155,11,68,62,9,70,199,0,0,0,0,0,0,0,0
239.725281,239.643112,241,155,11,68,62,9,70,199,0,0,0,0,0,0,0,0
240.274719,240.187195,241,155,11,68,62,9,70,199,0,0,0,0,0,0,0,0
240.824173,240.730057,85,155,11,68,62,9,70,199,0,0,0,0,0,0,0,0
241.373627,241.276764,85,155,11,68,62,9,70,199,0,0,0,0,0,0,0,0
241.923080,241.849030,85,155,11,68,62,9,70,199,0,0,0,0,0,0,0,0
242.472534,242.394135,85,155,11,68,62,9,70,199,0,0,0,0,0,0,0,0
243.021973,242.940125,85,155,11,68,62,9,70,199,0,0,0,0,0,0,0,0
243.571426,243.484329,85,155,11,68,62,9,70,199,0,0,0,0,0,0,0,0
244.120880,244.028976,85,155,11,68,62,9,70,199,0,0,0,0,0,0,0,0
244.670334,244.574402,85,155,11,68,62,9,70,199,0,0,0,0,0,0,0,0
245.219788,245.118362,85,155,11,68,62,9,70,199,0,0,0,0,0,0,0,0
245.714279,245.636078,127,155,11,68,62,9,70,199,0,0,0,0,0,0,0,0
246.263733,246.181244,127,155,11,68,62,9,70,199,0,0,0,0,0,0,0,0
246.813187,246.725342,127,155,11,68,62,9,70,199,0,0,0,0,0,0,0,0
247.362640,247.271057,127,155,11,68,62,9,70,199,0,0,0,0,0,0,0,0
247.912094,247.816177,127,155,11,68,62,9,70,199,0,0,0,0,0,0,0,0
248.461533,248.361954,127,155,11,68,62,9,70,199,0,0,0,0,0,0,0,0
249.010986,248.933670,127,155,11,68,62,9,70,199,0,0,0,0,0,0,0,0
249.560440,249.478165,127,155,11,68,62,9,70,199,0,0,0,0,0,0,0,0
250.109894,250.021072,127,155,11,68,62,9,70,199,0,0,0,0,0,0,0,0
250.659348,250.567474,127,155,11,68,62,9,70,199,0,0,0,0,0,0,0,0
251.208786,251.114075,17,155,11,68,62,9,70,199,0,0,0,0,0,0,0,0
251.758240,251.659088,17,155,11,68,62,9,70,199,0,0,0,0,0,0,0,0
252.307693,252.205521,17,155,11,68,62,9,70,199,0,0,0,0,0,0,0,0
252.802200,252.722763,202,155,11,68,62,9,70,199,0,0,0,0,0,0,0,0
253.351654,253.267883,202,155,11,68,62,9,70,199,0,0,0,0,0,0,0,0
253.901093,253.813446,202,155,11,68,62,9,70,199,0,0,0,0,0,0,0,0
254.450546,254.359085,202,155,11,68,62,9,70,199,0,0,0,0,0,0,0,0
255.000000,254.905426,143,155,11,68,62,9,70,199,0,0,0,0,0,0,0,0
255.549454,255.450531,143,155,11,68,62,9,70,199,0,0,0,0,0,0,0,0
256.098907,255.995285,143,155,11,68,62,9,70,199,0,0,0,0,0,0,0,0
256.648346,256.566742,143,155,11,68,62,9,70,199,0,0,0,0,0,0,0,0
257.197815,257.111755,143,155,11,68,62,9,70,199,0,0,0,0,0,0,0,0
257.747253,257.655640,143,155,11,68,62,9,70,199,0,0,0,0,0,0,0,0
258.296692,258.202637,143,155,11,68,62,9,70,199,0,0,0,0,0,0,0,0
258.846161,258.746307,143,155,11,68,62,9,70,199,0,0,0,0,0,0,0,0
259.395599,259.261108,143,155,11,68,62,9,70,199,0,0,0,0,0,0,0,0
259.890106,259.806580,107,155,11,68,62,9,70,199,0,0,0,0,0,0,0,0
260.439575,260.351593,107,155,11,68,62,9,70,199,0,0,0,0,0,0,0,0
260.989014,260.896606,107,155,11,68,62,9,70,199,0,0,0,0,0,0,0,0
261.538452,261.441833,107,155,11,68,62,9,70,199,0,0,0,0,0,0,0,0
262.087921,261.987030,107,155,11,68,62,9,70,199,0,0,0,0,0,0,0,0
262.637360,262.533112,107,155,11,68,62,9,70,199,0,0,0,0,0,0,0,0
263.186798,263.079315,107,155,11,68,62,9,70,199,0,0,0,0,0,0,0,0
263.736267,263.649475,107,155,11,68,62,9,70,199,0,0,0,0,0,0,0,0
264.285706,264.194855,98,155,11,68,62,9,70,199,0,0,0,0,0,0,0,0
264.835175,264.739594,98,155,11,68,62,9,70,199,0,0,0,0,0,0,0,0
265.384613,265.284821,98,155,11,68,62,9,70,199,0,0,0,0,0,0,0,0
265.934052,265.831268,98,155,11,68,62,9,70,199,0,0,0,0,0,0,0,0
266.483521,266.375397,98,155,11,68,62,9,70,199,0,0,0,0,0,0,0,0
266.978027,266.892487,98,155,11,68,62,9,70,199,0,0,0,0,0,0,0,0
267.527466,267.438232,98,155,11,68,62,9,70,199,0,0,0,0,0,0,0,0
268.076935,267.980988,109,155,11,68,62,9,70,199,0,0,0,0,0,0,0,0
268.626373,268.525696,109,155,11,68,62,9,70,199,0,0,0,0,0,0,0,0
269.175812,269.072937,47,155,11,68,62,9,70,199,0,0,0,0,0,0,0,0
269.725281,269.619659,253,155,11,68,62,9,70,199,0,0,0,0,0,0,0,0
270.274719,270.190796,253,155,11,68,62,9,70,199,0,0,0,0,0,0,0,0
270.824188,270.737183,253,155,11,68,62,9,70,199,0,0,0,0,0,0,0,0
271.373627,271.281799,253,155,11,68,62,9,70,199,0,0,0,0,0,0,0,0
271.923065,271.826752,253,155,11,68,62,9,70,199,0,0,0,0,0,0,0,0
272.472534,272.369934,253,155,11,68,62,9,70,199,0,0,0,0,0,0,0,0
273.021973,272.914734,253,155,11,68,62,9,70,199,0,0,0,0,0,0,0,0
273.571442,273.431549,253,155,11,68,62,9,70,199,0,0,0,0,0,0,0,0
274.065948,273.977692,253,155,11,68,62,9,70,199,0,0,0,0,0,0,0,0
274.615387,274.520813,253,155,11,68,62,9,70,199,0,0,0,0,0,0,0,0
275.164825,275.066589,253,155,11,68,62,9,70,199,0,0,0,0,0,0,0,0
275.714294,275.612305,214,155,11,68,62,9,70,199,0,0,0,0,0,0,0,0
276.263733,276.155426,214,155,11,68,62,9,70,199,0,0,0,0,0,0,0,0
276.813202,276.701019,214,155,11,68,62,9,70,199,0,0,0,0,0,0,0,0
277.362640,277.273285,214,155,11,68,62,9,70,199,0,0,0,0,0,0,0,0
277.912079,277.817871,214,155,11,68,62,9,70,199,0,0,0,0,0,0,0,0
278.461548,278.362701,125,155,11,68,62,9,70,199,0,0,0,0,0,0,0,0
279.010986,278.908051,125,155,11,68,62,9,70,199,0,0,0,0,0,0,0,0
279.560425,279.453674,18,155,11,68,62,9,70,199,0,0,0,0,0,0,0,0
280.109894,279.998840,246,155,11,68,62,9,70,199,0,0,0,0,0,0,0,0
280.659332,280.515594,246,155,11,68,62,9,70,199,0,0,0,0,0,0,0,0
281.153839,281.060425,246,155,11,68,62,9,70,199,0,0,0,0,0,0,0,0
281.703308,281.606476,246,155,11,68,62,9,70,199,0,0,0,0,0,0,0,0
282.252747,282.150299,246,155,11,68,62,9,70,199,0,0,0,0,0,0,0,0
282.802185,282.693512,81,155,11,68,62,9,70,199,0,0,0,0,0,0,0,0
283.351654,283.239777,231,155,11,68,62,9,70,199,0,0,0,0,0,0,0,0
283.901093,283.811981,231,155,11,68,62,9,70,199,0,0,0,0,0,0,0,0
284.450562,284.356720,231,155,11,68,62,9,70,199,0,0,0,0,0,0,0,0
285.000000,284.902069,231,155,11,68,62,9,70,199,0,0,0,0,0,0,0,0
285.549438,285.446716,231,155,11,68,62,9,70,199,0,0,0,0,0,0,0,0
286.098907,285.993622,231,155,11,68,62,9,70,199,0,0,0,0,0,0,0,0
286.648346,286.536896,231,155,11,68,62,9,70,199,0,0,0,0,0,0,0,0
287.197815,287.051941,231,155,11,68,62,9,70,199,0,0,0,0,0,0,0,0
287.692322,287.598114,231,155,11,68,62,9,70,199,0,0,0,0,0,0,0,0
288.241760,288.142578,104,155,11,68,62,9,70,199,0,0,0,0,0,0,0,0
288.791199,288.686432,104,155,11,68,62,9,70,199,0,0,0,0,0,0,0,0
289.340668,289.232117,104,155,11,68,62,9,70,199,0,0,0,0,0,0,0,0
289.890106,289.776825,104,155,11,68,62,9,70,199,0,0,0,0,0,0,0,0
290.439575,290.348907,104,155,11,68,62,9,70,199,0,0,0,0,0,0,0,0
290.989014,290.894257,37,155,11,68,62,9,70,199,0,0,0,0,0,0,0,0
291.538452,291.439117,37,155,11,68,62,9,70,199,0,0,0,0,0,0,0,0
292.087921,291.984283,175,155,11,68,62,9,70,199,0,0,0,0,0,0,0,0
292.637360,292.529541,147,155,11,68,62,9,70,199,0,0,0,0,0,0,0,0
293.186798,293.074310,147,155,11,68,62,9,70,199,0,0,0,0,0,0,0,0
293.736267,293.618469,147,155,11,68,62,9,70,199,0,0,0,0,0,0,0,0
294.230774,294.135742,147,155,11,68,62,9,70,199,0,0,0,0,0,0,0,0
294.780212,294.680298,73,155,11,68,62,9,70,199,0,0,0,0,0,0,0,0
295.329681,295.225342,7,155,11,68,62,9,70,199,0,0,0,0,0,0,0,0
295.879120,295.771942,7,155,11,68,62,9,70,199,0,0,0,0,0,0,0,0
296.428558,296.316956,48,155,11,68,62,9,70,199,0,0,0,0,0,0,0,0
296.978027,296.863403,48,155,11,68,62,9,70,199,0,0,0,0,0,0,0,0
297.527466,297.408051,48,155,11,68,62,9,70,199,0,0,0,0,0,0,0,0
298.076935,297.980072,48,155,11,68,62,9,70,199,0,0,0,0,0,0,0,0
298.626373,298.524994,48,155,11,68,62,9,70,199,0,0,0,0,0,0,0,0
299.175812,299.069733,151,155,11,68,62,9,70,199,0,0,0,0,0,0,0,0
299.725281,299.614136,151,155,11,68,62,9,70,199,0,0,0,0,0,0,0,0
300.274719,300.160431,151,155,11,68,62,9,70,199,0,0,0,0,0,0,0,0
300.824188,300.708099,38,155,11,68,62,9,70,199,0,0,0,0,0,0,0,0
301.373627,301.253571,61,155,11,68,62,9,70,199,0,0,0,0,0,0,0,0
301.868134,301.771118,61,155,11,68,62,9,70,199,0,0,0,0,0,0,0,0
302.417572,302.314453,61,155,11,68,62,9,70,199,0,0,0,0,0,0,0,0
302.967041,302.860260,61,155,11,68,62,9,70,199,0,0,0,0,0,0,0,0
303.516479,303.407440,206,155,11,68,62,9,70,199,0,0,0,0,0,0,0,0
304.065948,303.950409,172,155,11,68,62,9,70,199,0,0,0,0,0,0,0,0
304.615387,304.494171,20,155,11,68,62,9,70,199,0,0,0,0,0,0,0,0
305.164825,305.066772,20,155,11,68,62,9,70,199,0,0,0,0,0,0,0,0
305.714294,305.613770,177,155,11,68,62,9,70,199,0,0,0,0,0,0,0,0
306.263733,306.159790,114,155,11,68,62,9,70,199,0,0,0,0,0,0,0,0
306.813202,306.701996,114,155,11,68,62,9,70,199,0,0,0,0,0,0,0,0
307.362640,307.248505,93,155,11,68,62,9,70,199,0,0,0,0,0,0,0,0
307.912079,307.794373,93,155,11,68,62,9,70,199,0,0,0,0,0,0,0,0
308.461548,308.338348,93,155,11,68,62,9,70,199,0,0,0,0,0,0,0,0
308.956055,308.854675,93,155,11,68,62,9,70,199,0,0,0,0,0,0,0,0
309.505493,309.400452,93,155,11,68,62,9,70,199,0,0,0,0,0,0,0,0
310.054932,309.944061,93,155,11,68,62,9,70,199,0,0,0,0,0,0,0,0
310.604401,310.489807,93,155,11,68,62,9,70,199,0,0,0,0,0,0,0,0
311.153839,311.034943,93,155,11,68,62,9,70,199,0,0,0,0,0,0,0,0
311.703308,311.579163,93,155,11,68,62,9,70,199,0,0,0,0,0,0,0,0
312.252747,312.151917,93,155,11,68,62,9,70,199,0,0,0,0,0,0,0,0
312.802185,312.697998,93,155,11,68,62,9,70,199,0,0,0,0,0,0,0,0
313.351654,313.243011,87,155,11,68,62,9,70,199,0,0,0,0,0,0,0,0
313.901093,313.789612,87,155,11,68,62,9,70,199,0,0,0,0,0,0,0,0
314.450562,314.334351,87,155,11,68,62,9,70,199,0,0,0,0,0,0,0,0
315.000000,314.879272,87,155,11,68,62,9,70,199,0,0,0,0,0,0,0,0
315.549438,315.424469,87,155,11,68,62,9,70,199,0,0,0,0,0,0,0,0
316.043945,315.941833,87,155,11,68,62,9,70,199,0,0,0,0,0,0,0,0
316.593414,316.486725,87,155,11,68,62,9,70,199,0,0,0,0,0,0,0,0
317.142853,317.033325,165,155,11,68,62,9,70,199,0,0,0,0,0,0,0,0
317.692322,317.577484,69,155,11,68,62,9,70,199,0,0,0,0,0,0,0,0
318.241760,318.122284,189,155,11,68,62,9,70,199,0,0,0,0,0,0,0,0
318.791199,318.669434,38,155,11,68,62,9,70,199,0,0,0,0,0,0,0,0
319.340668,319.213776,38,155,11,68,62,9,70,199,0,0,0,0,0,0,0,0
319.890106,319.785339,38,155,11,68,62,9,70,199,0,0,0,0,0,0,0,0
320.439575,320.330872,38,155,11,68,62,9,70,199,0,0,0,0,0,0,0,0
320.989014,320.875458,38,155,11,68,62,9,70,199,0,0,0,0,0,0,0,0
321.538452,321.420624,134,155,11,68,62,9,70,199,0,0,0,0,0,0,0,0
322.087921,321.964966,134,155,11,68,62,9,70,199,0,0,0,0,0,0,0,0
322.637360,322.509888,134,155,11,68,62,9,70,199,0,0,0,0,0,0,0,0
323.186798,323.027832,134,155,11,68,62,9,70,199,0,0,0,0,0,0,0,0
323.681305,323.573669,134,155,11,68,62,9,70,199,0,0,0,0,0,0,0,0
324.230774,324.118134,134,155,11,68,62,9,70,199,0,0,0,0,0,0,0,0
324.780212,324.665436,134,155,11,68,62,9,70,199,0,0,0,0,0,0,0,0
325.329681,325.209778,134,155,11,68,62,9,70,199,0,0,0,0,0,0,0,0
325.879120,325.754395,134,155,11,68,62,9,70,199,0,0,0,0,0,0,0,0
326.428558,326.298279,134,155,11,68,62,9,70,199,0,0,0,0,0,0,0,0
326.978027,326.870697,134,155,11,68,62,9,70,199,0,0,0,0,0,0,0,0
327.527466,327.416260,134,155,11,68,62,9,70,199,0,0,0,0,0,0,0,0
328.076935,327.962189,236,155,11,68,62,9,70,199,0,0,0,0,0,0,0,0
328.626373,328.507019,236,155,11,68,62,9,70,199,0,0,0,0,0,0,0,0
329.175812,329.052887,236,155,11,68,62,9,70,199,0,0,0,0,0,0,0,0
329.725281,329.598145,236,155,11,68,62,9,70,199,0,0,0,0,0,0,0,0
330.274719,330.114410,236,155,11,68,62,9,70,199,0,0,0,0,0,0,0,0
330.769226,330.659546,236,155,11,68,62,9,70,199,0,0,0,0,0,0,0,0
331.318695,331.204865,236,155,11,68,62,9,70,199,0,0,0,0,0,0,0,0
331.868134,331.748383,236,155,11,68,62,9,70,199,0,0,0,0,0,0,0,0
332.417572,332.296600,236,155,11,68,62,9,70,199,0,0,0,0,0,0,0,0
332.967041,332.841827,236,155,11,68,62,9,70,199,0,0,0,0,0,0,0,0
333.516479,333.386017,236,155,11,68,62,9,70,199,0,0,0,0,0,0,0,0
334.065948,333.955750,185,155,11,68,62,9,70,199,0,0,0,0,0,0,0,0
334.615387,334.501160,185,155,11,68,62,9,70,199,0,0,0,0,0,0,0,0
335.164825,335.045868,185,155,11,68,62,9,70,199,0,0,0,0,0,0,0,0
335.714294,335.592194,185,155,11,68,62,9,70,199,0,0,0,0,0,0,0,0
336.263733,336.136078,185,155,11,68,62,9,70,199,0,0,0,0,0,0,0,0
336.813202,336.679108,185,155,11,68,62,9,70,199,0,0,0,0,0,0,0,0
337.307678,337.196503,24,155,11,68,62,9,70,199,0,0,0,0,0,0,0,0
337.857147,337.741516,24,155,11,68,62,9,70,199,0,0,0,0,0,0,0,0
338.406586,338.286682,24,155,11,68,62,9,70,199,0,0,0,0,0,0,0,0
338.956055,338.829956,24,155,11,68,62,9,70,199,0,0,0,0,0,0,0,0
339.505493,339.375122,24,155,11,68,62,9,70,199,0,0,0,0,0,0,0,0
340.054932,339.919434,24,155,11,68,62,9,70,199,0,0,0,0,0,0,0,0
340.604401,340.493988,136,155,11,68,62,9,70,199,0,0,0,0,0,0,0,0
341.153839,341.037292,136,155,11,68,62,9,70,199,0,0,0,0,0,0,0,0
341.703308,341.579559,136,155,11,68,62,9,70,199,0,0,0,0,0,0,0,0
342.252747,342.126465,136,155,11,68,62,9,70,199,0,0,0,0,0,0,0,0
342.802185,342.671722,158,155,11,68,62,9,70,199,0,0,0,0,0,0,0,0
343.351654,343.216736,169,155,11,68,62,9,70,199,0,0,0,0,0,0,0,0
343.846161,343.733093,169,155,11,68,62,9,70,199,0,0,0,0,0,0,0,0
344.395599,344.278473,169,155,11,68,62,9,70,199,0,0,0,0,0,0,0,0
344.945068,344.824310,169,155,11,68,62,9,70,199,0,0,0,0,0,0,0,0
345.494507,345.369415,169,155,11,68,62,9,70,199,0,0,0,0,0,0,0,0
346.043945,345.912689,169,155,11,68,62,9,70,199,0,0,0,0,0,0,0,0
346.593414,346.458527,169,155,11,68,62,9,70,199,0,0,0,0,0,0,0,0
347.142853,347.031464,91,155,11,68,62,9,70,199,0,0,0,0,0,0,0,0
347.692322,347.577637,91,155,11,68,62,9,70,199,0,0,0,0,0,0,0,0
348.241760,348.122803,91,155,11,68,62,9,70,199,0,0,0,0,0,0,0,0
348.791199,348.667572,91,155,11,68,62,9,70,199,0,0,0,0,0,0,0,0
349.340668,349.212769,91,155,11,68,62,9,70,199,0,0,0,0,0,0,0,0
349.890106,349.758911,91,155,11,68,62,9,70,199,0,0,0,0,0,0,0,0
350.439575,350.301300,91,155,11,68,62,9,70,199,0,0,0,0,0,0,0,0
350.934052,350.818207,91,155,11,68,62,9,70,199,0,0,0,0,0,0,0,0
351.483521,351.364166,91,155,11,68,62,9,70,199,0,0,0,0,0,0,0,0
352.032959,351.909027,91,155,11,68,62,9,70,199,0,0,0,0,0,0,0,0
352.582428,352.454773,91,155,11,68,62,9,70,199,0,0,0,0,0,0,0,0
353.131866,352.998657,91,155,11,68,62,9,70,199,0,0,0,0,0,0,0,0
353.681305,353.544281,115,155,11,68,62,9,70,199,0,0,0,0,0,0,0,0
354.230774,354.090424,115,155,11,68,62,9,70,199,0,0,0,0,0,0,0,0
354.780212,354.662445,115,155,11,68,62,9,70,199,0,0,0,0,0,0,0,0
355.329681,355.205811,115,155,11,68,62,9,70,199,0,0,0,0,0,0,0,0
355.879120,355.754089,115,155,11,68,62,9,70,199,0,0,0,0,0,0,0,0
356.428558,356.299255,58,155,11,68,62,9,70,199,0,0,0,0,0,0,0,0
356.978027,356.845337,58,155,11,68,62,9,70,199,0,0,0,0,0,0,0,0
357.527466,357.390717,58,155,11,68,62,9,70,199,0,0,0,0,0,0,0,0
358.076935,357.936737,114,155,11,68,62,9,70,199,0,0,0,0,0,0,0,0
358.626373,358.454498,114,155,11,68,62,9,70,199,0,0,0,0,0,0,0,0
359.120880,358.999298,114,155,11,68,62,9,70,199,0,0,0,0,0,0,0,0
359.670319,359.541565,114,155,11,68,62,9,70,199,0,0,0,0,0,0,0,0
360.219788,360.087067,114,155,11,68,62,9,70,199,0,0,0,0,0,0,0,0
360.769226,360.631927,114,155,11,68,62,9,70,199,0,0,0,0,0,0,0,0
361.318695,361.175446,110,155,11,68,62,9,70,199,0,0,0,0,0,0,0,0
361.868134,361.749573,110,155,11,68,62,9,70,199,0,0,0,0,0,0,0,0
362.417572,362.294281,110,155,11,68,62,9,70,199,0,0,0,0,0,0,0,0
362.967041,362.838074,110,155,11,68,62,9,70,199,0,0,0,0,0,0,0,0
363.516479,363.381531,244,155,11,68,62,9,70,199,0,0,0,0,0,0,0,0
364.065948,363.926910,244,155,11,68,62,9,70,199,0,0,0,0,0,0,0,0
364.615387,364.442047,244,155,11,68,62,9,70,199,0,0,0,0,0,0,0,0
365.109894,364.986694,244,155,11,68,62,9,70,199,0,0,0,0,0,0,0,0
365.659332,365.532745,244,155,11,68,62,9,70,199,0,0,0,0,0,0,0,0
366.208801,366.078613,244,155,11,68,62,9,70,199,0,0,0,0,0,0,0,0
366.758240,366.624695,138,155,11,68,62,9,70,199,0,0,0,0,0,0,0,0
367.307678,367.170288,138,155,11,68,62,9,70,199,0,0,0,0,0,0,0,0
367.857147,367.715027,35,155,11,68,62,9,70,199,0,0,0,0,0,0,0,0
368.406586,368.261261,186,155,11,68,62,9,70,199,0,0,0,0,0,0,0,0
368.956055,368.832886,186,155,11,68,62,9,70,199,0,0,0,0,0,0,0,0
369.505493,369.376923,203,155,11,68,62,9,70,199,0,0,0,0,0,0,0,0
370.054932,369.922546,197,155,11,68,62,9,70,199,0,0,0,0,0,0,0,0
370.604401,370.467865,4,155,11,68,62,9,70,199,0,0,0,0,0,0,0,0
371.153839,371.017029,109,155,11,68,62,9,70,199,0,0,0,0,0,0,0,0
371.703308,371.560547,109,155,11,68,62,9,70,199,0,0,0,0,0,0,0,0
372.252747,372.077362,109,155,11,68,62,9,70,199,0,0,0,0,0,0,0,0
372.747253,372.622375,109,155,11,68,62,9,70,199,0,0,0,0,0,0,0,0
373.296692,373.168427,113,155,11,68,62,9,70,199,0,0,0,0,0,0,0,0
373.846161,373.714142,113,155,11,68,62,9,70,199,0,0,0,0,0,0,0,0
374.395599,374.260742,113,155,11,68,62,9,70,199,0,0,0,0,0,0,0,0
374.945068,374.806427,113,155,11,68,62,9,70,199,0,0,0,0,0,0,0,0
375.494507,375.350555,113,155,11,68,62,9,70,199,0,0,0,0,0,0,0,0
376.043945,375.921600,113,155,11,68,62,9,70,199,0,0,0,0,0,0,0,0
376.593414,376.467041,113,155,11,68,62,9,70,199,0,0,0,0,0,0,0,0
377.142853,377.012360,113,155,11,68,62,9,70,199,0,0,0,0,0,0,0,0
377.692322,377.557678,108,155,11,68,62,9,70,199,0,0,0,0,0,0,0,0
378.241760,378.101868,8,155,11,68,62,9,70,199,0,0,0,0,0,0,0,0
378.791199,378.647186,8,155,11,68,62,9,70,199,0,0,0,0,0,0,0,0
379.340668,379.192200,8,155,11,68,62,9,70,199,0,0,0,0,0,0,0,0
379.835175,379.709290,8,155,11,68,62,9,70,199,0,0,0,0,0,0,0,0
380.384613,380.254547,8,155,11,68,62,9,70,199,0,0,0,0,0,0,0,0
380.934052,380.798553,8,155,11,68,62,9,70,199,0,0,0,0,0,0,0,0
381.483521,381.341736,8,155,11,68,62,9,70,199,0,0,0,0,0,0,0,0
382.032959,381.887360,181,155,11,68,62,9,70,199,0,0,0,0,0,0,0,0
382.582428,382.432800,181,155,11,68,62,9,70,199,0,0,0,0,0,0,0,0
383.131866,383.004700,181,155,11,68,62,9,70,199,0,0,0,0,0,0,0,0
383.681305,383.548126,246,155,11,68,62,9,70,199,0,0,0,0,0,0,0,0
384.230774,384.093048,162,155,11,68,62,9,70,199,0,0,0,0,0,0,0,0
384.780212,384.639679,162,155,11,68,62,9,70,199,0,0,0,0,0,0,0,0
385.329681,385.185669,162,155,11,68,62,9,70,199,0,0,0,0,0,0,0,0
385.879120,385.727936,194,155,11,68,62,9,70,199,0,0,0,0,0,0,0,0
386.373627,386.245056,194,155,11,68,62,9,70,199,0,0,0,0,0,0,0,0
386.923065,386.791199,20,155,11,68,62,9,70,199,0,0,0,0,0,0,0,0
387.472534,387.336365,20,155,11,68,62,9,70,199,0,0,0,0,0,0,0,0
388.021973,387.881927,50,155,11,68,62,9,70,199,0,0,0,0,0,0,0,0
388.571442,388.427094,50,155,11,68,62,9,70,199,0,0,0,0,0,0,0,0
389.120880,388.972198,172,155,11,68,62,9,70,199,0,0,0,0,0,0,0,0
389.670319,389.518860,172,155,11,68,62,9,70,199,0,0,0,0,0,0,0,0
390.219788,390.090057,172,155,11,68,62,9,70,199,0,0,0,0,0,0,0,0
390.769226,390.636230,37,155,11,68,62,9,70,199,0,0,0,0,0,0,0,0
391.318695,391.182190,10,155,11,68,62,9,70,199,0,0,0,0,0,0,0,0
391.868134,391.728271,83,155,11,68,62,9,70,199,0,0,0,0,0,0,0,0
392.417572,392.272675,83,155,11,68,62,9,70,199,0,0,0,0,0,0,0,0
392.967041,392.817993,83,155,11,68,62,9,70,199,0,0,0,0,0,0,0,0
393.516479,393.333221,83,155,11,68,62,9,70,199,0,0,0,0,0,0,0,0
394.010986,393.878662,83,155,11,68,62,9,70,199,0,0,0,0,0,0,0,0
394.560425,394.424377,83,155,11,68,62,9,70,199,0,0,0,0,0,0,0,0
395.109894,394.968628,83,155,11,68,62,9,70,199,0,0,0,0,0,0,0,0
395.659332,395.514343,189,155,11,68,62,9,70,199,0,0,0,0,0,0,0,0
396.208801,396.059937,189,155,11,68,62,9,70,199,0,0,0,0,0,0,0,0
396.758240,396.606110,189,155,11,68,62,9,70,199,0,0,0,0,0,0,0,0
397.307678,397.178528,189,155,11,68,62,9,70,199,0,0,0,0,0,0,0,0
397.857147,397.721893,189,155,11,68,62,9,70,199,0,0,0,0,0,0,0,0
398.406586,398.265747,189,155,11,68,62,9,70,199,0,0,0,0,0,0,0,0
398.956055,398.811401,189,155,11,68,62,9,70,199,0,0,0,0,0,0,0,0
399.505493,399.356476,170,155,11,68,62,9,70,199,0,0,0,0,0,0,0,0
400.054932,399.900665,170,155,11,68,62,9,70,199,0,0,0,0,0,0,0,0
400.604401,400.419495,170,155,11,68,62,9,70,199,0,0,0,0,0,0,0,0
401.098907,400.964203,170,155,11,68,62,9,70,199,0,0,0,0,0,0,0,0
401.648346,401.507263,170,155,11,68,62,9,70,199,0,0,0,0,0,0,0,0
402.197815,402.053040,170,155,11,68,62,9,70,199,0,0,0,0,0,0,0,0
402.747253,402.598877,170,155,11,68,62,9,70,199,0,0,0,0,0,0,0,0
403.296692,403.143982,170,155,11,68,62,9,70,199,0,0,0,0,0,0,0,0
403.846161,403.688599,170,155,11,68,62,9,70,199,0,0,0,0,0,0,0,0
404.395599,404.260712,130,155,11,68,62,9,70,199,0,0,0,0,0,0,0,0
404.945068,404.805420,130,155,11,68,62,9,70,199,0,0,0,0,0,0,0,0
405.494507,405.351501,130,155,11,68,62,9,70,199,0,0,0,0,0,0,0,0
406.043945,405.896240,130,155,11,68,62,9,70,199,0,0,0,0,0,0,0,0
406.593414,406.439514,130,155,11,68,62,9,70,199,0,0,0,0,0,0,0,0
407.142853,406.983612,130,155,11,68,62,9,70,199,0,0,0,0,0,0,0,0
407.637360,407.501526,130,155,11,68,62,9,70,199,0,0,0,0,0,0,0,0
408.186798,408.046112,130,155,11,68,62,9,70,199,0,0,0,0,0,0,0,0
408.736267,408.591553,130,155,11,68,62,9,70,199,0,0,0,0,0,0,0,0
409.285706,409.135468,130,155,11,68,62,9,70,199,0,0,0,0,0,0,0,0
409.835175,409.681122,130,155,11,68,62,9,70,199,0,0,0,0,0,0,0,0
410.384613,410.226440,239,155,11,68,62,9,70,199,0,0,0,0,0,0,0,0
410.934052,410.797577,174,155,11,68,62,9,70,199,0,0,0,0,0,0,0,0
411.483521,411.341858,174,155,11,68,62,9,70,199,0,0,0,0,0,0,0,0
412.032959,411.887848,41,155,11,68,62,9,70,199,0,0,0,0,0,0,0,0
412.582428,412.432556,41,155,11,68,62,9,70,199,0,0,0,0,0,0,0,0
413.131866,412.979004,20,155,11,68,62,9,70,199,0,0,0,0,0,0,0,0
413.681305,413.524170,20,155,11,68,62,9,70,199,0,0,0,0,0,0,0,0
414.230774,414.070435,20,155,11,68,62,9,70,199,0,0,0,0,0,0,0,0
414.780212,414.588623,75,155,11,68,62,9,70,199,0,0,0,0,0,0,0,0
415.274719,415.133179,75,155,11,68,62,9,70,199,0,0,0,0,0,0,0,0
415.824188,415.677094,75,155,11,68,62,9,70,199,0,0,0,0,0,0,0,0
416.373627,416.221741,75,155,11,68,62,9,70,199,0,0,0,0,0,0,0,0
416.923065,416.766113,28,155,11,68,62,9,70,199,0,0,0,0,0,0,0,0
417.472534,417.312347,28,155,11,68,62,9,70,199,0,0,0,0,0,0,0,0
418.021973,417.884338,28,155,11,68,62,9,70,199,0,0,0,0,0,0,0,0
418.571442,418.428192,28,155,11,68,62,9,70,199,0,0,0,0,0,0,0,0
419.120880,418.975098,28,155,11,68,62,9,70,199,0,0,0,0,0,0,0,0
419.670319,419.519287,28,155,11,68,62,9,70,199,0,0,0,0,0,0,0,0
420.219788,420.064514,28,155,11,68,62,9,70,199,0,0,0,0,0,0,0,0
420.769226,420.608704,28,155,11,68,62,9,70,199,0,0,0,0,0,0,0,0
421.318695,421.126190,28,155,11,68,62,9,70,199,0,0,0,0,0,0,0,0
421.813202,421.670898,28,155,11,68,62,9,70,199,0,0,0,0,0,0,0,0
422.362640,422.216919,28,155,11,68,62,9,70,199,0,0,0,0,0,0,0,0
422.912079,422.760620,28,155,11,68,62,9,70,199,0,0,0,0,0,0,0,0
423.461548,423.308014,28,155,11,68,62,9,70,199,0,0,0,0,0,0,0,0
424.010986,423.853333,28,155,11,68,62,9,70,199,0,0,0,0,0,0,0,0
424.560425,424.398163,28,155,11,68,62,9,70,199,0,0,0,0,0,0,0,0
425.109894,424.971344,28,155,11,68,62,9,70,199,0,0,0,0,0,0,0,0
425.659332,425.515839,28,155,11,68,62,9,70,199,0,0,0,0,0,0,0,0
426.208801,426.060852,85,155,11,68,62,9,70,199,0,0,0,0,0,0,0,0
426.758240,426.607361,85,155,11,68,62,9,70,199,0,0,0,0,0,0,0,0
427.307678,427.151184,72,155,11,68,62,9,70,199,0,0,0,0,0,0,0,0
427.857147,427.694092,72,155,11,68,62,9,70,199,0,0,0,0,0,0,0,0
428.406586,428.211792,72,155,11,68,62,9,70,199,0,0,0,0,0,0,0,0
428.901093,428.756714,72,155,11,68,62,9,70,199,0,0,0,0,0,0,0,0
429.450562,429.301208,96,155,11,68,62,9,70,199,0,0,0,0,0,0,0,0
430.000000,429.845490,96,155,11,68,62,9,70,199,0,0,0,0,0,0,0,0
430.549438,430.391266,96,155,11,68,62,9,70,199,0,0,0,0,0,0,0,0
431.098907,430.937164,96,155,11,68,62,9,70,199,0,0,0,0,0,0,0,0
431.648346,431.485382,96,155,11,68,62,9,70,199,0,0,0,0,0,0,0,0
432.197815,432.055725,96,155,11,68,62,9,70,199,0,0,0,0,0,0,0,0
432.747253,432.600830,96,155,11,68,62,9,70,199,0,0,0,0,0,0,0,0
433.296692,433.146362,96,155,11,68,62,9,70,199,0,0,0,0,0,0,0,0
433.846161,433.692810,64,155,11,68,62,9,70,199,0,0,0,0,0,0,0,0
434.395599,434.236023,64,155,11,68,62,9,70,199,0,0,0,0,0,0,0,0
434.945068,434.779358,64,155,11,68,62,9,70,199,0,0,0,0,0,0,0,0
435.439575,435.294678,64,155,11,68,62,9,70,199,0,0,0,0,0,0,0,0
435.989014,435.841339,64,155,11,68,62,9,70,199,0,0,0,0,0,0,0,0
436.538452,436.385986,64,155,11,68,62,9,70,199,0,0,0,0,0,0,0,0
437.087921,436.930908,64,155,11,68,62,9,70,199,0,0,0,0,0,0,0,0
437.637360,437.474030,64,155,11,68,62,9,70,199,0,0,0,0,0,0,0,0
438.186798,438.019897,64,155,11,68,62,9,70,199,0,0,0,0,0,0,0,0
438.736267,438.592224,64,155,11,68,62,9,70,199,0,0,0,0,0,0,0,0
439.285706,439.138153,64,155,11,68,62,9,70,199,0,0,0,0,0,0,0,0
439.835175,439.682343,64,155,11,68,62,9,70,199,0,0,0,0,0,0,0,0
440.384613,440.227692,64,155,11,68,62,9,70,199,0,0,0,0,0,0,0,0
440.934052,440.773712,64,155,11,68,62,9,70,199,0,0,0,0,0,0,0,0
441.483521,441.318573,64,155,11,68,62,9,70,199,0,0,0,0,0,0,0,0
442.032959,441.862946,64,155,11,68,62,9,70,199,0,0,0,0,0,0,0,0
442.582428,442.380920,64,155,11,68,62,9,70,199,0,0,0,0,0,0,0,0
443.076935,442.925415,64,155,11,68,62,9,70,199,0,0,0,0,0,0,0,0
443.626373,443.470520,64,155,11,68,62,9,70,199,0,0,0,0,0,0,0,0
444.175812,444.015747,64,155,11,68,62,9,70,199,0,0,0,0,0,0,0,0
444.725281,444.561432,64,155,11,68,62,9,70,199,0,0,0,0,0,0,0,0
445.274719,445.107147,64,155,11,68,62,9,70,199,0,0,0,0,0,0,0,0
445.824188,445.652100,64,155,11,68,62,9,70,199,0,0,0,0,0,0,0,0
446.373627,446.223602,64,155,11,68,62,9,70,199,0,0,0,0,0,0,0,0
446.923065,446.768219,64,155,11,68,62,9,70,199,0,0,0,0,0,0,0,0
447.472534,447.314545,64,155,11,68,62,9,70,199,0,0,0,0,0,0,0,0
448.021973,447.859100,64,155,11,68,62,9,70,199,0,0,0,0,0,0,0,0
448.571442,448.402832,64,155,11,68,62,9,70,199,0,0,0,0,0,0,0,0
449.120880,448.948151,64,155,11,68,62,9,70,199,0,0,0,0,0,0,0,0
449.615387,449.465820,64,155,11,68,62,9,70,199,0,0,0,0,0,0,0,0
450.164825,450.012451,64,155,11,68,62,9,70,199,0,0,0,0,0,0,0,0
450.714294,450.555481,64,155,11,68,62,9,70,199,0,0,0,0,0,0,0,0
451.263733,451.100128,64,155,11,68,62,9,70,199,0,0,0,0,0,0,0,0
451.813202,451.645172,64,155,11,68,62,9,70,199,0,0,0,0,0,0,0,0
452.362640,452.189728,64,155,11,68,62,9,70,199,0,0,0,0,0,0,0,0
452.912079,452.760925,64,155,11,68,62,9,70,199,0,0,0,0,0,0,0,0
453.461548,453.305237,64,155,11,68,62,9,70,199,0,0,0,0,0,0,0,0
454.010986,453.849091,64,155,11,68,62,9,70,199,0,0,0,0,0,0,0,0
454.560425,454.394287,64,155,11,68,62,9,70,199,0,0,0,0,0,0,0,0
455.109894,454.941071,64,155,11,68,62,9,70,199,0,0,0,0,0,0,0,0
455.659332,455.485413,64,155,11,68,62,9,70,199,0,0,0,0,0,0,0,0
456.208801,456.002167,64,155,11,68,62,9,70,199,0,0,0,0,0,0,0,0
456.703308,456.547668,64,155,11,68,62,9,70,199,0,0,0,0,0,0,0,0
457.252747,457.091919,64,155,11,68,62,9,70,199,0,0,0,0,0,0,0,0
457.802185,457.637085,64,155,11,68,62,9,70,199,0,0,0,0,0,0,0,0
458.351654,458.184052,64,155,11,68,62,9,70,199,0,0,0,0,0,0,0,0
458.901093,458.727020,64,155,11,68,62,9,70,199,0,0,0,0,0,0,0,0
459.450562,459.298828,64,155,11,68,62,9,70,199,0,0,0,0,0,0,0,0
460.000000,459.844147,64,155,11,68,62,9,70,199,0,0,0,0,0,0,0,0
460.549438,460.388123,64,155,11,68,62,9,70,199,0,0,0,0,0,0,0,0
461.098907,460.933655,64,155,11,68,62,9,70,199,0,0,0,0,0,0,0,0
461.648346,461.477997,64,155,11,68,62,9,70,199,0,0,0,0,0,0,0,0
462.197815,462.023163,64,155,11,68,62,9,70,199,0,0,0,0,0,0,0,0
462.747253,462.568848,64,155,11,68,62,9,70,199,0,0,0,0,0,0,0,0
463.241760,463.084595,64,155,11,68,62,9,70,199,0,0,0,0,0,0,0,0
463.791199,463.628021,64,155,11,68,62,9,70,199,0,0,0,0,0,0,0,0
464.340668,464.173279,64,155,11,68,62,9,70,199,0,0,0,0,0,0,0,0
464.890106,464.717377,64,155,11,68,62,9,70,199,0,0,0,0,0,0,0,0
465.439575,465.263062,64,155,11,68,62,9,70,199,0,0,0,0,0,0,0,0
465.989014,465.835266,64,155,11,68,62,9,70,199,0,0,0,0,0,0,0,0
466.538452,466.380524,64,155,11,68,62,9,70,199,0,0,0,0,0,0,0,0
467.087921,466.925232,64,155,11,68,62,9,70,199,0,0,0,0,0,0,0,0
467.637360,467.471283,64,155,11,68,62,9,70,199,0,0,0,0,0,0,0,0
468.186798,468.014282,64,155,11,68,62,9,70,199,0,0,0,0,0,0,0,0
468.736267,468.558685,64,155,11,68,62,9,70,199,0,0,0,0,0,0,0,0
469.285706,469.105194,64,155,11,68,62,9,70,199,0,0,0,0,0,0,0,0
469.780212,469.622223,64,155,11,68,62,9,70,199,0,0,0,0,0,0,0,0
470.329681,470.165283,64,155,11,68,62,9,70,199,0,0,0,0,0,0,0,0
470.879120,470.711731,64,155,11,68,62,9,70,199,0,0,0,0,0,0,0,0
471.428558,471.255707,64,155,11,68,62,9,70,199,0,0,0,0,0,0,0,0
471.978027,471.801178,64,155,11,68,62,9,70,199,0,0,0,0,0,0,0,0
472.527466,472.345856,64,155,11,68,62,9,70,199,0,0,0,0,0,0,0,0
473.076935,472.919556,64,155,11,68,62,9,70,199,0,0,0,0,0,0,0,0
473.626373,473.465729,64,155,11,68,62,9,70,199,0,0,0,0,0,0,0,0
474.175812,474.009857,64,155,11,68,62,9,70,199,0,0,0,0,0,0,0,0
474.725281,474.554901,64,155,11,68,62,9,70,199,0,0,0,0,0,0,0,0
475.274719,475.097961,64,155,11,68,62,9,70,199,0,0,0,0,0,0,0,0
475.824188,475.642853,64,155,11,68,62,9,70,199,0,0,0,0,0,0,0,0
476.318695,476.159393,64,155,11,68,62,9,70,199,0,0,0,0,0,0,0,0
476.868134,476.705505,64,155,11,68,62,9,70,199,0,0,0,0,0,0,0,0
477.417572,477.248474,64,155,11,68,62,9,70,199,0,0,0,0,0,0,0,0
477.967041,477.791504,64,155,11,68,62,9,70,199,0,0,0,0,0,0,0,0
478.516479,478.338409,64,155,11,68,62,9,70,199,0,0,0,0,0,0,0,0
479.065948,478.884247,64,155,11,68,62,9,70,199,0,0,0,0,0,0,0,0
479.615387,479.455322,64,155,11,68,62,9,70,199,0,0,0,0,0,0,0,0
480.164825,479.999878,64,155,11,68,62,9,70,199,0,0,0,0,0,0,0,0
480.714294,480.543427,64,155,11,68,62,9,70,199,0,0,0,0,0,0,0,0
481.263733,481.088165,64,155,11,68,62,9,70,199,0,0,0,0,0,0,0,0
481.813202,481.633575,64,155,11,68,62,9,70,199,0,0,0,0,0,0,0,0
482.362640,482.177979,64,155,11,68,62,9,70,199,0,0,0,0,0,0,0,0
482.857147,482.692596,64,155,11,68,62,9,70,199,0,0,0,0,0,0,0,0
483.406586,483.235565,64,155,11,68,62,9,70,199,0,0,0,0,0,0,0,0
483.956055,483.778900,64,155,11,68,62,9,70,199,0,0,0,0,0,0,0,0
484.505493,484.323242,64,155,11,68,62,9,70,199,0,0,0,0,0,0,0,0
485.054932,484.869171,64,155,11,68,62,9,70,199,0,0,0,0,0,0,0,0
485.604401,485.441132,64,155,11,68,62,9,70,199,0,0,0,0,0,0,0,0
486.153839,485.986908,64,155,11,68,62,9,70,199,0,0,0,0,0,0,0,0
486.703308,486.532379,64,155,11,68,62,9,70,199,0,0,0,0,0,0,0,0
487.252747,487.077454,64,155,11,68,62,9,70,199,0,0,0,0,0,0,0,0
487.802185,487.623138,64,155,11,68,62,9,70,199,0,0,0,0,0,0,0,0
488.351654,488.169678,64,155,11,68,62,9,70,199,0,0,0,0,0,0,0,0
488.901093,488.713715,64,155,11,68,62,9,70,199,0,0,0,0,0,0,0,0
489.450562,489.232849,64,155,11,68,62,9,70,199,0,0,0,0,0,0,0,0
489.945068,489.777191,64,155,11,68,62,9,70,199,0,0,0,0,0,0,0,0
490.494507,490.322723,64,155,11,68,62,9,70,199,0,0,0,0,0,0,0,0
491.043945,490.867584,64,155,11,68,62,9,70,199,0,0,0,0,0,0,0,0
491.593414,491.414276,64,155,11,68,62,9,70,199,0,0,0,0,0,0,0,0
492.142853,491.956207,64,155,11,68,62,9,70,199,0,0,0,0,0,0,0,0
492.692322,492.526886,64,155,11,68,62,9,70,199,0,0,0,0,0,0,0,0
493.241760,493.072266,64,155,11,68,62,9,70,199,0,0,0,0,0,0,0,0
493.791199,493.617889,64,155,11,68,62,9,70,199,0,0,0,0,0,0,0,0
494.340668,494.163177,64,155,11,68,62,9,70,199,0,0,0,0,0,0,0,0
494.890106,494.708832,64,155,11,68,62,9,70,199,0,0,0,0,0,0,0,0
495.439575,495.253143,64,155,11,68,62,9,70,199,0,0,0,0,0,0,0,0
495.989014,495.799225,64,155,11,68,62,9,70,199,0,0,0,0,0,0,0,0
496.483521,496.315552,64,155,11,68,62,9,70,199,0,0,0,0,0,0,0,0
497.032959,496.860107,64,155,11,68,62,9,70,199,0,0,0,0,0,0,0,0
497.582428,497.405914,64,155,11,68,62,9,70,199,0,0,0,0,0,0,0,0
498.131866,497.950623,64,155,11,68,62,9,70,199,0,0,0,0,0,0,0,0
498.681305,498.493286,64,155,11,68,62,9,70,199,0,0,0,0,0,0,0,0
499.230774,499.040649,64,155,11,68,62,9,70,199,0,0,0,0,0,0,0,0
499.780212,499.611877,64,155,11,68,62,9,70,199,0,0,0,0,0,0,0,0
500.329681,500.157990,64,155,11,68,62,9,70,199,0,0,0,0,0,0,0,0
500.879120,500.702240,64,155,11,68,62,9,70,199,0,0,0,0,0,0,0,0
501.428558,501.245972,64,155,11,68,62,9,70,199,0,0,0,0,0,0,0,0
501.978027,501.790863,64,155,11,68,62,9,70,199,0,0,0,0,0,0,0,0
502.527466,502.337158,64,155,11,68,62,9,70,199,0,0,0,0,0,0,0,0
503.021973,502.853485,64,155,11,68,62,9,70,199,0,0,0,0,0,0,0,0
503.571442,503.397247,64,155,11,68,62,9,70,199,0,0,0,0,0,0,0,0
504.120880,503.941193,64,155,11,68,62,9,70,199,0,0,0,0,0,0,0,0
504.670319,504.486267,64,155,11,68,62,9,70,199,0,0,0,0,0,0,0,0
505.219788,505.031464,64,155,11,68,62,9,70,199,0,0,0,0,0,0,0,0
505.769226,505.577087,64,155,11,68,62,9,70,199,0,0,0,0,0,0,0,0
506.318695,506.148590,64,155,11,68,62,9,70,199,0,0,0,0,0,0,0,0
506.868134,506.693573,64,155,11,68,62,9,70,199,0,0,0,0,0,0,0,0
507.417572,507.238068,64,155,11,68,62,9,70,199,0,0,0,0,0,0,0,0
507.967041,507.780518,64,155,11,68,62,9,70,199,0,0,0,0,0,0,0,0
508.516479,508.326385,64,155,11,68,62,9,70,199,0,0,0,0,0,0,0,0
509.065948,508.871094,64,155,11,68,62,9,70,199,0,0,0,0,0,0,0,0
509.560425,509.389008,64,155,11,68,62,9,70,199,0,0,0,0,0,0,0,0
510.109894,509.934692,64,155,11,68,62,9,70,199,0,0,0,0,0,0,0,0
510.659332,510.476624,64,155,11,68,62,9,70,199,0,0,0,0,0,0,0,0
511.208801,511.021698,64,155,11,68,62,9,70,199,0,0,0,0,0,0,0,0
511.758240,511.567017,64,155,11,68,62,9,70,199,0,0,0,0,0,0,0,0
512.307678,512.113159,64,155,11,68,62,9,70,199,0,0,0,0,0,0,0,0
512.857117,512.683044,64,155,11,68,62,9,70,199,0,0,0,0,0,0,0,0
513.406616,513.226685,64,155,11,68,62,9,70,199,0,0,0,0,0,0,0,0
513.956055,513.773132,64,155,11,68,62,9,70,199,0,0,0,0,0,0,0,0
514.505493,514.317322,64,155,11,68,62,9,70,199,0,0,0,0,0,0,0,0
515.054932,514.863586,64,155,11,68,62,9,70,199,0,0,0,0,0,0,0,0
515.604370,515.407593,64,155,11,68,62,9,70,199,0,0,0,0,0,0,0,0
516.153870,515.926392,64,155,11,68,62,9,70,199,0,0,0,0,0,0,0,0
516.648376,516.472900,64,155,11,68,62,9,70,199,0,0,0,0,0,0,0,0
517.197815,517.017090,64,155,11,68,62,9,70,199,0,0,0,0,0,0,0,0
517.747253,517.562744,64,155,11,68,62,9,70,199,0,0,0,0,0,0,0,0
518.296692,518.107666,64,155,11,68,62,9,70,199,0,0,0,0,0,0,0,0
518.846130,518.650818,64,155,11,68,62,9,70,199,0,0,0,0,0,0,0,0
519.395630,519.223572,64,155,11,68,62,9,70,199,0,0,0,0,0,0,0,0
519.945068,519.770630,64,155,11,68,62,9,70,199,0,0,0,0,0,0,0,0
520.494507,520.315063,64,155,11,68,62,9,70,199,0,0,0,0,0,0,0,0
521.043945,520.860535,64,155,11,68,62,9,70,199,0,0,0,0,0,0,0,0
521.593384,521.404114,64,155,11,68,62,9,70,199,0,0,0,0,0,0,0,0
522.142883,521.948303,64,155,11,68,62,9,70,199,0,0,0,0,0,0,0,0
522.692322,522.493347,64,155,11,68,62,9,70,199,0,0,0,0,0,0,0,0
523.186829,523.009583,64,155,11,68,62,9,70,199,0,0,0,0,0,0,0,0
523.736267,523.553894,64,155,11,68,62,9,70,199,0,0,0,0,0,0,0,0
524.285706,524.099426,64,155,11,68,62,9,70,199,0,0,0,0,0,0,0,0
524.835144,524.643494,64,155,11,68,62,9,70,199,0,0,0,0,0,0,0,0
525.384644,525.188110,64,155,11,68,62,9,70,199,0,0,0,0,0,0,0,0
525.934082,525.734741,64,155,11,68,62,9,70,199,0,0,0,0,0,0,0,0
526.483521,526.306824,64,155,11,68,62,9,70,199,0,0,0,0,0,0,0,0
527.032959,526.850098,64,155,11,68,62,9,70,199,0,0,0,0,0,0,0,0
527.582397,527.394043,64,155,11,68,62,9,70,199,0,0,0,0,0,0,0,0
528.131897,527.939148,64,155,11,68,62,9,70,199,0,0,0,0,0,0,0,0
528.681335,528.484314,64,155,11,68,62,9,70,199,0,0,0,0,0,0,0,0
529.230774,529.030396,64,155,11,68,62,9,70,199,0,0,0,0,0,0,0,0
529.725281,529.546753,64,155,11,68,62,9,70,199,0,0,0,0,0,0,0,0
530.274719,530.091553,64,155,11,68,62,9,70,199,0,0,0,0,0,0,0,0
530.824158,530.638855,64,155,11,68,62,9,70,199,0,0,0,0,0,0,0,0
531.373596,531.181702,64,155,11,68,62,9,70,199,0,0,0,0,0,0,0,0
531.923096,531.725769,64,155,11,68,62,9,70,199,0,0,0,0,0,0,0,0
532.472534,532.270752,64,155,11,68,62,9,70,199,0,0,0,0,0,0,0,0
533.021973,532.841858,64,155,11,68,62,9,70,199,0,0,0,0,0,0,0,0
533.571411,533.387390,64,155,11,68,62,9,70,199,0,0,0,0,0,0,0,0
534.120850,533.930542,64,155,11,68,62,9,70,199,0,0,0,0,0,0,0,0
534.670349,534.475159,64,155,11,68,62,9,70,199,0,0,0,0,0,0,0,0
535.219788,535.018921,64,155,11,68,62,9,70,199,0,0,0,0,0,0,0,0
535.769226,535.564453,64,155,11,68,62,9,70,199,0,0,0,0,0,0,0,0
536.263733,536.080627,64,155,11,68,62,9,70,199,0,0,0,0,0,0,0,0
536.813171,536.625732,64,155,11,68,62,9,70,199,0,0,0,0,0,0,0,0
537.362610,537.171875,64,155,11,68,62,9,70,199,0,0,0,0,0,0,0,0
537.912109,537.718140,64,155,11,68,62,9,70,199,0,0,0,0,0,0,0,0
538.461548,538.264343,64,155,11,68,62,9,70,199,0,0,0,0,0,0,0,0
539.010986,538.807922,64,155,11,68,62,9,70,199,0,0,0,0,0,0,0,0
539.560425,539.380798,64,155,11,68,62,9,70,199,0,0,0,0,0,0,0,0
540.109863,539.925598,64,155,11,68,62,9,70,199,0,0,0,0,0,0,0,0
540.659363,540.470215,64,155,11,68,62,9,70,199,0,0,0,0,0,0,0,0
541.208801,541.016174,64,155,11,68,62,9,70,199,0,0,0,0,0,0,0,0
541.758240,541.563110,64,155,11,68,62,9,70,199,0,0,0,0,0,0,0,0
542.307678,542.107971,64,155,11,68,62,9,70,199,0,0,0,0,0,0,0,0
542.857117,542.653687,64,155,11,68,62,9,70,199,0,0,0,0,0,0,0,0
543.406616,543.171021,64,155,11,68,62,9,70,199,0,0,0,0,0,0,0,0
543.901123,543.716125,64,155,11,68,62,9,70,199,0,0,0,0,0,0,0,0
544.450562,544.260193,64,155,11,68,62,9,70,199,0,0,0,0,0,0,0,0
545.000000,544.803955,64,155,11,68,62,9,70,199,0,0,0,0,0,0,0,0
545.549438,545.349121,64,155,11,68,62,9,70,199,0,0,0,0,0,0,0,0
546.098877,545.894470,64,155,11,68,62,9,70,199,0,0,0,0,0,0,0,0
546.648376,546.439575,64,155,11,68,62,9,70,199,0,0,0,0,0,0,0,0
547.197815,547.011597,64,155,11,68,62,9,70,199,0,0,0,0,0,0,0,0
547.747253,547.555359,64,155,11,68,62,9,70,199,0,0,0,0,0,0,0,0
548.296692,548.100647,64,155,11,68,62,9,70,199,0,0,0,0,0,0,0,0
548.846130,548.645996,64,155,11,68,62,9,70,199,0,0,0,0,0,0,0,0
549.395630,549.193542,64,155,11,68,62,9,70,199,0,0,0,0,0,0,0,0
549.945068,549.737244,64,155,11,68,62,9,70,199,0,0,0,0,0,0,0,0
550.439575,550.253967,64,155,11,68,62,9,70,199,0,0,0,0,0,0,0,0
550.989014,550.799927,64,155,11,68,62,9,70,199,0,0,0,0,0,0,0,0
551.538452,551.345703,64,155,11,68,62,9,70,199,0,0,0,0,0,0,0,0
552.087891,551.890808,64,155,11,68,62,9,70,199,0,0,0,0,0,0,0,0
552.637390,552.435608,64,155,11,68,62,9,70,199,0,0,0,0,0,0,0,0
553.186829,552.981018,64,155,11,68,62,9,70,199,0,0,0,0,0,0,0,0
553.736267,553.527649,64,155,11,68,62,9,70,199,0,0,0,0,0,0,0,0
