0.000000,0.000000,105,255,244,255,192,1,54,161,1,0,0,0,0,0,0,0
0.054945,0.061878,105,255,244,255,192,1,54,161,1,0,0,0,0,0,0,0
0.109890,0.122831,105,255,244,255,192,1,54,161,1,0,0,0,0,0,0,0
0.164835,0.183785,105,255,244,255,191,1,50,161,1,0,0,0,0,0,0,0
0.219780,0.243817,105,255,244,255,192,1,49,160,1,0,0,0,0,0,0,0
0.274725,0.303083,105,255,244,255,192,1,49,160,1,0,0,0,0,0,0,0
0.329670,0.362350,104,255,244,255,192,1,44,159,129,0,0,0,0,0,0,0
0.384615,0.422692,104,255,244,255,192,1,44,159,129,0,0,0,0,0,0,0
0.439560,0.482060,104,255,244,255,192,1,44,159,129,0,0,0,0,0,0,0
0.549451,0.541580,105,255,244,255,193,1,44,159,129,0,0,0,0,0,0,0
0.604396,0.600847,105,255,244,255,193,1,48,160,129,0,0,0,0,0,0,0
0.659341,0.660217,104,255,244,255,193,1,48,160,129,0,0,0,0,0,0,0
0.714286,0.720456,104,255,244,255,192,1,39,159,1,0,0,0,0,0,0,0
0.769231,0.779924,104,255,243,255,192,1,39,159,1,0,0,0,0,0,0,0
0.824176,0.839243,104,255,243,255,192,1,39,159,1,0,0,0,0,0,0,0
0.879121,0.898662,104,255,243,255,192,1,39,159,1,0,0,0,0,0,0,0
0.934066,0.957981,105,255,243,255,193,1,39,160,129,0,0,0,0,0,0,0
0.989011,1.018219,105,255,243,255,193,1,39,160,129,0,0,0,0,0,0,0
1.043956,1.077483,105,255,243,255,193,1,39,160,129,0,0,0,0,0,0,0
1.098901,1.136749,104,255,243,255,194,1,35,160,129,0,0,0,0,0,0,0
1.153846,1.198063,104,255,243,255,193,1,36,160,1,0,0,0,0,0,0,0
1.263736,1.258968,104,255,243,255,193,1,36,160,1,0,0,0,0,0,0,0
1.318681,1.319870,104,255,243,255,193,1,36,160,1,0,0,0,0,0,0,0
1.373626,1.380723,104,255,243,255,193,1,36,160,1,0,0,0,0,0,0,0
1.428571,1.441627,104,255,243,255,193,1,36,160,1,0,0,0,0,0,0,0
1.483516,1.502583,104,255,243,255,193,1,36,160,1,0,0,0,0,0,0,0
1.538462,1.563742,104,255,243,255,193,1,36,160,1,0,0,0,0,0,0,0
1.593407,1.625514,104,255,244,255,192,0,36,158,129,0,0,0,0,0,0,0
1.648352,1.685705,103,255,243,255,192,1,34,157,129,0,0,0,0,0,0,0
1.703297,1.745019,103,255,243,255,192,1,34,157,129,0,0,0,0,0,0,0
1.813187,1.805361,103,255,243,255,192,1,29,157,1,0,0,0,0,0,0,0
1.868132,1.864628,103,255,234,255,191,1,29,157,1,0,0,0,0,0,0,0
1.923077,1.924048,103,255,234,255,191,1,29,157,1,0,0,0,0,0,0,0
1.978022,1.983262,103,255,234,255,191,1,29,157,1,0,0,0,0,0,0,0
2.032967,2.042528,102,255,243,255,191,1,31,156,129,0,0,0,0,0,0,0
2.087912,2.102921,102,255,243,255,192,1,32,156,129,0,0,0,0,0,0,0
2.142857,2.162235,102,255,243,255,194,0,33,156,129,0,0,0,0,0,0,0
2.197802,2.221502,102,255,243,255,194,0,33,156,129,0,0,0,0,0,0,0
2.252747,2.280664,102,255,243,255,192,1,33,156,129,0,0,0,0,0,0,0
2.307692,2.339983,102,255,243,255,193,1,33,156,1,0,0,0,0,0,0,0
2.362637,2.400274,102,255,243,255,192,1,37,156,1,0,0,0,0,0,0,0
2.417583,2.459641,102,255,243,255,191,1,37,156,1,0,0,0,0,0,0,0
2.527472,2.519008,102,255,243,255,191,1,37,156,1,0,0,0,0,0,0,0
2.582417,2.578275,102,255,243,255,191,1,37,156,1,0,0,0,0,0,0,0
2.637363,2.638464,101,255,243,255,191,1,37,156,1,0,0,0,0,0,0,0
2.692308,2.698704,101,255,243,255,192,0,37,154,129,0,0,0,0,0,0,0
2.747253,2.758018,101,255,243,255,192,0,37,154,129,0,0,0,0,0,0,0
2.802198,2.817490,101,255,243,255,192,0,37,154,129,0,0,0,0,0,0,0
2.857143,2.876909,101,255,243,255,192,1,38,155,1,0,0,0,0,0,0,0
2.912088,2.937199,101,255,243,255,192,1,38,155,1,0,0,0,0,0,0,0
2.967033,2.996414,101,255,244,255,192,0,41,155,1,0,0,0,0,0,0,0
3.021978,3.055782,101,255,243,255,193,0,45,154,1,0,0,0,0,0,0,0
3.076923,3.115048,101,255,243,255,193,0,45,154,1,0,0,0,0,0,0,0
3.131868,3.174568,101,255,243,255,193,0,45,154,1,0,0,0,0,0,0,0
3.241758,3.233992,101,255,243,255,193,0,49,153,129,0,0,0,0,0,0,0
3.296703,3.294278,101,255,243,255,193,0,49,153,129,0,0,0,0,0,0,0
3.351648,3.353596,100,255,243,255,191,1,50,153,129,0,0,0,0,0,0,0
3.406593,3.412965,100,255,243,255,191,1,46,153,129,0,0,0,0,0,0,0
3.461539,3.472282,100,255,243,255,191,1,46,153,129,0,0,0,0,0,0,0
3.516484,3.531702,100,255,243,255,191,1,46,153,129,0,0,0,0,0,0,0
3.571429,3.590970,100,255,243,255,191,1,46,153,129,0,0,0,0,0,0,0
3.626374,3.652074,99,255,243,255,193,0,46,152,1,0,0,0,0,0,0,0
3.681319,3.711341,99,255,243,255,193,0,46,152,1,0,0,0,0,0,0,0
3.736264,3.770659,99,255,243,255,191,0,46,152,1,0,0,0,0,0,0,0
3.791209,3.831052,99,255,243,255,191,1,62,152,129,0,0,0,0,0,0,0
3.901099,3.891548,100,255,243,255,191,1,66,153,129,0,0,0,0,0,0,0
3.956044,3.950813,100,255,243,255,191,1,70,153,129,0,0,0,0,0,0,0
4.010989,4.010128,100,255,243,255,191,1,70,153,129,0,0,0,0,0,0,0
4.065934,4.069447,100,255,243,255,191,1,70,153,129,0,0,0,0,0,0,0
4.120879,4.128709,100,255,243,255,191,1,70,153,129,0,0,0,0,0,0,0
4.175824,4.188338,100,255,243,255,193,0,66,153,1,0,0,0,0,0,0,0
4.230769,4.248881,100,255,243,255,193,1,66,152,1,0,0,0,0,0,0,0
4.285714,4.309172,100,255,243,255,193,1,66,152,1,0,0,0,0,0,0,0
4.340659,4.368440,100,255,243,255,193,1,66,152,1,0,0,0,0,0,0,0
4.395605,4.427753,100,255,243,255,193,1,66,152,1,0,0,0,0,0,0,0
4.450550,4.487226,100,255,243,255,193,1,66,152,1,0,0,0,0,0,0,0
4.505495,4.546544,100,255,243,255,193,1,66,152,1,0,0,0,0,0,0,0
4.615385,4.606064,99,255,243,255,191,1,80,152,129,0,0,0,0,0,0,0
4.670330,4.666407,99,255,243,255,191,1,80,152,129,0,0,0,0,0,0,0
4.725275,4.725774,99,255,243,255,191,1,80,152,129,0,0,0,0,0,0,0
4.780220,4.785089,99,255,243,255,191,1,80,152,129,0,0,0,0,0,0,0
4.835165,4.845226,99,255,243,255,191,1,80,152,129,0,0,0,0,0,0,0
4.890110,4.906179,99,255,243,255,191,1,80,152,129,0,0,0,0,0,0,0
4.945055,4.967084,99,255,243,255,191,1,80,152,129,0,0,0,0,0,0,0
5.000000,5.028090,100,255,243,255,192,1,80,154,129,0,0,0,0,0,0,0
5.054945,5.090019,101,255,243,255,191,1,84,154,129,0,0,0,0,0,0,0
5.109890,5.149337,101,255,243,255,191,1,84,154,129,0,0,0,0,0,0,0
5.164835,5.208704,101,255,244,255,191,1,78,154,129,0,0,0,0,0,0,0
5.274725,5.268072,101,255,244,255,191,1,78,154,129,0,0,0,0,0,0,0
5.329670,5.327392,101,255,244,255,191,1,78,154,129,0,0,0,0,0,0,0
5.384615,5.386658,101,255,244,255,191,1,78,154,129,0,0,0,0,0,0,0
5.439560,5.446944,101,255,243,255,193,1,68,154,1,0,0,0,0,0,0,0
5.494505,5.506263,101,255,243,255,193,1,68,154,1,0,0,0,0,0,0,0
5.549450,5.565783,101,255,243,255,193,0,65,154,129,0,0,0,0,0,0,0
5.604395,5.626021,101,255,243,255,193,0,65,154,129,0,0,0,0,0,0,0
5.659341,5.685287,101,255,243,255,193,0,65,154,129,0,0,0,0,0,0,0
5.714286,5.744659,101,255,243,255,193,0,65,154,129,0,0,0,0,0,0,0
5.769231,5.803975,102,255,243,255,191,1,64,156,1,0,0,0,0,0,0,0
5.824176,5.864366,102,255,243,255,191,1,64,156,1,0,0,0,0,0,0,0
5.934066,5.923738,102,255,243,255,191,1,64,156,1,0,0,0,0,0,0,0
5.989011,5.983051,102,255,243,255,191,1,64,156,1,0,0,0,0,0,0,0
6.043956,6.043036,102,255,243,255,191,1,64,156,1,0,0,0,0,0,0,0
6.098901,6.103070,102,255,243,255,191,1,64,156,1,0,0,0,0,0,0,0
6.153846,6.163872,102,255,243,255,191,1,64,156,1,0,0,0,0,0,0,0
6.208791,6.224724,102,255,243,255,191,1,64,156,1,0,0,0,0,0,0,0
6.263736,6.285575,102,255,243,255,191,1,64,156,1,0,0,0,0,0,0,0
6.318681,6.347348,102,255,243,255,191,1,60,156,129,0,0,0,0,0,0,0
6.373626,6.408149,102,255,243,255,191,1,60,156,129,0,0,0,0,0,0,0
6.428571,6.469053,102,255,243,255,191,1,60,156,129,0,0,0,0,0,0,0
6.538462,6.530011,102,255,243,255,191,1,60,156,129,0,0,0,0,0,0,0
6.593407,6.591015,103,255,243,255,191,1,60,156,129,0,0,0,0,0,0,0
6.648352,6.651868,102,255,243,255,192,0,42,156,129,0,0,0,0,0,0,0
6.703297,6.712669,102,255,243,255,192,0,42,156,129,0,0,0,0,0,0,0
6.758242,6.773622,103,255,243,255,191,0,42,156,129,0,0,0,0,0,0,0
6.813187,6.834475,103,255,243,255,191,1,38,157,129,0,0,0,0,0,0,0
6.868132,6.893689,102,255,243,255,193,1,38,156,129,0,0,0,0,0,0,0
6.923077,6.953009,102,255,243,255,191,1,40,156,129,0,0,0,0,0,0,0
6.978022,7.013299,102,255,243,255,193,1,40,156,1,0,0,0,0,0,0,0
7.032967,7.072666,102,255,243,255,193,1,40,156,1,0,0,0,0,0,0,0
7.142857,7.132141,102,255,243,255,193,1,40,156,1,0,0,0,0,0,0,0
7.197802,7.191506,102,255,243,255,192,1,39,156,1,0,0,0,0,0,0,0
7.252747,7.250876,102,255,243,255,191,1,39,156,1,0,0,0,0,0,0,0
7.307693,7.311163,102,255,243,255,191,1,40,156,129,0,0,0,0,0,0,0
7.362638,7.370533,102,255,243,255,191,1,40,156,129,0,0,0,0,0,0,0
7.417583,7.429953,102,255,242,255,193,1,32,156,129,0,0,0,0,0,0,0
7.472528,7.489373,102,255,243,255,192,1,32,156,129,0,0,0,0,0,0,0
7.527472,7.549611,102,255,243,255,193,1,31,155,1,0,0,0,0,0,0,0
7.582417,7.608878,102,255,243,255,193,1,31,155,1,0,0,0,0,0,0,0
7.637362,7.668192,102,255,243,255,193,1,31,155,1,0,0,0,0,0,0,0
7.692307,7.727664,100,255,242,255,194,1,29,155,1,0,0,0,0,0,0,0
7.747253,7.787698,100,255,239,255,194,1,29,153,1,0,0,0,0,0,0,0
7.857143,7.847169,100,255,242,255,194,1,29,153,1,0,0,0,0,0,0,0
7.912088,7.908431,99,255,242,255,191,1,26,152,129,0,0,0,0,0,0,0
7.967033,7.967799,99,255,243,255,193,0,27,152,129,0,0,0,0,0,0,0
8.021978,8.027064,100,255,243,255,192,0,38,152,129,0,0,0,0,0,0,0
8.076923,8.087404,100,255,243,255,192,0,38,153,129,0,0,0,0,0,0,0
8.131868,8.146824,100,255,242,255,193,1,42,153,1,0,0,0,0,0,0,0
8.186813,8.207014,101,255,242,255,192,0,46,154,1,0,0,0,0,0,0,0
8.241758,8.266276,101,255,242,255,192,0,46,154,1,0,0,0,0,0,0,0
8.296703,8.325495,101,255,242,255,192,1,46,154,1,0,0,0,0,0,0,0
8.351648,8.384809,101,255,242,255,192,1,36,154,1,0,0,0,0,0,0,0
8.406593,8.444129,101,255,242,255,192,1,36,154,1,0,0,0,0,0,0,0
8.461538,8.503549,100,255,243,255,193,1,24,153,1,0,0,0,0,0,0,0
8.571428,8.563887,100,255,243,255,193,1,24,153,129,0,0,0,0,0,0,0
8.626373,8.623258,100,255,243,255,193,1,24,153,129,0,0,0,0,0,0,0
8.681318,8.682625,100,255,243,255,193,1,24,153,129,0,0,0,0,0,0,0
8.736263,8.741940,100,255,243,255,193,1,24,153,129,0,0,0,0,0,0,0
8.791209,8.801364,99,255,243,255,194,1,31,153,129,0,0,0,0,0,0,0
8.846154,8.862674,99,255,243,255,194,1,31,152,1,0,0,0,0,0,0,0
8.901099,8.921840,99,255,243,255,194,1,31,152,1,0,0,0,0,0,0,0
8.956044,8.981207,99,255,243,255,194,1,31,152,1,0,0,0,0,0,0,0
9.010989,9.042007,99,255,242,255,193,1,47,151,129,0,0,0,0,0,0,0
9.065934,9.102352,99,255,242,255,194,1,44,151,129,0,0,0,0,0,0,0
9.120879,9.161666,99,255,242,255,194,1,44,150,129,0,0,0,0,0,0,0
9.230769,9.221033,98,255,242,255,194,1,51,151,129,0,0,0,0,0,0,0
9.285714,9.280299,98,255,242,255,194,1,51,151,129,0,0,0,0,0,0,0
9.340659,9.339565,99,255,243,255,192,1,48,151,1,0,0,0,0,0,0,0
9.395604,9.399856,99,255,243,255,192,1,48,151,1,0,0,0,0,0,0,0
9.450549,9.459124,99,255,243,255,193,1,47,152,1,0,0,0,0,0,0,0
9.505494,9.518490,99,255,242,255,191,1,48,152,1,0,0,0,0,0,0,0
9.560439,9.578677,99,255,242,255,193,1,50,152,129,0,0,0,0,0,0,0
9.615385,9.637892,99,255,242,255,193,1,50,152,129,0,0,0,0,0,0,0
9.670330,9.697157,99,255,242,255,192,1,46,152,129,0,0,0,0,0,0,0
9.725275,9.756425,99,255,242,255,194,1,50,152,129,0,0,0,0,0,0,0
9.780220,9.815949,99,255,242,255,194,1,52,152,129,0,0,0,0,0,0,0
9.835165,9.876391,99,255,242,255,193,1,52,152,1,0,0,0,0,0,0,0
9.945055,9.935759,99,255,242,255,193,1,52,152,1,0,0,0,0,0,0,0
10.000000,9.995792,99,255,242,255,193,1,52,152,1,0,0,0,0,0,0,0
10.054945,10.055107,99,255,242,255,193,1,52,152,1,0,0,0,0,0,0,0
10.109890,10.114529,99,255,242,255,193,1,52,152,1,0,0,0,0,0,0,0
10.164835,10.173845,99,255,242,255,193,1,52,152,1,0,0,0,0,0,0,0
10.219780,10.233370,101,255,242,255,191,1,58,154,129,0,0,0,0,0,0,0
10.274725,10.294527,101,255,242,255,191,1,58,154,129,0,0,0,0,0,0,0
10.329670,10.353794,100,255,242,255,193,1,59,154,129,0,0,0,0,0,0,0
10.384615,10.413009,100,255,242,255,193,1,59,154,129,0,0,0,0,0,0,0
10.439561,10.472376,100,255,242,255,193,1,59,154,129,0,0,0,0,0,0,0
10.494506,10.531643,101,255,242,255,194,1,64,155,1,0,0,0,0,0,0,0
10.604396,10.592140,101,255,243,255,193,1,62,154,1,0,0,0,0,0,0,0
10.659341,10.651558,101,255,243,255,193,1,62,154,1,0,0,0,0,0,0,0
10.714286,10.710824,101,255,243,255,193,1,62,154,1,0,0,0,0,0,0,0
10.769231,10.771625,99,255,241,255,192,1,62,154,1,0,0,0,0,0,0,0
10.824176,10.833807,99,255,242,255,194,0,53,152,129,0,0,0,0,0,0,0
10.879121,10.893330,99,255,242,255,194,1,54,153,129,0,0,0,0,0,0,0
10.934066,10.953670,100,255,242,255,194,1,54,153,129,0,0,0,0,0,0,0
10.989011,11.012987,100,255,242,255,194,1,54,153,129,0,0,0,0,0,0,0
11.043956,11.073278,100,255,243,255,192,0,62,153,1,0,0,0,0,0,0,0
11.098901,11.132646,100,255,243,255,192,1,64,153,1,0,0,0,0,0,0,0
11.153846,11.191963,100,255,243,255,192,1,64,153,1,0,0,0,0,0,0,0
11.263737,11.251385,100,255,243,255,194,1,68,153,1,0,0,0,0,0,0,0
11.318682,11.310698,100,255,242,255,192,1,64,153,129,0,0,0,0,0,0,0
11.373627,11.370989,100,255,242,255,192,1,64,153,129,0,0,0,0,0,0,0
11.428572,11.430307,100,255,242,255,192,1,64,153,129,0,0,0,0,0,0,0
11.483517,11.489727,100,255,242,255,192,1,64,153,129,0,0,0,0,0,0,0
11.538462,11.549147,100,255,242,255,192,1,64,153,129,0,0,0,0,0,0,0
11.593407,11.608565,98,255,243,255,192,1,58,151,1,0,0,0,0,0,0,0
11.648352,11.669723,98,255,243,255,194,0,55,151,1,0,0,0,0,0,0,0
11.703297,11.728939,98,255,243,255,194,0,55,151,1,0,0,0,0,0,0,0
11.758242,11.789076,99,255,243,255,194,0,55,151,1,0,0,0,0,0,0,0
11.813187,11.848342,99,255,243,255,191,1,71,151,1,0,0,0,0,0,0,0
11.868132,11.907710,99,255,243,255,191,1,71,151,1,0,0,0,0,0,0,0
11.978022,11.967078,98,255,242,255,193,0,73,150,129,0,0,0,0,0,0,0
12.032967,12.027368,98,255,242,255,193,0,73,150,129,0,0,0,0,0,0,0
12.087913,12.086683,98,255,242,255,193,0,73,150,129,0,0,0,0,0,0,0
12.142858,12.146258,98,255,242,255,192,1,74,150,129,0,0,0,0,0,0,0
12.197803,12.205573,98,255,242,255,192,1,74,150,129,0,0,0,0,0,0,0
12.252748,12.264944,98,255,242,255,192,1,74,150,129,0,0,0,0,0,0,0
12.307693,12.324260,99,255,242,255,191,1,78,150,129,0,0,0,0,0,0,0
12.362638,12.384602,99,255,242,255,191,1,78,150,1,0,0,0,0,0,0,0
12.417583,12.443969,98,255,243,255,191,1,78,150,1,0,0,0,0,0,0,0
12.472528,12.504259,98,255,243,255,193,0,71,150,129,0,0,0,0,0,0,0
12.527472,12.563680,98,255,243,255,193,0,71,150,129,0,0,0,0,0,0,0
12.582417,12.623046,98,255,243,255,192,1,68,149,129,0,0,0,0,0,0,0
12.692307,12.683389,97,255,243,255,193,0,66,148,129,0,0,0,0,0,0,0
12.747252,12.744189,97,255,243,255,193,0,66,148,129,0,0,0,0,0,0,0
12.802197,12.805096,98,255,243,255,194,0,75,149,1,0,0,0,0,0,0,0
12.857142,12.865486,98,255,243,255,191,1,76,150,1,0,0,0,0,0,0,0
12.912087,12.925161,98,255,243,255,191,1,76,150,1,0,0,0,0,0,0,0
12.967033,12.984325,99,255,243,255,191,1,76,150,1,0,0,0,0,0,0,0
13.021978,13.043693,99,255,242,255,191,1,88,153,129,0,0,0,0,0,0,0
13.076923,13.105007,99,255,242,255,191,1,88,153,129,0,0,0,0,0,0,0
13.131868,13.164325,100,255,242,255,191,1,88,153,129,0,0,0,0,0,0,0
13.186813,13.223692,100,255,243,255,191,1,93,153,129,0,0,0,0,0,0,0
13.241758,13.283059,100,255,243,255,191,1,93,153,129,0,0,0,0,0,0,0
13.351648,13.342582,100,255,243,255,191,1,93,153,129,0,0,0,0,0,0,0
13.406593,13.401899,100,255,243,255,191,1,93,153,129,0,0,0,0,0,0,0
13.461538,13.461216,100,255,243,255,191,1,93,153,129,0,0,0,0,0,0,0
13.516483,13.520533,100,255,243,255,191,1,93,153,129,0,0,0,0,0,0,0
13.571428,13.579905,100,255,242,255,192,0,76,154,129,0,0,0,0,0,0,0
13.626373,13.639322,101,255,238,255,193,0,74,154,129,0,0,0,0,0,0,0
13.681318,13.698537,101,255,241,255,194,1,72,154,129,0,0,0,0,0,0,0
13.736263,13.758622,101,255,241,255,194,1,71,154,129,0,0,0,0,0,0,0
13.791209,13.818604,101,255,241,255,194,1,71,154,129,0,0,0,0,0,0,0
13.846154,13.879405,101,255,241,255,194,1,71,154,129,0,0,0,0,0,0,0
13.901099,13.940361,101,255,241,255,194,1,71,154,129,0,0,0,0,0,0,0
14.010989,14.001519,101,255,242,255,194,0,68,155,1,0,0,0,0,0,0,0
14.065934,14.060839,102,255,242,255,191,0,66,155,1,0,0,0,0,0,0,0
14.120879,14.120102,102,255,242,255,193,1,63,155,1,0,0,0,0,0,0,0
14.175824,14.179524,102,255,242,255,193,1,63,155,1,0,0,0,0,0,0,0
14.230769,14.238892,101,255,242,255,192,1,55,154,129,0,0,0,0,0,0,0
14.285714,14.299230,101,255,242,255,192,1,53,154,129,0,0,0,0,0,0,0
14.340659,14.358446,101,255,242,255,192,1,52,154,129,0,0,0,0,0,0,0
14.395604,14.417712,101,255,242,255,192,1,52,154,129,0,0,0,0,0,0,0
14.450549,14.476926,101,255,242,255,192,1,52,154,129,0,0,0,0,0,0,0
14.505494,14.536297,100,255,242,255,194,1,41,153,1,0,0,0,0,0,0,0
14.560439,14.596584,100,255,242,255,192,1,36,153,1,0,0,0,0,0,0,0
14.615385,14.656003,100,255,242,255,192,1,36,153,1,0,0,0,0,0,0,0
14.725275,14.715322,100,255,242,255,192,1,36,153,1,0,0,0,0,0,0,0
14.780220,14.774845,100,255,242,255,192,1,36,153,1,0,0,0,0,0,0,0
14.835165,14.834108,100,255,242,255,192,1,36,153,1,0,0,0,0,0,0,0
14.890110,14.893529,101,255,242,255,192,1,36,153,1,0,0,0,0,0,0,0
14.945055,14.954741,100,255,242,255,192,1,36,154,129,0,0,0,0,0,0,0
15.000000,15.014161,100,255,242,255,192,1,36,154,129,0,0,0,0,0,0,0
15.054945,15.073580,100,255,242,255,191,1,36,154,129,0,0,0,0,0,0,0
15.109890,15.133820,100,255,241,255,194,0,32,153,1,0,0,0,0,0,0,0
15.164835,15.193290,100,255,241,255,192,1,32,153,1,0,0,0,0,0,0,0
15.219780,15.252658,100,255,241,255,193,1,32,153,1,0,0,0,0,0,0,0
15.274725,15.312178,100,255,241,255,193,1,32,153,1,0,0,0,0,0,0,0
15.384615,15.372622,100,255,241,255,191,1,38,153,129,0,0,0,0,0,0,0
15.439561,15.432039,100,255,241,255,194,1,42,153,129,0,0,0,0,0,0,0
15.494506,15.491306,100,255,241,255,194,1,42,153,129,0,0,0,0,0,0,0
15.549451,15.550778,100,255,241,255,194,1,42,153,129,0,0,0,0,0,0,0
15.604396,15.609992,100,255,241,255,194,1,42,153,129,0,0,0,0,0,0,0
15.659341,15.669412,100,255,241,255,194,1,42,153,129,0,0,0,0,0,0,0
15.714286,15.728731,100,255,241,255,194,1,42,153,129,0,0,0,0,0,0,0
15.769231,15.788045,99,255,241,255,194,1,31,151,1,0,0,0,0,0,0,0
15.824176,15.849259,99,255,241,255,194,1,31,151,1,0,0,0,0,0,0,0
15.879121,15.908627,99,255,241,255,193,1,27,151,129,0,0,0,0,0,0,0
15.934066,15.968918,99,255,241,255,193,1,27,151,129,0,0,0,0,0,0,0
15.989011,16.028284,99,255,241,255,193,1,27,151,129,0,0,0,0,0,0,0
16.098902,16.087757,99,255,241,255,193,1,27,151,129,0,0,0,0,0,0,0
16.153847,16.147072,99,255,241,255,193,1,27,151,129,0,0,0,0,0,0,0
16.208792,16.206594,98,255,241,255,191,1,28,150,1,0,0,0,0,0,0,0
16.263737,16.267038,98,255,241,255,191,1,28,150,1,0,0,0,0,0,0,0
16.318682,16.326458,98,255,241,255,191,1,28,150,1,0,0,0,0,0,0,0
16.373627,16.385929,98,255,241,255,191,1,28,150,1,0,0,0,0,0,0,0
16.428572,16.445091,97,255,241,255,192,1,28,150,1,0,0,0,0,0,0,0
16.483517,16.505434,97,255,241,255,192,0,28,149,129,0,0,0,0,0,0,0
16.538462,16.564648,97,255,241,255,192,0,28,149,129,0,0,0,0,0,0,0
16.593407,16.624016,97,255,241,255,192,0,28,149,129,0,0,0,0,0,0,0
16.648352,16.683283,97,255,241,255,194,1,30,148,129,0,0,0,0,0,0,0
16.703297,16.742649,97,255,241,255,194,1,30,148,129,0,0,0,0,0,0,0
16.813187,16.803707,97,255,241,255,193,1,26,147,1,0,0,0,0,0,0,0
16.868132,16.864559,96,255,241,255,193,1,26,147,1,0,0,0,0,0,0,0
16.923077,16.925360,96,255,241,255,193,1,26,147,1,0,0,0,0,0,0,0
16.978022,16.986469,96,255,241,255,193,1,26,147,1,0,0,0,0,0,0,0
17.032967,17.047422,96,255,241,255,193,1,26,147,1,0,0,0,0,0,0,0
17.087912,17.109457,96,255,241,255,193,0,32,146,129,0,0,0,0,0,0,0
17.142857,17.168823,96,255,241,255,193,0,32,146,129,0,0,0,0,0,0,0
17.197802,17.228037,96,255,241,255,194,0,33,146,129,0,0,0,0,0,0,0
17.252747,17.287405,96,255,241,255,194,0,34,147,129,0,0,0,0,0,0,0
17.362637,17.347849,96,255,241,255,192,1,35,146,1,0,0,0,0,0,0,0
17.417582,17.407320,96,255,241,255,192,1,35,146,1,0,0,0,0,0,0,0
17.472527,17.466587,96,255,241,255,192,1,35,146,1,0,0,0,0,0,0,0
17.527473,17.525854,96,255,241,255,192,1,35,146,1,0,0,0,0,0,0,0
17.582418,17.585169,95,255,241,255,194,0,49,145,1,0,0,0,0,0,0,0
17.637363,17.644487,95,255,241,255,194,0,49,145,1,0,0,0,0,0,0,0
17.692308,17.704878,95,255,241,255,192,0,51,145,129,0,0,0,0,0,0,0
17.747253,17.764246,95,255,241,255,194,1,52,145,129,0,0,0,0,0,0,0
17.802198,17.823565,95,255,242,255,191,1,52,145,129,0,0,0,0,0,0,0
17.857143,17.882832,95,255,242,255,191,1,54,145,129,0,0,0,0,0,0,0
17.912088,17.942097,95,255,242,255,191,1,54,145,129,0,0,0,0,0,0,0
17.967033,18.001465,95,255,241,255,193,1,61,144,129,0,0,0,0,0,0,0
18.076923,18.062521,95,255,241,255,193,1,61,144,1,0,0,0,0,0,0,0
18.131868,18.121943,95,255,241,255,193,1,61,144,1,0,0,0,0,0,0,0
18.186813,18.181208,95,255,241,255,192,1,72,145,129,0,0,0,0,0,0,0
18.241758,18.241495,95,255,241,255,192,1,70,145,129,0,0,0,0,0,0,0
18.296703,18.300814,95,255,241,255,194,1,72,145,129,0,0,0,0,0,0,0
18.351648,18.360081,95,255,241,255,194,1,72,145,129,0,0,0,0,0,0,0
18.406593,18.419498,95,255,241,255,194,1,72,145,129,0,0,0,0,0,0,0
18.461538,18.478765,95,255,241,255,193,0,76,145,1,0,0,0,0,0,0,0
18.516483,18.539005,95,255,241,255,193,0,76,145,1,0,0,0,0,0,0,0
18.571428,18.598272,95,255,241,255,193,0,76,145,1,0,0,0,0,0,0,0
18.626373,18.657486,95,255,241,255,193,0,76,145,1,0,0,0,0,0,0,0
18.681318,18.716908,95,255,241,255,192,1,82,146,1,0,0,0,0,0,0,0
18.791208,18.776276,95,255,241,255,192,1,82,146,1,0,0,0,0,0,0,0
18.846153,18.835640,95,255,241,255,192,1,78,145,129,0,0,0,0,0,0,0
18.901098,18.896082,95,255,241,255,194,0,79,145,129,0,0,0,0,0,0,0
18.956043,18.955351,95,255,241,255,194,0,77,146,129,0,0,0,0,0,0,0
19.010988,19.014771,95,255,241,255,194,0,77,146,129,0,0,0,0,0,0,0
19.065933,19.074141,95,255,241,255,194,0,77,146,129,0,0,0,0,0,0,0
19.120878,19.133509,96,255,241,255,191,1,79,147,1,0,0,0,0,0,0,0
19.175825,19.193693,97,255,241,255,191,1,79,147,1,0,0,0,0,0,0,0
19.230770,19.253012,97,255,241,255,191,1,79,147,1,0,0,0,0,0,0,0
19.285715,19.312328,97,255,241,255,191,1,79,147,1,0,0,0,0,0,0,0
19.340660,19.371593,97,255,241,255,191,1,79,147,1,0,0,0,0,0,0,0
19.395605,19.430914,97,255,241,255,191,1,79,147,1,0,0,0,0,0,0,0
19.505495,19.490282,97,255,241,255,191,1,79,147,1,0,0,0,0,0,0,0
19.560440,19.549547,97,255,241,255,191,1,79,147,1,0,0,0,0,0,0,0
19.615385,19.608862,97,255,239,255,194,1,86,149,129,0,0,0,0,0,0,0
19.670330,19.669256,98,255,241,255,193,1,86,149,129,0,0,0,0,0,0,0
19.725275,19.729544,98,255,241,255,193,0,78,150,1,0,0,0,0,0,0,0
19.780220,19.788963,97,255,241,255,193,0,78,150,1,0,0,0,0,0,0,0
19.835165,19.849201,97,255,241,255,192,0,66,149,1,0,0,0,0,0,0,0
19.890110,19.910362,97,255,241,255,191,1,63,149,1,0,0,0,0,0,0,0
19.945055,19.969524,97,255,241,255,191,1,63,149,1,0,0,0,0,0,0,0
20.000000,20.029049,98,255,241,255,194,1,62,150,129,0,0,0,0,0,0,0
20.054945,20.089287,98,255,241,255,194,1,62,150,129,0,0,0,0,0,0,0
20.109890,20.148708,99,255,241,255,193,1,61,150,129,0,0,0,0,0,0,0
20.219780,20.208075,99,255,241,255,193,1,61,151,129,0,0,0,0,0,0,0
20.274725,20.267597,99,255,240,255,194,0,60,151,1,0,0,0,0,0,0,0
20.329670,20.327990,99,255,240,255,194,1,59,151,1,0,0,0,0,0,0,0
20.384615,20.387304,98,255,240,255,191,1,56,151,1,0,0,0,0,0,0,0
20.439560,20.446980,98,255,241,255,191,1,54,151,1,0,0,0,0,0,0,0
20.494505,20.506300,99,255,241,255,193,0,54,150,129,0,0,0,0,0,0,0
20.549450,20.566639,99,255,241,255,193,0,54,150,129,0,0,0,0,0,0,0
20.604395,20.625904,99,255,241,255,193,0,54,150,129,0,0,0,0,0,0,0
20.659340,20.685375,99,255,241,255,193,0,54,150,129,0,0,0,0,0,0,0
20.714285,20.744694,99,255,241,255,193,0,54,150,129,0,0,0,0,0,0,0
20.769230,20.804163,99,255,241,255,193,0,54,150,129,0,0,0,0,0,0,0
20.879122,20.864300,99,255,240,255,193,1,36,150,1,0,0,0,0,0,0,0
20.934067,20.924540,99,255,240,255,193,1,36,150,1,0,0,0,0,0,0,0
20.989012,20.983957,99,255,240,255,193,1,36,150,1,0,0,0,0,0,0,0
21.043957,21.043224,99,255,240,255,193,1,36,150,1,0,0,0,0,0,0,0
21.098902,21.102438,99,255,240,255,193,1,36,150,1,0,0,0,0,0,0,0
21.153847,21.161959,98,255,240,255,193,1,36,150,1,0,0,0,0,0,0,0
21.208792,21.222250,98,255,240,255,193,1,42,149,129,0,0,0,0,0,0,0
21.263737,21.281515,98,255,240,255,193,1,43,150,129,0,0,0,0,0,0,0
21.318682,21.340782,98,255,240,255,192,0,43,150,129,0,0,0,0,0,0,0
21.373627,21.401022,98,255,240,255,194,1,42,150,1,0,0,0,0,0,0,0
21.428572,21.460541,98,255,240,255,194,0,39,150,1,0,0,0,0,0,0,0
21.483517,21.519913,98,255,240,255,192,0,39,150,1,0,0,0,0,0,0,0
21.593407,21.579332,98,255,240,255,194,1,34,149,1,0,0,0,0,0,0,0
21.648352,21.638647,98,255,240,255,192,0,33,149,1,0,0,0,0,0,0,0
21.703297,21.697914,98,255,240,255,192,0,33,149,1,0,0,0,0,0,0,0
21.758242,21.757233,98,255,240,255,192,0,33,149,1,0,0,0,0,0,0,0
21.813187,21.816652,98,255,240,255,192,0,33,149,1,0,0,0,0,0,0,0
21.868132,21.875967,97,255,240,255,192,0,35,148,129,0,0,0,0,0,0,0
21.923077,21.936157,97,255,240,255,193,0,38,148,129,0,0,0,0,0,0,0
21.978022,21.996292,97,255,240,255,192,0,39,148,1,0,0,0,0,0,0,0
22.032967,22.055559,97,255,240,255,194,0,37,148,1,0,0,0,0,0,0,0
22.087912,22.114824,97,255,240,255,194,0,37,148,1,0,0,0,0,0,0,0
22.142857,22.174192,97,255,240,255,194,0,37,148,1,0,0,0,0,0,0,0
22.197802,22.233561,97,255,240,255,194,0,37,148,1,0,0,0,0,0,0,0
22.307692,22.293030,97,255,240,255,194,0,37,148,1,0,0,0,0,0,0,0
22.362637,22.352348,97,255,240,255,194,0,37,148,1,0,0,0,0,0,0,0
22.417582,22.411921,96,255,238,255,194,0,37,148,1,0,0,0,0,0,0,0
22.472527,22.472160,96,255,238,255,192,1,43,147,129,0,0,0,0,0,0,0
22.527473,22.531578,96,255,238,255,192,1,43,147,129,0,0,0,0,0,0,0
22.582418,22.592535,96,255,238,255,192,1,43,147,129,0,0,0,0,0,0,0
22.637363,22.653385,96,255,238,255,192,1,43,147,129,0,0,0,0,0,0,0
22.692308,22.714289,96,255,238,255,192,1,43,147,129,0,0,0,0,0,0,0
22.747253,22.775246,95,255,240,255,193,0,48,145,129,0,0,0,0,0,0,0
22.802198,22.836405,95,255,240,255,192,0,48,145,129,0,0,0,0,0,0,0
22.912088,22.896900,95,255,240,255,192,0,49,145,129,0,0,0,0,0,0,0
22.967033,22.956114,95,255,240,255,192,0,49,145,129,0,0,0,0,0,0,0
23.021978,23.015686,95,255,240,255,191,0,54,144,129,0,0,0,0,0,0,0
23.076923,23.074953,95,255,240,255,191,0,54,144,129,0,0,0,0,0,0,0
23.131868,23.134272,94,255,240,255,193,1,60,144,1,0,0,0,0,0,0,0
23.186813,23.194763,95,255,240,255,192,1,60,144,1,0,0,0,0,0,0,0
23.241758,23.253929,95,255,240,255,192,1,63,145,1,0,0,0,0,0,0,0
23.296703,23.313196,95,255,240,255,192,1,63,145,1,0,0,0,0,0,0,0
23.351648,23.372562,95,255,240,255,192,1,63,145,1,0,0,0,0,0,0,0
23.406593,23.431829,95,255,240,255,192,1,63,145,1,0,0,0,0,0,0,0
23.461538,23.491093,95,255,240,255,192,1,63,145,1,0,0,0,0,0,0,0
23.516483,23.550531,94,255,240,255,192,0,66,144,129,0,0,0,0,0,0,0
23.626373,23.610907,94,255,240,255,192,0,66,144,129,0,0,0,0,0,0,0
23.681318,23.670328,95,255,240,255,193,0,67,144,129,0,0,0,0,0,0,0
23.736263,23.730616,95,255,240,255,193,0,67,144,1,0,0,0,0,0,0,0
23.791208,23.790752,94,255,240,255,192,0,65,145,1,0,0,0,0,0,0,0
23.846153,23.850119,95,255,240,255,194,0,64,145,1,0,0,0,0,0,0,0
23.901098,23.909643,95,255,240,255,194,1,65,145,1,0,0,0,0,0,0,0
23.956043,23.968908,95,255,240,255,194,1,65,145,1,0,0,0,0,0,0,0
24.010988,24.028124,94,255,240,255,192,0,63,144,129,0,0,0,0,0,0,0
24.065933,24.088413,94,255,240,255,192,0,63,144,129,0,0,0,0,0,0,0
24.120878,24.147728,94,255,240,255,193,0,67,145,129,0,0,0,0,0,0,0
24.175825,24.207047,94,255,240,255,193,0,67,145,129,0,0,0,0,0,0,0
24.230770,24.266314,95,255,240,255,193,0,67,145,129,0,0,0,0,0,0,0
24.340660,24.326653,95,255,239,255,193,1,68,146,1,0,0,0,0,0,0,0
24.395605,24.385973,95,255,239,255,193,1,68,146,1,0,0,0,0,0,0,0
24.450550,24.445288,96,255,240,255,192,1,69,146,1,0,0,0,0,0,0,0
24.505495,24.504555,96,255,239,255,192,0,66,146,1,0,0,0,0,0,0,0
24.560440,24.563822,96,255,239,255,192,0,66,146,1,0,0,0,0,0,0,0
24.615385,24.623444,95,255,239,255,194,0,61,144,129,0,0,0,0,0,0,0
24.670330,24.683737,94,255,239,255,194,0,61,144,129,0,0,0,0,0,0,0
24.725275,24.742998,94,255,240,255,193,0,63,145,129,0,0,0,0,0,0,0
24.780220,24.802164,94,255,240,255,193,0,63,145,129,0,0,0,0,0,0,0
24.835165,24.861582,94,255,240,255,193,0,63,145,129,0,0,0,0,0,0,0
24.890110,24.920851,94,255,240,255,193,0,63,145,129,0,0,0,0,0,0,0
24.945055,24.980423,95,255,240,255,192,1,64,146,1,0,0,0,0,0,0,0
25.054945,25.040966,96,255,239,255,191,1,64,146,1,0,0,0,0,0,0,0
25.109890,25.100233,96,255,239,255,194,1,63,147,129,0,0,0,0,0,0,0
25.164835,25.160627,96,255,239,255,194,1,63,147,129,0,0,0,0,0,0,0
25.219780,25.219841,96,255,239,255,194,1,56,147,129,0,0,0,0,0,0,0
25.274725,25.279467,96,255,239,255,194,1,56,147,129,0,0,0,0,0,0,0
25.329670,25.338781,96,255,239,255,194,1,55,147,129,0,0,0,0,0,0,0
25.384615,25.398151,96,255,239,255,194,0,54,147,129,0,0,0,0,0,0,0
25.439560,25.457415,96,255,237,255,193,0,52,147,1,0,0,0,0,0,0,0
25.494505,25.517859,96,255,237,255,193,0,52,147,1,0,0,0,0,0,0,0
25.549450,25.577126,97,255,239,255,194,0,58,148,1,0,0,0,0,0,0,0
25.604395,25.636663,97,255,239,255,193,1,57,148,1,0,0,0,0,0,0,0
25.659340,25.696016,97,255,239,255,193,1,52,148,1,0,0,0,0,0,0,0
25.769230,25.756458,97,255,239,255,193,1,52,148,129,0,0,0,0,0,0,0
25.824175,25.815878,97,255,239,255,193,1,52,148,129,0,0,0,0,0,0,0
25.879122,25.875196,97,255,239,255,193,1,52,148,129,0,0,0,0,0,0,0
25.934067,25.934460,96,255,239,255,194,0,43,147,129,0,0,0,0,0,0,0
25.989012,25.993780,96,255,239,255,194,0,43,147,129,0,0,0,0,0,0,0
26.043957,26.053249,96,255,239,255,193,0,43,148,1,0,0,0,0,0,0,0
26.098902,26.113642,97,255,239,255,193,0,39,148,1,0,0,0,0,0,0,0
26.153847,26.172855,97,255,239,255,192,1,37,147,1,0,0,0,0,0,0,0
26.208792,26.232122,96,255,239,255,191,1,36,147,1,0,0,0,0,0,0,0
26.263737,26.292412,96,255,239,255,194,1,34,146,129,0,0,0,0,0,0,0
26.318682,26.351885,96,255,239,255,192,0,35,146,129,0,0,0,0,0,0,0
26.428572,26.411304,96,255,239,255,192,0,38,147,129,0,0,0,0,0,0,0
26.483517,26.470566,96,255,239,255,194,1,44,148,129,0,0,0,0,0,0,0
26.538462,26.530039,97,255,239,255,193,1,44,148,129,0,0,0,0,0,0,0
26.593407,26.590330,97,255,239,255,191,0,45,149,1,0,0,0,0,0,0,0
26.648352,26.649544,97,255,239,255,191,0,45,149,1,0,0,0,0,0,0,0
26.703297,26.708963,98,255,239,255,192,1,43,149,1,0,0,0,0,0,0,0
26.758242,26.768282,98,255,239,255,194,1,42,149,1,0,0,0,0,0,0,0
26.813187,26.827549,98,255,239,255,194,1,42,149,1,0,0,0,0,0,0,0
26.868132,26.886864,98,255,239,255,194,1,42,149,1,0,0,0,0,0,0,0
26.923077,26.946182,97,255,239,255,193,1,38,148,129,0,0,0,0,0,0,0
26.978022,27.006521,96,255,240,255,193,1,36,148,129,0,0,0,0,0,0,0
27.032967,27.065943,97,255,239,255,193,0,40,148,129,0,0,0,0,0,0,0
27.142857,27.125412,97,255,239,255,193,0,40,148,129,0,0,0,0,0,0,0
27.197802,27.184731,97,255,239,255,193,0,40,148,129,0,0,0,0,0,0,0
27.252747,27.245174,97,255,240,255,193,1,55,149,1,0,0,0,0,0,0,0
27.307692,27.304489,97,255,240,255,193,1,55,149,1,0,0,0,0,0,0,0
27.362637,27.363909,97,255,239,255,191,1,55,149,1,0,0,0,0,0,0,0
27.417582,27.423176,97,255,239,255,191,1,61,149,1,0,0,0,0,0,0,0
27.472527,27.482698,97,255,239,255,194,1,56,149,129,0,0,0,0,0,0,0
27.527473,27.543142,97,255,239,255,194,0,56,148,129,0,0,0,0,0,0,0
27.582418,27.602356,97,255,240,255,193,0,57,148,129,0,0,0,0,0,0,0
27.637363,27.661724,97,255,239,255,194,1,57,148,129,0,0,0,0,0,0,0
27.692308,27.720989,97,255,239,255,194,1,57,148,129,0,0,0,0,0,0,0
27.747253,27.780411,97,255,239,255,194,1,57,148,129,0,0,0,0,0,0,0
27.857143,27.840801,97,255,239,255,191,1,64,148,1,0,0,0,0,0,0,0
27.912088,27.900167,97,255,239,255,191,1,64,148,1,0,0,0,0,0,0,0
27.967033,27.959435,97,255,239,255,191,1,64,148,1,0,0,0,0,0,0,0
28.021978,28.018755,97,255,239,255,191,1,64,148,1,0,0,0,0,0,0,0
28.076923,28.078068,97,255,239,255,191,1,64,148,1,0,0,0,0,0,0,0
28.131868,28.137388,97,255,239,255,191,1,64,148,1,0,0,0,0,0,0,0
28.186813,28.196754,97,255,239,255,191,1,64,148,1,0,0,0,0,0,0,0
28.241758,28.256073,97,255,239,255,191,1,64,148,1,0,0,0,0,0,0,0
28.296703,28.315388,97,255,240,255,192,0,71,148,1,0,0,0,0,0,0,0
28.351648,28.374706,97,255,240,255,192,0,71,148,1,0,0,0,0,0,0,0
28.406593,28.434280,97,255,238,255,194,1,68,148,1,0,0,0,0,0,0,0
28.461538,28.493547,97,255,238,255,194,1,68,148,1,0,0,0,0,0,0,0
28.571428,28.553120,97,255,238,255,194,1,68,148,1,0,0,0,0,0,0,0
28.626373,28.612333,97,255,238,255,194,1,68,148,1,0,0,0,0,0,0,0
28.681318,28.673288,97,255,240,255,191,1,74,148,129,0,0,0,0,0,0,0
28.736263,28.735115,97,255,240,255,192,0,74,148,129,0,0,0,0,0,0,0
28.791208,28.796066,97,255,240,255,192,0,74,148,129,0,0,0,0,0,0,0
28.846153,28.856972,98,255,240,255,194,1,75,149,129,0,0,0,0,0,0,0
28.901098,28.918747,98,255,240,255,193,0,78,150,1,0,0,0,0,0,0,0
28.956043,28.979649,99,255,239,255,194,1,80,151,1,0,0,0,0,0,0,0
29.010988,29.038969,99,255,240,255,192,1,80,151,1,0,0,0,0,0,0,0
29.065933,29.098387,99,255,240,255,192,1,80,151,1,0,0,0,0,0,0,0
29.175825,29.157755,99,255,240,255,193,1,77,152,129,0,0,0,0,0,0,0
29.230770,29.217993,99,255,240,255,193,1,77,152,129,0,0,0,0,0,0,0
29.285715,29.277311,100,255,240,255,193,1,77,152,129,0,0,0,0,0,0,0
29.340660,29.336782,100,255,240,255,193,1,73,152,129,0,0,0,0,0,0,0
29.395605,29.396048,100,255,240,255,191,1,67,153,129,0,0,0,0,0,0,0
29.450550,29.456490,100,255,240,255,194,1,64,152,1,0,0,0,0,0,0,0
29.505495,29.517599,100,255,240,255,194,1,64,152,1,0,0,0,0,0,0,0
29.560440,29.576815,99,255,240,255,191,1,73,152,1,0,0,0,0,0,0,0
29.615385,29.636131,100,255,240,255,193,1,73,152,1,0,0,0,0,0,0,0
29.670330,29.696470,100,255,240,255,193,1,80,153,1,0,0,0,0,0,0,0
29.725275,29.755791,100,255,240,255,192,0,79,153,129,0,0,0,0,0,0,0
29.835165,29.816286,100,255,240,255,192,0,79,153,129,0,0,0,0,0,0,0
29.890110,29.875601,100,255,240,255,192,0,79,153,129,0,0,0,0,0,0,0
29.945055,29.935635,101,255,240,255,192,0,79,153,129,0,0,0,0,0,0,0
30.000000,29.994953,101,255,240,255,191,1,78,155,129,0,0,0,0,0,0,0
30.054945,30.054218,101,255,240,255,191,1,78,155,129,0,0,0,0,0,0,0
30.109890,30.113535,101,255,240,255,191,1,78,155,129,0,0,0,0,0,0,0
30.164835,30.172955,100,255,240,255,194,1,74,153,1,0,0,0,0,0,0,0
30.219780,30.233295,100,255,240,255,194,1,74,153,1,0,0,0,0,0,0,0
30.274725,30.292562,101,255,240,255,193,1,82,155,1,0,0,0,0,0,0,0
30.329670,30.352955,101,255,240,255,192,1,85,156,129,0,0,0,0,0,0,0
30.384615,30.412270,102,255,240,255,191,1,85,156,129,0,0,0,0,0,0,0
30.439560,30.471588,102,255,240,255,191,1,82,157,129,0,0,0,0,0,0,0
30.549450,30.530907,103,255,240,255,191,1,82,157,129,0,0,0,0,0,0,0
30.604395,30.590326,103,255,240,255,193,1,66,157,129,0,0,0,0,0,0,0
30.659340,30.650564,103,255,240,255,191,0,64,157,1,0,0,0,0,0,0,0
30.714285,30.709879,103,255,240,255,191,0,64,157,1,0,0,0,0,0,0,0
30.769230,30.769146,103,255,240,255,191,0,64,157,1,0,0,0,0,0,0,0
30.824175,30.828718,102,255,240,255,194,1,63,156,1,0,0,0,0,0,0,0
30.879122,30.888088,102,255,240,255,194,1,63,156,1,0,0,0,0,0,0,0
30.934067,30.947353,102,255,240,255,194,1,63,156,1,0,0,0,0,0,0,0
30.989012,31.006567,102,255,240,255,194,1,63,156,1,0,0,0,0,0,0,0
31.043957,31.065886,102,255,240,255,194,1,63,156,1,0,0,0,0,0,0,0
31.098902,31.125305,102,255,240,255,194,0,55,156,129,0,0,0,0,0,0,0
31.153847,31.186823,102,255,240,255,191,0,51,156,1,0,0,0,0,0,0,0
31.263737,31.246191,102,255,239,255,192,1,42,155,1,0,0,0,0,0,0,0
31.318682,31.305662,101,255,238,255,194,1,38,154,1,0,0,0,0,0,0,0
31.373627,31.364929,101,255,238,255,193,1,38,154,1,0,0,0,0,0,0,0
31.428572,31.424402,101,255,239,255,191,1,36,155,1,0,0,0,0,0,0,0
31.483517,31.483665,101,255,239,255,191,1,36,155,1,0,0,0,0,0,0,0
31.538462,31.543083,101,255,239,255,191,1,36,155,1,0,0,0,0,0,0,0
31.593407,31.602402,101,255,239,255,191,1,36,155,1,0,0,0,0,0,0,0
31.648352,31.661617,101,255,239,255,191,1,36,155,1,0,0,0,0,0,0,0
31.703297,31.720779,101,255,239,255,191,1,36,155,1,0,0,0,0,0,0,0
31.758242,31.780199,102,255,239,255,194,0,39,157,1,0,0,0,0,0,0,0
31.813187,31.839466,102,255,239,255,194,0,39,157,1,0,0,0,0,0,0,0
31.868132,31.898884,102,255,239,255,194,0,39,157,1,0,0,0,0,0,0,0
31.978022,31.958258,102,255,240,255,194,0,34,156,1,0,0,0,0,0,0,0
32.032967,32.017570,102,255,240,255,194,0,34,156,1,0,0,0,0,0,0,0
32.087914,32.076889,101,255,240,255,194,0,34,156,1,0,0,0,0,0,0,0
32.142857,32.136257,101,255,239,255,192,1,29,156,1,0,0,0,0,0,0,0
32.197803,32.196598,101,255,239,255,194,1,27,154,129,0,0,0,0,0,0,0
32.252747,32.256222,101,255,240,255,194,1,27,154,129,0,0,0,0,0,0,0
32.307693,32.316257,101,255,240,255,194,1,26,155,129,0,0,0,0,0,0,0
32.362637,32.377056,101,255,240,255,194,1,26,155,129,0,0,0,0,0,0,0
32.417583,32.437912,101,255,240,255,194,1,26,155,129,0,0,0,0,0,0,0
32.472527,32.498917,101,255,240,255,194,1,26,155,129,0,0,0,0,0,0,0
32.527473,32.559868,101,255,240,255,194,1,26,155,129,0,0,0,0,0,0,0
32.637363,32.620720,101,255,240,255,194,1,26,155,129,0,0,0,0,0,0,0
32.692307,32.681526,101,255,240,255,194,1,26,155,129,0,0,0,0,0,0,0
32.747253,32.742325,102,255,240,255,192,1,26,155,129,0,0,0,0,0,0,0
32.802197,32.802414,102,255,239,255,192,1,26,155,129,0,0,0,0,0,0,0
32.857143,32.861725,101,255,239,255,192,1,26,155,129,0,0,0,0,0,0,0
32.912086,32.921967,101,255,239,255,193,1,28,154,1,0,0,0,0,0,0,0
32.967033,32.981232,101,255,239,255,193,1,28,154,1,0,0,0,0,0,0,0
33.021976,33.040394,101,255,239,255,193,1,28,154,1,0,0,0,0,0,0,0
33.076923,33.099712,100,255,239,255,193,1,37,153,1,0,0,0,0,0,0,0
33.131866,33.159081,100,255,240,255,193,1,37,153,1,0,0,0,0,0,0,0
33.186813,33.219524,100,255,240,255,192,1,46,153,129,0,0,0,0,0,0,0
33.296703,33.278896,100,255,240,255,191,1,48,153,129,0,0,0,0,0,0,0
33.351650,33.338108,101,255,240,255,194,1,48,153,129,0,0,0,0,0,0,0
33.406593,33.397530,101,255,240,255,194,1,51,154,129,0,0,0,0,0,0,0
33.461540,33.456894,101,255,239,255,194,1,51,154,129,0,0,0,0,0,0,0
33.516483,33.517185,101,255,239,255,193,1,39,154,1,0,0,0,0,0,0,0
33.571430,33.576759,101,255,239,255,193,1,39,154,1,0,0,0,0,0,0,0
33.626373,33.635921,101,255,239,255,193,1,39,154,1,0,0,0,0,0,0,0
33.681320,33.695240,101,255,239,255,193,1,39,154,1,0,0,0,0,0,0,0
33.736263,33.755222,100,255,240,255,192,1,33,153,1,0,0,0,0,0,0,0
33.791210,33.815716,100,255,240,255,194,1,37,153,129,0,0,0,0,0,0,0
33.846153,33.874981,100,255,240,255,192,1,40,153,129,0,0,0,0,0,0,0
33.901100,33.934555,101,255,240,255,192,1,43,154,129,0,0,0,0,0,0,0
34.010990,33.993923,101,255,240,255,192,0,47,154,129,0,0,0,0,0,0,0
34.065933,34.053341,101,255,240,255,193,1,52,154,1,0,0,0,0,0,0,0
34.120880,34.113735,101,255,239,255,193,0,51,154,1,0,0,0,0,0,0,0
34.175823,34.173004,101,255,239,255,193,0,51,154,1,0,0,0,0,0,0,0
34.230770,34.232471,100,255,240,255,193,1,50,154,1,0,0,0,0,0,0,0
34.285713,34.291737,100,255,234,255,192,0,50,153,1,0,0,0,0,0,0,0
34.340660,34.351055,100,255,237,255,193,1,50,152,129,0,0,0,0,0,0,0
34.395603,34.412163,100,255,239,255,191,1,51,152,129,0,0,0,0,0,0,0
34.450550,34.471584,99,255,240,255,192,0,52,152,129,0,0,0,0,0,0,0
34.505493,34.530952,99,255,240,255,192,1,52,152,129,0,0,0,0,0,0,0
34.560440,34.590473,99,255,240,255,192,1,55,152,129,0,0,0,0,0,0,0
34.670330,34.649895,99,255,240,255,191,1,57,152,1,0,0,0,0,0,0,0
34.725273,34.710285,99,255,240,255,194,1,57,152,1,0,0,0,0,0,0,0
34.780220,34.769600,99,255,240,255,192,1,66,152,1,0,0,0,0,0,0,0
34.835163,34.829075,100,255,240,255,193,1,68,152,1,0,0,0,0,0,0,0
34.890110,34.888393,100,255,240,255,193,1,68,152,1,0,0,0,0,0,0,0
34.945053,34.947861,100,255,240,255,193,1,68,152,1,0,0,0,0,0,0,0
35.000000,35.007282,99,255,240,255,193,1,68,152,1,0,0,0,0,0,0,0
35.054947,35.068542,99,255,240,255,192,0,76,153,129,0,0,0,0,0,0,0
35.109890,35.127861,101,255,240,255,192,1,76,154,129,0,0,0,0,0,0,0
35.164837,35.187126,101,255,240,255,192,1,76,154,129,0,0,0,0,0,0,0
35.219780,35.246597,101,255,240,255,192,1,76,154,129,0,0,0,0,0,0,0
35.274727,35.306068,102,255,240,255,194,0,77,156,1,0,0,0,0,0,0,0
35.384617,35.366562,103,255,240,255,193,0,76,157,1,0,0,0,0,0,0,0
35.439560,35.425880,103,255,240,255,193,0,76,157,1,0,0,0,0,0,0,0
35.494507,35.485352,103,255,240,255,193,0,76,157,1,0,0,0,0,0,0,0
35.549450,35.544666,103,255,240,255,193,0,76,157,1,0,0,0,0,0,0,0
35.604397,35.604034,103,255,240,255,193,0,76,157,1,0,0,0,0,0,0,0
35.659340,35.663353,103,255,240,255,193,0,76,157,1,0,0,0,0,0,0,0
35.714287,35.722672,103,255,240,255,193,0,76,157,1,0,0,0,0,0,0,0
35.769230,35.781937,103,255,240,255,193,0,76,157,1,0,0,0,0,0,0,0
35.824177,35.841152,103,255,240,255,193,0,76,157,1,0,0,0,0,0,0,0
35.879120,35.900417,103,255,240,255,193,0,76,157,1,0,0,0,0,0,0,0
35.934067,35.959785,103,255,240,255,193,0,76,157,1,0,0,0,0,0,0,0
35.989010,36.019051,104,255,240,255,192,0,82,160,1,0,0,0,0,0,0,0
36.098900,36.078423,104,255,240,255,192,0,82,160,1,0,0,0,0,0,0,0
36.153847,36.137733,104,255,240,255,192,0,82,160,1,0,0,0,0,0,0,0
36.208790,36.197002,105,255,240,255,194,0,75,160,129,0,0,0,0,0,0,0
36.263737,36.257294,105,255,240,255,194,0,75,160,129,0,0,0,0,0,0,0
36.318680,36.316608,105,255,240,255,194,0,75,160,129,0,0,0,0,0,0,0
36.373627,36.377666,105,255,240,255,194,0,75,160,129,0,0,0,0,0,0,0
36.428570,36.438519,105,255,240,255,194,0,75,160,129,0,0,0,0,0,0,0
36.483517,36.499626,105,255,240,255,194,0,75,160,129,0,0,0,0,0,0,0
36.538460,36.561504,105,255,240,255,191,1,72,161,1,0,0,0,0,0,0,0
36.593407,36.622562,105,255,240,255,191,1,72,161,1,0,0,0,0,0,0,0
36.703297,36.683414,105,255,240,255,191,1,72,161,1,0,0,0,0,0,0,0
36.758244,36.744213,105,255,240,255,191,1,72,161,1,0,0,0,0,0,0,0
36.813187,36.805016,105,255,240,255,192,0,69,161,129,0,0,0,0,0,0,0
36.868134,36.866791,105,255,240,255,192,0,69,161,129,0,0,0,0,0,0,0
36.923077,36.927795,106,255,240,255,192,1,68,162,129,0,0,0,0,0,0,0
36.978024,36.988598,106,255,240,255,192,1,68,162,129,0,0,0,0,0,0,0
37.032967,37.050423,106,255,240,255,192,1,70,162,1,0,0,0,0,0,0,0
37.087914,37.111324,107,255,240,255,194,1,67,163,1,0,0,0,0,0,0,0
37.142857,37.170746,107,255,238,255,191,1,61,164,1,0,0,0,0,0,0,0
37.197803,37.230064,107,255,238,255,191,1,61,164,1,0,0,0,0,0,0,0
37.307693,37.289486,107,255,238,255,191,1,61,164,1,0,0,0,0,0,0,0
37.362637,37.348766,107,255,238,255,191,1,61,164,1,0,0,0,0,0,0,0
37.417583,37.408066,107,255,238,255,191,1,61,164,1,0,0,0,0,0,0,0
37.472527,37.467384,107,255,238,255,191,1,61,164,1,0,0,0,0,0,0,0
37.527473,37.526653,107,255,238,255,191,1,61,164,1,0,0,0,0,0,0,0
37.582417,37.586071,107,255,238,255,191,1,61,164,1,0,0,0,0,0,0,0
37.637363,37.645386,107,255,238,255,191,1,61,164,1,0,0,0,0,0,0,0
37.692307,37.704601,107,255,238,255,191,1,61,164,1,0,0,0,0,0,0,0
37.747253,37.763866,107,255,239,255,194,1,61,164,1,0,0,0,0,0,0,0
37.802197,37.823235,107,255,239,255,194,1,53,163,1,0,0,0,0,0,0,0
37.857143,37.882500,107,255,239,255,194,1,53,163,1,0,0,0,0,0,0,0
37.912086,37.941975,107,255,239,255,194,1,53,163,1,0,0,0,0,0,0,0
38.021976,38.001339,107,255,239,255,194,1,53,163,1,0,0,0,0,0,0,0
38.076923,38.062397,107,255,239,255,194,1,44,163,129,0,0,0,0,0,0,0
38.131866,38.122589,106,255,239,255,193,1,45,163,1,0,0,0,0,0,0,0
38.186813,38.184513,107,255,239,255,194,1,44,164,1,0,0,0,0,0,0,0
38.241756,38.245674,107,255,239,255,191,1,40,163,1,0,0,0,0,0,0,0
38.296703,38.306576,106,255,239,255,191,1,36,162,1,0,0,0,0,0,0,0
38.351650,38.365841,106,255,239,255,194,0,38,162,1,0,0,0,0,0,0,0
38.406593,38.425159,106,255,239,255,194,0,38,162,1,0,0,0,0,0,0,0
38.461540,38.484528,105,255,239,255,193,1,31,161,129,0,0,0,0,0,0,0
38.516483,38.544872,105,255,239,255,194,1,31,160,129,0,0,0,0,0,0,0
38.626373,38.604240,105,255,239,255,192,1,35,161,129,0,0,0,0,0,0,0
38.681320,38.663551,105,255,239,255,192,1,35,161,129,0,0,0,0,0,0,0
38.736263,38.722874,105,255,239,255,192,1,35,161,129,0,0,0,0,0,0,0
38.791210,38.782192,105,255,239,255,192,1,35,161,129,0,0,0,0,0,0,0
38.846153,38.841557,105,255,239,255,192,1,35,161,129,0,0,0,0,0,0,0
38.901100,38.900978,105,255,239,255,192,1,35,161,129,0,0,0,0,0,0,0
38.956043,38.960449,105,255,239,255,192,1,35,161,129,0,0,0,0,0,0,0
39.010990,39.019764,105,255,239,255,192,0,40,161,129,0,0,0,0,0,0,0
39.065933,39.079082,105,255,240,255,192,1,40,161,129,0,0,0,0,0,0,0
39.120880,39.138294,106,255,239,255,193,1,40,162,129,0,0,0,0,0,0,0
39.175823,39.197563,106,255,239,255,192,1,33,161,129,0,0,0,0,0,0,0
39.230770,39.257545,105,255,239,255,192,1,35,161,1,0,0,0,0,0,0,0
39.285713,39.317886,105,255,239,255,192,1,35,161,1,0,0,0,0,0,0,0
39.395603,39.377254,104,255,239,255,192,1,35,161,1,0,0,0,0,0,0,0
39.450550,39.436520,104,255,239,255,193,1,36,159,1,0,0,0,0,0,0,0
39.505493,39.495735,104,255,239,255,193,1,36,159,1,0,0,0,0,0,0,0
39.560440,39.555050,104,255,239,255,192,1,40,160,129,0,0,0,0,0,0,0
39.615383,39.615547,104,255,239,255,192,1,40,160,129,0,0,0,0,0,0,0
39.670330,39.674866,104,255,239,255,192,1,40,160,129,0,0,0,0,0,0,0
39.725273,39.734131,105,255,239,255,194,1,36,160,129,0,0,0,0,0,0,0
39.780220,39.793346,105,255,239,255,194,1,36,160,129,0,0,0,0,0,0,0
39.835163,39.852661,105,255,239,255,194,1,36,160,129,0,0,0,0,0,0,0
39.890110,39.912029,105,255,239,255,194,1,36,160,129,0,0,0,0,0,0,0
39.945053,39.971348,104,255,239,255,193,1,42,159,1,0,0,0,0,0,0,0
40.000000,40.031685,104,255,239,255,193,1,42,159,1,0,0,0,0,0,0,0
40.109890,40.091263,104,255,239,255,191,1,44,158,1,0,0,0,0,0,0,0
40.164837,40.150425,104,255,239,255,191,1,44,158,1,0,0,0,0,0,0,0
40.219780,40.210922,104,255,238,255,191,1,47,159,129,0,0,0,0,0,0,0
40.274727,40.270187,103,255,238,255,194,0,48,158,129,0,0,0,0,0,0,0
40.329670,40.329556,103,255,239,255,194,0,48,158,129,0,0,0,0,0,0,0
40.384617,40.388821,103,255,239,255,192,1,52,157,129,0,0,0,0,0,0,0
40.439560,40.448189,103,255,239,255,192,1,52,157,129,0,0,0,0,0,0,0
40.494507,40.507454,103,255,239,255,191,1,54,157,1,0,0,0,0,0,0,0
40.549450,40.567795,103,255,239,255,194,1,56,158,1,0,0,0,0,0,0,0
40.604397,40.627113,103,255,239,255,194,1,56,158,1,0,0,0,0,0,0,0
40.659340,40.686432,103,255,239,255,194,1,56,158,1,0,0,0,0,0,0,0
40.714287,40.745800,103,255,239,255,194,1,56,158,1,0,0,0,0,0,0,0
40.824177,40.805267,103,255,239,255,194,1,56,158,1,0,0,0,0,0,0,0
40.879120,40.864635,103,255,239,255,192,1,72,158,1,0,0,0,0,0,0,0
40.934067,40.924931,103,255,239,255,192,1,72,158,129,0,0,0,0,0,0,0
40.989010,40.984348,104,255,239,255,193,1,76,158,129,0,0,0,0,0,0,0
41.043957,41.043766,103,255,239,255,194,1,75,158,1,0,0,0,0,0,0,0
41.098900,41.104210,103,255,239,255,194,1,75,158,1,0,0,0,0,0,0,0
41.153847,41.163475,103,255,239,255,194,1,75,158,1,0,0,0,0,0,0,0
41.208790,41.222691,103,255,239,255,192,0,72,157,1,0,0,0,0,0,0,0
41.263737,41.282005,103,255,239,255,192,0,72,157,1,0,0,0,0,0,0,0
41.318680,41.341339,103,255,239,255,192,0,72,157,1,0,0,0,0,0,0,0
41.373627,41.400742,103,255,239,255,192,0,72,157,1,0,0,0,0,0,0,0
41.483517,41.460266,103,255,239,255,191,1,72,157,1,0,0,0,0,0,0,0
41.538460,41.520554,103,255,239,255,192,0,78,158,129,0,0,0,0,0,0,0
41.593407,41.579819,104,255,239,255,193,0,75,159,129,0,0,0,0,0,0,0
41.648350,41.639141,104,255,239,255,192,1,70,159,129,0,0,0,0,0,0,0
41.703297,41.698456,104,255,239,255,193,1,59,158,1,0,0,0,0,0,0,0
41.758244,41.758900,104,255,239,255,193,1,59,158,1,0,0,0,0,0,0,0
41.813187,41.818268,104,255,239,255,191,1,69,159,1,0,0,0,0,0,0,0
41.868134,41.877533,104,255,239,255,191,1,69,159,1,0,0,0,0,0,0,0
41.923077,41.936852,104,255,239,255,191,1,69,159,1,0,0,0,0,0,0,0
41.978024,41.996117,104,255,239,255,191,1,69,159,1,0,0,0,0,0,0,0
42.032967,42.055588,104,255,239,255,191,1,69,159,1,0,0,0,0,0,0,0
42.087914,42.115009,105,255,239,255,192,1,61,161,129,0,0,0,0,0,0,0
42.197803,42.175346,106,255,239,255,192,1,61,161,129,0,0,0,0,0,0,0
42.252747,42.235737,106,255,239,255,192,1,55,163,1,0,0,0,0,0,0,0
42.307693,42.295055,107,255,239,255,193,1,53,163,1,0,0,0,0,0,0,0
42.362637,42.354576,107,255,239,255,193,1,53,163,1,0,0,0,0,0,0,0
42.417583,42.414001,107,255,239,255,192,0,54,164,1,0,0,0,0,0,0,0
42.472527,42.473419,107,255,239,255,192,0,54,164,1,0,0,0,0,0,0,0
42.527473,42.533657,107,255,239,255,192,0,55,164,129,0,0,0,0,0,0,0
42.582417,42.593025,107,255,239,255,192,0,55,164,129,0,0,0,0,0,0,0
42.637363,42.652340,107,255,239,255,192,0,55,164,129,0,0,0,0,0,0,0
42.692307,42.711712,107,255,239,255,192,1,53,163,129,0,0,0,0,0,0,0
42.747253,42.771130,106,255,240,255,191,1,52,163,129,0,0,0,0,0,0,0
42.802197,42.830551,106,255,239,255,192,1,52,163,129,0,0,0,0,0,0,0
42.912086,42.890942,106,255,239,255,192,1,56,163,1,0,0,0,0,0,0,0
42.967033,42.950413,106,255,239,255,192,1,56,163,1,0,0,0,0,0,0,0
43.021976,43.009731,106,255,239,255,194,1,59,163,1,0,0,0,0,0,0,0
43.076923,43.069149,106,255,239,255,191,1,63,163,129,0,0,0,0,0,0,0
43.131866,43.129539,107,255,239,255,191,1,63,163,129,0,0,0,0,0,0,0
43.186813,43.189014,107,255,239,255,193,1,73,164,129,0,0,0,0,0,0,0
43.241756,43.248226,107,255,239,255,193,1,73,164,129,0,0,0,0,0,0,0
43.296703,43.307648,107,255,239,255,191,1,72,164,129,0,0,0,0,0,0,0
43.351650,43.366863,107,255,239,255,191,1,73,164,1,0,0,0,0,0,0,0
43.406593,43.427200,107,255,239,255,191,1,73,164,1,0,0,0,0,0,0,0
43.461540,43.486465,107,255,239,255,192,1,75,163,1,0,0,0,0,0,0,0
43.516483,43.545834,107,255,239,255,192,1,75,163,1,0,0,0,0,0,0,0
43.626373,43.605152,107,255,239,255,192,1,79,164,1,0,0,0,0,0,0,0
43.681320,43.664471,108,255,239,255,191,1,83,164,129,0,0,0,0,0,0,0
43.736263,43.724712,108,255,239,255,193,1,84,165,129,0,0,0,0,0,0,0
43.791210,43.784027,108,255,239,255,193,1,84,165,129,0,0,0,0,0,0,0
43.846153,43.843391,108,255,239,255,193,1,84,165,129,0,0,0,0,0,0,0
43.901100,43.902763,108,255,239,255,192,1,84,165,129,0,0,0,0,0,0,0
43.956043,43.963001,108,255,239,255,192,1,84,165,1,0,0,0,0,0,0,0
44.010990,44.022266,108,255,239,255,192,1,84,165,1,0,0,0,0,0,0,0
44.065933,44.081532,108,255,239,255,191,1,84,165,1,0,0,0,0,0,0,0
44.120880,44.140850,108,255,239,255,191,1,84,165,1,0,0,0,0,0,0,0
44.175823,44.200321,108,255,239,255,192,0,81,165,1,0,0,0,0,0,0,0
44.230770,44.259689,108,255,239,255,192,0,81,165,1,0,0,0,0,0,0,0
44.340660,44.319160,108,255,239,255,192,1,81,166,129,0,0,0,0,0,0,0
44.395603,44.379498,108,255,239,255,192,1,80,166,129,0,0,0,0,0,0,0
44.450550,44.439022,108,255,239,255,194,1,84,166,129,0,0,0,0,0,0,0
44.505493,44.498341,109,255,239,255,192,1,85,167,129,0,0,0,0,0,0,0
44.560440,44.558784,109,255,239,255,192,1,86,167,1,0,0,0,0,0,0,0
44.615383,44.618252,109,255,238,255,194,1,80,168,1,0,0,0,0,0,0,0
44.670330,44.677467,109,255,238,255,193,1,80,168,1,0,0,0,0,0,0,0
44.725273,44.736633,109,255,239,255,191,1,78,168,1,0,0,0,0,0,0,0
44.780220,44.796154,110,255,238,255,192,1,75,168,1,0,0,0,0,0,0,0
44.835163,44.855419,110,255,238,255,192,1,75,168,1,0,0,0,0,0,0,0
44.890110,44.914841,110,255,238,255,192,1,75,168,1,0,0,0,0,0,0,0
44.945053,44.974312,109,255,238,255,191,1,69,167,129,0,0,0,0,0,0,0
45.054947,45.034702,109,255,238,255,191,1,69,167,129,0,0,0,0,0,0,0
45.109890,45.094120,109,255,238,255,194,0,70,167,129,0,0,0,0,0,0,0
45.164837,45.154514,109,255,238,255,192,1,69,167,1,0,0,0,0,0,0,0
45.219780,45.214035,109,255,238,255,192,1,69,167,1,0,0,0,0,0,0,0
45.274727,45.273457,109,255,238,255,192,1,69,167,1,0,0,0,0,0,0,0
45.329670,45.332928,109,255,238,255,192,1,69,167,1,0,0,0,0,0,0,0
45.384617,45.392139,109,255,238,255,192,1,69,167,1,0,0,0,0,0,0,0
45.439560,45.452534,110,255,238,255,192,1,68,168,129,0,0,0,0,0,0,0
45.494507,45.511799,110,255,238,255,193,0,60,168,129,0,0,0,0,0,0,0
45.549450,45.571167,109,255,238,255,193,0,60,168,129,0,0,0,0,0,0,0
45.604397,45.630535,109,255,237,255,194,1,51,167,129,0,0,0,0,0,0,0
45.714287,45.690056,109,255,237,255,194,1,51,167,129,0,0,0,0,0,0,0
45.769230,45.749325,109,255,237,255,194,1,51,167,129,0,0,0,0,0,0,0
45.824177,45.808849,109,255,238,255,191,1,52,167,1,0,0,0,0,0,0,0
45.879120,45.869186,109,255,237,255,191,1,53,167,1,0,0,0,0,0,0,0
45.934067,45.928555,109,255,238,255,191,1,52,167,1,0,0,0,0,0,0,0
45.989010,45.987873,109,255,238,255,191,1,52,167,1,0,0,0,0,0,0,0
46.043957,46.047291,109,255,238,255,191,1,52,167,1,0,0,0,0,0,0,0
46.098900,46.106506,110,255,237,255,192,1,51,168,1,0,0,0,0,0,0,0
46.153847,46.166691,110,255,237,255,192,1,51,168,129,0,0,0,0,0,0,0
46.208790,46.226009,110,255,237,255,192,1,51,168,129,0,0,0,0,0,0,0
46.263737,46.285225,110,255,237,255,192,1,50,167,1,0,0,0,0,0,0,0
46.318680,46.345722,109,255,237,255,193,0,51,167,1,0,0,0,0,0,0,0
46.428570,46.405037,109,255,237,255,191,1,48,167,1,0,0,0,0,0,0,0
46.483517,46.464405,109,255,237,255,191,1,46,166,1,0,0,0,0,0,0,0
46.538460,46.523720,109,255,237,255,191,1,44,166,1,0,0,0,0,0,0,0
46.593407,46.582935,109,255,237,255,191,1,44,166,1,0,0,0,0,0,0,0
46.648350,46.642410,109,255,237,255,191,1,44,166,1,0,0,0,0,0,0,0
46.703297,46.701828,109,255,237,255,191,1,44,166,1,0,0,0,0,0,0,0
46.758244,46.761196,109,255,237,255,191,1,44,166,1,0,0,0,0,0,0,0
46.813187,46.820461,109,255,237,255,191,1,44,166,1,0,0,0,0,0,0,0
46.868134,46.879780,109,255,237,255,192,1,47,167,1,0,0,0,0,0,0,0
46.923077,46.939148,109,255,237,255,193,1,49,167,1,0,0,0,0,0,0,0
46.978024,46.998466,109,255,237,255,193,1,49,167,1,0,0,0,0,0,0,0
47.032967,47.057732,109,255,237,255,193,1,49,167,1,0,0,0,0,0,0,0
47.087914,47.117046,109,255,237,255,193,1,49,167,1,0,0,0,0,0,0,0
47.197803,47.176414,109,255,237,255,193,1,49,167,1,0,0,0,0,0,0,0
47.252747,47.235786,1,44,167,129,193,1,49,167,1,0,0,0,0,0,0,0
47.307693,47.296638,1,44,167,129,193,1,49,167,1,0,0,0,0,0,0,0
47.362637,47.358311,109,255,237,255,193,1,42,166,129,0,0,0,0,0,0,0
47.417583,47.420288,109,255,237,255,193,0,41,166,1,0,0,0,0,0,0,0
47.472527,47.480526,109,255,237,255,193,0,41,166,1,0,0,0,0,0,0,0
47.527473,47.539845,109,255,237,255,193,0,41,166,1,0,0,0,0,0,0,0
47.582417,47.599110,109,255,237,255,193,0,41,166,1,0,0,0,0,0,0,0
47.637363,47.658428,109,255,237,255,193,0,41,166,1,0,0,0,0,0,0,0
47.692307,47.717796,109,255,237,255,193,0,41,166,1,0,0,0,0,0,0,0
47.802197,47.777214,109,255,237,255,192,1,41,166,1,0,0,0,0,0,0,0
47.857143,47.837502,108,255,237,255,192,1,32,165,129,0,0,0,0,0,0,0
47.912086,47.896717,108,255,237,255,194,1,36,165,129,0,0,0,0,0,0,0
47.967033,47.955986,108,255,237,255,191,1,41,165,129,0,0,0,0,0,0,0
48.021976,48.015354,108,255,237,255,192,1,46,165,1,0,0,0,0,0,0,0
48.076923,48.075745,108,255,237,255,192,1,46,165,1,0,0,0,0,0,0,0
48.131866,48.134960,108,255,237,255,192,1,48,165,1,0,0,0,0,0,0,0
48.186813,48.194176,108,255,237,255,191,1,46,165,1,0,0,0,0,0,0,0
48.241756,48.253544,108,255,237,255,193,0,46,165,1,0,0,0,0,0,0,0
48.296703,48.312809,108,255,237,255,193,0,46,165,1,0,0,0,0,0,0,0
48.351650,48.372944,108,255,237,255,193,0,46,165,1,0,0,0,0,0,0,0
48.406593,48.432316,107,255,237,255,192,0,47,164,129,0,0,0,0,0,0,0
48.516483,48.492805,107,255,237,255,193,1,45,163,129,0,0,0,0,0,0,0
48.571430,48.552177,107,255,237,255,192,1,47,163,129,0,0,0,0,0,0,0
48.626373,48.612415,107,255,237,255,192,1,47,163,1,0,0,0,0,0,0,0
48.681320,48.671783,107,255,237,255,192,1,47,163,1,0,0,0,0,0,0,0
48.736263,48.731052,107,255,237,255,192,1,47,163,1,0,0,0,0,0,0,0
48.791210,48.790623,107,255,237,255,192,1,47,163,1,0,0,0,0,0,0,0
48.846153,48.849838,107,255,237,255,191,1,47,163,1,0,0,0,0,0,0,0
48.901100,48.910126,107,255,237,255,192,1,58,163,129,0,0,0,0,0,0,0
48.956043,48.969444,107,255,235,255,193,0,59,163,129,0,0,0,0,0,0,0
49.010990,49.028866,107,255,235,255,194,1,61,164,129,0,0,0,0,0,0,0
49.065933,49.088181,108,255,235,255,194,1,61,164,129,0,0,0,0,0,0,0
49.120880,49.148827,107,255,237,255,193,1,68,164,1,0,0,0,0,0,0,0
49.230770,49.208199,108,255,237,255,192,0,70,165,1,0,0,0,0,0,0,0
49.285713,49.267616,108,255,237,255,192,0,70,165,1,0,0,0,0,0,0,0
49.340660,49.327038,108,255,237,255,192,0,70,165,1,0,0,0,0,0,0,0
49.395603,49.386253,108,255,237,255,192,0,70,165,1,0,0,0,0,0,0,0
49.450550,49.445518,108,255,237,255,192,0,70,165,1,0,0,0,0,0,0,0
49.505493,49.505039,108,255,237,255,191,1,63,166,129,0,0,0,0,0,0,0
49.560440,49.565331,109,255,237,255,191,1,62,167,129,0,0,0,0,0,0,0
49.615383,49.624596,109,255,237,255,192,1,59,167,129,0,0,0,0,0,0,0
49.670330,49.683758,109,255,237,255,192,0,42,166,129,0,0,0,0,0,0,0
49.725273,49.743076,109,255,237,255,192,0,42,166,129,0,0,0,0,0,0,0
49.780220,49.802498,109,255,237,255,191,1,44,166,129,0,0,0,0,0,0,0
49.835163,49.862835,109,255,237,255,191,1,44,166,1,0,0,0,0,0,0,0
49.945053,49.922203,109,255,237,255,191,1,44,166,1,0,0,0,0,0,0,0
50.000000,49.981422,109,255,237,255,191,1,44,166,1,0,0,0,0,0,0,0
50.054947,50.040634,109,255,237,255,191,1,44,166,1,0,0,0,0,0,0,0
50.109890,50.099953,109,255,237,255,191,1,44,166,1,0,0,0,0,0,0,0
50.164837,50.159218,109,255,237,255,191,1,44,166,1,0,0,0,0,0,0,0
50.219780,50.218636,109,255,237,255,191,1,44,166,1,0,0,0,0,0,0,0
50.274727,50.278057,108,255,237,255,192,1,31,164,1,0,0,0,0,0,0,0
50.329670,50.337425,108,255,237,255,192,1,31,164,1,0,0,0,0,0,0,0
50.384617,50.396641,108,255,237,255,192,1,38,165,1,0,0,0,0,0,0,0
50.439560,50.456062,108,255,237,255,192,1,38,165,1,0,0,0,0,0,0,0
50.494507,50.515324,108,255,237,255,192,1,38,165,1,0,0,0,0,0,0,0
50.549450,50.574642,108,255,237,255,192,1,38,165,1,0,0,0,0,0,0,0
50.659340,50.634010,108,255,237,255,192,1,38,165,1,0,0,0,0,0,0,0
50.714287,50.694046,108,255,237,255,192,1,38,165,1,0,0,0,0,0,0,0
50.769230,50.754898,108,255,237,255,192,1,38,165,1,0,0,0,0,0,0,0
50.824177,50.815903,106,255,237,255,192,1,38,165,1,0,0,0,0,0,0,0
50.879120,50.876858,106,255,238,255,191,1,54,162,1,0,0,0,0,0,0,0
50.934067,50.937969,106,255,238,255,191,1,54,162,1,0,0,0,0,0,0,0
50.989010,50.998867,106,255,237,255,192,1,54,162,1,0,0,0,0,0,0,0
51.043957,51.059723,106,255,237,255,192,0,66,161,1,0,0,0,0,0,0,0
51.098900,51.120678,106,255,237,255,192,0,69,161,1,0,0,0,0,0,0,0
51.208790,51.181736,106,255,237,255,192,0,69,161,1,0,0,0,0,0,0,0
51.263737,51.242691,106,255,237,255,192,0,69,161,1,0,0,0,0,0,0,0
51.318680,51.303593,106,255,237,255,192,0,69,161,1,0,0,0,0,0,0,0
51.373627,51.364395,106,255,237,255,192,0,69,161,1,0,0,0,0,0,0,0
51.428570,51.425301,106,255,237,255,192,0,69,161,1,0,0,0,0,0,0,0
51.483517,51.486355,106,255,237,255,192,0,69,161,1,0,0,0,0,0,0,0
51.538460,51.547363,106,255,238,255,192,1,111,163,1,0,0,0,0,0,0,0
51.593407,51.606579,106,255,238,255,191,1,114,163,1,0,0,0,0,0,0,0
51.648350,51.666103,107,255,238,255,191,1,114,164,1,0,0,0,0,0,0,0
51.703297,51.725414,107,255,238,255,192,1,114,164,1,0,0,0,0,0,0,0
51.758244,51.785858,107,255,238,255,192,1,110,164,129,0,0,0,0,0,0,0
51.868134,51.845230,107,255,238,255,192,1,110,164,129,0,0,0,0,0,0,0
51.923077,51.904598,107,255,238,255,192,1,110,164,129,0,0,0,0,0,0,0
51.978024,51.963963,107,255,237,255,193,1,106,164,129,0,0,0,0,0,0,0
52.032967,52.023384,107,255,237,255,193,1,106,164,129,0,0,0,0,0,0,0
52.087914,52.082802,107,255,237,255,193,1,106,164,129,0,0,0,0,0,0,0
52.142857,52.142326,107,255,237,255,193,1,106,164,129,0,0,0,0,0,0,0
52.197803,52.201542,107,255,237,255,193,1,106,164,129,0,0,0,0,0,0,0
52.252747,52.260960,107,255,237,255,193,1,106,164,129,0,0,0,0,0,0,0
52.307693,52.320225,107,255,237,255,193,1,106,164,129,0,0,0,0,0,0,0
52.362637,52.379593,107,255,237,255,193,1,106,164,129,0,0,0,0,0,0,0
52.417583,52.438911,108,255,238,255,192,1,94,165,129,0,0,0,0,0,0,0
52.472527,52.499199,108,255,238,255,191,1,90,164,129,0,0,0,0,0,0,0
52.582417,52.559338,108,255,238,255,191,1,90,164,129,0,0,0,0,0,0,0
52.637363,52.620243,108,255,238,255,191,1,90,164,129,0,0,0,0,0,0,0
52.692307,52.681194,108,255,238,255,191,1,90,164,129,0,0,0,0,0,0,0
52.747253,52.742306,106,255,238,255,191,1,90,164,129,0,0,0,0,0,0,0
52.802197,52.804230,107,255,238,255,193,0,95,163,1,0,0,0,0,0,0,0
52.857143,52.864418,107,255,238,255,192,0,96,164,129,0,0,0,0,0,0,0
52.912086,52.924812,108,255,238,255,192,0,96,164,129,0,0,0,0,0,0,0
52.967033,52.984131,108,255,238,255,191,1,97,164,129,0,0,0,0,0,0,0
53.021976,53.043446,107,255,238,255,191,1,97,164,129,0,0,0,0,0,0,0
53.076923,53.102867,108,255,238,255,192,1,96,164,129,0,0,0,0,0,0,0
53.186813,53.162182,108,255,238,255,192,1,96,164,129,0,0,0,0,0,0,0
53.241756,53.221550,107,255,238,255,192,1,95,164,1,0,0,0,0,0,0,0
53.296703,53.281944,107,255,238,255,191,1,93,163,1,0,0,0,0,0,0,0
53.351650,53.341263,107,255,238,255,191,1,93,163,1,0,0,0,0,0,0,0
53.406593,53.400833,107,255,238,255,194,1,86,163,1,0,0,0,0,0,0,0
53.461540,53.460251,107,255,238,255,194,1,86,163,1,0,0,0,0,0,0,0
53.516483,53.519623,107,255,238,255,194,1,86,163,1,0,0,0,0,0,0,0
53.571430,53.578991,107,255,238,255,192,1,105,163,1,0,0,0,0,0,0,0
53.626373,53.639229,107,255,238,255,192,1,105,164,129,0,0,0,0,0,0,0
53.681320,53.698544,108,255,238,255,193,1,111,165,129,0,0,0,0,0,0,0
53.736263,53.757965,108,255,238,255,193,1,104,166,129,0,0,0,0,0,0,0
53.846153,53.819141,108,255,238,255,191,1,101,166,1,0,0,0,0,0,0,0
53.901100,53.878494,108,255,238,255,191,1,101,166,1,0,0,0,0,0,0,0
53.956043,53.937759,108,255,238,255,191,1,101,166,1,0,0,0,0,0,0,0
54.010990,53.997177,110,255,238,255,191,1,101,166,1,0,0,0,0,0,0,0
54.065933,54.057468,110,255,238,255,191,1,72,168,129,0,0,0,0,0,0,0
54.120880,54.116940,110,255,238,255,191,1,72,168,129,0,0,0,0,0,0,0
54.175823,54.176460,110,255,238,255,192,1,71,168,129,0,0,0,0,0,0,0
54.230770,54.235779,110,255,238,255,191,1,69,168,129,0,0,0,0,0,0,0
54.285713,54.295143,110,255,238,255,191,1,69,168,129,0,0,0,0,0,0,0
54.340660,54.354511,110,255,238,255,191,1,69,168,129,0,0,0,0,0,0,0
54.395603,54.413986,110,255,238,255,191,1,69,168,129,0,0,0,0,0,0,0
54.450550,54.473404,110,255,238,255,191,1,69,168,129,0,0,0,0,0,0,0
54.560440,54.533028,110,255,238,255,191,1,69,168,129,0,0,0,0,0,0,0
54.615383,54.592400,110,255,238,255,191,1,69,168,129,0,0,0,0,0,0,0
54.670330,54.651867,110,255,238,255,191,1,69,168,129,0,0,0,0,0,0,0
54.725273,54.711239,107,255,237,255,191,1,81,164,129,0,0,0,0,0,0,0
54.780220,54.770710,108,255,237,255,193,0,80,165,129,0,0,0,0,0,0,0
54.835163,54.830128,108,255,237,255,192,1,76,164,129,0,0,0,0,0,0,0
54.890110,54.889595,107,255,237,255,192,1,72,164,1,0,0,0,0,0,0,0
54.945053,54.949787,107,255,237,255,193,1,67,164,1,0,0,0,0,0,0,0
55.000000,55.009151,107,255,237,255,193,1,65,163,1,0,0,0,0,0,0,0
55.054947,55.068573,107,255,237,255,194,1,62,163,1,0,0,0,0,0,0,0
55.109890,55.127892,107,255,237,255,194,1,62,163,1,0,0,0,0,0,0,0
55.164837,55.187260,106,255,237,255,192,1,60,162,129,0,0,0,0,0,0,0
55.274727,55.247753,106,255,237,255,191,1,60,162,129,0,0,0,0,0,0,0
55.329670,55.307175,106,255,237,255,192,1,67,163,129,0,0,0,0,0,0,0
55.384617,55.366646,107,255,237,255,191,1,66,163,129,0,0,0,0,0,0,0
55.439560,55.425961,107,255,237,255,191,1,66,163,129,0,0,0,0,0,0,0
55.494507,55.485329,107,255,237,255,191,1,68,163,129,0,0,0,0,0,0,0
55.549450,55.544750,107,255,237,255,191,1,71,163,1,0,0,0,0,0,0,0
55.604397,55.605038,107,255,237,255,191,1,71,163,1,0,0,0,0,0,0,0
55.659340,55.664303,107,255,237,255,192,1,76,164,1,0,0,0,0,0,0,0
55.714287,55.723518,107,255,237,255,192,1,76,164,1,0,0,0,0,0,0,0
55.769230,55.782890,107,255,237,255,192,1,76,164,1,0,0,0,0,0,0,0
55.824177,55.842308,106,255,237,255,192,1,63,163,129,0,0,0,0,0,0,0
55.879120,55.902752,106,255,236,255,192,0,56,163,129,0,0,0,0,0,0,0
55.989010,55.962273,106,255,236,255,192,0,56,162,129,0,0,0,0,0,0,0
56.043957,56.021797,106,255,236,255,191,0,53,162,129,0,0,0,0,0,0,0
56.098900,56.082134,106,255,236,255,192,1,50,163,1,0,0,0,0,0,0,0
56.153847,56.141502,106,255,236,255,192,1,50,163,1,0,0,0,0,0,0,0
56.208790,56.200821,106,255,236,255,192,1,50,163,1,0,0,0,0,0,0,0
56.263737,56.260189,106,255,236,255,192,1,50,163,1,0,0,0,0,0,0,0
56.318680,56.319508,106,255,236,255,192,1,50,163,1,0,0,0,0,0,0,0
56.373627,56.378872,106,255,236,255,192,1,38,162,1,0,0,0,0,0,0,0
56.428570,56.439110,106,255,236,255,192,1,38,162,129,0,0,0,0,0,0,0
56.483517,56.498482,106,255,236,255,191,1,38,162,129,0,0,0,0,0,0,0
56.538460,56.557796,105,255,236,255,191,1,42,162,129,0,0,0,0,0,0,0
56.593407,56.617268,105,255,236,255,194,1,41,162,129,0,0,0,0,0,0,0
56.703297,56.676636,105,255,236,255,194,1,41,162,129,0,0,0,0,0,0,0
56.758244,56.736107,105,255,236,255,194,1,41,162,129,0,0,0,0,0,0,0
56.813187,56.795475,105,255,236,255,194,1,41,162,129,0,0,0,0,0,0,0
56.868134,56.854893,105,255,236,255,194,1,41,162,129,0,0,0,0,0,0,0
56.923077,56.914215,105,255,236,255,194,1,41,162,129,0,0,0,0,0,0,0
56.978024,56.973579,105,255,236,255,194,1,41,162,129,0,0,0,0,0,0,0
57.032967,57.032898,106,255,236,255,191,1,48,162,129,0,0,0,0,0,0,0
57.087914,57.092319,106,255,236,255,192,1,47,162,129,0,0,0,0,0,0,0
57.142857,57.151638,106,255,236,255,192,0,50,162,129,0,0,0,0,0,0,0
57.197803,57.211056,106,255,236,255,192,1,51,162,1,0,0,0,0,0,0,0
57.252747,57.271397,106,255,236,255,193,1,51,162,1,0,0,0,0,0,0,0
57.307693,57.330814,106,255,236,255,193,1,51,162,1,0,0,0,0,0,0,0
57.417583,57.390285,106,255,236,255,191,1,58,161,1,0,0,0,0,0,0,0
57.472527,57.449654,106,255,236,255,191,1,58,161,1,0,0,0,0,0,0,0
57.527473,57.509071,106,255,236,255,191,1,58,161,1,0,0,0,0,0,0,0
57.582417,57.568546,106,255,236,255,193,1,58,161,1,0,0,0,0,0,0,0
57.637363,57.628937,106,255,236,255,193,1,74,163,129,0,0,0,0,0,0,0
57.692307,57.688461,106,255,236,255,193,1,74,163,129,0,0,0,0,0,0,0
57.747253,57.747673,106,255,236,255,193,1,75,162,129,0,0,0,0,0,0,0
57.802197,57.807095,106,255,236,255,193,1,75,162,129,0,0,0,0,0,0,0
57.857143,57.866360,106,255,235,255,192,1,76,162,1,0,0,0,0,0,0,0
57.912086,57.926804,106,255,235,255,192,0,77,162,1,0,0,0,0,0,0,0
57.967033,57.986221,106,255,235,255,192,0,76,161,1,0,0,0,0,0,0,0
58.021976,58.045643,105,255,235,255,192,1,76,161,1,0,0,0,0,0,0,0
58.131866,58.106136,105,255,235,255,192,1,79,161,129,0,0,0,0,0,0,0
58.186813,58.165558,105,255,235,255,192,1,84,161,129,0,0,0,0,0,0,0
58.241756,58.225029,105,255,235,255,192,1,85,161,129,0,0,0,0,0,0,0
58.296703,58.284393,106,255,235,255,193,1,85,162,129,0,0,0,0,0,0,0
58.351650,58.343914,106,255,235,255,191,1,84,162,129,0,0,0,0,0,0,0
58.406593,58.403286,106,255,235,255,191,1,84,162,129,0,0,0,0,0,0,0
58.461540,58.462757,106,255,235,255,194,0,83,163,1,0,0,0,0,0,0,0
58.516483,58.523045,106,255,235,255,191,1,84,163,1,0,0,0,0,0,0,0
58.571430,58.582363,106,255,235,255,191,1,84,162,1,0,0,0,0,0,0,0
58.626373,58.641678,106,255,235,255,192,1,87,162,1,0,0,0,0,0,0,0
58.681320,58.701252,106,255,235,255,192,1,87,162,1,0,0,0,0,0,0,0
58.736263,58.760674,106,255,235,255,192,1,87,162,1,0,0,0,0,0,0,0
58.846153,58.820194,106,255,235,255,193,0,87,162,1,0,0,0,0,0,0,0
58.901100,58.880535,106,255,235,255,191,1,82,163,129,0,0,0,0,0,0,0
58.956043,58.940006,106,255,235,255,192,0,76,163,1,0,0,0,0,0,0,0
59.010990,59.000450,106,255,234,255,191,1,70,162,1,0,0,0,0,0,0,0
59.065933,59.059917,106,255,235,255,192,1,70,162,1,0,0,0,0,0,0,0
59.120880,59.119339,106,255,235,255,191,1,70,162,1,0,0,0,0,0,0,0
59.175823,59.178761,106,255,235,255,194,1,72,163,1,0,0,0,0,0,0,0
59.230770,59.238281,107,255,235,255,193,1,73,163,129,0,0,0,0,0,0,0
59.285713,59.298622,108,255,235,255,192,1,64,165,129,0,0,0,0,0,0,0
59.340660,59.358040,108,255,234,255,194,0,60,165,129,0,0,0,0,0,0,0
59.395603,59.417614,108,255,234,255,194,0,60,165,129,0,0,0,0,0,0,0
59.505493,59.477036,108,255,234,255,194,0,60,165,129,0,0,0,0,0,0,0
59.560440,59.536301,108,255,234,255,194,1,51,165,1,0,0,0,0,0,0,0
59.615383,59.596638,108,255,234,255,194,1,51,165,1,0,0,0,0,0,0,0
59.670330,59.656162,108,255,234,255,191,1,58,166,1,0,0,0,0,0,0,0
59.725273,59.715584,109,255,234,255,191,1,57,166,1,0,0,0,0,0,0,0
59.780220,59.775105,108,255,234,255,191,1,59,165,129,0,0,0,0,0,0,0
59.835163,59.835445,108,255,234,255,193,0,61,165,129,0,0,0,0,0,0,0
59.890110,59.894863,108,255,234,255,192,1,62,165,129,0,0,0,0,0,0,0
59.945053,59.954182,108,255,234,255,191,1,64,164,129,0,0,0,0,0,0,0
60.000000,60.013809,108,255,234,255,192,0,62,165,129,0,0,0,0,0,0,0
60.054947,60.073326,108,255,234,255,192,1,59,165,129,0,0,0,0,0,0,0
60.109890,60.133972,108,255,234,255,191,1,59,165,1,0,0,0,0,0,0,0
60.219780,60.193550,108,255,234,255,191,1,58,165,1,0,0,0,0,0,0,0
60.274727,60.253071,108,255,234,255,191,1,53,165,1,0,0,0,0,0,0,0
60.329670,60.312641,108,255,234,255,191,1,53,165,1,0,0,0,0,0,0,0
60.384617,60.372013,108,255,234,255,192,1,49,165,1,0,0,0,0,0,0,0
60.439560,60.431690,108,255,234,255,192,1,49,165,1,0,0,0,0,0,0,0
60.494507,60.492386,108,255,234,255,193,1,53,165,129,0,0,0,0,0,0,0
60.549450,60.551651,108,255,234,255,192,0,57,165,129,0,0,0,0,0,0,0
60.604397,60.611073,108,255,233,255,191,1,59,165,129,0,0,0,0,0,0,0
60.659340,60.670593,108,255,233,255,192,1,61,165,129,0,0,0,0,0,0,0
60.714287,60.731087,108,255,231,255,192,0,59,165,1,0,0,0,0,0,0,0
60.769230,60.790665,108,255,233,255,191,1,59,165,1,0,0,0,0,0,0,0
60.879120,60.850235,108,255,233,255,193,0,59,165,1,0,0,0,0,0,0,0
60.934067,60.909657,108,255,233,255,192,1,58,165,1,0,0,0,0,0,0,0
60.989010,60.969124,107,255,233,255,191,1,58,165,1,0,0,0,0,0,0,0
61.043957,61.029621,107,255,233,255,192,0,62,164,129,0,0,0,0,0,0,0
61.098900,61.089039,107,255,233,255,192,0,62,164,129,0,0,0,0,0,0,0
