0.000000,0.000000,104,255,228,255,183,1,64,158,129,0,0,0,0,0,0,0
0.054945,0.060444,104,255,228,255,183,1,61,158,129,0,0,0,0,0,0,0
0.109890,0.119606,104,255,228,255,183,1,61,158,129,0,0,0,0,0,0,0
0.164835,0.178821,104,255,229,255,184,1,66,159,129,0,0,0,0,0,0,0
0.219780,0.238087,104,255,228,255,182,1,66,159,129,0,0,0,0,0,0,0
0.274725,0.297405,104,255,229,255,182,1,66,159,129,0,0,0,0,0,0,0
0.329670,0.356669,105,255,228,255,184,1,66,159,129,0,0,0,0,0,0,0
0.439560,0.417011,105,255,228,255,184,1,65,159,1,0,0,0,0,0,0,0
0.494505,0.476378,105,255,228,255,184,1,65,159,1,0,0,0,0,0,0,0
0.549451,0.536616,105,255,229,255,182,1,64,160,129,0,0,0,0,0,0,0
0.604396,0.595884,105,255,229,255,182,1,64,159,129,0,0,0,0,0,0,0
0.659341,0.655150,104,255,229,255,182,1,64,159,129,0,0,0,0,0,0,0
0.714286,0.714518,104,255,229,255,182,1,64,159,129,0,0,0,0,0,0,0
0.769231,0.773989,104,255,229,255,182,1,61,158,129,0,0,0,0,0,0,0
0.824176,0.834227,104,255,229,255,182,1,62,158,1,0,0,0,0,0,0,0
0.879121,0.893442,104,255,229,255,182,1,62,158,1,0,0,0,0,0,0,0
0.934066,0.952762,104,255,229,255,183,1,62,158,1,0,0,0,0,0,0,0
0.989011,1.012180,104,255,229,255,183,1,62,158,1,0,0,0,0,0,0,0
1.043956,1.071599,103,255,229,255,183,1,61,157,129,0,0,0,0,0,0,0
1.153846,1.131938,103,255,229,255,183,1,61,157,129,0,0,0,0,0,0,0
1.208791,1.191153,103,255,229,255,183,1,61,157,129,0,0,0,0,0,0,0
1.263736,1.250524,103,255,229,255,183,1,61,157,129,0,0,0,0,0,0,0
1.318681,1.309838,103,255,229,255,183,1,61,157,129,0,0,0,0,0,0,0
1.373626,1.369157,104,255,229,255,182,1,59,158,1,0,0,0,0,0,0,0
1.428571,1.429653,104,255,229,255,182,1,58,158,1,0,0,0,0,0,0,0
1.483516,1.489019,104,255,229,255,182,1,57,157,1,0,0,0,0,0,0,0
1.538462,1.548440,104,255,229,255,182,1,56,158,1,0,0,0,0,0,0,0
1.593407,1.607653,104,255,229,255,182,1,57,158,1,0,0,0,0,0,0,0
1.648352,1.666869,103,255,229,255,182,1,57,157,129,0,0,0,0,0,0,0
1.703297,1.727159,104,255,229,255,182,1,57,157,129,0,0,0,0,0,0,0
1.758242,1.786526,104,255,229,255,182,1,57,157,129,0,0,0,0,0,0,0
1.868132,1.846049,103,255,229,255,182,1,57,157,129,0,0,0,0,0,0,0
1.923077,1.905365,103,255,229,255,182,1,57,157,129,0,0,0,0,0,0,0
1.978022,1.964632,103,255,229,255,182,1,57,157,129,0,0,0,0,0,0,0
2.032967,2.023949,103,255,229,255,183,1,53,157,1,0,0,0,0,0,0,0
2.087912,2.084188,103,255,229,255,184,1,52,157,1,0,0,0,0,0,0,0
2.142857,2.143608,103,255,229,255,184,1,52,157,1,0,0,0,0,0,0,0
2.197802,2.202822,103,255,229,255,184,1,52,157,1,0,0,0,0,0,0,0
2.252747,2.262190,102,255,229,255,184,1,54,156,129,0,0,0,0,0,0,0
2.307692,2.322429,102,255,229,255,184,1,54,156,129,0,0,0,0,0,0,0
2.362637,2.381746,102,255,229,255,184,1,52,156,129,0,0,0,0,0,0,0
2.417583,2.441062,102,255,229,255,182,1,51,155,129,0,0,0,0,0,0,0
2.472528,2.500533,102,255,229,255,182,1,51,155,129,0,0,0,0,0,0,0
2.582417,2.559901,102,255,229,255,182,1,51,155,129,0,0,0,0,0,0,0
2.637363,2.619221,102,255,229,255,182,1,51,155,129,0,0,0,0,0,0,0
2.692308,2.678639,102,255,229,255,182,1,51,155,129,0,0,0,0,0,0,0
2.747253,2.737958,101,255,229,255,182,1,51,155,129,0,0,0,0,0,0,0
2.802198,2.797273,101,255,229,255,182,1,51,155,129,0,0,0,0,0,0,0
2.857143,2.856592,101,255,229,255,182,1,51,155,129,0,0,0,0,0,0,0
2.912088,2.915906,101,255,229,255,182,1,51,155,129,0,0,0,0,0,0,0
2.967033,2.976198,100,255,230,255,183,1,51,152,129,0,0,0,0,0,0,0
3.021978,3.035464,100,255,230,255,183,1,52,152,129,0,0,0,0,0,0,0
3.076923,3.094779,100,255,230,255,183,1,52,152,129,0,0,0,0,0,0,0
3.131868,3.155018,100,255,230,255,184,1,56,152,1,0,0,0,0,0,0,0
3.186813,3.214388,100,255,230,255,184,1,56,152,1,0,0,0,0,0,0,0
3.296703,3.273756,100,255,230,255,184,1,56,152,1,0,0,0,0,0,0,0
3.351648,3.333029,100,255,230,255,184,1,56,152,1,0,0,0,0,0,0,0
3.406593,3.392341,101,255,230,255,184,1,56,152,1,0,0,0,0,0,0,0
3.461539,3.455033,101,255,230,255,183,1,52,154,129,0,0,0,0,0,0,0
3.516484,3.515989,101,255,230,255,183,1,52,154,129,0,0,0,0,0,0,0
3.571429,3.576995,100,255,230,255,184,1,59,153,129,0,0,0,0,0,0,0
3.626374,3.637900,100,255,230,255,184,1,62,153,129,0,0,0,0,0,0,0
3.681319,3.698700,101,255,230,255,182,1,71,154,1,0,0,0,0,0,0,0
3.736264,3.758991,101,255,230,255,182,1,71,154,1,0,0,0,0,0,0,0
3.791209,3.818410,101,255,230,255,182,1,71,154,1,0,0,0,0,0,0,0
3.901099,3.877726,101,255,231,255,183,1,64,155,1,0,0,0,0,0,0,0
3.956044,3.936993,101,255,231,255,184,1,64,154,1,0,0,0,0,0,0,0
4.010989,3.997282,101,255,231,255,184,1,64,154,129,0,0,0,0,0,0,0
4.065934,4.056550,101,255,231,255,184,1,64,154,129,0,0,0,0,0,0,0
4.120879,4.115816,101,255,231,255,184,1,64,154,129,0,0,0,0,0,0,0
4.175824,4.175183,101,255,231,255,184,1,64,154,129,0,0,0,0,0,0,0
4.230769,4.234502,101,255,231,255,184,1,64,154,129,0,0,0,0,0,0,0
4.285714,4.293921,101,255,231,255,181,1,72,154,1,0,0,0,0,0,0,0
4.340659,4.354159,101,255,231,255,181,1,72,154,1,0,0,0,0,0,0,0
4.395605,4.413423,101,255,231,255,181,1,72,154,1,0,0,0,0,0,0,0
4.450550,4.472690,101,255,231,255,181,1,72,154,1,0,0,0,0,0,0,0
4.505495,4.532108,101,255,231,255,183,1,74,154,1,0,0,0,0,0,0,0
4.615385,4.591427,101,255,231,255,183,1,74,154,1,0,0,0,0,0,0,0
4.670330,4.651513,101,255,231,255,183,1,74,154,1,0,0,0,0,0,0,0
4.725275,4.711648,101,255,231,255,183,1,74,154,1,0,0,0,0,0,0,0
4.780220,4.772449,101,255,231,255,183,1,74,154,1,0,0,0,0,0,0,0
4.835165,4.833353,101,255,231,255,183,1,74,154,1,0,0,0,0,0,0,0
4.890110,4.894206,101,255,231,255,183,1,74,154,1,0,0,0,0,0,0,0
4.945055,4.955007,101,255,231,255,183,1,74,154,1,0,0,0,0,0,0,0
5.000000,5.015859,101,255,231,255,182,1,88,154,1,0,0,0,0,0,0,0
5.054945,5.076865,101,255,231,255,182,1,88,154,1,0,0,0,0,0,0,0
5.109890,5.137717,101,255,231,255,184,1,90,154,1,0,0,0,0,0,0,0
5.219780,5.199749,101,255,231,255,183,1,88,154,129,0,0,0,0,0,0,0
5.274725,5.259066,101,255,231,255,182,1,89,153,129,0,0,0,0,0,0,0
5.329670,5.318436,101,255,231,255,182,1,89,153,129,0,0,0,0,0,0,0
5.384615,5.377699,101,255,231,255,182,1,89,153,129,0,0,0,0,0,0,0
5.439560,5.437070,101,255,231,255,182,1,89,153,129,0,0,0,0,0,0,0
5.494505,5.496539,101,255,231,255,182,1,89,153,129,0,0,0,0,0,0,0
5.549450,5.555804,103,255,232,255,183,1,89,153,129,0,0,0,0,0,0,0
5.604395,5.616094,103,255,231,255,182,1,88,158,1,0,0,0,0,0,0,0
5.659341,5.675414,104,255,232,255,184,1,87,158,1,0,0,0,0,0,0,0
5.714286,5.734677,104,255,232,255,184,1,87,158,1,0,0,0,0,0,0,0
5.769231,5.793943,104,255,232,255,181,1,90,158,129,0,0,0,0,0,0,0
5.879121,5.854287,103,255,232,255,181,1,90,158,129,0,0,0,0,0,0,0
5.934066,5.913600,103,255,232,255,183,1,94,157,129,0,0,0,0,0,0,0
5.989011,5.972919,103,255,232,255,183,1,94,157,129,0,0,0,0,0,0,0
6.043956,6.032440,103,255,232,255,182,1,94,157,129,0,0,0,0,0,0,0
6.098901,6.092679,103,255,232,255,182,1,79,157,1,0,0,0,0,0,0,0
6.153846,6.152816,103,255,232,255,182,1,69,156,1,0,0,0,0,0,0,0
6.208791,6.212183,103,255,232,255,182,1,69,156,1,0,0,0,0,0,0,0
6.263736,6.271398,103,255,232,255,183,1,80,157,129,0,0,0,0,0,0,0
6.318681,6.331536,103,255,232,255,183,1,80,157,129,0,0,0,0,0,0,0
6.373626,6.390802,103,255,232,255,183,1,75,157,129,0,0,0,0,0,0,0
6.428571,6.450169,102,255,232,255,183,1,75,157,129,0,0,0,0,0,0,0
6.483517,6.509436,102,255,232,255,181,1,69,156,129,0,0,0,0,0,0,0
6.593407,6.568803,102,255,232,255,181,1,69,156,129,0,0,0,0,0,0,0
6.648352,6.628069,102,255,232,255,181,1,69,156,129,0,0,0,0,0,0,0
6.703297,6.687285,102,255,232,255,181,1,69,156,129,0,0,0,0,0,0,0
6.758242,6.746757,103,255,232,255,182,1,76,157,1,0,0,0,0,0,0,0
6.813187,6.806995,103,255,232,255,182,1,76,157,1,0,0,0,0,0,0,0
6.868132,6.866361,103,255,232,255,182,1,76,157,1,0,0,0,0,0,0,0
6.923077,6.925680,103,255,232,255,182,1,76,157,1,0,0,0,0,0,0,0
6.978022,6.985099,103,255,232,255,183,1,67,157,1,0,0,0,0,0,0,0
7.032967,7.045287,103,255,232,255,183,1,64,157,129,0,0,0,0,0,0,0
7.087912,7.104553,103,255,232,255,183,1,64,157,129,0,0,0,0,0,0,0
7.142857,7.164687,103,255,232,255,183,1,64,157,129,0,0,0,0,0,0,0
7.197802,7.225592,102,255,232,255,183,1,64,157,129,0,0,0,0,0,0,0
7.307693,7.286753,102,255,232,255,182,1,67,155,1,0,0,0,0,0,0,0
7.362638,7.346172,102,255,232,255,183,1,63,155,1,0,0,0,0,0,0,0
7.417583,7.405388,102,255,232,255,183,1,63,155,1,0,0,0,0,0,0,0
7.472528,7.465677,102,255,232,255,184,1,48,155,129,0,0,0,0,0,0,0
7.527472,7.525046,102,255,232,255,184,1,48,155,129,0,0,0,0,0,0,0
7.582417,7.584465,102,255,232,255,184,1,48,155,129,0,0,0,0,0,0,0
7.637362,7.643626,101,255,232,255,183,1,56,155,129,0,0,0,0,0,0,0
7.692307,7.702841,101,255,232,255,183,1,56,155,129,0,0,0,0,0,0,0
7.747253,7.762109,102,255,232,255,182,1,57,156,129,0,0,0,0,0,0,0
7.802198,7.822451,102,255,232,255,182,1,57,156,1,0,0,0,0,0,0,0
7.857143,7.881817,102,255,232,255,182,1,57,156,1,0,0,0,0,0,0,0
7.967033,7.941203,102,255,232,255,182,1,57,156,1,0,0,0,0,0,0,0
8.021978,8.000400,102,255,232,255,182,1,57,156,1,0,0,0,0,0,0,0
8.076923,8.059771,102,255,232,255,182,1,57,156,1,0,0,0,0,0,0,0
8.131868,8.119033,103,255,232,255,182,1,51,156,129,0,0,0,0,0,0,0
8.186813,8.179376,103,255,232,255,182,1,48,156,129,0,0,0,0,0,0,0
8.241758,8.239514,103,255,232,255,182,1,48,156,129,0,0,0,0,0,0,0
8.296703,8.298881,102,255,232,255,184,1,45,155,1,0,0,0,0,0,0,0
8.351648,8.359067,102,255,232,255,184,1,45,155,1,0,0,0,0,0,0,0
8.406593,8.418283,102,255,232,255,184,1,45,155,1,0,0,0,0,0,0,0
8.461538,8.477701,102,255,232,255,184,1,45,155,1,0,0,0,0,0,0,0
8.516483,8.536967,102,255,232,255,184,1,45,155,1,0,0,0,0,0,0,0
8.571428,8.596592,102,255,231,255,183,1,46,155,129,0,0,0,0,0,0,0
8.681318,8.657036,102,255,231,255,182,1,46,155,129,0,0,0,0,0,0,0
8.736263,8.716371,101,255,231,255,184,1,46,154,129,0,0,0,0,0,0,0
8.791209,8.775617,101,255,232,255,182,1,46,154,129,0,0,0,0,0,0,0
8.846154,8.835040,101,255,232,255,182,1,46,154,129,0,0,0,0,0,0,0
8.901099,8.894355,101,255,232,255,182,1,46,154,129,0,0,0,0,0,0,0
8.956044,8.953926,101,255,232,255,182,1,46,154,129,0,0,0,0,0,0,0
9.010989,9.013262,101,255,232,255,182,1,46,154,129,0,0,0,0,0,0,0
9.065934,9.072565,101,255,231,255,182,1,46,154,129,0,0,0,0,0,0,0
9.120879,9.132698,101,255,231,255,182,1,44,153,1,0,0,0,0,0,0,0
9.175824,9.193500,100,255,231,255,182,1,44,153,1,0,0,0,0,0,0,0
9.230769,9.256248,100,255,231,255,183,1,43,152,129,0,0,0,0,0,0,0
9.340659,9.317457,100,255,231,255,183,1,46,153,129,0,0,0,0,0,0,0
9.395604,9.376777,100,255,232,255,183,1,46,153,129,0,0,0,0,0,0,0
9.450549,9.436043,100,255,232,255,184,1,58,153,129,0,0,0,0,0,0,0
9.505494,9.495358,100,255,232,255,184,1,58,153,129,0,0,0,0,0,0,0
9.560439,9.554625,100,255,231,255,184,1,58,153,129,0,0,0,0,0,0,0
9.615385,9.615067,100,255,231,255,184,1,58,153,1,0,0,0,0,0,0,0
9.670330,9.674282,100,255,231,255,184,1,58,153,1,0,0,0,0,0,0,0
9.725275,9.733648,100,255,231,255,184,1,58,153,1,0,0,0,0,0,0,0
9.780220,9.792864,100,255,231,255,184,1,58,153,1,0,0,0,0,0,0,0
9.835165,9.852235,100,255,231,255,184,1,58,153,1,0,0,0,0,0,0,0
9.890110,9.911501,100,255,231,255,184,1,58,153,1,0,0,0,0,0,0,0
9.945055,9.970969,101,255,231,255,182,1,59,154,129,0,0,0,0,0,0,0
10.054945,10.031413,101,255,231,255,182,1,59,154,129,0,0,0,0,0,0,0
10.109890,10.090732,100,255,231,255,183,1,62,152,1,0,0,0,0,0,0,0
10.164835,10.151994,100,255,231,255,183,1,62,152,1,0,0,0,0,0,0,0
10.219780,10.211308,99,255,231,255,183,1,59,151,1,0,0,0,0,0,0,0
10.274725,10.271546,100,255,231,255,183,1,59,151,1,0,0,0,0,0,0,0
10.329670,10.333424,99,255,231,255,184,1,61,152,129,0,0,0,0,0,0,0
10.384615,10.394278,99,255,231,255,184,1,61,152,129,0,0,0,0,0,0,0
10.439561,10.455081,99,255,231,255,184,1,61,152,129,0,0,0,0,0,0,0
10.494506,10.515882,99,255,231,255,184,1,61,152,129,0,0,0,0,0,0,0
10.549451,10.576886,101,255,231,255,182,1,64,153,129,0,0,0,0,0,0,0
10.659341,10.637330,100,255,231,255,181,1,62,153,129,0,0,0,0,0,0,0
10.714286,10.698487,100,255,231,255,184,1,62,152,1,0,0,0,0,0,0,0
10.769231,10.758984,100,255,231,255,183,1,60,153,1,0,0,0,0,0,0,0
10.824176,10.818301,100,255,231,255,183,1,60,153,1,0,0,0,0,0,0,0
10.879121,10.877721,100,255,231,255,183,1,60,153,1,0,0,0,0,0,0,0
10.934066,10.936885,100,255,231,255,184,1,57,153,1,0,0,0,0,0,0,0
10.989011,10.998145,100,255,231,255,184,1,59,152,129,0,0,0,0,0,0,0
11.043956,11.057512,100,255,231,255,183,1,59,152,129,0,0,0,0,0,0,0
11.098901,11.117804,100,255,231,255,183,1,60,153,129,0,0,0,0,0,0,0
11.153846,11.177122,100,255,231,255,183,1,60,153,129,0,0,0,0,0,0,0
11.208791,11.236490,100,255,231,255,183,1,60,153,129,0,0,0,0,0,0,0
11.318682,11.296062,101,255,231,255,183,1,54,153,1,0,0,0,0,0,0,0
11.373627,11.356456,101,255,231,255,183,1,54,153,1,0,0,0,0,0,0,0
11.428572,11.415875,100,255,231,255,183,1,59,153,1,0,0,0,0,0,0,0
11.483517,11.475396,100,255,231,255,183,1,59,153,1,0,0,0,0,0,0,0
11.538462,11.535429,100,255,231,255,183,1,59,153,1,0,0,0,0,0,0,0
11.593407,11.594800,101,255,230,255,183,1,55,153,129,0,0,0,0,0,0,0
11.648352,11.655087,101,255,231,255,184,1,54,153,129,0,0,0,0,0,0,0
11.703297,11.714355,101,255,231,255,184,1,54,153,129,0,0,0,0,0,0,0
11.758242,11.773620,101,255,231,255,184,1,53,153,1,0,0,0,0,0,0,0
11.813187,11.833910,101,255,231,255,183,1,51,153,1,0,0,0,0,0,0,0
11.868132,11.893381,100,255,231,255,184,1,51,153,1,0,0,0,0,0,0,0
11.978022,11.952645,101,255,231,255,184,1,51,153,1,0,0,0,0,0,0,0
12.032967,12.011964,101,255,231,255,182,1,51,153,1,0,0,0,0,0,0,0
12.087913,12.071435,101,255,231,255,182,1,51,153,1,0,0,0,0,0,0,0
12.142858,12.130766,100,255,231,255,183,1,49,153,129,0,0,0,0,0,0,0
12.197803,12.191042,100,255,231,255,183,1,49,153,129,0,0,0,0,0,0,0
12.252748,12.250512,101,255,231,255,183,1,46,153,129,0,0,0,0,0,0,0
12.307693,12.309779,101,255,231,255,183,1,46,153,129,0,0,0,0,0,0,0
12.362638,12.368994,101,255,231,255,183,1,46,153,129,0,0,0,0,0,0,0
12.417583,12.428309,101,255,231,255,183,1,46,153,129,0,0,0,0,0,0,0
12.472528,12.487576,101,255,231,255,183,1,46,153,129,0,0,0,0,0,0,0
12.527472,12.546842,101,255,231,255,183,1,46,153,129,0,0,0,0,0,0,0
12.582417,12.606161,101,255,231,255,183,1,46,153,129,0,0,0,0,0,0,0
12.692307,12.665580,101,255,231,255,183,1,46,153,129,0,0,0,0,0,0,0
12.747252,12.724844,101,255,231,255,183,1,46,153,129,0,0,0,0,0,0,0
12.802197,12.784214,101,255,231,255,183,1,46,153,129,0,0,0,0,0,0,0
12.857142,12.843529,100,255,231,255,183,1,40,152,129,0,0,0,0,0,0,0
12.912087,12.903872,100,255,231,255,183,1,40,152,129,0,0,0,0,0,0,0
12.967033,12.963291,100,255,231,255,183,1,40,152,129,0,0,0,0,0,0,0
13.021978,13.022711,100,255,231,255,183,1,40,152,129,0,0,0,0,0,0,0
13.076923,13.081924,100,255,231,255,183,1,40,152,129,0,0,0,0,0,0,0
13.131868,13.141244,100,255,231,255,182,1,39,151,1,0,0,0,0,0,0,0
13.186813,13.201482,99,255,231,255,182,1,40,151,129,0,0,0,0,0,0,0
13.241758,13.262436,99,255,231,255,182,1,40,151,129,0,0,0,0,0,0,0
13.351648,13.323341,99,255,231,255,182,1,40,151,129,0,0,0,0,0,0,0
13.406593,13.384398,99,255,231,255,182,1,40,151,129,0,0,0,0,0,0,0
13.461538,13.445251,99,255,231,255,182,1,40,151,129,0,0,0,0,0,0,0
13.516483,13.506151,99,255,231,255,182,1,40,151,129,0,0,0,0,0,0,0
13.571428,13.567056,99,255,231,255,182,1,40,151,129,0,0,0,0,0,0,0
13.626373,13.627909,99,255,231,255,182,1,40,151,129,0,0,0,0,0,0,0
13.681318,13.688709,99,255,231,255,182,1,40,151,129,0,0,0,0,0,0,0
13.736263,13.749615,99,255,231,255,182,1,40,151,129,0,0,0,0,0,0,0
13.791209,13.810468,99,255,231,255,182,1,40,151,129,0,0,0,0,0,0,0
13.846154,13.871371,99,255,231,255,182,1,40,151,129,0,0,0,0,0,0,0
13.956044,13.932224,99,255,231,255,182,1,40,151,129,0,0,0,0,0,0,0
14.010989,13.993026,99,255,231,255,182,1,40,151,129,0,0,0,0,0,0,0
14.065934,14.053826,99,255,231,255,182,1,40,151,129,0,0,0,0,0,0,0
14.120879,14.114831,99,255,231,255,182,1,40,151,129,0,0,0,0,0,0,0
14.175824,14.175840,99,255,232,255,183,1,52,151,1,0,0,0,0,0,0,0
14.230769,14.237765,99,255,232,255,184,1,52,151,1,0,0,0,0,0,0,0
14.285714,14.298670,99,255,232,255,184,1,54,151,1,0,0,0,0,0,0,0
14.340659,14.359523,99,255,232,255,184,1,54,151,1,0,0,0,0,0,0,0
14.395604,14.420375,99,255,232,255,184,1,54,151,1,0,0,0,0,0,0,0
14.505494,14.481228,99,255,232,255,182,1,53,151,129,0,0,0,0,0,0,0
14.560439,14.543052,99,255,232,255,182,1,53,151,129,0,0,0,0,0,0,0
14.615385,14.603907,99,255,232,255,182,1,53,151,129,0,0,0,0,0,0,0
14.670330,14.664758,99,255,232,255,182,1,53,151,129,0,0,0,0,0,0,0
14.725275,14.725662,99,255,232,255,184,0,55,151,1,0,0,0,0,0,0,0
14.780220,14.787488,99,255,232,255,184,1,59,151,1,0,0,0,0,0,0,0
14.835165,14.846753,99,255,232,255,184,1,62,151,1,0,0,0,0,0,0,0
14.890110,14.906069,99,255,232,255,184,1,62,151,1,0,0,0,0,0,0,0
14.945055,14.965337,99,255,232,255,184,1,62,151,1,0,0,0,0,0,0,0
15.000000,15.024859,99,255,232,255,184,1,62,151,1,0,0,0,0,0,0,0
15.109890,15.084227,99,255,232,255,184,1,63,150,129,0,0,0,0,0,0,0
15.164835,15.144412,99,255,232,255,184,1,63,150,129,0,0,0,0,0,0,0
15.219780,15.203832,99,255,232,255,184,1,64,150,1,0,0,0,0,0,0,0
15.274725,15.264071,98,255,232,255,184,1,64,150,1,0,0,0,0,0,0,0
15.329670,15.323542,98,255,233,255,183,1,66,150,1,0,0,0,0,0,0,0
15.384615,15.382912,99,255,233,255,183,1,66,150,1,0,0,0,0,0,0,0
15.439561,15.442176,99,255,233,255,183,1,66,150,1,0,0,0,0,0,0,0
15.494506,15.501289,99,255,233,255,183,1,66,150,1,0,0,0,0,0,0,0
15.549451,15.560556,99,255,233,255,183,1,66,150,1,0,0,0,0,0,0,0
15.604396,15.619871,99,255,233,255,183,1,66,150,1,0,0,0,0,0,0,0
15.659341,15.679190,98,255,233,255,184,1,69,150,129,0,0,0,0,0,0,0
15.714286,15.740247,98,255,233,255,184,1,69,150,129,0,0,0,0,0,0,0
15.824176,15.800433,98,255,233,255,184,1,69,150,129,0,0,0,0,0,0,0
15.879121,15.861286,98,255,233,255,184,1,69,150,129,0,0,0,0,0,0,0
15.934066,15.922192,98,255,233,255,184,1,69,150,129,0,0,0,0,0,0,0
15.989011,15.983096,98,255,233,255,184,1,69,150,129,0,0,0,0,0,0,0
16.043957,16.043949,98,255,233,255,184,1,69,150,129,0,0,0,0,0,0,0
16.098902,16.104750,98,255,233,255,184,1,69,150,129,0,0,0,0,0,0,0
16.153847,16.165651,98,255,233,255,184,1,69,150,129,0,0,0,0,0,0,0
16.208792,16.226503,98,255,233,255,184,1,69,150,129,0,0,0,0,0,0,0
16.263737,16.287424,98,255,233,255,184,1,69,150,129,0,0,0,0,0,0,0
16.373627,16.348261,99,255,233,255,182,1,69,150,129,0,0,0,0,0,0,0
16.428572,16.410086,99,255,233,255,182,1,78,150,1,0,0,0,0,0,0,0
16.483517,16.470890,99,255,233,255,182,1,78,150,1,0,0,0,0,0,0,0
16.538462,16.531843,99,255,233,255,183,1,78,151,1,0,0,0,0,0,0,0
16.593407,16.591209,99,255,233,255,183,1,76,151,1,0,0,0,0,0,0,0
16.648352,16.650476,99,255,233,255,183,1,76,151,1,0,0,0,0,0,0,0
16.703297,16.709795,99,255,233,255,183,1,76,151,1,0,0,0,0,0,0,0
16.758242,16.769110,99,255,233,255,183,1,68,151,129,0,0,0,0,0,0,0
16.813187,16.829556,99,255,233,255,184,1,66,150,129,0,0,0,0,0,0,0
16.868132,16.889040,99,255,233,255,184,1,66,150,129,0,0,0,0,0,0,0
16.923077,16.948444,99,255,233,255,184,1,66,150,129,0,0,0,0,0,0,0
17.032967,17.007866,99,255,233,255,184,1,66,150,129,0,0,0,0,0,0,0
17.087912,17.067234,99,255,233,255,184,1,66,150,129,0,0,0,0,0,0,0
17.142857,17.127472,99,255,233,255,183,1,68,152,1,0,0,0,0,0,0,0
17.197802,17.186787,99,255,233,255,183,1,68,152,1,0,0,0,0,0,0,0
17.252747,17.246056,99,255,233,255,182,1,68,152,1,0,0,0,0,0,0,0
17.307692,17.306393,99,255,233,255,182,1,60,151,129,0,0,0,0,0,0,0
17.362637,17.365765,99,255,233,255,182,1,58,151,129,0,0,0,0,0,0,0
17.417582,17.424978,99,255,233,255,182,1,58,151,129,0,0,0,0,0,0,0
17.472527,17.485065,99,255,233,255,182,1,58,151,129,0,0,0,0,0,0,0
17.527473,17.545048,99,255,233,255,182,1,58,151,129,0,0,0,0,0,0,0
17.582418,17.605951,99,255,233,255,182,1,58,151,129,0,0,0,0,0,0,0
17.692308,17.666853,99,255,233,255,182,1,58,151,129,0,0,0,0,0,0,0
17.747253,17.727962,99,255,233,255,183,1,58,151,1,0,0,0,0,0,0,0
17.802198,17.787329,99,255,233,255,183,1,58,151,1,0,0,0,0,0,0,0
17.857143,17.846699,99,255,233,255,183,1,58,151,1,0,0,0,0,0,0,0
17.912088,17.906067,99,255,233,255,183,1,58,151,1,0,0,0,0,0,0,0
17.967033,17.965538,100,255,233,255,183,1,54,152,129,0,0,0,0,0,0,0
18.021978,18.025778,100,255,233,255,184,1,53,152,129,0,0,0,0,0,0,0
18.076923,18.084991,100,255,233,255,184,1,51,152,129,0,0,0,0,0,0,0
18.131868,18.144308,99,255,233,255,184,1,51,152,129,0,0,0,0,0,0,0
18.186813,18.204544,99,255,233,255,184,1,49,151,1,0,0,0,0,0,0,0
18.241758,18.263916,99,255,233,255,184,1,49,151,1,0,0,0,0,0,0,0
18.351648,18.323282,99,255,233,255,182,1,49,151,1,0,0,0,0,0,0,0
18.406593,18.382551,99,255,233,255,182,1,51,151,1,0,0,0,0,0,0,0
18.461538,18.441866,99,255,233,255,183,1,50,151,129,0,0,0,0,0,0,0
18.516483,18.502155,99,255,233,255,183,1,51,151,129,0,0,0,0,0,0,0
18.571428,18.561474,99,255,233,255,183,1,51,151,129,0,0,0,0,0,0,0
18.626373,18.620893,99,255,233,255,184,1,51,151,129,0,0,0,0,0,0,0
18.681318,18.680979,99,255,233,255,184,1,51,151,129,0,0,0,0,0,0,0
18.736263,18.740194,99,255,233,255,184,1,51,151,129,0,0,0,0,0,0,0
18.791208,18.799408,99,255,233,255,182,1,49,151,129,0,0,0,0,0,0,0
18.846153,18.859699,99,255,233,255,182,1,49,150,1,0,0,0,0,0,0,0
18.901098,18.918962,99,255,233,255,182,1,49,150,1,0,0,0,0,0,0,0
18.956043,18.978436,99,255,233,255,182,1,49,150,1,0,0,0,0,0,0,0
19.065933,19.037806,99,255,233,255,182,1,49,150,1,0,0,0,0,0,0,0
19.120878,19.097172,99,255,233,255,182,1,49,150,1,0,0,0,0,0,0,0
19.175825,19.156439,99,255,233,255,182,1,49,150,1,0,0,0,0,0,0,0
19.230770,19.215807,99,255,233,255,182,1,49,150,1,0,0,0,0,0,0,0
19.285715,19.275072,99,255,233,255,182,1,49,150,1,0,0,0,0,0,0,0
19.340660,19.334492,99,255,233,255,182,1,49,150,1,0,0,0,0,0,0,0
19.395605,19.393806,99,255,233,255,182,1,49,150,1,0,0,0,0,0,0,0
19.450550,19.453074,99,255,233,255,182,1,49,150,1,0,0,0,0,0,0,0
19.505495,19.513872,99,255,233,255,182,1,49,150,1,0,0,0,0,0,0,0
19.560440,19.574678,100,255,233,255,182,1,29,150,1,0,0,0,0,0,0,0
19.615385,19.636553,100,255,233,255,182,1,29,152,129,0,0,0,0,0,0,0
19.725275,19.697559,101,255,233,255,182,1,29,152,129,0,0,0,0,0,0,0
19.780220,19.759537,101,255,233,255,183,1,34,154,129,0,0,0,0,0,0,0
19.835165,19.820389,101,255,233,255,183,1,34,154,129,0,0,0,0,0,0,0
19.890110,19.882318,101,255,233,255,182,1,32,154,1,0,0,0,0,0,0,0
19.945055,19.943377,101,255,233,255,182,1,32,154,1,0,0,0,0,0,0,0
20.000000,20.004229,101,255,233,255,182,1,32,154,1,0,0,0,0,0,0,0
20.054945,20.064978,101,255,233,255,182,1,32,154,1,0,0,0,0,0,0,0
20.109890,20.125782,100,255,233,255,182,1,32,154,1,0,0,0,0,0,0,0
20.164835,20.187859,100,255,233,255,182,1,33,152,129,0,0,0,0,0,0,0
20.274725,20.247229,100,255,233,255,182,1,33,152,129,0,0,0,0,0,0,0
20.329670,20.306702,99,255,234,255,182,1,30,152,129,0,0,0,0,0,0,0
20.384615,20.366016,99,255,234,255,183,1,32,150,129,0,0,0,0,0,0,0
20.439560,20.425383,99,255,234,255,183,1,32,150,129,0,0,0,0,0,0,0
20.494505,20.484650,99,255,234,255,183,1,32,150,129,0,0,0,0,0,0,0
20.549450,20.544071,99,255,234,255,183,1,32,150,129,0,0,0,0,0,0,0
20.604395,20.603540,97,255,234,255,184,1,32,150,129,0,0,0,0,0,0,0
20.659340,20.663933,97,255,234,255,184,1,46,148,1,0,0,0,0,0,0,0
20.714285,20.723099,97,255,234,255,184,1,46,148,1,0,0,0,0,0,0,0
20.769230,20.782570,97,255,234,255,184,1,46,148,1,0,0,0,0,0,0,0
20.824175,20.841885,97,255,234,255,184,1,46,148,1,0,0,0,0,0,0,0
20.879122,20.901356,95,255,234,255,183,0,46,148,1,0,0,0,0,0,0,0
20.989012,20.961800,96,255,234,255,183,1,68,147,129,0,0,0,0,0,0,0
21.043957,21.021166,96,255,234,255,184,1,70,147,1,0,0,0,0,0,0,0
21.098902,21.081558,96,255,234,255,184,1,70,147,1,0,0,0,0,0,0,0
21.153847,21.141592,96,255,234,255,184,1,70,147,1,0,0,0,0,0,0,0
21.208792,21.202444,96,255,234,255,184,1,70,147,1,0,0,0,0,0,0,0
21.263737,21.263453,97,255,234,255,183,1,70,147,1,0,0,0,0,0,0,0
21.318682,21.324306,97,255,234,255,182,1,70,147,129,0,0,0,0,0,0,0
21.373627,21.384544,97,255,234,255,182,1,70,147,129,0,0,0,0,0,0,0
21.428572,21.443859,97,255,234,255,182,1,70,147,129,0,0,0,0,0,0,0
21.483517,21.503229,97,255,234,255,182,1,70,147,129,0,0,0,0,0,0,0
21.593407,21.562597,97,255,234,255,182,1,70,147,129,0,0,0,0,0,0,0
21.648352,21.621964,97,255,234,255,182,1,70,147,129,0,0,0,0,0,0,0
21.703297,21.681332,96,255,234,255,183,1,79,147,129,0,0,0,0,0,0,0
21.758242,21.741726,96,255,234,255,183,1,79,146,1,0,0,0,0,0,0,0
21.813187,21.800941,96,255,234,255,181,1,82,147,1,0,0,0,0,0,0,0
21.868132,21.860359,96,255,234,255,181,1,82,147,1,0,0,0,0,0,0,0
21.923077,21.919880,96,255,235,255,184,1,90,147,129,0,0,0,0,0,0,0
21.978022,21.980169,97,255,235,255,183,1,90,147,129,0,0,0,0,0,0,0
22.032967,22.039385,97,255,234,255,182,1,91,147,129,0,0,0,0,0,0,0
22.087912,22.098703,97,255,234,255,183,0,91,147,129,0,0,0,0,0,0,0
22.142857,22.158020,97,255,234,255,183,0,91,147,129,0,0,0,0,0,0,0
22.197802,22.217491,97,255,235,255,182,0,88,147,1,0,0,0,0,0,0,0
22.307692,22.278599,97,255,235,255,182,1,89,147,1,0,0,0,0,0,0,0
22.362637,22.337917,97,255,235,255,182,1,89,147,1,0,0,0,0,0,0,0
22.417582,22.397234,97,255,235,255,182,0,93,148,1,0,0,0,0,0,0,0
22.472527,22.456654,97,255,235,255,182,0,93,148,1,0,0,0,0,0,0,0
22.527473,22.515972,97,255,235,255,182,0,93,148,1,0,0,0,0,0,0,0
22.582418,22.575491,97,255,235,255,182,0,93,148,1,0,0,0,0,0,0,0
22.637363,22.634811,97,255,235,255,182,0,93,148,1,0,0,0,0,0,0,0
22.692308,22.694027,97,255,235,255,182,0,93,148,1,0,0,0,0,0,0,0
22.747253,22.753292,97,255,235,255,182,0,93,148,1,0,0,0,0,0,0,0
22.802198,22.812559,97,255,235,255,182,0,93,148,1,0,0,0,0,0,0,0
22.857143,22.871773,97,255,235,255,182,0,93,148,1,0,0,0,0,0,0,0
22.912088,22.931192,97,255,235,255,182,0,93,148,1,0,0,0,0,0,0,0
22.967033,22.990561,97,255,235,255,182,0,93,148,1,0,0,0,0,0,0,0
23.076923,23.049879,97,255,235,255,182,0,93,148,1,0,0,0,0,0,0,0
23.131868,23.109247,97,255,235,255,182,0,93,148,1,0,0,0,0,0,0,0
23.186813,23.168461,97,255,235,255,182,0,93,148,1,0,0,0,0,0,0,0
23.241758,23.228699,97,255,235,255,182,0,93,148,1,0,0,0,0,0,0,0
23.296703,23.289553,97,255,235,255,182,0,93,148,1,0,0,0,0,0,0,0
23.351648,23.350351,97,255,235,255,182,0,93,148,1,0,0,0,0,0,0,0
23.406593,23.411205,97,255,235,255,182,0,93,148,1,0,0,0,0,0,0,0
23.461538,23.472111,97,255,235,255,182,0,93,148,1,0,0,0,0,0,0,0
23.516483,23.532963,100,255,235,255,182,1,88,152,1,0,0,0,0,0,0,0
23.571428,23.593967,100,255,235,255,182,1,88,152,1,0,0,0,0,0,0,0
23.681318,23.654821,100,255,235,255,182,1,88,152,1,0,0,0,0,0,0,0
23.736263,23.715778,100,255,235,255,182,1,85,152,129,0,0,0,0,0,0,0
23.791208,23.777807,100,255,235,255,184,1,81,152,129,0,0,0,0,0,0,0
23.846153,23.838707,100,255,235,255,184,1,81,152,129,0,0,0,0,0,0,0
23.901098,23.899561,100,255,235,255,184,1,81,152,129,0,0,0,0,0,0,0
23.956043,23.960363,100,255,235,255,184,1,81,152,129,0,0,0,0,0,0,0
24.010988,24.021166,100,255,235,255,184,1,81,152,129,0,0,0,0,0,0,0
24.065933,24.083092,100,255,235,255,182,0,73,152,1,0,0,0,0,0,0,0
24.120878,24.143280,100,255,235,255,182,0,72,152,1,0,0,0,0,0,0,0
24.230770,24.202700,100,255,235,255,182,0,72,152,1,0,0,0,0,0,0,0
24.285715,24.262938,100,255,235,255,183,1,69,152,129,0,0,0,0,0,0,0
24.340660,24.322304,100,255,235,255,184,1,64,153,129,0,0,0,0,0,0,0
24.395605,24.382647,100,255,235,255,183,1,64,153,129,0,0,0,0,0,0,0
24.450550,24.442015,100,255,235,255,182,1,60,153,129,0,0,0,0,0,0,0
24.505495,24.501383,100,255,235,255,183,1,57,153,1,0,0,0,0,0,0,0
24.560440,24.561621,100,255,235,255,182,1,56,153,1,0,0,0,0,0,0,0
24.615385,24.620939,100,255,235,255,182,1,58,152,1,0,0,0,0,0,0,0
24.670330,24.681278,100,255,235,255,184,1,59,152,1,0,0,0,0,0,0,0
24.725275,24.740545,100,255,235,255,184,1,59,152,1,0,0,0,0,0,0,0
24.780220,24.799862,100,255,235,255,184,1,59,152,1,0,0,0,0,0,0,0
24.890110,24.859335,100,255,235,255,183,1,56,152,1,0,0,0,0,0,0,0
24.945055,24.919573,99,255,235,255,183,1,55,151,129,0,0,0,0,0,0,0
25.000000,24.978888,99,255,235,255,183,1,55,151,129,0,0,0,0,0,0,0
25.054945,25.038155,99,255,235,255,183,1,55,151,129,0,0,0,0,0,0,0
25.109890,25.098289,99,255,235,255,183,1,55,151,129,0,0,0,0,0,0,0
25.164835,25.157608,98,255,235,255,183,1,55,151,129,0,0,0,0,0,0,0
25.219780,25.217794,98,255,235,255,182,1,45,149,1,0,0,0,0,0,0,0
25.274725,25.277060,98,255,235,255,182,1,45,149,1,0,0,0,0,0,0,0
25.329670,25.336277,97,255,235,255,184,1,46,149,1,0,0,0,0,0,0,0
25.384615,25.396566,98,255,235,255,184,1,46,149,129,0,0,0,0,0,0,0
25.439560,25.455933,98,255,235,255,183,1,48,149,129,0,0,0,0,0,0,0
25.494505,25.515406,98,255,235,255,183,1,48,149,129,0,0,0,0,0,0,0
25.604395,25.574772,98,255,235,255,183,1,48,149,129,0,0,0,0,0,0,0
25.659340,25.634090,98,255,235,255,183,1,48,149,129,0,0,0,0,0,0,0
25.714285,25.694944,98,255,235,255,183,1,48,149,129,0,0,0,0,0,0,0
25.769230,25.755796,97,255,235,255,183,1,48,149,129,0,0,0,0,0,0,0
25.824175,25.816803,97,255,235,255,183,1,47,149,129,0,0,0,0,0,0,0
25.879122,25.877655,97,255,235,255,183,1,47,149,129,0,0,0,0,0,0,0
25.934067,25.938456,97,255,235,255,183,1,47,149,129,0,0,0,0,0,0,0
25.989012,25.999260,97,255,235,255,183,1,47,149,129,0,0,0,0,0,0,0
26.043957,26.060112,96,255,235,255,184,1,47,149,129,0,0,0,0,0,0,0
26.153847,26.121065,96,255,235,255,184,1,47,146,129,0,0,0,0,0,0,0
26.208792,26.182070,96,255,235,255,182,1,47,146,129,0,0,0,0,0,0,0
26.263737,26.242872,96,255,235,255,182,1,47,146,129,0,0,0,0,0,0,0
26.318682,26.303675,96,255,235,255,182,1,47,146,129,0,0,0,0,0,0,0
26.373627,26.364679,95,255,235,255,182,1,50,146,129,0,0,0,0,0,0,0
26.428572,26.425791,95,255,235,255,182,1,50,145,1,0,0,0,0,0,0,0
26.483517,26.485054,95,255,235,255,183,0,50,144,1,0,0,0,0,0,0,0
26.538462,26.544321,95,255,235,255,184,1,50,144,129,0,0,0,0,0,0,0
26.593407,26.604610,94,255,235,255,184,1,50,144,129,0,0,0,0,0,0,0
26.648352,26.664133,94,255,235,255,183,1,54,143,129,0,0,0,0,0,0,0
26.703297,26.723450,94,255,235,255,183,1,54,143,129,0,0,0,0,0,0,0
26.813187,26.782921,95,255,235,255,183,1,54,143,129,0,0,0,0,0,0,0
26.868132,26.843210,95,255,235,255,183,1,68,144,1,0,0,0,0,0,0,0
26.923077,26.902527,96,255,235,255,183,1,68,144,1,0,0,0,0,0,0,0
26.978022,26.961845,96,255,235,255,184,1,69,146,1,0,0,0,0,0,0,0
27.032967,27.021315,96,255,235,255,184,1,69,146,1,0,0,0,0,0,0,0
27.087912,27.080685,96,255,235,255,184,1,69,146,1,0,0,0,0,0,0,0
27.142857,27.140001,96,255,235,255,184,1,69,146,1,0,0,0,0,0,0,0
27.197802,27.199316,97,255,234,255,184,1,59,147,129,0,0,0,0,0,0,0
27.252747,27.259661,97,255,234,255,182,1,60,147,129,0,0,0,0,0,0,0
27.307692,27.318924,96,255,235,255,182,1,58,147,129,0,0,0,0,0,0,0
27.362637,27.379114,97,255,235,255,182,1,58,147,129,0,0,0,0,0,0,0
27.417582,27.439556,97,255,234,255,183,1,58,148,1,0,0,0,0,0,0,0
27.527473,27.498922,97,255,234,255,183,1,58,148,1,0,0,0,0,0,0,0
27.582418,27.558191,97,255,234,255,183,1,58,148,1,0,0,0,0,0,0,0
27.637363,27.617609,98,255,235,255,184,1,64,150,129,0,0,0,0,0,0,0
27.692308,27.677948,99,255,235,255,184,1,64,150,129,0,0,0,0,0,0,0
27.747253,27.737368,99,255,235,255,182,1,62,151,129,0,0,0,0,0,0,0
27.802198,27.796995,99,255,235,255,183,1,60,151,129,0,0,0,0,0,0,0
27.857143,27.856157,99,255,235,255,183,1,60,151,129,0,0,0,0,0,0,0
27.912088,27.915525,99,255,235,255,183,1,60,151,129,0,0,0,0,0,0,0
27.967033,27.974945,99,255,234,255,184,1,55,150,1,0,0,0,0,0,0,0
28.021978,28.035288,98,255,235,255,184,1,52,150,1,0,0,0,0,0,0,0
28.076923,28.094707,98,255,234,255,181,1,52,150,1,0,0,0,0,0,0,0
28.186813,28.154179,99,255,234,255,181,1,52,150,1,0,0,0,0,0,0,0
28.241758,28.213493,99,255,234,255,183,1,57,151,1,0,0,0,0,0,0,0
28.296703,28.272863,99,255,234,255,183,1,57,151,1,0,0,0,0,0,0,0
28.351648,28.332127,99,255,234,255,183,1,57,151,1,0,0,0,0,0,0,0
28.406593,28.391447,99,255,234,255,183,1,57,151,1,0,0,0,0,0,0,0
28.461538,28.450762,99,255,234,255,182,1,61,151,129,0,0,0,0,0,0,0
28.516483,28.511255,99,255,234,255,184,1,59,150,129,0,0,0,0,0,0,0
28.571428,28.570471,99,255,234,255,184,1,59,150,129,0,0,0,0,0,0,0
28.626373,28.629637,99,255,234,255,184,1,59,150,129,0,0,0,0,0,0,0
28.681318,28.688951,98,255,234,255,183,1,56,150,129,0,0,0,0,0,0,0
28.736263,28.749191,98,255,234,255,183,1,56,150,1,0,0,0,0,0,0,0
28.791208,28.808561,98,255,234,255,183,1,56,150,1,0,0,0,0,0,0,0
28.901098,28.867931,98,255,234,255,183,1,56,150,1,0,0,0,0,0,0,0
28.956043,28.927143,98,255,234,255,183,1,56,150,1,0,0,0,0,0,0,0
29.010988,28.986509,99,255,234,255,183,0,58,150,1,0,0,0,0,0,0,0
29.065933,29.046801,99,255,234,255,182,1,54,150,129,0,0,0,0,0,0,0
29.120878,29.107603,99,255,234,255,182,1,54,150,129,0,0,0,0,0,0,0
29.175825,29.168659,99,255,234,255,182,1,54,150,129,0,0,0,0,0,0,0
29.230770,29.229460,99,255,234,255,182,1,54,150,1,0,0,0,0,0,0,0
29.285715,29.289648,99,255,234,255,182,1,54,150,1,0,0,0,0,0,0,0
29.340660,29.348913,98,255,234,255,182,1,54,150,1,0,0,0,0,0,0,0
29.395605,29.409153,98,255,233,255,182,1,48,150,129,0,0,0,0,0,0,0
29.450550,29.468521,98,255,233,255,182,1,48,150,129,0,0,0,0,0,0,0
29.560440,29.527889,98,255,233,255,182,1,48,150,129,0,0,0,0,0,0,0
29.615385,29.587208,98,255,233,255,183,1,38,149,129,0,0,0,0,0,0,0
29.670330,29.646627,98,255,234,255,183,1,36,149,1,0,0,0,0,0,0,0
29.725275,29.706865,98,255,233,255,184,1,36,149,1,0,0,0,0,0,0,0
29.780220,29.766180,98,255,233,255,184,1,35,149,1,0,0,0,0,0,0,0
29.835165,29.825447,98,255,233,255,184,1,35,149,1,0,0,0,0,0,0,0
29.890110,29.884867,98,255,233,255,184,1,35,149,1,0,0,0,0,0,0,0
29.945055,29.944134,98,255,233,255,184,1,35,149,1,0,0,0,0,0,0,0
30.000000,30.003452,98,255,234,255,184,1,35,149,1,0,0,0,0,0,0,0
30.054945,30.063791,98,255,234,255,182,1,37,150,129,0,0,0,0,0,0,0
30.109890,30.123110,98,255,234,255,182,1,37,150,129,0,0,0,0,0,0,0
30.164835,30.183191,98,255,234,255,182,1,37,150,129,0,0,0,0,0,0,0
30.274725,30.243483,99,255,233,255,182,1,32,150,1,0,0,0,0,0,0,0
30.329670,30.305410,98,255,233,255,183,1,31,149,1,0,0,0,0,0,0,0
30.384615,30.364780,98,255,233,255,184,1,32,149,1,0,0,0,0,0,0,0
30.439560,30.424044,98,255,233,255,184,1,32,149,1,0,0,0,0,0,0,0
30.494505,30.483517,98,255,234,255,183,1,31,149,1,0,0,0,0,0,0,0
30.549450,30.542883,98,255,234,255,183,1,31,148,1,0,0,0,0,0,0,0
30.604395,30.602152,97,255,233,255,183,1,31,148,1,0,0,0,0,0,0,0
30.659340,30.662388,97,255,234,255,184,1,28,147,129,0,0,0,0,0,0,0
30.714285,30.721756,96,255,234,255,183,1,29,147,129,0,0,0,0,0,0,0
30.769230,30.781176,96,255,233,255,184,1,32,147,129,0,0,0,0,0,0,0
30.824175,30.841413,96,255,233,255,184,1,35,146,1,0,0,0,0,0,0,0
30.934067,30.900885,96,255,233,255,183,1,42,146,1,0,0,0,0,0,0,0
30.989012,30.960203,96,255,233,255,182,1,43,146,1,0,0,0,0,0,0,0
31.043957,31.019518,96,255,234,255,184,0,46,146,1,0,0,0,0,0,0,0
31.098902,31.078838,96,255,234,255,184,0,46,146,1,0,0,0,0,0,0,0
31.153847,31.138052,96,255,234,255,184,0,46,146,1,0,0,0,0,0,0,0
31.208792,31.197470,96,255,234,255,183,1,46,146,129,0,0,0,0,0,0,0
31.263737,31.258476,96,255,234,255,183,1,46,146,129,0,0,0,0,0,0,0
31.318682,31.317642,96,255,234,255,182,1,44,145,129,0,0,0,0,0,0,0
31.373627,31.377010,95,255,233,255,182,1,45,145,129,0,0,0,0,0,0,0
31.428572,31.437302,95,255,234,255,184,1,48,145,1,0,0,0,0,0,0,0
31.483517,31.496666,95,255,234,255,184,1,48,145,1,0,0,0,0,0,0,0
31.538462,31.556036,95,255,233,255,184,1,48,145,1,0,0,0,0,0,0,0
31.648352,31.615456,95,255,234,255,182,0,50,144,1,0,0,0,0,0,0,0
31.703297,31.674721,95,255,234,255,182,1,53,145,129,0,0,0,0,0,0,0
31.758242,31.735064,95,255,233,255,182,1,58,145,129,0,0,0,0,0,0,0
31.813187,31.794277,95,255,233,255,182,1,58,144,129,0,0,0,0,0,0,0
31.868132,31.853645,95,255,233,255,182,1,58,144,129,0,0,0,0,0,0,0
31.923077,31.913067,95,255,233,255,182,1,58,144,129,0,0,0,0,0,0,0
31.978022,31.972433,95,255,233,255,182,1,58,144,129,0,0,0,0,0,0,0
32.032967,32.032722,95,255,234,255,184,1,56,145,1,0,0,0,0,0,0,0
32.087914,32.092094,95,255,234,255,184,1,56,145,1,0,0,0,0,0,0,0
32.142857,32.151356,95,255,234,255,184,1,56,145,1,0,0,0,0,0,0,0
32.197803,32.210674,95,255,234,255,184,1,56,145,1,0,0,0,0,0,0,0
32.252747,32.270042,95,255,234,255,184,1,56,145,1,0,0,0,0,0,0,0
32.362637,32.329460,95,255,234,255,184,1,56,145,1,0,0,0,0,0,0,0
32.417583,32.388779,95,255,234,255,184,1,56,145,1,0,0,0,0,0,0,0
32.472527,32.448048,96,255,234,255,183,1,62,146,129,0,0,0,0,0,0,0
32.527473,32.508286,96,255,234,255,183,1,62,146,129,0,0,0,0,0,0,0
32.582417,32.567600,96,255,234,255,183,1,74,148,1,0,0,0,0,0,0,0
32.637363,32.627941,96,255,234,255,183,1,74,148,1,0,0,0,0,0,0,0
32.692307,32.687210,96,255,234,255,183,1,74,148,1,0,0,0,0,0,0,0
32.747253,32.746372,97,255,234,255,183,1,74,148,1,0,0,0,0,0,0,0
32.802197,32.805588,97,255,233,255,184,1,74,147,1,0,0,0,0,0,0,0
32.857143,32.864853,97,255,233,255,184,1,74,147,1,0,0,0,0,0,0,0
32.912086,32.924221,97,255,234,255,184,1,74,147,1,0,0,0,0,0,0,0
32.967033,32.984566,97,255,234,255,184,1,67,147,129,0,0,0,0,0,0,0
33.076923,33.045464,96,255,234,255,184,1,67,147,129,0,0,0,0,0,0,0
33.131866,33.106319,96,255,234,255,183,1,67,146,129,0,0,0,0,0,0,0
33.186813,33.167122,96,255,234,255,183,1,67,146,129,0,0,0,0,0,0,0
33.241756,33.227924,96,255,234,255,183,1,67,146,129,0,0,0,0,0,0,0
33.296703,33.288826,97,255,234,255,184,1,76,148,1,0,0,0,0,0,0,0
33.351650,33.350651,97,255,234,255,184,1,76,148,1,0,0,0,0,0,0,0
33.406593,33.411453,97,255,234,255,184,1,76,148,1,0,0,0,0,0,0,0
33.461540,33.472305,99,255,234,255,183,1,75,150,129,0,0,0,0,0,0,0
33.516483,33.533516,99,255,235,255,183,1,73,151,129,0,0,0,0,0,0,0
33.626373,33.592884,99,255,234,255,184,1,74,151,129,0,0,0,0,0,0,0
33.681320,33.652203,99,255,235,255,183,0,72,151,129,0,0,0,0,0,0,0
33.736263,33.711567,100,255,235,255,183,0,72,151,129,0,0,0,0,0,0,0
33.791210,33.770836,99,255,235,255,182,1,67,151,1,0,0,0,0,0,0,0
33.846153,33.831226,99,255,235,255,183,1,67,151,1,0,0,0,0,0,0,0
33.901100,33.890545,99,255,234,255,183,1,60,151,1,0,0,0,0,0,0,0
33.956043,33.949810,99,255,234,255,183,1,60,151,1,0,0,0,0,0,0,0
34.010990,34.010048,99,255,235,255,182,1,58,151,129,0,0,0,0,0,0,0
34.065933,34.069214,99,255,235,255,182,1,58,151,129,0,0,0,0,0,0,0
34.120880,34.128479,99,255,234,255,182,1,50,151,129,0,0,0,0,0,0,0
34.175823,34.187897,99,255,234,255,182,1,50,151,129,0,0,0,0,0,0,0
34.230770,34.247166,99,255,234,255,183,1,49,151,129,0,0,0,0,0,0,0
34.340660,34.306583,99,255,234,255,183,1,49,151,129,0,0,0,0,0,0,0
34.395603,34.366821,99,255,234,255,183,1,51,151,1,0,0,0,0,0,0,0
34.450550,34.426292,99,255,234,255,183,1,51,151,1,0,0,0,0,0,0,0
34.505493,34.486580,99,255,234,255,183,1,51,151,1,0,0,0,0,0,0,0
34.560440,34.545898,99,255,234,255,183,1,51,151,1,0,0,0,0,0,0,0
34.615383,34.605370,99,255,234,255,183,1,51,151,1,0,0,0,0,0,0,0
34.670330,34.664639,99,255,234,255,183,1,39,152,129,0,0,0,0,0,0,0
34.725273,34.724926,99,255,234,255,183,1,39,152,129,0,0,0,0,0,0,0
34.780220,34.784245,99,255,234,255,184,1,34,151,129,0,0,0,0,0,0,0
34.835163,34.843662,99,255,234,255,184,1,31,150,129,0,0,0,0,0,0,0
34.890110,34.902931,99,255,235,255,184,1,31,150,129,0,0,0,0,0,0,0
34.945053,34.963371,99,255,234,255,184,1,22,151,1,0,0,0,0,0,0,0
35.054947,35.022842,99,255,234,255,183,1,21,151,1,0,0,0,0,0,0,0
35.109890,35.082363,99,255,235,255,182,1,26,151,1,0,0,0,0,0,0,0
35.164837,35.141735,99,255,234,255,184,1,31,151,129,0,0,0,0,0,0,0
35.219780,35.201973,99,255,234,255,184,1,31,151,129,0,0,0,0,0,0,0
35.274727,35.261494,99,255,235,255,184,1,26,151,129,0,0,0,0,0,0,0
35.329670,35.320862,99,255,235,255,184,1,26,151,129,0,0,0,0,0,0,0
35.384617,35.380077,99,255,234,255,182,1,24,151,129,0,0,0,0,0,0,0
35.439560,35.439445,99,255,234,255,182,1,27,152,1,0,0,0,0,0,0,0
35.494507,35.499836,100,255,234,255,183,1,28,152,1,0,0,0,0,0,0,0
35.549450,35.559155,100,255,235,255,183,1,31,152,1,0,0,0,0,0,0,0
35.604397,35.618420,100,255,234,255,182,1,28,152,1,0,0,0,0,0,0,0
35.659340,35.677788,100,255,235,255,184,1,26,152,1,0,0,0,0,0,0,0
35.769230,35.737156,99,255,234,255,182,1,27,151,1,0,0,0,0,0,0,0
35.824177,35.797394,99,255,234,255,182,1,27,151,129,0,0,0,0,0,0,0
35.879120,35.856712,99,255,234,255,182,1,27,151,129,0,0,0,0,0,0,0
35.934067,35.915981,98,255,234,255,182,1,30,149,129,0,0,0,0,0,0,0
35.989010,35.975399,98,255,235,255,183,1,28,149,129,0,0,0,0,0,0,0
36.043957,36.034821,97,255,234,255,182,1,32,148,129,0,0,0,0,0,0,0
36.098900,36.095005,97,255,234,255,182,1,32,148,1,0,0,0,0,0,0,0
36.153847,36.154221,97,255,235,255,184,1,32,148,1,0,0,0,0,0,0,0
36.208790,36.213539,97,255,235,255,183,1,34,148,1,0,0,0,0,0,0,0
36.263737,36.272751,97,255,235,255,184,1,33,148,1,0,0,0,0,0,0,0
36.318680,36.332272,97,255,235,255,184,1,33,148,1,0,0,0,0,0,0,0
36.373627,36.391644,97,255,235,255,184,1,33,148,1,0,0,0,0,0,0,0
36.483517,36.451065,97,255,235,255,184,1,33,148,1,0,0,0,0,0,0,0
36.538460,36.510380,96,255,235,255,183,1,38,146,1,0,0,0,0,0,0,0
36.593407,36.570686,96,255,235,255,183,1,38,146,129,0,0,0,0,0,0,0
36.648350,36.630035,95,255,235,255,183,0,38,146,129,0,0,0,0,0,0,0
36.703297,36.690479,95,255,235,255,183,1,50,145,1,0,0,0,0,0,0,0
36.758244,36.749901,95,255,235,255,183,1,50,145,1,0,0,0,0,0,0,0
36.813187,36.809216,95,255,235,255,183,1,50,145,1,0,0,0,0,0,0,0
36.868134,36.868484,95,255,235,255,183,1,50,145,1,0,0,0,0,0,0,0
36.923077,36.928928,95,255,235,255,182,1,53,145,129,0,0,0,0,0,0,0
36.978024,36.988346,95,255,235,255,182,1,50,145,129,0,0,0,0,0,0,0
37.032967,37.047768,95,255,235,255,183,0,52,144,129,0,0,0,0,0,0,0
37.142857,37.107136,94,255,236,255,182,0,54,144,129,0,0,0,0,0,0,0
37.197803,37.166451,94,255,236,255,182,0,54,143,129,0,0,0,0,0,0,0
37.252747,37.225719,94,255,235,255,184,1,64,143,1,0,0,0,0,0,0,0
37.307693,37.286007,94,255,235,255,184,1,64,143,1,0,0,0,0,0,0,0
37.362637,37.345272,94,255,235,255,184,1,64,143,1,0,0,0,0,0,0,0
37.417583,37.404640,94,255,235,255,184,1,64,143,1,0,0,0,0,0,0,0
37.472527,37.464012,94,255,235,255,184,1,64,143,1,0,0,0,0,0,0,0
37.527473,37.523224,95,255,235,255,184,1,64,143,1,0,0,0,0,0,0,0
37.582417,37.582439,96,255,236,255,182,1,75,145,1,0,0,0,0,0,0,0
37.637363,37.642731,95,255,236,255,182,1,75,145,129,0,0,0,0,0,0,0
37.692307,37.701946,95,255,236,255,184,1,75,145,129,0,0,0,0,0,0,0
37.747253,37.761261,95,255,235,255,183,1,79,146,1,0,0,0,0,0,0,0
37.857143,37.821705,95,255,236,255,183,1,79,146,1,0,0,0,0,0,0,0
37.912086,37.880970,96,255,235,255,184,1,81,146,1,0,0,0,0,0,0,0
37.967033,37.940338,96,255,236,255,183,0,82,146,1,0,0,0,0,0,0,0
38.021976,37.999706,96,255,236,255,183,1,82,146,1,0,0,0,0,0,0,0
38.076923,38.059128,96,255,236,255,184,0,87,147,129,0,0,0,0,0,0,0
38.131866,38.119518,96,255,236,255,183,0,92,147,129,0,0,0,0,0,0,0
38.186813,38.178837,96,255,236,255,183,0,92,147,129,0,0,0,0,0,0,0
38.241756,38.238052,97,255,236,255,182,1,93,148,129,0,0,0,0,0,0,0
38.296703,38.297367,98,255,236,255,182,1,93,148,129,0,0,0,0,0,0,0
38.351650,38.357708,97,255,236,255,183,1,88,148,1,0,0,0,0,0,0,0
38.406593,38.417023,97,255,236,255,183,1,88,148,1,0,0,0,0,0,0,0
38.461540,38.476494,96,255,236,255,184,1,87,147,1,0,0,0,0,0,0,0
38.571430,38.535969,96,255,236,255,184,1,87,147,1,0,0,0,0,0,0,0
38.626373,38.595234,96,255,236,255,184,1,87,147,1,0,0,0,0,0,0,0
38.681320,38.654705,97,255,236,255,183,1,78,147,1,0,0,0,0,0,0,0
38.736263,38.714943,97,255,236,255,184,1,82,147,129,0,0,0,0,0,0,0
38.791210,38.774410,97,255,236,255,184,1,82,147,129,0,0,0,0,0,0,0
38.846153,38.833729,97,255,236,255,184,1,77,149,129,0,0,0,0,0,0,0
38.901100,38.892998,97,255,236,255,184,1,77,149,129,0,0,0,0,0,0,0
38.956043,38.952209,97,255,236,255,184,1,77,149,129,0,0,0,0,0,0,0
39.010990,39.011528,97,255,236,255,184,1,77,149,129,0,0,0,0,0,0,0
39.065933,39.070847,99,255,237,255,184,1,77,149,129,0,0,0,0,0,0,0
39.120880,39.131084,99,255,237,255,181,1,86,151,1,0,0,0,0,0,0,0
39.175823,39.190453,99,255,237,255,181,1,86,151,1,0,0,0,0,0,0,0
39.285713,39.249821,99,255,237,255,181,1,86,151,1,0,0,0,0,0,0,0
39.340660,39.309189,99,255,236,255,184,1,83,152,129,0,0,0,0,0,0,0
39.395603,39.369480,99,255,236,255,184,1,83,152,129,0,0,0,0,0,0,0
39.450550,39.428745,99,255,236,255,184,1,83,152,129,0,0,0,0,0,0,0
39.505493,39.488113,99,255,237,255,184,1,64,151,1,0,0,0,0,0,0,0
39.560440,39.550144,99,255,236,255,183,0,64,151,1,0,0,0,0,0,0,0
39.615383,39.611099,99,255,236,255,182,1,66,151,1,0,0,0,0,0,0,0
39.670330,39.670361,99,255,236,255,182,1,65,151,1,0,0,0,0,0,0,0
39.725273,39.729630,99,255,236,255,184,1,63,152,1,0,0,0,0,0,0,0
39.780220,39.788998,100,255,236,255,184,1,63,152,1,0,0,0,0,0,0,0
39.835163,39.849545,100,255,236,255,182,1,60,153,129,0,0,0,0,0,0,0
39.945053,39.909935,100,255,236,255,182,1,60,153,129,0,0,0,0,0,0,0
40.000000,39.969200,100,255,236,255,182,1,60,151,129,0,0,0,0,0,0,0
40.054947,40.029545,100,255,236,255,183,1,56,152,129,0,0,0,0,0,0,0
40.109890,40.088860,100,255,236,255,184,1,51,152,1,0,0,0,0,0,0,0
40.164837,40.150379,100,255,236,255,183,1,46,153,1,0,0,0,0,0,0,0
40.219780,40.210003,100,255,236,255,183,1,46,153,1,0,0,0,0,0,0,0
40.274727,40.269318,100,255,236,255,183,1,46,153,1,0,0,0,0,0,0,0
40.329670,40.329712,100,255,236,255,182,1,44,152,1,0,0,0,0,0,0,0
40.384617,40.390053,100,255,236,255,182,1,44,152,129,0,0,0,0,0,0,0
40.439560,40.449371,100,255,236,255,182,1,44,152,129,0,0,0,0,0,0,0
40.494507,40.508888,99,255,236,255,183,1,42,151,129,0,0,0,0,0,0,0
40.604397,40.569080,99,255,236,255,182,0,42,150,129,0,0,0,0,0,0,0
40.659340,40.628395,99,255,236,255,182,0,42,150,129,0,0,0,0,0,0,0
40.714287,40.687664,99,255,236,255,182,0,42,150,129,0,0,0,0,0,0,0
40.769230,40.747082,99,255,236,255,182,0,42,150,129,0,0,0,0,0,0,0
40.824177,40.806347,98,255,236,255,184,1,32,150,129,0,0,0,0,0,0,0
40.879120,40.866791,98,255,236,255,184,1,32,150,1,0,0,0,0,0,0,0
40.934067,40.926262,98,255,236,255,184,1,32,150,1,0,0,0,0,0,0,0
40.989010,40.985527,98,255,236,255,184,1,32,150,1,0,0,0,0,0,0,0
41.043957,41.044846,98,255,236,255,184,1,32,150,1,0,0,0,0,0,0,0
41.098900,41.104111,98,255,236,255,182,1,37,150,1,0,0,0,0,0,0,0
41.153847,41.165218,98,255,236,255,182,1,37,149,129,0,0,0,0,0,0,0
41.263737,41.226124,98,255,236,255,182,1,37,149,129,0,0,0,0,0,0,0
41.318680,41.287079,98,255,236,255,182,1,52,149,1,0,0,0,0,0,0,0
41.373627,41.348904,98,255,236,255,182,1,52,149,1,0,0,0,0,0,0,0
41.428570,41.409088,97,255,236,255,182,1,51,148,1,0,0,0,0,0,0,0
41.483517,41.468460,97,255,236,255,182,1,51,148,1,0,0,0,0,0,0,0
41.538460,41.527882,97,255,236,255,182,1,51,148,1,0,0,0,0,0,0,0
41.593407,41.587193,96,255,236,255,183,1,53,146,129,0,0,0,0,0,0,0
41.648350,41.647381,96,255,236,255,183,1,54,146,129,0,0,0,0,0,0,0
41.703297,41.706753,96,255,236,255,182,0,54,147,129,0,0,0,0,0,0,0
41.758244,41.766068,96,255,236,255,182,0,54,147,129,0,0,0,0,0,0,0
41.813187,41.825386,96,255,236,255,182,0,54,147,129,0,0,0,0,0,0,0
41.923077,41.885723,96,255,236,255,184,1,63,146,1,0,0,0,0,0,0,0
41.978024,41.945095,96,255,236,255,183,0,64,146,1,0,0,0,0,0,0,0
42.032967,42.004463,95,255,235,255,183,1,63,145,1,0,0,0,0,0,0,0
42.087914,42.063881,95,255,235,255,183,1,63,145,1,0,0,0,0,0,0,0
42.142857,42.123096,95,255,236,255,183,0,57,146,129,0,0,0,0,0,0,0
42.197803,42.183487,95,255,236,255,183,0,57,146,129,0,0,0,0,0,0,0
42.252747,42.242908,95,255,236,255,183,0,57,146,129,0,0,0,0,0,0,0
42.307693,42.302174,95,255,236,255,183,0,57,146,129,0,0,0,0,0,0,0
42.362637,42.362312,95,255,236,255,183,0,57,146,129,0,0,0,0,0,0,0
42.417583,42.421627,95,255,236,255,183,0,57,146,129,0,0,0,0,0,0,0
42.472527,42.481152,95,255,236,255,183,0,57,146,129,0,0,0,0,0,0,0
42.527473,42.540520,95,255,235,255,183,1,75,145,1,0,0,0,0,0,0,0
42.637363,42.600960,95,255,235,255,183,1,77,145,1,0,0,0,0,0,0,0
42.692307,42.660278,95,255,235,255,183,1,79,145,1,0,0,0,0,0,0,0
42.747253,42.719761,95,255,235,255,182,1,79,145,129,0,0,0,0,0,0,0
42.802197,42.780140,95,255,235,255,182,1,79,145,129,0,0,0,0,0,0,0
42.857143,42.839458,95,255,235,255,182,1,79,145,129,0,0,0,0,0,0,0
42.912086,42.898827,95,255,235,255,182,1,79,145,129,0,0,0,0,0,0,0
42.967033,42.958298,95,255,235,255,183,0,76,145,1,0,0,0,0,0,0,0
43.021976,43.020172,95,255,235,255,183,0,76,145,1,0,0,0,0,0,0,0
43.076923,43.081280,95,255,235,255,183,0,76,145,1,0,0,0,0,0,0,0
43.131866,43.142082,95,255,235,255,183,0,76,145,1,0,0,0,0,0,0,0
43.241756,43.202934,95,255,235,255,183,0,76,145,1,0,0,0,0,0,0,0
43.296703,43.263840,95,255,235,255,183,0,76,145,1,0,0,0,0,0,0,0
43.351650,43.324642,94,255,235,255,183,0,76,145,1,0,0,0,0,0,0,0
43.406593,43.385647,94,255,235,255,182,0,79,144,129,0,0,0,0,0,0,0
43.461540,43.445015,94,255,235,255,182,0,79,144,129,0,0,0,0,0,0,0
43.516483,43.504333,94,255,235,255,182,0,79,144,129,0,0,0,0,0,0,0
43.571430,43.563599,94,255,235,255,182,0,79,144,129,0,0,0,0,0,0,0
43.626373,43.622814,96,255,234,255,184,0,79,147,1,0,0,0,0,0,0,0
43.681320,43.683155,97,255,234,255,183,1,77,148,1,0,0,0,0,0,0,0
43.736263,43.742420,98,255,234,255,183,1,77,148,1,0,0,0,0,0,0,0
43.791210,43.801941,98,255,234,255,183,1,72,149,1,0,0,0,0,0,0,0
43.846153,43.862286,98,255,234,255,183,1,74,149,129,0,0,0,0,0,0,0
43.956043,43.921551,98,255,234,255,182,1,73,151,129,0,0,0,0,0,0,0
44.010990,43.980865,98,255,234,255,182,1,73,151,129,0,0,0,0,0,0,0
44.065933,44.040337,99,255,234,255,183,1,52,151,129,0,0,0,0,0,0,0
44.120880,44.099606,99,255,234,255,182,1,50,151,129,0,0,0,0,0,0,0
44.175823,44.159077,99,255,234,255,182,1,50,151,129,0,0,0,0,0,0,0
44.230770,44.218445,99,255,234,255,182,1,50,151,129,0,0,0,0,0,0,0
44.285713,44.277710,99,255,234,255,182,1,50,151,129,0,0,0,0,0,0,0
44.340660,44.337742,99,255,234,255,182,1,50,151,129,0,0,0,0,0,0,0
44.395603,44.397163,100,255,234,255,183,1,36,152,129,0,0,0,0,0,0,0
44.450550,44.456532,100,255,234,255,182,1,35,152,129,0,0,0,0,0,0,0
44.505493,44.515896,100,255,234,255,182,1,35,152,129,0,0,0,0,0,0,0
44.560440,44.575268,100,255,234,255,182,1,35,152,129,0,0,0,0,0,0,0
44.670330,44.634636,98,255,233,255,183,1,27,150,129,0,0,0,0,0,0,0
44.725273,44.693851,98,255,233,255,183,1,27,150,129,0,0,0,0,0,0,0
44.780220,44.754192,98,255,233,255,184,1,28,150,1,0,0,0,0,0,0,0
44.835163,44.813507,98,255,233,255,184,1,28,150,1,0,0,0,0,0,0,0
44.890110,44.872929,98,255,233,255,184,1,28,150,1,0,0,0,0,0,0,0
44.945053,44.932346,98,255,233,255,184,1,32,149,1,0,0,0,0,0,0,0
45.000000,44.991562,98,255,233,255,184,1,32,149,1,0,0,0,0,0,0,0
45.054947,45.051647,98,255,233,255,183,1,32,149,1,0,0,0,0,0,0,0
45.109890,45.113472,98,255,233,255,183,1,26,149,129,0,0,0,0,0,0,0
45.164837,45.174324,98,255,233,255,184,1,26,150,129,0,0,0,0,0,0,0
45.219780,45.233795,98,255,233,255,184,1,26,150,129,0,0,0,0,0,0,0
45.329670,45.293163,98,255,233,255,184,1,26,150,129,0,0,0,0,0,0,0
45.384617,45.353455,98,255,233,255,183,1,21,149,1,0,0,0,0,0,0,0
45.439560,45.412720,98,255,233,255,183,1,21,149,1,0,0,0,0,0,0,0
45.494507,45.472088,98,255,233,255,183,1,21,149,1,0,0,0,0,0,0,0
45.549450,45.531353,98,255,233,255,183,1,21,149,1,0,0,0,0,0,0,0
45.604397,45.590927,98,255,234,255,184,1,30,148,129,0,0,0,0,0,0,0
45.659340,45.651218,97,255,234,255,184,1,30,148,129,0,0,0,0,0,0,0
45.714287,45.710484,97,255,234,255,184,1,35,148,129,0,0,0,0,0,0,0
45.769230,45.769699,97,255,234,255,183,1,37,148,129,0,0,0,0,0,0,0
45.824177,45.829117,97,255,234,255,182,1,37,148,129,0,0,0,0,0,0,0
45.879120,45.889462,97,255,234,255,184,0,37,148,1,0,0,0,0,0,0,0
45.934067,45.948826,97,255,234,255,182,1,35,147,1,0,0,0,0,0,0,0
46.043957,46.008194,97,255,234,255,182,1,35,147,1,0,0,0,0,0,0,0
46.098900,46.067513,97,255,234,255,182,1,35,147,1,0,0,0,0,0,0,0
46.153847,46.127548,97,255,234,255,182,1,35,147,1,0,0,0,0,0,0,0
46.208790,46.186863,96,255,234,255,184,0,37,146,129,0,0,0,0,0,0,0
46.263737,46.247356,96,255,234,255,184,0,37,146,129,0,0,0,0,0,0,0
46.318680,46.306778,96,255,234,255,183,1,38,145,129,0,0,0,0,0,0,0
46.373627,46.366146,96,255,234,255,183,1,38,145,129,0,0,0,0,0,0,0
46.428570,46.426384,96,255,234,255,184,1,42,146,1,0,0,0,0,0,0,0
46.483517,46.485802,96,255,234,255,184,1,45,146,1,0,0,0,0,0,0,0
46.538460,46.545120,96,255,234,255,184,1,45,146,1,0,0,0,0,0,0,0
46.593407,46.604492,96,255,234,255,184,1,52,146,1,0,0,0,0,0,0,0
46.703297,46.663807,96,255,234,255,184,1,52,146,1,0,0,0,0,0,0,0
46.758244,46.723171,96,255,234,255,184,1,52,146,1,0,0,0,0,0,0,0
46.813187,46.782440,96,255,234,255,184,1,52,146,1,0,0,0,0,0,0,0
46.868134,46.841705,96,255,234,255,183,1,65,146,129,0,0,0,0,0,0,0
46.923077,46.902100,96,255,233,255,184,1,72,146,129,0,0,0,0,0,0,0
46.978024,46.962181,95,255,234,255,184,1,71,146,129,0,0,0,0,0,0,0
47.032967,47.021603,95,255,234,255,184,1,71,146,129,0,0,0,0,0,0,0
47.087914,47.081787,95,255,234,255,183,1,74,145,1,0,0,0,0,0,0,0
47.142857,47.141159,95,255,234,255,183,1,74,145,1,0,0,0,0,0,0,0
47.197803,47.200474,95,255,234,255,182,1,76,145,1,0,0,0,0,0,0,0
47.252747,47.259792,95,255,234,255,182,1,73,144,129,0,0,0,0,0,0,0
47.307693,47.320133,95,255,234,255,182,1,73,144,129,0,0,0,0,0,0,0
47.417583,47.379555,95,255,234,255,182,1,73,144,129,0,0,0,0,0,0,0
47.472527,47.438869,95,255,234,255,182,1,73,144,129,0,0,0,0,0,0,0
47.527473,47.498138,95,255,234,255,183,1,73,144,129,0,0,0,0,0,0,0
47.582417,47.557404,95,255,234,255,183,0,76,144,129,0,0,0,0,0,0,0
47.637363,47.616772,95,255,234,255,183,0,76,144,129,0,0,0,0,0,0,0
47.692307,47.676140,95,255,234,255,183,0,76,144,129,0,0,0,0,0,0,0
47.747253,47.735611,95,255,234,255,183,0,76,144,129,0,0,0,0,0,0,0
47.802197,47.794876,95,255,234,255,183,0,76,144,129,0,0,0,0,0,0,0
47.857143,47.854195,98,255,234,255,182,1,87,150,129,0,0,0,0,0,0,0
47.912086,47.914227,98,255,234,255,182,1,87,150,129,0,0,0,0,0,0,0
47.967033,47.974312,98,255,235,255,182,1,68,149,129,0,0,0,0,0,0,0
48.021976,48.035217,97,255,234,255,183,1,77,148,129,0,0,0,0,0,0,0
48.131866,48.094688,97,255,234,255,182,0,86,148,129,0,0,0,0,0,0,0
48.186813,48.154003,97,255,234,255,182,0,86,148,129,0,0,0,0,0,0,0
48.241756,48.213268,97,255,234,255,182,0,86,148,129,0,0,0,0,0,0,0
48.296703,48.272739,99,255,234,255,184,0,86,148,129,0,0,0,0,0,0,0
48.351650,48.333084,100,255,234,255,184,1,72,152,1,0,0,0,0,0,0,0
48.406593,48.392502,100,255,234,255,183,1,73,152,1,0,0,0,0,0,0,0
48.461540,48.451717,100,255,234,255,183,1,73,152,1,0,0,0,0,0,0,0
48.516483,48.511032,100,255,234,255,183,1,73,152,1,0,0,0,0,0,0,0
48.571430,48.570351,100,255,234,255,183,1,73,152,1,0,0,0,0,0,0,0
48.626373,48.629974,101,255,235,255,184,1,71,153,129,0,0,0,0,0,0,0
48.681320,48.691288,101,255,234,255,184,1,71,153,129,0,0,0,0,0,0,0
48.791210,48.751682,101,255,234,255,182,1,74,154,1,0,0,0,0,0,0,0
48.846153,48.811153,101,255,234,255,182,1,74,154,1,0,0,0,0,0,0,0
48.901100,48.870518,101,255,235,255,184,1,70,154,1,0,0,0,0,0,0,0
48.956043,48.929886,101,255,235,255,182,1,64,154,1,0,0,0,0,0,0,0
49.010990,48.990078,102,255,234,255,182,1,66,155,1,0,0,0,0,0,0,0
49.065933,49.050468,102,255,234,255,182,1,65,156,129,0,0,0,0,0,0,0
49.120880,49.109837,102,255,234,255,182,1,65,156,129,0,0,0,0,0,0,0
49.175823,49.169151,102,255,234,255,182,1,65,156,129,0,0,0,0,0,0,0
49.230770,49.228420,102,255,234,255,182,1,65,156,129,0,0,0,0,0,0,0
49.285713,49.287682,102,255,234,255,182,1,65,156,129,0,0,0,0,0,0,0
49.340660,49.347103,102,255,234,255,182,1,65,156,129,0,0,0,0,0,0,0
49.395603,49.406475,102,255,234,255,182,1,65,156,129,0,0,0,0,0,0,0
49.505493,49.466045,103,255,234,255,182,1,65,156,129,0,0,0,0,0,0,0
49.560440,49.526436,103,255,234,255,182,1,48,157,1,0,0,0,0,0,0,0
49.615383,49.585808,103,255,234,255,182,1,48,157,1,0,0,0,0,0,0,0
49.670330,49.645176,103,255,234,255,182,1,48,157,1,0,0,0,0,0,0,0
49.725273,49.704647,103,255,234,255,182,1,48,157,1,0,0,0,0,0,0,0
49.780220,49.764118,103,255,234,255,182,1,48,157,1,0,0,0,0,0,0,0
49.835163,49.823483,103,255,234,255,182,1,48,157,1,0,0,0,0,0,0,0
49.890110,49.882751,103,255,234,255,182,1,48,157,1,0,0,0,0,0,0,0
49.945053,49.942120,103,255,234,255,182,1,48,157,1,0,0,0,0,0,0,0
50.000000,50.002151,103,255,234,255,182,1,48,157,1,0,0,0,0,0,0,0
50.054947,50.063004,104,255,234,255,182,1,48,157,1,0,0,0,0,0,0,0
50.164837,50.123981,104,255,234,255,184,1,56,159,1,0,0,0,0,0,0,0
50.219780,50.185066,104,255,234,255,184,1,56,159,1,0,0,0,0,0,0,0
50.274727,50.246025,104,255,234,255,184,1,56,159,1,0,0,0,0,0,0,0
50.329670,50.306927,104,255,234,255,184,1,56,159,1,0,0,0,0,0,0,0
50.384617,50.367832,104,255,234,255,183,1,36,159,129,0,0,0,0,0,0,0
50.439560,50.429707,104,255,234,255,183,1,36,159,129,0,0,0,0,0,0,0
50.494507,50.490559,104,255,234,255,182,1,29,158,1,0,0,0,0,0,0,0
50.549450,50.552437,104,255,234,255,182,1,29,158,1,0,0,0,0,0,0,0
50.604397,50.613289,104,255,234,255,184,1,36,158,1,0,0,0,0,0,0,0
50.714287,50.674240,104,255,234,255,182,1,38,158,1,0,0,0,0,0,0,0
50.769230,50.733818,104,255,234,255,181,1,39,159,1,0,0,0,0,0,0,0
50.824177,50.794155,104,255,234,255,182,1,37,159,129,0,0,0,0,0,0,0
50.879120,50.853424,104,255,234,255,182,1,37,159,129,0,0,0,0,0,0,0
50.934067,50.912743,104,255,234,255,182,1,37,159,129,0,0,0,0,0,0,0
50.989010,50.972210,104,255,234,255,182,1,37,159,129,0,0,0,0,0,0,0
51.043957,51.031528,104,255,234,255,182,1,37,159,129,0,0,0,0,0,0,0
51.098900,51.091099,105,255,234,255,182,1,33,159,1,0,0,0,0,0,0,0
51.153847,51.151493,105,255,233,255,183,1,34,159,1,0,0,0,0,0,0,0
51.208790,51.210812,104,255,234,255,183,1,36,158,1,0,0,0,0,0,0,0
51.263737,51.270130,104,255,234,255,183,1,36,158,1,0,0,0,0,0,0,0
51.318680,51.329647,104,255,234,255,183,1,36,158,1,0,0,0,0,0,0,0
51.428570,51.389069,104,255,234,255,183,1,36,158,1,0,0,0,0,0,0,0
51.483517,51.448593,104,255,234,255,183,1,36,158,1,0,0,0,0,0,0,0
51.538460,51.507957,104,255,234,255,183,1,36,158,1,0,0,0,0,0,0,0
51.593407,51.567482,104,255,234,255,184,1,45,158,129,0,0,0,0,0,0,0
51.648350,51.628693,104,255,234,255,184,1,45,158,129,0,0,0,0,0,0,0
51.703297,51.688984,104,255,234,255,183,1,44,158,1,0,0,0,0,0,0,0
51.758244,51.749222,104,255,234,255,183,1,44,158,1,0,0,0,0,0,0,0
51.813187,51.808537,104,255,234,255,183,1,44,158,1,0,0,0,0,0,0,0
51.868134,51.867855,104,255,234,255,183,1,44,158,1,0,0,0,0,0,0,0
51.923077,51.927277,104,255,234,255,183,1,44,158,1,0,0,0,0,0,0,0
51.978024,51.986641,104,255,234,255,183,1,44,158,1,0,0,0,0,0,0,0
52.032967,52.046215,103,255,234,255,183,1,44,158,1,0,0,0,0,0,0,0
52.142857,52.106609,103,255,234,255,182,1,58,157,129,0,0,0,0,0,0,0
52.197803,52.165924,103,255,234,255,182,1,58,157,129,0,0,0,0,0,0,0
52.252747,52.225296,103,255,234,255,182,1,58,157,129,0,0,0,0,0,0,0
52.307693,52.285633,104,255,234,255,183,1,62,158,1,0,0,0,0,0,0,0
52.362637,52.345104,104,255,234,255,183,1,62,158,1,0,0,0,0,0,0,0
52.417583,52.404472,104,255,234,255,183,1,62,158,1,0,0,0,0,0,0,0
52.472527,52.463737,104,255,234,255,183,1,62,158,1,0,0,0,0,0,0,0
52.527473,52.523159,104,255,234,255,183,1,62,158,1,0,0,0,0,0,0,0
52.582417,52.583549,104,255,234,255,184,1,61,159,129,0,0,0,0,0,0,0
52.637363,52.643635,104,255,234,255,184,1,61,159,129,0,0,0,0,0,0,0
52.692307,52.703671,105,255,234,255,183,1,62,159,129,0,0,0,0,0,0,0
52.802197,52.764675,105,255,234,255,183,1,62,160,129,0,0,0,0,0,0,0
52.857143,52.825783,105,255,234,255,183,1,60,160,1,0,0,0,0,0,0,0
52.912086,52.886127,105,255,234,255,182,1,55,159,1,0,0,0,0,0,0,0
52.967033,52.945389,104,255,234,255,183,1,54,159,1,0,0,0,0,0,0,0
53.021976,53.004860,104,255,234,255,183,1,54,159,1,0,0,0,0,0,0,0
53.076923,53.064232,104,255,234,255,183,1,54,159,1,0,0,0,0,0,0,0
53.131866,53.123497,105,255,234,255,183,1,54,159,1,0,0,0,0,0,0,0
53.186813,53.183838,105,255,234,255,182,1,49,160,129,0,0,0,0,0,0,0
53.241756,53.243153,105,255,234,255,182,1,49,160,129,0,0,0,0,0,0,0
53.296703,53.302624,105,255,234,255,183,1,45,160,129,0,0,0,0,0,0,0
53.351650,53.363121,105,255,234,255,183,1,46,160,1,0,0,0,0,0,0,0
53.461540,53.422642,105,255,234,255,183,1,47,160,1,0,0,0,0,0,0,0
53.516483,53.482109,105,255,234,255,183,1,49,160,1,0,0,0,0,0,0,0
53.571430,53.541481,105,255,234,255,183,1,49,160,1,0,0,0,0,0,0,0
53.626373,53.600948,105,255,234,255,183,1,49,160,1,0,0,0,0,0,0,0
53.681320,53.660267,105,255,234,255,182,1,46,160,129,0,0,0,0,0,0,0
53.736263,53.720711,105,255,234,255,181,1,45,160,129,0,0,0,0,0,0,0
53.791210,53.780746,105,255,234,255,181,1,45,160,129,0,0,0,0,0,0,0
53.846153,53.840065,105,255,234,255,181,1,45,160,129,0,0,0,0,0,0,0
53.901100,53.899429,105,255,234,255,182,1,40,160,129,0,0,0,0,0,0,0
53.956043,53.959770,105,255,234,255,182,1,42,160,1,0,0,0,0,0,0,0
54.010990,54.019344,105,255,234,255,182,1,43,160,1,0,0,0,0,0,0,0
54.120880,54.078766,105,255,234,255,182,0,47,160,1,0,0,0,0,0,0,0
54.175823,54.138184,105,255,234,255,184,1,52,160,1,0,0,0,0,0,0,0
54.230770,54.197552,105,255,234,255,184,1,52,160,1,0,0,0,0,0,0,0
54.285713,54.256969,105,255,234,255,184,1,52,160,1,0,0,0,0,0,0,0
54.340660,54.316288,105,255,234,255,184,1,52,160,1,0,0,0,0,0,0,0
54.395603,54.375759,105,255,234,255,184,1,52,160,1,0,0,0,0,0,0,0
54.450550,54.435181,105,255,234,255,184,1,52,160,1,0,0,0,0,0,0,0
54.505493,54.494446,105,255,234,255,184,1,52,160,1,0,0,0,0,0,0,0
54.560440,54.553913,105,255,234,255,184,1,52,160,1,0,0,0,0,0,0,0
54.615383,54.613182,105,255,234,255,184,1,52,160,1,0,0,0,0,0,0,0
54.670330,54.672501,105,255,234,255,184,1,52,160,1,0,0,0,0,0,0,0
54.725273,54.731918,105,255,235,255,184,1,52,161,1,0,0,0,0,0,0,0
54.780220,54.791340,105,255,234,255,184,1,54,161,129,0,0,0,0,0,0,0
54.890110,54.851730,105,255,234,255,184,1,54,161,129,0,0,0,0,0,0,0
54.945053,54.911049,105,255,234,255,184,1,54,161,129,0,0,0,0,0,0,0
55.000000,54.970417,105,255,235,255,184,1,54,161,129,0,0,0,0,0,0,0
55.054947,55.029781,105,255,234,255,184,1,52,161,129,0,0,0,0,0,0,0
55.109890,55.090126,105,255,234,255,184,1,52,161,1,0,0,0,0,0,0,0
55.164837,55.150311,105,255,234,255,184,1,52,161,1,0,0,0,0,0,0,0
55.219780,55.211269,105,255,234,255,184,1,55,161,1,0,0,0,0,0,0,0
55.274727,55.272221,106,255,234,255,184,1,55,161,1,0,0,0,0,0,0,0
55.329670,55.333126,106,255,234,255,183,1,59,161,1,0,0,0,0,0,0,0
55.384617,55.394234,106,255,234,255,183,1,62,161,129,0,0,0,0,0,0,0
55.494507,55.454727,106,255,234,255,183,1,62,161,129,0,0,0,0,0,0,0
55.549450,55.514099,106,255,235,255,184,1,63,162,129,0,0,0,0,0,0,0
55.604397,55.573669,106,255,234,255,183,1,60,162,129,0,0,0,0,0,0,0
55.659340,55.632938,106,255,234,255,182,1,59,162,129,0,0,0,0,0,0,0
55.714287,55.692562,106,255,234,255,184,1,58,162,1,0,0,0,0,0,0,0
55.769230,55.752903,106,255,234,255,183,1,60,162,1,0,0,0,0,0,0,0
55.824177,55.812271,106,255,234,255,183,1,60,162,1,0,0,0,0,0,0,0
55.879120,55.871536,106,255,234,255,183,1,60,162,1,0,0,0,0,0,0,0
55.934067,55.930855,106,255,234,255,183,1,60,162,1,0,0,0,0,0,0,0
55.989010,55.990223,106,255,234,255,183,1,60,162,1,0,0,0,0,0,0,0
56.043957,56.050716,106,255,234,255,181,1,58,162,129,0,0,0,0,0,0,0
56.098900,56.110287,107,255,234,255,183,1,59,163,129,0,0,0,0,0,0,0
56.208790,56.169811,107,255,234,255,183,1,59,163,129,0,0,0,0,0,0,0
56.263737,56.230255,107,255,234,255,183,1,58,163,1,0,0,0,0,0,0,0
56.318680,56.289623,107,255,234,255,184,1,56,163,1,0,0,0,0,0,0,0
56.373627,56.349808,107,255,234,255,184,1,56,163,1,0,0,0,0,0,0,0
56.428570,56.409180,107,255,234,255,184,1,58,164,1,0,0,0,0,0,0,0
56.483517,56.468651,107,255,234,255,184,1,58,164,1,0,0,0,0,0,0,0
56.538460,56.527966,107,255,234,255,184,1,58,164,1,0,0,0,0,0,0,0
56.593407,56.587387,107,255,234,255,181,1,57,163,129,0,0,0,0,0,0,0
56.648350,56.647728,107,255,234,255,181,1,57,163,129,0,0,0,0,0,0,0
56.703297,56.707096,107,255,234,255,181,1,57,163,129,0,0,0,0,0,0,0
56.758244,56.766617,107,255,234,255,183,1,56,164,129,0,0,0,0,0,0,0
56.868134,56.826138,107,255,234,255,183,1,56,164,129,0,0,0,0,0,0,0
56.923077,56.885456,108,255,234,255,183,1,56,164,1,0,0,0,0,0,0,0
56.978024,56.945744,108,255,234,255,181,1,57,164,1,0,0,0,0,0,0,0
57.032967,57.005318,108,255,234,255,181,1,57,164,1,0,0,0,0,0,0,0
57.087914,57.064686,109,255,234,255,181,1,57,164,1,0,0,0,0,0,0,0
57.142857,57.125183,109,255,234,255,181,1,56,166,129,0,0,0,0,0,0,0
57.197803,57.184498,109,255,234,255,181,1,56,166,129,0,0,0,0,0,0,0
57.252747,57.245506,109,255,234,255,184,1,48,166,129,0,0,0,0,0,0,0
57.307693,57.304771,109,255,234,255,181,1,53,165,129,0,0,0,0,0,0,0
57.362637,57.364193,108,255,234,255,182,1,53,165,1,0,0,0,0,0,0,0
57.417583,57.424530,109,255,234,255,182,1,50,165,1,0,0,0,0,0,0,0
57.527473,57.483997,109,255,234,255,181,1,51,166,1,0,0,0,0,0,0,0
57.582417,57.543320,109,255,234,255,181,1,51,166,1,0,0,0,0,0,0,0
57.637363,57.602638,109,255,234,255,181,1,51,166,1,0,0,0,0,0,0,0
57.692307,57.662056,110,255,234,255,181,1,54,167,129,0,0,0,0,0,0,0
57.747253,57.722401,110,255,234,255,182,1,53,168,129,0,0,0,0,0,0,0
57.802197,57.781868,110,255,234,255,182,1,53,168,129,0,0,0,0,0,0,0
57.857143,57.841286,110,255,234,255,182,1,53,168,129,0,0,0,0,0,0,0
57.912086,57.900551,110,255,234,255,182,1,53,168,129,0,0,0,0,0,0,0
57.967033,57.959820,110,255,234,255,184,1,47,168,1,0,0,0,0,0,0,0
58.021976,58.020107,110,255,234,255,184,1,47,168,1,0,0,0,0,0,0,0
58.076923,58.079475,110,255,234,255,184,1,47,168,1,0,0,0,0,0,0,0
58.131866,58.138897,109,255,234,255,184,1,47,168,1,0,0,0,0,0,0,0
58.241756,58.199032,109,255,234,255,183,1,41,165,1,0,0,0,0,0,0,0
58.296703,58.258453,108,255,234,255,182,1,37,165,129,0,0,0,0,0,0,0
58.351650,58.318844,109,255,234,255,182,1,36,166,129,0,0,0,0,0,0,0
58.406593,58.378162,109,255,234,255,182,1,37,166,129,0,0,0,0,0,0,0
58.461540,58.437531,109,255,234,255,181,1,40,166,129,0,0,0,0,0,0,0
58.516483,58.497002,109,255,234,255,181,1,40,166,129,0,0,0,0,0,0,0
58.571430,58.557255,109,255,234,255,181,1,40,166,1,0,0,0,0,0,0,0
58.626373,58.616711,109,255,234,255,181,1,40,167,1,0,0,0,0,0,0,0
58.681320,58.675976,110,255,234,255,182,1,40,167,1,0,0,0,0,0,0,0
58.736263,58.735344,110,255,234,255,184,1,29,168,1,0,0,0,0,0,0,0
58.791210,58.794712,110,255,234,255,184,1,29,168,1,0,0,0,0,0,0,0
58.846153,58.854145,110,255,234,255,181,1,33,167,1,0,0,0,0,0,0,0
58.956043,58.914627,109,255,234,255,184,1,32,166,129,0,0,0,0,0,0,0
59.010990,58.974045,109,255,234,255,184,1,31,166,129,0,0,0,0,0,0,0
59.065933,59.033413,109,255,234,255,184,1,32,166,129,0,0,0,0,0,0,0
59.120880,59.092884,109,255,234,255,184,1,29,167,1,0,0,0,0,0,0,0
59.175823,59.153328,109,255,234,255,184,1,29,167,1,0,0,0,0,0,0,0
59.230770,59.212799,109,255,234,255,184,1,29,167,1,0,0,0,0,0,0,0
59.285713,59.272114,109,255,234,255,182,1,25,166,1,0,0,0,0,0,0,0
59.340660,59.331638,108,255,233,255,183,1,32,164,1,0,0,0,0,0,0,0
59.395603,59.390903,108,255,234,255,182,1,38,164,129,0,0,0,0,0,0,0
59.450550,59.451294,108,255,234,255,183,1,46,164,129,0,0,0,0,0,0,0
59.505493,59.510662,108,255,234,255,183,1,46,164,129,0,0,0,0,0,0,0
59.560440,59.570137,108,255,234,255,183,1,46,164,129,0,0,0,0,0,0,0
59.670330,59.629555,108,255,234,255,183,1,46,164,129,0,0,0,0,0,0,0
59.725273,59.688927,108,255,234,255,183,1,46,164,129,0,0,0,0,0,0,0
59.780220,59.748241,108,255,234,255,183,1,46,164,129,0,0,0,0,0,0,0
59.835163,59.807762,107,255,234,255,181,1,49,163,1,0,0,0,0,0,0,0
59.890110,59.868359,107,255,234,255,183,1,51,163,1,0,0,0,0,0,0,0
59.945053,59.927780,107,255,234,255,181,1,49,163,1,0,0,0,0,0,0,0
60.000000,59.988220,107,255,234,255,181,1,49,163,129,0,0,0,0,0,0,0
60.054947,60.047539,107,255,234,255,184,1,49,163,129,0,0,0,0,0,0,0
60.109890,60.107113,107,255,234,255,182,1,61,164,129,0,0,0,0,0,0,0
60.164837,60.166531,107,255,234,255,182,1,61,164,129,0,0,0,0,0,0,0
60.219780,60.226051,107,255,234,255,182,1,61,164,129,0,0,0,0,0,0,0
60.329670,60.285526,107,255,234,255,182,1,61,164,129,0,0,0,0,0,0,0
60.384617,60.344994,107,255,234,255,182,1,61,164,129,0,0,0,0,0,0,0
60.439560,60.404362,106,255,234,255,182,1,82,163,1,0,0,0,0,0,0,0
60.494507,60.464756,106,255,234,255,182,1,82,163,1,0,0,0,0,0,0,0
60.549450,60.524124,106,255,234,255,182,1,82,163,1,0,0,0,0,0,0,0
60.604397,60.583801,106,255,234,255,182,1,82,163,1,0,0,0,0,0,0,0
60.659340,60.643219,106,255,234,255,182,1,82,163,1,0,0,0,0,0,0,0
60.714287,60.702587,106,255,234,255,182,1,82,163,1,0,0,0,0,0,0,0
60.769230,60.761955,108,255,234,255,181,1,101,165,129,0,0,0,0,0,0,0
60.824177,60.822350,108,255,234,255,181,1,101,165,129,0,0,0,0,0,0,0
60.879120,60.882637,108,255,234,255,181,1,101,165,129,0,0,0,0,0,0,0
60.989010,60.943695,109,255,234,255,181,1,101,165,129,0,0,0,0,0,0,0
61.043957,61.005775,109,255,234,255,184,1,76,166,1,0,0,0,0,0,0,0
61.098900,61.065193,109,255,234,255,184,1,76,166,1,0,0,0,0,0,0,0
61.153847,61.125637,109,255,234,255,184,1,78,166,129,0,0,0,0,0,0,0
61.208790,61.185261,109,255,234,255,184,1,78,166,129,0,0,0,0,0,0,0
