0.000000,0.000000,128,255,227,255,191,1,1,195,129,0,0,0,0,0,0,0
0.054945,0.059367,128,255,227,255,191,1,1,195,129,0,0,0,0,0,0,0
0.109890,0.120067,127,255,227,255,191,1,1,194,1,0,0,0,0,0,0,0
0.164835,0.179590,127,255,227,255,191,1,1,194,1,0,0,0,0,0,0,0
0.219780,0.238957,127,255,227,255,191,1,1,194,1,0,0,0,0,0,0,0
0.274725,0.299247,128,255,227,255,191,1,1,194,1,0,0,0,0,0,0,0
0.329670,0.358563,127,255,227,255,191,1,1,194,1,0,0,0,0,0,0,0
0.384615,0.418905,128,255,227,255,191,1,1,195,129,0,0,0,0,0,0,0
0.439560,0.478220,128,255,227,255,191,1,1,194,129,0,0,0,0,0,0,0
0.494505,0.537640,127,255,227,255,191,1,1,194,129,0,0,0,0,0,0,0
0.549451,0.597112,128,255,228,255,191,1,1,193,129,0,0,0,0,0,0,0
0.659341,0.656432,127,255,227,255,191,1,1,193,129,0,0,0,0,0,0,0
0.714286,0.716821,126,255,228,255,190,1,2,193,1,0,0,0,0,0,0,0
0.769231,0.776087,126,255,228,255,190,1,2,193,1,0,0,0,0,0,0,0
0.824176,0.835454,126,255,227,255,192,1,10,191,1,0,0,0,0,0,0,0
0.879121,0.894773,126,255,227,255,192,1,10,191,1,0,0,0,0,0,0,0
0.934066,0.954088,122,255,228,255,192,1,17,187,129,0,0,0,0,0,0,0
0.989011,1.014483,122,255,228,255,191,1,17,180,129,0,0,0,0,0,0,0
1.043956,1.073798,122,255,228,255,191,1,17,180,129,0,0,0,0,0,0,0
1.098901,1.133013,105,255,227,255,192,1,17,180,129,0,0,0,0,0,0,0
1.153846,1.192279,105,255,227,255,192,0,34,156,129,0,0,0,0,0,0,0
1.208791,1.251545,105,255,227,255,192,0,34,156,129,0,0,0,0,0,0,0
1.263736,1.310861,105,255,227,255,192,0,34,156,129,0,0,0,0,0,0,0
1.373626,1.370273,105,255,227,255,192,0,34,156,129,0,0,0,0,0,0,0
1.428571,1.429498,95,255,227,255,192,0,34,156,129,0,0,0,0,0,0,0
1.483516,1.488865,95,255,227,255,192,0,34,156,129,0,0,0,0,0,0,0
1.538462,1.548181,94,255,229,255,192,0,77,144,129,0,0,0,0,0,0,0
1.593407,1.608523,94,255,229,255,192,0,77,144,129,0,0,0,0,0,0,0
1.648352,1.668047,94,255,229,255,192,0,77,144,129,0,0,0,0,0,0,0
1.703297,1.727363,94,255,229,255,192,0,77,144,129,0,0,0,0,0,0,0
1.758242,1.786730,94,255,229,255,192,0,77,144,129,0,0,0,0,0,0,0
1.813187,1.845946,94,255,229,255,192,0,77,144,129,0,0,0,0,0,0,0
1.868132,1.905210,97,255,229,255,192,0,77,144,129,0,0,0,0,0,0,0
1.923077,1.965553,98,255,229,255,190,1,123,150,1,0,0,0,0,0,0,0
1.978022,2.025025,100,255,229,255,184,1,123,152,1,0,0,0,0,0,0,0
2.087912,2.085516,101,255,230,255,180,1,123,154,1,0,0,0,0,0,0,0
2.142857,2.145858,101,255,230,255,180,1,123,155,129,0,0,0,0,0,0,0
2.197802,2.205279,103,255,230,255,180,1,123,158,129,0,0,0,0,0,0,0
2.252747,2.264545,103,255,230,255,180,1,123,158,129,0,0,0,0,0,0,0
2.307692,2.323860,103,255,230,255,180,1,123,158,129,0,0,0,0,0,0,0
2.362637,2.383331,108,255,230,255,192,1,123,158,129,0,0,0,0,0,0,0
2.417583,2.443622,109,255,230,255,191,1,123,167,1,0,0,0,0,0,0,0
2.472528,2.502989,110,255,230,255,192,1,123,168,1,0,0,0,0,0,0,0
2.527472,2.562256,110,255,230,255,192,1,123,168,1,0,0,0,0,0,0,0
2.582417,2.621575,110,255,230,255,192,1,123,168,1,0,0,0,0,0,0,0
2.637363,2.680841,113,255,230,255,192,1,123,168,1,0,0,0,0,0,0,0
2.692308,2.740260,113,255,230,255,192,1,123,168,1,0,0,0,0,0,0,0
2.802198,2.799728,115,255,230,255,191,1,123,175,129,0,0,0,0,0,0,0
2.857143,2.859918,115,255,230,255,190,1,123,176,129,0,0,0,0,0,0,0
2.912088,2.919338,117,255,230,255,190,1,123,178,129,0,0,0,0,0,0,0
2.967033,2.978652,117,255,230,255,191,1,123,179,1,0,0,0,0,0,0,0
3.021978,3.039199,117,255,230,255,191,1,123,179,1,0,0,0,0,0,0,0
3.076923,3.098567,118,255,230,255,191,1,123,180,1,0,0,0,0,0,0,0
3.131868,3.157986,119,255,230,255,190,1,123,180,1,0,0,0,0,0,0,0
3.186813,3.217406,120,255,230,255,191,1,123,183,1,0,0,0,0,0,0,0
3.241758,3.276620,120,255,230,255,192,1,123,184,129,0,0,0,0,0,0,0
3.296703,3.337115,121,255,230,255,192,1,123,185,129,0,0,0,0,0,0,0
3.351648,3.396534,121,255,230,255,192,1,123,185,129,0,0,0,0,0,0,0
3.406593,3.455853,123,255,229,255,192,1,123,185,129,0,0,0,0,0,0,0
3.516484,3.515273,123,255,229,255,192,1,123,188,129,0,0,0,0,0,0,0
3.571429,3.574540,123,255,229,255,192,1,123,188,129,0,0,0,0,0,0,0
3.626374,3.633959,123,255,229,255,192,1,109,188,129,0,0,0,0,0,0,0
3.681319,3.694198,123,255,229,255,192,1,109,188,1,0,0,0,0,0,0,0
3.736264,3.753617,123,255,229,255,192,1,109,188,1,0,0,0,0,0,0,0
3.791209,3.812933,123,255,229,255,192,1,109,188,1,0,0,0,0,0,0,0
3.846154,3.872303,123,255,229,255,192,1,109,188,1,0,0,0,0,0,0,0
3.901099,3.932489,123,255,229,255,191,1,85,186,129,0,0,0,0,0,0,0
3.956044,3.991704,123,255,229,255,191,1,85,186,129,0,0,0,0,0,0,0
4.010989,4.051070,123,255,229,255,191,1,85,186,129,0,0,0,0,0,0,0
4.065934,4.110337,122,255,225,255,190,1,70,185,129,0,0,0,0,0,0,0
4.120879,4.170679,122,255,225,255,190,1,70,185,1,0,0,0,0,0,0,0
4.230769,4.230762,122,255,225,255,190,1,70,185,1,0,0,0,0,0,0,0
4.285714,4.291566,122,255,225,255,190,1,70,185,1,0,0,0,0,0,0,0
4.340659,4.352467,120,255,228,255,191,1,37,183,1,0,0,0,0,0,0,0
4.395605,4.412757,120,255,228,255,192,1,18,184,129,0,0,0,0,0,0,0
4.450550,4.473100,121,255,228,255,191,1,13,184,129,0,0,0,0,0,0,0
4.505495,4.532315,121,255,227,255,190,1,10,183,129,0,0,0,0,0,0,0
4.560440,4.591581,120,255,227,255,191,1,1,182,129,0,0,0,0,0,0,0
4.615385,4.651000,120,255,228,255,191,1,1,182,129,0,0,0,0,0,0,0
4.670330,4.710316,120,255,228,255,191,1,1,182,129,0,0,0,0,0,0,0
4.725275,4.769839,120,255,228,255,191,1,1,182,129,0,0,0,0,0,0,0
4.780220,4.829154,119,255,227,255,191,1,1,182,129,0,0,0,0,0,0,0
4.890110,4.889598,119,255,227,255,191,1,1,180,1,0,0,0,0,0,0,0
4.945055,4.948916,118,255,227,255,191,1,1,180,1,0,0,0,0,0,0,0
5.000000,5.009307,117,255,227,255,194,1,1,178,129,0,0,0,0,0,0,0
5.054945,5.068727,117,255,227,255,194,1,1,178,129,0,0,0,0,0,0,0
5.109890,5.128146,117,255,227,255,194,1,1,178,129,0,0,0,0,0,0,0
5.164835,5.187721,117,255,227,255,194,1,1,178,129,0,0,0,0,0,0,0
5.219780,5.246883,118,255,227,255,194,1,1,178,129,0,0,0,0,0,0,0
5.274725,5.307379,118,255,226,255,192,1,1,180,1,0,0,0,0,0,0,0
5.329670,5.367619,119,255,227,255,190,1,1,181,1,0,0,0,0,0,0,0
5.384615,5.426933,119,255,227,255,192,1,1,182,1,0,0,0,0,0,0,0
5.439560,5.486252,120,255,226,255,192,1,1,182,1,0,0,0,0,0,0,0
5.549450,5.545772,119,255,226,255,191,1,1,182,1,0,0,0,0,0,0,0
5.604395,5.606114,119,255,226,255,192,1,1,181,129,0,0,0,0,0,0,0
5.659341,5.665433,119,255,226,255,192,1,1,179,129,0,0,0,0,0,0,0
5.714286,5.724901,116,255,226,255,192,1,1,179,129,0,0,0,0,0,0,0
5.769231,5.784167,116,255,226,255,192,1,1,175,129,0,0,0,0,0,0,0
5.824176,5.843638,116,255,226,255,192,1,1,175,129,0,0,0,0,0,0,0
5.879121,5.902853,113,255,226,255,192,1,1,175,129,0,0,0,0,0,0,0
5.934066,5.963197,113,255,226,255,192,1,1,171,1,0,0,0,0,0,0,0
5.989011,6.022460,111,255,227,255,192,1,1,171,1,0,0,0,0,0,0,0
6.043956,6.081829,111,255,227,255,192,1,1,169,1,0,0,0,0,0,0,0
6.098901,6.141097,111,255,227,255,192,1,1,169,1,0,0,0,0,0,0,0
6.153846,6.200463,110,255,227,255,192,1,1,167,129,0,0,0,0,0,0,0
6.263736,6.260922,109,255,227,255,192,1,1,165,129,0,0,0,0,0,0,0
6.318681,6.320273,108,255,227,255,192,1,1,165,129,0,0,0,0,0,0,0
6.373626,6.379592,106,255,227,255,192,0,1,162,129,0,0,0,0,0,0,0
6.428571,6.438859,106,255,227,255,192,0,1,160,129,0,0,0,0,0,0,0
6.483517,6.498122,104,255,227,255,192,0,1,160,129,0,0,0,0,0,0,0
6.538462,6.558517,104,255,227,255,194,1,1,156,1,0,0,0,0,0,0,0
6.593407,6.617681,104,255,227,255,194,1,1,156,1,0,0,0,0,0,0,0
6.648352,6.676946,104,255,227,255,194,1,1,156,1,0,0,0,0,0,0,0
6.703297,6.736161,104,255,227,255,194,1,1,156,1,0,0,0,0,0,0,0
6.758242,6.795528,99,255,227,255,194,1,1,156,1,0,0,0,0,0,0,0
6.813187,6.856894,98,255,227,255,191,1,12,148,129,0,0,0,0,0,0,0
6.868132,6.916262,97,255,227,255,191,1,13,147,129,0,0,0,0,0,0,0
6.978022,6.975784,96,255,227,255,191,1,20,146,129,0,0,0,0,0,0,0
7.032967,7.036072,96,255,227,255,191,0,24,144,1,0,0,0,0,0,0,0
7.087912,7.095492,93,255,227,255,191,0,24,144,1,0,0,0,0,0,0,0
7.142857,7.154758,93,255,227,255,191,1,36,141,1,0,0,0,0,0,0,0
7.197802,7.214177,93,255,227,255,191,1,36,141,1,0,0,0,0,0,0,0
7.252747,7.273548,91,255,227,255,193,0,46,137,1,0,0,0,0,0,0,0
7.307693,7.332863,91,255,227,255,193,0,46,137,1,0,0,0,0,0,0,0
7.362638,7.392077,91,255,227,255,193,0,46,137,1,0,0,0,0,0,0,0
7.417583,7.451293,90,255,228,255,192,0,46,137,1,0,0,0,0,0,0,0
7.472528,7.511582,90,255,228,255,192,0,62,138,129,0,0,0,0,0,0,0
7.527472,7.571002,90,255,228,255,192,0,62,138,129,0,0,0,0,0,0,0
7.582417,7.630373,90,255,228,255,192,0,62,138,129,0,0,0,0,0,0,0
7.692307,7.689945,92,255,228,255,192,1,82,141,1,0,0,0,0,0,0,0
7.747253,7.750235,92,255,228,255,192,1,82,141,1,0,0,0,0,0,0,0
7.802198,7.809550,94,255,228,255,191,1,119,143,1,0,0,0,0,0,0,0
7.857143,7.868868,94,255,228,255,191,1,123,144,129,0,0,0,0,0,0,0
7.912088,7.929260,94,255,228,255,191,1,123,144,129,0,0,0,0,0,0,0
7.967033,7.988731,94,255,228,255,191,1,123,144,129,0,0,0,0,0,0,0
8.021978,8.047894,94,255,228,255,191,1,123,144,129,0,0,0,0,0,0,0
8.076923,8.107160,98,255,228,255,190,0,123,149,129,0,0,0,0,0,0,0
8.131868,8.166685,98,255,229,255,181,1,123,151,1,0,0,0,0,0,0,0
8.186813,8.227075,98,255,229,255,181,1,123,151,1,0,0,0,0,0,0,0
8.241758,8.287109,98,255,229,255,181,1,123,151,1,0,0,0,0,0,0,0
8.351648,8.349136,103,255,229,255,181,1,123,158,1,0,0,0,0,0,0,0
8.406593,8.408558,105,255,229,255,182,1,123,161,1,0,0,0,0,0,0,0
8.461538,8.467824,105,255,229,255,182,1,123,161,1,0,0,0,0,0,0,0
8.516483,8.527140,105,255,229,255,182,1,123,161,1,0,0,0,0,0,0,0
8.571428,8.586405,107,255,229,255,190,1,123,164,129,0,0,0,0,0,0,0
8.626373,8.646850,107,255,229,255,190,1,123,164,129,0,0,0,0,0,0,0
8.681318,8.706166,107,255,229,255,190,1,123,164,129,0,0,0,0,0,0,0
8.736263,8.765433,110,255,229,255,190,1,123,164,129,0,0,0,0,0,0,0
8.791209,8.825772,111,255,229,255,191,1,123,169,1,0,0,0,0,0,0,0
8.846154,8.885091,111,255,229,255,192,1,123,169,1,0,0,0,0,0,0,0
8.901099,8.944407,112,255,229,255,192,1,123,169,1,0,0,0,0,0,0,0
8.956044,9.003778,112,255,229,255,192,1,123,170,1,0,0,0,0,0,0,0
9.065934,9.064221,113,255,229,255,191,1,123,171,129,0,0,0,0,0,0,0
9.120879,9.123689,113,255,229,255,192,1,123,171,129,0,0,0,0,0,0,0
9.175824,9.182956,113,255,229,255,192,1,123,172,129,0,0,0,0,0,0,0
9.230769,9.242273,114,255,229,255,192,1,123,172,129,0,0,0,0,0,0,0
9.285714,9.302408,114,255,229,255,191,1,123,174,129,0,0,0,0,0,0,0
9.340659,9.361779,114,255,229,255,191,1,123,174,129,0,0,0,0,0,0,0
9.395604,9.421045,114,255,229,255,191,1,123,174,129,0,0,0,0,0,0,0
9.450549,9.480260,115,255,228,255,190,1,123,175,129,0,0,0,0,0,0,0
9.505494,9.540651,115,255,228,255,190,1,123,175,1,0,0,0,0,0,0,0
9.560439,9.599917,115,255,229,255,191,1,123,175,1,0,0,0,0,0,0,0
9.615385,9.659232,115,255,226,255,192,0,117,175,129,0,0,0,0,0,0,0
9.725275,9.719576,115,255,227,255,190,1,110,174,129,0,0,0,0,0,0,0
9.780220,9.778842,115,255,227,255,190,1,110,174,129,0,0,0,0,0,0,0
9.835165,9.838158,114,255,227,255,190,1,110,174,129,0,0,0,0,0,0,0
9.890110,9.898601,114,255,228,255,191,1,83,172,1,0,0,0,0,0,0,0
9.945055,9.958020,114,255,228,255,191,1,83,172,1,0,0,0,0,0,0,0
10.000000,10.017339,113,255,223,255,191,1,63,171,1,0,0,0,0,0,0,0
10.054945,10.076810,112,255,227,255,190,1,53,171,1,0,0,0,0,0,0,0
10.109890,10.136025,112,255,227,255,191,1,48,171,1,0,0,0,0,0,0,0
10.164835,10.195292,112,255,227,255,191,1,46,171,129,0,0,0,0,0,0,0
10.219780,10.255682,113,255,227,255,193,1,38,171,129,0,0,0,0,0,0,0
10.274725,10.315050,112,255,227,255,193,1,38,171,129,0,0,0,0,0,0,0
10.329670,10.374469,112,255,227,255,192,1,33,170,129,0,0,0,0,0,0,0
10.439561,10.433940,112,255,227,255,192,1,33,170,129,0,0,0,0,0,0,0
10.494506,10.493206,112,255,227,255,192,1,33,170,129,0,0,0,0,0,0,0
10.549451,10.552523,112,255,227,255,192,1,33,170,129,0,0,0,0,0,0,0
10.604396,10.611790,112,255,227,255,192,1,33,170,129,0,0,0,0,0,0,0
10.659341,10.671107,110,255,227,255,192,1,33,170,129,0,0,0,0,0,0,0
10.714286,10.731447,110,255,227,255,192,1,1,167,1,0,0,0,0,0,0,0
10.769231,10.790817,109,255,227,255,192,1,1,167,1,0,0,0,0,0,0,0
10.824176,10.851003,109,255,227,255,192,1,1,165,129,0,0,0,0,0,0,0
10.879121,10.910318,109,255,227,255,192,1,1,165,129,0,0,0,0,0,0,0
10.934066,10.969638,108,255,226,255,193,1,1,164,129,0,0,0,0,0,0,0
10.989011,11.028903,108,255,226,255,195,0,1,163,129,0,0,0,0,0,0,0
11.043956,11.088170,108,255,226,255,194,1,1,164,1,0,0,0,0,0,0,0
11.153846,11.148662,108,255,227,255,191,1,1,164,1,0,0,0,0,0,0,0
11.208791,11.207930,108,255,227,255,191,1,1,164,1,0,0,0,0,0,0,0
11.263737,11.267247,109,255,226,255,191,1,1,164,1,0,0,0,0,0,0,0
11.318682,11.326514,110,255,226,255,191,1,1,168,1,0,0,0,0,0,0,0
11.373627,11.387621,111,255,226,255,191,1,1,168,129,0,0,0,0,0,0,0
11.428572,11.446939,111,255,226,255,191,1,1,168,129,0,0,0,0,0,0,0
11.483517,11.506206,111,255,226,255,191,1,1,168,129,0,0,0,0,0,0,0
11.538462,11.565472,111,255,226,255,191,1,1,168,129,0,0,0,0,0,0,0
11.593407,11.624687,108,255,226,255,192,1,1,168,129,0,0,0,0,0,0,0
11.648352,11.685078,106,255,226,255,192,1,1,161,1,0,0,0,0,0,0,0
11.703297,11.744345,106,255,226,255,191,1,1,160,1,0,0,0,0,0,0,0
11.758242,11.803816,106,255,226,255,191,1,1,160,1,0,0,0,0,0,0,0
11.868132,11.863184,103,255,227,255,192,0,1,157,1,0,0,0,0,0,0,0
11.923077,11.923523,103,255,226,255,191,1,1,156,129,0,0,0,0,0,0,0
11.978022,11.982841,103,255,226,255,191,1,1,155,129,0,0,0,0,0,0,0
12.032967,12.042209,103,255,226,255,191,1,1,155,129,0,0,0,0,0,0,0
12.087913,12.101578,103,255,226,255,191,1,1,155,129,0,0,0,0,0,0,0
12.142858,12.161098,103,255,226,255,191,1,1,155,129,0,0,0,0,0,0,0
12.197803,12.220264,103,255,226,255,191,1,1,155,129,0,0,0,0,0,0,0
12.252748,12.279632,98,255,227,255,194,1,1,148,1,0,0,0,0,0,0,0
12.307693,12.341660,97,255,227,255,192,0,0,147,1,0,0,0,0,0,0,0
12.362638,12.401030,96,255,227,255,191,1,0,144,1,0,0,0,0,0,0,0
12.417583,12.460399,96,255,227,255,191,1,0,144,1,0,0,0,0,0,0,0
12.472528,12.519767,96,255,227,255,191,1,0,144,1,0,0,0,0,0,0,0
12.582417,12.579134,96,255,227,255,191,1,0,144,1,0,0,0,0,0,0,0
12.637362,12.638453,96,255,227,255,191,1,0,144,1,0,0,0,0,0,0,0
12.692307,12.697924,96,255,227,255,191,1,0,144,1,0,0,0,0,0,0,0
12.747252,12.757292,96,255,227,255,191,1,0,144,1,0,0,0,0,0,0,0
12.802197,12.816710,91,255,227,255,192,0,9,137,1,0,0,0,0,0,0,0
12.857142,12.876029,91,255,227,255,192,0,9,137,1,0,0,0,0,0,0,0
12.912087,12.935245,89,255,228,255,192,0,14,135,1,0,0,0,0,0,0,0
12.967033,12.994663,89,255,228,255,192,0,14,135,1,0,0,0,0,0,0,0
13.021978,13.053929,89,255,228,255,192,0,14,135,1,0,0,0,0,0,0,0
13.076923,13.113244,89,255,228,255,192,0,14,135,1,0,0,0,0,0,0,0
13.131868,13.172511,89,255,228,255,192,0,14,135,1,0,0,0,0,0,0,0
13.186813,13.231878,84,255,228,255,192,0,49,128,129,0,0,0,0,0,0,0
13.296703,13.292937,84,255,228,255,191,0,49,128,129,0,0,0,0,0,0,0
13.351648,13.353789,84,255,228,255,193,0,59,127,129,0,0,0,0,0,0,0
13.406593,13.413208,84,255,228,255,192,0,61,127,1,0,0,0,0,0,0,0
13.461538,13.473551,84,255,228,255,191,0,71,127,1,0,0,0,0,0,0,0
13.516483,13.532918,84,255,228,255,191,0,71,128,1,0,0,0,0,0,0,0
13.571428,13.592542,84,255,229,255,191,0,78,128,1,0,0,0,0,0,0,0
13.626373,13.651809,85,255,229,255,192,0,88,130,129,0,0,0,0,0,0,0
13.681318,13.712200,86,255,229,255,191,0,94,130,129,0,0,0,0,0,0,0
13.736263,13.771467,86,255,229,255,192,0,98,131,129,0,0,0,0,0,0,0
13.791209,13.830887,86,255,229,255,192,0,98,131,129,0,0,0,0,0,0,0
13.846154,13.890305,87,255,229,255,191,0,114,133,129,0,0,0,0,0,0,0
13.956044,13.949777,87,255,229,255,191,0,114,133,129,0,0,0,0,0,0,0
14.010989,14.008991,87,255,229,255,191,0,114,133,129,0,0,0,0,0,0,0
14.065934,14.068309,87,255,229,255,191,0,114,133,129,0,0,0,0,0,0,0
14.120879,14.127576,87,255,229,255,191,0,114,133,129,0,0,0,0,0,0,0
14.175824,14.186838,87,255,229,255,191,0,114,133,129,0,0,0,0,0,0,0
14.230769,14.246259,87,255,229,255,191,0,114,133,129,0,0,0,0,0,0,0
14.285714,14.306293,87,255,229,255,191,0,114,133,129,0,0,0,0,0,0,0
14.340659,14.366378,87,255,229,255,191,0,114,133,129,0,0,0,0,0,0,0
14.395604,14.427231,87,255,229,255,191,0,114,133,129,0,0,0,0,0,0,0
14.450549,14.488136,97,255,230,255,182,1,123,147,129,0,0,0,0,0,0,0
14.505494,14.547454,98,255,230,255,182,0,123,147,129,0,0,0,0,0,0,0
14.615385,14.607793,99,255,230,255,182,0,123,150,1,0,0,0,0,0,0,0
14.670330,14.668236,101,255,230,255,181,1,123,153,1,0,0,0,0,0,0,0
14.725275,14.727503,102,255,231,255,182,0,123,154,1,0,0,0,0,0,0,0
14.780220,14.786818,102,255,231,255,182,0,123,154,1,0,0,0,0,0,0,0
14.835165,14.846036,102,255,231,255,182,0,123,154,1,0,0,0,0,0,0,0
14.890110,14.905504,102,255,231,255,182,0,123,154,1,0,0,0,0,0,0,0
14.945055,14.964770,102,255,231,255,182,0,123,154,1,0,0,0,0,0,0,0
15.000000,15.024190,102,255,231,255,182,0,123,154,1,0,0,0,0,0,0,0
15.054945,15.083456,102,255,230,255,182,1,123,155,129,0,0,0,0,0,0,0
15.109890,15.143900,102,255,230,255,182,1,123,155,129,0,0,0,0,0,0,0
15.164835,15.203167,102,255,230,255,182,1,123,155,129,0,0,0,0,0,0,0
15.219780,15.262738,103,255,230,255,181,1,123,157,1,0,0,0,0,0,0,0
15.329670,15.323129,103,255,230,255,181,1,123,157,1,0,0,0,0,0,0,0
15.384615,15.382501,103,255,230,255,181,1,123,157,1,0,0,0,0,0,0,0
15.439561,15.442790,104,255,230,255,182,1,123,157,1,0,0,0,0,0,0,0
15.494506,15.503848,104,255,230,255,182,1,123,158,129,0,0,0,0,0,0,0
15.549451,15.564750,104,255,230,255,182,1,123,158,129,0,0,0,0,0,0,0
15.604396,15.625551,104,255,230,255,182,1,123,158,129,0,0,0,0,0,0,0
15.659341,15.686403,104,255,230,255,182,1,123,158,129,0,0,0,0,0,0,0
15.714286,15.747616,103,255,230,255,183,1,88,157,1,0,0,0,0,0,0,0
15.769231,15.806984,103,255,230,255,183,1,88,156,1,0,0,0,0,0,0,0
15.824176,15.866403,103,255,230,255,183,1,88,156,1,0,0,0,0,0,0,0
15.934066,15.925772,103,255,230,255,183,1,88,156,1,0,0,0,0,0,0,0
15.989011,15.984984,101,255,230,255,183,1,88,156,1,0,0,0,0,0,0,0
16.043957,16.045275,101,255,230,255,181,1,69,154,129,0,0,0,0,0,0,0
16.098902,16.104490,101,255,230,255,181,1,63,154,129,0,0,0,0,0,0,0
16.153847,16.163809,101,255,230,255,181,1,63,154,129,0,0,0,0,0,0,0
16.208792,16.223228,101,255,230,255,181,1,63,154,129,0,0,0,0,0,0,0
16.263737,16.282648,101,255,230,255,181,1,63,154,129,0,0,0,0,0,0,0
16.318682,16.341913,101,255,230,255,182,1,42,154,1,0,0,0,0,0,0,0
16.373627,16.402151,101,255,230,255,183,1,35,154,1,0,0,0,0,0,0,0
16.428572,16.461468,101,255,230,255,181,1,34,153,1,0,0,0,0,0,0,0
16.483517,16.520838,101,255,230,255,181,1,34,153,1,0,0,0,0,0,0,0
16.538462,16.580103,101,255,230,255,181,1,34,153,1,0,0,0,0,0,0,0
16.648352,16.639574,101,255,230,255,181,1,34,153,1,0,0,0,0,0,0,0
16.703297,16.699659,101,255,230,255,181,1,34,153,1,0,0,0,0,0,0,0
16.758242,16.760460,101,255,230,255,181,1,34,153,1,0,0,0,0,0,0,0
16.813187,16.821621,99,255,229,255,183,1,34,153,1,0,0,0,0,0,0,0
16.868132,16.883802,99,255,229,255,183,1,12,152,129,0,0,0,0,0,0,0
16.923077,16.943172,100,255,229,255,181,1,12,152,129,0,0,0,0,0,0,0
16.978022,17.003359,99,255,229,255,182,1,7,151,1,0,0,0,0,0,0,0
17.032967,17.062675,99,255,229,255,182,1,7,151,1,0,0,0,0,0,0,0
17.087912,17.122046,99,255,229,255,181,1,7,150,1,0,0,0,0,0,0,0
17.142857,17.181261,99,255,229,255,181,1,1,150,129,0,0,0,0,0,0,0
17.197802,17.241652,98,255,229,255,182,1,1,149,129,0,0,0,0,0,0,0
17.307692,17.301174,97,255,229,255,181,1,0,148,129,0,0,0,0,0,0,0
17.362637,17.360489,97,255,229,255,181,1,0,148,129,0,0,0,0,0,0,0
17.417582,17.419809,97,255,229,255,181,1,0,148,129,0,0,0,0,0,0,0
17.472527,17.480047,97,255,229,255,181,1,0,147,1,0,0,0,0,0,0,0
17.527473,17.539362,96,255,229,255,182,1,0,146,1,0,0,0,0,0,0,0
17.582418,17.598680,96,255,229,255,184,1,0,146,1,0,0,0,0,0,0,0
17.637363,17.657999,95,255,229,255,184,1,0,145,1,0,0,0,0,0,0,0
17.692308,17.717215,95,255,229,255,189,1,0,144,1,0,0,0,0,0,0,0
17.747253,17.777401,95,255,229,255,189,1,0,145,129,0,0,0,0,0,0,0
17.802198,17.837639,94,255,229,255,192,1,0,144,129,0,0,0,0,0,0,0
17.857143,17.896904,94,255,229,255,192,1,0,143,129,0,0,0,0,0,0,0
17.912088,17.956377,94,255,229,255,192,1,0,143,129,0,0,0,0,0,0,0
18.021978,18.015743,93,255,230,255,190,1,0,141,1,0,0,0,0,0,0,0
18.076923,18.076035,93,255,230,255,192,0,0,141,1,0,0,0,0,0,0,0
18.131868,18.135298,93,255,230,255,192,0,0,141,1,0,0,0,0,0,0,0
18.186813,18.194668,92,255,230,255,192,1,0,141,1,0,0,0,0,0,0,0
18.241758,18.254036,91,255,230,255,192,0,0,138,1,0,0,0,0,0,0,0
18.296703,18.313559,90,255,230,255,191,1,0,136,129,0,0,0,0,0,0,0
18.351648,18.373898,89,255,230,255,191,1,0,135,129,0,0,0,0,0,0,0
18.406593,18.433216,89,255,230,255,191,1,0,134,129,0,0,0,0,0,0,0
18.461538,18.492483,88,255,229,255,192,1,0,134,129,0,0,0,0,0,0,0
18.516483,18.551901,88,255,229,255,192,0,0,133,129,0,0,0,0,0,0,0
18.571428,18.611269,88,255,230,255,191,1,0,133,1,0,0,0,0,0,0,0
18.626373,18.671608,87,255,230,255,192,0,1,133,1,0,0,0,0,0,0,0
18.736263,18.730980,87,255,230,255,192,0,1,132,1,0,0,0,0,0,0,0
18.791208,18.790400,87,255,230,255,192,0,1,132,1,0,0,0,0,0,0,0
18.846153,18.849665,87,255,230,255,192,0,1,132,1,0,0,0,0,0,0,0
18.901098,18.908979,87,255,230,255,192,0,1,132,1,0,0,0,0,0,0,0
18.956043,18.968401,87,255,230,255,192,0,1,132,1,0,0,0,0,0,0,0
19.010988,19.027870,87,255,230,255,192,0,1,132,1,0,0,0,0,0,0,0
19.065933,19.087191,83,255,231,255,192,0,1,132,1,0,0,0,0,0,0,0
19.120878,19.147429,84,255,231,255,190,0,14,128,129,0,0,0,0,0,0,0
19.175825,19.207615,84,255,231,255,190,0,14,128,1,0,0,0,0,0,0,0
19.230770,19.266933,84,255,231,255,190,0,14,128,1,0,0,0,0,0,0,0
19.285715,19.326302,84,255,231,255,190,0,14,128,1,0,0,0,0,0,0,0
19.395605,19.385834,83,255,231,255,192,0,29,126,1,0,0,0,0,0,0,0
19.450550,19.445087,83,255,231,255,192,0,29,126,1,0,0,0,0,0,0,0
19.505495,19.504301,83,255,231,255,192,0,29,126,1,0,0,0,0,0,0,0
19.560440,19.565155,83,255,231,255,192,0,29,126,1,0,0,0,0,0,0,0
19.615385,19.626110,83,255,231,255,192,0,29,126,1,0,0,0,0,0,0,0
19.670330,19.687063,80,255,218,255,183,0,69,121,129,0,0,0,0,0,0,0
19.725275,19.747406,80,255,216,255,183,0,78,121,129,0,0,0,0,0,0,0
19.780220,19.807646,80,255,215,255,182,0,80,122,1,0,0,0,0,0,0,0
19.835165,19.867014,80,255,200,255,184,0,93,122,1,0,0,0,0,0,0,0
19.890110,19.926432,80,255,185,255,184,0,105,123,1,0,0,0,0,0,0,0
19.945055,19.985851,82,255,195,255,187,0,108,124,1,0,0,0,0,0,0,0
20.054945,20.046242,82,255,226,255,189,0,111,125,129,0,0,0,0,0,0,0
20.109890,20.105560,83,255,229,255,192,0,113,126,129,0,0,0,0,0,0,0
20.164835,20.164928,83,255,231,255,192,0,113,126,129,0,0,0,0,0,0,0
20.219780,20.224247,83,255,231,255,191,0,117,127,129,0,0,0,0,0,0,0
20.274725,20.283461,83,255,231,255,191,0,117,127,129,0,0,0,0,0,0,0
20.329670,20.342880,83,255,231,255,191,0,117,127,129,0,0,0,0,0,0,0
20.384615,20.402201,85,255,232,255,191,0,117,127,129,0,0,0,0,0,0,0
20.439560,20.461466,85,255,232,255,191,0,117,127,129,0,0,0,0,0,0,0
20.494505,20.520781,85,255,232,255,191,0,117,127,129,0,0,0,0,0,0,0
20.549450,20.580101,85,255,232,255,191,0,117,127,129,0,0,0,0,0,0,0
20.604395,20.640287,85,255,232,255,191,0,117,127,129,0,0,0,0,0,0,0
20.659340,20.699654,88,255,233,255,182,1,123,135,129,0,0,0,0,0,0,0
20.769230,20.759279,90,255,233,255,182,1,123,135,129,0,0,0,0,0,0,0
20.824175,20.818596,90,255,233,255,181,0,123,137,129,0,0,0,0,0,0,0
20.879122,20.877964,90,255,233,255,181,0,123,138,129,0,0,0,0,0,0,0
20.934067,20.937231,90,255,233,255,181,0,123,138,129,0,0,0,0,0,0,0
20.989012,20.996649,90,255,233,255,181,0,123,138,129,0,0,0,0,0,0,0
21.043957,21.057606,90,255,233,255,181,0,123,138,129,0,0,0,0,0,0,0
21.098902,21.118507,90,255,233,255,181,0,123,138,129,0,0,0,0,0,0,0
21.153847,21.179312,90,255,233,255,181,0,123,138,129,0,0,0,0,0,0,0
21.208792,21.240265,90,255,233,255,181,0,123,138,129,0,0,0,0,0,0,0
21.263737,21.301170,90,255,233,255,181,0,123,138,129,0,0,0,0,0,0,0
21.318682,21.362123,90,255,233,255,181,0,123,138,129,0,0,0,0,0,0,0
21.428572,21.423080,90,255,233,255,181,0,123,138,129,0,0,0,0,0,0,0
21.483517,21.483982,90,255,233,255,181,0,123,138,129,0,0,0,0,0,0,0
21.538462,21.544785,90,255,233,255,181,0,123,138,129,0,0,0,0,0,0,0
21.593407,21.605639,90,255,233,255,181,0,123,138,129,0,0,0,0,0,0,0
21.648352,21.666540,90,255,233,255,181,0,123,138,129,0,0,0,0,0,0,0
21.703297,21.727392,90,255,233,255,181,0,123,138,129,0,0,0,0,0,0,0
21.758242,21.788296,90,255,233,255,181,0,123,138,129,0,0,0,0,0,0,0
21.813187,21.849201,90,255,233,255,181,0,123,138,129,0,0,0,0,0,0,0
21.868132,21.910055,90,255,233,255,181,0,123,138,129,0,0,0,0,0,0,0
21.978022,21.971006,90,255,233,255,181,0,123,138,129,0,0,0,0,0,0,0
22.032967,22.031860,90,255,233,255,181,0,123,138,129,0,0,0,0,0,0,0
22.087912,22.092764,96,255,233,255,181,0,123,138,129,0,0,0,0,0,0,0
22.142857,22.154741,96,255,232,255,181,1,113,146,1,0,0,0,0,0,0,0
22.197802,22.214828,96,255,232,255,181,0,108,147,1,0,0,0,0,0,0,0
22.252747,22.274094,96,255,232,255,181,0,108,147,1,0,0,0,0,0,0,0
22.307692,22.333410,96,255,232,255,181,0,108,147,1,0,0,0,0,0,0,0
22.362637,22.392626,95,255,232,255,182,1,80,145,129,0,0,0,0,0,0,0
22.417582,22.452967,95,255,232,255,181,1,74,144,129,0,0,0,0,0,0,0
22.472527,22.512285,95,255,232,255,181,1,74,144,129,0,0,0,0,0,0,0
22.582418,22.571859,94,255,232,255,182,1,66,144,129,0,0,0,0,0,0,0
22.637363,22.631124,94,255,232,255,182,1,64,143,129,0,0,0,0,0,0,0
22.692308,22.690493,94,255,232,255,182,1,64,143,129,0,0,0,0,0,0,0
22.747253,22.750834,94,255,232,255,182,0,62,143,1,0,0,0,0,0,0,0
22.802198,22.810354,94,255,232,255,182,0,63,143,1,0,0,0,0,0,0,0
22.857143,22.869720,94,255,232,255,182,0,63,143,1,0,0,0,0,0,0,0
22.912088,22.928988,94,255,232,255,182,0,63,143,1,0,0,0,0,0,0,0
22.967033,22.988255,94,255,232,255,182,0,63,143,1,0,0,0,0,0,0,0
23.021978,23.048697,93,255,231,255,184,0,37,142,129,0,0,0,0,0,0,0
23.076923,23.108015,93,255,231,255,184,0,35,141,129,0,0,0,0,0,0,0
23.131868,23.168098,92,255,231,255,182,1,29,140,129,0,0,0,0,0,0,0
23.186813,23.228594,92,255,231,255,182,1,27,140,1,0,0,0,0,0,0,0
23.296703,23.288063,91,255,231,255,181,1,25,139,1,0,0,0,0,0,0,0
23.351648,23.347383,91,255,231,255,182,1,22,139,1,0,0,0,0,0,0,0
23.406593,23.406698,91,255,231,255,181,1,17,139,1,0,0,0,0,0,0,0
23.461538,23.466221,91,255,231,255,181,1,17,139,1,0,0,0,0,0,0,0
23.516483,23.525537,91,255,230,255,182,1,7,139,1,0,0,0,0,0,0,0
23.571428,23.585981,91,255,230,255,182,1,7,138,129,0,0,0,0,0,0,0
23.626373,23.645247,91,255,230,255,182,1,7,138,129,0,0,0,0,0,0,0
23.681318,23.704515,91,255,230,255,182,1,7,138,129,0,0,0,0,0,0,0
23.736263,23.763727,90,255,230,255,182,1,7,138,129,0,0,0,0,0,0,0
23.791208,23.824171,90,255,231,255,182,1,0,136,1,0,0,0,0,0,0,0
23.846153,23.883539,90,255,231,255,182,1,0,136,1,0,0,0,0,0,0,0
23.901098,23.942858,90,255,231,255,182,1,0,136,1,0,0,0,0,0,0,0
24.010988,24.002176,90,255,231,255,182,1,0,136,1,0,0,0,0,0,0,0
24.065933,24.061438,89,255,231,255,182,1,0,136,1,0,0,0,0,0,0,0
24.120878,24.121729,89,255,230,255,185,1,0,136,129,0,0,0,0,0,0,0
24.175825,24.181047,90,255,230,255,190,1,0,136,129,0,0,0,0,0,0,0
24.230770,24.240364,89,255,230,255,192,0,0,136,129,0,0,0,0,0,0,0
24.285715,24.299833,90,255,230,255,191,1,0,136,129,0,0,0,0,0,0,0
24.340660,24.359201,90,255,230,255,192,0,0,136,1,0,0,0,0,0,0,0
24.395605,24.419441,90,255,230,255,192,0,0,136,1,0,0,0,0,0,0,0
24.450550,24.478659,90,255,230,255,192,0,0,136,1,0,0,0,0,0,0,0
24.505495,24.537973,90,255,230,255,192,0,0,136,1,0,0,0,0,0,0,0
24.560440,24.597342,90,255,230,255,192,0,0,136,1,0,0,0,0,0,0,0
24.615385,24.656761,87,255,231,255,191,1,0,132,129,0,0,0,0,0,0,0
24.725275,24.717102,87,255,230,255,192,0,0,131,129,0,0,0,0,0,0,0
24.780220,24.776318,87,255,230,255,192,0,0,131,129,0,0,0,0,0,0,0
24.835165,24.835686,85,255,230,255,192,0,0,131,129,0,0,0,0,0,0,0
24.890110,24.895002,84,255,230,255,192,0,0,129,129,0,0,0,0,0,0,0
24.945055,24.955446,84,255,230,255,192,0,0,128,1,0,0,0,0,0,0,0
25.000000,25.014866,84,255,230,255,192,0,0,128,1,0,0,0,0,0,0,0
25.054945,25.074133,84,255,230,255,192,0,0,128,1,0,0,0,0,0,0,0
25.109890,25.133398,84,255,230,255,192,0,0,128,1,0,0,0,0,0,0,0
25.164835,25.192871,84,255,230,255,192,0,0,128,1,0,0,0,0,0,0,0
25.219780,25.252134,84,255,230,255,192,0,0,128,1,0,0,0,0,0,0,0
25.274725,25.312937,84,255,230,255,192,0,0,128,1,0,0,0,0,0,0,0
25.384615,25.373838,84,255,230,255,192,0,0,128,1,0,0,0,0,0,0,0
25.439560,25.434643,84,255,230,255,192,0,0,128,1,0,0,0,0,0,0,0
25.494505,25.495647,81,255,230,255,185,0,0,128,1,0,0,0,0,0,0,0
25.549450,25.556448,81,255,231,255,185,0,15,122,1,0,0,0,0,0,0,0
25.604395,25.615816,81,255,231,255,185,0,15,122,1,0,0,0,0,0,0,0
25.659340,25.675135,81,255,231,255,185,0,15,122,1,0,0,0,0,0,0,0
25.714285,25.734400,80,255,209,255,183,0,28,121,1,0,0,0,0,0,0,0
25.769230,25.793615,79,255,219,255,182,0,30,120,1,0,0,0,0,0,0,0
25.824175,25.853088,79,255,219,255,182,0,30,120,1,0,0,0,0,0,0,0
25.879122,25.912352,79,255,219,255,182,0,30,120,1,0,0,0,0,0,0,0
25.934067,25.971668,79,255,219,255,182,0,30,120,1,0,0,0,0,0,0,0
25.989012,26.031036,79,255,219,255,182,0,30,120,1,0,0,0,0,0,0,0
26.098902,26.090406,77,255,221,255,176,0,46,117,1,0,0,0,0,0,0,0
26.153847,26.149826,77,255,220,255,176,0,45,117,1,0,0,0,0,0,0,0
26.208792,26.209141,77,255,220,255,176,0,45,117,1,0,0,0,0,0,0,0
26.263737,26.268562,77,255,219,255,176,0,50,117,1,0,0,0,0,0,0,0
26.318682,26.328085,77,255,219,255,176,0,50,117,1,0,0,0,0,0,0,0
26.373627,26.387451,77,255,220,255,173,0,63,117,129,0,0,0,0,0,0,0
26.428572,26.447741,77,255,219,255,173,0,69,116,129,0,0,0,0,0,0,0
26.483517,26.507776,77,255,219,255,173,0,69,116,129,0,0,0,0,0,0,0
26.538462,26.567862,77,255,221,255,173,0,69,116,129,0,0,0,0,0,0,0
26.593407,26.628151,77,255,223,255,177,0,84,119,129,0,0,0,0,0,0,0
26.648352,26.687519,78,255,223,255,177,0,84,119,129,0,0,0,0,0,0,0
26.758242,26.748167,79,255,226,255,179,0,94,120,1,0,0,0,0,0,0,0
26.813187,26.807535,79,255,226,255,179,0,94,120,1,0,0,0,0,0,0,0
26.868132,26.866854,79,255,227,255,180,0,99,120,1,0,0,0,0,0,0,0
26.923077,26.926119,79,255,228,255,183,0,104,121,1,0,0,0,0,0,0,0
26.978022,26.986460,80,255,227,255,182,0,106,121,129,0,0,0,0,0,0,0
27.032967,27.045931,80,255,207,255,183,0,106,121,129,0,0,0,0,0,0,0
27.087912,27.105145,80,255,207,255,183,0,110,122,129,0,0,0,0,0,0,0
27.142857,27.164358,80,255,207,255,183,0,110,122,129,0,0,0,0,0,0,0
27.197802,27.223625,80,255,207,255,183,0,110,122,129,0,0,0,0,0,0,0
27.252747,27.282841,82,255,161,255,188,0,122,125,1,0,0,0,0,0,0,0
27.307692,27.343027,82,255,161,255,188,0,122,125,1,0,0,0,0,0,0,0
27.362637,27.402294,82,255,161,255,188,0,122,125,1,0,0,0,0,0,0,0
27.472527,27.461660,82,255,161,255,188,0,122,125,1,0,0,0,0,0,0,0
27.527473,27.520889,82,255,161,255,188,0,122,125,1,0,0,0,0,0,0,0
27.582418,27.580961,84,255,231,255,190,0,123,129,129,0,0,0,0,0,0,0
27.637363,27.641251,84,255,231,255,190,0,123,129,129,0,0,0,0,0,0,0
27.692308,27.700518,84,255,231,255,190,0,123,129,129,0,0,0,0,0,0,0
27.747253,27.759937,84,255,231,255,190,0,123,129,129,0,0,0,0,0,0,0
27.802198,27.819204,86,255,231,255,189,0,123,129,129,0,0,0,0,0,0,0
27.857143,27.879391,86,255,232,255,188,1,123,131,1,0,0,0,0,0,0,0
27.912088,27.938757,87,255,232,255,188,1,123,131,1,0,0,0,0,0,0,0
27.967033,27.998127,87,255,232,255,185,1,123,133,1,0,0,0,0,0,0,0
28.021978,28.057495,88,255,231,255,185,0,123,134,1,0,0,0,0,0,0,0
28.076923,28.117834,89,255,232,255,185,1,123,135,129,0,0,0,0,0,0,0
28.186813,28.177256,89,255,232,255,185,1,123,135,129,0,0,0,0,0,0,0
28.241758,28.236521,89,255,232,255,184,0,123,135,129,0,0,0,0,0,0,0
28.296703,28.295734,89,255,232,255,185,0,122,135,129,0,0,0,0,0,0,0
28.351648,28.355158,89,255,232,255,185,0,122,135,129,0,0,0,0,0,0,0
28.406593,28.414421,89,255,232,255,185,0,122,135,129,0,0,0,0,0,0,0
28.461538,28.473944,89,255,232,255,185,0,122,135,129,0,0,0,0,0,0,0
28.516483,28.533159,89,255,232,255,185,0,122,135,129,0,0,0,0,0,0,0
28.571428,28.592373,89,255,232,255,185,0,122,135,129,0,0,0,0,0,0,0
28.626373,28.651587,89,255,232,255,185,0,122,135,129,0,0,0,0,0,0,0
28.681318,28.710907,89,255,232,255,185,0,122,135,129,0,0,0,0,0,0,0
28.736263,28.770174,89,255,232,255,185,0,122,135,129,0,0,0,0,0,0,0
28.791208,28.829744,89,255,232,255,186,1,90,135,129,0,0,0,0,0,0,0
28.901098,28.889111,88,255,232,255,185,1,87,134,129,0,0,0,0,0,0,0
28.956043,28.948380,88,255,232,255,185,0,84,134,129,0,0,0,0,0,0,0
29.010988,29.007746,87,255,232,255,185,0,84,134,129,0,0,0,0,0,0,0
29.065933,29.068190,87,255,231,255,184,0,74,132,1,0,0,0,0,0,0,0
29.120878,29.127508,87,255,231,255,184,0,74,132,1,0,0,0,0,0,0,0
29.175825,29.187748,86,255,231,255,184,0,74,132,1,0,0,0,0,0,0,0
29.230770,29.248547,86,255,231,255,185,0,65,131,1,0,0,0,0,0,0,0
29.285715,29.309349,86,255,231,255,187,1,54,131,129,0,0,0,0,0,0,0
29.340660,29.369638,86,255,231,255,187,1,54,131,129,0,0,0,0,0,0,0
29.395605,29.429163,86,255,231,255,184,1,52,131,129,0,0,0,0,0,0,0
29.450550,29.488478,86,255,231,255,184,1,52,131,129,0,0,0,0,0,0,0
29.560440,29.547949,86,255,231,255,184,1,52,131,129,0,0,0,0,0,0,0
29.615385,29.607265,86,255,231,255,184,1,52,131,129,0,0,0,0,0,0,0
29.670330,29.666531,86,255,231,255,184,1,52,131,129,0,0,0,0,0,0,0
29.725275,29.725952,86,255,231,255,185,1,33,130,1,0,0,0,0,0,0,0
29.780220,29.786293,86,255,231,255,185,1,33,130,1,0,0,0,0,0,0,0
29.835165,29.845711,86,255,231,255,185,1,33,130,1,0,0,0,0,0,0,0
29.890110,29.905029,85,255,231,255,184,1,23,129,129,0,0,0,0,0,0,0
29.945055,29.965269,85,255,231,255,184,1,23,129,129,0,0,0,0,0,0,0
30.000000,30.024635,84,255,231,255,185,0,11,128,129,0,0,0,0,0,0,0
30.054945,30.083900,84,255,231,255,186,0,6,128,129,0,0,0,0,0,0,0
30.109890,30.143219,85,255,231,255,188,0,1,128,129,0,0,0,0,0,0,0
30.164835,30.203560,85,255,231,255,188,0,1,129,1,0,0,0,0,0,0,0
30.274725,30.263849,85,255,231,255,190,0,0,130,1,0,0,0,0,0,0,0
30.329670,30.323065,85,255,231,255,190,0,0,130,1,0,0,0,0,0,0,0
30.384615,30.382484,84,255,231,255,190,0,0,129,1,0,0,0,0,0,0,0
30.439560,30.441801,84,255,231,255,191,1,0,128,1,0,0,0,0,0,0,0
30.494505,30.501066,84,255,231,255,191,0,0,128,129,0,0,0,0,0,0,0
30.549450,30.561460,84,255,231,255,191,0,0,128,129,0,0,0,0,0,0,0
30.604395,30.620623,84,255,231,255,191,0,0,128,129,0,0,0,0,0,0,0
30.659340,30.679787,84,255,231,255,191,0,0,128,129,0,0,0,0,0,0,0
30.714285,30.739000,84,255,231,255,191,0,0,128,129,0,0,0,0,0,0,0
30.769230,30.798265,84,255,231,255,190,0,0,127,1,0,0,0,0,0,0,0
30.824175,30.858557,84,255,231,255,190,0,0,127,1,0,0,0,0,0,0,0
30.879122,30.917976,83,255,231,255,190,0,0,127,1,0,0,0,0,0,0,0
30.989012,30.977396,83,255,231,255,190,0,0,127,1,0,0,0,0,0,0,0
31.043957,31.036715,83,255,231,255,190,0,0,127,1,0,0,0,0,0,0,0
31.098902,31.096083,83,255,231,255,190,0,0,127,1,0,0,0,0,0,0,0
31.153847,31.155449,83,255,231,255,190,0,0,127,1,0,0,0,0,0,0,0
31.208792,31.214767,82,255,231,255,187,0,0,127,1,0,0,0,0,0,0,0
31.263737,31.275826,82,255,231,255,187,0,5,124,129,0,0,0,0,0,0,0
31.318682,31.336678,81,255,231,255,187,0,6,124,1,0,0,0,0,0,0,0
31.373627,31.396965,81,255,231,255,187,1,8,124,1,0,0,0,0,0,0,0
31.428572,31.456335,81,255,231,255,187,1,8,124,1,0,0,0,0,0,0,0
31.483517,31.515703,81,255,231,255,187,1,8,124,1,0,0,0,0,0,0,0
31.538462,31.575022,80,255,230,255,184,0,17,122,1,0,0,0,0,0,0,0
31.648352,31.634493,80,255,230,255,184,0,17,122,1,0,0,0,0,0,0,0
31.703297,31.693808,79,255,218,255,181,0,21,121,1,0,0,0,0,0,0,0
31.758242,31.754198,79,255,225,255,180,0,24,120,129,0,0,0,0,0,0,0
31.813187,31.813519,79,255,225,255,179,0,26,120,129,0,0,0,0,0,0,0
31.868132,31.872784,79,255,225,255,179,0,26,120,129,0,0,0,0,0,0,0
31.923077,31.932203,79,255,225,255,179,0,26,120,129,0,0,0,0,0,0,0
31.978022,31.991570,77,255,221,255,175,0,38,120,129,0,0,0,0,0,0,0
32.032967,32.051811,77,255,221,255,175,0,38,117,1,0,0,0,0,0,0,0
32.087914,32.111282,77,255,219,255,175,0,38,117,1,0,0,0,0,0,0,0
32.142857,32.170547,77,255,219,255,174,0,48,117,1,0,0,0,0,0,0,0
32.197803,32.229916,76,255,217,255,174,0,51,115,129,0,0,0,0,0,0,0
32.252747,32.291077,75,255,215,255,171,0,54,115,129,0,0,0,0,0,0,0
32.362637,32.350445,75,255,215,255,171,0,54,114,129,0,0,0,0,0,0,0
32.417583,32.409657,75,255,215,255,171,0,54,114,129,0,0,0,0,0,0,0
32.472527,32.469025,75,255,215,255,171,0,54,114,129,0,0,0,0,0,0,0
32.527473,32.528294,75,255,215,255,171,0,54,114,129,0,0,0,0,0,0,0
32.582417,32.588684,75,255,213,255,168,0,61,114,1,0,0,0,0,0,0,0
32.637363,32.648052,75,255,213,255,168,0,61,114,1,0,0,0,0,0,0,0
32.692307,32.707321,75,255,213,255,168,0,61,114,1,0,0,0,0,0,0,0
32.747253,32.766533,75,255,212,255,169,0,78,114,1,0,0,0,0,0,0,0
32.802197,32.826874,75,255,212,255,169,0,78,113,129,0,0,0,0,0,0,0
32.857143,32.886143,75,255,212,255,169,0,78,113,129,0,0,0,0,0,0,0
32.912086,32.945560,74,255,212,255,168,0,86,114,129,0,0,0,0,0,0,0
32.967033,33.004826,75,255,212,255,168,0,86,114,129,0,0,0,0,0,0,0
33.076923,33.065323,75,255,213,255,169,0,87,115,1,0,0,0,0,0,0,0
33.131866,33.124638,75,255,213,255,169,0,87,115,1,0,0,0,0,0,0,0
33.186813,33.183956,76,255,219,255,169,0,87,115,1,0,0,0,0,0,0,0
33.241756,33.244038,76,255,219,255,174,0,87,116,1,0,0,0,0,0,0,0
33.296703,33.305046,77,255,220,255,174,0,94,117,1,0,0,0,0,0,0,0
33.351650,33.366257,77,255,220,255,175,0,97,117,129,0,0,0,0,0,0,0
33.406593,33.425526,77,255,220,255,175,0,97,117,129,0,0,0,0,0,0,0
33.461540,33.484791,77,255,220,255,175,0,97,117,129,0,0,0,0,0,0,0
33.516483,33.544052,77,255,220,255,175,0,97,117,129,0,0,0,0,0,0,0
33.571430,33.603474,78,255,220,255,175,0,97,117,129,0,0,0,0,0,0,0
33.626373,33.663815,78,255,223,255,177,0,110,119,1,0,0,0,0,0,0,0
33.736263,33.723183,78,255,225,255,179,0,114,120,1,0,0,0,0,0,0,0
33.791210,33.782501,78,255,225,255,179,0,114,120,1,0,0,0,0,0,0,0
33.846153,33.841766,78,255,225,255,179,0,114,120,1,0,0,0,0,0,0,0
33.901100,33.901081,78,255,225,255,179,0,114,120,1,0,0,0,0,0,0,0
33.956043,33.960403,78,255,225,255,179,0,114,120,1,0,0,0,0,0,0,0
34.010990,34.019821,78,255,225,255,179,0,114,120,1,0,0,0,0,0,0,0
34.065933,34.079189,82,255,228,255,189,0,123,125,129,0,0,0,0,0,0,0
34.120880,34.139427,82,255,231,255,187,0,122,125,129,0,0,0,0,0,0,0
34.175823,34.198643,82,255,231,255,187,0,122,125,129,0,0,0,0,0,0,0
34.230770,34.258060,82,255,231,255,187,0,122,125,129,0,0,0,0,0,0,0
34.285713,34.318249,82,255,231,255,187,0,122,125,129,0,0,0,0,0,0,0
34.340660,34.379150,83,255,231,255,187,0,122,125,129,0,0,0,0,0,0,0
34.450550,34.440056,83,255,231,255,187,0,122,125,129,0,0,0,0,0,0,0
34.505493,34.500908,83,255,231,255,187,0,122,125,129,0,0,0,0,0,0,0
34.560440,34.561760,83,255,231,255,187,0,122,125,129,0,0,0,0,0,0,0
34.615383,34.622616,84,255,231,255,189,0,123,129,129,0,0,0,0,0,0,0
34.670330,34.683723,85,255,231,255,190,0,123,129,129,0,0,0,0,0,0,0
34.725273,34.744526,85,255,231,255,190,0,123,129,129,0,0,0,0,0,0,0
34.780220,34.805378,85,255,231,255,189,0,120,130,1,0,0,0,0,0,0,0
34.835163,34.867203,85,255,231,255,189,1,120,130,1,0,0,0,0,0,0,0
34.890110,34.927387,85,255,231,255,189,1,107,130,1,0,0,0,0,0,0,0
35.000000,34.986759,85,255,231,255,190,1,106,130,1,0,0,0,0,0,0,0
35.054947,35.046127,86,255,231,255,189,0,101,131,1,0,0,0,0,0,0,0
35.109890,35.106415,86,255,231,255,190,0,100,131,129,0,0,0,0,0,0,0
35.164837,35.165886,86,255,231,255,188,0,100,131,129,0,0,0,0,0,0,0
35.219780,35.225204,86,255,231,255,190,0,94,132,129,0,0,0,0,0,0,0
35.274727,35.284573,87,255,231,255,190,0,94,132,129,0,0,0,0,0,0,0
35.329670,35.343941,87,255,231,255,189,1,86,132,129,0,0,0,0,0,0,0
35.384617,35.403156,87,255,231,255,189,1,86,132,129,0,0,0,0,0,0,0
35.439560,35.462627,86,255,230,255,189,0,72,132,1,0,0,0,0,0,0,0
35.494507,35.522919,86,255,230,255,190,0,67,131,1,0,0,0,0,0,0,0
35.549450,35.582283,86,255,230,255,190,0,55,130,1,0,0,0,0,0,0,0
35.604397,35.641705,86,255,230,255,190,0,55,130,1,0,0,0,0,0,0,0
35.714287,35.701275,84,255,230,255,190,0,42,128,1,0,0,0,0,0,0,0
35.769230,35.760544,84,255,230,255,190,0,42,128,1,0,0,0,0,0,0,0
35.824177,35.820934,84,255,230,255,190,0,32,128,129,0,0,0,0,0,0,0
35.879120,35.881138,84,255,230,255,190,0,32,128,129,0,0,0,0,0,0,0
35.934067,35.940437,84,255,230,255,190,0,32,128,129,0,0,0,0,0,0,0
35.989010,35.999756,84,255,230,255,190,0,32,128,129,0,0,0,0,0,0,0
36.043957,36.059124,84,255,230,255,190,0,32,128,129,0,0,0,0,0,0,0
36.098900,36.118340,84,255,230,255,190,0,32,128,129,0,0,0,0,0,0,0
36.153847,36.177658,84,255,230,255,190,0,32,128,129,0,0,0,0,0,0,0
36.208790,36.236923,84,255,230,255,190,0,32,128,129,0,0,0,0,0,0,0
36.263737,36.296345,84,255,230,255,190,0,32,128,129,0,0,0,0,0,0,0
36.318680,36.355606,84,255,229,255,192,0,0,129,129,0,0,0,0,0,0,0
36.428570,36.414978,84,255,229,255,192,0,0,129,129,0,0,0,0,0,0,0
36.483517,36.475060,84,255,229,255,192,0,0,129,129,0,0,0,0,0,0,0
36.538460,36.535862,85,255,229,255,192,0,0,130,1,0,0,0,0,0,0,0
36.593407,36.597687,85,255,229,255,191,1,0,130,1,0,0,0,0,0,0,0
36.648350,36.658592,86,255,228,255,191,0,0,131,1,0,0,0,0,0,0,0
36.703297,36.718834,86,255,228,255,190,1,0,131,1,0,0,0,0,0,0,0
36.758244,36.778046,86,255,228,255,190,1,0,131,1,0,0,0,0,0,0,0
36.813187,36.837360,86,255,228,255,190,1,0,131,1,0,0,0,0,0,0,0
36.868134,36.896851,86,255,229,255,191,1,0,130,129,0,0,0,0,0,0,0
36.923077,36.957123,86,255,229,255,191,1,0,130,129,0,0,0,0,0,0,0
36.978024,37.016541,85,255,229,255,190,0,0,130,129,0,0,0,0,0,0,0
37.087914,37.076015,85,255,229,255,191,0,0,128,1,0,0,0,0,0,0,0
37.142857,37.136505,84,255,229,255,191,0,1,128,1,0,0,0,0,0,0,0
37.197803,37.195824,84,255,229,255,191,0,1,128,1,0,0,0,0,0,0,0
37.252747,37.255089,84,255,229,255,191,0,1,128,1,0,0,0,0,0,0,0
37.307693,37.314510,84,255,229,255,191,0,1,128,1,0,0,0,0,0,0,0
37.362637,37.373928,84,255,229,255,191,0,1,128,1,0,0,0,0,0,0,0
37.417583,37.433144,85,255,229,255,191,0,1,128,1,0,0,0,0,0,0,0
37.472527,37.493382,85,255,230,255,190,0,0,129,129,0,0,0,0,0,0,0
37.527473,37.552700,84,255,229,255,191,0,0,127,129,0,0,0,0,0,0,0
37.582417,37.612015,83,255,229,255,191,0,0,127,129,0,0,0,0,0,0,0
37.637363,37.673126,83,255,229,255,191,0,0,126,1,0,0,0,0,0,0,0
37.747253,37.732697,82,255,230,255,189,0,3,125,1,0,0,0,0,0,0,0
37.802197,37.791912,82,255,230,255,188,0,9,124,1,0,0,0,0,0,0,0
37.857143,37.851383,82,255,230,255,188,0,9,124,1,0,0,0,0,0,0,0
37.912086,37.910652,82,255,230,255,188,0,9,124,1,0,0,0,0,0,0,0
37.967033,37.969917,80,255,230,255,184,0,15,121,1,0,0,0,0,0,0,0
38.021976,38.030254,79,255,217,255,183,0,14,121,129,0,0,0,0,0,0,0
38.076923,38.089420,79,255,217,255,183,0,14,121,129,0,0,0,0,0,0,0
38.131866,38.148636,79,255,217,255,183,0,14,121,129,0,0,0,0,0,0,0
38.186813,38.207851,79,255,217,255,183,0,14,121,129,0,0,0,0,0,0,0
38.241756,38.267117,78,255,223,255,177,0,16,121,129,0,0,0,0,0,0,0
38.296703,38.327404,77,255,223,255,177,0,16,118,1,0,0,0,0,0,0,0
38.351650,38.386723,77,255,220,255,175,0,20,117,1,0,0,0,0,0,0,0
38.461540,38.446091,77,255,219,255,174,0,28,116,1,0,0,0,0,0,0,0
38.516483,38.505356,76,255,217,255,171,0,31,115,129,0,0,0,0,0,0,0
38.571430,38.565647,76,255,217,255,171,0,31,115,129,0,0,0,0,0,0,0
38.626373,38.624962,76,255,217,255,171,0,31,115,129,0,0,0,0,0,0,0
38.681320,38.684387,76,255,217,255,171,0,31,115,129,0,0,0,0,0,0,0
38.736263,38.743855,76,255,217,255,171,0,31,115,129,0,0,0,0,0,0,0
38.791210,38.803223,75,255,217,255,171,0,31,115,129,0,0,0,0,0,0,0
38.846153,38.863510,75,255,215,255,171,0,39,115,1,0,0,0,0,0,0,0
38.901100,38.922779,75,255,216,255,171,0,44,115,1,0,0,0,0,0,0,0
38.956043,38.982098,76,255,217,255,171,0,44,115,1,0,0,0,0,0,0,0
39.010990,39.041466,76,255,217,255,171,0,48,116,1,0,0,0,0,0,0,0
39.065933,39.100937,76,255,217,255,172,0,49,116,129,0,0,0,0,0,0,0
39.175823,39.161324,76,255,217,255,172,0,49,116,129,0,0,0,0,0,0,0
39.230770,39.220695,76,255,217,255,173,0,53,115,129,0,0,0,0,0,0,0
39.285713,39.279961,76,255,215,255,173,0,53,115,129,0,0,0,0,0,0,0
39.340660,39.339279,76,255,216,255,171,0,57,115,129,0,0,0,0,0,0,0
39.395603,39.398544,76,255,216,255,171,0,57,115,129,0,0,0,0,0,0,0
39.450550,39.457859,75,255,216,255,171,0,58,115,1,0,0,0,0,0,0,0
39.505493,39.518101,76,255,217,255,172,0,60,116,1,0,0,0,0,0,0,0
39.560440,39.577419,76,255,218,255,174,0,62,116,1,0,0,0,0,0,0,0
39.615383,39.636684,76,255,218,255,173,0,63,116,1,0,0,0,0,0,0,0
39.670330,39.696053,76,255,218,255,173,0,63,116,1,0,0,0,0,0,0,0
39.725273,39.755264,76,255,218,255,173,0,63,116,1,0,0,0,0,0,0,0
39.780220,39.814686,76,255,218,255,173,0,63,116,1,0,0,0,0,0,0,0
39.890110,39.874157,77,255,221,255,175,0,73,118,129,0,0,0,0,0,0,0
39.945053,39.934448,77,255,222,255,176,0,74,118,129,0,0,0,0,0,0,0
40.000000,39.994686,77,255,222,255,176,0,76,118,1,0,0,0,0,0,0,0
40.054947,40.054001,77,255,222,255,176,0,76,118,1,0,0,0,0,0,0,0
40.109890,40.113270,77,255,222,255,176,0,76,118,1,0,0,0,0,0,0,0
40.164837,40.172737,78,255,223,255,178,0,83,119,1,0,0,0,0,0,0,0
40.219780,40.232006,78,255,224,255,178,0,84,119,1,0,0,0,0,0,0,0
40.274727,40.291477,78,255,225,255,179,0,87,120,129,0,0,0,0,0,0,0
40.329670,40.351814,79,255,225,255,179,0,87,120,129,0,0,0,0,0,0,0
40.384617,40.411083,79,255,227,255,180,0,90,120,129,0,0,0,0,0,0,0
40.439560,40.470402,79,255,227,255,180,0,89,120,129,0,0,0,0,0,0,0
40.494507,40.529922,79,255,226,255,180,0,89,120,129,0,0,0,0,0,0,0
40.604397,40.590313,79,255,226,255,182,0,89,121,1,0,0,0,0,0,0,0
40.659340,40.649632,80,255,212,255,181,0,89,121,1,0,0,0,0,0,0,0
40.714287,40.708950,80,255,212,255,181,0,89,121,1,0,0,0,0,0,0,0
40.769230,40.768265,80,255,212,255,181,0,89,121,1,0,0,0,0,0,0,0
40.824177,40.827530,80,255,212,255,181,0,89,121,1,0,0,0,0,0,0,0
40.879120,40.887001,80,255,212,255,181,0,89,121,1,0,0,0,0,0,0,0
40.934067,40.946270,80,255,212,255,181,0,89,121,1,0,0,0,0,0,0,0
40.989010,41.005486,80,255,47,255,185,0,81,122,129,0,0,0,0,0,0,0
41.043957,41.065670,80,255,47,255,184,0,79,122,129,0,0,0,0,0,0,0
41.098900,41.124886,80,255,47,255,184,0,79,122,129,0,0,0,0,0,0,0
41.153847,41.183998,80,255,47,255,184,0,79,122,129,0,0,0,0,0,0,0
41.208790,41.243263,80,255,47,255,184,0,79,122,129,0,0,0,0,0,0,0
41.318680,41.302631,81,255,15,255,184,0,79,122,129,0,0,0,0,0,0,0
41.373627,41.362720,81,255,15,108,187,1,67,123,1,0,0,0,0,0,0,0
41.428570,41.421726,81,255,15,125,187,1,66,123,129,0,0,0,0,0,0,0
41.483517,41.481709,81,255,15,125,187,1,66,123,129,0,0,0,0,0,0,0
41.538460,41.540668,81,255,15,125,187,1,66,123,129,0,0,0,0,0,0,0
41.593407,41.600040,81,255,189,125,187,1,66,123,129,0,0,0,0,0,0,0
41.648350,41.660072,81,255,209,255,185,0,54,123,129,0,0,0,0,0,0,0
41.703297,41.721844,81,255,209,255,185,0,54,124,1,0,0,0,0,0,0,0
41.758244,41.782696,81,255,229,255,186,0,52,124,1,0,0,0,0,0,0,0
41.813187,41.842834,81,255,229,255,186,0,52,124,1,0,0,0,0,0,0,0
41.868134,41.902302,81,255,231,255,186,0,52,123,1,0,0,0,0,0,0,0
41.978024,41.961723,81,255,231,255,185,0,51,123,1,0,0,0,0,0,0,0
42.032967,42.020988,81,255,231,255,185,0,49,124,129,0,0,0,0,0,0,0
42.087914,42.081432,81,255,231,255,186,0,46,124,129,0,0,0,0,0,0,0
42.142857,42.140854,81,255,231,255,186,0,46,124,129,0,0,0,0,0,0,0
42.197803,42.200119,81,255,231,255,187,0,46,124,129,0,0,0,0,0,0,0
42.252747,42.259537,81,255,231,255,187,0,46,124,129,0,0,0,0,0,0,0
42.307693,42.318802,81,255,231,255,187,0,46,124,129,0,0,0,0,0,0,0
42.362637,42.378017,81,255,231,255,187,0,46,124,129,0,0,0,0,0,0,0
42.417583,42.437283,81,255,231,255,185,0,43,123,129,0,0,0,0,0,0,0
42.472527,42.497524,81,255,231,255,185,0,43,123,1,0,0,0,0,0,0,0
42.527473,42.556889,81,255,231,255,186,1,43,123,1,0,0,0,0,0,0,0
42.582417,42.617233,81,255,231,255,186,1,43,123,129,0,0,0,0,0,0,0
42.692307,42.676601,81,255,231,255,186,0,43,123,129,0,0,0,0,0,0,0
42.747253,42.735920,81,255,231,255,186,0,43,123,129,0,0,0,0,0,0,0
42.802197,42.795952,81,255,231,255,186,0,43,123,129,0,0,0,0,0,0,0
42.857143,42.855423,81,255,231,255,186,0,43,123,129,0,0,0,0,0,0,0
42.912086,42.914688,81,255,231,255,186,0,43,123,129,0,0,0,0,0,0,0
42.967033,42.974056,81,255,231,255,186,0,43,123,129,0,0,0,0,0,0,0
43.021976,43.033272,81,255,231,255,186,0,43,123,129,0,0,0,0,0,0,0
43.076923,43.092640,81,255,231,255,186,0,43,123,129,0,0,0,0,0,0,0
43.131866,43.151855,81,255,231,255,186,0,43,123,129,0,0,0,0,0,0,0
43.186813,43.211376,81,255,231,255,186,0,43,123,129,0,0,0,0,0,0,0
43.241756,43.270641,81,255,231,255,186,0,43,123,129,0,0,0,0,0,0,0
43.296703,43.330215,80,255,68,255,182,0,43,123,129,0,0,0,0,0,0,0
43.406593,43.389484,80,255,69,255,184,0,38,121,129,0,0,0,0,0,0,0
43.461540,43.448750,80,255,69,255,183,0,39,121,1,0,0,0,0,0,0,0
43.516483,43.508934,80,255,69,255,183,0,39,121,1,0,0,0,0,0,0,0
43.571430,43.568249,80,255,69,255,183,0,39,121,1,0,0,0,0,0,0,0
43.626373,43.627415,80,255,69,255,184,0,43,122,1,0,0,0,0,0,0,0
43.681320,43.687401,80,255,69,255,184,0,45,122,1,0,0,0,0,0,0,0
43.736263,43.748199,80,255,70,255,184,0,45,122,1,0,0,0,0,0,0,0
43.791210,43.809155,80,255,70,255,184,0,46,122,129,0,0,0,0,0,0,0
43.846153,43.868370,80,255,70,255,184,0,46,122,129,0,0,0,0,0,0,0
43.901100,43.927483,80,255,70,255,183,0,40,121,129,0,0,0,0,0,0,0
43.956043,43.986797,80,255,70,255,183,0,40,121,129,0,0,0,0,0,0,0
44.010990,44.046066,80,255,70,255,183,0,40,121,129,0,0,0,0,0,0,0
44.120880,44.105331,79,255,189,255,182,0,40,121,129,0,0,0,0,0,0,0
44.175823,44.165619,79,255,189,255,182,0,32,120,1,0,0,0,0,0,0,0
44.230770,44.224937,79,255,221,255,179,0,32,120,1,0,0,0,0,0,0,0
44.285713,44.284252,79,255,226,255,180,0,38,120,1,0,0,0,0,0,0,0
44.340660,44.344696,79,255,226,255,180,0,38,120,129,0,0,0,0,0,0,0
44.395603,44.404015,79,255,226,255,180,0,38,120,129,0,0,0,0,0,0,0
44.450550,44.463333,79,255,226,255,180,0,38,120,129,0,0,0,0,0,0,0
44.505493,44.522495,79,255,226,255,180,0,38,120,129,0,0,0,0,0,0,0
44.560440,44.581764,79,255,226,255,180,0,41,120,129,0,0,0,0,0,0,0
44.615383,44.642101,79,255,226,255,179,0,40,119,1,0,0,0,0,0,0,0
44.670330,44.701572,78,255,225,255,179,0,41,119,1,0,0,0,0,0,0,0
44.780220,44.761868,78,255,225,255,179,0,41,119,1,0,0,0,0,0,0,0
44.835163,44.822769,78,255,223,255,177,0,40,119,1,0,0,0,0,0,0,0
44.890110,44.882084,78,255,223,255,177,0,40,119,1,0,0,0,0,0,0,0
44.945053,44.941402,78,255,223,255,178,0,43,118,129,0,0,0,0,0,0,0
45.000000,45.001793,78,255,223,255,178,0,43,118,129,0,0,0,0,0,0,0
45.054947,45.061367,78,255,223,255,177,0,37,118,129,0,0,0,0,0,0,0
45.109890,45.120686,78,255,223,255,177,0,37,118,129,0,0,0,0,0,0,0
45.164837,45.179951,78,255,223,255,177,0,37,118,129,0,0,0,0,0,0,0
45.219780,45.239113,78,255,223,255,177,0,37,118,129,0,0,0,0,0,0,0
45.274727,45.298382,78,255,223,255,177,0,37,118,129,0,0,0,0,0,0,0
45.329670,45.357853,78,255,222,255,177,0,42,118,129,0,0,0,0,0,0,0
45.384617,45.418190,78,255,222,255,177,0,42,118,1,0,0,0,0,0,0,0
45.494507,45.477608,78,255,222,255,177,0,42,118,1,0,0,0,0,0,0,0
45.549450,45.536930,78,255,222,255,177,0,42,118,1,0,0,0,0,0,0,0
45.604397,45.596195,78,255,222,255,177,0,42,118,1,0,0,0,0,0,0,0
45.659340,45.655411,78,255,222,255,177,0,42,118,1,0,0,0,0,0,0,0
45.714287,45.714725,78,255,222,255,177,0,42,118,1,0,0,0,0,0,0,0
45.769230,45.774757,78,255,222,255,177,0,42,118,1,0,0,0,0,0,0,0
45.824177,45.834793,78,255,222,255,177,0,42,118,1,0,0,0,0,0,0,0
45.879120,45.895748,78,255,225,255,179,0,46,120,1,0,0,0,0,0,0,0
45.934067,45.956654,78,255,225,255,179,0,45,119,1,0,0,0,0,0,0,0
45.989010,46.017452,78,255,225,255,179,0,45,119,1,0,0,0,0,0,0,0
46.043957,46.078308,78,255,225,255,179,0,45,119,1,0,0,0,0,0,0,0
46.153847,46.139259,78,255,225,255,179,0,45,119,1,0,0,0,0,0,0,0
46.208790,46.200115,78,255,225,255,179,0,45,119,1,0,0,0,0,0,0,0
46.263737,46.261120,78,255,225,255,179,0,45,119,1,0,0,0,0,0,0,0
46.318680,46.322021,78,255,225,255,179,0,45,119,1,0,0,0,0,0,0,0
46.373627,46.382927,78,255,225,255,179,0,45,119,1,0,0,0,0,0,0,0
46.428570,46.443729,78,255,225,255,179,0,45,119,1,0,0,0,0,0,0,0
46.483517,46.504631,78,255,224,255,178,0,51,119,1,0,0,0,0,0,0,0
46.538460,46.565487,78,255,224,255,178,0,51,119,1,0,0,0,0,0,0,0
46.593407,46.626438,78,255,224,255,178,0,51,119,1,0,0,0,0,0,0,0
46.703297,46.687290,78,255,226,255,179,0,41,119,1,0,0,0,0,0,0,0
46.758244,46.749115,79,255,226,255,179,0,41,120,129,0,0,0,0,0,0,0
46.813187,46.809357,79,255,227,255,182,0,41,120,129,0,0,0,0,0,0,0
46.868134,46.868622,79,255,227,255,180,0,42,120,1,0,0,0,0,0,0,0
46.923077,46.929016,79,255,227,255,182,0,42,121,1,0,0,0,0,0,0,0
46.978024,46.988380,79,255,227,255,180,0,42,120,1,0,0,0,0,0,0,0
47.032967,47.047600,79,255,227,255,180,0,42,120,1,0,0,0,0,0,0,0
47.087914,47.106762,79,255,226,255,180,0,42,120,1,0,0,0,0,0,0,0
47.142857,47.166283,79,255,226,255,180,0,42,120,129,0,0,0,0,0,0,0
47.197803,47.226521,78,255,225,255,180,0,44,119,129,0,0,0,0,0,0,0
47.252747,47.285942,78,255,225,255,180,0,44,119,129,0,0,0,0,0,0,0
47.362637,47.345310,78,255,225,255,180,0,44,119,129,0,0,0,0,0,0,0
47.417583,47.404522,78,255,225,255,180,0,44,119,129,0,0,0,0,0,0,0
47.472527,47.463791,78,255,225,255,180,0,44,119,129,0,0,0,0,0,0,0
47.527473,47.523209,77,255,221,255,177,0,59,117,1,0,0,0,0,0,0,0
47.582417,47.583447,77,255,222,255,176,0,59,117,1,0,0,0,0,0,0,0
47.637363,47.642765,78,255,222,255,176,0,63,118,1,0,0,0,0,0,0,0
47.692307,47.701981,78,255,224,255,178,0,63,119,1,0,0,0,0,0,0,0
47.747253,47.762989,78,255,224,255,180,0,60,119,129,0,0,0,0,0,0,0
47.802197,47.822201,78,255,224,255,180,0,60,119,129,0,0,0,0,0,0,0
47.857143,47.881466,78,255,224,255,180,0,60,119,129,0,0,0,0,0,0,0
47.912086,47.940937,78,255,224,255,179,0,64,119,129,0,0,0,0,0,0,0
47.967033,48.000408,78,255,224,255,179,0,64,119,129,0,0,0,0,0,0,0
48.076923,48.060802,78,255,224,255,177,0,66,119,1,0,0,0,0,0,0,0
48.131866,48.120068,78,255,224,255,178,0,62,119,1,0,0,0,0,0,0,0
48.186813,48.179489,78,255,224,255,178,0,61,119,1,0,0,0,0,0,0,0
48.241756,48.238701,78,255,223,255,177,0,62,118,1,0,0,0,0,0,0,0
48.296703,48.298069,78,255,223,255,177,0,62,118,1,0,0,0,0,0,0,0
48.351650,48.358410,78,255,223,255,177,0,65,118,129,0,0,0,0,0,0,0
48.406593,48.417679,78,255,222,255,177,0,66,118,129,0,0,0,0,0,0,0
48.461540,48.476940,78,255,223,255,177,0,67,119,129,0,0,0,0,0,0,0
48.516483,48.536209,78,255,223,255,177,0,67,119,129,0,0,0,0,0,0,0
48.571430,48.595627,78,255,223,255,177,0,67,119,129,0,0,0,0,0,0,0
48.626373,48.655098,78,255,225,255,177,0,64,119,1,0,0,0,0,0,0,0
48.681320,48.715595,78,255,225,255,177,0,64,119,1,0,0,0,0,0,0,0
48.791210,48.774960,78,255,225,255,177,0,64,119,1,0,0,0,0,0,0,0
48.846153,48.834278,78,255,225,255,177,0,64,119,1,0,0,0,0,0,0,0
48.901100,48.893597,78,255,225,255,177,0,64,119,1,0,0,0,0,0,0,0
48.956043,48.952911,78,255,225,255,177,0,64,119,1,0,0,0,0,0,0,0
49.010990,49.012280,78,255,225,255,177,0,64,119,1,0,0,0,0,0,0,0
49.065933,49.071701,78,255,225,255,177,0,64,119,1,0,0,0,0,0,0,0
49.120880,49.132042,78,255,224,255,178,0,60,119,129,0,0,0,0,0,0,0
49.175823,49.191311,78,255,224,255,178,0,60,119,129,0,0,0,0,0,0,0
49.230770,49.250523,78,255,224,255,178,0,60,119,129,0,0,0,0,0,0,0
49.285713,49.309738,79,255,228,255,183,0,66,119,129,0,0,0,0,0,0,0
49.340660,49.370079,80,255,227,255,181,0,63,121,1,0,0,0,0,0,0,0
49.395603,49.429447,80,255,227,255,181,0,63,121,1,0,0,0,0,0,0,0
49.505493,49.488815,79,255,217,255,181,0,57,121,129,0,0,0,0,0,0,0
49.560440,49.549206,79,255,217,255,181,0,57,121,129,0,0,0,0,0,0,0
49.615383,49.608574,79,255,217,255,181,0,57,121,129,0,0,0,0,0,0,0
49.670330,49.668556,79,255,217,255,181,0,57,121,129,0,0,0,0,0,0,0
49.725273,49.729717,79,255,225,255,180,0,56,120,129,0,0,0,0,0,0,0
49.780220,49.791492,78,255,225,255,180,0,58,119,1,0,0,0,0,0,0,0
49.835163,49.852448,78,255,224,255,178,0,58,119,1,0,0,0,0,0,0,0
49.890110,49.911713,78,255,224,255,178,0,58,119,1,0,0,0,0,0,0,0
49.945053,49.971130,78,255,224,255,177,0,53,119,1,0,0,0,0,0,0,0
50.000000,50.030499,78,255,224,255,177,0,53,119,1,0,0,0,0,0,0,0
50.109890,50.089920,78,255,224,255,177,0,53,119,1,0,0,0,0,0,0,0
50.164837,50.149235,78,255,224,255,177,0,53,119,1,0,0,0,0,0,0,0
50.219780,50.209526,78,255,223,255,177,0,46,119,129,0,0,0,0,0,0,0
50.274727,50.268948,78,255,223,255,177,0,41,118,129,0,0,0,0,0,0,0
50.329670,50.328262,78,255,223,255,177,0,41,118,129,0,0,0,0,0,0,0
50.384617,50.387684,78,255,223,255,177,0,41,118,129,0,0,0,0,0,0,0
50.439560,50.447105,79,255,226,255,180,0,39,120,1,0,0,0,0,0,0,0
50.494507,50.507343,79,255,226,255,179,0,39,120,1,0,0,0,0,0,0,0
50.549450,50.566761,79,255,226,255,179,0,36,120,1,0,0,0,0,0,0,0
50.604397,50.626026,79,255,227,255,180,0,26,120,129,0,0,0,0,0,0,0
50.659340,50.686264,79,255,227,255,181,0,23,121,129,0,0,0,0,0,0,0
50.714287,50.745735,79,255,228,255,181,0,19,121,129,0,0,0,0,0,0,0
50.824177,50.805874,79,255,228,255,183,0,19,121,129,0,0,0,0,0,0,0
50.879120,50.865086,79,255,225,255,183,0,22,121,129,0,0,0,0,0,0,0
50.934067,50.924454,79,255,225,255,183,0,22,121,129,0,0,0,0,0,0,0
50.989010,50.983772,79,255,227,255,181,0,28,121,129,0,0,0,0,0,0,0
51.043957,51.044010,79,255,226,255,179,0,29,120,1,0,0,0,0,0,0,0
51.098900,51.103432,78,255,225,255,179,0,33,119,1,0,0,0,0,0,0,0
51.153847,51.162594,78,255,225,255,179,0,33,119,1,0,0,0,0,0,0,0
51.208790,51.221962,77,255,219,255,174,0,37,117,129,0,0,0,0,0,0,0
51.263737,51.282204,77,255,218,255,174,0,35,116,129,0,0,0,0,0,0,0
51.318680,51.341465,77,255,218,255,174,0,35,116,129,0,0,0,0,0,0,0
51.373627,51.400730,75,255,216,255,172,0,36,115,129,0,0,0,0,0,0,0
51.428570,51.460205,75,255,216,255,172,0,36,115,129,0,0,0,0,0,0,0
51.538460,51.519623,76,255,216,255,172,0,36,115,129,0,0,0,0,0,0,0
51.593407,51.580116,76,255,217,255,172,0,28,116,1,0,0,0,0,0,0,0
51.648350,51.639435,76,255,217,255,173,0,31,116,1,0,0,0,0,0,0,0
51.703297,51.698803,76,255,216,251,172,0,34,115,1,0,0,0,0,0,0,0
51.758244,51.758072,76,255,216,255,171,0,38,115,1,0,0,0,0,0,0,0
51.813187,51.818562,75,255,216,255,171,0,38,115,129,0,0,0,0,0,0,0
51.868134,51.877934,75,255,214,255,170,0,41,114,129,0,0,0,0,0,0,0
51.923077,51.937195,75,255,214,255,170,0,41,114,129,0,0,0,0,0,0,0
51.978024,51.996410,75,255,213,255,169,0,38,114,129,0,0,0,0,0,0,0
52.032967,52.055832,75,255,212,255,168,0,37,114,129,0,0,0,0,0,0,0
52.087914,52.116226,74,255,211,255,168,0,39,113,1,0,0,0,0,0,0,0
52.142857,52.175644,74,255,211,255,168,0,39,113,1,0,0,0,0,0,0,0
52.252747,52.235115,74,255,211,255,168,0,39,113,1,0,0,0,0,0,0,0
52.307693,52.294331,75,255,213,255,170,0,36,114,1,0,0,0,0,0,0,0
52.362637,52.353596,75,255,213,255,170,0,36,114,1,0,0,0,0,0,0,0
52.417583,52.413063,75,255,213,255,170,0,36,114,1,0,0,0,0,0,0,0
52.472527,52.472435,75,255,213,255,170,0,36,114,1,0,0,0,0,0,0,0
52.527473,52.531803,75,255,213,255,170,0,36,114,1,0,0,0,0,0,0,0
52.582417,52.591015,75,255,213,255,170,0,36,114,1,0,0,0,0,0,0,0
52.637363,52.650230,74,255,213,255,170,0,36,114,1,0,0,0,0,0,0,0
52.692307,52.709446,74,255,213,255,170,0,36,114,1,0,0,0,0,0,0,0
52.747253,52.768818,255,255,213,255,170,0,36,114,1,0,0,0,0,0,0,0
52.802197,52.828079,255,255,213,255,170,0,36,114,1,0,0,0,0,0,0,0
52.857143,52.888317,255,255,213,255,170,0,36,114,1,0,0,0,0,0,0,0
52.967033,52.949276,255,255,213,255,170,0,36,114,1,0,0,0,0,0,0,0
53.021976,53.010075,255,255,213,255,170,0,36,114,1,0,0,0,0,0,0,0
53.076923,53.070877,255,255,213,255,170,0,36,114,1,0,0,0,0,0,0,0
53.131866,53.131729,81,255,213,255,170,0,36,114,1,0,0,0,0,0,0,0
53.186813,53.192837,81,255,213,255,170,0,36,114,1,0,0,0,0,0,0,0
53.241756,53.253742,81,255,213,255,170,0,36,114,1,0,0,0,0,0,0,0
53.296703,53.314594,255,255,224,255,147,0,36,114,1,0,0,0,0,0,0,0
53.351650,53.375397,255,255,224,255,147,0,36,114,1,0,0,0,0,0,0,0
53.406593,53.436249,255,255,224,255,147,0,36,114,1,0,0,0,0,0,0,0
53.516483,53.497154,255,255,224,255,147,0,36,114,1,0,0,0,0,0,0,0
53.571430,53.558006,255,255,224,255,147,0,36,114,1,0,0,0,0,0,0,0
53.626373,53.618958,255,255,224,255,147,0,36,114,1,0,0,0,0,0,0,0
53.681320,53.679775,255,255,224,255,147,0,36,114,1,0,0,0,0,0,0,0
53.736263,53.740665,128,255,224,255,147,0,36,114,1,0,0,0,0,0,0,0
53.791210,53.801464,128,255,224,255,147,0,36,114,1,0,0,0,0,0,0,0
53.846153,53.862370,128,255,224,255,147,0,36,114,1,0,0,0,0,0,0,0
53.901100,53.923225,128,255,224,255,147,0,36,114,1,0,0,0,0,0,0,0
53.956043,53.984127,160,255,212,255,165,0,76,113,1,0,0,0,0,0,0,0
54.065933,54.045033,74,255,212,255,165,0,76,113,1,0,0,0,0,0,0,0
54.120880,54.105885,248,255,214,255,167,0,66,114,1,0,0,0,0,0,0,0
54.175823,54.166687,75,255,213,255,170,0,65,114,1,0,0,0,0,0,0,0
54.230770,54.225899,75,255,213,255,170,0,65,114,1,0,0,0,0,0,0,0
54.285713,54.285267,75,255,214,255,170,0,62,115,1,0,0,0,0,0,0,0
54.340660,54.344742,75,255,214,255,170,0,62,115,1,0,0,0,0,0,0,0
54.395603,54.403954,75,255,214,255,169,0,66,115,129,0,0,0,0,0,0,0
54.450550,54.464245,75,255,214,255,169,0,66,115,129,0,0,0,0,0,0,0
54.505493,54.523510,75,255,214,255,169,0,73,115,129,0,0,0,0,0,0,0
54.560440,54.582825,75,255,215,255,171,0,75,115,1,0,0,0,0,0,0,0
54.615383,54.643269,75,255,215,255,171,0,75,115,1,0,0,0,0,0,0,0
54.670330,54.702690,75,255,215,255,171,0,75,115,1,0,0,0,0,0,0,0
54.780220,54.762108,77,255,215,255,171,0,75,115,1,0,0,0,0,0,0,0
54.835163,54.821480,77,255,219,255,175,0,76,117,1,0,0,0,0,0,0,0
54.890110,54.880795,77,255,220,255,176,0,75,117,129,0,0,0,0,0,0,0
54.945053,54.941135,77,255,221,255,177,0,72,117,129,0,0,0,0,0,0,0
55.000000,55.000706,77,255,221,255,177,0,72,117,129,0,0,0,0,0,0,0
55.054947,55.060028,77,255,221,255,176,0,72,117,129,0,0,0,0,0,0,0
55.109890,55.120163,77,255,221,255,176,0,72,117,129,0,0,0,0,0,0,0
55.164837,55.179482,77,255,220,255,175,0,71,117,1,0,0,0,0,0,0,0
55.219780,55.239819,77,255,220,255,175,0,71,117,1,0,0,0,0,0,0,0
55.274727,55.299191,77,255,220,255,176,0,72,117,1,0,0,0,0,0,0,0
55.329670,55.358658,77,255,220,255,176,0,72,117,1,0,0,0,0,0,0,0
55.439560,55.418076,77,255,220,255,176,0,74,117,1,0,0,0,0,0,0,0
55.494507,55.477448,77,255,221,255,176,0,74,118,129,0,0,0,0,0,0,0
55.549450,55.537991,77,255,221,255,175,0,74,118,129,0,0,0,0,0,0,0
55.604397,55.597412,77,255,221,255,175,0,71,118,129,0,0,0,0,0,0,0
55.659340,55.656933,77,255,222,255,178,0,66,118,129,0,0,0,0,0,0,0
55.714287,55.716354,78,255,223,255,178,0,66,118,129,0,0,0,0,0,0,0
55.769230,55.776646,78,255,223,255,178,0,58,119,1,0,0,0,0,0,0,0
55.824177,55.836010,78,255,224,255,178,0,53,119,1,0,0,0,0,0,0,0
55.879120,55.895226,78,255,224,255,178,0,53,119,1,0,0,0,0,0,0,0
55.934067,55.954594,78,255,223,255,179,0,50,119,1,0,0,0,0,0,0,0
55.989010,56.013912,78,255,223,255,179,0,50,119,1,0,0,0,0,0,0,0
56.043957,56.073383,78,255,223,255,179,0,50,119,1,0,0,0,0,0,0,0
56.153847,56.132854,78,255,223,255,179,0,50,119,1,0,0,0,0,0,0,0
56.208790,56.193245,78,255,223,255,178,0,42,118,129,0,0,0,0,0,0,0
56.263737,56.252613,77,255,221,255,177,0,38,118,129,0,0,0,0,0,0,0
56.318680,56.312084,77,255,221,255,176,0,36,118,129,0,0,0,0,0,0,0
56.373627,56.372475,77,255,221,255,177,0,32,117,1,0,0,0,0,0,0,0
56.428570,56.431847,77,255,221,255,177,0,32,117,1,0,0,0,0,0,0,0
56.483517,56.491211,78,255,224,255,178,0,25,119,1,0,0,0,0,0,0,0
56.538460,56.550632,78,255,224,255,178,0,26,119,1,0,0,0,0,0,0,0
56.593407,56.609901,78,255,224,255,178,0,26,119,1,0,0,0,0,0,0,0
56.648350,56.669319,78,255,224,255,178,0,26,119,1,0,0,0,0,0,0,0
56.703297,56.728634,78,255,223,255,178,0,26,118,129,0,0,0,0,0,0,0
56.758244,56.789028,78,255,223,255,178,0,26,118,129,0,0,0,0,0,0,0
56.868134,56.848549,78,255,223,255,178,0,26,118,129,0,0,0,0,0,0,0
56.923077,56.907970,77,255,223,255,177,0,26,118,1,0,0,0,0,0,0,0
56.978024,56.968361,77,255,222,255,176,0,27,118,1,0,0,0,0,0,0,0
57.032967,57.027729,77,255,222,255,176,0,27,118,1,0,0,0,0,0,0,0
57.087914,57.087250,77,255,222,255,176,0,27,118,1,0,0,0,0,0,0,0
57.142857,57.146568,77,255,222,255,176,0,27,118,1,0,0,0,0,0,0,0
57.197803,57.205936,77,255,222,255,176,0,27,118,1,0,0,0,0,0,0,0
57.252747,57.265354,76,255,218,255,173,0,26,116,129,0,0,0,0,0,0,0
57.307693,57.325798,76,255,217,255,173,0,23,116,129,0,0,0,0,0,0,0
57.362637,57.385117,76,255,217,255,173,0,25,116,129,0,0,0,0,0,0,0
57.417583,57.444641,76,255,217,255,173,0,25,116,129,0,0,0,0,0,0,0
57.527473,57.504128,76,255,217,255,173,0,25,116,129,0,0,0,0,0,0,0
57.582417,57.563580,76,255,215,255,173,0,25,116,129,0,0,0,0,0,0,0
57.637363,57.624023,76,255,215,255,171,0,29,115,1,0,0,0,0,0,0,0
57.692307,57.683441,76,255,215,255,171,0,29,115,1,0,0,0,0,0,0,0
57.747253,57.742760,75,255,215,255,172,0,29,115,1,0,0,0,0,0,0,0
57.802197,57.803204,75,255,215,255,172,0,26,115,129,0,0,0,0,0,0,0
57.857143,57.862572,75,255,215,255,172,0,26,115,129,0,0,0,0,0,0,0
57.912086,57.921837,75,255,215,255,172,0,26,115,129,0,0,0,0,0,0,0
57.967033,57.981308,75,255,215,255,172,0,27,115,129,0,0,0,0,0,0,0
58.021976,58.040676,75,255,215,255,172,0,27,115,129,0,0,0,0,0,0,0
58.076923,58.099941,75,255,214,255,170,0,27,114,1,0,0,0,0,0,0,0
58.131866,58.160385,75,255,214,255,170,0,27,114,1,0,0,0,0,0,0,0
58.241756,58.220062,75,255,212,255,168,0,33,114,1,0,0,0,0,0,0,0
58.296703,58.279327,75,255,212,255,168,0,33,113,1,0,0,0,0,0,0,0
58.351650,58.338795,75,255,212,255,168,0,33,113,1,0,0,0,0,0,0,0
58.406593,58.398064,128,255,212,255,167,0,38,113,1,0,0,0,0,0,0,0
58.461540,58.457382,255,255,212,255,167,0,38,113,1,0,0,0,0,0,0,0
58.516483,58.517773,255,255,212,255,163,0,41,118,129,0,0,0,0,0,0,0
58.571430,58.577141,80,255,213,255,168,0,42,113,129,0,0,0,0,0,0,0
58.626373,58.636406,74,255,211,255,168,0,46,113,129,0,0,0,0,0,0,0
58.681320,58.695675,74,255,211,255,168,0,46,113,129,0,0,0,0,0,0,0
58.736263,58.754993,74,255,211,255,168,0,46,113,129,0,0,0,0,0,0,0
58.791210,58.814411,74,255,211,255,168,0,46,113,129,0,0,0,0,0,0,0
58.846153,58.873779,74,255,211,255,168,0,46,113,129,0,0,0,0,0,0,0
58.956043,58.933250,74,255,211,255,168,0,46,113,129,0,0,0,0,0,0,0
59.010990,58.993282,74,255,211,255,168,0,46,113,129,0,0,0,0,0,0,0
59.065933,59.054134,74,255,211,255,168,0,46,113,129,0,0,0,0,0,0,0
59.120880,59.115246,74,255,211,255,168,0,46,113,129,0,0,0,0,0,0,0
59.175823,59.176197,74,255,211,255,168,0,46,113,129,0,0,0,0,0,0,0
59.230770,59.237103,74,255,211,255,168,0,46,113,129,0,0,0,0,0,0,0
59.285713,59.297955,74,255,211,255,168,0,46,113,129,0,0,0,0,0,0,0
59.340660,59.358807,74,255,211,255,168,0,46,113,129,0,0,0,0,0,0,0
59.395603,59.419662,74,255,211,255,168,0,46,113,129,0,0,0,0,0,0,0
59.505493,59.480667,74,255,211,255,168,0,46,113,129,0,0,0,0,0,0,0
59.560440,59.541672,74,255,211,255,168,0,46,113,129,0,0,0,0,0,0,0
59.615383,59.602577,255,255,226,255,168,0,46,113,129,0,0,0,0,0,0,0
59.670330,59.662712,255,255,226,255,147,0,76,115,129,0,0,0,0,0,0,0
59.725273,59.722237,80,255,210,255,142,0,76,115,129,0,0,0,0,0,0,0
59.780220,59.781757,80,255,210,255,142,0,76,115,129,0,0,0,0,0,0,0
59.835163,59.841179,240,255,213,255,165,0,81,113,1,0,0,0,0,0,0,0
59.890110,59.901825,74,255,212,255,168,0,82,114,1,0,0,0,0,0,0,0
59.945053,59.961143,75,255,212,255,170,0,85,114,1,0,0,0,0,0,0,0
60.000000,60.020664,75,255,212,255,170,0,85,114,1,0,0,0,0,0,0,0
60.054947,60.080032,75,255,212,255,170,0,85,114,1,0,0,0,0,0,0,0
60.109890,60.139603,75,255,215,255,171,0,96,115,129,0,0,0,0,0,0,0
60.219780,60.200047,76,255,216,255,172,0,97,116,129,0,0,0,0,0,0,0
60.274727,60.259724,76,255,217,255,173,0,101,116,129,0,0,0,0,0,0,0
60.329670,60.319092,77,255,217,255,173,0,101,116,129,0,0,0,0,0,0,0
60.384617,60.378666,77,255,219,255,175,0,102,117,129,0,0,0,0,0,0,0
60.439560,60.438137,77,255,219,255,175,0,101,117,129,0,0,0,0,0,0,0
60.494507,60.497604,77,255,219,255,175,0,101,117,129,0,0,0,0,0,0,0
60.549450,60.558048,77,255,221,255,178,0,98,118,1,0,0,0,0,0,0,0
60.604397,60.618187,77,255,221,255,178,0,98,118,1,0,0,0,0,0,0,0
60.659340,60.677658,77,255,221,255,178,0,98,118,1,0,0,0,0,0,0,0
60.714287,60.737026,77,255,221,255,178,0,98,118,1,0,0,0,0,0,0,0
60.769230,60.796547,79,255,221,255,178,0,98,118,1,0,0,0,0,0,0,0
60.879120,60.857094,79,255,225,255,180,0,94,119,129,0,0,0,0,0,0,0
60.934067,60.916512,79,255,226,255,181,0,91,120,129,0,0,0,0,0,0,0
60.989010,60.976032,79,255,227,255,181,0,91,120,129,0,0,0,0,0,0,0
61.043957,61.036476,79,255,228,255,182,0,90,121,1,0,0,0,0,0,0,0
61.098900,61.095898,79,255,228,255,182,0,90,121,1,0,0,0,0,0,0,0
