0.000000,0.000000,128,255,168,255,22,1,42,194,0,0,0,0,0,0,0,0
0.164835,0.116892,128,255,168,255,22,1,42,194,0,0,0,0,0,0,0,0
0.274725,0.233378,128,255,168,255,22,1,42,194,0,0,0,0,0,0,0,0
0.384615,0.350783,128,255,168,255,22,1,42,194,0,0,0,0,0,0,0,0
0.494505,0.470492,128,255,168,255,22,1,42,194,0,0,0,0,0,0,0,0
0.604396,0.590049,128,255,167,255,24,1,63,194,0,0,0,0,0,0,0,0
0.714286,0.709708,128,255,167,255,24,1,63,194,0,0,0,0,0,0,0,0
0.879121,0.829366,128,255,167,255,24,1,63,194,0,0,0,0,0,0,0,0
0.989011,0.950303,128,255,167,255,21,1,47,195,0,0,0,0,0,0,0,0
1.098901,1.070933,128,255,167,255,21,1,47,195,0,0,0,0,0,0,0,0
1.208791,1.189004,128,255,167,255,21,1,43,195,0,0,0,0,0,0,0,0
1.318681,1.305696,128,255,167,255,23,1,47,195,128,0,0,0,0,0,0,0
1.428571,1.423254,127,255,167,255,23,1,52,195,128,0,0,0,0,0,0,0
1.538462,1.540097,127,255,167,255,23,1,52,195,128,0,0,0,0,0,0,0
1.703297,1.657706,128,255,167,255,21,1,48,195,0,0,0,0,0,0,0,0
1.813187,1.774449,128,255,167,255,24,1,63,194,0,0,0,0,0,0,0,0
1.923077,1.890983,128,255,167,255,24,1,63,194,0,0,0,0,0,0,0,0
2.032967,2.007674,128,255,167,255,24,1,63,194,0,0,0,0,0,0,0,0
2.142857,2.125798,128,255,167,255,24,1,63,194,0,0,0,0,0,0,0,0
2.252747,2.245456,128,255,167,255,24,1,63,194,0,0,0,0,0,0,0,0
2.417583,2.365266,128,255,167,255,24,1,64,195,128,0,0,0,0,0,0,0
2.527472,2.484362,128,255,166,255,23,1,71,195,128,0,0,0,0,0,0,0
2.637363,2.601052,128,255,166,255,24,1,64,195,128,0,0,0,0,0,0,0
2.747253,2.718866,128,255,166,255,21,1,55,195,0,0,0,0,0,0,0,0
2.857143,2.835453,128,255,166,255,21,1,55,195,0,0,0,0,0,0,0,0
2.967033,2.951886,128,255,166,255,21,1,55,195,0,0,0,0,0,0,0,0
3.076923,3.068425,128,255,166,255,21,1,55,195,0,0,0,0,0,0,0,0
3.186813,3.185267,128,255,166,255,21,1,55,195,0,0,0,0,0,0,0,0
3.351648,3.301853,128,255,166,255,25,1,64,195,0,0,0,0,0,0,0,0
3.461539,3.419772,128,255,165,255,24,1,64,195,0,0,0,0,0,0,0,0
3.571429,3.539327,128,255,165,255,24,1,64,195,128,0,0,0,0,0,0,0
3.681319,3.660059,128,255,165,255,26,1,79,195,128,0,0,0,0,0,0,0
3.791209,3.778232,128,255,165,255,21,1,64,195,128,0,0,0,0,0,0,0
3.901099,3.896204,128,255,165,255,23,1,76,195,0,0,0,0,0,0,0,0
4.065934,4.013047,128,255,165,255,22,1,59,195,0,0,0,0,0,0,0,0
4.175824,4.129531,128,255,165,255,22,1,59,195,0,0,0,0,0,0,0,0
4.285714,4.246118,127,255,165,255,22,1,59,195,0,0,0,0,0,0,0,0
4.395605,4.362808,128,255,165,255,25,1,63,195,128,0,0,0,0,0,0,0
4.505495,4.480571,128,255,165,255,25,1,63,195,128,0,0,0,0,0,0,0
4.615385,4.598081,128,255,165,255,23,1,79,195,0,0,0,0,0,0,0,0
4.725275,4.716254,128,255,165,255,23,1,68,195,0,0,0,0,0,0,0,0
4.890110,4.836017,128,255,165,255,23,1,68,195,0,0,0,0,0,0,0,0
5.000000,4.955620,128,255,165,255,23,1,98,195,128,0,0,0,0,0,0,0
5.109890,5.075073,128,255,164,255,23,1,82,195,0,0,0,0,0,0,0,0
5.219780,5.191916,128,255,164,255,25,2,96,195,0,0,0,0,0,0,0,0
5.329670,5.308455,128,255,164,255,24,1,87,195,0,0,0,0,0,0,0,0
5.439560,5.425042,128,255,164,255,24,1,75,195,128,0,0,0,0,0,0,0
5.549450,5.542804,128,255,164,255,25,1,85,195,128,0,0,0,0,0,0,0
5.714286,5.660465,128,255,164,255,23,1,88,195,0,0,0,0,0,0,0,0
5.824176,5.777104,127,255,163,255,24,1,79,195,0,0,0,0,0,0,0,0
5.934066,5.893590,127,255,163,255,24,1,84,195,0,0,0,0,0,0,0,0
6.043956,6.012329,128,255,164,255,23,1,87,195,128,0,0,0,0,0,0,0
6.153846,6.128966,128,255,164,255,23,1,87,195,128,0,0,0,0,0,0,0
6.263736,6.245553,128,255,163,255,24,1,77,195,0,0,0,0,0,0,0,0
6.373626,6.363267,128,255,163,255,24,1,77,195,0,0,0,0,0,0,0,0
6.483517,6.481030,128,255,163,255,25,1,79,195,128,0,0,0,0,0,0,0
6.648352,6.597720,128,255,163,255,25,1,100,195,128,0,0,0,0,0,0,0
6.758242,6.714154,128,255,163,255,23,1,79,195,0,0,0,0,0,0,0,0
6.868132,6.831765,128,255,163,255,23,1,79,195,0,0,0,0,0,0,0,0
6.978022,6.948506,128,255,163,255,23,1,79,195,0,0,0,0,0,0,0,0
7.087912,7.066013,128,255,163,255,23,1,79,195,128,0,0,0,0,0,0,0
7.197802,7.182550,128,255,163,255,23,1,79,195,128,0,0,0,0,0,0,0
7.307693,7.299393,128,255,162,255,24,1,72,195,128,0,0,0,0,0,0,0
7.417583,7.416082,128,255,162,255,24,1,72,195,128,0,0,0,0,0,0,0
7.582417,7.533490,128,255,162,255,24,1,72,195,128,0,0,0,0,0,0,0
7.692307,7.653147,127,255,162,255,25,1,71,195,128,0,0,0,0,0,0,0
7.802198,7.773061,128,255,161,255,23,2,76,195,128,0,0,0,0,0,0,0
7.912088,7.890519,128,255,161,255,24,1,55,195,128,0,0,0,0,0,0,0
8.021978,8.008028,128,255,161,255,24,1,64,196,0,0,0,0,0,0,0,0
8.131868,8.124563,128,255,162,255,23,1,68,195,0,0,0,0,0,0,0,0
8.296703,8.242326,128,255,161,255,23,1,63,195,128,0,0,0,0,0,0,0
8.406593,8.359067,128,255,161,255,23,1,50,196,128,0,0,0,0,0,0,0
8.516483,8.476626,128,255,161,255,22,1,53,195,0,0,0,0,0,0,0,0
8.626373,8.593521,128,255,161,255,23,1,66,195,0,0,0,0,0,0,0,0
8.736263,8.710568,128,255,160,255,23,1,64,195,0,0,0,0,0,0,0,0
8.846154,8.828897,128,255,161,255,23,1,63,195,128,0,0,0,0,0,0,0
8.956044,8.945483,128,255,161,255,23,1,63,195,128,0,0,0,0,0,0,0
9.065934,9.062276,128,255,160,255,23,1,63,195,128,0,0,0,0,0,0,0
9.230769,9.178864,128,255,160,255,23,1,63,195,128,0,0,0,0,0,0,0
9.340659,9.295503,128,255,160,255,23,1,57,195,128,0,0,0,0,0,0,0
9.450549,9.412037,128,255,159,255,23,1,56,195,128,0,0,0,0,0,0,0
9.560439,9.528729,128,255,160,255,23,1,56,195,128,0,0,0,0,0,0,0
9.670330,9.645366,128,255,160,255,23,1,63,195,128,0,0,0,0,0,0,0
9.780220,9.761695,128,255,160,255,23,1,63,195,128,0,0,0,0,0,0,0
9.890110,9.878490,128,255,160,255,23,1,63,195,128,0,0,0,0,0,0,0
10.000000,9.995229,127,255,160,255,22,1,75,195,128,0,0,0,0,0,0,0
10.164835,10.111971,127,255,160,255,22,1,75,195,128,0,0,0,0,0,0,0
10.274725,10.228506,127,255,160,255,22,1,75,195,128,0,0,0,0,0,0,0
10.384615,10.348524,128,255,159,255,24,1,67,195,0,0,0,0,0,0,0,0
10.494506,10.468283,128,255,159,255,24,1,67,195,0,0,0,0,0,0,0,0
10.604396,10.587839,128,255,159,255,24,1,67,195,0,0,0,0,0,0,0,0
10.714286,10.708469,128,255,159,255,22,1,64,195,128,0,0,0,0,0,0,0
10.879121,10.828588,128,255,159,255,23,1,87,195,0,0,0,0,0,0,0,0
10.989011,10.945329,128,255,159,255,23,1,64,195,0,0,0,0,0,0,0,0
11.098901,11.061917,128,255,159,255,25,1,79,195,128,0,0,0,0,0,0,0
11.208791,11.179784,128,255,158,255,23,1,72,195,128,0,0,0,0,0,0,0
11.318682,11.296267,128,255,158,255,24,1,63,195,128,0,0,0,0,0,0,0
11.428572,11.413877,128,255,158,255,24,1,63,195,0,0,0,0,0,0,0,0
11.538462,11.530415,128,255,158,255,24,1,63,195,0,0,0,0,0,0,0,0
11.703297,11.647309,128,255,158,255,24,1,63,195,0,0,0,0,0,0,0,0
11.813187,11.764714,128,255,158,255,24,1,63,195,0,0,0,0,0,0,0,0
11.923077,11.881454,128,255,158,255,23,1,70,195,128,0,0,0,0,0,0,0
12.032967,12.000192,128,255,158,255,24,2,56,195,0,0,0,0,0,0,0,0
12.142858,12.116729,127,255,158,255,23,1,79,195,0,0,0,0,0,0,0,0
12.252748,12.234340,128,255,157,255,23,1,75,195,128,0,0,0,0,0,0,0
12.362638,12.351029,128,255,156,255,23,1,80,195,128,0,0,0,0,0,0,0
12.472528,12.467769,128,255,156,255,23,1,80,195,128,0,0,0,0,0,0,0
12.637362,12.584356,128,255,157,255,23,1,78,195,128,0,0,0,0,0,0,0
12.747252,12.701968,127,255,157,255,23,1,78,195,0,0,0,0,0,0,0,0
12.857142,12.818656,127,255,157,255,24,1,80,195,128,0,0,0,0,0,0,0
12.967033,12.936370,128,255,157,255,23,1,81,195,128,0,0,0,0,0,0,0
13.076923,13.052956,128,255,157,255,23,1,81,195,128,0,0,0,0,0,0,0
13.186813,13.170518,128,255,157,255,23,1,67,195,0,0,0,0,0,0,0,0
13.296703,13.287257,128,255,157,255,23,2,73,195,0,0,0,0,0,0,0,0
13.406593,13.403999,128,255,156,255,23,1,76,195,0,0,0,0,0,0,0,0
13.571428,13.521764,128,255,156,255,23,1,76,195,128,0,0,0,0,0,0,0
13.681318,13.638505,128,255,156,255,23,1,70,194,0,0,0,0,0,0,0,0
13.791209,13.756167,128,255,156,255,25,1,64,195,0,0,0,0,0,0,0,0
13.901099,13.872753,128,255,156,255,26,1,72,195,0,0,0,0,0,0,0,0
14.010989,13.989340,128,255,156,255,26,1,72,195,0,0,0,0,0,0,0,0
14.120879,14.106951,128,255,156,255,24,1,64,195,128,0,0,0,0,0,0,0
14.230769,14.223588,128,255,156,255,24,1,64,195,128,0,0,0,0,0,0,0
14.395604,14.341354,128,255,155,255,26,1,56,195,0,0,0,0,0,0,0,0
14.505494,14.457840,128,255,155,255,26,1,56,195,0,0,0,0,0,0,0,0
14.615385,14.575451,128,255,155,255,21,1,63,195,128,0,0,0,0,0,0,0
14.725275,14.692142,127,255,155,255,24,1,74,195,128,0,0,0,0,0,0,0
14.835165,14.809546,128,255,155,255,21,1,63,194,128,0,0,0,0,0,0,0
14.945055,14.929305,128,255,155,255,23,1,59,194,0,0,0,0,0,0,0,0
15.054945,15.050190,128,255,155,255,25,1,70,195,0,0,0,0,0,0,0,0
15.219780,15.166780,128,255,155,255,25,1,70,195,0,0,0,0,0,0,0,0
15.329670,15.283314,128,255,154,255,24,1,70,195,0,0,0,0,0,0,0,0
15.439561,15.401029,128,255,154,255,24,1,59,195,128,0,0,0,0,0,0,0
15.549451,15.517923,128,255,154,255,24,1,59,195,128,0,0,0,0,0,0,0
15.659341,15.634406,128,255,154,255,24,1,59,195,128,0,0,0,0,0,0,0
15.769231,15.750893,128,255,154,255,24,1,59,195,128,0,0,0,0,0,0,0
15.879121,15.867635,127,255,154,255,23,1,68,195,128,0,0,0,0,0,0,0
15.989011,15.985092,128,255,154,255,24,1,54,195,128,0,0,0,0,0,0,0
16.153847,16.103983,128,255,154,255,24,1,54,195,128,0,0,0,0,0,0,0
16.263737,16.224712,128,255,154,255,22,1,66,194,0,0,0,0,0,0,0,0
16.373627,16.345497,128,255,154,255,23,1,71,195,128,0,0,0,0,0,0,0
16.483517,16.465361,128,255,154,255,23,1,71,195,128,0,0,0,0,0,0,0
16.593407,16.585072,128,255,154,255,23,1,71,195,128,0,0,0,0,0,0,0
16.758242,16.705290,128,255,153,255,23,1,72,195,0,0,0,0,0,0,0,0
16.868132,16.821981,128,255,153,255,23,1,72,195,0,0,0,0,0,0,0,0
16.978022,16.939796,127,255,153,255,25,1,59,194,128,0,0,0,0,0,0,0
17.087912,17.056791,128,255,153,255,24,1,63,195,128,0,0,0,0,0,0,0
17.197802,17.173330,128,255,153,255,24,1,63,195,128,0,0,0,0,0,0,0
17.307692,17.289967,128,255,153,255,24,1,63,195,128,0,0,0,0,0,0,0
17.417582,17.406658,128,255,153,255,23,1,74,195,128,0,0,0,0,0,0,0
17.527473,17.523346,128,255,152,255,24,1,63,195,128,0,0,0,0,0,0,0
17.692308,17.640802,128,255,153,255,24,1,57,195,128,0,0,0,0,0,0,0
17.802198,17.758516,128,255,153,255,23,1,73,195,0,0,0,0,0,0,0,0
17.912088,17.875156,128,255,153,255,23,1,73,195,0,0,0,0,0,0,0,0
18.021978,17.991896,128,255,153,255,23,1,73,195,0,0,0,0,0,0,0,0
18.131868,18.108379,128,255,153,255,23,1,73,195,0,0,0,0,0,0,0,0
18.241758,18.225990,128,255,153,255,21,1,57,194,0,0,0,0,0,0,0,0
18.351648,18.343603,128,255,152,255,22,1,71,195,0,0,0,0,0,0,0,0
18.516483,18.460291,128,255,152,255,22,1,71,195,0,0,0,0,0,0,0,0
18.626373,18.576929,128,255,152,255,22,1,71,195,0,0,0,0,0,0,0,0
18.736263,18.693771,128,255,152,255,22,1,71,195,0,0,0,0,0,0,0,0
18.846153,18.810514,128,255,152,255,22,1,71,195,0,0,0,0,0,0,0,0
18.956043,18.927359,128,255,152,255,23,2,75,195,0,0,0,0,0,0,0,0
19.065933,19.043739,128,255,152,255,23,2,75,195,0,0,0,0,0,0,0,0
19.175825,19.160530,128,255,152,255,23,2,75,195,0,0,0,0,0,0,0,0
19.285715,19.277887,128,255,152,255,23,2,75,195,0,0,0,0,0,0,0,0
19.450550,19.397596,128,255,152,255,23,2,75,195,0,0,0,0,0,0,0,0
19.560440,19.517406,128,255,151,255,23,1,79,195,0,0,0,0,0,0,0,0
19.670330,19.637270,128,255,151,255,23,1,79,195,0,0,0,0,0,0,0,0
19.780220,19.757851,128,255,151,255,23,1,84,195,128,0,0,0,0,0,0,0
19.890110,19.877508,128,255,151,255,23,1,84,195,128,0,0,0,0,0,0,0
20.054945,19.997471,128,255,151,255,23,1,71,194,128,0,0,0,0,0,0,0
20.164835,20.118105,128,255,151,255,24,1,89,195,0,0,0,0,0,0,0,0
20.274725,20.236378,127,255,151,255,26,1,72,194,0,0,0,0,0,0,0,0
20.384615,20.353220,128,255,151,255,26,1,72,194,0,0,0,0,0,0,0,0
20.494505,20.470732,128,255,151,255,23,1,84,195,128,0,0,0,0,0,0,0
20.604395,20.587317,128,255,151,255,23,1,84,195,128,0,0,0,0,0,0,0
20.714285,20.705135,127,255,150,255,23,1,80,194,0,0,0,0,0,0,0,0
20.879122,20.821873,128,255,150,255,24,1,82,195,0,0,0,0,0,0,0,0
20.989012,20.939484,128,255,150,255,23,1,56,195,128,0,0,0,0,0,0,0
21.098902,21.056431,127,255,150,255,24,1,68,195,128,0,0,0,0,0,0,0
21.208792,21.175064,128,255,150,255,24,1,63,195,0,0,0,0,0,0,0,0
21.318682,21.291500,128,255,150,255,24,1,63,195,0,0,0,0,0,0,0,0
21.428572,21.408190,128,255,150,255,24,1,63,195,0,0,0,0,0,0,0,0
21.538462,21.524776,127,255,150,255,24,1,60,195,0,0,0,0,0,0,0,0
21.648352,21.642590,127,255,150,255,24,1,60,195,128,0,0,0,0,0,0,0
21.813187,21.759281,127,255,150,255,24,1,52,195,0,0,0,0,0,0,0,0
21.923077,21.877043,127,255,150,255,24,1,52,195,0,0,0,0,0,0,0,0
22.032967,21.993683,127,255,149,255,23,2,61,195,0,0,0,0,0,0,0,0
22.142857,22.111395,127,255,149,255,23,1,63,195,128,0,0,0,0,0,0,0
22.252747,22.232130,127,255,149,255,23,1,63,195,128,0,0,0,0,0,0,0
22.362637,22.351940,127,255,149,255,23,1,63,195,128,0,0,0,0,0,0,0
22.527473,22.471649,127,255,149,255,23,1,63,195,128,0,0,0,0,0,0,0
22.637363,22.591309,128,255,149,255,22,1,63,195,128,0,0,0,0,0,0,0
22.747253,22.711376,128,255,149,255,23,1,55,195,128,0,0,0,0,0,0,0
22.857143,22.830984,128,255,149,255,23,1,55,195,128,0,0,0,0,0,0,0
22.967033,22.950642,128,255,149,255,23,1,68,195,0,0,0,0,0,0,0,0
23.131868,23.071375,128,255,149,255,23,1,68,195,0,0,0,0,0,0,0,0
23.241758,23.190981,128,255,149,255,22,1,68,195,0,0,0,0,0,0,0,0
23.351648,23.309359,128,255,149,255,23,1,58,195,128,0,0,0,0,0,0,0
23.461538,23.426149,128,255,149,255,23,1,72,195,128,0,0,0,0,0,0,0
23.571428,23.543659,127,255,148,255,24,1,62,194,0,0,0,0,0,0,0,0
23.681318,23.660349,127,255,148,255,24,1,62,194,0,0,0,0,0,0,0,0
23.791208,23.778065,128,255,146,255,22,1,67,195,128,0,0,0,0,0,0,0
23.956043,23.895061,128,255,146,255,24,1,64,195,128,0,0,0,0,0,0,0
24.065933,24.011646,128,255,145,255,24,2,47,194,128,0,0,0,0,0,0,0
24.175825,24.128437,128,255,143,255,23,1,76,194,0,0,0,0,0,0,0,0
24.285715,24.247124,127,255,140,255,24,1,80,195,0,0,0,0,0,0,0,0
24.395605,24.363708,127,255,140,255,24,1,80,195,0,0,0,0,0,0,0,0
24.505495,24.480194,128,255,142,255,25,1,63,195,0,0,0,0,0,0,0,0
24.615385,24.597805,128,255,144,255,23,1,52,195,0,0,0,0,0,0,0,0
24.725275,24.715624,127,255,144,255,23,1,47,195,0,0,0,0,0,0,0,0
24.890110,24.832260,128,255,144,255,23,1,59,194,0,0,0,0,0,0,0,0
25.000000,24.949053,128,255,142,255,23,1,51,195,128,0,0,0,0,0,0,0
25.109890,25.066713,128,255,142,255,23,1,51,195,128,0,0,0,0,0,0,0
25.219780,25.183710,128,255,141,255,24,1,61,194,0,0,0,0,0,0,0,0
25.329670,25.301373,128,255,141,255,23,1,60,194,0,0,0,0,0,0,0,0
25.439560,25.417858,128,255,141,255,23,1,55,195,0,0,0,0,0,0,0,0
25.549450,25.535673,128,255,142,255,23,1,79,195,128,0,0,0,0,0,0,0
25.659340,25.652515,127,255,139,255,23,1,61,194,128,0,0,0,0,0,0,0
25.824175,25.769258,127,255,139,255,23,1,61,194,128,0,0,0,0,0,0,0
25.934067,25.885794,128,255,139,255,23,1,61,194,128,0,0,0,0,0,0,0
26.043957,26.003557,128,255,141,255,25,1,60,195,0,0,0,0,0,0,0,0
26.153847,26.120298,128,255,141,255,25,1,60,195,0,0,0,0,0,0,0,0
26.263737,26.237038,127,255,139,255,25,1,60,195,0,0,0,0,0,0,0,0
26.373627,26.353575,128,255,137,255,25,1,60,195,0,0,0,0,0,0,0,0
26.483517,26.470266,128,255,137,255,25,1,60,195,0,0,0,0,0,0,0,0
26.648352,26.589258,128,255,138,255,24,1,72,195,0,0,0,0,0,0,0,0
26.758242,26.709940,128,255,139,255,24,1,71,195,128,0,0,0,0,0,0,0
26.868132,26.829649,128,255,138,255,23,1,76,195,128,0,0,0,0,0,0,0
26.978022,26.946339,128,255,137,255,24,1,71,195,128,0,0,0,0,0,0,0
27.087912,27.063795,128,255,137,255,22,1,72,195,0,0,0,0,0,0,0,0
27.197802,27.180687,128,255,125,255,26,1,72,195,128,0,0,0,0,0,0,0
27.307692,27.298553,128,255,125,255,24,1,79,195,128,0,0,0,0,0,0,0
27.472527,27.415194,128,255,125,255,24,1,79,195,128,0,0,0,0,0,0,0
27.582418,27.531731,128,255,125,255,24,1,79,195,128,0,0,0,0,0,0,0
27.692308,27.648420,127,255,125,255,24,1,79,195,128,0,0,0,0,0,0,0
27.802198,27.766951,127,255,128,255,23,1,75,194,128,0,0,0,0,0,0,0
27.912088,27.886866,127,255,128,255,23,1,75,194,128,0,0,0,0,0,0,0
28.021978,28.005346,127,255,128,255,24,1,64,194,128,0,0,0,0,0,0,0
28.131868,28.123266,128,255,130,255,24,1,63,195,0,0,0,0,0,0,0,0
28.296703,28.239853,128,255,130,255,24,1,63,195,0,0,0,0,0,0,0,0
28.406593,28.357462,128,255,128,255,23,1,73,194,128,0,0,0,0,0,0,0
28.516483,28.474152,128,255,125,255,23,1,56,195,128,0,0,0,0,0,0,0
28.626373,28.591097,128,255,125,255,23,1,56,195,128,0,0,0,0,0,0,0
28.736263,28.707582,128,255,125,255,23,1,56,195,128,0,0,0,0,0,0,0
28.846153,28.825144,128,255,122,255,23,1,62,194,0,0,0,0,0,0,0,0
28.956043,28.943316,128,255,122,255,23,1,70,194,0,0,0,0,0,0,0,0
29.120878,29.063282,128,255,122,255,23,1,70,194,0,0,0,0,0,0,0,0
29.230770,29.182940,128,255,122,255,23,1,70,194,0,0,0,0,0,0,0,0
29.340660,29.302752,128,255,122,255,23,1,70,194,0,0,0,0,0,0,0,0
29.450550,29.422461,128,255,122,255,23,1,70,194,0,0,0,0,0,0,0,0
29.560440,29.541761,128,255,123,255,24,1,63,194,128,0,0,0,0,0,0,0
29.670330,29.658499,128,255,122,255,22,1,62,194,128,0,0,0,0,0,0,0
29.835165,29.775244,128,255,124,255,23,1,52,194,128,0,0,0,0,0,0,0
29.945055,29.893057,128,255,122,255,23,1,62,195,0,0,0,0,0,0,0,0
30.054945,30.009748,128,255,122,255,23,1,63,194,0,0,0,0,0,0,0,0
30.164835,30.127459,128,255,120,255,23,1,63,195,128,0,0,0,0,0,0,0
30.274725,30.244097,128,255,120,255,23,1,63,195,128,0,0,0,0,0,0,0
30.384615,30.360582,128,255,123,255,22,1,64,194,0,0,0,0,0,0,0,0
30.494505,30.479012,128,255,123,255,22,1,64,194,0,0,0,0,0,0,0,0
30.604395,30.595806,128,255,127,255,23,1,83,195,0,0,0,0,0,0,0,0
30.769230,30.712650,128,255,123,255,23,1,83,195,0,0,0,0,0,0,0,0
30.879122,30.830412,128,255,123,255,23,1,79,195,128,0,0,0,0,0,0,0
30.989012,30.947153,128,255,120,255,23,1,83,195,0,0,0,0,0,0,0,0
31.098902,31.064970,127,255,122,255,25,1,80,195,0,0,0,0,0,0,0,0
31.208792,31.181660,128,255,119,255,25,1,80,195,0,0,0,0,0,0,0,0
31.318682,31.299271,128,255,119,255,23,1,90,194,128,0,0,0,0,0,0,0
31.428572,31.416008,127,255,117,255,23,1,91,194,128,0,0,0,0,0,0,0
31.593407,31.533876,127,255,120,255,24,1,75,195,0,0,0,0,0,0,0,0
31.703297,31.650515,127,255,120,255,24,1,75,195,0,0,0,0,0,0,0,0
31.813187,31.767101,127,255,120,255,24,1,75,195,0,0,0,0,0,0,0,0
31.923077,31.884968,128,255,124,255,24,1,78,194,128,0,0,0,0,0,0,0
32.032967,32.001709,127,255,118,255,23,1,84,194,128,0,0,0,0,0,0,0
32.142857,32.119423,127,255,117,255,23,1,77,194,0,0,0,0,0,0,0,0
32.252747,32.236061,127,255,122,255,23,1,88,195,0,0,0,0,0,0,0,0
32.362637,32.352856,127,255,122,255,23,1,88,195,0,0,0,0,0,0,0,0
32.527473,32.469543,128,255,121,255,26,1,83,195,128,0,0,0,0,0,0,0
32.637363,32.587101,128,255,121,255,24,1,72,195,128,0,0,0,0,0,0,0
32.747253,32.704815,127,255,117,255,23,1,79,194,0,0,0,0,0,0,0,0
32.857143,32.821556,127,255,117,255,23,1,79,194,0,0,0,0,0,0,0,0
32.967033,32.938351,127,255,115,255,22,1,77,194,128,0,0,0,0,0,0,0
33.076923,33.056011,128,255,112,255,26,1,76,194,128,0,0,0,0,0,0,0
33.186813,33.172905,128,255,114,255,23,1,66,194,128,0,0,0,0,0,0,0
33.351650,33.289700,127,255,115,255,22,1,66,194,128,0,0,0,0,0,0,0
33.461540,33.407307,127,255,115,255,23,1,80,195,0,0,0,0,0,0,0,0
33.571430,33.523895,128,255,112,255,23,1,76,194,0,0,0,0,0,0,0,0
33.681320,33.640686,128,255,122,255,23,1,71,194,0,0,0,0,0,0,0,0
33.791210,33.757378,127,255,116,255,24,1,77,194,128,0,0,0,0,0,0,0
33.901100,33.876011,127,255,115,255,23,1,63,194,0,0,0,0,0,0,0,0
34.010990,33.992855,127,255,114,255,24,1,69,194,0,0,0,0,0,0,0,0
34.120880,34.109596,128,255,114,255,24,2,69,194,0,0,0,0,0,0,0,0
34.285713,34.227409,128,255,116,255,24,1,74,194,128,0,0,0,0,0,0,0
34.395603,34.345482,128,255,116,255,24,1,74,194,128,0,0,0,0,0,0,0
34.505493,34.465191,128,255,116,255,24,1,74,194,128,0,0,0,0,0,0,0
34.615383,34.584438,128,255,111,255,21,1,71,195,0,0,0,0,0,0,0,0
34.725273,34.701080,128,255,110,255,23,1,71,195,0,0,0,0,0,0,0,0
34.835163,34.817764,128,255,110,255,23,1,71,195,0,0,0,0,0,0,0,0
34.945053,34.934608,128,255,111,255,24,1,63,195,0,0,0,0,0,0,0,0
35.109890,35.051403,128,255,111,255,24,1,63,195,0,0,0,0,0,0,0,0
35.219780,35.168041,127,255,111,255,24,1,63,195,0,0,0,0,0,0,0,0
35.329670,35.284733,128,255,103,255,23,1,72,195,128,0,0,0,0,0,0,0
35.439560,35.402496,128,255,105,255,23,1,72,195,128,0,0,0,0,0,0,0
35.549450,35.520668,128,255,105,255,23,1,72,195,128,0,0,0,0,0,0,0
35.659340,35.641506,128,255,105,255,23,1,71,195,0,0,0,0,0,0,0,0
35.824177,35.760597,128,255,104,255,23,1,95,194,0,0,0,0,0,0,0,0
35.934067,35.878311,128,255,101,255,21,1,72,195,128,0,0,0,0,0,0,0
36.043957,35.995102,128,255,100,255,24,1,63,195,128,0,0,0,0,0,0,0
36.153847,36.111740,128,255,100,255,24,1,63,195,128,0,0,0,0,0,0,0
36.263737,36.228584,128,255,100,255,24,1,63,195,128,0,0,0,0,0,0,0
36.373627,36.345119,128,255,100,255,24,1,63,195,128,0,0,0,0,0,0,0
36.483517,36.461910,128,255,100,255,24,1,63,195,128,0,0,0,0,0,0,0
36.593407,36.578754,128,255,100,255,24,1,63,195,128,0,0,0,0,0,0,0
36.758244,36.696381,128,255,100,255,24,1,63,195,128,0,0,0,0,0,0,0
36.868134,36.816998,128,255,97,255,26,1,87,195,0,0,0,0,0,0,0,0
36.978024,36.936863,128,255,96,255,24,1,90,194,0,0,0,0,0,0,0,0
37.087914,37.057545,128,255,93,255,21,1,59,194,128,0,0,0,0,0,0,0
37.197803,37.175053,128,255,95,255,26,1,74,194,128,0,0,0,0,0,0,0
37.307693,37.291790,128,255,95,255,26,1,74,194,128,0,0,0,0,0,0,0
37.472527,37.408535,128,255,92,255,24,1,68,194,0,0,0,0,0,0,0,0
37.582417,37.525990,127,255,89,255,24,1,66,194,0,0,0,0,0,0,0,0
37.692307,37.642731,128,255,93,255,24,1,66,194,0,0,0,0,0,0,0,0
37.802197,37.759472,128,255,93,255,24,1,66,194,0,0,0,0,0,0,0,0
37.912086,37.876060,128,255,95,255,23,2,55,194,0,0,0,0,0,0,0,0
38.021976,37.992699,128,255,95,255,23,2,55,194,0,0,0,0,0,0,0,0
38.131866,38.111588,128,255,95,255,23,2,55,194,0,0,0,0,0,0,0,0
38.296703,38.231449,128,255,95,255,23,2,55,194,0,0,0,0,0,0,0,0
38.406593,38.352436,128,255,88,255,24,1,77,194,128,0,0,0,0,0,0,0
38.516483,38.472351,128,255,88,255,24,1,77,194,128,0,0,0,0,0,0,0
38.626373,38.592163,128,255,88,255,24,1,77,194,128,0,0,0,0,0,0,0
38.736263,38.711872,127,255,93,255,24,1,77,194,128,0,0,0,0,0,0,0
38.846153,38.831940,128,255,102,255,24,1,77,194,128,0,0,0,0,0,0,0
39.010990,38.949501,128,255,110,255,23,1,60,195,128,0,0,0,0,0,0,0
39.120880,39.066242,128,255,110,255,23,1,60,195,128,0,0,0,0,0,0,0
39.230770,39.183029,128,255,110,255,23,1,60,195,128,0,0,0,0,0,0,0
39.340660,39.299927,128,255,107,255,23,1,60,195,128,0,0,0,0,0,0,0
39.450550,39.416618,128,255,101,255,23,1,63,195,128,0,0,0,0,0,0,0
39.560440,39.533104,128,255,101,255,23,1,63,195,128,0,0,0,0,0,0,0
39.670330,39.649841,128,255,101,255,23,1,63,195,128,0,0,0,0,0,0,0
39.835163,39.767609,128,255,108,255,23,1,59,195,0,0,0,0,0,0,0,0
39.945053,39.886547,127,255,104,255,23,1,52,195,128,0,0,0,0,0,0,0
40.054947,40.007435,128,255,105,255,23,1,55,194,128,0,0,0,0,0,0,0
40.164837,40.127247,128,255,105,255,23,1,55,194,128,0,0,0,0,0,0,0
40.274727,40.246906,128,255,105,255,23,1,55,194,128,0,0,0,0,0,0,0
40.384617,40.366562,128,255,105,255,23,1,55,194,128,0,0,0,0,0,0,0
40.549450,40.486374,127,255,111,255,24,1,63,194,128,0,0,0,0,0,0,0
40.659340,40.606083,127,255,111,255,24,1,63,194,128,0,0,0,0,0,0,0
40.769230,40.725945,128,255,100,255,23,1,63,194,128,0,0,0,0,0,0,0
40.879120,40.844429,127,255,99,255,23,1,59,195,0,0,0,0,0,0,0,0
40.989010,40.960915,128,255,99,255,23,1,54,194,0,0,0,0,0,0,0,0
41.098900,41.078728,128,255,98,255,23,1,61,194,128,0,0,0,0,0,0,0
41.208790,41.195724,128,255,94,255,24,1,71,195,128,0,0,0,0,0,0,0
41.373627,41.312515,128,255,91,255,24,2,63,195,128,0,0,0,0,0,0,0
41.483517,41.430229,128,255,91,255,24,1,55,195,0,0,0,0,0,0,0,0
41.593407,41.546917,128,255,90,255,23,1,63,195,0,0,0,0,0,0,0,0
41.703297,41.663860,128,255,88,255,23,1,63,195,0,0,0,0,0,0,0,0
41.813187,41.782291,128,255,88,255,25,1,63,195,128,0,0,0,0,0,0,0
41.923077,41.899956,128,255,94,255,23,1,51,195,0,0,0,0,0,0,0,0
42.032967,42.016796,128,255,94,255,23,1,51,195,0,0,0,0,0,0,0,0
42.197803,42.133488,128,255,85,255,25,1,60,195,0,0,0,0,0,0,0,0
42.307693,42.250946,128,255,85,255,25,1,60,195,0,0,0,0,0,0,0,0
42.417583,42.371883,128,255,75,255,23,1,52,194,128,0,0,0,0,0,0,0
42.527473,42.491898,128,255,82,255,26,1,52,195,0,0,0,0,0,0,0,0
42.637363,42.608437,127,255,82,255,23,1,55,194,0,0,0,0,0,0,0,0
42.747253,42.725281,128,255,73,255,23,1,64,195,0,0,0,0,0,0,0,0
42.857143,42.842941,127,255,70,255,26,1,74,195,128,0,0,0,0,0,0,0
43.021976,42.959682,127,255,70,255,26,1,74,195,128,0,0,0,0,0,0,0
43.131866,43.077290,128,255,73,255,24,1,59,195,0,0,0,0,0,0,0,0
43.241756,43.194035,128,255,73,255,24,1,59,195,0,0,0,0,0,0,0,0
43.351650,43.310772,128,255,62,255,23,2,59,194,0,0,0,0,0,0,0,0
43.461540,43.429356,128,255,68,255,28,1,55,194,128,0,0,0,0,0,0,0
43.571430,43.546047,127,255,68,255,23,1,71,194,128,0,0,0,0,0,0,0
43.681320,43.662788,128,255,62,255,26,1,57,195,0,0,0,0,0,0,0,0
43.846153,43.780655,128,255,61,255,23,1,71,194,0,0,0,0,0,0,0,0
43.956043,43.897240,128,255,58,255,22,1,77,195,0,0,0,0,0,0,0,0
44.065933,44.014904,128,255,58,255,21,1,79,195,128,0,0,0,0,0,0,0
44.175823,44.131798,127,255,62,255,24,1,77,195,128,0,0,0,0,0,0,0
44.285713,44.249462,127,255,65,255,24,1,64,195,0,0,0,0,0,0,0,0
44.395603,44.366096,128,255,63,255,24,1,55,195,0,0,0,0,0,0,0,0
44.505493,44.482632,128,255,64,255,24,1,68,195,128,0,0,0,0,0,0,0
44.615383,44.600552,128,255,64,255,25,1,57,195,128,0,0,0,0,0,0,0
44.780220,44.717293,127,255,61,255,22,1,64,195,128,0,0,0,0,0,0,0
44.890110,44.833981,127,255,61,255,22,1,64,195,128,0,0,0,0,0,0,0
45.000000,44.950775,128,255,73,255,22,1,55,195,128,0,0,0,0,0,0,0
45.109890,45.069614,127,255,71,255,26,1,56,194,128,0,0,0,0,0,0,0
45.219780,45.186352,128,255,69,255,23,1,58,195,128,0,0,0,0,0,0,0
45.329670,45.302944,127,255,69,255,23,1,63,195,128,0,0,0,0,0,0,0
45.439560,45.420708,127,255,62,255,23,1,55,194,0,0,0,0,0,0,0,0
45.604397,45.537449,127,255,62,255,23,1,55,194,0,0,0,0,0,0,0,0
45.714287,45.654186,127,255,62,255,23,1,55,194,0,0,0,0,0,0,0,0
45.824177,45.770828,127,255,62,255,23,1,55,194,0,0,0,0,0,0,0,0
45.934067,45.887669,127,255,62,255,23,1,55,194,0,0,0,0,0,0,0,0
46.043957,46.004360,128,255,69,255,23,1,79,195,0,0,0,0,0,0,0,0
46.153847,46.120895,128,255,73,255,23,1,63,195,0,0,0,0,0,0,0,0
46.263737,46.238304,128,255,77,255,23,1,50,194,0,0,0,0,0,0,0,0
46.373627,46.355042,128,255,79,255,24,1,50,194,0,0,0,0,0,0,0,0
46.538460,46.472755,127,255,81,255,24,1,79,195,128,0,0,0,0,0,0,0
46.648350,46.590569,127,255,72,255,24,1,63,194,0,0,0,0,0,0,0,0
46.758244,46.707157,128,255,73,255,25,1,68,194,0,0,0,0,0,0,0,0
46.868134,46.824921,128,255,71,255,24,1,71,195,128,0,0,0,0,0,0,0
46.978024,46.941509,128,255,71,255,24,1,71,195,128,0,0,0,0,0,0,0
47.087914,47.058247,127,255,65,255,24,1,70,194,0,0,0,0,0,0,0,0
47.197803,47.176682,128,255,71,255,25,1,75,194,0,0,0,0,0,0,0,0
47.362637,47.293423,127,255,72,255,24,1,64,194,0,0,0,0,0,0,0,0
47.472527,47.410057,127,255,63,255,24,1,64,194,0,0,0,0,0,0,0,0
47.582417,47.527668,128,255,60,255,23,1,79,194,128,0,0,0,0,0,0,0
47.692307,47.645435,128,255,60,255,26,1,64,195,0,0,0,0,0,0,0,0
47.802197,47.762074,127,255,70,255,23,1,64,194,0,0,0,0,0,0,0,0
47.912086,47.878864,128,255,70,255,23,1,64,195,0,0,0,0,0,0,0,0
48.021976,47.996677,127,255,72,255,23,1,62,195,128,0,0,0,0,0,0,0
48.131866,48.113422,128,255,67,255,23,1,70,195,128,0,0,0,0,0,0,0
48.296703,48.230316,128,255,70,255,24,1,71,195,128,0,0,0,0,0,0,0
48.406593,48.347824,128,255,70,255,26,1,66,194,0,0,0,0,0,0,0,0
48.516483,48.464718,128,255,69,255,24,1,80,195,0,0,0,0,0,0,0,0
48.626373,48.582481,128,255,72,255,24,1,68,195,128,0,0,0,0,0,0,0
48.736263,48.699223,128,255,77,255,23,1,74,195,128,0,0,0,0,0,0,0
48.846153,48.816780,128,255,71,255,23,1,76,194,0,0,0,0,0,0,0,0
48.956043,48.933418,127,255,69,255,23,1,76,194,0,0,0,0,0,0,0,0
49.065933,49.050316,128,255,72,255,24,1,74,195,0,0,0,0,0,0,0,0
49.230770,49.168030,128,255,87,255,24,1,89,195,128,0,0,0,0,0,0,0
49.340660,49.284821,128,255,65,255,24,1,63,195,128,0,0,0,0,0,0,0
49.450550,49.401405,128,255,64,255,24,1,71,194,0,0,0,0,0,0,0,0
49.560440,49.519226,127,255,62,255,23,1,68,195,0,0,0,0,0,0,0,0
49.670330,49.635811,128,255,73,255,23,1,64,194,0,0,0,0,0,0,0,0
49.780220,49.753525,128,255,67,255,23,1,72,195,128,0,0,0,0,0,0,0
49.890110,49.870163,128,255,73,255,23,1,64,195,128,0,0,0,0,0,0,0
50.054947,49.987053,128,255,64,255,23,1,70,194,0,0,0,0,0,0,0,0
50.164837,50.104717,128,255,62,255,23,1,72,194,0,0,0,0,0,0,0,0
50.274727,50.221409,128,255,67,255,23,1,55,194,0,0,0,0,0,0,0,0
50.384617,50.338200,128,255,67,255,23,1,55,194,0,0,0,0,0,0,0,0
50.494507,50.454941,128,255,69,255,23,1,75,194,128,0,0,0,0,0,0,0
50.604397,50.572605,127,255,64,255,23,1,64,195,128,0,0,0,0,0,0,0
50.714287,50.689137,127,255,64,255,23,1,64,195,128,0,0,0,0,0,0,0
50.824177,50.805931,128,255,54,255,22,1,70,195,128,0,0,0,0,0,0,0
50.989010,50.922520,128,255,54,255,22,1,70,195,128,0,0,0,0,0,0,0
51.098900,51.039104,128,255,61,255,26,1,70,195,128,0,0,0,0,0,0,0
51.208790,51.156715,128,255,60,255,23,1,75,195,0,0,0,0,0,0,0,0
51.318680,51.275864,128,255,63,255,22,1,63,195,0,0,0,0,0,0,0,0
51.428570,51.395672,128,255,67,255,23,1,63,195,0,0,0,0,0,0,0,0
51.538460,51.514156,128,255,65,255,23,1,63,195,128,0,0,0,0,0,0,0
51.648350,51.631050,128,255,75,255,24,1,63,195,128,0,0,0,0,0,0,0
51.813187,51.748814,127,255,64,255,25,1,63,194,0,0,0,0,0,0,0,0
51.923077,51.865608,127,255,64,255,25,1,63,194,0,0,0,0,0,0,0,0
52.032967,51.982193,127,255,67,255,25,1,63,194,0,0,0,0,0,0,0,0
52.142857,52.099903,128,255,66,255,24,1,51,195,128,0,0,0,0,0,0,0
52.252747,52.216698,128,255,59,255,24,1,85,194,128,0,0,0,0,0,0,0
52.362637,52.333286,127,255,63,255,23,1,85,194,128,0,0,0,0,0,0,0
52.472527,52.453251,127,255,63,255,23,1,84,195,0,0,0,0,0,0,0,0
52.637363,52.573009,128,255,66,255,24,1,84,194,128,0,0,0,0,0,0,0
52.747253,52.691391,128,255,62,255,24,1,84,195,128,0,0,0,0,0,0,0
52.857143,52.808281,128,255,57,255,24,1,75,195,128,0,0,0,0,0,0,0
52.967033,52.926094,128,255,68,255,25,1,75,195,0,0,0,0,0,0,0,0
53.076923,53.042686,128,255,68,255,25,1,75,195,0,0,0,0,0,0,0,0
53.186813,53.160397,128,255,62,255,25,1,71,195,128,0,0,0,0,0,0,0
53.296703,53.277035,128,255,62,255,24,1,87,195,128,0,0,0,0,0,0,0
53.461540,53.393780,128,255,62,255,24,1,87,195,128,0,0,0,0,0,0,0
53.571430,53.510418,128,255,62,255,24,1,87,195,128,0,0,0,0,0,0,0
53.681320,53.628132,128,255,62,255,24,1,87,195,128,0,0,0,0,0,0,0
53.791210,53.745075,128,255,63,255,24,1,87,195,128,0,0,0,0,0,0,0
53.901100,53.861767,128,255,71,255,24,1,80,195,128,0,0,0,0,0,0,0
54.010990,53.978352,128,255,73,255,24,1,90,195,0,0,0,0,0,0,0,0
54.120880,54.096218,128,255,73,255,24,1,90,195,0,0,0,0,0,0,0,0
54.285713,54.213936,128,255,52,255,24,1,90,195,0,0,0,0,0,0,0,0
54.395603,54.334667,128,255,49,255,23,1,90,195,128,0,0,0,0,0,0,0
54.505493,54.454475,128,255,55,255,23,1,75,194,128,0,0,0,0,0,0,0
54.615383,54.572395,128,255,60,255,23,1,63,195,0,0,0,0,0,0,0,0
54.725273,54.688984,128,255,53,255,23,1,58,195,0,0,0,0,0,0,0,0
54.835163,54.805721,128,255,53,255,24,1,72,195,0,0,0,0,0,0,0,0
54.945053,54.923382,128,255,61,255,23,1,56,194,128,0,0,0,0,0,0,0
55.109890,55.040226,128,255,61,255,23,1,56,194,128,0,0,0,0,0,0,0
55.219780,55.156815,128,255,52,255,26,1,59,195,0,0,0,0,0,0,0,0
55.329670,55.274529,128,255,49,255,23,1,71,194,0,0,0,0,0,0,0,0
55.439560,55.392086,128,255,50,255,26,1,64,195,0,0,0,0,0,0,0,0
55.549450,55.509544,128,251,52,255,23,2,55,195,128,0,0,0,0,0,0,0
55.659340,55.626133,128,255,54,255,24,1,63,194,128,0,0,0,0,0,0,0
55.769230,55.742771,128,255,54,255,24,1,63,194,128,0,0,0,0,0,0,0
55.879120,55.860638,128,255,56,255,24,1,64,194,0,0,0,0,0,0,0,0
56.043957,55.977222,128,255,59,255,24,1,64,194,0,0,0,0,0,0,0,0
56.153847,56.094833,128,255,59,255,22,1,63,194,128,0,0,0,0,0,0,0
56.263737,56.211575,127,255,59,255,24,1,48,195,128,0,0,0,0,0,0,0
56.373627,56.329132,127,255,49,255,23,1,60,195,128,0,0,0,0,0,0,0
56.483517,56.445930,128,252,44,255,25,2,51,194,0,0,0,0,0,0,0,0
56.593407,56.563488,128,252,44,255,25,2,51,194,0,0,0,0,0,0,0,0
56.703297,56.680176,128,224,44,255,24,1,61,195,0,0,0,0,0,0,0,0
56.868134,56.798096,128,216,57,255,23,1,54,194,128,0,0,0,0,0,0,0
56.978024,56.915653,127,225,48,255,23,1,51,194,0,0,0,0,0,0,0,0
57.087914,57.032551,127,235,54,255,25,1,55,194,0,0,0,0,0,0,0,0
57.197803,57.149391,128,226,52,255,23,1,54,194,0,0,0,0,0,0,0,0
57.307693,57.267822,128,226,52,255,23,1,54,195,128,0,0,0,0,0,0,0
57.417583,57.384357,128,226,52,255,23,1,54,195,128,0,0,0,0,0,0,0
57.527473,57.502224,128,210,50,255,23,1,64,195,0,0,0,0,0,0,0,0
57.637363,57.619118,128,210,50,255,23,1,64,195,0,0,0,0,0,0,0,0
57.802197,57.735809,128,255,60,255,23,1,64,195,0,0,0,0,0,0,0,0
57.912086,57.853573,128,255,62,255,24,1,61,195,128,0,0,0,0,0,0,0
58.021976,57.970314,128,255,58,255,23,1,59,194,128,0,0,0,0,0,0,0
58.131866,58.088741,128,255,53,255,24,1,71,194,0,0,0,0,0,0,0,0
58.241756,58.205482,128,253,50,255,24,1,65,195,0,0,0,0,0,0,0,0
58.351650,58.322174,128,253,44,255,24,1,65,195,0,0,0,0,0,0,0,0
58.461540,58.439014,127,255,63,255,26,1,69,195,0,0,0,0,0,0,0,0
58.626373,58.556526,127,255,63,255,26,1,69,194,128,0,0,0,0,0,0,0
58.736263,58.674339,128,255,61,255,24,1,63,195,0,0,0,0,0,0,0,0
58.846153,58.791031,128,255,61,255,24,1,63,195,0,0,0,0,0,0,0,0
58.956043,58.907925,128,255,61,255,24,1,63,195,0,0,0,0,0,0,0,0
59.065933,59.025997,127,255,53,255,23,1,63,194,128,0,0,0,0,0,0,0
59.175823,59.146885,127,255,53,255,23,1,63,194,128,0,0,0,0,0,0,0
59.340660,59.266693,127,255,53,255,23,1,63,194,128,0,0,0,0,0,0,0
59.450550,59.386402,127,255,53,255,23,1,63,194,128,0,0,0,0,0,0,0
59.560440,59.506214,127,255,53,255,23,1,63,194,128,0,0,0,0,0,0,0
59.670330,59.625977,128,255,58,255,23,1,63,194,128,0,0,0,0,0,0,0
59.780220,59.745632,127,255,56,255,23,1,67,194,128,0,0,0,0,0,0,0
59.890110,59.865345,127,255,50,255,23,1,80,194,0,0,0,0,0,0,0,0
60.054947,59.983257,128,255,49,255,22,1,74,194,0,0,0,0,0,0,0,0
60.164837,60.101025,127,253,58,255,24,1,60,195,128,0,0,0,0,0,0,0
60.274727,60.217663,128,255,58,255,24,1,63,195,128,0,0,0,0,0,0,0
60.384617,60.334507,128,255,58,255,24,1,63,195,128,0,0,0,0,0,0,0
60.494507,60.452271,128,246,51,255,21,1,76,194,0,0,0,0,0,0,0,0
60.604397,60.568962,127,252,58,255,23,2,55,195,0,0,0,0,0,0,0,0
60.714287,60.686520,128,255,65,255,26,1,59,194,128,0,0,0,0,0,0,0
60.824177,60.804081,128,255,74,255,23,1,63,194,128,0,0,0,0,0,0,0
60.989010,60.920921,128,255,82,255,23,1,66,195,0,0,0,0,0,0,0,0
61.098900,61.038586,127,255,63,255,24,1,59,195,0,0,0,0,0,0,0,0
61.208790,61.155323,127,255,63,255,24,1,59,195,0,0,0,0,0,0,0,0
61.318680,61.273037,127,255,70,255,24,1,54,194,128,0,0,0,0,0,0,0
61.428570,61.389729,128,255,71,255,24,1,87,195,128,0,0,0,0,0,0,0
61.538460,61.507233,127,255,76,255,23,1,39,194,0,0,0,0,0,0,0,0
61.648350,61.624027,128,255,82,255,23,1,39,194,0,0,0,0,0,0,0,0
61.813187,61.740768,128,255,66,255,23,1,78,195,0,0,0,0,0,0,0,0
61.923077,61.857559,127,255,65,255,23,1,48,194,128,0,0,0,0,0,0,0
62.032967,61.975376,128,255,64,255,24,1,77,195,128,0,0,0,0,0,0,0
62.142857,62.092117,128,255,64,255,26,2,62,195,128,0,0,0,0,0,0,0
62.252747,62.209724,128,255,83,255,23,1,50,195,0,0,0,0,0,0,0,0
62.362637,62.326214,128,255,83,255,23,1,50,195,0,0,0,0,0,0,0,0
62.472527,62.443874,128,255,70,255,24,1,48,195,128,0,0,0,0,0,0,0
62.582417,62.560719,128,255,70,255,24,1,48,195,128,0,0,0,0,0,0,0
62.747253,62.678379,127,255,80,255,23,1,69,194,0,0,0,0,0,0,0,0
62.857143,62.794964,127,255,80,255,23,1,69,194,0,0,0,0,0,0,0,0
62.967033,62.911709,128,255,75,255,23,1,70,195,0,0,0,0,0,0,0,0
63.076923,63.028500,128,255,76,255,23,1,56,195,128,0,0,0,0,0,0,0
63.186813,63.146008,128,255,76,255,23,1,49,194,128,0,0,0,0,0,0,0
63.296703,63.262749,128,255,85,255,23,1,49,194,128,0,0,0,0,0,0,0
63.406593,63.379284,128,255,75,255,23,1,49,194,128,0,0,0,0,0,0,0
63.571430,63.497150,128,255,70,255,25,1,71,194,128,0,0,0,0,0,0,0
63.681320,63.614609,127,255,65,255,24,1,56,195,128,0,0,0,0,0,0,0
63.791210,63.731709,128,255,77,255,23,1,95,195,128,0,0,0,0,0,0,0
63.901100,63.849472,127,255,71,255,24,1,68,194,0,0,0,0,0,0,0,0
64.010986,63.966164,128,255,83,255,23,1,64,195,0,0,0,0,0,0,0,0
64.120880,64.082649,128,255,83,255,24,1,79,194,0,0,0,0,0,0,0,0
64.230766,64.199333,128,255,83,255,24,1,79,194,0,0,0,0,0,0,0,0
64.340660,64.317154,128,255,84,255,23,1,63,195,128,0,0,0,0,0,0,0
64.505493,64.433685,128,255,84,255,23,1,63,195,128,0,0,0,0,0,0,0
64.615387,64.550331,128,255,84,255,23,1,63,195,128,0,0,0,0,0,0,0
64.725273,64.667122,128,255,84,255,23,1,63,195,128,0,0,0,0,0,0,0
64.835167,64.783913,128,255,76,255,23,1,63,195,128,0,0,0,0,0,0,0
64.945053,64.903671,128,255,76,255,23,1,83,194,128,0,0,0,0,0,0,0
65.054947,65.023384,128,255,76,255,23,1,83,194,128,0,0,0,0,0,0,0
65.219780,65.144218,127,255,82,255,23,1,82,195,0,0,0,0,0,0,0,0
65.329674,65.263870,128,255,100,255,23,1,82,195,0,0,0,0,0,0,0,0
65.439560,65.383583,128,255,100,255,23,1,82,195,0,0,0,0,0,0,0,0
65.549454,65.503288,128,255,100,255,23,1,82,195,0,0,0,0,0,0,0,0
65.659340,65.622902,128,255,100,255,23,1,82,195,0,0,0,0,0,0,0,0
65.769234,65.742500,127,255,109,255,23,1,79,194,0,0,0,0,0,0,0,0
65.934067,65.862518,127,255,109,255,23,1,79,194,0,0,0,0,0,0,0,0
66.043953,65.982124,127,255,109,255,23,1,79,194,0,0,0,0,0,0,0,0
66.153847,66.101936,127,255,103,255,23,1,84,194,0,0,0,0,0,0,0,0
66.263733,66.218529,127,255,103,255,23,1,84,194,0,0,0,0,0,0,0,0
66.373627,66.335167,127,255,114,255,23,1,83,194,0,0,0,0,0,0,0,0
66.483513,66.452774,128,255,112,255,23,1,74,195,128,0,0,0,0,0,0,0
66.593407,66.569725,128,255,116,255,21,1,79,195,128,0,0,0,0,0,0,0
66.758240,66.687332,128,255,110,255,24,1,85,195,0,0,0,0,0,0,0,0
66.868134,66.804024,128,255,110,255,24,1,85,195,0,0,0,0,0,0,0,0
66.978020,66.920609,128,255,121,255,25,1,83,195,0,0,0,0,0,0,0,0
67.087914,67.039192,128,255,123,255,26,1,83,195,128,0,0,0,0,0,0,0
67.197800,67.155777,128,255,123,255,26,1,83,195,128,0,0,0,0,0,0,0
67.307693,67.272469,128,255,119,255,24,1,72,195,0,0,0,0,0,0,0,0
67.417580,67.390182,128,255,119,255,24,1,79,195,0,0,0,0,0,0,0,0
67.582420,67.507027,127,255,111,255,23,2,77,195,0,0,0,0,0,0,0,0
67.692307,67.624840,128,255,116,255,24,1,63,195,128,0,0,0,0,0,0,0
67.802200,67.741425,128,255,124,255,25,1,75,195,128,0,0,0,0,0,0,0
67.912086,67.858475,128,255,122,255,23,1,72,194,0,0,0,0,0,0,0,0
68.021980,67.976242,128,255,111,255,24,1,72,195,0,0,0,0,0,0,0,0
68.131866,68.092728,128,255,111,255,24,1,63,195,0,0,0,0,0,0,0,0
68.241760,68.209518,128,255,114,255,23,1,63,195,128,0,0,0,0,0,0,0
68.351646,68.327332,128,255,108,255,24,1,78,195,128,0,0,0,0,0,0,0
68.516487,68.444122,128,255,108,255,24,1,78,195,128,0,0,0,0,0,0,0
68.626373,68.561890,128,255,105,255,24,1,63,195,0,0,0,0,0,0,0,0
68.736267,68.678734,128,255,97,255,24,1,63,195,0,0,0,0,0,0,0,0
68.846153,68.798187,128,255,91,255,23,1,63,194,128,0,0,0,0,0,0,0
68.956047,68.918053,128,255,103,255,26,1,57,194,128,0,0,0,0,0,0,0
69.065933,69.034790,128,255,103,255,26,1,57,194,128,0,0,0,0,0,0,0
69.175827,69.151581,128,255,94,255,21,1,71,195,0,0,0,0,0,0,0,0
69.340660,69.269295,128,255,88,255,23,1,64,195,0,0,0,0,0,0,0,0
69.450546,69.387062,128,255,88,255,23,1,64,194,128,0,0,0,0,0,0,0
69.560440,69.503647,128,255,88,255,23,1,48,195,128,0,0,0,0,0,0,0
69.670326,69.620544,128,255,88,255,23,1,48,195,128,0,0,0,0,0,0,0
69.780220,69.738251,128,255,83,255,23,1,77,195,0,0,0,0,0,0,0,0
69.890106,69.855713,128,255,73,255,23,1,77,195,0,0,0,0,0,0,0,0
70.000000,69.975883,127,255,77,255,23,1,56,195,128,0,0,0,0,0,0,0
70.164833,70.095589,127,255,77,255,23,1,56,195,128,0,0,0,0,0,0,0
70.274727,70.216270,127,255,76,255,23,1,62,194,0,0,0,0,0,0,0,0
70.384613,70.336136,128,255,83,255,24,1,49,194,0,0,0,0,0,0,0,0
70.494507,70.452774,128,255,83,255,24,1,63,194,0,0,0,0,0,0,0,0
70.604393,70.570435,127,255,78,255,24,1,64,195,128,0,0,0,0,0,0,0
70.714287,70.687225,127,255,78,255,24,1,64,195,128,0,0,0,0,0,0,0
70.879120,70.803864,127,255,78,255,24,1,64,195,128,0,0,0,0,0,0,0
70.989014,70.921478,128,255,71,255,23,1,64,195,0,0,0,0,0,0,0,0
71.098900,71.038116,128,255,77,255,23,1,64,195,0,0,0,0,0,0,0,0
71.208794,71.155060,128,255,81,255,24,1,64,195,0,0,0,0,0,0,0,0
71.318680,71.273438,127,255,81,255,24,1,63,195,128,0,0,0,0,0,0,0
71.428574,71.393509,128,255,81,255,23,1,74,195,0,0,0,0,0,0,0,0
71.538460,71.510300,128,255,92,255,23,1,64,194,0,0,0,0,0,0,0,0
71.703300,71.628319,128,255,96,255,25,1,76,195,128,0,0,0,0,0,0,0
71.813187,71.745056,128,255,96,255,25,1,75,194,128,0,0,0,0,0,0,0
71.923080,71.861801,128,255,96,255,25,1,75,194,128,0,0,0,0,0,0,0
72.032967,71.979515,128,255,75,255,24,2,67,194,0,0,0,0,0,0,0,0
72.142860,72.096046,128,255,88,255,23,1,80,195,0,0,0,0,0,0,0,0
72.252747,72.212585,128,255,83,255,25,1,84,195,128,0,0,0,0,0,0,0
72.362640,72.330910,128,255,82,255,26,1,69,194,128,0,0,0,0,0,0,0
72.472527,72.447807,128,255,82,255,26,1,69,194,128,0,0,0,0,0,0,0
72.637360,72.564392,127,255,84,255,25,1,80,195,0,0,0,0,0,0,0,0
72.747253,72.682053,128,255,87,255,24,1,63,194,0,0,0,0,0,0,0,0
72.857140,72.799820,128,255,77,255,23,1,67,195,128,0,0,0,0,0,0,0
72.967033,72.916664,128,255,76,255,23,1,80,195,128,0,0,0,0,0,0,0
73.076920,73.033302,128,255,76,255,23,1,85,195,128,0,0,0,0,0,0,0
73.186813,73.151016,128,255,83,255,24,1,57,195,0,0,0,0,0,0,0,0
73.296700,73.267914,128,255,83,255,24,1,72,194,0,0,0,0,0,0,0,0
73.461540,73.385727,128,255,74,255,24,1,76,195,128,0,0,0,0,0,0,0
73.571426,73.502617,127,255,64,255,23,1,72,194,128,0,0,0,0,0,0,0
73.681320,73.620331,127,255,63,255,24,1,78,194,0,0,0,0,0,0,0,0
73.791206,73.737328,128,255,69,255,24,1,64,194,0,0,0,0,0,0,0,0
73.901100,73.854019,127,255,69,255,24,1,75,194,0,0,0,0,0,0,0,0
74.010986,73.970558,127,255,69,255,24,1,75,194,0,0,0,0,0,0,0,0
74.120880,74.088318,128,255,70,255,23,1,76,195,128,0,0,0,0,0,0,0
74.230766,74.206139,128,255,70,255,24,1,70,195,0,0,0,0,0,0,0,0
74.395607,74.323082,128,255,67,255,23,1,69,194,0,0,0,0,0,0,0,0
74.505493,74.439613,128,255,67,255,24,1,68,194,128,0,0,0,0,0,0,0
74.615387,74.557434,127,255,75,255,22,1,64,194,128,0,0,0,0,0,0,0
74.725273,74.674377,127,255,75,255,22,1,64,194,128,0,0,0,0,0,0,0
74.835167,74.791939,128,255,80,255,24,1,73,195,0,0,0,0,0,0,0,0
74.945053,74.908577,128,255,80,255,24,1,73,195,0,0,0,0,0,0,0,0
75.054947,75.025162,128,255,75,255,23,1,59,194,0,0,0,0,0,0,0,0
75.219780,75.142006,128,255,67,255,23,1,71,194,128,0,0,0,0,0,0,0
75.329674,75.259666,127,255,73,255,23,1,61,194,128,0,0,0,0,0,0,0
75.439560,75.377739,127,255,69,255,24,1,72,195,0,0,0,0,0,0,0,0
75.549454,75.494637,128,255,71,255,24,1,57,194,0,0,0,0,0,0,0,0
75.659340,75.611122,128,255,71,255,24,1,57,194,0,0,0,0,0,0,0,0
75.769234,75.728622,128,255,66,255,21,2,71,195,128,0,0,0,0,0,0,0
75.879120,75.845421,128,255,67,255,23,1,61,194,128,0,0,0,0,0,0,0
75.989014,75.963333,128,255,68,255,23,1,59,195,0,0,0,0,0,0,0,0
76.153847,76.080025,128,255,68,255,23,1,59,195,0,0,0,0,0,0,0,0
76.263733,76.197685,128,255,73,255,24,1,55,194,128,0,0,0,0,0,0,0
76.373627,76.314476,127,255,71,255,23,1,75,194,128,0,0,0,0,0,0,0
76.483513,76.432091,128,255,66,255,24,1,57,195,128,0,0,0,0,0,0,0
76.593407,76.551918,128,255,71,255,24,1,54,195,0,0,0,0,0,0,0,0
76.703300,76.668640,127,255,68,255,24,1,79,194,0,0,0,0,0,0,0,0
76.813187,76.786514,128,255,65,255,23,1,59,194,128,0,0,0,0,0,0,0
76.978020,76.903252,128,255,57,255,25,1,71,194,128,0,0,0,0,0,0,0
77.087914,77.020042,127,255,68,255,24,1,76,194,128,0,0,0,0,0,0,0
77.197800,77.137650,128,255,71,255,23,1,53,195,0,0,0,0,0,0,0,0
77.307693,77.254700,128,255,68,255,23,1,87,195,0,0,0,0,0,0,0,0
77.417580,77.371185,128,255,68,255,23,1,87,195,0,0,0,0,0,0,0,0
77.527473,77.488747,128,255,68,255,23,1,87,195,0,0,0,0,0,0,0,0
77.637360,77.608452,128,255,68,255,23,1,87,195,0,0,0,0,0,0,0,0
77.802200,77.728424,128,255,68,255,23,1,87,195,0,0,0,0,0,0,0,0
77.912086,77.848129,128,255,64,255,23,1,58,195,0,0,0,0,0,0,0,0
78.021980,77.965744,127,255,71,255,23,1,70,195,128,0,0,0,0,0,0,0
78.131866,78.083450,127,255,71,255,23,1,70,195,128,0,0,0,0,0,0,0
78.241760,78.199989,128,255,74,255,23,1,52,194,128,0,0,0,0,0,0,0
78.351646,78.316780,128,255,74,255,23,1,52,194,128,0,0,0,0,0,0,0
78.461540,78.434441,128,255,78,255,23,1,59,194,0,0,0,0,0,0,0,0
78.626373,78.551079,128,255,78,255,23,1,59,194,0,0,0,0,0,0,0,0
78.736267,78.667671,128,255,78,255,23,1,59,194,0,0,0,0,0,0,0,0
78.846153,78.784409,128,255,78,255,23,1,59,194,0,0,0,0,0,0,0,0
78.956047,78.903503,128,255,78,255,23,1,59,194,0,0,0,0,0,0,0,0
79.065933,79.023262,128,255,78,255,23,1,59,194,0,0,0,0,0,0,0,0
79.175827,79.143898,128,255,46,255,23,1,45,194,128,0,0,0,0,0,0,0
79.340660,79.263863,128,255,46,255,23,1,45,194,128,0,0,0,0,0,0,0
79.450546,79.384590,128,255,57,255,23,1,52,195,0,0,0,0,0,0,0,0
79.560440,79.504356,128,255,57,255,23,1,52,195,0,0,0,0,0,0,0,0
79.670326,79.624016,128,255,57,255,23,1,52,195,0,0,0,0,0,0,0,0
79.780220,79.743721,128,255,57,255,23,1,52,195,0,0,0,0,0,0,0,0
79.890106,79.863075,128,255,64,255,24,1,53,195,128,0,0,0,0,0,0,0
80.054947,79.980682,128,255,61,255,22,1,75,194,0,0,0,0,0,0,0,0
80.164833,80.097473,128,255,62,255,23,1,63,195,0,0,0,0,0,0,0,0
80.274727,80.214317,128,255,61,255,23,1,80,194,128,0,0,0,0,0,0,0
80.384613,80.332184,128,255,61,255,24,1,63,194,128,0,0,0,0,0,0,0
80.494507,80.448822,128,255,55,255,25,1,71,195,128,0,0,0,0,0,0,0
80.604393,80.565613,128,255,61,255,23,1,71,195,128,0,0,0,0,0,0,0
80.714287,80.683479,128,255,60,255,23,2,68,194,0,0,0,0,0,0,0,0
80.879120,80.800888,127,255,67,255,24,1,82,195,128,0,0,0,0,0,0,0
80.989014,80.918648,128,255,74,255,23,1,80,195,128,0,0,0,0,0,0,0
81.098900,81.035286,128,255,71,255,23,1,80,195,128,0,0,0,0,0,0,0
81.208794,81.153206,128,255,71,255,23,1,58,195,0,0,0,0,0,0,0,0
81.318680,81.269997,127,255,85,255,24,1,71,195,0,0,0,0,0,0,0,0
81.428574,81.387505,128,255,80,255,23,1,80,194,128,0,0,0,0,0,0,0
81.538460,81.504250,128,255,79,255,23,1,61,194,128,0,0,0,0,0,0,0
81.648354,81.620987,128,255,79,255,23,1,61,194,128,0,0,0,0,0,0,0
81.813187,81.738861,128,255,83,255,24,1,71,195,0,0,0,0,0,0,0,0
81.923080,81.855492,128,255,83,255,24,1,71,195,0,0,0,0,0,0,0,0
82.032967,81.972389,128,255,83,255,24,1,71,195,0,0,0,0,0,0,0,0
82.142860,82.089081,128,255,83,255,24,1,71,195,0,0,0,0,0,0,0,0
82.252747,82.206741,128,255,89,255,23,1,54,195,128,0,0,0,0,0,0,0
82.362640,82.326500,127,255,96,255,24,1,64,195,0,0,0,0,0,0,0,0
82.527473,82.446213,127,255,103,255,24,1,55,194,0,0,0,0,0,0,0,0
82.637360,82.563057,128,255,93,255,24,1,63,195,128,0,0,0,0,0,0,0
82.747253,82.680870,127,255,114,255,24,1,65,194,128,0,0,0,0,0,0,0
82.857140,82.797661,127,255,117,255,23,2,79,195,128,0,0,0,0,0,0,0
82.967033,82.915527,128,255,121,255,22,2,71,194,0,0,0,0,0,0,0,0
83.076920,83.032066,128,255,125,255,25,1,49,195,0,0,0,0,0,0,0,0
83.186813,83.149826,128,255,132,255,23,1,68,195,128,0,0,0,0,0,0,0
83.296700,83.266518,128,255,123,255,24,1,84,194,128,0,0,0,0,0,0,0
83.461540,83.384079,128,255,133,255,23,2,61,195,0,0,0,0,0,0,0,0
83.571426,83.501945,128,255,141,255,24,1,89,194,0,0,0,0,0,0,0,0
83.681320,83.618538,127,255,150,255,23,1,76,195,0,0,0,0,0,0,0,0
83.791206,83.735321,128,255,147,255,23,1,64,194,0,0,0,0,0,0,0,0
83.901100,83.851860,128,255,147,255,23,1,64,194,0,0,0,0,0,0,0,0
84.010986,83.969269,127,255,150,255,22,1,72,195,128,0,0,0,0,0,0,0
84.120880,84.086975,128,255,151,255,23,1,76,194,0,0,0,0,0,0,0,0
84.285713,84.203926,128,255,151,255,23,1,64,195,0,0,0,0,0,0,0,0
84.395607,84.321480,128,255,151,255,26,1,69,195,128,0,0,0,0,0,0,0
84.505493,84.438126,128,255,151,255,26,1,69,195,128,0,0,0,0,0,0,0
84.615387,84.557114,128,255,151,255,26,1,69,195,128,0,0,0,0,0,0,0
84.725273,84.676773,127,255,152,255,24,1,68,194,0,0,0,0,0,0,0,0
84.835167,84.794586,128,255,153,255,23,1,79,195,0,0,0,0,0,0,0,0
84.945053,84.911278,128,255,153,255,23,1,79,195,0,0,0,0,0,0,0,0
85.109894,85.028481,128,255,152,255,24,1,71,195,128,0,0,0,0,0,0,0
85.219780,85.147217,127,255,153,255,23,1,94,194,0,0,0,0,0,0,0,0
85.329674,85.263855,127,255,153,255,24,1,72,194,0,0,0,0,0,0,0,0
85.439560,85.380852,128,255,153,255,23,1,72,194,0,0,0,0,0,0,0,0
85.549454,85.498566,128,255,153,255,23,1,66,195,128,0,0,0,0,0,0,0
85.659340,85.615822,128,255,153,255,23,1,79,195,128,0,0,0,0,0,0,0
85.769234,85.733528,128,255,154,255,24,1,63,195,0,0,0,0,0,0,0,0
85.879120,85.850372,128,255,152,255,26,1,88,195,0,0,0,0,0,0,0,0
86.043953,85.967163,128,255,152,255,26,1,88,195,0,0,0,0,0,0,0,0
86.153847,86.084877,128,255,152,255,24,1,77,195,128,0,0,0,0,0,0,0
86.263733,86.201622,128,255,150,255,24,1,67,194,128,0,0,0,0,0,0,0
86.373627,86.318260,128,255,150,255,24,1,67,194,128,0,0,0,0,0,0,0
86.483513,86.434944,128,255,153,255,24,1,56,195,0,0,0,0,0,0,0,0
86.593407,86.552612,128,255,152,255,24,1,64,194,0,0,0,0,0,0,0,0
86.703300,86.669296,128,255,151,255,23,1,64,194,0,0,0,0,0,0,0,0
86.868134,86.787163,127,255,153,255,23,1,79,195,128,0,0,0,0,0,0,0
86.978020,86.904877,127,255,152,255,24,1,63,194,0,0,0,0,0,0,0,0
87.087914,87.021729,128,255,152,255,22,1,71,195,0,0,0,0,0,0,0,0
87.197800,87.139488,128,255,152,255,23,1,76,194,128,0,0,0,0,0,0,0
87.307693,87.256172,128,255,153,255,23,1,76,195,128,0,0,0,0,0,0,0
87.417580,87.372818,128,255,153,255,23,1,76,195,128,0,0,0,0,0,0,0
87.527473,87.490578,128,255,151,255,23,1,71,195,0,0,0,0,0,0,0,0
87.637360,87.607475,128,255,152,255,25,1,75,194,0,0,0,0,0,0,0,0
87.802200,87.724060,127,255,152,255,25,1,75,194,0,0,0,0,0,0,0,0
87.912086,87.841881,128,255,151,255,23,1,61,195,128,0,0,0,0,0,0,0
88.021980,87.958618,127,255,152,255,23,1,79,194,128,0,0,0,0,0,0,0
88.131866,88.075615,127,255,152,255,23,1,64,194,0,0,0,0,0,0,0,0
88.241760,88.193123,127,255,152,255,23,1,64,194,0,0,0,0,0,0,0,0
88.351646,88.309868,127,255,153,255,23,1,79,195,0,0,0,0,0,0,0,0
88.461540,88.426506,127,255,153,255,23,1,79,195,0,0,0,0,0,0,0,0
88.626373,88.544678,128,255,153,255,25,1,61,194,128,0,0,0,0,0,0,0
88.736267,88.661415,128,255,153,255,25,1,61,194,128,0,0,0,0,0,0,0
88.846153,88.779076,128,255,154,255,24,1,79,195,0,0,0,0,0,0,0,0
88.956047,88.895973,128,255,154,255,24,1,79,195,0,0,0,0,0,0,0,0
89.065933,89.015938,127,255,154,255,24,1,79,195,0,0,0,0,0,0,0,0
89.175827,89.136566,127,255,153,255,25,1,62,194,128,0,0,0,0,0,0,0
89.340660,89.257454,128,255,157,255,24,1,80,195,0,0,0,0,0,0,0,0
89.450546,89.377419,128,255,158,255,21,1,59,195,0,0,0,0,0,0,0,0
89.560440,89.496971,128,255,158,255,21,1,59,195,0,0,0,0,0,0,0,0
89.670326,89.616684,128,255,158,255,21,1,59,195,0,0,0,0,0,0,0,0
89.780220,89.736496,128,255,158,255,21,1,59,195,0,0,0,0,0,0,0,0
89.890106,89.855545,128,255,156,255,23,1,76,195,0,0,0,0,0,0,0,0
90.054947,89.972282,128,255,156,255,23,1,76,195,0,0,0,0,0,0,0,0
90.164833,90.089020,128,255,157,255,23,1,76,195,0,0,0,0,0,0,0,0
90.274727,90.206680,128,255,157,255,23,1,63,196,128,0,0,0,0,0,0,0
90.384613,90.324654,128,255,161,255,23,1,64,196,0,0,0,0,0,0,0,0
90.494507,90.441292,128,255,161,255,21,1,64,195,0,0,0,0,0,0,0,0
90.604393,90.557877,128,255,159,255,23,1,71,195,0,0,0,0,0,0,0,0
90.714287,90.675743,128,255,165,255,24,1,55,195,128,0,0,0,0,0,0,0
90.824173,90.793198,127,255,157,255,22,1,63,195,128,0,0,0,0,0,0,0
90.989014,90.910095,127,255,157,255,22,1,63,195,128,0,0,0,0,0,0,0
91.098900,91.026634,127,255,157,255,22,1,63,195,128,0,0,0,0,0,0,0
91.208794,91.144447,128,255,156,255,22,1,50,195,0,0,0,0,0,0,0,0
91.318680,91.262314,128,255,156,255,23,1,59,195,128,0,0,0,0,0,0,0
91.428574,91.378799,128,255,154,255,24,1,62,195,128,0,0,0,0,0,0,0
91.538460,91.496567,128,255,153,255,24,1,48,195,0,0,0,0,0,0,0,0
91.648354,91.613205,128,255,154,255,24,1,59,195,0,0,0,0,0,0,0,0
91.813187,91.730148,128,255,154,255,24,1,59,195,0,0,0,0,0,0,0,0
91.923080,91.847809,128,255,153,255,23,1,64,195,128,0,0,0,0,0,0,0
92.032967,91.964554,128,255,155,255,24,1,73,195,128,0,0,0,0,0,0,0
92.142860,92.082466,128,255,154,255,23,1,59,195,0,0,0,0,0,0,0,0
92.252747,92.199005,128,255,155,255,22,1,79,196,0,0,0,0,0,0,0,0
92.362640,92.315697,128,255,154,255,22,1,59,195,128,0,0,0,0,0,0,0
92.472527,92.433205,128,255,156,255,26,1,87,195,128,0,0,0,0,0,0,0
92.582420,92.550247,128,255,154,255,26,1,79,195,128,0,0,0,0,0,0,0
92.747253,92.666885,128,255,154,255,26,1,79,195,128,0,0,0,0,0,0,0
92.857140,92.784805,128,255,152,255,24,1,79,195,0,0,0,0,0,0,0,0
92.967033,92.901344,128,255,153,255,23,1,80,195,0,0,0,0,0,0,0,0
93.076920,93.018188,128,255,153,255,23,1,80,195,0,0,0,0,0,0,0,0
93.186813,93.135849,128,255,153,255,24,2,87,195,128,0,0,0,0,0,0,0
93.296700,93.253563,128,255,153,255,23,1,71,195,0,0,0,0,0,0,0,0
93.406593,93.370354,128,255,153,255,26,1,86,195,0,0,0,0,0,0,0,0
93.571426,93.487091,128,255,153,255,26,1,86,195,0,0,0,0,0,0,0,0
93.681320,93.603935,128,255,154,255,23,1,64,195,128,0,0,0,0,0,0,0
93.791206,93.721596,128,255,155,255,26,2,80,195,128,0,0,0,0,0,0,0
93.901100,93.838493,128,255,155,255,26,2,80,195,128,0,0,0,0,0,0,0
94.010986,93.956055,128,255,157,255,22,1,71,194,0,0,0,0,0,0,0,0
94.120880,94.072739,128,255,155,255,23,1,76,195,128,0,0,0,0,0,0,0
94.230766,94.191223,128,255,155,255,23,1,76,195,128,0,0,0,0,0,0,0
94.395607,94.311295,128,255,155,255,24,1,79,195,128,0,0,0,0,0,0,0
94.505493,94.429665,128,255,156,255,23,1,79,195,0,0,0,0,0,0,0,0
94.615387,94.546356,128,255,156,255,23,1,79,195,0,0,0,0,0,0,0,0
94.725273,94.664276,128,255,154,255,23,1,71,195,128,0,0,0,0,0,0,0
94.835167,94.780861,128,255,154,255,23,1,71,195,128,0,0,0,0,0,0,0
94.945053,94.897400,128,255,154,255,23,1,71,195,128,0,0,0,0,0,0,0
95.054947,95.014038,128,255,154,255,23,1,71,195,128,0,0,0,0,0,0,0
95.164833,95.130775,128,255,154,255,23,1,71,195,128,0,0,0,0,0,0,0
95.329674,95.247414,128,255,154,255,24,1,96,195,128,0,0,0,0,0,0,0
95.439560,95.366409,128,255,154,255,24,1,96,195,128,0,0,0,0,0,0,0
95.549454,95.486115,128,255,155,255,23,1,64,195,128,0,0,0,0,0,0,0
95.659340,95.606750,128,255,154,255,26,1,84,195,0,0,0,0,0,0,0,0
95.769234,95.726357,128,255,154,255,21,1,48,195,0,0,0,0,0,0,0,0
95.879120,95.843147,128,255,154,255,21,1,48,195,0,0,0,0,0,0,0,0
96.043953,95.960861,128,255,154,255,23,1,77,195,128,0,0,0,0,0,0,0
96.153847,96.077499,128,255,155,255,23,1,51,195,128,0,0,0,0,0,0,0
96.263733,96.195114,128,255,154,255,23,1,71,195,0,0,0,0,0,0,0,0
96.373627,96.312157,128,255,155,255,24,1,47,196,0,0,0,0,0,0,0,0
96.483513,96.429672,128,255,153,255,22,1,64,195,128,0,0,0,0,0,0,0
96.593407,96.546257,128,255,154,255,23,1,63,195,128,0,0,0,0,0,0,0
96.703300,96.663559,128,255,153,255,24,1,60,195,0,0,0,0,0,0,0,0
96.868134,96.781326,128,255,152,255,23,1,68,195,0,0,0,0,0,0,0,0
96.978020,96.898163,128,255,151,255,23,1,59,195,0,0,0,0,0,0,0,0
97.087914,97.014702,128,255,151,255,23,1,59,195,0,0,0,0,0,0,0,0
97.197800,97.132469,128,255,152,255,21,1,44,195,128,0,0,0,0,0,0,0
97.307693,97.249207,127,255,152,255,21,1,44,195,128,0,0,0,0,0,0,0
97.417580,97.366661,127,255,152,255,21,1,44,195,128,0,0,0,0,0,0,0
97.527473,97.485809,128,255,152,255,24,2,56,195,0,0,0,0,0,0,0,0
97.637360,97.603523,128,255,151,255,23,1,51,195,128,0,0,0,0,0,0,0
97.802200,97.720215,128,255,151,255,23,1,59,195,128,0,0,0,0,0,0,0
97.912086,97.836746,128,255,150,255,23,1,59,195,128,0,0,0,0,0,0,0
98.021980,97.954308,128,255,151,255,22,1,63,195,0,0,0,0,0,0,0,0
98.131866,98.071205,128,255,153,255,23,1,71,195,128,0,0,0,0,0,0,0
98.241760,98.188766,128,255,153,255,23,1,71,195,128,0,0,0,0,0,0,0
98.351646,98.305557,127,255,153,255,23,1,52,195,128,0,0,0,0,0,0,0
98.461540,98.423576,127,255,154,255,23,1,78,194,0,0,0,0,0,0,0,0
98.626373,98.544304,127,255,154,255,23,1,78,194,0,0,0,0,0,0,0,0
98.736267,98.663963,127,255,154,255,23,1,78,194,0,0,0,0,0,0,0,0
98.846153,98.783218,128,255,153,255,22,1,72,195,128,0,0,0,0,0,0,0
98.956047,98.899902,128,255,153,255,22,1,72,195,128,0,0,0,0,0,0,0
99.065933,99.017410,128,255,154,255,24,1,77,195,0,0,0,0,0,0,0,0
99.175827,99.134155,128,255,154,255,24,1,77,195,0,0,0,0,0,0,0,0
99.285713,99.250847,127,255,153,255,21,1,79,194,128,0,0,0,0,0,0,0
99.450546,99.368561,128,255,154,255,23,1,84,195,128,0,0,0,0,0,0,0
99.560440,99.485298,128,255,153,255,24,1,87,195,128,0,0,0,0,0,0,0
99.670326,99.602142,128,255,153,255,25,1,87,195,128,0,0,0,0,0,0,0
99.780220,99.721436,128,255,153,255,25,1,72,194,0,0,0,0,0,0,0,0
99.890106,99.841248,128,255,153,255,25,1,72,194,0,0,0,0,0,0,0,0
100.000000,99.961929,128,255,156,255,24,1,80,194,128,0,0,0,0,0,0,0
100.164833,100.078674,128,255,154,255,24,1,80,194,128,0,0,0,0,0,0,0
100.274727,100.196281,128,255,154,255,24,1,87,195,0,0,0,0,0,0,0,0
100.384613,100.312920,128,255,154,255,24,1,87,195,0,0,0,0,0,0,0,0
100.494507,100.429611,128,255,154,255,24,1,87,195,0,0,0,0,0,0,0,0
100.604393,100.546150,128,255,154,255,24,1,87,195,0,0,0,0,0,0,0,0
100.714287,100.663910,127,255,153,255,23,1,71,194,128,0,0,0,0,0,0,0
100.824173,100.780502,128,255,154,255,24,1,71,195,0,0,0,0,0,0,0,0
100.934067,100.899239,128,255,154,255,23,1,88,195,0,0,0,0,0,0,0,0
101.098900,101.018127,128,255,154,255,23,1,88,195,0,0,0,0,0,0,0,0
101.208794,101.138039,127,255,153,255,23,1,88,195,0,0,0,0,0,0,0,0
101.318680,101.257751,127,255,151,255,24,1,79,195,0,0,0,0,0,0,0,0
101.428574,101.377510,127,255,151,255,24,1,79,195,0,0,0,0,0,0,0,0
101.538460,101.497429,128,255,150,255,23,1,75,195,0,0,0,0,0,0,0,0
101.703300,101.617233,128,255,150,255,23,1,75,195,0,0,0,0,0,0,0,0
101.813187,101.736328,128,255,125,255,23,1,53,194,128,0,0,0,0,0,0,0
101.923080,101.854149,127,255,135,255,24,1,79,194,0,0,0,0,0,0,0,0
102.032967,101.970886,128,255,125,255,22,1,55,194,0,0,0,0,0,0,0,0
102.142860,102.087479,128,255,125,255,22,1,55,195,0,0,0,0,0,0,0,0
102.252747,102.203964,128,255,125,255,22,1,55,195,0,0,0,0,0,0,0,0
102.362640,102.324486,128,255,104,255,21,1,64,198,129,0,0,0,0,0,0,0
102.527473,102.441124,128,255,104,255,21,1,64,198,129,0,0,0,0,0,0,0
102.637360,102.557716,128,255,100,255,106,1,71,195,1,0,0,0,0,0,0,0
102.747253,102.677010,128,255,101,255,139,1,13,195,1,0,0,0,0,0,0,0
102.857140,102.798103,129,255,108,255,192,1,3,196,129,0,0,0,0,0,0,0
102.967033,102.917763,129,255,108,255,192,1,3,196,129,0,0,0,0,0,0,0
103.076920,103.036957,129,255,99,255,193,1,5,197,1,0,0,0,0,0,0,0
103.241760,103.154007,129,255,109,255,191,1,1,197,1,0,0,0,0,0,0,0
103.351646,103.270546,129,255,109,255,191,1,1,197,1,0,0,0,0,0,0,0
103.461540,103.388306,128,255,102,255,193,1,4,195,129,0,0,0,0,0,0,0
103.571426,103.505203,128,255,93,255,193,1,4,195,129,0,0,0,0,0,0,0
103.681320,103.621994,128,255,93,255,194,1,1,195,129,0,0,0,0,0,0,0
103.791206,103.738525,128,255,73,255,191,1,1,195,129,0,0,0,0,0,0,0
103.901100,103.856140,128,255,71,255,192,1,1,195,1,0,0,0,0,0,0,0
104.010986,103.975494,128,255,64,255,191,1,5,196,129,0,0,0,0,0,0,0
104.175827,104.092438,128,255,64,255,193,0,1,195,129,0,0,0,0,0,0,0
104.285713,104.209076,128,255,64,255,191,0,1,195,129,0,0,0,0,0,0,0
104.395607,104.327042,128,255,72,255,191,1,1,195,1,0,0,0,0,0,0,0
104.505493,104.443993,128,255,75,255,192,1,1,195,129,0,0,0,0,0,0,0
104.615387,104.561501,128,255,79,255,191,1,17,196,129,0,0,0,0,0,0,0
104.725273,104.678085,128,255,83,255,192,1,47,196,129,0,0,0,0,0,0,0
104.835167,104.796005,128,255,86,255,190,1,64,196,1,0,0,0,0,0,0,0
105.000000,104.913460,128,255,89,255,191,1,81,196,1,0,0,0,0,0,0,0
105.109894,105.030151,128,255,97,255,191,1,107,196,129,0,0,0,0,0,0,0
105.219780,105.147758,128,255,99,255,192,1,122,196,129,0,0,0,0,0,0,0
105.329674,105.264549,128,255,103,255,192,1,122,196,129,0,0,0,0,0,0,0
105.439560,105.382111,128,255,108,255,191,1,123,195,1,0,0,0,0,0,0,0
105.549454,105.498901,128,255,112,255,191,1,124,195,1,0,0,0,0,0,0,0
105.659340,105.616310,128,255,113,255,191,1,123,195,1,0,0,0,0,0,0,0
105.824173,105.736176,128,255,117,255,191,1,123,195,1,0,0,0,0,0,0,0
105.934067,105.854553,127,255,117,255,191,1,123,194,129,0,0,0,0,0,0,0
106.043953,105.971291,127,255,117,255,191,1,123,194,129,0,0,0,0,0,0,0
106.153847,106.089058,127,255,121,255,192,1,123,194,1,0,0,0,0,0,0,0
106.263733,106.206619,128,255,123,255,190,1,123,195,129,0,0,0,0,0,0,0
106.373627,106.323357,128,255,125,255,190,1,112,195,129,0,0,0,0,0,0,0
106.483513,106.440147,127,255,125,255,190,1,112,194,129,0,0,0,0,0,0,0
106.648354,106.557968,127,255,125,255,190,1,119,195,1,0,0,0,0,0,0,0
106.758240,106.674606,128,255,127,255,189,1,120,195,1,0,0,0,0,0,0,0
106.868134,106.792267,128,255,127,255,191,1,123,195,129,0,0,0,0,0,0,0
106.978020,106.910080,128,255,125,255,190,1,123,195,129,0,0,0,0,0,0,0
107.087914,107.026825,128,255,125,255,190,1,98,195,129,0,0,0,0,0,0,0
107.197800,107.143616,128,255,127,255,189,1,97,195,1,0,0,0,0,0,0,0
107.307693,107.261330,128,255,127,255,192,2,111,195,1,0,0,0,0,0,0,0
107.417580,107.379089,128,255,125,255,189,1,119,196,129,0,0,0,0,0,0,0
107.582420,107.495728,128,255,124,255,191,1,103,195,129,0,0,0,0,0,0,0
107.692307,107.612572,128,255,124,255,190,1,116,196,129,0,0,0,0,0,0,0
107.802200,107.730186,128,255,124,255,192,1,80,196,1,0,0,0,0,0,0,0
107.912086,107.847130,128,255,124,255,189,1,63,195,1,0,0,0,0,0,0,0
108.021980,107.964691,128,255,122,255,191,1,39,196,129,0,0,0,0,0,0,0
108.131866,108.081276,128,255,122,255,189,1,47,195,129,0,0,0,0,0,0,0
108.241760,108.198891,128,255,123,255,191,1,1,196,1,0,0,0,0,0,0,0
108.406593,108.315788,128,255,121,255,192,0,8,195,1,0,0,0,0,0,0,0
108.516487,108.432671,128,255,121,255,191,1,11,196,1,0,0,0,0,0,0,0
108.626373,108.550240,128,255,121,255,190,1,1,196,129,0,0,0,0,0,0,0
108.736267,108.667130,128,255,119,255,191,1,16,196,129,0,0,0,0,0,0,0
108.846153,108.784897,128,255,121,255,192,1,1,196,1,0,0,0,0,0,0,0
108.956047,108.901588,129,255,122,255,191,1,15,196,1,0,0,0,0,0,0,0
109.065933,109.018227,128,255,121,255,190,1,1,196,1,0,0,0,0,0,0,0
109.175827,109.136040,128,255,121,255,191,1,1,196,129,0,0,0,0,0,0,0
109.340660,109.253036,129,255,121,255,192,1,1,196,129,0,0,0,0,0,0,0
109.450546,109.369675,129,255,121,255,192,1,1,196,129,0,0,0,0,0,0,0
109.560440,109.486366,129,255,121,255,192,1,1,196,129,0,0,0,0,0,0,0
109.670326,109.604179,128,255,124,255,192,1,1,196,1,0,0,0,0,0,0,0
109.780220,109.721741,129,255,122,255,191,1,3,196,129,0,0,0,0,0,0,0
109.890106,109.838326,129,255,123,255,191,1,1,196,129,0,0,0,0,0,0,0
110.000000,109.955170,129,255,123,255,191,1,1,196,129,0,0,0,0,0,0,0
110.164833,110.073143,129,255,128,255,192,1,10,196,1,0,0,0,0,0,0,0
110.274727,110.189728,128,255,130,255,191,1,13,195,1,0,0,0,0,0,0,0
110.384613,110.308258,128,255,132,255,190,1,43,196,129,0,0,0,0,0,0,0
110.494507,110.425049,128,255,132,255,190,1,43,196,129,0,0,0,0,0,0,0
110.604393,110.541939,128,255,133,255,191,1,57,196,1,0,0,0,0,0,0,0
110.714287,110.659760,128,255,136,255,191,1,63,196,1,0,0,0,0,0,0,0
110.824173,110.776398,128,255,137,255,190,1,68,196,1,0,0,0,0,0,0,0
110.934067,110.893135,128,255,137,255,190,1,68,196,1,0,0,0,0,0,0,0
111.098900,111.010849,128,255,143,255,190,1,95,196,129,0,0,0,0,0,0,0
111.208794,111.128616,129,255,143,255,192,1,105,195,1,0,0,0,0,0,0,0
111.318680,111.246223,128,255,145,255,191,1,103,196,1,0,0,0,0,0,0,0
111.428574,111.363022,128,255,147,255,190,1,108,196,129,0,0,0,0,0,0,0
111.538460,111.480629,128,255,148,255,190,1,120,196,129,0,0,0,0,0,0,0
111.648354,111.597214,128,255,148,255,190,1,118,196,129,0,0,0,0,0,0,0
111.758240,111.714981,128,255,149,255,191,1,113,195,1,0,0,0,0,0,0,0
111.923080,111.831772,128,255,149,255,190,1,102,195,1,0,0,0,0,0,0,0
112.032967,111.949387,128,255,149,255,192,0,103,196,129,0,0,0,0,0,0,0
112.142860,112.066071,128,255,149,255,191,1,107,196,129,0,0,0,0,0,0,0
112.252747,112.183014,128,255,149,255,190,1,123,196,129,0,0,0,0,0,0,0
112.362640,112.300835,128,255,149,255,190,1,114,196,1,0,0,0,0,0,0,0
112.472527,112.417320,128,255,149,255,190,1,114,196,1,0,0,0,0,0,0,0
112.582420,112.534981,128,255,150,255,190,1,105,196,129,0,0,0,0,0,0,0
112.692307,112.651726,128,255,150,255,190,1,105,196,129,0,0,0,0,0,0,0
112.857140,112.768463,128,255,150,255,191,1,111,196,1,0,0,0,0,0,0,0
112.967033,112.886124,128,255,149,255,190,1,106,196,1,0,0,0,0,0,0,0
113.076920,113.002869,128,255,150,255,189,1,99,196,1,0,0,0,0,0,0,0
113.186813,113.120781,128,255,151,255,191,1,91,196,129,0,0,0,0,0,0,0
113.296700,113.237419,128,255,150,255,190,1,80,195,129,0,0,0,0,0,0,0
113.406593,113.354012,128,255,150,255,190,1,80,195,129,0,0,0,0,0,0,0
113.516487,113.471825,128,255,149,255,191,1,79,196,1,0,0,0,0,0,0,0
113.681320,113.588722,129,255,150,255,192,1,44,196,1,0,0,0,0,0,0,0
113.791206,113.705254,129,255,150,255,192,1,44,196,1,0,0,0,0,0,0,0
113.901100,113.821999,128,255,151,255,192,1,44,196,1,0,0,0,0,0,0,0
114.010986,113.939911,128,255,151,255,192,1,36,196,1,0,0,0,0,0,0,0
114.120880,114.057571,128,255,151,255,191,1,18,196,1,0,0,0,0,0,0,0
114.230766,114.174263,128,255,151,255,191,1,16,196,1,0,0,0,0,0,0,0
114.340660,114.292183,128,255,151,255,192,0,20,196,129,0,0,0,0,0,0,0
114.450546,114.409081,128,255,151,255,192,1,24,196,129,0,0,0,0,0,0,0
114.615387,114.525764,128,255,151,255,192,1,24,196,129,0,0,0,0,0,0,0
114.725273,114.642563,128,255,151,255,192,1,24,196,129,0,0,0,0,0,0,0
114.835167,114.760170,128,255,152,255,190,1,24,195,1,0,0,0,0,0,0,0
114.945053,114.877113,128,255,152,255,190,1,24,195,1,0,0,0,0,0,0,0
115.054947,114.993546,128,255,152,255,190,1,24,195,1,0,0,0,0,0,0,0
115.164833,115.110184,128,255,152,255,190,1,24,195,1,0,0,0,0,0,0,0
115.274727,115.226776,128,255,152,255,190,1,24,195,1,0,0,0,0,0,0,0
115.439560,115.345978,128,255,153,255,191,1,43,196,1,0,0,0,0,0,0,0
115.549454,115.465576,128,255,153,255,192,1,54,196,1,0,0,0,0,0,0,0
115.659340,115.584671,128,255,153,255,189,1,68,195,129,0,0,0,0,0,0,0
115.769234,115.702538,128,255,153,255,192,1,61,196,1,0,0,0,0,0,0,0
115.879120,115.819130,128,255,153,255,192,1,61,196,1,0,0,0,0,0,0,0
115.989014,115.935661,128,255,153,255,192,1,61,196,1,0,0,0,0,0,0,0
116.098900,116.053383,128,255,154,255,192,1,89,196,129,0,0,0,0,0,0,0
116.263733,116.170273,128,255,154,255,191,1,79,195,129,0,0,0,0,0,0,0
116.373627,116.287010,128,255,154,255,191,1,80,196,129,0,0,0,0,0,0,0
116.483513,116.404778,128,255,154,255,190,1,70,195,1,0,0,0,0,0,0,0
116.593407,116.522339,128,255,153,255,192,1,63,196,1,0,0,0,0,0,0,0
116.703300,116.640205,128,255,155,255,191,1,45,196,129,0,0,0,0,0,0,0
116.813187,116.756683,128,255,155,255,190,1,37,195,129,0,0,0,0,0,0,0
116.923080,116.873375,128,255,155,255,191,1,33,195,1,0,0,0,0,0,0,0
117.032967,116.991035,128,255,155,255,191,1,33,195,1,0,0,0,0,0,0,0
117.197800,117.107880,128,255,155,255,191,1,46,195,129,0,0,0,0,0,0,0
117.307693,117.225494,128,255,155,255,190,1,31,196,129,0,0,0,0,0,0,0
117.417580,117.342285,128,255,155,255,192,1,43,195,129,0,0,0,0,0,0,0
117.527473,117.460052,128,255,156,255,189,1,56,195,1,0,0,0,0,0,0,0
117.637360,117.576790,128,255,156,255,189,1,52,195,1,0,0,0,0,0,0,0
117.747253,117.694405,128,255,156,255,190,1,34,195,129,0,0,0,0,0,0,0
117.857140,117.811295,128,255,156,255,190,1,34,195,129,0,0,0,0,0,0,0
118.021980,117.928238,128,255,156,255,191,1,39,195,129,0,0,0,0,0,0,0
118.131866,118.044930,128,255,156,255,191,1,39,195,129,0,0,0,0,0,0,0
118.241760,118.161720,128,255,157,255,191,1,39,195,129,0,0,0,0,0,0,0
118.351646,118.279488,128,255,157,255,190,1,57,195,129,0,0,0,0,0,0,0
118.461540,118.397202,128,255,157,255,190,1,57,195,129,0,0,0,0,0,0,0
118.571426,118.513939,128,255,158,255,189,1,59,195,129,0,0,0,0,0,0,0
118.681320,118.631607,128,255,158,255,192,1,71,196,1,0,0,0,0,0,0,0
118.791206,118.748444,128,255,158,255,192,1,71,196,1,0,0,0,0,0,0,0
118.956047,118.866821,128,255,158,255,192,1,71,196,1,0,0,0,0,0,0,0
119.065933,118.987610,128,255,158,255,191,1,46,195,129,0,0,0,0,0,0,0
119.175827,119.107628,128,255,159,255,190,1,44,195,129,0,0,0,0,0,0,0
119.285713,119.224365,128,255,159,255,190,1,44,195,129,0,0,0,0,0,0,0
119.395607,119.342026,128,255,159,255,190,1,26,195,1,0,0,0,0,0,0,0
119.505493,119.460045,128,255,160,255,190,1,43,195,129,0,0,0,0,0,0,0
119.670326,119.577095,128,255,159,255,190,1,43,196,129,0,0,0,0,0,0,0
119.780220,119.693886,128,255,160,255,191,1,49,195,1,0,0,0,0,0,0,0
119.890106,119.811653,128,255,160,255,191,1,37,196,1,0,0,0,0,0,0,0
120.000000,119.928391,128,255,160,255,191,1,37,196,1,0,0,0,0,0,0,0
120.109894,120.047081,128,255,161,255,192,1,47,195,129,0,0,0,0,0,0,0
120.219780,120.163925,128,255,161,255,191,1,52,195,129,0,0,0,0,0,0,0
120.329674,120.280563,128,255,161,255,191,1,52,195,129,0,0,0,0,0,0,0
