0.000000,0.000000,128,255,227,255,191,1,104,196,129,0,0,0,0,0,0,0
0.494505,0.465123,127,255,228,255,192,1,103,194,129,0,0,0,0,0,0,0
0.934066,0.929320,128,255,228,255,191,1,104,195,1,0,0,0,0,0,0,0
1.373626,1.394135,128,255,227,255,191,1,67,195,1,0,0,0,0,0,0,0
1.868132,1.859663,128,255,226,255,191,1,53,195,1,0,0,0,0,0,0,0
2.307692,2.323660,127,255,227,255,192,1,32,194,129,0,0,0,0,0,0,0
2.802198,2.788728,128,255,227,255,191,1,16,194,129,0,0,0,0,0,0,0
3.241758,3.252365,128,255,227,255,192,2,1,195,1,0,0,0,0,0,0,0
3.736264,3.717637,128,255,229,255,192,1,16,195,1,0,0,0,0,0,0,0
4.175824,4.182709,127,255,229,255,192,1,43,193,1,0,0,0,0,0,0,0
4.670330,4.646705,127,255,228,255,191,1,63,195,129,0,0,0,0,0,0,0
5.109890,5.110596,127,255,227,255,191,1,91,194,129,0,0,0,0,0,0,0
5.604395,5.575664,127,255,227,255,191,1,114,194,1,0,0,0,0,0,0,0
6.043956,6.040939,127,255,227,255,192,1,115,194,1,0,0,0,0,0,0,0
6.538462,6.506060,128,255,226,255,191,1,103,195,1,0,0,0,0,0,0,0
6.978022,6.969799,128,255,224,255,192,1,86,196,129,0,0,0,0,0,0,0
7.417583,7.434865,128,255,226,255,191,1,58,195,129,0,0,0,0,0,0,0
7.912088,7.898759,127,255,226,255,192,1,42,195,1,0,0,0,0,0,0,0
8.351648,8.363725,128,255,226,255,191,1,19,195,1,0,0,0,0,0,0,0
8.846154,8.828950,128,255,227,255,191,1,29,195,1,0,0,0,0,0,0,0
9.285714,9.293557,128,255,227,255,192,1,14,194,129,0,0,0,0,0,0,0
9.780220,9.758574,127,255,228,255,191,1,55,194,129,0,0,0,0,0,0,0
10.219780,10.223746,128,255,229,255,191,1,73,194,129,0,0,0,0,0,0,0
10.714286,10.687742,128,255,228,255,192,1,98,193,1,0,0,0,0,0,0,0
11.153846,11.152657,128,255,228,255,192,1,109,194,1,0,0,0,0,0,0,0
11.648352,11.616909,128,255,229,255,191,1,115,194,129,0,0,0,0,0,0,0
12.087913,12.081924,128,255,227,255,192,1,98,195,129,0,0,0,0,0,0,0
12.582417,12.546844,128,255,228,255,191,2,76,195,129,0,0,0,0,0,0,0
13.021978,13.010632,128,255,226,255,190,1,46,196,1,0,0,0,0,0,0,0
13.461538,13.475345,128,255,227,255,191,1,28,195,1,0,0,0,0,0,0,0
13.956044,13.939493,128,255,225,255,191,1,15,195,1,0,0,0,0,0,0,0
14.395604,14.404356,127,255,223,255,191,1,13,195,129,0,0,0,0,0,0,0
14.890110,14.869732,127,255,225,255,192,1,37,195,129,0,0,0,0,0,0,0
15.329670,15.333676,128,255,225,255,192,1,52,195,1,0,0,0,0,0,0,0
15.824176,15.798848,127,255,224,255,192,1,65,193,1,0,0,0,0,0,0,0
16.263737,16.262587,128,255,229,255,191,1,82,194,129,0,0,0,0,0,0,0
16.758242,16.727812,127,255,230,255,191,1,100,194,129,0,0,0,0,0,0,0
17.197802,17.192980,127,255,230,255,191,1,107,194,129,0,0,0,0,0,0,0
17.692308,17.657385,128,255,229,255,192,1,90,194,1,0,0,0,0,0,0,0
18.131868,18.122404,128,255,228,255,191,1,67,194,1,0,0,0,0,0,0,0
18.571428,18.587168,128,255,229,255,191,1,55,195,1,0,0,0,0,0,0,0
19.065933,19.051519,127,255,230,255,192,1,52,193,129,0,0,0,0,0,0,0
19.505495,19.516586,128,255,232,255,191,1,41,194,129,0,0,0,0,0,0,0
20.000000,19.980635,127,255,231,255,191,1,58,193,129,0,0,0,0,0,0,0
20.439560,20.445807,127,255,231,255,191,1,67,194,1,0,0,0,0,0,0,0
20.934067,20.910822,127,255,233,255,191,1,81,194,1,0,0,0,0,0,0,0
21.373627,21.374767,127,255,232,255,191,1,55,194,129,0,0,0,0,0,0,0
21.868132,21.840094,128,255,232,255,191,1,71,194,129,0,0,0,0,0,0,0
22.307692,22.305109,127,255,234,255,190,1,64,194,129,0,0,0,0,0,0,0
22.802198,22.769205,127,255,231,255,190,1,76,194,1,0,0,0,0,0,0,0
23.241758,23.234173,128,255,230,255,193,1,64,195,1,0,0,0,0,0,0,0
23.736263,23.698221,128,255,233,255,190,1,62,195,129,0,0,0,0,0,0,0
24.175825,24.163187,127,255,226,255,190,1,50,194,129,0,0,0,0,0,0,0
24.615385,24.627897,127,255,224,255,191,1,57,194,129,0,0,0,0,0,0,0
25.109890,25.091841,127,255,228,255,192,1,74,193,1,0,0,0,0,0,0,0
25.549450,25.556044,127,255,229,255,192,1,74,193,129,0,0,0,0,0,0,0
26.043957,26.019218,128,255,225,255,192,1,88,195,129,0,0,0,0,0,0,0
26.483517,26.484543,126,255,226,255,191,1,83,194,129,0,0,0,0,0,0,0
26.978022,26.949511,127,255,225,255,191,1,88,194,129,0,0,0,0,0,0,0
27.417582,27.413708,128,255,225,255,193,1,83,195,1,0,0,0,0,0,0,0
27.912088,27.878931,128,255,227,255,192,2,74,195,1,0,0,0,0,0,0,0
28.351648,28.343130,128,255,226,255,192,1,56,195,1,0,0,0,0,0,0,0
28.846153,28.808556,128,255,219,255,192,1,48,194,129,0,0,0,0,0,0,0
29.285715,29.273781,128,255,222,255,191,1,42,194,129,0,0,0,0,0,0,0
29.725275,29.737776,127,255,224,255,192,1,22,194,1,0,0,0,0,0,0,0
30.219780,30.202744,127,255,224,255,191,1,26,193,1,0,0,0,0,0,0,0
30.659340,30.666636,128,255,220,255,191,1,29,193,1,0,0,0,0,0,0,0
31.153847,31.131601,128,255,225,255,192,1,58,195,129,0,0,0,0,0,0,0
31.593407,31.596775,127,255,222,255,191,1,99,194,129,0,0,0,0,0,0,0
32.087914,32.060818,127,255,223,255,191,1,122,195,1,0,0,0,0,0,0,0
32.527473,32.526093,127,255,224,255,193,1,113,193,1,0,0,0,0,0,0,0
33.021976,32.991009,127,255,223,255,191,1,100,194,1,0,0,0,0,0,0,0
33.461540,33.455158,127,255,223,255,192,1,72,193,129,0,0,0,0,0,0,0
33.956043,33.919407,127,255,224,255,191,1,62,194,129,0,0,0,0,0,0,0
34.395603,34.384834,128,255,224,255,191,1,45,194,1,0,0,0,0,0,0,0
34.890110,34.850109,128,255,220,255,191,1,10,194,1,0,0,0,0,0,0,0
35.329670,35.315437,127,255,223,255,191,1,31,194,1,0,0,0,0,0,0,0
35.769230,35.779533,127,255,222,255,193,1,21,194,129,0,0,0,0,0,0,0
36.263737,36.244396,127,255,222,255,191,1,51,195,129,0,0,0,0,0,0,0
36.703297,36.708389,127,255,221,255,191,1,79,195,129,0,0,0,0,0,0,0
37.197803,37.173866,127,255,226,255,191,1,106,194,1,0,0,0,0,0,0,0
37.637363,37.638836,128,255,227,255,192,1,114,194,1,0,0,0,0,0,0,0
38.131866,38.102779,128,255,224,255,192,1,116,194,129,0,0,0,0,0,0,0
38.571430,38.567951,127,255,225,255,191,1,117,194,129,0,0,0,0,0,0,0
39.065933,39.032204,128,255,222,255,191,1,80,195,129,0,0,0,0,0,0,0
39.505493,39.497322,128,255,223,255,191,1,72,195,1,0,0,0,0,0,0,0
40.000000,39.962444,128,255,219,255,192,2,37,195,1,0,0,0,0,0,0,0
40.439560,40.426590,127,255,222,255,192,1,28,194,129,0,0,0,0,0,0,0
40.934067,40.891506,127,255,223,255,192,1,22,195,129,0,0,0,0,0,0,0
41.373627,41.356678,127,255,221,255,192,1,31,194,129,0,0,0,0,0,0,0
41.813187,41.820778,127,255,223,255,190,1,56,195,1,0,0,0,0,0,0,0
42.307693,42.285896,127,255,221,255,191,1,80,194,1,0,0,0,0,0,0,0
42.747253,42.749943,128,255,219,255,193,1,95,194,129,0,0,0,0,0,0,0
43.241756,43.214909,128,255,220,255,192,1,107,195,129,0,0,0,0,0,0,0
43.681320,43.678799,128,255,224,255,191,1,103,195,129,0,0,0,0,0,0,0
44.175823,44.143356,128,255,221,255,191,1,85,194,1,0,0,0,0,0,0,0
44.615383,44.608379,128,255,223,255,191,1,65,194,1,0,0,0,0,0,0,0
45.109890,45.072678,127,255,220,255,191,1,44,194,129,0,0,0,0,0,0,0
45.549450,45.537952,127,255,218,255,193,1,24,194,129,0,0,0,0,0,0,0
46.043957,46.002102,128,255,217,255,192,1,23,195,129,0,0,0,0,0,0,0
46.483517,46.467480,128,255,223,255,192,1,36,195,1,0,0,0,0,0,0,0
46.978024,46.932697,127,255,219,255,191,1,32,193,1,0,0,0,0,0,0,0
47.417583,47.397820,127,255,222,255,192,1,66,194,1,0,0,0,0,0,0,0
47.857143,47.861969,127,255,224,255,192,1,87,194,129,0,0,0,0,0,0,0
48.351650,48.326988,127,255,220,255,191,1,91,195,129,0,0,0,0,0,0,0
48.791210,48.790829,127,255,220,255,192,2,97,195,1,0,0,0,0,0,0,0
49.285713,49.255795,128,255,220,255,192,1,94,195,1,0,0,0,0,0,0,0
49.725273,49.720966,127,255,224,255,192,1,81,194,1,0,0,0,0,0,0,0
50.219780,50.185066,128,255,223,255,192,1,58,195,129,0,0,0,0,0,0,0
50.659340,50.650284,128,255,224,255,192,1,45,194,129,0,0,0,0,0,0,0
51.153847,51.114635,128,255,221,255,192,2,20,195,1,0,0,0,0,0,0,0
51.593407,51.579556,128,255,219,255,192,1,20,195,1,0,0,0,0,0,0,0
52.087914,52.044830,127,255,222,255,191,1,25,194,1,0,0,0,0,0,0,0
52.527473,52.509029,128,255,224,255,191,1,52,195,129,0,0,0,0,0,0,0
53.021976,52.973892,128,255,223,255,192,1,72,195,129,0,0,0,0,0,0,0
53.461540,53.437988,127,255,224,255,191,1,97,194,129,0,0,0,0,0,0,0
53.901100,53.901901,127,255,224,255,191,1,113,194,1,0,0,0,0,0,0,0
54.395603,54.368179,127,255,222,255,191,1,109,195,1,0,0,0,0,0,0,0
54.835163,54.832123,127,255,222,255,192,1,99,194,129,0,0,0,0,0,0,0
55.329670,55.297092,128,255,223,255,192,1,77,195,129,0,0,0,0,0,0,0
55.769230,55.761238,128,255,224,255,192,1,73,195,1,0,0,0,0,0,0,0
56.263737,56.225948,128,255,224,255,192,1,42,194,1,0,0,0,0,0,0,0
56.703297,56.690811,128,255,225,255,192,1,33,195,1,0,0,0,0,0,0,0
57.197803,57.155014,128,255,222,255,191,1,36,194,129,0,0,0,0,0,0,0
57.637363,57.620132,127,255,221,255,192,1,42,194,129,0,0,0,0,0,0,0
58.131866,58.084591,127,255,223,255,193,1,66,194,129,0,0,0,0,0,0,0
58.571430,58.549965,127,255,225,255,191,1,90,194,1,0,0,0,0,0,0,0
59.065933,59.015186,127,255,224,255,191,1,91,194,1,0,0,0,0,0,0,0
59.505493,59.479492,127,255,225,255,191,1,102,195,1,0,0,0,0,0,0,0
59.945053,59.944355,128,255,224,255,191,1,74,194,129,0,0,0,0,0,0,0
60.439560,60.408707,128,255,223,255,191,1,65,194,1,0,0,0,0,0,0,0
60.879120,60.873417,127,255,222,255,191,1,54,194,1,0,0,0,0,0,0,0
61.373627,61.338589,128,255,224,255,192,1,35,195,1,0,0,0,0,0,0,0
61.813187,61.802685,128,255,223,255,191,1,32,194,1,0,0,0,0,0,0,0
62.307693,62.267960,127,255,221,255,191,1,25,195,129,0,0,0,0,0,0,0
62.747253,62.731907,127,255,225,255,192,1,35,194,1,0,0,0,0,0,0,0
63.241756,63.196873,128,255,224,255,192,2,46,194,1,0,0,0,0,0,0,0
63.681320,63.661430,128,255,224,255,191,1,74,194,1,0,0,0,0,0,0,0
64.175827,64.126701,128,255,225,255,191,1,89,194,1,0,0,0,0,0,0,0
64.615387,64.591980,127,255,221,255,192,1,99,195,129,0,0,0,0,0,0,0
65.109894,65.056946,127,255,226,255,191,1,98,193,129,0,0,0,0,0,0,0
65.549454,65.521248,127,255,226,255,190,1,83,195,1,0,0,0,0,0,0,0
65.989014,65.986107,127,255,225,255,191,1,85,194,1,0,0,0,0,0,0,0
66.483513,66.451385,127,255,225,255,191,1,64,193,1,0,0,0,0,0,0,0
66.923080,66.915428,127,255,225,255,191,1,74,194,129,0,0,0,0,0,0,0
67.417580,67.380600,128,255,226,255,192,1,81,194,129,0,0,0,0,0,0,0
67.857140,67.844597,127,255,226,255,193,1,57,194,1,0,0,0,0,0,0,0
68.351646,68.309563,128,255,226,255,191,1,62,195,1,0,0,0,0,0,0,0
68.791206,68.774429,127,255,225,255,192,1,65,193,1,0,0,0,0,0,0,0
69.285713,69.238472,127,255,225,255,191,1,82,193,129,0,0,0,0,0,0,0
69.725273,69.703804,128,255,224,255,191,1,79,194,129,0,0,0,0,0,0,0
70.219780,70.168098,127,255,225,255,191,1,69,194,1,0,0,0,0,0,0,0
70.659340,70.633278,127,255,224,255,192,1,55,194,1,0,0,0,0,0,0,0
71.153847,71.098396,127,255,226,255,191,1,51,193,1,0,0,0,0,0,0,0
71.593407,71.562340,128,255,226,255,192,1,60,194,129,0,0,0,0,0,0,0
72.032967,72.027000,127,255,225,255,191,1,43,193,129,0,0,0,0,0,0,0
72.527473,72.491760,127,255,225,255,192,2,40,194,129,0,0,0,0,0,0,0
72.967033,72.955704,128,255,225,255,192,1,42,195,1,0,0,0,0,0,0,0
73.461540,73.420822,127,255,226,255,193,2,54,193,1,0,0,0,0,0,0,0
73.901100,73.885025,128,255,226,255,191,1,71,194,129,0,0,0,0,0,0,0
74.395607,74.350143,128,255,226,255,192,1,78,195,129,0,0,0,0,0,0,0
74.835167,74.815216,128,255,226,255,191,1,84,194,129,0,0,0,0,0,0,0
75.329674,75.279716,128,255,226,255,192,1,62,195,1,0,0,0,0,0,0,0
75.769234,75.744835,127,255,226,255,192,1,77,194,1,0,0,0,0,0,0,0
76.263733,76.209190,127,255,227,255,191,1,61,194,129,0,0,0,0,0,0,0
76.703300,76.674316,127,255,227,255,192,1,54,194,129,0,0,0,0,0,0,0
77.142860,77.139175,127,255,222,255,191,1,43,194,129,0,0,0,0,0,0,0
77.637360,77.603378,127,255,227,255,190,1,32,194,1,0,0,0,0,0,0,0
78.076920,78.068649,128,255,227,255,191,1,31,194,1,0,0,0,0,0,0,0
78.571426,78.532646,127,255,228,255,193,1,54,195,1,0,0,0,0,0,0,0
79.010986,78.997559,127,255,228,255,191,1,80,194,129,0,0,0,0,0,0,0
79.505493,79.462021,128,255,227,255,191,1,91,194,129,0,0,0,0,0,0,0
79.945053,79.926933,127,255,229,255,192,1,97,194,1,0,0,0,0,0,0,0
80.439560,80.392052,127,255,229,255,192,1,96,193,1,0,0,0,0,0,0,0
80.879120,80.856407,128,255,229,255,192,1,94,194,1,0,0,0,0,0,0,0
81.373627,81.321373,128,255,229,255,191,1,82,194,129,0,0,0,0,0,0,0
81.813187,81.786545,128,255,229,255,192,1,80,194,129,0,0,0,0,0,0,0
82.307693,82.250740,127,255,229,255,190,1,42,195,1,0,0,0,0,0,0,0
82.747253,82.716072,127,255,229,255,191,1,54,194,1,0,0,0,0,0,0,0
83.241760,83.181137,127,255,229,255,192,1,60,193,1,0,0,0,0,0,0,0
83.681320,83.645233,127,255,230,255,192,2,81,194,129,0,0,0,0,0,0,0
84.120880,84.110306,127,255,229,255,191,1,82,193,129,0,0,0,0,0,0,0
84.615387,84.574089,127,255,229,255,191,1,88,195,129,0,0,0,0,0,0,0
85.054947,85.039261,128,255,230,255,191,1,100,194,1,0,0,0,0,0,0,0
85.549454,85.504593,128,255,229,255,191,1,84,195,1,0,0,0,0,0,0,0
85.989014,85.968636,128,255,225,255,192,1,63,194,129,0,0,0,0,0,0,0
86.483513,86.433449,127,255,229,255,192,1,56,194,129,0,0,0,0,0,0,0
86.923080,86.898827,127,255,229,255,191,1,41,194,129,0,0,0,0,0,0,0
87.417580,87.363182,127,255,229,255,192,1,33,194,1,0,0,0,0,0,0,0
87.857140,87.828453,127,255,229,255,191,1,33,194,1,0,0,0,0,0,0,0
88.351646,88.292854,127,255,228,255,191,1,39,194,129,0,0,0,0,0,0,0
88.791206,88.757210,127,255,229,255,191,1,70,193,129,0,0,0,0,0,0,0
89.285713,89.223251,127,255,230,255,192,2,84,194,129,0,0,0,0,0,0,0
89.725273,89.687347,127,255,230,255,193,1,95,194,1,0,0,0,0,0,0,0
90.164833,90.152321,127,255,230,255,192,1,98,194,1,0,0,0,0,0,0,0
90.659340,90.616310,128,255,230,255,192,1,80,194,129,0,0,0,0,0,0,0
91.098900,91.081329,127,255,230,255,190,1,74,194,129,0,0,0,0,0,0,0
91.593407,91.546555,128,255,230,255,192,1,64,194,129,0,0,0,0,0,0,0
92.032967,92.010498,127,255,229,255,191,1,50,194,1,0,0,0,0,0,0,0
92.527473,92.475716,127,255,230,255,191,1,49,194,1,0,0,0,0,0,0,0
92.967033,92.939972,127,255,230,255,191,1,33,194,129,0,0,0,0,0,0,0
93.461540,93.405037,127,255,230,255,192,1,45,193,129,0,0,0,0,0,0,0
93.901100,93.870567,128,255,230,255,191,1,63,195,129,0,0,0,0,0,0,0
94.395607,94.334717,127,255,230,255,192,1,83,194,1,0,0,0,0,0,0,0
94.835167,94.798965,127,255,230,255,192,1,92,193,129,0,0,0,0,0,0,0
95.329674,95.265213,128,255,230,255,191,1,95,195,1,0,0,0,0,0,0,0
95.769234,95.729156,128,255,230,255,190,1,123,194,129,0,0,0,0,0,0,0
96.208794,96.194176,128,255,230,255,191,1,124,195,129,0,0,0,0,0,0,0
96.703300,96.658119,128,255,230,255,192,1,76,195,1,0,0,0,0,0,0,0
97.142860,97.123032,128,255,228,255,190,1,21,195,1,0,0,0,0,0,0,0
97.637360,97.588051,128,255,229,255,191,1,10,195,1,0,0,0,0,0,0,0
98.076920,98.052200,128,255,229,255,191,1,1,195,129,0,0,0,0,0,0,0
98.571426,98.517319,128,255,229,255,191,1,1,194,129,0,0,0,0,0,0,0
99.010986,98.981728,128,255,230,255,192,1,1,195,1,0,0,0,0,0,0,0
99.505493,99.446846,127,255,231,255,191,1,43,193,1,0,0,0,0,0,0,0
99.945053,99.911247,125,255,231,255,190,1,111,193,129,0,0,0,0,0,0,0
100.439560,100.376266,127,255,232,255,189,1,123,192,129,0,0,0,0,0,0,0
100.879120,100.841286,127,255,231,255,191,1,123,193,129,0,0,0,0,0,0,0
101.318680,101.305229,127,255,232,255,190,1,123,193,129,0,0,0,0,0,0,0
101.813187,101.770096,127,255,231,255,191,1,118,194,1,0,0,0,0,0,0,0
102.252747,102.235214,127,255,231,255,191,1,47,194,1,0,0,0,0,0,0,0
102.747253,102.699463,128,255,230,255,192,1,9,195,129,0,0,0,0,0,0,0
103.186813,103.164429,128,255,229,255,191,1,1,195,129,0,0,0,0,0,0,0
103.681320,103.628891,128,255,229,255,192,1,1,196,129,0,0,0,0,0,0,0
104.120880,104.093956,128,255,229,255,191,1,1,194,1,0,0,0,0,0,0,0
104.615387,104.558922,128,255,229,255,192,2,1,194,1,0,0,0,0,0,0,0
105.054947,105.023018,127,255,231,255,191,1,52,193,129,0,0,0,0,0,0,0
105.549454,105.488297,126,255,231,255,191,1,96,192,129,0,0,0,0,0,0,0
105.989014,105.952446,115,255,229,255,191,1,123,175,129,0,0,0,0,0,0,0
106.483513,106.417511,122,255,232,255,191,1,123,185,1,0,0,0,0,0,0,0
106.923080,106.882530,125,255,232,255,189,1,123,191,1,0,0,0,0,0,0,0
107.362640,107.346626,127,255,231,255,191,1,123,193,129,0,0,0,0,0,0,0
107.857140,107.812004,127,255,231,255,191,1,67,193,129,0,0,0,0,0,0,0
108.296700,108.276718,128,255,230,255,192,1,33,195,129,0,0,0,0,0,0,0
108.791206,108.740913,128,255,229,255,191,1,1,195,1,0,0,0,0,0,0,0
109.230766,109.205879,128,255,229,255,193,1,1,195,1,0,0,0,0,0,0,0
109.725273,109.669670,128,255,227,255,191,1,1,194,129,0,0,0,0,0,0,0
110.164833,110.134743,128,255,229,255,190,1,1,195,129,0,0,0,0,0,0,0
110.659340,110.599709,128,255,229,255,191,1,1,194,129,0,0,0,0,0,0,0
111.098900,111.063972,127,255,230,255,191,1,36,193,1,0,0,0,0,0,0,0
111.593407,111.529182,126,255,231,255,189,1,91,191,1,0,0,0,0,0,0,0
112.032967,111.994507,117,255,228,255,181,1,123,178,1,0,0,0,0,0,0,0
112.527473,112.458801,124,255,232,255,192,1,123,188,129,0,0,0,0,0,0,0
112.967033,112.923828,127,255,232,255,190,1,123,193,129,0,0,0,0,0,0,0
113.406593,113.387718,127,255,231,255,190,1,123,193,1,0,0,0,0,0,0,0
113.901100,113.853096,128,255,231,255,191,1,59,194,1,0,0,0,0,0,0,0
114.340660,114.316833,128,255,230,255,192,1,15,194,1,0,0,0,0,0,0,0
114.835167,114.782005,127,255,229,255,192,1,1,194,129,0,0,0,0,0,0,0
115.274727,115.247078,128,255,229,255,191,1,1,195,129,0,0,0,0,0,0,0
115.769234,115.711220,128,255,229,255,190,1,1,196,1,0,0,0,0,0,0,0
116.208794,116.176086,128,255,230,255,191,1,1,194,1,0,0,0,0,0,0,0
116.703300,116.641205,128,255,230,255,192,2,20,194,1,0,0,0,0,0,0,0
117.142860,117.105354,112,255,231,255,193,0,69,167,129,0,0,0,0,0,0,0
117.637360,117.570580,108,255,232,255,192,1,123,164,129,0,0,0,0,0,0,0
118.076920,118.034676,112,255,228,255,180,1,123,172,1,0,0,0,0,0,0,0
118.571426,118.500053,124,255,233,255,191,1,123,189,1,0,0,0,0,0,0,0
119.010986,118.965118,127,255,233,255,189,1,124,194,1,0,0,0,0,0,0,0
119.450546,119.429169,127,255,232,255,191,1,114,193,129,0,0,0,0,0,0,0
119.945053,119.894440,128,255,231,255,192,1,45,194,129,0,0,0,0,0,0,0
120.384613,120.359406,127,255,230,255,192,1,1,194,129,0,0,0,0,0,0,0
120.879120,120.823349,127,255,228,255,193,1,1,193,1,0,0,0,0,0,0,0
121.318680,121.288521,128,255,230,255,191,1,1,195,1,0,0,0,0,0,0,0
121.813187,121.752533,128,255,230,255,189,1,1,195,1,0,0,0,0,0,0,0
122.252747,122.217789,127,255,231,255,191,1,1,195,129,0,0,0,0,0,0,0
122.747253,122.681839,126,255,231,255,190,1,19,193,1,0,0,0,0,0,0,0
123.186813,123.146698,101,255,232,255,192,1,80,154,1,0,0,0,0,0,0,0
123.681320,123.611977,106,255,233,255,180,1,123,161,1,0,0,0,0,0,0,0
124.120880,124.076126,115,255,233,255,190,1,123,177,1,0,0,0,0,0,0,0
124.615387,124.541451,125,255,233,255,191,1,123,190,129,0,0,0,0,0,0,0
125.054947,125.005394,127,255,233,255,189,1,124,192,1,0,0,0,0,0,0,0
125.494507,125.470253,128,255,232,255,190,1,96,195,1,0,0,0,0,0,0,0
125.989014,125.935532,128,255,231,255,192,1,20,195,1,0,0,0,0,0,0,0
126.428574,126.399376,128,255,230,255,192,1,1,195,129,0,0,0,0,0,0,0
126.923080,126.864594,128,255,229,255,192,1,1,195,129,0,0,0,0,0,0,0
127.362640,127.329514,128,255,229,255,191,1,1,195,129,0,0,0,0,0,0,0
127.857140,127.793968,128,255,229,255,192,1,1,195,1,0,0,0,0,0,0,0
128.296707,128.258728,127,255,230,255,190,1,1,193,1,0,0,0,0,0,0,0
128.791214,128.723083,114,255,230,255,192,1,18,174,1,0,0,0,0,0,0,0
129.230774,129.189224,99,255,231,255,190,1,85,152,129,0,0,0,0,0,0,0
129.725281,129.655319,107,255,226,255,179,1,123,165,129,0,0,0,0,0,0,0
130.164841,130.119308,117,255,232,255,191,1,123,179,1,0,0,0,0,0,0,0
130.659348,130.584488,125,255,232,255,190,1,124,189,1,0,0,0,0,0,0,0
131.098907,131.048843,127,255,231,255,191,1,123,193,1,0,0,0,0,0,0,0
131.538467,131.513962,127,255,230,255,191,1,49,195,129,0,0,0,0,0,0,0
132.032974,131.978867,127,255,230,255,192,1,9,193,129,0,0,0,0,0,0,0
132.472534,132.442612,128,255,229,255,195,1,1,194,1,0,0,0,0,0,0,0
132.967026,132.907318,128,255,229,255,190,1,1,194,1,0,0,0,0,0,0,0
133.406601,133.372284,128,255,225,255,191,1,1,194,1,0,0,0,0,0,0,0
133.901093,133.836227,127,255,230,255,191,1,1,194,129,0,0,0,0,0,0,0
134.340652,134.301208,124,255,230,255,192,1,24,186,129,0,0,0,0,0,0,0
134.835159,134.765396,101,255,231,255,191,1,74,153,1,0,0,0,0,0,0,0
135.274719,135.230881,106,255,232,255,180,1,123,162,1,0,0,0,0,0,0,0
135.769226,135.695786,118,255,232,255,191,1,123,179,1,0,0,0,0,0,0,0
136.208786,136.160141,126,255,233,255,192,1,123,191,129,0,0,0,0,0,0,0
136.703293,136.625275,127,255,231,255,191,1,123,194,129,0,0,0,0,0,0,0
137.142853,137.089310,127,255,231,255,190,1,97,193,1,0,0,0,0,0,0,0
137.582413,137.554123,127,255,229,255,192,1,32,194,1,0,0,0,0,0,0,0
138.076920,138.019043,127,255,229,255,191,1,1,194,1,0,0,0,0,0,0,0
138.516479,138.483093,128,255,228,255,190,1,1,195,129,0,0,0,0,0,0,0
139.010986,138.947906,128,255,228,255,192,1,1,195,129,0,0,0,0,0,0,0
139.450546,139.413223,128,255,228,255,191,1,1,195,129,0,0,0,0,0,0,0
139.945053,139.877274,127,255,228,255,191,1,1,194,1,0,0,0,0,0,0,0
140.384613,140.342239,128,255,229,255,190,1,33,195,1,0,0,0,0,0,0,0
140.879120,140.806335,126,255,230,255,190,1,123,192,129,0,0,0,0,0,0,0
141.318680,141.271606,126,255,230,255,191,1,124,192,129,0,0,0,0,0,0,0
141.813187,141.736740,127,255,230,255,190,1,123,194,129,0,0,0,0,0,0,0
142.252747,142.201035,127,255,230,255,190,1,123,195,1,0,0,0,0,0,0,0
142.747253,142.666306,127,255,229,255,191,1,116,194,1,0,0,0,0,0,0,0
143.186813,143.130249,128,255,228,255,191,1,32,194,1,0,0,0,0,0,0,0
143.626373,143.595123,128,255,227,255,190,1,1,195,129,0,0,0,0,0,0,0
144.120880,144.059921,128,255,226,255,191,1,1,195,129,0,0,0,0,0,0,0
144.560440,144.523926,128,255,223,255,190,1,1,195,1,0,0,0,0,0,0,0
145.054947,144.989090,128,255,227,255,192,1,1,195,1,0,0,0,0,0,0,0
145.494507,145.453186,128,255,227,255,190,1,1,195,1,0,0,0,0,0,0,0
145.989014,145.918304,128,255,228,255,191,1,50,195,129,0,0,0,0,0,0,0
146.428574,146.383438,127,255,229,255,185,1,123,193,129,0,0,0,0,0,0,0
146.923080,146.847794,126,255,229,255,191,1,123,193,1,0,0,0,0,0,0,0
147.362640,147.313004,128,255,229,255,190,1,123,194,1,0,0,0,0,0,0,0
147.857147,147.778076,127,255,229,255,190,1,123,193,1,0,0,0,0,0,0,0
148.296707,148.242172,127,255,228,255,190,1,91,194,129,0,0,0,0,0,0,0
148.736267,148.707092,127,255,227,255,190,1,16,194,129,0,0,0,0,0,0,0
149.230774,149.171341,128,255,226,255,192,1,1,195,129,0,0,0,0,0,0,0
149.670334,149.636520,128,255,226,255,190,1,1,195,1,0,0,0,0,0,0,0
150.164841,150.101425,128,255,226,255,189,1,1,194,1,0,0,0,0,0,0,0
150.604401,150.565582,128,255,227,255,190,1,1,196,129,0,0,0,0,0,0,0
151.098907,151.030594,127,255,227,255,190,1,5,194,129,0,0,0,0,0,0,0
151.538467,151.494537,128,255,228,255,190,1,47,196,1,0,0,0,0,0,0,0
152.032974,151.959808,128,255,229,255,190,1,123,194,1,0,0,0,0,0,0,0
152.472534,152.425186,126,255,230,255,190,1,124,193,1,0,0,0,0,0,0,0
152.967026,152.889343,127,255,231,255,191,1,124,193,129,0,0,0,0,0,0,0
153.406601,153.353439,127,255,227,255,191,1,124,194,129,0,0,0,0,0,0,0
153.901093,153.818863,128,255,229,255,190,1,55,194,129,0,0,0,0,0,0,0
154.340652,154.284195,128,255,229,255,192,2,1,195,1,0,0,0,0,0,0,0
154.835159,154.749207,127,255,229,255,198,1,1,195,1,0,0,0,0,0,0,0
155.274719,155.213516,128,255,228,255,190,1,1,196,129,0,0,0,0,0,0,0
155.714279,155.678574,128,255,229,255,191,1,1,195,129,0,0,0,0,0,0,0
156.208786,156.143845,127,255,230,255,190,1,1,194,129,0,0,0,0,0,0,0
156.648346,156.607544,127,255,231,255,190,1,31,194,1,0,0,0,0,0,0,0
157.142853,157.072861,127,255,232,255,189,1,114,191,1,0,0,0,0,0,0,0
157.582413,157.536652,126,255,233,255,190,1,124,192,129,0,0,0,0,0,0,0
158.076920,158.001984,127,255,233,255,191,1,124,193,129,0,0,0,0,0,0,0
158.516479,158.467102,127,255,234,255,190,1,124,193,129,0,0,0,0,0,0,0
159.010986,158.931351,127,255,233,255,190,1,123,194,1,0,0,0,0,0,0,0
159.450546,159.396683,127,255,232,255,190,1,35,194,1,0,0,0,0,0,0,0
159.945053,159.861023,128,255,231,255,191,1,1,195,129,0,0,0,0,0,0,0
160.384613,160.326157,128,255,231,255,190,1,1,195,129,0,0,0,0,0,0,0
160.879120,160.791214,128,255,230,255,189,1,1,195,129,0,0,0,0,0,0,0
161.318680,161.255417,128,255,231,255,190,1,1,194,1,0,0,0,0,0,0,0
161.758240,161.720383,128,255,231,255,190,1,1,195,1,0,0,0,0,0,0,0
162.252747,162.185303,127,255,230,255,190,1,15,195,1,0,0,0,0,0,0,0
162.692307,162.649246,127,255,233,255,190,1,91,193,129,0,0,0,0,0,0,0
163.186813,163.114410,126,255,234,255,191,1,123,192,129,0,0,0,0,0,0,0
163.626373,163.578659,127,255,234,255,190,1,123,193,1,0,0,0,0,0,0,0
164.120880,164.043579,128,255,234,255,189,1,123,194,1,0,0,0,0,0,0,0
164.560440,164.508850,128,255,233,255,191,1,119,194,1,0,0,0,0,0,0,0
165.054947,164.973053,128,255,233,255,190,1,38,194,129,0,0,0,0,0,0,0
165.494507,165.438171,128,255,232,255,192,1,1,195,129,0,0,0,0,0,0,0
165.989014,165.902527,128,255,231,255,190,1,1,195,129,0,0,0,0,0,0,0
166.428574,166.367493,128,255,231,255,190,1,1,196,1,0,0,0,0,0,0,0
166.923080,166.832718,128,255,232,255,190,1,1,196,1,0,0,0,0,0,0,0
167.362640,167.296768,128,255,233,255,192,1,1,195,129,0,0,0,0,0,0,0
167.802200,167.761627,127,255,234,255,190,1,49,193,129,0,0,0,0,0,0,0
168.296707,168.225616,127,255,235,255,184,1,123,194,129,0,0,0,0,0,0,0
168.736267,168.690796,127,255,236,255,191,1,124,194,1,0,0,0,0,0,0,0
169.230774,169.155045,126,255,237,255,190,1,123,193,1,0,0,0,0,0,0,0
169.670334,169.620163,127,255,237,255,191,1,123,194,129,0,0,0,0,0,0,0
170.164841,170.084869,128,255,235,255,192,1,123,195,129,0,0,0,0,0,0,0
170.604401,170.549072,128,255,235,255,191,1,30,195,1,0,0,0,0,0,0,0
171.098907,171.014099,128,255,234,255,191,1,1,195,1,0,0,0,0,0,0,0
171.538467,171.478958,128,255,233,255,191,1,1,195,1,0,0,0,0,0,0,0
172.032974,171.943161,128,255,220,255,190,1,1,195,129,0,0,0,0,0,0,0
172.472534,172.408127,128,255,234,255,190,1,1,195,129,0,0,0,0,0,0,0
172.912094,172.873550,128,255,233,255,189,1,1,195,129,0,0,0,0,0,0,0
173.406601,173.337753,127,255,234,255,190,1,20,195,1,0,0,0,0,0,0,0
173.846161,173.802765,127,255,234,255,190,1,123,194,1,0,0,0,0,0,0,0
174.340652,174.266968,127,255,235,255,191,1,123,194,1,0,0,0,0,0,0,0
174.780212,174.731674,126,255,235,255,190,1,123,192,129,0,0,0,0,0,0,0
175.274719,175.196854,127,255,235,255,191,1,114,194,129,0,0,0,0,0,0,0
175.714279,175.660950,128,255,234,255,191,1,43,194,1,0,0,0,0,0,0,0
176.208786,176.125961,128,255,233,255,191,1,1,195,1,0,0,0,0,0,0,0
176.648346,176.590057,128,255,233,255,201,1,1,195,129,0,0,0,0,0,0,0
177.142853,177.055389,128,255,233,255,190,1,1,195,129,0,0,0,0,0,0,0
177.582413,177.520767,128,255,233,255,189,1,1,195,129,0,0,0,0,0,0,0
178.076920,177.985123,128,255,235,255,189,1,1,195,1,0,0,0,0,0,0,0
178.516479,178.450180,128,255,236,255,189,1,22,194,1,0,0,0,0,0,0,0
178.956039,178.915207,127,255,237,255,188,1,101,194,1,0,0,0,0,0,0,0
179.450546,179.379501,127,255,238,255,190,1,124,194,129,0,0,0,0,0,0,0
179.890106,179.844574,127,255,235,255,191,1,123,193,129,0,0,0,0,0,0,0
180.384613,180.308777,127,255,239,255,191,1,123,193,1,0,0,0,0,0,0,0
180.824173,180.773636,127,255,235,255,191,1,123,194,1,0,0,0,0,0,0,0
181.318680,181.237686,127,255,237,255,192,1,54,194,1,0,0,0,0,0,0,0
181.758240,181.702759,128,255,237,255,190,1,2,195,129,0,0,0,0,0,0,0
182.252747,182.167877,128,255,236,255,189,1,1,195,129,0,0,0,0,0,0,0
182.692307,182.631866,128,255,236,255,191,1,1,195,1,0,0,0,0,0,0,0
183.186813,183.097046,128,255,236,255,189,1,1,195,1,0,0,0,0,0,0,0
183.626373,183.562271,128,255,237,255,190,1,1,196,1,0,0,0,0,0,0,0
184.120880,184.026367,127,255,237,255,190,1,25,194,129,0,0,0,0,0,0,0
184.560440,184.491837,128,255,238,255,188,1,106,195,129,0,0,0,0,0,0,0
185.000000,184.955933,127,255,238,255,192,1,123,193,1,0,0,0,0,0,0,0
185.494507,185.421005,127,255,239,255,192,1,123,193,1,0,0,0,0,0,0,0
185.934067,185.885971,127,255,237,255,191,1,124,193,1,0,0,0,0,0,0,0
186.428574,186.350021,128,255,237,255,190,1,81,195,129,0,0,0,0,0,0,0
186.868134,186.815186,128,255,236,255,192,1,6,195,129,0,0,0,0,0,0,0
187.362640,187.280365,128,255,236,255,192,2,1,195,129,0,0,0,0,0,0,0
187.802200,187.744568,128,255,236,255,190,1,1,196,1,0,0,0,0,0,0,0
188.296707,188.209686,128,255,236,255,190,1,1,195,1,0,0,0,0,0,0,0
188.736267,188.673874,128,255,236,255,190,1,1,195,129,0,0,0,0,0,0,0
189.230774,189.137924,128,255,237,255,189,1,1,196,1,0,0,0,0,0,0,0
189.670334,189.603043,128,255,238,255,191,1,26,194,1,0,0,0,0,0,0,0
190.164841,190.068268,125,255,240,255,189,1,123,193,1,0,0,0,0,0,0,0
190.604401,190.533554,127,255,240,255,191,1,123,192,1,0,0,0,0,0,0,0
191.043961,190.997437,127,255,240,255,191,1,123,193,129,0,0,0,0,0,0,0
191.538467,191.462463,127,255,240,255,192,1,123,193,129,0,0,0,0,0,0,0
191.978027,191.926498,127,255,239,255,190,1,122,194,1,0,0,0,0,0,0,0
192.472534,192.391418,128,255,238,255,190,1,6,195,1,0,0,0,0,0,0,0
192.912094,192.856598,128,255,237,255,191,1,1,195,1,0,0,0,0,0,0,0
193.406601,193.320541,128,255,237,255,189,1,1,195,1,0,0,0,0,0,0,0
193.846161,193.785400,128,255,237,255,189,1,1,194,129,0,0,0,0,0,0,0
194.340652,194.250519,128,255,237,255,189,1,1,195,129,0,0,0,0,0,0,0
194.780212,194.714661,127,255,237,255,190,1,1,194,1,0,0,0,0,0,0,0
195.274719,195.179626,127,255,238,255,190,1,37,194,1,0,0,0,0,0,0,0
195.714279,195.643936,125,255,239,255,189,1,122,190,1,0,0,0,0,0,0,0
196.208786,196.109009,124,255,240,255,193,1,123,188,129,0,0,0,0,0,0,0
196.648346,196.572998,125,255,240,255,190,1,123,191,1,0,0,0,0,0,0,0
197.087906,197.037766,127,255,240,255,190,1,123,194,1,0,0,0,0,0,0,0
197.582413,197.503036,127,255,239,255,192,1,123,194,1,0,0,0,0,0,0,0
198.021973,197.966873,128,255,237,255,190,1,50,194,129,0,0,0,0,0,0,0
198.516479,198.431992,128,255,236,255,192,2,1,194,129,0,0,0,0,0,0,0
198.956039,198.897217,128,255,235,255,192,2,1,195,129,0,0,0,0,0,0,0
199.450546,199.361374,128,255,235,255,192,1,1,195,129,0,0,0,0,0,0,0
199.890106,199.826538,128,255,235,255,192,1,1,195,1,0,0,0,0,0,0,0
200.384613,200.291656,128,255,236,255,189,1,1,194,1,0,0,0,0,0,0,0
200.824173,200.755966,127,255,237,255,189,1,20,194,129,0,0,0,0,0,0,0
201.318680,201.221283,125,255,237,255,191,1,104,191,129,0,0,0,0,0,0,0
201.758240,201.685699,123,255,238,255,191,1,123,188,129,0,0,0,0,0,0,0
202.252747,202.150757,127,255,238,255,192,1,123,191,1,0,0,0,0,0,0,0
202.692307,202.616028,127,255,237,255,190,1,123,193,1,0,0,0,0,0,0,0
203.131866,203.079880,128,255,237,255,190,1,110,194,129,0,0,0,0,0,0,0
203.626373,203.544891,128,255,233,255,190,1,26,195,129,0,0,0,0,0,0,0
204.065933,204.009750,127,255,235,255,192,2,1,194,129,0,0,0,0,0,0,0
204.560440,204.473862,128,255,233,255,190,1,1,195,1,0,0,0,0,0,0,0
205.000000,204.938721,128,255,234,255,189,1,1,195,1,0,0,0,0,0,0,0
205.494507,205.402863,128,255,235,255,191,1,1,195,129,0,0,0,0,0,0,0
205.934067,205.868042,128,255,235,255,192,1,1,195,129,0,0,0,0,0,0,0
206.428574,206.333054,127,255,236,255,189,1,13,194,129,0,0,0,0,0,0,0
206.868134,206.797409,120,255,237,255,191,1,94,177,1,0,0,0,0,0,0,0
207.362640,207.262482,119,255,238,255,191,1,123,180,1,0,0,0,0,0,0,0
207.802200,207.726837,125,255,239,255,191,1,124,191,129,0,0,0,0,0,0,0
208.296707,208.191910,126,255,239,255,191,1,123,193,129,0,0,0,0,0,0,0
208.736267,208.656876,127,255,239,255,190,1,118,195,129,0,0,0,0,0,0,0
209.175827,209.121124,127,255,238,255,191,1,45,195,1,0,0,0,0,0,0,0
209.670334,209.586197,128,255,237,255,191,1,1,195,1,0,0,0,0,0,0,0
210.109894,210.051208,128,255,237,255,190,1,1,195,1,0,0,0,0,0,0,0
210.604401,210.515411,128,255,237,255,191,1,1,195,129,0,0,0,0,0,0,0
211.043961,210.980835,127,255,238,255,190,1,1,195,129,0,0,0,0,0,0,0
211.538467,211.444717,127,255,239,255,191,1,1,194,1,0,0,0,0,0,0,0
211.978027,211.909744,127,255,240,255,189,1,32,192,1,0,0,0,0,0,0,0
212.472534,212.373795,111,255,241,255,192,1,101,167,129,0,0,0,0,0,0,0
212.912094,212.839020,119,255,243,255,191,1,123,182,129,0,0,0,0,0,0,0
213.406601,213.304291,125,255,241,255,192,1,123,192,129,0,0,0,0,0,0,0
213.846161,213.768539,126,255,244,255,189,1,124,194,129,0,0,0,0,0,0,0
214.340652,214.233612,128,255,243,255,190,1,123,194,1,0,0,0,0,0,0,0
214.780212,214.698669,127,255,243,255,191,1,55,194,1,0,0,0,0,0,0,0
215.219788,215.162720,128,255,242,255,192,1,1,195,129,0,0,0,0,0,0,0
215.714279,215.627121,128,255,242,255,190,1,1,195,129,0,0,0,0,0,0,0
216.153839,216.090866,128,255,242,255,192,1,1,194,129,0,0,0,0,0,0,0
216.648346,216.556183,127,255,242,255,191,1,1,194,1,0,0,0,0,0,0,0
217.087906,217.021255,127,255,243,255,190,1,6,194,1,0,0,0,0,0,0,0
217.582413,217.485306,126,255,244,255,190,1,10,192,129,0,0,0,0,0,0,0
218.021973,217.950317,107,255,245,255,191,1,116,163,129,0,0,0,0,0,0,0
218.516479,218.414627,119,255,245,255,189,1,123,179,1,0,0,0,0,0,0,0
218.956039,218.879852,124,255,246,255,189,1,124,190,1,0,0,0,0,0,0,0
219.450546,219.344910,126,255,246,255,191,1,123,193,1,0,0,0,0,0,0,0
219.890106,219.809265,127,255,246,255,191,1,92,194,129,0,0,0,0,0,0,0
220.329666,220.274384,128,255,245,255,192,1,42,195,129,0,0,0,0,0,0,0
220.824173,220.739456,128,255,244,255,192,1,1,195,129,0,0,0,0,0,0,0
221.263733,221.203247,127,255,244,255,190,1,1,195,1,0,0,0,0,0,0,0
221.758240,221.668274,128,255,244,255,189,1,1,196,1,0,0,0,0,0,0,0
222.197800,222.132065,127,255,245,255,192,1,1,194,129,0,0,0,0,0,0,0
222.692307,222.598404,127,255,245,255,190,1,1,194,129,0,0,0,0,0,0,0
223.131866,223.062561,124,255,247,255,189,1,24,190,129,0,0,0,0,0,0,0
223.626373,223.528503,105,255,248,255,189,1,116,160,1,0,0,0,0,0,0,0
224.065933,223.993713,114,255,249,255,189,1,123,176,1,0,0,0,0,0,0,0
224.560440,224.457611,124,255,249,255,189,1,123,191,1,0,0,0,0,0,0,0
225.000000,224.922928,127,255,249,255,190,1,123,193,129,0,0,0,0,0,0,0
225.494507,225.386932,127,255,249,255,191,1,123,194,129,0,0,0,0,0,0,0
225.934067,225.851990,127,255,248,255,191,1,61,193,1,0,0,0,0,0,0,0
226.428574,226.317429,127,255,247,255,191,1,1,195,1,0,0,0,0,0,0,0
226.868134,226.781723,128,255,246,255,192,1,1,195,1,0,0,0,0,0,0,0
227.307693,227.246750,128,255,246,255,189,1,1,195,129,0,0,0,0,0,0,0
227.802200,227.711807,128,255,247,255,191,1,1,195,129,0,0,0,0,0,0,0
228.241760,228.175751,128,255,246,255,192,1,1,194,1,0,0,0,0,0,0,0
228.736267,228.640778,127,255,248,255,190,1,17,194,1,0,0,0,0,0,0,0
229.175827,229.105026,125,255,248,255,191,1,55,188,129,0,0,0,0,0,0,0
229.670334,229.567993,110,255,249,255,182,1,123,169,129,0,0,0,0,0,0,0
230.109894,230.033066,122,255,249,255,190,1,124,186,129,0,0,0,0,0,0,0
230.604401,230.497314,126,255,249,255,189,1,124,192,1,0,0,0,0,0,0,0
231.043961,230.962646,127,255,249,255,191,1,124,194,1,0,0,0,0,0,0,0
231.538467,231.427567,126,255,248,255,191,1,60,194,1,0,0,0,0,0,0,0
231.978027,231.891602,128,255,247,255,190,1,1,195,129,0,0,0,0,0,0,0
232.417587,232.356567,128,255,247,255,191,1,1,194,129,0,0,0,0,0,0,0
232.912094,232.820724,128,255,246,255,190,1,1,195,1,0,0,0,0,0,0,0
233.351654,233.285583,128,255,246,255,191,1,1,194,1,0,0,0,0,0,0,0
233.846161,233.749680,127,255,247,255,190,1,1,194,1,0,0,0,0,0,0,0
234.285721,234.214798,125,255,247,255,190,1,8,190,129,0,0,0,0,0,0,0
234.780212,234.680954,97,255,248,255,194,1,54,148,129,0,0,0,0,0,0,0
235.219788,235.146378,100,255,249,255,191,1,123,154,1,0,0,0,0,0,0,0
235.714279,235.611282,115,255,250,255,191,1,124,175,1,0,0,0,0,0,0,0
236.153839,236.075851,123,255,248,255,191,1,123,187,129,0,0,0,0,0,0,0
236.648346,236.541168,127,255,249,255,190,1,123,191,129,0,0,0,0,0,0,0
237.087906,237.006500,127,255,245,255,190,1,97,193,129,0,0,0,0,0,0,0
237.582413,237.471008,127,255,248,255,190,1,22,194,1,0,0,0,0,0,0,0
238.021973,237.934082,128,255,247,255,198,1,1,195,1,0,0,0,0,0,0,0
238.461533,238.399094,128,255,246,255,192,2,1,194,1,0,0,0,0,0,0,0
238.956039,238.863449,128,255,246,255,191,1,1,195,129,0,0,0,0,0,0,0
239.395599,239.328110,127,255,247,255,191,1,1,193,129,0,0,0,0,0,0,0
239.890106,239.792053,108,255,247,255,192,0,1,166,1,0,0,0,0,0,0,0
240.329666,240.258087,97,255,247,255,192,0,10,146,1,0,0,0,0,0,0,0
240.824173,240.722748,94,255,249,255,192,0,98,142,1,0,0,0,0,0,0,0
241.263733,241.187714,106,255,249,255,191,1,123,161,129,0,0,0,0,0,0,0
241.758240,241.652740,115,255,249,255,190,1,123,175,129,0,0,0,0,0,0,0
242.197800,242.116638,122,255,249,255,189,1,123,186,1,0,0,0,0,0,0,0
242.692307,242.581955,125,255,249,255,190,1,123,188,1,0,0,0,0,0,0,0
243.131866,243.046814,125,255,248,255,190,1,44,189,1,0,0,0,0,0,0,0
243.626373,243.511124,126,255,247,255,190,1,1,191,129,0,0,0,0,0,0,0
244.065933,243.975983,124,255,247,255,191,1,1,188,129,0,0,0,0,0,0,0
244.505493,244.441269,116,255,247,255,191,1,1,175,129,0,0,0,0,0,0,0
245.000000,244.904129,107,255,246,255,192,1,1,175,129,0,0,0,0,0,0,0
245.439560,245.372574,100,255,247,255,191,1,0,150,1,0,0,0,0,0,0,0
245.934067,245.836517,91,255,248,255,193,0,17,139,129,0,0,0,0,0,0,0
246.373627,246.302261,91,255,248,255,192,1,76,138,129,0,0,0,0,0,0,0
246.868134,246.767380,100,255,249,255,182,1,123,153,129,0,0,0,0,0,0,0
247.307693,247.234344,110,255,250,255,190,1,123,167,1,0,0,0,0,0,0,0
247.802200,247.698441,114,255,249,255,190,1,123,174,129,0,0,0,0,0,0,0
248.241760,248.164581,120,255,249,255,191,1,123,183,1,0,0,0,0,0,0,0
248.736267,248.628418,118,255,248,255,190,1,56,180,129,0,0,0,0,0,0,0
249.175827,249.093185,116,255,247,255,192,1,4,176,129,0,0,0,0,0,0,0
249.670334,249.557632,114,255,246,255,191,1,1,173,1,0,0,0,0,0,0,0
250.109894,250.022751,116,255,244,255,192,1,1,177,1,0,0,0,0,0,0,0
250.604401,250.486862,109,255,245,255,191,1,1,167,129,0,0,0,0,0,0,0
251.043961,250.952133,105,255,245,255,190,1,1,159,129,0,0,0,0,0,0,0
251.538467,251.418533,97,255,245,255,191,1,3,147,129,0,0,0,0,0,0,0
251.978027,251.882675,92,255,247,255,191,1,24,140,1,0,0,0,0,0,0,0
252.417587,252.347488,96,255,249,255,189,1,107,144,1,0,0,0,0,0,0,0
252.912094,252.812256,107,255,251,255,192,0,123,161,129,0,0,0,0,0,0,0
253.351654,253.281113,114,255,251,255,191,1,123,174,129,0,0,0,0,0,0,0
253.846161,253.744843,119,255,248,255,190,1,123,181,129,0,0,0,0,0,0,0
254.285721,254.209961,120,255,249,255,190,1,88,182,1,0,0,0,0,0,0,0
254.780212,254.675247,117,255,242,255,192,1,22,178,1,0,0,0,0,0,0,0
255.219788,255.139130,114,255,247,255,190,1,1,174,1,0,0,0,0,0,0,0
255.714279,255.603943,111,255,246,255,191,1,1,169,129,0,0,0,0,0,0,0
256.153839,256.069427,113,255,243,255,189,1,1,172,129,0,0,0,0,0,0,0
256.648346,256.533569,106,255,243,255,191,1,1,161,1,0,0,0,0,0,0,0
257.087921,256.998657,100,255,244,255,189,1,1,152,1,0,0,0,0,0,0,0
257.582428,257.464111,94,255,247,255,191,1,22,142,1,0,0,0,0,0,0,0
258.021973,257.929382,95,255,247,255,189,1,67,145,129,0,0,0,0,0,0,0
258.516479,258.395477,101,255,248,255,179,1,123,153,129,0,0,0,0,0,0,0
258.956055,258.859650,108,255,249,255,191,1,123,166,1,0,0,0,0,0,0,0
259.395599,259.324463,114,255,248,255,191,1,123,173,1,0,0,0,0,0,0,0
259.890106,259.789307,117,255,245,255,189,1,123,178,1,0,0,0,0,0,0,0
260.329681,260.253357,117,255,244,255,191,1,66,177,129,0,0,0,0,0,0,0
260.824188,260.718109,116,255,237,255,191,1,20,176,129,0,0,0,0,0,0,0
261.263733,261.182220,111,255,238,255,192,1,1,169,1,0,0,0,0,0,0,0
261.758240,261.647430,109,255,237,255,192,1,1,166,1,0,0,0,0,0,0,0
262.197815,262.112732,108,255,234,255,191,1,1,163,1,0,0,0,0,0,0,0
262.692322,262.576874,107,255,232,255,190,1,1,162,129,0,0,0,0,0,0,0
263.131866,263.042206,101,255,232,255,191,1,1,153,129,0,0,0,0,0,0,0
263.626373,263.508392,97,255,235,255,192,0,14,146,129,0,0,0,0,0,0,0
264.065948,263.971466,97,255,244,255,192,0,54,148,1,0,0,0,0,0,0,0
264.560425,264.438171,103,255,247,255,191,1,122,157,1,0,0,0,0,0,0,0
265.000000,264.902405,112,255,247,255,192,1,123,172,129,0,0,0,0,0,0,0
265.439575,265.367706,117,255,248,255,191,1,123,179,129,0,0,0,0,0,0,0
265.934052,265.831696,121,255,245,255,190,1,123,183,1,0,0,0,0,0,0,0
266.373627,266.296295,122,255,247,255,191,1,95,185,1,0,0,0,0,0,0,0
266.868134,266.761200,118,255,243,255,192,1,48,180,1,0,0,0,0,0,0,0
267.307678,267.225372,116,255,241,255,192,1,6,177,129,0,0,0,0,0,0,0
267.802185,267.690277,113,255,237,255,193,1,1,171,129,0,0,0,0,0,0,0
268.241760,268.155304,110,255,234,255,194,1,1,168,129,0,0,0,0,0,0,0
268.736267,268.619446,107,255,231,255,192,1,1,163,1,0,0,0,0,0,0,0
269.175812,269.084778,105,255,229,255,191,1,1,160,1,0,0,0,0,0,0,0
269.670319,269.548645,104,255,227,255,193,1,2,158,129,0,0,0,0,0,0,0
270.109894,270.013885,105,255,231,255,192,1,62,160,129,0,0,0,0,0,0,0
270.604401,270.479248,110,255,230,255,192,1,100,168,129,0,0,0,0,0,0,0
271.043945,270.943420,115,255,229,255,190,1,120,175,1,0,0,0,0,0,0,0
271.483521,271.408325,120,255,220,255,190,1,123,181,1,0,0,0,0,0,0,0
271.978027,271.873444,0,255,215,255,192,1,97,184,1,0,0,0,0,0,0,0
272.417572,272.338165,0,255,208,255,192,1,75,183,129,0,0,0,0,0,0,0
272.912079,272.802094,0,255,193,255,192,1,63,182,1,0,0,0,0,0,0,0
273.351654,273.266052,0,255,87,255,191,1,34,180,1,0,0,0,0,0,0,0
273.846161,273.730103,0,255,79,255,191,1,25,179,1,0,0,0,0,0,0,0
274.285706,274.194092,0,255,89,255,191,1,21,177,1,0,0,0,0,0,0,0
274.780212,274.657501,0,255,89,255,191,1,19,177,129,0,0,0,0,0,0,0
275.219788,275.122131,0,255,70,255,193,1,41,179,129,0,0,0,0,0,0,0
275.714294,275.585510,0,255,85,255,191,1,43,180,1,0,0,0,0,0,0,0
276.153839,276.049744,0,255,87,255,192,1,46,181,1,0,0,0,0,0,0,0
276.593414,276.512634,0,255,85,255,192,1,61,183,129,0,0,0,0,0,0,0
277.087921,276.976654,0,255,71,255,192,1,57,186,129,0,0,0,0,0,0,0
277.527466,277.440704,0,255,69,255,193,1,49,188,129,0,0,0,0,0,0,0
278.021973,277.903687,0,255,87,255,190,1,43,188,1,0,0,0,0,0,0,0
278.461548,278.367737,0,255,70,255,192,2,36,189,1,0,0,0,0,0,0,0
278.956055,278.832245,0,255,78,255,190,1,25,187,1,0,0,0,0,0,0,0
279.395599,279.295624,0,255,86,255,191,1,27,186,129,0,0,0,0,0,0,0
279.890106,279.760010,0,255,80,255,193,1,40,186,129,0,0,0,0,0,0,0
280.329681,280.223999,0,255,89,255,191,1,52,187,129,0,0,0,0,0,0,0
280.769226,280.687347,0,255,80,255,192,1,65,188,1,0,0,0,0,0,0,0
281.263733,281.150879,0,255,81,255,192,1,69,190,1,0,0,0,0,0,0,0
281.703308,281.615448,0,255,231,255,191,1,63,194,129,0,0,0,0,0,0,0
282.197815,282.080139,0,255,249,255,190,1,61,195,129,0,0,0,0,0,0,0
282.637360,282.545380,0,255,249,255,190,1,46,194,129,0,0,0,0,0,0,0
283.131866,283.009216,0,255,249,255,191,1,29,195,1,0,0,0,0,0,0,0
283.571442,283.474640,0,255,249,255,191,1,19,195,1,0,0,0,0,0,0,0
284.065948,283.938538,0,255,250,255,190,1,16,195,129,0,0,0,0,0,0,0
284.505493,284.403656,0,255,250,255,191,1,28,195,129,0,0,0,0,0,0,0
285.000000,284.868530,0,255,250,255,190,1,42,195,129,0,0,0,0,0,0,0
285.439575,285.332458,0,255,251,255,192,2,69,195,1,0,0,0,0,0,0,0
285.879120,285.797424,0,255,248,255,191,1,80,195,1,0,0,0,0,0,0,0
286.373627,286.262390,128,255,249,255,192,1,90,195,1,0,0,0,0,0,0,0
286.813202,286.729462,128,255,250,255,191,1,98,194,129,0,0,0,0,0,0,0
287.307678,287.198425,128,255,250,255,191,1,92,195,129,0,0,0,0,0,0,0
287.747253,287.662354,128,255,245,255,190,1,74,195,1,0,0,0,0,0,0,0
288.241760,288.127594,128,255,245,255,192,1,51,195,1,0,0,0,0,0,0,0
288.681305,288.592041,128,255,245,255,191,1,31,195,1,0,0,0,0,0,0,0
289.175812,289.055939,128,255,243,255,192,2,37,195,129,0,0,0,0,0,0,0
289.615387,289.520905,127,255,246,255,191,1,44,194,129,0,0,0,0,0,0,0
290.109894,289.986237,128,255,246,255,191,1,65,195,1,0,0,0,0,0,0,0
290.549438,290.451355,128,255,249,255,192,1,82,194,1,0,0,0,0,0,0,0
291.043945,290.916626,128,255,251,255,191,1,95,194,1,0,0,0,0,0,0,0
291.483521,291.383484,0,255,251,255,191,1,92,195,129,0,0,0,0,0,0,0
291.978027,291.848541,0,255,253,255,191,1,86,196,129,0,0,0,0,0,0,0
292.417572,292.315002,0,255,252,255,192,1,73,196,1,0,0,0,0,0,0,0
292.912079,292.780029,0,255,255,255,191,1,45,195,1,0,0,0,0,0,0,0
293.351654,293.245026,0,255,255,255,192,1,30,195,1,0,0,0,0,0,0,0
293.791199,293.709198,0,255,255,255,191,1,32,195,129,0,0,0,0,0,0,0
294.285706,294.173126,0,255,255,255,192,1,46,194,129,0,0,0,0,0,0,0
294.725281,294.638184,0,255,255,255,190,1,63,195,1,0,0,0,0,0,0,0
295.219788,295.103638,0,255,255,255,191,1,84,195,1,0,0,0,0,0,0,0
295.659332,295.568634,0,255,255,255,192,1,98,195,1,0,0,0,0,0,0,0
296.153839,296.032684,0,255,255,255,190,1,104,195,129,0,0,0,0,0,0,0
296.593414,296.497498,0,255,255,255,190,1,96,195,129,0,0,0,0,0,0,0
297.087921,296.962769,0,255,255,255,190,1,82,195,129,0,0,0,0,0,0,0
297.527466,297.427063,0,255,255,255,189,1,41,196,1,0,0,0,0,0,0,0
298.021973,297.890961,0,255,255,255,191,1,40,195,129,0,0,0,0,0,0,0
298.461548,298.356201,0,255,255,255,192,1,14,195,129,0,0,0,0,0,0,0
298.956055,298.821320,0,255,255,255,190,1,34,195,129,0,0,0,0,0,0,0
299.395599,299.286804,0,255,255,255,191,1,45,195,129,0,0,0,0,0,0,0
299.835175,299.750824,0,255,255,255,192,1,68,195,1,0,0,0,0,0,0,0
300.329681,300.216064,0,255,255,255,190,1,101,195,1,0,0,0,0,0,0,0
300.769226,300.681091,0,255,255,255,191,1,104,195,1,0,0,0,0,0,0,0
301.263733,301.145172,0,255,255,255,192,1,96,195,129,0,0,0,0,0,0,0
301.703308,301.610138,0,255,255,255,191,1,94,194,129,0,0,0,0,0,0,0
302.197815,302.074432,0,255,255,255,190,1,70,195,1,0,0,0,0,0,0,0
302.637360,302.539398,0,255,254,255,191,1,60,195,1,0,0,0,0,0,0,0
303.131866,303.004364,128,255,251,255,191,1,47,195,1,0,0,0,0,0,0,0
303.571442,303.472717,128,255,251,255,192,1,28,194,129,0,0,0,0,0,0,0
304.065948,303.941742,0,255,253,255,191,1,33,195,129,0,0,0,0,0,0,0
304.505493,304.405792,0,255,254,255,192,1,41,194,1,0,0,0,0,0,0,0
305.000000,304.870453,0,255,255,255,192,2,54,195,1,0,0,0,0,0,0,0
305.439575,305.335571,0,255,255,255,192,1,80,195,1,0,0,0,0,0,0,0
305.934052,305.799591,0,255,255,255,191,1,96,195,129,0,0,0,0,0,0,0
306.373627,306.265045,0,255,255,255,191,1,96,195,129,0,0,0,0,0,0,0
306.868134,306.729218,0,255,255,255,193,1,98,194,129,0,0,0,0,0,0,0
307.307678,307.194550,0,255,255,255,190,1,88,195,1,0,0,0,0,0,0,0
307.747253,307.659363,0,255,255,255,191,1,71,195,1,0,0,0,0,0,0,0
308.241760,308.123413,0,255,255,255,190,1,56,195,129,0,0,0,0,0,0,0
308.681305,308.587921,0,255,255,255,192,1,39,195,129,0,0,0,0,0,0,0
309.175812,309.051910,0,255,255,255,193,1,41,195,1,0,0,0,0,0,0,0
309.615387,309.516998,0,255,255,255,190,1,53,195,1,0,0,0,0,0,0,0
310.109894,309.981995,0,255,255,255,190,1,65,194,1,0,0,0,0,0,0,0
310.549438,310.445953,0,255,255,255,191,1,75,195,129,0,0,0,0,0,0,0
311.043945,310.911224,0,255,255,255,191,1,81,195,129,0,0,0,0,0,0,0
311.483521,311.375641,0,255,255,255,190,1,83,195,129,0,0,0,0,0,0,0
311.978027,311.840759,0,255,255,255,190,1,82,195,1,0,0,0,0,0,0,0
312.417572,312.304901,0,255,255,255,192,1,76,194,129,0,0,0,0,0,0,0
312.912079,312.769928,0,255,255,255,192,1,44,195,1,0,0,0,0,0,0,0
313.351654,313.234833,0,255,255,255,190,1,32,195,129,0,0,0,0,0,0,0
313.791199,313.699860,0,255,255,255,192,1,37,195,129,0,0,0,0,0,0,0
314.285706,314.164001,0,255,255,255,191,1,32,195,1,0,0,0,0,0,0,0
314.725281,314.629211,0,255,255,255,192,1,49,195,1,0,0,0,0,0,0,0
315.219788,315.093414,0,255,255,255,191,1,87,196,1,0,0,0,0,0,0,0
315.659332,315.558685,0,255,255,255,191,1,96,195,129,0,0,0,0,0,0,0
316.153839,316.023956,0,255,255,255,192,1,108,195,129,0,0,0,0,0,0,0
316.593414,316.488159,0,255,255,255,191,1,111,195,1,0,0,0,0,0,0,0
317.087921,316.953400,0,255,255,255,190,1,103,194,1,0,0,0,0,0,0,0
317.527466,317.417542,0,255,255,255,193,1,71,195,1,0,0,0,0,0,0,0
318.021973,317.882874,0,255,255,255,191,1,58,196,129,0,0,0,0,0,0,0
318.461548,318.347992,0,255,255,255,192,1,46,195,129,0,0,0,0,0,0,0
318.956055,318.812347,0,255,255,255,191,1,48,195,1,0,0,0,0,0,0,0
319.395599,319.277405,0,255,255,255,191,1,64,195,1,0,0,0,0,0,0,0
319.835175,319.741608,0,255,255,255,190,1,68,194,129,0,0,0,0,0,0,0
320.329681,320.204773,0,255,255,255,191,1,83,196,129,0,0,0,0,0,0,0
320.769226,320.670166,0,255,255,255,191,1,81,195,129,0,0,0,0,0,0,0
321.263733,321.134155,0,255,255,255,192,1,66,195,1,0,0,0,0,0,0,0
321.703308,321.599365,0,255,255,255,191,1,67,195,1,0,0,0,0,0,0,0
322.197815,322.064331,0,255,255,255,190,1,48,195,1,0,0,0,0,0,0,0
322.637360,322.528534,0,255,255,255,192,1,34,195,129,0,0,0,0,0,0,0
323.131866,322.993713,0,255,255,255,190,1,45,195,129,0,0,0,0,0,0,0
323.571442,323.457794,0,255,255,255,190,1,58,194,1,0,0,0,0,0,0,0
324.065948,323.923340,0,255,255,255,190,1,72,195,1,0,0,0,0,0,0,0
324.505493,324.388458,0,255,255,255,192,1,90,195,1,0,0,0,0,0,0,0
324.945068,324.852295,0,255,255,255,192,1,95,195,129,0,0,0,0,0,0,0
325.439575,325.317566,0,255,255,255,191,1,92,195,129,0,0,0,0,0,0,0
325.879120,325.782196,0,255,255,255,190,1,83,195,129,0,0,0,0,0,0,0
326.373627,326.246338,0,255,255,255,190,1,78,194,1,0,0,0,0,0,0,0
326.813202,326.711151,0,255,255,255,190,1,49,195,1,0,0,0,0,0,0,0
327.307678,327.175232,0,255,255,255,191,1,36,195,129,0,0,0,0,0,0,0
327.747253,327.640198,0,255,255,255,191,1,38,194,129,0,0,0,0,0,0,0
328.241760,328.105530,0,255,255,255,190,1,40,195,129,0,0,0,0,0,0,0
328.681305,328.569672,0,255,255,255,191,1,71,194,1,0,0,0,0,0,0,0
329.175812,329.034790,0,255,255,255,192,1,80,196,1,0,0,0,0,0,0,0
329.615387,329.499115,0,255,255,255,192,1,87,195,1,0,0,0,0,0,0,0
330.109894,329.964325,0,255,255,255,192,1,94,195,129,0,0,0,0,0,0,0
330.549438,330.429230,0,255,255,255,189,1,83,195,129,0,0,0,0,0,0,0
330.989014,330.893341,0,255,255,255,192,1,70,195,1,0,0,0,0,0,0,0
331.483521,331.358612,0,255,255,255,191,1,50,195,1,0,0,0,0,0,0,0
331.923065,331.822235,0,255,255,255,191,1,37,195,1,0,0,0,0,0,0,0
332.417572,332.287109,0,255,255,255,191,1,21,195,129,0,0,0,0,0,0,0
332.857147,332.752289,0,255,255,255,191,1,32,196,129,0,0,0,0,0,0,0
333.351654,333.216583,0,255,255,255,191,1,44,195,1,0,0,0,0,0,0,0
333.791199,333.681488,0,255,255,255,191,1,54,195,1,0,0,0,0,0,0,0
334.285706,334.145599,0,255,255,255,191,1,86,195,1,0,0,0,0,0,0,0
334.725281,334.612091,0,255,255,255,191,1,96,194,129,0,0,0,0,0,0,0
335.219788,335.077332,0,255,255,255,191,1,102,195,129,0,0,0,0,0,0,0
335.659332,335.542603,0,255,255,255,192,1,95,195,1,0,0,0,0,0,0,0
336.153839,336.007568,0,255,255,255,191,1,82,195,1,0,0,0,0,0,0,0
336.593414,336.472168,0,255,255,255,191,1,64,195,1,0,0,0,0,0,0,0
337.087921,336.937744,0,255,255,255,191,1,50,195,129,0,0,0,0,0,0,0
337.527466,337.402527,0,255,255,255,192,1,46,194,129,0,0,0,0,0,0,0
337.967041,337.866577,0,255,255,255,191,1,52,195,129,0,0,0,0,0,0,0
338.461548,338.331848,0,255,255,255,192,1,73,195,1,0,0,0,0,0,0,0
338.901093,338.795685,0,255,255,255,192,1,82,194,129,0,0,0,0,0,0,0
339.395599,339.261169,0,255,255,255,192,1,96,194,129,0,0,0,0,0,0,0
339.835175,339.726471,0,255,255,255,192,1,97,194,129,0,0,0,0,0,0,0
340.329681,340.190277,0,255,255,255,190,1,81,195,129,0,0,0,0,0,0,0
340.769226,340.655243,0,255,255,255,190,1,68,194,1,0,0,0,0,0,0,0
341.263733,341.120422,0,255,255,255,192,1,47,195,1,0,0,0,0,0,0,0
341.703308,341.584717,0,255,255,255,192,1,42,196,129,0,0,0,0,0,0,0
342.197815,342.049835,0,255,255,255,191,1,41,194,129,0,0,0,0,0,0,0
342.637360,342.514038,0,255,255,255,191,1,53,194,1,0,0,0,0,0,0,0
343.131866,342.978912,0,255,255,255,192,1,74,195,1,0,0,0,0,0,0,0
343.571442,343.443665,0,255,255,255,192,1,88,195,1,0,0,0,0,0,0,0
344.010986,343.907501,0,255,255,255,190,1,94,195,129,0,0,0,0,0,0,0
344.505493,344.372528,0,255,255,255,192,1,86,194,129,0,0,0,0,0,0,0
344.945068,344.837585,0,255,255,255,191,1,72,195,129,0,0,0,0,0,0,0
345.439575,345.301483,0,255,255,255,190,1,49,195,1,0,0,0,0,0,0,0
345.879120,345.765320,0,255,255,255,191,1,33,196,129,0,0,0,0,0,0,0
346.373627,346.231476,0,255,255,255,191,1,34,195,1,0,0,0,0,0,0,0
346.813202,346.695557,0,255,255,255,190,1,35,194,129,0,0,0,0,0,0,0
347.307678,347.160889,0,255,255,255,192,1,62,194,129,0,0,0,0,0,0,0
347.747253,347.624817,0,255,255,255,191,1,86,194,1,0,0,0,0,0,0,0
348.241760,348.090271,0,255,255,255,191,1,81,195,1,0,0,0,0,0,0,0
348.681305,348.554260,0,255,255,255,190,1,93,195,129,0,0,0,0,0,0,0
349.120880,349.019226,0,255,255,255,192,1,93,194,129,0,0,0,0,0,0,0
349.615387,349.484253,0,255,255,255,190,1,68,194,129,0,0,0,0,0,0,0
350.054932,349.948029,0,255,255,255,191,1,52,195,1,0,0,0,0,0,0,0
350.549438,350.413147,0,255,255,255,191,1,57,195,1,0,0,0,0,0,0,0
350.989014,350.878479,0,255,255,255,191,1,53,195,1,0,0,0,0,0,0,0
351.483521,351.342682,0,255,255,255,191,2,64,194,129,0,0,0,0,0,0,0
351.923065,351.807709,0,255,255,255,191,1,81,195,129,0,0,0,0,0,0,0
352.417572,352.272034,0,255,255,255,191,1,87,195,129,0,0,0,0,0,0,0
352.857147,352.737274,0,255,255,255,192,1,94,194,1,0,0,0,0,0,0,0
353.351654,353.202850,0,255,255,255,191,1,88,195,1,0,0,0,0,0,0,0
353.791199,353.667603,128,255,248,255,192,1,79,195,129,0,0,0,0,0,0,0
354.285706,354.132568,128,255,245,255,192,1,59,194,129,0,0,0,0,0,0,0
354.725281,354.597046,128,255,243,255,191,1,35,194,1,0,0,0,0,0,0,0
355.164825,355.061859,128,255,239,255,192,1,12,195,1,0,0,0,0,0,0,0
355.659332,355.526917,128,255,237,255,191,1,12,194,1,0,0,0,0,0,0,0
356.098907,355.990692,128,255,237,255,191,1,12,194,129,0,0,0,0,0,0,0
356.593414,356.455780,128,255,237,255,191,1,27,195,129,0,0,0,0,0,0,0
357.032959,356.919861,128,255,237,255,192,1,37,196,129,0,0,0,0,0,0,0
357.527466,357.384674,128,255,238,255,190,1,60,194,1,0,0,0,0,0,0,0
357.967041,357.850098,128,255,235,255,190,1,51,196,1,0,0,0,0,0,0,0
358.461548,358.314301,128,255,236,255,191,1,54,195,129,0,0,0,0,0,0,0
358.901093,358.779480,128,255,229,255,192,1,41,194,129,0,0,0,0,0,0,0
359.395599,359.244720,128,255,232,255,190,1,34,195,129,0,0,0,0,0,0,0
359.835175,359.708801,128,255,226,255,191,1,16,194,1,0,0,0,0,0,0,0
360.329681,360.173920,128,255,229,255,191,1,45,195,1,0,0,0,0,0,0,0
360.769226,360.638428,128,255,222,255,191,1,30,194,129,0,0,0,0,0,0,0
361.208801,361.102570,128,255,218,255,189,1,29,195,1,0,0,0,0,0,0,0
361.703308,361.567596,127,255,204,255,192,1,58,196,1,0,0,0,0,0,0,0
362.142853,362.032501,128,255,208,255,191,1,59,195,1,0,0,0,0,0,0,0
362.637360,362.496979,127,255,84,255,192,1,41,194,1,0,0,0,0,0,0,0
363.076935,362.962341,0,255,72,255,192,1,48,195,1,0,0,0,0,0,0,0
363.571442,363.425354,0,255,69,255,190,1,40,194,129,0,0,0,0,0,0,0
364.010986,363.888580,0,255,72,255,191,1,18,195,1,0,0,0,0,0,0,0
364.505493,364.352753,0,255,65,255,190,1,29,195,1,0,0,0,0,0,0,0
364.945068,364.817108,0,255,59,255,191,1,22,194,1,0,0,0,0,0,0,0
365.439575,365.281647,0,255,47,255,192,1,15,194,1,0,0,0,0,0,0,0
365.879120,365.744507,0,255,31,250,192,2,27,194,129,0,0,0,0,0,0,0
366.318695,366.206726,0,255,16,123,191,1,33,194,129,0,0,0,0,0,0,0
366.813202,366.668579,0,255,5,42,192,1,59,195,129,0,0,0,0,0,0,0
367.252747,367.130859,0,255,2,20,192,1,56,194,1,0,0,0,0,0,0,0
367.747253,367.591949,0,255,0,1,191,1,55,195,1,0,0,0,0,0,0,0
368.186798,368.051025,0,255,0,1,191,1,47,194,129,0,0,0,0,0,0,0
368.626373,368.510773,0,255,0,1,192,1,45,195,129,0,0,0,0,0,0,0
369.120880,368.969604,0,255,0,1,191,1,31,195,1,0,0,0,0,0,0,0
369.560425,369.429504,0,255,0,1,193,1,30,195,1,0,0,0,0,0,0,0
370.000000,369.889343,0,255,0,1,192,1,28,195,1,0,0,0,0,0,0,0
370.494507,370.348236,0,255,0,1,191,1,37,194,129,0,0,0,0,0,0,0
370.934052,370.808228,0,255,0,1,193,1,56,195,129,0,0,0,0,0,0,0
371.428558,371.267273,0,255,0,1,191,1,62,196,1,0,0,0,0,0,0,0
371.868134,371.727051,0,255,0,1,191,1,65,194,1,0,0,0,0,0,0,0
372.307678,372.187012,0,255,0,1,193,1,52,195,1,0,0,0,0,0,0,0
372.802185,372.645935,0,255,0,1,191,1,45,196,129,0,0,0,0,0,0,0
373.241760,373.106964,0,255,4,38,191,1,26,195,129,0,0,0,0,0,0,0
373.681305,373.568237,0,255,3,17,191,1,33,195,1,0,0,0,0,0,0,0
374.175812,374.028900,0,255,3,23,193,1,46,195,1,0,0,0,0,0,0,0
374.615387,374.489075,0,255,2,19,193,2,55,195,1,0,0,0,0,0,0,0
375.109894,374.949371,0,255,1,8,192,1,57,195,1,0,0,0,0,0,0,0
375.549438,375.410675,0,255,0,1,193,1,75,195,129,0,0,0,0,0,0,0
375.989014,375.869385,0,255,0,1,190,1,73,195,1,0,0,0,0,0,0,0
376.483521,376.329041,0,255,0,1,192,1,68,195,1,0,0,0,0,0,0,0
376.923065,376.788055,0,255,0,1,190,1,68,195,129,0,0,0,0,0,0,0
377.362640,377.247803,0,255,0,1,191,1,49,195,129,0,0,0,0,0,0,0
377.857147,377.707458,0,255,0,1,192,2,46,195,129,0,0,0,0,0,0,0
378.296692,378.166168,0,255,0,1,192,1,43,195,1,0,0,0,0,0,0,0
378.791199,378.626068,0,255,0,1,192,1,36,195,1,0,0,0,0,0,0,0
379.230774,379.084808,0,255,0,1,192,1,39,195,129,0,0,0,0,0,0,0
379.670319,379.544861,0,255,0,1,191,1,44,195,129,0,0,0,0,0,0,0
380.164825,380.004150,0,255,0,1,192,1,37,195,129,0,0,0,0,0,0,0
380.604401,380.464386,0,255,0,1,191,1,49,195,1,0,0,0,0,0,0,0
381.043945,380.924347,0,255,0,1,191,1,60,195,1,0,0,0,0,0,0,0
381.538452,381.384644,0,255,0,1,191,2,38,196,1,0,0,0,0,0,0,0
381.978027,381.843597,0,255,0,1,192,1,39,195,129,0,0,0,0,0,0,0
382.417572,382.302429,0,255,0,1,192,1,22,195,129,0,0,0,0,0,0,0
382.912079,382.762146,0,255,0,1,191,1,46,195,1,0,0,0,0,0,0,0
383.351654,383.221283,0,255,0,1,193,2,22,195,1,0,0,0,0,0,0,0
383.846161,383.681641,0,255,0,1,192,2,38,195,1,0,0,0,0,0,0,0
384.285706,384.141815,0,255,0,1,193,2,34,195,129,0,0,0,0,0,0,0
384.725281,384.602020,0,255,0,1,191,2,70,196,129,0,0,0,0,0,0,0
385.219788,385.061340,0,255,0,1,192,1,55,196,1,0,0,0,0,0,0,0
385.659332,385.521515,0,255,0,1,192,1,43,195,1,0,0,0,0,0,0,0
386.098907,385.980377,0,255,0,1,192,2,11,195,129,0,0,0,0,0,0,0
386.593414,386.440033,0,255,0,1,192,1,28,195,129,0,0,0,0,0,0,0
387.032959,386.898956,0,255,0,1,192,1,14,195,1,0,0,0,0,0,0,0
387.527466,387.358704,0,255,0,1,193,2,36,195,1,0,0,0,0,0,0,0
387.967041,387.817413,0,255,0,1,191,1,55,195,129,0,0,0,0,0,0,0
388.406586,388.277130,0,255,0,1,191,1,76,195,1,0,0,0,0,0,0,0
388.901093,388.737061,0,255,0,1,192,1,92,195,129,0,0,0,0,0,0,0
389.340668,389.196198,0,255,0,1,192,1,84,195,129,0,0,0,0,0,0,0
389.780212,389.655792,0,255,0,1,192,1,56,195,1,0,0,0,0,0,0,0
390.274719,390.115845,0,255,0,1,192,1,45,195,1,0,0,0,0,0,0,0
390.714294,390.574829,0,255,0,1,191,1,19,195,129,0,0,0,0,0,0,0
391.153839,391.034790,0,255,0,1,192,2,4,195,129,0,0,0,0,0,0,0
391.648346,391.494415,0,255,0,1,191,1,10,195,129,0,0,0,0,0,0,0
392.087921,391.953308,0,255,0,1,191,2,23,195,1,0,0,0,0,0,0,0
392.582428,392.413147,0,255,0,1,191,1,38,195,1,0,0,0,0,0,0,0
393.021973,392.871735,0,255,0,1,191,1,55,195,129,0,0,0,0,0,0,0
393.461548,393.331482,0,255,0,1,192,1,57,196,129,0,0,0,0,0,0,0
393.956055,393.790436,0,255,0,1,191,1,65,195,129,0,0,0,0,0,0,0
394.395599,394.250336,0,255,0,1,191,1,53,195,1,0,0,0,0,0,0,0
394.835175,394.709991,0,255,0,1,192,1,35,195,1,0,0,0,0,0,0,0
395.329681,395.168915,0,255,0,1,191,2,35,195,129,0,0,0,0,0,0,0
395.769226,395.627686,0,255,0,1,192,1,27,195,129,0,0,0,0,0,0,0
396.208801,396.087341,0,255,0,1,193,2,36,194,1,0,0,0,0,0,0,0
396.703308,396.546997,0,255,0,1,191,1,54,195,1,0,0,0,0,0,0,0
397.142853,397.006927,0,255,0,1,192,1,88,195,1,0,0,0,0,0,0,0
397.637360,397.465820,0,255,0,1,192,1,79,195,129,0,0,0,0,0,0,0
398.076935,397.925659,0,255,0,1,190,1,87,195,129,0,0,0,0,0,0,0
398.516479,398.384277,0,255,0,1,193,1,87,195,1,0,0,0,0,0,0,0
399.010986,398.844116,0,255,0,1,192,1,62,195,1,0,0,0,0,0,0,0
399.450562,399.303986,0,255,0,1,191,1,41,195,1,0,0,0,0,0,0,0
399.890106,399.762543,0,255,0,1,191,2,34,195,129,0,0,0,0,0,0,0
400.384613,400.222290,0,255,0,1,191,1,28,195,129,0,0,0,0,0,0,0
400.824188,400.681213,0,255,0,1,192,2,21,194,1,0,0,0,0,0,0,0
401.263733,401.140808,0,255,0,1,191,1,32,194,1,0,0,0,0,0,0,0
401.758240,401.600555,0,255,0,1,191,1,54,194,1,0,0,0,0,0,0,0
402.197815,402.059448,0,255,0,1,192,1,74,195,129,0,0,0,0,0,0,0
402.692322,402.519348,0,255,0,1,192,1,91,195,129,0,0,0,0,0,0,0
403.131866,402.978119,0,255,0,1,191,1,98,194,1,0,0,0,0,0,0,0
403.571442,403.437927,0,255,0,1,192,1,100,194,1,0,0,0,0,0,0,0
404.065948,403.896851,0,255,0,1,191,1,86,195,1,0,0,0,0,0,0,0
404.505493,404.357086,0,255,0,1,190,1,59,195,129,0,0,0,0,0,0,0
404.945068,404.816650,0,255,0,1,192,1,57,195,129,0,0,0,0,0,0,0
405.439575,405.275665,0,255,0,1,193,2,50,195,1,0,0,0,0,0,0,0
405.879120,405.735474,0,255,0,1,192,2,50,195,1,0,0,0,0,0,0,0
406.318695,406.195099,0,255,0,1,192,1,54,195,1,0,0,0,0,0,0,0
406.813202,406.653778,0,255,0,1,191,1,67,194,129,0,0,0,0,0,0,0
407.252747,407.112549,0,255,0,1,190,2,70,194,129,0,0,0,0,0,0,0
407.747253,407.572510,0,255,0,1,191,1,75,195,1,0,0,0,0,0,0,0
408.186798,408.032257,0,255,0,1,192,1,74,195,1,0,0,0,0,0,0,0
408.626373,408.491028,0,255,0,1,191,1,47,195,1,0,0,0,0,0,0,0
409.120880,408.950775,0,255,0,1,191,1,20,195,129,0,0,0,0,0,0,0
409.560425,409.410522,0,255,0,1,191,1,20,195,129,0,0,0,0,0,0,0
410.000000,409.869446,0,255,0,1,191,1,18,195,1,0,0,0,0,0,0,0
410.494507,410.329102,0,255,0,1,191,1,42,195,1,0,0,0,0,0,0,0
410.934052,410.788239,0,255,0,1,192,1,48,195,129,0,0,0,0,0,0,0
411.373627,411.247864,0,255,0,1,191,1,57,195,129,0,0,0,0,0,0,0
411.868134,411.706543,0,255,0,1,192,1,59,195,1,0,0,0,0,0,0,0
412.307678,412.166748,0,255,0,1,190,1,56,195,1,0,0,0,0,0,0,0
412.802185,412.627014,0,255,0,1,190,1,40,194,1,0,0,0,0,0,0,0
413.241760,413.085632,0,255,0,1,191,1,19,195,129,0,0,0,0,0,0,0
413.681305,413.545074,0,255,0,1,191,1,17,195,129,0,0,0,0,0,0,0
414.175812,414.004822,0,255,0,1,192,2,11,195,129,0,0,0,0,0,0,0
414.615387,414.464050,0,255,0,1,192,1,14,195,1,0,0,0,0,0,0,0
415.054932,414.923706,0,255,0,1,191,1,42,195,1,0,0,0,0,0,0,0
415.549438,415.382416,0,255,0,1,193,1,63,195,129,0,0,0,0,0,0,0
415.989014,415.842102,0,255,0,1,192,1,67,195,129,0,0,0,0,0,0,0
416.428558,416.302124,0,255,0,1,192,1,73,194,129,0,0,0,0,0,0,0
416.923065,416.760895,0,255,0,1,192,1,65,195,1,0,0,0,0,0,0,0
417.362640,417.220947,0,255,1,11,191,1,51,195,1,0,0,0,0,0,0,0
417.857147,417.680908,0,255,0,1,192,1,37,195,1,0,0,0,0,0,0,0
418.296692,418.141052,0,255,0,1,191,1,43,195,129,0,0,0,0,0,0,0
418.736267,418.600952,0,255,0,1,193,1,57,195,129,0,0,0,0,0,0,0
419.230774,419.060547,0,255,2,15,200,1,6,195,1,0,0,0,0,0,0,0
419.670319,419.521271,0,255,0,1,190,1,1,196,1,0,0,0,0,0,0,0
420.109894,419.981079,0,255,2,18,191,1,1,193,129,0,0,0,0,0,0,0
420.604401,420.443420,0,255,0,1,191,1,1,144,129,0,0,0,0,0,0,0
421.043945,420.902191,0,255,0,1,192,1,64,140,1,0,0,0,0,0,0,0
421.538452,421.362366,0,255,0,1,191,1,123,173,129,0,0,0,0,0,0,0
421.978027,421.823273,0,255,0,1,192,1,123,184,1,0,0,0,0,0,0,0
422.417572,422.281952,0,255,0,1,189,1,124,191,129,0,0,0,0,0,0,0
422.912079,422.741577,0,255,0,1,190,1,52,191,129,0,0,0,0,0,0,0
423.351654,423.201447,0,255,0,1,191,1,1,195,129,0,0,0,0,0,0,0
423.791199,423.660126,0,255,0,1,192,1,1,195,1,0,0,0,0,0,0,0
424.285706,424.119873,0,255,0,1,191,1,1,194,1,0,0,0,0,0,0,0
424.725281,424.578644,0,255,0,1,191,1,1,193,129,0,0,0,0,0,0,0
425.219788,425.039856,0,255,4,32,191,1,1,192,129,0,0,0,0,0,0,0
425.659332,425.501404,0,255,0,1,191,1,3,149,129,0,0,0,0,0,0,0
426.098907,425.961212,0,255,2,19,191,1,61,140,1,0,0,0,0,0,0,0
426.593414,426.423035,0,255,0,1,190,1,123,153,1,0,0,0,0,0,0,0
427.032959,426.882233,0,255,0,1,191,1,123,167,129,0,0,0,0,0,0,0
427.472534,427.342743,0,255,0,1,189,1,123,185,129,0,0,0,0,0,0,0
427.967041,427.802643,0,255,0,1,190,1,123,188,129,0,0,0,0,0,0,0
428.406586,428.261566,0,255,0,1,190,1,72,184,1,0,0,0,0,0,0,0
428.901093,428.721527,0,255,0,1,190,1,14,179,1,0,0,0,0,0,0,0
429.340668,429.180511,0,255,0,1,192,1,1,176,129,0,0,0,0,0,0,0
429.780212,429.640411,0,255,0,1,195,1,1,171,129,0,0,0,0,0,0,0
430.274719,430.099426,0,255,0,1,191,1,1,173,1,0,0,0,0,0,0,0
430.714294,430.559601,0,255,0,1,191,1,1,162,1,0,0,0,0,0,0,0
431.153839,431.020111,0,255,0,1,191,1,1,150,1,0,0,0,0,0,0,0
431.648346,431.479095,0,255,0,1,191,1,58,141,129,0,0,0,0,0,0,0
432.087921,431.938995,0,255,0,1,181,1,123,150,129,0,0,0,0,0,0,0
432.582428,432.399597,0,255,0,1,190,1,123,171,1,0,0,0,0,0,0,0
433.021973,432.859436,0,255,0,1,190,1,123,183,1,0,0,0,0,0,0,0
433.461548,433.319031,0,255,0,1,189,1,123,189,1,0,0,0,0,0,0,0
433.956055,433.778137,0,255,0,1,190,1,66,192,129,0,0,0,0,0,0,0
434.395599,434.238190,0,255,0,1,190,1,3,194,129,0,0,0,0,0,0,0
434.835175,434.697144,0,255,0,1,191,2,1,195,1,0,0,0,0,0,0,0
435.329681,435.156799,0,255,0,1,191,2,1,195,1,0,0,0,0,0,0,0
435.769226,435.616089,0,255,0,1,190,1,1,196,1,0,0,0,0,0,0,0
436.208801,436.076233,0,255,0,1,190,1,1,195,129,0,0,0,0,0,0,0
436.703308,436.535919,0,255,0,1,192,1,1,190,129,0,0,0,0,0,0,0
437.142853,436.995575,0,255,0,1,194,1,34,145,1,0,0,0,0,0,0,0
437.637360,437.455475,0,255,0,1,189,1,123,151,1,0,0,0,0,0,0,0
438.076935,437.917023,0,255,0,1,190,1,123,173,1,0,0,0,0,0,0,0
438.516479,438.375793,0,255,0,1,189,1,123,184,129,0,0,0,0,0,0,0
439.010986,438.835999,0,255,0,1,190,1,123,190,129,0,0,0,0,0,0,0
439.450562,439.295135,0,255,0,1,190,1,70,193,1,0,0,0,0,0,0,0
439.890106,439.755096,0,255,0,1,191,1,1,193,1,0,0,0,0,0,0,0
440.384613,440.213745,0,255,0,1,190,1,1,195,1,0,0,0,0,0,0,0
440.824188,440.674103,0,255,0,1,190,1,1,194,129,0,0,0,0,0,0,0
441.318695,441.133209,0,255,0,1,192,1,1,193,129,0,0,0,0,0,0,0
441.758240,441.592987,0,255,0,1,191,1,1,194,1,0,0,0,0,0,0,0
442.197815,442.052582,0,255,0,1,192,1,1,172,1,0,0,0,0,0,0,0
442.692322,442.513611,0,255,0,1,192,0,42,138,1,0,0,0,0,0,0,0
443.131866,442.972839,0,255,0,1,183,1,123,143,129,0,0,0,0,0,0,0
443.571442,443.432861,0,255,0,1,189,1,123,164,1,0,0,0,0,0,0,0
444.065948,443.890656,0,255,0,1,190,1,123,181,1,0,0,0,0,0,0,0
444.505493,444.350555,0,255,0,1,190,1,123,186,1,0,0,0,0,0,0,0
444.945068,444.809937,0,255,0,1,192,1,84,183,1,0,0,0,0,0,0,0
445.439575,445.270142,0,255,0,1,191,1,15,179,129,0,0,0,0,0,0,0
445.879120,445.730469,0,255,0,1,190,1,1,174,129,0,0,0,0,0,0,0
446.373627,446.189850,0,255,0,1,189,1,1,172,1,0,0,0,0,0,0,0
446.813202,446.650146,0,255,0,1,191,1,1,170,1,0,0,0,0,0,0,0
447.252747,447.108917,0,255,0,1,191,1,1,160,1,0,0,0,0,0,0,0
447.747253,447.569794,0,255,0,1,191,1,1,150,129,0,0,0,0,0,0,0
448.186798,448.029755,0,255,0,1,191,1,34,135,129,0,0,0,0,0,0,0
448.626373,448.488586,0,255,0,1,191,1,92,138,1,0,0,0,0,0,0,0
449.120880,448.949310,0,255,0,1,191,1,123,154,1,0,0,0,0,0,0,0
449.560425,449.408600,0,255,0,1,189,1,123,169,1,0,0,0,0,0,0,0
450.054932,449.868988,0,255,0,1,191,1,123,178,129,0,0,0,0,0,0,0
450.494507,450.329254,0,255,0,1,190,1,116,177,129,0,0,0,0,0,0,0
450.934052,450.787994,0,255,0,1,192,1,62,173,1,0,0,0,0,0,0,0
451.428558,451.248199,0,255,0,1,190,1,15,168,1,0,0,0,0,0,0,0
451.868134,451.707367,0,255,0,1,191,1,1,164,1,0,0,0,0,0,0,0
452.307678,452.167084,0,255,0,1,190,1,1,161,129,0,0,0,0,0,0,0
452.802185,452.626953,0,255,0,1,189,1,1,159,129,0,0,0,0,0,0,0
453.241760,453.086609,0,255,0,1,190,1,1,150,1,0,0,0,0,0,0,0
453.736267,453.546661,0,255,0,1,189,1,27,138,1,0,0,0,0,0,0,0
454.175812,454.005646,0,255,0,1,189,1,77,138,129,0,0,0,0,0,0,0
454.615387,454.465454,0,255,0,1,188,1,123,148,129,0,0,0,0,0,0,0
455.109894,454.927002,0,255,0,1,190,1,123,165,129,0,0,0,0,0,0,0
455.549438,455.386108,0,255,0,1,189,1,123,173,1,0,0,0,0,0,0,0
455.989014,455.846283,0,255,0,1,190,1,123,179,1,0,0,0,0,0,0,0
456.483521,456.305054,0,255,0,1,190,1,80,175,1,0,0,0,0,0,0,0
456.923065,456.764893,0,255,0,1,190,1,33,172,129,0,0,0,0,0,0,0
457.417572,457.225098,0,255,0,1,191,1,1,168,129,0,0,0,0,0,0,0
457.857147,457.683990,0,255,0,1,189,1,1,166,1,0,0,0,0,0,0,0
458.296692,458.142639,0,255,0,1,189,1,1,169,129,0,0,0,0,0,0,0
458.791199,458.602844,0,255,0,1,191,1,1,157,129,0,0,0,0,0,0,0
459.230774,459.063934,0,255,0,1,189,1,1,148,129,0,0,0,0,0,0,0
459.670319,459.523682,0,255,0,1,189,1,42,136,129,0,0,0,0,0,0,0
460.164825,459.982666,0,255,0,1,189,1,97,140,1,0,0,0,0,0,0,0
460.604401,460.444305,0,255,0,1,190,1,123,161,1,0,0,0,0,0,0,0
461.043945,460.903534,0,255,0,1,189,1,123,173,129,0,0,0,0,0,0,0
461.538452,461.363068,0,255,0,1,190,1,123,181,129,0,0,0,0,0,0,0
461.978027,461.821808,0,255,0,1,190,1,107,181,129,0,0,0,0,0,0,0
462.472534,462.281952,0,255,0,1,190,1,42,177,1,0,0,0,0,0,0,0
462.912079,462.741913,0,255,0,1,190,1,1,174,1,0,0,0,0,0,0,0
463.351654,463.200775,0,255,0,1,191,1,1,170,129,0,0,0,0,0,0,0
463.846161,463.658569,0,255,0,1,188,1,1,172,129,0,0,0,0,0,0,0
464.285706,464.119049,0,255,0,1,190,1,1,164,129,0,0,0,0,0,0,0
464.725281,464.578064,0,255,0,1,189,1,1,155,1,0,0,0,0,0,0,0
465.219788,465.039154,0,255,0,1,191,1,19,143,1,0,0,0,0,0,0,0
465.659332,465.498230,0,255,0,1,190,1,74,143,129,0,0,0,0,0,0,0
466.153839,465.959106,0,255,0,1,190,1,123,169,129,0,0,0,0,0,0,0
466.593414,466.418030,0,255,0,1,191,1,123,189,129,0,0,0,0,0,0,0
467.032959,466.878082,0,255,0,1,190,1,123,192,1,0,0,0,0,0,0,0
467.527466,467.338562,0,255,0,1,191,1,120,194,1,0,0,0,0,0,0,0
467.967041,467.797882,0,255,0,1,191,1,33,194,129,0,0,0,0,0,0,0
468.406586,468.257904,0,255,0,1,191,1,1,195,129,0,0,0,0,0,0,0
468.901093,468.716980,0,255,0,1,190,2,1,195,1,0,0,0,0,0,0,0
469.340668,469.176941,0,255,0,1,189,1,1,195,1,0,0,0,0,0,0,0
469.835175,469.636993,0,255,0,1,190,1,1,195,1,0,0,0,0,0,0,0
470.274719,470.096008,0,255,0,1,190,1,1,195,129,0,0,0,0,0,0,0
470.714294,470.555695,0,255,0,1,190,1,13,195,129,0,0,0,0,0,0,0
471.208801,471.015594,0,255,1,8,190,1,123,194,129,0,0,0,0,0,0,0
471.648346,471.475952,0,255,0,1,191,1,124,193,1,0,0,0,0,0,0,0
472.087921,471.936066,0,255,0,1,190,1,123,194,1,0,0,0,0,0,0,0
472.582428,472.395050,0,255,0,1,190,1,123,194,129,0,0,0,0,0,0,0
473.021973,472.855621,0,255,0,1,190,1,86,194,129,0,0,0,0,0,0,0
473.461548,473.314758,0,255,0,1,191,1,1,194,1,0,0,0,0,0,0,0
473.956055,473.774811,0,255,0,1,190,1,1,195,1,0,0,0,0,0,0,0
474.395599,474.234955,0,255,1,4,189,1,1,196,1,0,0,0,0,0,0,0
