0.000000,0.000000,122,255,93,255,23,2,68,191,128,0,0,0,0,0,0,0
0.000000,0.010099,122,255,94,255,23,2,68,191,128,0,0,0,0,0,0,0
0.054945,0.046954,122,255,94,255,23,1,64,191,128,0,0,0,0,0,0,0
0.109890,0.111157,122,255,93,255,23,1,89,191,128,0,0,0,0,0,0,0
0.109890,0.120648,122,255,93,255,23,1,89,191,128,0,0,0,0,0,0,0
0.164835,0.157855,122,255,92,255,23,1,74,191,128,0,0,0,0,0,0,0
0.219780,0.222065,122,255,93,255,24,0,46,191,128,0,0,0,0,0,0,0
0.274725,0.259045,122,255,92,255,24,0,46,191,128,0,0,0,0,0,0,0
0.274725,0.268254,122,255,91,255,24,1,69,191,0,0,0,0,0,0,0,0
0.329670,0.333021,122,255,91,255,24,2,54,191,0,0,0,0,0,0,0,0
0.384615,0.370076,122,255,91,255,24,2,54,191,0,0,0,0,0,0,0,0
0.384615,0.379257,122,255,91,255,24,1,59,191,0,0,0,0,0,0,0,0
0.439560,0.443415,122,255,90,255,24,1,72,191,0,0,0,0,0,0,0,0
0.494505,0.480369,122,255,90,255,23,1,63,191,0,0,0,0,0,0,0,0
0.494505,0.489701,122,255,91,255,23,1,63,191,0,0,0,0,0,0,0,0
0.549451,0.553761,122,255,90,255,23,2,64,191,0,0,0,0,0,0,0,0
0.604396,0.590664,122,255,90,255,24,1,63,191,128,0,0,0,0,0,0,0
0.604396,0.600613,122,255,90,255,24,1,45,191,128,0,0,0,0,0,0,0
0.659341,0.664867,122,255,90,255,23,1,63,191,128,0,0,0,0,0,0,0
0.714286,0.701943,122,255,89,255,24,1,46,191,128,0,0,0,0,0,0,0
0.714286,0.711109,122,255,89,255,24,1,72,191,128,0,0,0,0,0,0,0
0.769231,0.775468,122,255,88,255,23,1,72,191,128,0,0,0,0,0,0,0
0.824176,0.812269,122,255,88,255,23,1,51,191,128,0,0,0,0,0,0,0
0.824176,0.821450,122,255,88,255,23,1,69,191,128,0,0,0,0,0,0,0
0.879121,0.885659,122,255,89,255,24,2,50,191,0,0,0,0,0,0,0,0
0.934066,0.923430,122,255,88,255,23,1,60,190,0,0,0,0,0,0,0,0
0.934066,0.932613,122,255,88,255,23,1,60,190,0,0,0,0,0,0,0,0
0.989011,0.996821,122,255,88,255,24,1,48,190,0,0,0,0,0,0,0,0
1.043956,1.033671,122,255,88,255,24,1,48,191,0,0,0,0,0,0,0,0
1.043956,1.042904,122,255,88,255,24,1,48,191,0,0,0,0,0,0,0,0
1.098901,1.107319,122,255,88,255,24,0,48,191,0,0,0,0,0,0,0,0
1.153846,1.144323,122,255,86,255,23,1,63,191,128,0,0,0,0,0,0,0
1.153846,1.154222,122,255,86,255,23,1,63,191,128,0,0,0,0,0,0,0
1.208791,1.218428,122,255,85,255,24,0,63,191,128,0,0,0,0,0,0,0
1.263736,1.255435,122,255,85,255,24,0,63,191,128,0,0,0,0,0,0,0
1.263736,1.264664,122,255,86,255,23,1,63,191,128,0,0,0,0,0,0,0
1.318681,1.328874,122,255,85,255,23,1,60,191,128,0,0,0,0,0,0,0
1.373626,1.365725,122,255,85,255,23,2,31,191,128,0,0,0,0,0,0,0
1.373626,1.374957,122,255,85,255,24,1,54,191,128,0,0,0,0,0,0,0
1.428571,1.439166,122,255,85,255,24,1,41,190,0,0,0,0,0,0,0,0
1.483516,1.476937,122,255,85,255,24,1,41,190,0,0,0,0,0,0,0,0
1.483516,1.486275,122,255,85,255,24,1,51,190,0,0,0,0,0,0,0,0
1.538462,1.523126,122,255,85,255,24,1,51,191,0,0,0,0,0,0,0,0
1.593407,1.587176,122,255,83,255,24,1,51,191,0,0,0,0,0,0,0,0
1.593407,1.596425,122,255,83,255,23,1,53,190,0,0,0,0,0,0,0,0
1.648352,1.633109,122,255,83,255,23,1,53,190,0,0,0,0,0,0,0,0
1.703297,1.697162,122,255,83,255,23,1,53,190,0,0,0,0,0,0,0,0
1.703297,1.706396,122,255,83,255,24,1,64,191,128,0,0,0,0,0,0,0
1.758242,1.743914,122,255,83,255,24,1,64,191,128,0,0,0,0,0,0,0
1.813187,1.808170,122,255,83,255,23,1,64,191,128,0,0,0,0,0,0,0
1.813187,1.817351,122,255,81,255,23,1,56,191,128,0,0,0,0,0,0,0
1.868132,1.854100,122,255,82,255,24,0,63,191,128,0,0,0,0,0,0,0
1.923077,1.918155,122,255,82,255,23,1,64,191,128,0,0,0,0,0,0,0
1.923077,1.927339,122,255,81,255,23,1,63,191,128,0,0,0,0,0,0,0
1.978022,1.964192,122,255,81,255,23,1,63,191,128,0,0,0,0,0,0,0
2.032967,2.028244,122,255,81,255,24,1,66,191,128,0,0,0,0,0,0,0
2.032967,2.037477,122,255,81,255,24,1,66,191,0,0,0,0,0,0,0,0
2.087912,2.074940,122,255,80,255,24,1,66,191,0,0,0,0,0,0,0,0
2.142857,2.139048,122,255,80,255,23,1,68,191,0,0,0,0,0,0,0,0
2.142857,2.148589,122,255,80,255,23,1,68,191,0,0,0,0,0,0,0,0
2.197802,2.185282,122,255,81,255,24,1,66,190,0,0,0,0,0,0,0,0
2.252747,2.249442,122,255,80,255,24,1,55,190,0,0,0,0,0,0,0,0
2.252747,2.259237,122,255,80,255,24,1,55,190,0,0,0,0,0,0,0,0
2.307692,2.295986,122,255,80,255,23,2,55,190,0,0,0,0,0,0,0,0
2.362637,2.360103,122,255,80,255,23,2,59,191,128,0,0,0,0,0,0,0
2.362637,2.370198,122,255,79,255,23,2,59,191,128,0,0,0,0,0,0,0
2.417583,2.406893,122,255,79,255,24,1,63,191,128,0,0,0,0,0,0,0
2.472528,2.471000,122,255,79,255,24,1,50,191,128,0,0,0,0,0,0,0
2.472528,2.480591,122,255,79,255,24,2,73,191,128,0,0,0,0,0,0,0
2.527472,2.517339,122,255,79,255,24,1,50,191,128,0,0,0,0,0,0,0
2.582417,2.581493,122,255,79,255,24,1,50,191,128,0,0,0,0,0,0,0
2.582417,2.590832,122,255,78,255,24,1,50,191,128,0,0,0,0,0,0,0
2.637363,2.627630,122,255,77,255,23,1,47,191,0,0,0,0,0,0,0,0
2.692308,2.692506,122,255,77,255,24,2,69,191,0,0,0,0,0,0,0,0
2.692308,2.701892,122,255,77,255,24,2,51,191,0,0,0,0,0,0,0,0
2.747253,2.738690,122,255,78,255,24,1,72,191,0,0,0,0,0,0,0,0
2.802198,2.802845,122,255,78,255,24,1,72,191,0,0,0,0,0,0,0,0
2.802198,2.812437,122,255,77,255,25,2,72,191,0,0,0,0,0,0,0,0
2.857143,2.849339,122,255,77,255,25,2,68,191,128,0,0,0,0,0,0,0
2.912088,2.914164,122,255,77,255,25,2,68,191,128,0,0,0,0,0,0,0
2.967033,2.951016,122,255,77,255,24,1,64,191,128,0,0,0,0,0,0,0
2.967033,2.960141,122,255,77,255,24,1,55,190,128,0,0,0,0,0,0,0
3.021978,3.024196,122,255,76,255,23,1,56,191,128,0,0,0,0,0,0,0
3.076923,3.061357,122,255,77,255,24,1,63,191,128,0,0,0,0,0,0,0
3.076923,3.070791,122,255,77,255,24,1,63,191,128,0,0,0,0,0,0,0
3.131868,3.134898,122,255,76,255,24,1,63,191,128,0,0,0,0,0,0,0
3.186813,3.171802,122,255,76,255,23,1,63,191,0,0,0,0,0,0,0,0
3.186813,3.181649,122,255,76,255,23,1,63,191,0,0,0,0,0,0,0,0
3.241758,3.245754,122,255,75,255,24,1,63,190,0,0,0,0,0,0,0,0
3.296703,3.282708,122,255,75,255,24,1,63,190,0,0,0,0,0,0,0,0
3.296703,3.291955,122,255,75,255,24,1,63,190,0,0,0,0,0,0,0,0
3.351648,3.356200,122,255,75,255,24,1,63,190,0,0,0,0,0,0,0,0
3.406593,3.393151,122,255,75,255,24,1,46,191,0,0,0,0,0,0,0,0
3.406593,3.402337,122,255,75,255,24,1,46,191,0,0,0,0,0,0,0,0
3.461539,3.466595,122,255,75,255,24,1,47,190,128,0,0,0,0,0,0,0
3.516484,3.504113,122,255,75,255,24,1,47,190,128,0,0,0,0,0,0,0
3.516484,3.513402,122,255,74,255,24,1,55,190,128,0,0,0,0,0,0,0
3.571429,3.577552,122,255,73,255,24,2,74,191,128,0,0,0,0,0,0,0
3.626374,3.614606,122,255,73,255,24,2,74,191,128,0,0,0,0,0,0,0
3.626374,3.623945,122,255,72,255,23,2,74,191,128,0,0,0,0,0,0,0
3.681319,3.688102,122,255,73,255,23,1,68,190,128,0,0,0,0,0,0,0
3.736264,3.724952,122,255,73,255,23,2,57,191,128,0,0,0,0,0,0,0
3.736264,3.734235,122,255,73,255,23,1,64,190,0,0,0,0,0,0,0,0
3.791209,3.799058,122,255,73,255,23,1,64,190,0,0,0,0,0,0,0,0
3.846154,3.835908,122,255,73,255,24,1,64,191,0,0,0,0,0,0,0,0
3.846154,3.845242,122,255,73,255,24,2,64,191,0,0,0,0,0,0,0,0
3.901099,3.909503,122,255,73,255,24,2,63,191,0,0,0,0,0,0,0,0
3.956044,3.946404,122,255,72,255,24,2,63,191,0,0,0,0,0,0,0,0
3.956044,3.955739,122,255,72,255,23,1,63,191,0,0,0,0,0,0,0,0
4.010989,4.019947,122,255,72,255,23,1,63,191,0,0,0,0,0,0,0,0
4.065934,4.056799,122,255,72,255,23,1,79,191,128,0,0,0,0,0,0,0
4.065934,4.066649,122,255,71,255,23,1,61,191,128,0,0,0,0,0,0,0
4.120879,4.130852,122,255,71,255,24,2,61,191,128,0,0,0,0,0,0,0
4.175824,4.168064,122,255,72,255,24,2,79,191,128,0,0,0,0,0,0,0
4.175824,4.177348,122,255,71,255,24,1,52,191,128,0,0,0,0,0,0,0
4.230769,4.214170,122,255,71,255,24,1,67,191,128,0,0,0,0,0,0,0
4.285714,4.278200,122,255,71,255,24,1,55,191,128,0,0,0,0,0,0,0
4.285714,4.287383,122,255,71,255,24,0,82,191,0,0,0,0,0,0,0,0
4.340659,4.324797,122,255,70,255,23,1,61,191,0,0,0,0,0,0,0,0
4.395605,4.388951,122,255,69,255,24,1,61,191,0,0,0,0,0,0,0,0
4.395605,4.398239,122,255,69,255,24,1,74,191,0,0,0,0,0,0,0,0
4.450550,4.434986,122,255,70,255,24,1,74,191,0,0,0,0,0,0,0,0
4.505495,4.499245,122,255,70,255,24,1,80,190,0,0,0,0,0,0,0,0
4.505495,4.508479,122,255,70,255,23,1,63,191,0,0,0,0,0,0,0,0
4.560440,4.545227,122,255,69,255,24,1,90,190,0,0,0,0,0,0,0,0
4.615385,4.609383,122,255,69,255,24,1,90,190,0,0,0,0,0,0,0,0
4.615385,4.618669,122,255,70,255,23,1,90,190,0,0,0,0,0,0,0,0
4.670330,4.655468,122,255,69,255,24,1,80,191,128,0,0,0,0,0,0,0
4.725275,4.720237,122,255,69,255,24,2,48,191,128,0,0,0,0,0,0,0
4.725275,4.729832,122,255,69,255,24,2,48,191,128,0,0,0,0,0,0,0
4.780220,4.766526,122,255,69,255,23,1,64,191,128,0,0,0,0,0,0,0
4.835165,4.830631,122,255,69,255,23,1,64,191,128,0,0,0,0,0,0,0
4.835165,4.840124,122,255,67,255,23,1,72,191,128,0,0,0,0,0,0,0
4.890110,4.876920,122,255,68,255,23,2,72,191,0,0,0,0,0,0,0,0
4.945055,4.941700,122,255,67,255,24,2,79,191,0,0,0,0,0,0,0,0
4.945055,4.951337,122,255,68,255,24,1,80,191,0,0,0,0,0,0,0,0
5.000000,4.988086,122,255,68,255,24,0,63,190,0,0,0,0,0,0,0,0
5.054945,5.052137,122,255,68,255,24,0,63,190,0,0,0,0,0,0,0,0
5.054945,5.061523,122,255,67,255,23,1,63,191,0,0,0,0,0,0,0,0
5.109890,5.098273,122,255,67,255,23,1,63,191,0,0,0,0,0,0,0,0
5.164835,5.162378,122,255,68,255,25,2,63,191,0,0,0,0,0,0,0,0
5.164835,5.171870,122,255,68,255,23,2,75,190,128,0,0,0,0,0,0,0
5.219780,5.209284,122,255,68,255,23,1,82,190,128,0,0,0,0,0,0,0
5.274725,5.273439,122,255,68,255,23,1,82,190,128,0,0,0,0,0,0,0
5.274725,5.283029,122,255,66,255,23,1,80,190,128,0,0,0,0,0,0,0
5.329670,5.319880,122,255,66,255,23,1,80,190,128,0,0,0,0,0,0,0
5.384615,5.383935,122,255,66,255,23,1,86,191,128,0,0,0,0,0,0,0
5.384615,5.393372,122,255,66,255,23,1,86,191,128,0,0,0,0,0,0,0
5.439560,5.430226,122,255,66,255,23,1,86,191,128,0,0,0,0,0,0,0
5.494505,5.494277,122,255,65,255,23,1,85,191,0,0,0,0,0,0,0,0
5.549450,5.532010,122,255,65,255,24,1,71,191,0,0,0,0,0,0,0,0
5.549450,5.541234,122,255,64,255,23,1,87,191,0,0,0,0,0,0,0,0
5.604395,5.605287,122,255,65,255,24,1,72,191,0,0,0,0,0,0,0,0
5.659341,5.642192,122,255,65,255,24,1,72,191,0,0,0,0,0,0,0,0
5.659341,5.651482,122,255,65,255,24,1,72,191,0,0,0,0,0,0,0,0
5.714286,5.715527,122,255,64,255,24,1,73,191,0,0,0,0,0,0,0,0
5.769231,5.752430,122,255,64,255,24,1,78,190,128,0,0,0,0,0,0,0
5.769231,5.762327,122,255,64,255,24,1,78,190,128,0,0,0,0,0,0,0
5.824176,5.826435,122,255,64,255,24,1,79,191,128,0,0,0,0,0,0,0
5.879121,5.863948,122,255,64,255,24,1,79,191,128,0,0,0,0,0,0,0
5.879121,5.873180,122,255,63,255,24,1,79,190,128,0,0,0,0,0,0,0
5.934066,5.937597,122,255,63,255,24,1,79,190,128,0,0,0,0,0,0,0
5.989011,5.974295,122,255,63,255,24,1,79,190,128,0,0,0,0,0,0,0
5.989011,5.983526,122,255,62,255,24,2,67,191,128,0,0,0,0,0,0,0
6.043956,6.047991,122,255,62,255,23,1,74,191,0,0,0,0,0,0,0,0
6.098901,6.085405,122,255,62,255,23,1,74,191,0,0,0,0,0,0,0,0
6.098901,6.094532,122,255,61,255,24,1,82,191,0,0,0,0,0,0,0,0
6.153846,6.159050,122,255,61,255,24,1,82,191,0,0,0,0,0,0,0,0
6.208791,6.195645,122,255,62,255,23,2,83,191,0,0,0,0,0,0,0,0
6.208791,6.204851,122,255,61,255,24,2,83,191,0,0,0,0,0,0,0,0
6.263736,6.269186,122,255,61,255,24,2,67,191,0,0,0,0,0,0,0,0
6.318681,6.305785,122,255,61,255,24,2,81,191,0,0,0,0,0,0,0,0
6.318681,6.315046,122,255,60,255,24,0,66,191,128,0,0,0,0,0,0,0
6.373626,6.379941,122,255,60,255,24,0,66,191,128,0,0,0,0,0,0,0
6.428571,6.416537,122,255,61,255,24,1,58,191,128,0,0,0,0,0,0,0
6.428571,6.425769,122,255,61,255,24,1,58,191,128,0,0,0,0,0,0,0
6.483517,6.489928,122,255,61,255,25,1,58,191,128,0,0,0,0,0,0,0
6.538462,6.526521,122,255,60,255,25,1,57,191,128,0,0,0,0,0,0,0
6.538462,6.535700,122,255,60,255,23,1,78,191,128,0,0,0,0,0,0,0
6.593407,6.599909,122,255,60,255,23,1,78,191,128,0,0,0,0,0,0,0
6.648352,6.636658,122,255,59,255,24,2,79,191,0,0,0,0,0,0,0,0
6.648352,6.646661,122,255,59,255,24,2,79,191,0,0,0,0,0,0,0,0
6.703297,6.710971,122,255,59,255,24,1,71,191,0,0,0,0,0,0,0,0
6.758242,6.747618,122,255,59,255,24,1,71,191,0,0,0,0,0,0,0,0
6.758242,6.756851,122,255,58,255,24,1,64,191,0,0,0,0,0,0,0,0
6.813187,6.821055,122,255,58,255,24,0,63,191,0,0,0,0,0,0,0,0
6.868132,6.857959,122,255,57,255,24,0,64,191,0,0,0,0,0,0,0,0
6.868132,6.867246,122,255,57,255,24,0,64,191,0,0,0,0,0,0,0,0
6.923077,6.931450,122,255,57,255,23,1,72,191,0,0,0,0,0,0,0,0
6.978022,6.968560,122,255,58,255,24,2,72,191,128,0,0,0,0,0,0,0
6.978022,6.978557,122,255,56,255,24,2,69,191,128,0,0,0,0,0,0,0
7.032967,7.015357,122,255,56,255,24,1,72,191,128,0,0,0,0,0,0,0
7.087912,7.079771,122,255,56,255,24,1,72,191,128,0,0,0,0,0,0,0
7.087912,7.088955,122,255,56,255,23,1,74,191,128,0,0,0,0,0,0,0
7.142857,7.125647,122,255,55,255,24,0,69,191,128,0,0,0,0,0,0,0
7.197802,7.189913,122,255,55,255,24,0,69,191,128,0,0,0,0,0,0,0
7.197802,7.199502,122,255,55,255,23,1,66,191,128,0,0,0,0,0,0,0
7.252747,7.236350,122,255,55,255,24,1,66,191,0,0,0,0,0,0,0,0
7.307693,7.301380,122,255,56,255,24,1,72,191,0,0,0,0,0,0,0,0
7.307693,7.310662,122,255,56,255,24,1,67,191,0,0,0,0,0,0,0,0
7.362638,7.347511,122,255,56,255,23,1,72,191,0,0,0,0,0,0,0,0
7.417583,7.411827,122,255,54,255,25,1,61,191,0,0,0,0,0,0,0,0
7.417583,7.421158,122,255,55,255,24,0,72,191,0,0,0,0,0,0,0,0
7.472528,7.457909,122,255,55,255,24,0,72,191,0,0,0,0,0,0,0,0
7.527472,7.522322,122,255,54,255,24,0,72,191,0,0,0,0,0,0,0,0
7.527472,7.531707,122,255,54,255,24,1,74,191,128,0,0,0,0,0,0,0
7.582417,7.569069,122,255,54,255,24,2,58,191,128,0,0,0,0,0,0,0
7.637362,7.633487,122,255,53,255,23,1,78,191,128,0,0,0,0,0,0,0
7.637362,7.642766,122,255,53,255,24,0,54,191,128,0,0,0,0,0,0,0
7.692307,7.679565,122,255,53,255,24,0,54,191,128,0,0,0,0,0,0,0
7.747253,7.743928,122,255,52,255,24,1,46,191,128,0,0,0,0,0,0,0
7.747253,7.753123,122,255,52,255,24,1,46,191,0,0,0,0,0,0,0,0
7.802198,7.790623,122,255,52,255,24,1,63,191,0,0,0,0,0,0,0,0
7.857143,7.854986,122,255,52,255,25,1,64,191,0,0,0,0,0,0,0,0
7.857143,7.864119,122,255,51,255,24,1,63,191,0,0,0,0,0,0,0,0
7.912088,7.900915,122,255,51,255,23,1,64,191,0,0,0,0,0,0,0,0
7.967033,7.965485,122,255,52,255,23,1,55,191,0,0,0,0,0,0,0,0
7.967033,7.974566,122,255,52,255,23,1,55,191,0,0,0,0,0,0,0,0
8.021978,8.011416,122,255,51,255,24,1,55,191,0,0,0,0,0,0,0,0
8.076923,8.076034,122,255,51,255,24,2,57,191,128,0,0,0,0,0,0,0
8.131868,8.113400,122,255,51,255,24,2,57,191,128,0,0,0,0,0,0,0
8.131868,8.122575,122,255,49,255,23,1,51,191,128,0,0,0,0,0,0,0
8.186813,8.186954,122,255,49,255,23,1,51,191,128,0,0,0,0,0,0,0
8.241758,8.223438,122,255,49,255,23,1,51,191,128,0,0,0,0,0,0,0
8.241758,8.232611,122,255,49,255,24,2,67,191,128,0,0,0,0,0,0,0
8.296703,8.296978,122,255,49,255,24,2,67,191,128,0,0,0,0,0,0,0
8.351648,8.333571,122,255,48,255,24,2,67,191,128,0,0,0,0,0,0,0
8.351648,8.342748,122,255,48,255,23,1,68,191,0,0,0,0,0,0,0,0
8.406593,8.407832,122,255,48,255,23,1,47,191,0,0,0,0,0,0,0,0
8.461538,8.444476,122,255,48,255,23,1,70,191,0,0,0,0,0,0,0,0
8.461538,8.453809,122,255,47,255,24,0,47,190,0,0,0,0,0,0,0,0
8.516483,8.518120,122,255,47,255,24,0,47,190,0,0,0,0,0,0,0,0
8.571428,8.554819,122,255,48,255,23,0,47,190,0,0,0,0,0,0,0,0
8.571428,8.564100,122,255,47,255,23,1,43,191,0,0,0,0,0,0,0,0
8.626373,8.628620,122,255,47,255,23,2,63,191,0,0,0,0,0,0,0,0
8.681318,8.665214,122,255,48,255,23,1,44,191,128,0,0,0,0,0,0,0
8.681318,8.675059,122,255,48,255,23,1,44,191,128,0,0,0,0,0,0,0
8.736263,8.739575,122,255,46,255,23,1,48,191,128,0,0,0,0,0,0,0
8.791209,8.776172,122,255,45,255,24,1,51,191,128,0,0,0,0,0,0,0
8.791209,8.785453,122,255,45,255,24,1,51,191,128,0,0,0,0,0,0,0
8.846154,8.850073,122,255,46,255,24,1,51,191,128,0,0,0,0,0,0,0
8.901099,8.886667,122,255,46,255,24,1,51,190,128,0,0,0,0,0,0,0
8.901099,8.896346,122,255,46,255,24,1,51,190,128,0,0,0,0,0,0,0
8.956044,8.960510,122,255,46,255,24,1,41,190,0,0,0,0,0,0,0,0
9.010989,8.997878,122,255,44,255,23,1,54,191,0,0,0,0,0,0,0,0
9.010989,9.007060,122,255,45,255,24,1,37,191,0,0,0,0,0,0,0,0
9.065934,9.071272,122,255,45,255,24,1,37,191,0,0,0,0,0,0,0,0
9.120879,9.107967,122,255,45,255,24,1,62,191,0,0,0,0,0,0,0,0
9.120879,9.117204,122,255,45,255,24,1,62,191,0,0,0,0,0,0,0,0
9.175824,9.181459,122,255,44,255,23,1,55,191,0,0,0,0,0,0,0,0
9.230769,9.218057,122,255,43,255,24,1,64,190,128,0,0,0,0,0,0,0
9.230769,9.228004,122,255,44,255,23,2,51,191,128,0,0,0,0,0,0,0
9.285714,9.292161,122,255,43,255,23,1,64,191,128,0,0,0,0,0,0,0
9.340659,9.328756,122,255,43,255,23,1,64,191,128,0,0,0,0,0,0,0
9.340659,9.337935,122,255,42,255,23,1,64,191,128,0,0,0,0,0,0,0
9.395604,9.402040,122,255,42,255,24,1,65,191,128,0,0,0,0,0,0,0
9.450549,9.438793,122,255,42,255,24,1,65,191,128,0,0,0,0,0,0,0
9.450549,9.448028,122,255,42,255,23,2,63,191,128,0,0,0,0,0,0,0
9.505494,9.512181,122,255,41,255,24,1,48,190,128,0,0,0,0,0,0,0
9.560439,9.548829,122,255,41,255,23,1,55,190,0,0,0,0,0,0,0,0
9.560439,9.558676,122,255,41,255,24,1,55,190,0,0,0,0,0,0,0,0
9.615385,9.622833,122,255,41,255,24,1,48,191,0,0,0,0,0,0,0,0
9.670330,9.659735,122,255,41,255,24,1,48,191,0,0,0,0,0,0,0,0
9.670330,9.669022,122,255,40,255,23,1,60,191,0,0,0,0,0,0,0,0
9.725275,9.733175,122,255,40,255,23,1,60,191,0,0,0,0,0,0,0,0
9.780220,9.770334,122,255,41,255,24,1,62,191,0,0,0,0,0,0,0,0
9.780220,9.779720,122,255,41,255,24,1,41,191,128,0,0,0,0,0,0,0
9.835165,9.817234,122,255,41,255,25,1,41,191,128,0,0,0,0,0,0,0
9.890110,9.881647,122,255,39,255,25,2,59,191,128,0,0,0,0,0,0,0
9.890110,9.890935,122,255,39,255,24,2,40,191,128,0,0,0,0,0,0,0
9.945055,9.927729,122,255,39,255,23,1,47,191,128,0,0,0,0,0,0,0
10.000000,9.992246,122,255,39,255,24,2,48,191,128,0,0,0,0,0,0,0
10.000000,10.001431,122,255,40,255,24,1,45,191,128,0,0,0,0,0,0,0
10.054945,10.038124,122,255,39,255,23,1,61,191,128,0,0,0,0,0,0,0
10.109890,10.102591,122,255,40,255,24,1,61,191,0,0,0,0,0,0,0,0
10.109890,10.112593,122,255,39,255,24,1,45,191,0,0,0,0,0,0,0,0
10.164835,10.149388,122,255,39,255,24,1,62,191,0,0,0,0,0,0,0,0
10.219780,10.213699,122,255,39,255,24,2,40,191,0,0,0,0,0,0,0,0
10.219780,10.222937,122,255,39,255,24,2,40,191,0,0,0,0,0,0,0,0
10.274725,10.259734,122,255,38,255,23,1,60,191,0,0,0,0,0,0,0,0
10.329670,10.324360,122,255,38,255,23,1,60,191,0,0,0,0,0,0,0,0
10.329670,10.333532,122,255,38,255,24,1,60,191,0,0,0,0,0,0,0,0
10.384615,10.370229,122,255,37,255,24,1,62,191,128,0,0,0,0,0,0,0
10.439561,10.435310,122,255,37,255,24,2,40,191,128,0,0,0,0,0,0,0
10.439561,10.444439,122,255,37,255,24,2,40,191,128,0,0,0,0,0,0,0
10.494506,10.481134,122,255,37,255,24,2,48,191,128,0,0,0,0,0,0,0
10.549451,10.545653,122,255,37,255,24,2,48,191,128,0,0,0,0,0,0,0
10.549451,10.554885,122,255,37,255,24,1,66,191,128,0,0,0,0,0,0,0
10.604396,10.591529,122,255,37,255,24,1,66,190,128,0,0,0,0,0,0,0
10.659341,10.655976,122,255,37,255,24,1,48,190,0,0,0,0,0,0,0,0
10.659341,10.665791,122,255,37,255,24,1,48,190,0,0,0,0,0,0,0,0
10.714286,10.702588,122,255,37,255,24,1,64,190,0,0,0,0,0,0,0,0
10.769231,10.766953,122,255,37,255,24,1,64,190,0,0,0,0,0,0,0,0
10.769231,10.776084,122,255,37,255,24,1,56,190,0,0,0,0,0,0,0,0
10.824176,10.812983,122,255,37,255,24,1,56,190,0,0,0,0,0,0,0,0
10.879121,10.877399,122,255,36,255,24,1,56,190,0,0,0,0,0,0,0,0
10.879121,10.886529,122,255,35,255,24,1,63,190,0,0,0,0,0,0,0,0
10.934066,10.923377,122,255,35,255,24,1,48,191,128,0,0,0,0,0,0,0
10.989011,10.988458,122,255,35,255,24,1,48,191,128,0,0,0,0,0,0,0
11.043956,11.025002,122,255,35,255,23,1,60,191,128,0,0,0,0,0,0,0
11.043956,11.034231,122,255,35,255,23,1,60,191,128,0,0,0,0,0,0,0
11.098901,11.098699,122,255,34,255,23,1,63,191,128,0,0,0,0,0,0,0
11.153846,11.135294,122,255,33,255,24,2,63,191,128,0,0,0,0,0,0,0
11.153846,11.144576,122,255,35,255,24,2,44,190,128,0,0,0,0,0,0,0
11.208791,11.209092,122,255,34,255,24,1,55,191,128,0,0,0,0,0,0,0
11.263737,11.245688,122,255,34,255,24,2,64,190,0,0,0,0,0,0,0,0
11.263737,11.255584,122,255,34,255,24,2,64,190,0,0,0,0,0,0,0,0
11.318682,11.319900,122,255,34,255,24,1,60,190,0,0,0,0,0,0,0,0
11.373627,11.356546,122,255,34,255,24,1,60,190,0,0,0,0,0,0,0,0
11.373627,11.365774,122,255,33,255,24,1,60,190,0,0,0,0,0,0,0,0
11.428572,11.430293,122,255,33,255,24,1,59,191,0,0,0,0,0,0,0,0
11.483517,11.467038,122,255,33,255,23,1,56,191,0,0,0,0,0,0,0,0
11.483517,11.476270,122,255,33,255,24,1,53,191,0,0,0,0,0,0,0,0
11.538462,11.540688,122,255,34,255,23,2,69,191,128,0,0,0,0,0,0,0
11.593407,11.577997,122,255,34,255,23,2,69,191,128,0,0,0,0,0,0,0
11.593407,11.587687,122,255,32,255,25,1,63,191,128,0,0,0,0,0,0,0
11.648352,11.651847,122,255,32,255,25,1,63,191,128,0,0,0,0,0,0,0
11.703297,11.688392,122,255,32,255,25,1,63,191,128,0,0,0,0,0,0,0
11.703297,11.697751,122,255,33,255,23,1,51,191,128,0,0,0,0,0,0,0
11.758242,11.761935,122,255,33,255,24,1,64,191,128,0,0,0,0,0,0,0
11.813187,11.798476,122,255,33,255,24,1,64,191,128,0,0,0,0,0,0,0
11.813187,11.807713,122,255,31,255,23,2,69,191,0,0,0,0,0,0,0,0
11.868132,11.872380,122,255,32,254,23,2,50,191,0,0,0,0,0,0,0,0
11.923077,11.908823,122,255,32,253,25,1,50,191,0,0,0,0,0,0,0,0
11.923077,11.918056,122,255,33,252,25,1,59,191,0,0,0,0,0,0,0,0
11.978022,11.982109,122,255,33,252,24,1,56,191,0,0,0,0,0,0,0,0
12.032967,12.018551,122,255,33,252,24,1,47,191,0,0,0,0,0,0,0,0
12.032967,12.027631,122,255,33,252,24,1,60,191,0,0,0,0,0,0,0,0
12.087913,12.091632,122,255,33,252,24,1,60,191,0,0,0,0,0,0,0,0
12.142858,12.128077,122,255,31,249,23,2,63,191,0,0,0,0,0,0,0,0
12.142858,12.137091,122,255,31,248,23,2,63,191,128,0,0,0,0,0,0,0
12.197803,12.201667,122,255,32,247,23,2,64,191,128,0,0,0,0,0,0,0
12.252748,12.238162,122,255,32,247,24,1,57,191,128,0,0,0,0,0,0,0
12.252748,12.247293,122,255,32,247,24,1,57,191,128,0,0,0,0,0,0,0
12.307693,12.311399,122,255,32,247,24,1,57,191,128,0,0,0,0,0,0,0
12.362638,12.347940,122,253,30,244,24,1,66,191,128,0,0,0,0,0,0,0
12.362638,12.356890,122,253,30,244,24,1,66,191,128,0,0,0,0,0,0,0
12.417583,12.420772,122,250,32,241,24,1,66,191,128,0,0,0,0,0,0,0
12.472528,12.457211,122,250,32,241,24,2,63,191,0,0,0,0,0,0,0,0
12.472528,12.467061,122,249,32,241,24,2,63,191,0,0,0,0,0,0,0,0
12.527472,12.531115,122,249,30,240,23,1,51,191,0,0,0,0,0,0,0,0
12.582417,12.567346,122,249,29,239,23,1,68,191,0,0,0,0,0,0,0,0
12.582417,12.576350,122,249,29,239,23,1,68,191,0,0,0,0,0,0,0,0
12.637362,12.640179,122,246,30,239,25,1,68,191,0,0,0,0,0,0,0,0
12.692307,12.676770,122,246,29,238,25,1,63,191,128,0,0,0,0,0,0,0
12.692307,12.686408,122,244,30,238,24,2,64,191,128,0,0,0,0,0,0,0
12.747252,12.750419,122,244,30,236,24,2,75,191,128,0,0,0,0,0,0,0
12.802197,12.786655,122,244,30,236,24,1,64,191,128,0,0,0,0,0,0,0
12.802197,12.795912,122,244,29,234,25,1,54,191,128,0,0,0,0,0,0,0
12.857142,12.859838,122,242,29,233,24,1,64,191,128,0,0,0,0,0,0,0
12.912087,12.896178,122,242,29,233,24,1,64,191,128,0,0,0,0,0,0,0
12.912087,12.905152,122,240,30,233,24,1,64,191,128,0,0,0,0,0,0,0
12.967033,12.969313,122,240,30,233,23,1,65,191,0,0,0,0,0,0,0,0
13.021978,13.006573,122,240,30,233,23,1,65,191,0,0,0,0,0,0,0,0
13.021978,13.015626,122,239,30,232,23,2,79,191,0,0,0,0,0,0,0,0
13.076923,13.079501,122,239,29,233,24,1,72,191,0,0,0,0,0,0,0,0
13.131868,13.115996,122,238,30,232,23,1,63,191,0,0,0,0,0,0,0,0
13.131868,13.124917,122,237,30,233,24,1,63,191,0,0,0,0,0,0,0,0
13.186813,13.189181,122,237,30,233,24,1,68,191,0,0,0,0,0,0,0,0
13.241758,13.225468,122,235,30,233,24,1,68,191,0,0,0,0,0,0,0,0
13.241758,13.234493,122,235,30,232,25,2,66,191,128,0,0,0,0,0,0,0
13.296703,13.299626,122,235,30,232,25,2,66,191,128,0,0,0,0,0,0,0
13.351648,13.336120,122,235,29,228,24,1,63,191,128,0,0,0,0,0,0,0
13.351648,13.345274,122,234,28,227,25,2,63,191,128,0,0,0,0,0,0,0
13.406593,13.409149,122,234,28,227,25,2,64,191,128,0,0,0,0,0,0,0
13.461538,13.445539,122,232,29,227,25,2,64,191,128,0,0,0,0,0,0,0
13.461538,13.454411,122,232,29,224,25,1,74,191,128,0,0,0,0,0,0,0
13.516483,13.518572,122,232,29,224,25,1,74,191,128,0,0,0,0,0,0,0
13.571428,13.554862,122,231,28,222,25,2,79,191,0,0,0,0,0,0,0,0
13.571428,13.564908,122,231,29,223,24,1,64,191,0,0,0,0,0,0,0,0
13.626373,13.628760,122,230,27,223,23,2,64,191,0,0,0,0,0,0,0,0
13.681318,13.665048,122,228,29,221,23,2,55,191,0,0,0,0,0,0,0,0
13.681318,13.674075,122,228,29,221,24,1,64,191,0,0,0,0,0,0,0,0
13.736263,13.738337,122,228,29,221,24,1,64,191,0,0,0,0,0,0,0,0
13.791209,13.774676,122,227,28,220,24,1,72,191,0,0,0,0,0,0,0,0
13.791209,13.783751,122,227,28,220,24,1,72,191,0,0,0,0,0,0,0,0
13.846154,13.848271,122,227,29,217,24,1,86,191,0,0,0,0,0,0,0,0
13.901099,13.884557,122,224,28,217,25,1,86,191,128,0,0,0,0,0,0,0
13.901099,13.894585,122,224,26,216,25,2,64,191,128,0,0,0,0,0,0,0
13.956044,13.958357,122,223,26,216,23,1,59,191,128,0,0,0,0,0,0,0
14.010989,13.994645,122,223,28,215,25,1,66,191,128,0,0,0,0,0,0,0
14.010989,14.003620,122,223,28,215,25,1,66,191,128,0,0,0,0,0,0,0
14.065934,14.067729,122,222,26,213,23,2,69,191,128,0,0,0,0,0,0,0
14.120879,14.104172,122,222,26,213,23,2,69,191,128,0,0,0,0,0,0,0
14.120879,14.113299,122,219,28,211,24,2,69,191,128,0,0,0,0,0,0,0
14.175824,14.177461,122,218,26,211,24,2,63,191,0,0,0,0,0,0,0,0
14.230769,14.214408,122,216,26,210,23,1,72,191,0,0,0,0,0,0,0,0
14.230769,14.223335,122,216,26,210,23,2,63,191,0,0,0,0,0,0,0,0
14.285714,14.287494,122,216,26,210,25,2,80,191,0,0,0,0,0,0,0,0
14.340659,14.323833,122,216,27,209,24,1,53,191,0,0,0,0,0,0,0,0
14.340659,14.332808,122,215,26,210,23,1,53,191,0,0,0,0,0,0,0,0
14.395604,14.397172,122,215,26,210,23,1,63,191,0,0,0,0,0,0,0,0
14.450549,14.433460,122,213,27,210,23,1,63,191,0,0,0,0,0,0,0,0
14.450549,14.442382,122,213,27,207,24,1,61,191,128,0,0,0,0,0,0,0
14.505494,14.507260,122,212,25,208,24,1,72,191,128,0,0,0,0,0,0,0
14.560439,14.543648,122,212,25,208,24,1,72,191,128,0,0,0,0,0,0,0
14.560439,14.552622,122,212,26,206,25,2,77,191,128,0,0,0,0,0,0,0
14.615385,14.616785,122,212,26,206,25,2,77,191,128,0,0,0,0,0,0,0
14.670330,14.653124,122,210,26,205,25,2,77,191,128,0,0,0,0,0,0,0
14.670330,14.662099,122,209,26,205,24,1,84,191,0,0,0,0,0,0,0,0
14.725275,14.727026,122,209,26,206,23,2,68,191,0,0,0,0,0,0,0,0
14.780220,14.763261,122,209,26,206,23,2,68,191,0,0,0,0,0,0,0,0
14.780220,14.772340,122,208,27,204,24,1,68,191,0,0,0,0,0,0,0,0
14.835165,14.836651,122,208,27,204,24,1,68,191,0,0,0,0,0,0,0,0
14.890110,14.872884,122,207,26,202,23,1,68,191,0,0,0,0,0,0,0,0
14.890110,14.881912,122,206,25,201,23,1,73,191,0,0,0,0,0,0,0,0
14.945055,14.946280,122,205,25,201,24,1,58,191,0,0,0,0,0,0,0,0
15.000000,14.982615,122,205,26,201,23,1,76,191,128,0,0,0,0,0,0,0
15.000000,14.992255,122,205,25,199,24,1,64,191,128,0,0,0,0,0,0,0
15.054945,15.056416,122,205,25,199,24,1,64,191,128,0,0,0,0,0,0,0
15.109890,15.092806,122,204,25,197,24,1,64,191,128,0,0,0,0,0,0,0
15.109890,15.101830,122,204,25,197,24,1,64,191,128,0,0,0,0,0,0,0
15.164835,15.165941,122,202,26,197,24,1,64,191,128,0,0,0,0,0,0,0
15.219780,15.202280,122,202,26,197,24,1,74,191,128,0,0,0,0,0,0,0
15.219780,15.211305,122,202,26,197,24,1,74,191,128,0,0,0,0,0,0,0
15.274725,15.275671,122,201,24,194,23,1,73,191,0,0,0,0,0,0,0,0
15.329670,15.312674,122,200,25,193,24,1,55,191,0,0,0,0,0,0,0,0
15.329670,15.321594,122,200,25,193,24,1,55,191,0,0,0,0,0,0,0,0
15.384615,15.385859,122,199,25,191,24,1,55,191,0,0,0,0,0,0,0,0
15.439561,15.422148,122,198,23,191,24,1,50,191,0,0,0,0,0,0,0,0
15.439561,15.431016,122,198,23,190,25,2,63,191,0,0,0,0,0,0,0,0
15.494506,15.495538,122,197,24,189,24,1,64,191,0,0,0,0,0,0,0,0
15.549451,15.531980,122,197,23,190,25,2,71,192,128,0,0,0,0,0,0,0
15.549451,15.541669,122,196,25,189,24,1,64,192,128,0,0,0,0,0,0,0
15.604396,15.605882,122,195,23,187,25,2,64,191,128,0,0,0,0,0,0,0
15.659341,15.642217,122,195,23,187,25,2,59,191,128,0,0,0,0,0,0,0
15.659341,15.651296,122,193,23,187,25,2,59,191,128,0,0,0,0,0,0,0
15.714286,15.715456,122,193,23,188,24,1,61,191,128,0,0,0,0,0,0,0
15.769231,15.751746,122,193,23,186,24,1,74,191,128,0,0,0,0,0,0,0
15.769231,15.761180,122,193,25,185,24,1,57,191,128,0,0,0,0,0,0,0
15.824176,15.825492,122,192,23,183,24,1,74,191,128,0,0,0,0,0,0,0
15.879121,15.862035,122,192,23,183,24,1,74,191,0,0,0,0,0,0,0,0
15.879121,15.871839,122,189,22,182,24,1,74,191,0,0,0,0,0,0,0,0
15.934066,15.935736,122,189,22,182,25,2,74,191,0,0,0,0,0,0,0,0
15.989011,15.972120,122,189,22,182,25,2,74,191,0,0,0,0,0,0,0,0
15.989011,15.981096,122,188,24,181,24,1,70,191,0,0,0,0,0,0,0,0
16.043957,16.045259,122,187,22,179,23,1,47,191,0,0,0,0,0,0,0,0
16.098902,16.081697,122,186,21,178,25,1,74,191,0,0,0,0,0,0,0,0
16.098902,16.090673,122,184,21,178,25,1,74,191,0,0,0,0,0,0,0,0
16.153847,16.154985,122,184,21,178,25,2,64,191,128,0,0,0,0,0,0,0
16.208792,16.192041,122,184,21,178,25,2,64,191,128,0,0,0,0,0,0,0
16.208792,16.201262,122,184,21,176,25,1,64,191,128,0,0,0,0,0,0,0
16.263737,16.265123,122,184,22,175,24,1,63,191,128,0,0,0,0,0,0,0
16.318682,16.301617,122,182,23,175,24,1,64,191,128,0,0,0,0,0,0,0
16.318682,16.311293,122,182,23,175,24,1,64,191,128,0,0,0,0,0,0,0
16.373627,16.375212,122,182,23,175,24,1,64,191,128,0,0,0,0,0,0,0
16.428572,16.411448,122,179,21,175,24,1,64,191,128,0,0,0,0,0,0,0
16.428572,16.420422,122,179,21,173,24,1,55,191,0,0,0,0,0,0,0,0
16.483517,16.485249,122,179,21,173,24,1,55,191,0,0,0,0,0,0,0,0
16.538462,16.521433,122,178,21,172,24,1,55,191,0,0,0,0,0,0,0,0
16.538462,16.530407,122,177,22,171,23,2,68,191,0,0,0,0,0,0,0,0
16.593407,16.594618,122,176,21,169,24,1,68,191,0,0,0,0,0,0,0,0
16.648352,16.630959,122,175,21,168,24,1,63,191,0,0,0,0,0,0,0,0
16.648352,16.640034,122,175,21,168,24,1,72,192,0,0,0,0,0,0,0,0
16.703297,16.704245,122,175,22,168,23,1,61,191,128,0,0,0,0,0,0,0
16.758242,16.741198,122,175,21,167,24,1,74,191,128,0,0,0,0,0,0,0
16.758242,16.750118,122,175,21,167,24,1,74,191,128,0,0,0,0,0,0,0
16.813187,16.814281,122,173,20,166,23,1,73,191,128,0,0,0,0,0,0,0
16.868132,16.850567,122,172,22,165,24,1,73,191,128,0,0,0,0,0,0,0
16.868132,16.859644,122,171,21,165,24,1,57,191,128,0,0,0,0,0,0,0
16.923077,16.924166,122,171,21,165,24,1,74,191,128,0,0,0,0,0,0,0
16.978022,16.960501,122,171,22,165,24,1,59,191,128,0,0,0,0,0,0,0
16.978022,16.969578,122,171,22,165,24,1,59,191,128,0,0,0,0,0,0,0
17.032967,17.033688,122,169,20,163,23,1,47,191,128,0,0,0,0,0,0,0
17.087912,17.069975,122,169,20,163,23,1,47,191,0,0,0,0,0,0,0,0
17.087912,17.079563,122,167,21,161,24,1,47,191,0,0,0,0,0,0,0,0
17.142857,17.143673,122,167,21,161,24,1,55,191,0,0,0,0,0,0,0,0
17.197802,17.180115,119,167,21,161,24,1,55,191,0,0,0,0,0,0,0,0
17.197802,17.189037,119,167,21,161,24,1,59,189,0,0,0,0,0,0,0,0
17.252747,17.253300,121,165,21,159,23,1,72,189,0,0,0,0,0,0,0,0
17.307692,17.289688,121,165,21,159,23,1,72,189,0,0,0,0,0,0,0,0
17.307692,17.298561,122,164,20,157,31,1,72,189,0,0,0,0,0,0,0,0
17.362637,17.362722,122,164,20,157,31,1,68,191,128,0,0,0,0,0,0,0
17.417582,17.399775,122,162,20,157,31,1,68,191,128,0,0,0,0,0,0,0
17.417582,17.408802,119,162,20,153,34,1,59,186,128,0,0,0,0,0,0,0
17.472527,17.473167,119,161,20,151,44,2,46,191,128,0,0,0,0,0,0,0
17.527473,17.509607,119,161,20,151,44,2,46,191,128,0,0,0,0,0,0,0
17.527473,17.518583,123,158,19,153,51,1,41,191,128,0,0,0,0,0,0,0
17.582418,17.582792,123,158,19,153,51,1,41,191,0,0,0,0,0,0,0,0
17.637363,17.619900,122,157,18,152,51,1,41,191,0,0,0,0,0,0,0,0
17.637363,17.628925,118,157,19,152,52,1,45,186,0,0,0,0,0,0,0,0
17.692308,17.693083,122,157,19,151,57,2,64,190,0,0,0,0,0,0,0,0
17.747253,17.729578,122,156,19,150,63,2,43,191,0,0,0,0,0,0,0,0
17.747253,17.738605,122,155,18,149,64,1,50,190,0,0,0,0,0,0,0,0
17.802198,17.802814,122,155,18,149,64,1,50,190,0,0,0,0,0,0,0,0
17.857143,17.839149,122,153,19,147,63,1,50,190,0,0,0,0,0,0,0,0
17.857143,17.848080,122,153,19,147,63,1,48,191,128,0,0,0,0,0,0,0
17.912088,17.913004,119,153,19,147,63,1,48,191,128,0,0,0,0,0,0,0
17.967033,17.949545,121,153,18,145,67,2,40,190,128,0,0,0,0,0,0,0
17.967033,17.958469,121,152,18,145,69,2,31,189,128,0,0,0,0,0,0,0
18.021978,18.022682,121,151,18,143,70,1,44,189,128,0,0,0,0,0,0,0
18.076923,18.059023,121,149,17,145,69,1,39,189,128,0,0,0,0,0,0,0
18.076923,18.067842,121,149,17,145,69,1,39,189,128,0,0,0,0,0,0,0
18.131868,18.131948,121,148,17,145,69,1,39,189,128,0,0,0,0,0,0,0
18.186813,18.168289,120,147,17,141,70,1,39,187,0,0,0,0,0,0,0,0
18.186813,18.177727,120,147,17,139,73,1,48,191,0,0,0,0,0,0,0,0
18.241758,18.241730,122,146,18,139,74,1,42,189,0,0,0,0,0,0,0,0
18.296703,18.278070,121,145,17,138,75,1,48,189,0,0,0,0,0,0,0,0
18.296703,18.286892,121,145,17,138,75,1,48,189,0,0,0,0,0,0,0,0
18.351648,18.350538,121,143,17,140,75,1,48,189,0,0,0,0,0,0,0,0
18.406593,18.386826,121,143,17,140,74,1,48,190,0,0,0,0,0,0,0,0
18.406593,18.395647,121,143,17,140,74,1,48,190,0,0,0,0,0,0,0,0
18.461538,18.459347,121,143,17,140,83,1,53,191,128,0,0,0,0,0,0,0
18.516483,18.496248,121,143,17,140,83,1,53,191,128,0,0,0,0,0,0,0
18.516483,18.505018,122,142,17,139,86,1,48,191,128,0,0,0,0,0,0,0
18.571428,18.568771,122,141,18,139,86,1,48,191,128,0,0,0,0,0,0,0
18.626373,18.605026,122,141,18,139,86,2,25,191,128,0,0,0,0,0,0,0
18.626373,18.613981,122,141,18,139,86,2,25,191,128,0,0,0,0,0,0,0
18.681318,18.677525,122,141,17,138,86,1,22,191,128,0,0,0,0,0,0,0
18.736263,18.714182,122,140,18,138,86,1,47,191,0,0,0,0,0,0,0,0
18.736263,18.723660,122,140,17,135,85,2,32,191,0,0,0,0,0,0,0,0
18.791208,18.787199,122,139,18,137,86,1,32,191,0,0,0,0,0,0,0,0
18.791208,18.796076,122,139,18,138,86,1,47,192,0,0,0,0,0,0,0,0
18.846153,18.832874,122,139,18,138,86,1,40,191,0,0,0,0,0,0,0,0
18.901098,18.896420,122,139,18,138,86,1,47,191,0,0,0,0,0,0,0,0
18.901098,18.905190,122,139,18,138,86,1,47,191,0,0,0,0,0,0,0,0
18.956043,18.941994,122,139,18,138,86,2,45,191,0,0,0,0,0,0,0,0
19.010988,19.005638,122,139,18,138,86,2,45,191,0,0,0,0,0,0,0,0
19.010988,19.014406,122,139,18,139,86,2,45,191,0,0,0,0,0,0,0,0
19.065933,19.051107,122,139,18,139,86,1,39,191,128,0,0,0,0,0,0,0
19.120878,19.115368,122,139,18,142,86,2,55,191,128,0,0,0,0,0,0,0
19.120878,19.124140,122,139,18,142,86,2,55,191,128,0,0,0,0,0,0,0
19.175825,19.160839,118,139,18,141,86,1,62,189,128,0,0,0,0,0,0,0
19.230770,19.224377,121,139,17,140,85,2,42,190,128,0,0,0,0,0,0,0
19.230770,19.233252,121,139,18,139,77,2,42,190,128,0,0,0,0,0,0,0
19.285715,19.269899,122,139,18,139,77,2,63,192,128,0,0,0,0,0,0,0
19.340660,19.333496,122,139,17,139,70,1,64,192,0,0,0,0,0,0,0,0
19.340660,19.343082,122,139,17,138,69,1,75,191,0,0,0,0,0,0,0,0
19.395605,19.379784,122,139,17,137,70,1,74,189,0,0,0,0,0,0,0,0
19.450550,19.443375,121,138,18,135,67,1,63,191,0,0,0,0,0,0,0,0
19.450550,19.452097,122,137,18,138,66,2,76,191,0,0,0,0,0,0,0,0
19.505495,19.488693,122,138,18,140,66,2,76,190,0,0,0,0,0,0,0,0
19.560440,19.552237,122,138,17,139,66,2,58,191,0,0,0,0,0,0,0,0
19.560440,19.561007,122,137,17,139,67,1,81,191,128,0,0,0,0,0,0,0
19.615385,19.598318,122,137,17,139,67,1,63,191,128,0,0,0,0,0,0,0
19.670330,19.662630,122,137,17,139,67,1,63,191,128,0,0,0,0,0,0,0
19.670330,19.671350,121,139,17,142,66,2,64,191,128,0,0,0,0,0,0,0
19.725275,19.707945,121,139,17,142,66,2,64,191,128,0,0,0,0,0,0,0
19.780220,19.771549,122,140,17,143,67,2,64,191,128,0,0,0,0,0,0,0
19.780220,19.780260,121,140,18,143,67,1,72,190,128,0,0,0,0,0,0,0
19.835165,19.816788,122,140,18,144,67,1,71,190,128,0,0,0,0,0,0,0
19.890110,19.880400,122,140,17,142,67,1,84,190,0,0,0,0,0,0,0,0
19.890110,19.890043,121,140,18,144,66,2,78,190,0,0,0,0,0,0,0,0
19.945055,19.926735,121,140,18,144,66,2,78,190,0,0,0,0,0,0,0,0
20.000000,19.990330,121,141,19,145,66,1,78,190,0,0,0,0,0,0,0,0
20.000000,19.999155,120,142,18,144,66,1,59,188,0,0,0,0,0,0,0,0
20.054945,20.035801,120,142,18,144,67,1,76,188,0,0,0,0,0,0,0,0
20.109890,20.099342,120,142,17,144,67,1,64,188,0,0,0,0,0,0,0,0
20.109890,20.108114,120,142,17,144,67,1,64,188,0,0,0,0,0,0,0,0
20.164835,20.144606,120,142,18,145,67,2,78,190,0,0,0,0,0,0,0,0
20.219780,20.208305,121,142,18,143,66,1,63,190,128,0,0,0,0,0,0,0
20.219780,20.217739,121,141,18,145,67,1,63,190,128,0,0,0,0,0,0,0
20.274725,20.254545,121,142,17,145,67,2,81,190,128,0,0,0,0,0,0,0
20.329670,20.318087,121,142,17,142,67,1,61,190,128,0,0,0,0,0,0,0
20.329670,20.326960,121,142,18,142,66,1,80,190,128,0,0,0,0,0,0,0
20.384615,20.363453,121,142,18,144,67,2,64,187,128,0,0,0,0,0,0,0
20.439560,20.427149,119,142,18,142,68,2,63,189,128,0,0,0,0,0,0,0
20.439560,20.435921,121,142,18,143,69,2,63,189,128,0,0,0,0,0,0,0
20.494505,20.472618,121,142,18,143,69,2,74,190,0,0,0,0,0,0,0,0
20.549450,20.536978,121,142,18,143,70,1,59,189,0,0,0,0,0,0,0,0
20.549450,20.545855,121,142,18,143,70,1,59,189,0,0,0,0,0,0,0,0
20.604395,20.582453,121,143,18,145,70,2,54,189,0,0,0,0,0,0,0,0
20.659340,20.645994,121,143,18,145,70,2,54,189,0,0,0,0,0,0,0,0
20.659340,20.654764,122,143,18,148,70,1,64,189,0,0,0,0,0,0,0,0
20.714285,20.691322,122,144,19,147,70,1,64,191,0,0,0,0,0,0,0,0
20.769230,20.755009,122,144,19,147,70,1,63,191,128,0,0,0,0,0,0,0
20.769230,20.764597,122,143,19,147,70,1,63,191,128,0,0,0,0,0,0,0
20.824175,20.801247,122,143,18,146,70,2,53,191,128,0,0,0,0,0,0,0
20.879122,20.864838,122,144,18,148,70,1,75,190,128,0,0,0,0,0,0,0
20.879122,20.873711,121,144,18,146,70,1,50,189,128,0,0,0,0,0,0,0
20.934067,20.937666,121,144,18,146,70,1,50,189,128,0,0,0,0,0,0,0
20.989012,20.974005,121,144,18,146,70,1,50,189,128,0,0,0,0,0,0,0
20.989012,20.982777,121,143,17,146,70,1,64,189,128,0,0,0,0,0,0,0
21.043957,21.046831,121,143,17,145,70,2,63,189,0,0,0,0,0,0,0,0
21.098902,21.083836,121,143,17,145,70,2,63,189,0,0,0,0,0,0,0,0
21.098902,21.092606,121,144,18,146,71,2,53,189,0,0,0,0,0,0,0,0
21.153847,21.156563,121,144,18,146,71,2,53,189,0,0,0,0,0,0,0,0
21.208792,21.192900,121,144,18,145,70,2,53,189,0,0,0,0,0,0,0,0
21.208792,21.201670,121,144,18,145,70,2,52,190,0,0,0,0,0,0,0,0
21.263737,21.265625,121,144,18,145,70,2,52,190,0,0,0,0,0,0,0,0
21.318682,21.302065,121,144,18,145,70,2,52,190,0,0,0,0,0,0,0,0
21.318682,21.310940,121,144,18,146,71,2,55,190,128,0,0,0,0,0,0,0
21.373627,21.375662,121,144,18,146,71,2,55,190,128,0,0,0,0,0,0,0
21.428572,21.411898,122,144,19,147,70,1,55,190,128,0,0,0,0,0,0,0
21.428572,21.420771,122,144,19,147,70,1,55,191,128,0,0,0,0,0,0,0
21.483517,21.484726,122,144,18,147,70,1,55,191,128,0,0,0,0,0,0,0
21.538462,21.521015,122,144,18,146,71,1,54,191,128,0,0,0,0,0,0,0
21.538462,21.529785,122,144,18,145,70,2,74,191,128,0,0,0,0,0,0,0
21.593407,21.593891,122,144,18,145,70,2,74,191,128,0,0,0,0,0,0,0
21.648352,21.630178,121,144,19,146,71,1,63,191,128,0,0,0,0,0,0,0
21.648352,21.639009,120,144,18,145,70,1,63,188,0,0,0,0,0,0,0,0
21.703297,21.703619,120,144,18,145,70,1,66,188,0,0,0,0,0,0,0,0
21.758242,21.739908,120,144,18,145,70,1,63,188,0,0,0,0,0,0,0,0
21.758242,21.748735,120,144,18,146,70,1,74,188,0,0,0,0,0,0,0,0
21.813187,21.812992,120,144,19,146,71,1,57,188,0,0,0,0,0,0,0,0
21.868132,21.849586,120,144,17,145,70,1,72,189,0,0,0,0,0,0,0,0
21.868132,21.858463,121,144,19,146,71,1,55,189,0,0,0,0,0,0,0,0
21.923077,21.922567,121,144,20,148,71,1,55,189,128,0,0,0,0,0,0,0
21.978022,21.959366,121,144,20,148,71,1,80,189,128,0,0,0,0,0,0,0
21.978022,21.968225,121,145,20,148,71,1,80,189,128,0,0,0,0,0,0,0
22.032967,22.032143,121,145,20,147,72,2,92,189,128,0,0,0,0,0,0,0
22.087912,22.068274,121,145,20,146,72,1,64,189,128,0,0,0,0,0,0,0
22.087912,22.077045,121,145,18,146,71,1,80,190,128,0,0,0,0,0,0,0
22.142857,22.141266,121,145,19,146,71,1,80,190,128,0,0,0,0,0,0,0
22.197802,22.177492,121,145,19,146,71,1,50,190,128,0,0,0,0,0,0,0
22.197802,22.186260,122,145,19,146,71,1,50,190,128,0,0,0,0,0,0,0
22.252747,22.249912,122,145,19,146,72,1,64,190,0,0,0,0,0,0,0,0
22.307692,22.286762,122,145,18,146,72,2,84,190,0,0,0,0,0,0,0,0
22.307692,22.295530,122,145,18,148,71,1,65,190,0,0,0,0,0,0,0,0
22.362637,22.359179,121,145,18,146,72,1,92,190,0,0,0,0,0,0,0,0
22.417582,22.395773,121,145,18,146,72,1,92,190,0,0,0,0,0,0,0,0
22.417582,22.404697,122,145,20,147,72,1,92,190,0,0,0,0,0,0,0,0
22.472527,22.468344,122,145,20,147,71,1,87,190,128,0,0,0,0,0,0,0
22.527473,22.505194,122,145,20,147,71,1,87,190,128,0,0,0,0,0,0,0
22.527473,22.513964,122,145,18,146,70,1,63,191,128,0,0,0,0,0,0,0
22.582418,22.577614,122,145,18,146,70,1,63,191,128,0,0,0,0,0,0,0
22.637363,22.613928,122,145,17,143,69,1,63,191,128,0,0,0,0,0,0,0
22.637363,22.622875,122,145,18,144,69,1,79,191,128,0,0,0,0,0,0,0
22.692308,22.686882,122,143,18,144,70,2,66,191,128,0,0,0,0,0,0,0
22.692308,22.695601,122,143,18,143,69,1,89,191,128,0,0,0,0,0,0,0
22.747253,22.732197,122,144,18,144,70,2,71,191,0,0,0,0,0,0,0,0
22.802198,22.796560,122,144,18,143,70,0,84,187,0,0,0,0,0,0,0,0
22.802198,22.805279,119,144,18,143,70,2,62,187,0,0,0,0,0,0,0,0
22.857143,22.841927,121,143,17,144,70,1,62,189,0,0,0,0,0,0,0,0
22.912088,22.905573,121,143,17,144,70,1,73,189,0,0,0,0,0,0,0,0
22.912088,22.914291,122,143,17,144,73,1,57,191,0,0,0,0,0,0,0,0
22.967033,22.951193,122,143,18,142,77,2,70,191,0,0,0,0,0,0,0,0
23.021978,23.014891,122,143,17,143,79,1,51,186,0,0,0,0,0,0,0,0
23.021978,23.023661,118,143,17,142,83,1,66,191,0,0,0,0,0,0,0,0
23.076923,23.060152,118,143,17,142,83,1,66,191,128,0,0,0,0,0,0,0
23.131868,23.124519,122,142,18,139,88,1,66,191,128,0,0,0,0,0,0,0
23.131868,23.133341,122,141,18,139,88,2,60,191,128,0,0,0,0,0,0,0
23.186813,23.169834,122,141,18,140,88,2,45,191,128,0,0,0,0,0,0,0
23.241758,23.233583,122,141,18,140,88,2,45,191,128,0,0,0,0,0,0,0
23.241758,23.242508,122,141,18,136,87,1,32,187,128,0,0,0,0,0,0,0
23.296703,23.278997,122,141,18,136,87,1,32,187,128,0,0,0,0,0,0,0
23.351648,23.342850,122,139,17,137,95,1,32,187,128,0,0,0,0,0,0,0
23.351648,23.351572,122,139,17,137,95,1,32,190,0,0,0,0,0,0,0,0
23.406593,23.388781,122,139,17,137,95,1,32,190,0,0,0,0,0,0,0,0
23.461538,23.452427,122,139,17,138,96,1,32,191,0,0,0,0,0,0,0,0
23.461538,23.461197,122,139,17,137,94,2,58,190,0,0,0,0,0,0,0,0
23.516483,23.497896,122,139,17,137,94,2,58,190,0,0,0,0,0,0,0,0
23.571428,23.561598,120,138,18,138,96,2,52,190,0,0,0,0,0,0,0,0
23.571428,23.570314,120,138,18,138,96,2,52,189,0,0,0,0,0,0,0,0
23.626373,23.606806,121,138,17,138,96,2,52,189,0,0,0,0,0,0,0,0
23.681318,23.670601,121,138,17,139,95,2,59,189,128,0,0,0,0,0,0,0
23.681318,23.680298,121,138,18,138,95,2,42,190,128,0,0,0,0,0,0,0
23.736263,23.716738,121,138,18,138,95,2,42,190,128,0,0,0,0,0,0,0
23.791208,23.780489,120,138,17,140,96,1,38,190,128,0,0,0,0,0,0,0
23.791208,23.789568,121,138,18,141,97,1,38,190,128,0,0,0,0,0,0,0
23.846153,23.826160,122,138,18,141,97,1,54,190,128,0,0,0,0,0,0,0
23.901098,23.889961,122,138,18,141,97,1,19,190,128,0,0,0,0,0,0,0
23.901098,23.898832,121,138,18,140,97,2,40,190,0,0,0,0,0,0,0,0
23.956043,23.936043,121,138,17,140,97,2,27,190,0,0,0,0,0,0,0,0
24.010988,23.999741,122,138,17,140,95,1,56,187,0,0,0,0,0,0,0,0
24.010988,24.008612,120,138,18,139,87,1,43,187,0,0,0,0,0,0,0,0
24.065933,24.045465,122,138,17,138,80,1,43,192,0,0,0,0,0,0,0,0
24.120878,24.109112,122,138,17,138,80,1,66,192,0,0,0,0,0,0,0,0
24.120878,24.118034,122,137,17,138,80,1,66,192,0,0,0,0,0,0,0,0
24.175825,24.154631,122,137,17,140,78,1,75,191,0,0,0,0,0,0,0,0
24.230770,24.218328,122,137,17,139,79,1,55,191,128,0,0,0,0,0,0,0
24.230770,24.227867,122,138,17,139,76,2,74,190,128,0,0,0,0,0,0,0
24.285715,24.264462,122,138,18,139,72,1,47,190,128,0,0,0,0,0,0,0
24.340660,24.328161,122,138,18,139,72,1,47,191,128,0,0,0,0,0,0,0
24.340660,24.336985,122,137,17,139,72,1,47,191,128,0,0,0,0,0,0,0
24.395605,24.373629,122,137,17,134,71,1,54,191,128,0,0,0,0,0,0,0
24.450550,24.437273,122,137,17,135,70,1,88,191,128,0,0,0,0,0,0,0
24.450550,24.446045,122,137,15,133,70,1,65,191,0,0,0,0,0,0,0,0
24.505495,24.483255,121,136,17,133,70,1,88,190,0,0,0,0,0,0,0,0
24.560440,24.546900,121,136,17,133,70,1,88,190,0,0,0,0,0,0,0,0
24.560440,24.555723,122,136,17,133,70,1,88,190,0,0,0,0,0,0,0,0
24.615385,24.592627,122,136,18,133,70,2,88,191,0,0,0,0,0,0,0,0
24.670330,24.656322,122,136,18,136,71,1,64,191,0,0,0,0,0,0,0,0
24.670330,24.665247,122,136,18,136,71,1,63,191,0,0,0,0,0,0,0,0
24.725275,24.701998,122,136,18,137,71,1,64,185,0,0,0,0,0,0,0,0
24.780220,24.765642,119,136,17,139,71,1,71,185,0,0,0,0,0,0,0,0
24.780220,24.774618,119,136,17,139,71,1,71,188,128,0,0,0,0,0,0,0
24.835165,24.811775,121,136,17,139,71,1,71,188,128,0,0,0,0,0,0,0
24.890110,24.875475,122,137,17,139,86,2,63,190,128,0,0,0,0,0,0,0
24.890110,24.884298,122,137,17,140,88,1,70,191,128,0,0,0,0,0,0,0
24.945055,24.920895,122,137,17,140,88,1,70,191,128,0,0,0,0,0,0,0
25.000000,24.984537,122,137,17,137,88,2,58,189,128,0,0,0,0,0,0,0
25.000000,24.993412,122,137,17,137,88,2,58,189,128,0,0,0,0,0,0,0
25.054945,25.057470,121,137,17,135,90,2,58,189,128,0,0,0,0,0,0,0
25.109890,25.093754,121,136,17,135,90,1,54,189,0,0,0,0,0,0,0,0
25.109890,25.103241,121,136,17,136,91,1,37,189,0,0,0,0,0,0,0,0
25.164835,25.167402,121,136,17,133,90,1,61,190,0,0,0,0,0,0,0,0
25.219780,25.204010,121,135,17,135,91,2,56,190,0,0,0,0,0,0,0,0
25.219780,25.212767,121,135,17,135,91,2,56,190,0,0,0,0,0,0,0,0
25.274725,25.276775,121,136,17,135,97,1,56,190,0,0,0,0,0,0,0,0
25.329670,25.313007,122,136,17,136,97,1,64,191,0,0,0,0,0,0,0,0
25.329670,25.321831,122,136,17,136,96,1,51,190,0,0,0,0,0,0,0,0
25.384615,25.385889,121,136,17,138,98,2,64,190,128,0,0,0,0,0,0,0
25.439560,25.422859,121,136,18,138,97,1,42,190,128,0,0,0,0,0,0,0
25.439560,25.431612,121,136,18,138,97,1,42,190,128,0,0,0,0,0,0,0
25.494505,25.495874,119,135,18,140,97,1,40,190,128,0,0,0,0,0,0,0
25.549450,25.532219,121,136,18,139,98,1,40,189,128,0,0,0,0,0,0,0
25.549450,25.540981,122,136,18,139,98,1,53,190,128,0,0,0,0,0,0,0
25.604395,25.604935,121,136,18,140,98,1,58,190,128,0,0,0,0,0,0,0
25.659340,25.641125,121,136,17,138,97,2,47,190,0,0,0,0,0,0,0,0
25.659340,25.650608,121,136,17,138,95,1,63,191,0,0,0,0,0,0,0,0
25.714285,25.714718,123,136,17,137,91,1,48,191,0,0,0,0,0,0,0,0
25.769230,25.751211,123,136,17,137,91,1,48,191,0,0,0,0,0,0,0,0
25.769230,25.760029,122,136,18,138,91,1,48,191,0,0,0,0,0,0,0,0
25.824175,25.823986,122,136,18,138,88,1,70,191,0,0,0,0,0,0,0,0
25.879122,25.860170,122,136,18,139,87,1,60,191,0,0,0,0,0,0,0,0
25.879122,25.868990,122,137,18,142,88,1,76,191,0,0,0,0,0,0,0,0
25.934067,25.933098,122,137,18,142,88,1,53,191,128,0,0,0,0,0,0,0
25.989012,25.969954,122,137,18,142,88,1,53,191,128,0,0,0,0,0,0,0
25.989012,25.978725,121,138,18,143,85,1,53,191,128,0,0,0,0,0,0,0
26.043957,26.042677,122,139,17,145,85,1,68,191,128,0,0,0,0,0,0,0
26.098902,26.078859,122,140,17,145,84,1,57,191,128,0,0,0,0,0,0,0
26.098902,26.087742,122,140,18,146,83,1,66,191,128,0,0,0,0,0,0,0
26.153847,26.151690,122,141,18,146,83,1,50,191,128,0,0,0,0,0,0,0
26.208792,26.187872,122,141,18,147,84,1,63,191,128,0,0,0,0,0,0,0
26.208792,26.196695,122,141,19,147,82,2,63,191,128,0,0,0,0,0,0,0
26.263737,26.261059,122,141,19,147,82,2,68,186,0,0,0,0,0,0,0,0
26.318682,26.298164,122,142,18,147,82,2,68,186,0,0,0,0,0,0,0,0
26.318682,26.306885,123,142,18,146,60,1,76,192,0,0,0,0,0,0,0,0
26.373627,26.370941,123,143,18,147,58,1,57,191,0,0,0,0,0,0,0,0
26.428572,26.407076,122,143,18,148,59,1,79,190,0,0,0,0,0,0,0,0
26.428572,26.415846,122,143,19,147,58,1,72,190,0,0,0,0,0,0,0,0
26.483517,26.479597,122,143,20,149,58,1,72,190,0,0,0,0,0,0,0,0
26.538462,26.515833,122,144,20,150,58,1,69,190,128,0,0,0,0,0,0,0
26.538462,26.525318,122,144,20,150,53,2,74,191,128,0,0,0,0,0,0,0
26.593407,26.589067,122,144,20,150,53,2,74,191,128,0,0,0,0,0,0,0
26.648352,26.625256,122,145,19,149,54,1,87,191,128,0,0,0,0,0,0,0
26.648352,26.634125,122,145,20,148,53,1,76,191,128,0,0,0,0,0,0,0
26.703297,26.697777,122,145,18,147,53,2,76,191,128,0,0,0,0,0,0,0
26.758242,26.734114,122,144,18,150,51,2,79,192,128,0,0,0,0,0,0,0
26.758242,26.742985,122,144,18,150,51,1,90,191,128,0,0,0,0,0,0,0
26.813187,26.806635,122,144,18,150,51,1,90,191,128,0,0,0,0,0,0,0
26.868132,26.843357,122,147,20,152,45,2,96,191,0,0,0,0,0,0,0,0
26.868132,26.852917,122,147,18,152,46,1,80,191,0,0,0,0,0,0,0,0
26.923077,26.916569,122,148,20,151,46,1,87,191,0,0,0,0,0,0,0,0
26.978022,26.952978,122,148,20,151,46,1,87,191,0,0,0,0,0,0,0,0
26.978022,26.961880,122,148,20,151,46,1,87,191,0,0,0,0,0,0,0,0
27.032967,27.025532,122,148,20,151,46,1,87,191,0,0,0,0,0,0,0,0
27.032967,27.034353,122,148,18,150,42,2,80,191,0,0,0,0,0,0,0,0
27.087912,27.070995,122,148,18,150,42,2,80,191,0,0,0,0,0,0,0,0
27.142857,27.134697,122,149,20,149,42,2,88,191,0,0,0,0,0,0,0,0
27.142857,27.143566,122,149,19,151,42,2,88,191,128,0,0,0,0,0,0,0
27.197802,27.180878,122,149,18,150,42,2,83,191,128,0,0,0,0,0,0,0
27.252747,27.244528,120,149,19,150,42,1,85,187,128,0,0,0,0,0,0,0
27.252747,27.253349,121,149,19,152,43,2,79,190,128,0,0,0,0,0,0,0
27.307692,27.289942,121,150,19,153,42,1,88,190,128,0,0,0,0,0,0,0
27.362637,27.353643,121,150,19,153,42,1,73,189,128,0,0,0,0,0,0,0
27.362637,27.362926,121,150,19,154,49,1,87,190,128,0,0,0,0,0,0,0
27.417582,27.399570,122,150,20,154,52,2,87,190,0,0,0,0,0,0,0,0
27.472527,27.464035,119,150,20,154,52,2,64,188,0,0,0,0,0,0,0,0
27.472527,27.472805,122,150,21,154,55,1,70,190,0,0,0,0,0,0,0,0
27.527473,27.509247,122,150,21,156,58,2,48,190,0,0,0,0,0,0,0,0
27.582418,27.572895,122,151,21,154,59,1,63,190,0,0,0,0,0,0,0,0
27.582418,27.581665,122,151,21,154,59,1,63,190,0,0,0,0,0,0,0,0
27.637363,27.618160,121,152,20,154,59,1,67,190,0,0,0,0,0,0,0,0
27.692308,27.681807,121,152,20,154,59,1,67,190,128,0,0,0,0,0,0,0
27.692308,27.691292,120,152,21,154,59,1,67,190,128,0,0,0,0,0,0,0
27.747253,27.727886,121,152,21,154,59,1,63,190,128,0,0,0,0,0,0,0
27.802198,27.791584,121,152,20,153,59,1,80,190,128,0,0,0,0,0,0,0
27.802198,27.800356,122,152,20,154,58,1,62,190,128,0,0,0,0,0,0,0
27.857143,27.836796,122,152,19,154,58,2,76,190,128,0,0,0,0,0,0,0
27.912088,27.900507,122,152,18,151,57,1,76,190,128,0,0,0,0,0,0,0
27.912088,27.909779,122,151,20,154,57,1,65,191,128,0,0,0,0,0,0,0
27.967033,27.946373,123,152,20,154,54,1,84,192,0,0,0,0,0,0,0,0
28.021978,28.010839,122,152,20,151,53,1,69,191,0,0,0,0,0,0,0,0
28.021978,28.019556,122,152,19,153,54,1,85,191,0,0,0,0,0,0,0,0
28.076923,28.056049,122,152,18,152,53,2,72,191,0,0,0,0,0,0,0,0
28.131868,28.119810,122,152,18,152,53,2,72,191,0,0,0,0,0,0,0,0
28.131868,28.128674,122,152,19,153,53,2,72,191,0,0,0,0,0,0,0,0
28.186813,28.165113,122,152,18,152,53,2,74,191,0,0,0,0,0,0,0,0
28.241758,28.228762,122,152,18,152,53,1,79,190,0,0,0,0,0,0,0,0
28.241758,28.237736,122,152,18,152,54,1,78,191,128,0,0,0,0,0,0,0
28.296703,28.275047,122,151,19,152,53,1,74,191,128,0,0,0,0,0,0,0
28.351648,28.338696,122,152,18,151,53,1,64,191,128,0,0,0,0,0,0,0
28.351648,28.347618,122,152,19,152,54,2,69,191,128,0,0,0,0,0,0,0
28.406593,28.384161,122,152,19,152,54,2,69,188,128,0,0,0,0,0,0,0
28.461538,28.447861,121,152,18,152,54,2,69,188,128,0,0,0,0,0,0,0
28.461538,28.456734,122,152,18,151,53,1,79,191,128,0,0,0,0,0,0,0
28.516483,28.493534,122,151,19,150,53,1,82,191,0,0,0,0,0,0,0,0
28.571428,28.557945,122,151,20,151,53,2,85,190,0,0,0,0,0,0,0,0
28.571428,28.566719,121,151,18,149,53,2,72,189,0,0,0,0,0,0,0,0
28.626373,28.603004,121,151,19,149,57,0,72,189,0,0,0,0,0,0,0,0
28.681318,28.666704,121,150,19,148,57,0,71,188,0,0,0,0,0,0,0,0
28.681318,28.675785,122,150,19,148,67,0,56,192,0,0,0,0,0,0,0,0
28.736263,28.712122,122,150,20,148,68,2,71,191,0,0,0,0,0,0,0,0
28.791208,28.775820,122,149,19,147,69,1,54,191,0,0,0,0,0,0,0,0
28.791208,28.785103,122,149,18,148,69,1,71,191,0,0,0,0,0,0,0,0
28.846153,28.821341,122,149,18,148,70,1,54,191,128,0,0,0,0,0,0,0
28.901098,28.885698,119,148,20,146,74,1,54,185,128,0,0,0,0,0,0,0
28.901098,28.894833,122,148,20,145,74,1,68,191,128,0,0,0,0,0,0,0
28.956043,28.931067,121,148,20,145,77,1,53,190,128,0,0,0,0,0,0,0
29.010988,28.994713,121,148,18,146,78,1,55,190,128,0,0,0,0,0,0,0
29.010988,29.003691,121,147,18,145,78,1,47,190,128,0,0,0,0,0,0,0
29.065933,29.040085,122,147,18,145,79,2,64,190,128,0,0,0,0,0,0,0
29.120878,29.103779,120,147,18,143,79,2,64,190,128,0,0,0,0,0,0,0
29.120878,29.112858,121,147,17,143,79,2,53,190,0,0,0,0,0,0,0,0
29.175825,29.149862,122,146,17,143,81,1,70,191,0,0,0,0,0,0,0,0
29.230770,29.213507,122,146,17,142,82,1,55,190,0,0,0,0,0,0,0,0
29.230770,29.222483,122,146,17,142,82,1,55,190,0,0,0,0,0,0,0,0
29.285715,29.286179,122,145,18,141,83,1,50,191,0,0,0,0,0,0,0,0
29.340660,29.322468,122,145,17,139,82,2,61,191,0,0,0,0,0,0,0,0
29.340660,29.331600,120,144,18,141,85,2,61,187,0,0,0,0,0,0,0,0
29.395605,29.395350,120,144,18,141,85,1,62,191,0,0,0,0,0,0,0,0
29.450550,29.431532,121,143,18,141,85,1,62,191,0,0,0,0,0,0,0,0
29.450550,29.440407,121,143,18,140,87,1,47,189,128,0,0,0,0,0,0,0
29.505495,29.504820,121,143,17,142,87,2,56,190,128,0,0,0,0,0,0,0
29.560440,29.541058,121,143,17,142,87,2,56,190,128,0,0,0,0,0,0,0
29.560440,29.550032,121,143,18,141,88,2,56,190,128,0,0,0,0,0,0,0
29.615385,29.613886,121,143,17,142,88,2,68,190,128,0,0,0,0,0,0,0
29.670330,29.650120,122,142,18,142,88,1,47,190,128,0,0,0,0,0,0,0
29.670330,29.659201,122,142,18,141,87,1,36,190,0,0,0,0,0,0,0,0
29.725275,29.723663,122,142,18,142,87,1,47,190,0,0,0,0,0,0,0,0
29.780220,29.759899,122,142,18,142,87,1,47,190,0,0,0,0,0,0,0,0
29.780220,29.768978,121,142,18,141,88,2,63,190,0,0,0,0,0,0,0,0
29.835165,29.832727,121,142,18,141,88,2,63,188,0,0,0,0,0,0,0,0
29.890110,29.868967,121,141,17,138,88,2,63,188,0,0,0,0,0,0,0,0
29.890110,29.878298,121,141,17,138,88,1,59,190,0,0,0,0,0,0,0,0
29.945055,29.942146,122,141,17,139,88,2,39,190,0,0,0,0,0,0,0,0
30.000000,29.978388,122,140,17,138,88,2,63,190,128,0,0,0,0,0,0,0
30.000000,29.988029,122,140,17,138,88,1,47,190,128,0,0,0,0,0,0,0
30.054945,30.051775,122,140,17,138,88,1,47,190,128,0,0,0,0,0,0,0
30.109890,30.087965,122,138,17,136,87,1,47,190,128,0,0,0,0,0,0,0
30.109890,30.096939,122,138,17,136,87,1,60,190,128,0,0,0,0,0,0,0
30.164835,30.160845,122,138,17,136,87,1,60,190,128,0,0,0,0,0,0,0
30.219780,30.197079,122,138,18,135,88,1,63,191,128,0,0,0,0,0,0,0
30.219780,30.206158,122,138,18,135,88,1,63,191,128,0,0,0,0,0,0,0
30.274725,30.269955,122,138,18,135,88,1,63,191,128,0,0,0,0,0,0,0
30.329670,30.306295,122,138,18,138,86,1,63,191,128,0,0,0,0,0,0,0
30.329670,30.315166,122,138,18,138,86,1,64,187,0,0,0,0,0,0,0,0
30.384615,30.379734,121,137,18,138,86,1,64,187,0,0,0,0,0,0,0,0
30.439560,30.415970,121,137,18,136,87,2,39,189,0,0,0,0,0,0,0,0
30.439560,30.425255,121,137,18,136,87,2,39,189,0,0,0,0,0,0,0,0
30.494505,30.489157,123,137,15,133,94,1,54,191,0,0,0,0,0,0,0,0
30.549450,30.525393,122,137,17,133,93,1,73,191,0,0,0,0,0,0,0,0
30.549450,30.534369,122,137,17,133,93,1,73,191,128,0,0,0,0,0,0,0
30.604395,30.598835,121,136,16,133,93,1,73,191,128,0,0,0,0,0,0,0
30.659340,30.635019,121,136,16,133,96,1,58,190,128,0,0,0,0,0,0,0
30.659340,30.643995,121,136,16,133,96,1,58,190,128,0,0,0,0,0,0,0
30.714285,30.707594,121,135,18,133,97,2,46,190,128,0,0,0,0,0,0,0
30.769230,30.743828,121,135,18,133,97,2,46,190,128,0,0,0,0,0,0,0
30.769230,30.752907,121,135,18,131,97,2,46,190,128,0,0,0,0,0,0,0
30.824175,30.816605,121,135,18,131,97,2,52,190,128,0,0,0,0,0,0,0
30.879122,30.852997,121,135,18,131,98,1,51,189,0,0,0,0,0,0,0,0
30.879122,30.862791,122,135,18,131,98,1,51,189,0,0,0,0,0,0,0,0
30.934067,30.926437,122,134,17,130,101,2,46,190,0,0,0,0,0,0,0,0
30.989012,30.962675,122,134,17,130,101,2,46,190,0,0,0,0,0,0,0,0
30.989012,30.971954,121,133,18,129,102,2,31,190,0,0,0,0,0,0,0,0
31.043957,31.035604,121,133,18,129,102,2,31,190,0,0,0,0,0,0,0,0
31.098902,31.044476,121,132,17,130,102,2,31,190,0,0,0,0,0,0,0,0
31.098902,31.081020,121,132,17,130,103,1,46,189,0,0,0,0,0,0,0,0
31.153847,31.144665,121,132,18,130,103,1,60,189,128,0,0,0,0,0,0,0
31.153847,31.154102,121,132,18,130,103,1,60,189,128,0,0,0,0,0,0,0
31.208792,31.190647,121,132,15,129,103,1,64,189,128,0,0,0,0,0,0,0
31.263737,31.254293,121,131,17,130,104,2,64,189,128,0,0,0,0,0,0,0
31.263737,31.263069,121,131,16,127,103,2,47,189,128,0,0,0,0,0,0,0
31.318682,31.299303,119,131,16,127,103,1,58,187,128,0,0,0,0,0,0,0
31.373627,31.362947,119,131,16,130,105,1,47,189,128,0,0,0,0,0,0,0
31.373627,31.371719,119,131,16,130,105,1,47,189,128,0,0,0,0,0,0,0
31.428572,31.408005,121,130,15,129,108,2,46,189,0,0,0,0,0,0,0,0
31.483517,31.472370,121,130,15,129,108,2,56,189,0,0,0,0,0,0,0,0
31.483517,31.481293,121,130,17,130,107,2,56,189,0,0,0,0,0,0,0,0
31.538462,31.517584,121,130,17,130,107,2,41,189,0,0,0,0,0,0,0,0
31.593407,31.581333,121,130,17,130,107,2,41,189,0,0,0,0,0,0,0,0
31.593407,31.590153,121,130,15,128,108,1,42,190,0,0,0,0,0,0,0,0
31.648352,31.626541,121,129,15,130,107,2,62,190,0,0,0,0,0,0,0,0
31.703297,31.690403,121,129,15,130,107,2,62,190,0,0,0,0,0,0,0,0
31.703297,31.699165,121,130,17,130,108,1,62,190,0,0,0,0,0,0,0,0
31.758242,31.735657,122,130,17,130,108,1,59,190,128,0,0,0,0,0,0,0
31.813187,31.800455,122,130,16,130,108,1,37,191,128,0,0,0,0,0,0,0
31.813187,31.809198,121,130,16,131,107,1,51,189,128,0,0,0,0,0,0,0
31.868132,31.845438,121,130,17,131,108,1,40,190,128,0,0,0,0,0,0,0
31.923077,31.909136,122,130,18,133,109,1,51,190,128,0,0,0,0,0,0,0
31.923077,31.918215,122,130,17,133,108,1,48,190,128,0,0,0,0,0,0,0
31.978022,31.954500,122,130,17,133,108,1,48,191,128,0,0,0,0,0,0,0
32.032967,32.018200,122,131,17,133,108,1,48,191,128,0,0,0,0,0,0,0
32.032967,32.027332,122,131,17,133,109,1,60,190,0,0,0,0,0,0,0,0
32.087914,32.064281,119,131,17,136,108,1,47,187,0,0,0,0,0,0,0,0
32.142857,32.128178,119,131,18,134,107,1,71,189,0,0,0,0,0,0,0,0
32.142857,32.137367,121,132,18,136,95,1,57,191,0,0,0,0,0,0,0,0
32.197803,32.173599,121,132,18,136,95,1,57,191,0,0,0,0,0,0,0,0
32.252747,32.237301,122,132,17,135,91,1,57,191,0,0,0,0,0,0,0,0
32.252747,32.246330,122,132,17,135,91,1,56,191,0,0,0,0,0,0,0,0
32.307693,32.282822,122,132,17,135,91,1,56,191,0,0,0,0,0,0,0,0
32.362637,32.346516,122,132,18,137,91,1,57,190,128,0,0,0,0,0,0,0
32.362637,32.356415,122,132,18,137,91,1,57,190,128,0,0,0,0,0,0,0
32.417583,32.392651,122,133,18,136,88,1,63,191,128,0,0,0,0,0,0,0
32.472527,32.456345,122,133,18,136,88,1,63,191,128,0,0,0,0,0,0,0
32.472527,32.465374,122,134,17,137,88,1,76,191,128,0,0,0,0,0,0,0
32.527473,32.501713,122,134,18,137,87,1,63,191,128,0,0,0,0,0,0,0
32.582417,32.565460,122,134,18,136,88,1,64,191,0,0,0,0,0,0,0,0
32.582417,32.575260,122,134,18,136,88,1,64,191,0,0,0,0,0,0,0,0
32.637363,32.611599,121,134,17,135,81,2,72,192,0,0,0,0,0,0,0,0
32.692307,32.675446,123,134,17,135,79,1,71,192,0,0,0,0,0,0,0,0
32.692307,32.684681,123,134,17,135,79,1,71,191,0,0,0,0,0,0,0,0
32.747253,32.720966,122,134,18,138,79,1,71,191,0,0,0,0,0,0,0,0
32.802197,32.784763,122,134,18,138,79,1,75,191,0,0,0,0,0,0,0,0
32.802197,32.793747,122,134,18,138,79,1,75,191,0,0,0,0,0,0,0,0
32.857143,32.829987,122,134,18,138,79,1,71,188,128,0,0,0,0,0,0,0
32.912086,32.894341,122,134,18,138,79,1,71,188,128,0,0,0,0,0,0,0
32.912086,32.903572,121,135,18,141,79,1,71,188,128,0,0,0,0,0,0,0
32.967033,32.939865,122,136,18,139,80,1,71,190,128,0,0,0,0,0,0,0
33.021976,33.003555,121,136,17,139,80,1,77,190,128,0,0,0,0,0,0,0
33.021976,33.012791,121,136,17,141,79,2,66,189,128,0,0,0,0,0,0,0
33.076923,33.076488,121,136,18,142,84,1,84,192,128,0,0,0,0,0,0,0
33.131866,33.112720,121,136,18,142,84,1,84,192,128,0,0,0,0,0,0,0
33.131866,33.121803,122,137,18,144,85,2,74,192,128,0,0,0,0,0,0,0
33.186813,33.185658,122,138,18,143,86,1,74,191,0,0,0,0,0,0,0,0
33.241756,33.222607,122,138,17,144,86,1,63,191,0,0,0,0,0,0,0,0
33.241756,33.232048,122,139,17,144,85,1,68,192,0,0,0,0,0,0,0,0
33.296703,33.295689,122,139,19,145,86,1,49,191,0,0,0,0,0,0,0,0
33.351650,33.331924,122,139,19,145,86,1,49,191,0,0,0,0,0,0,0,0
33.351650,33.340954,119,139,18,149,86,2,49,190,0,0,0,0,0,0,0,0
33.406593,33.404652,119,139,18,149,86,2,49,190,0,0,0,0,0,0,0,0
33.461540,33.440788,121,141,18,148,86,2,49,190,0,0,0,0,0,0,0,0
33.461540,33.450020,121,141,18,148,86,1,64,190,128,0,0,0,0,0,0,0
33.516483,33.514435,121,141,18,148,86,1,64,190,128,0,0,0,0,0,0,0
33.571430,33.550617,121,141,18,147,86,2,68,191,128,0,0,0,0,0,0,0
33.571430,33.559750,122,142,18,147,77,1,63,188,128,0,0,0,0,0,0,0
33.626373,33.623497,122,142,18,147,77,1,63,188,128,0,0,0,0,0,0,0
33.681320,33.659683,123,142,20,147,64,1,63,188,128,0,0,0,0,0,0,0
33.681320,33.668762,123,142,20,147,64,1,63,192,128,0,0,0,0,0,0,0
33.736263,33.732563,122,144,19,147,64,1,63,192,128,0,0,0,0,0,0,0
33.791210,33.768795,122,144,19,147,63,1,79,191,0,0,0,0,0,0,0,0
33.791210,33.778748,122,144,19,147,63,2,84,186,0,0,0,0,0,0,0,0
33.846153,33.842495,122,144,19,147,63,2,84,186,0,0,0,0,0,0,0,0
33.901100,33.878830,122,144,18,147,56,1,87,186,0,0,0,0,0,0,0,0
33.901100,33.887810,122,144,18,147,56,1,87,191,0,0,0,0,0,0,0,0
33.956043,33.951611,123,145,17,148,56,1,87,191,0,0,0,0,0,0,0,0
34.010990,33.987846,123,145,17,148,57,2,74,191,0,0,0,0,0,0,0,0
34.010990,33.997036,123,145,17,148,57,2,74,191,0,0,0,0,0,0,0,0
34.065933,34.060776,122,145,18,147,56,1,70,190,128,0,0,0,0,0,0,0
34.120880,34.097725,121,145,18,148,56,2,86,191,128,0,0,0,0,0,0,0
34.120880,34.106983,121,145,18,148,56,2,86,191,128,0,0,0,0,0,0,0
34.175823,34.170658,122,146,19,150,56,2,86,191,128,0,0,0,0,0,0,0
34.230770,34.206841,122,145,20,150,56,1,98,191,128,0,0,0,0,0,0,0
34.230770,34.215923,122,145,20,150,57,1,79,191,128,0,0,0,0,0,0,0
34.285713,34.279778,122,146,19,152,57,1,97,186,0,0,0,0,0,0,0,0
34.340660,34.316673,119,146,18,149,55,1,73,188,0,0,0,0,0,0,0,0
34.340660,34.325909,121,147,18,150,65,2,82,188,0,0,0,0,0,0,0,0
34.395603,34.389656,122,147,18,149,68,1,82,192,0,0,0,0,0,0,0,0
34.450550,34.425888,122,147,18,149,68,1,63,190,0,0,0,0,0,0,0,0
34.450550,34.434917,122,147,18,149,68,1,63,190,0,0,0,0,0,0,0,0
34.505493,34.498566,122,147,18,145,68,1,75,191,0,0,0,0,0,0,0,0
34.560440,34.534801,122,147,18,145,68,1,75,191,0,0,0,0,0,0,0,0
34.560440,34.543983,121,146,17,143,73,1,63,190,0,0,0,0,0,0,0,0
34.615383,34.607731,122,146,18,142,74,1,63,190,128,0,0,0,0,0,0,0
34.670330,34.644630,121,145,17,145,74,1,50,189,128,0,0,0,0,0,0,0
34.670330,34.653767,121,145,18,145,74,1,63,189,128,0,0,0,0,0,0,0
34.725273,34.717461,121,145,18,143,75,1,49,190,128,0,0,0,0,0,0,0
34.780220,34.753696,121,145,18,143,75,1,49,190,128,0,0,0,0,0,0,0
34.780220,34.762726,118,145,17,143,81,1,58,191,128,0,0,0,0,0,0,0
34.835163,34.826374,118,145,17,143,81,1,58,191,128,0,0,0,0,0,0,0
34.890110,34.862762,122,145,18,146,86,1,58,191,128,0,0,0,0,0,0,0
34.890110,34.871891,122,145,19,143,86,1,50,191,0,0,0,0,0,0,0,0
34.945053,34.936203,122,145,19,143,85,2,58,191,0,0,0,0,0,0,0,0
35.000000,34.972488,122,145,19,143,85,2,58,191,0,0,0,0,0,0,0,0
35.000000,34.981464,122,144,17,144,85,1,49,190,0,0,0,0,0,0,0,0
35.054947,35.045113,122,144,17,144,85,1,49,190,0,0,0,0,0,0,0,0
35.054947,35.053883,122,144,19,142,86,1,48,190,0,0,0,0,0,0,0,0
35.109890,35.090790,122,144,19,142,86,1,48,190,0,0,0,0,0,0,0,0
35.164837,35.154434,122,144,19,142,86,1,48,190,0,0,0,0,0,0,0,0
35.164837,35.163204,122,143,19,142,86,1,48,190,0,0,0,0,0,0,0,0
35.219780,35.199848,122,143,17,141,86,2,66,187,128,0,0,0,0,0,0,0
35.274727,35.264160,122,143,17,141,86,2,66,187,128,0,0,0,0,0,0,0
35.274727,35.272934,121,142,17,139,86,1,64,190,128,0,0,0,0,0,0,0
35.329670,35.309582,121,142,17,139,86,1,64,190,128,0,0,0,0,0,0,0
35.384617,35.373226,122,142,18,139,86,1,64,190,128,0,0,0,0,0,0,0
35.384617,35.382099,121,142,18,139,88,1,48,190,128,0,0,0,0,0,0,0
35.439560,35.418388,121,142,18,141,90,1,62,190,0,0,0,0,0,0,0,0
35.494507,35.482750,121,142,18,141,90,1,62,190,0,0,0,0,0,0,0,0
35.494507,35.491623,121,141,18,140,89,1,58,190,0,0,0,0,0,0,0,0
35.549450,35.527912,121,141,18,140,89,1,58,190,0,0,0,0,0,0,0,0
35.604397,35.591663,122,140,18,138,90,1,58,190,0,0,0,0,0,0,0,0
35.604397,35.600483,122,140,18,138,90,2,64,190,0,0,0,0,0,0,0,0
35.659340,35.636772,122,140,18,138,90,2,55,190,0,0,0,0,0,0,0,0
35.714287,35.700520,122,140,17,136,89,1,64,190,0,0,0,0,0,0,0,0
35.714287,35.709393,121,140,17,138,88,1,63,191,128,0,0,0,0,0,0,0
35.769230,35.746349,122,139,17,137,89,1,47,191,128,0,0,0,0,0,0,0
35.824177,35.810062,122,139,18,137,90,1,47,191,128,0,0,0,0,0,0,0
35.824177,35.818760,122,139,18,137,90,1,65,190,128,0,0,0,0,0,0,0
35.879120,35.854946,121,138,18,137,90,1,65,190,128,0,0,0,0,0,0,0
35.934067,35.918800,121,138,18,137,90,1,64,190,128,0,0,0,0,0,0,0
35.934067,35.928391,121,138,18,137,90,1,64,190,128,0,0,0,0,0,0,0
35.989010,35.966114,119,138,17,137,90,2,48,189,128,0,0,0,0,0,0,0
36.043957,36.030220,121,139,17,136,91,1,55,190,128,0,0,0,0,0,0,0
36.043957,36.039040,121,139,17,136,91,1,55,190,0,0,0,0,0,0,0,0
36.098900,36.075993,122,136,17,136,91,1,55,190,0,0,0,0,0,0,0,0
36.153847,36.139610,122,136,17,136,95,1,61,190,0,0,0,0,0,0,0,0
36.153847,36.148357,122,136,17,136,95,1,61,190,0,0,0,0,0,0,0,0
36.208790,36.184647,122,136,18,133,96,1,61,186,0,0,0,0,0,0,0,0
36.263737,36.248291,119,136,18,133,98,1,47,190,0,0,0,0,0,0,0,0
36.263737,36.257317,119,136,18,133,98,1,47,190,0,0,0,0,0,0,0,0
36.318680,36.293659,121,135,17,130,101,1,47,190,0,0,0,0,0,0,0,0
36.373627,36.357357,121,135,17,130,101,2,47,190,128,0,0,0,0,0,0,0
36.373627,36.367153,121,133,17,130,101,2,47,190,128,0,0,0,0,0,0,0
36.428570,36.403439,121,133,17,130,101,1,47,190,128,0,0,0,0,0,0,0
36.483517,36.467083,121,133,17,130,101,1,47,190,128,0,0,0,0,0,0,0
36.483517,36.476112,119,133,17,130,105,1,48,191,128,0,0,0,0,0,0,0
36.538460,36.512402,122,132,17,130,107,1,48,191,128,0,0,0,0,0,0,0
36.593407,36.576149,122,132,17,130,107,1,30,189,128,0,0,0,0,0,0,0
36.593407,36.585537,121,132,18,130,107,1,30,189,128,0,0,0,0,0,0,0
36.648350,36.621975,121,132,18,132,107,2,31,189,0,0,0,0,0,0,0,0
36.703297,36.686489,121,132,18,132,107,2,31,189,0,0,0,0,0,0,0,0
36.703297,36.695572,121,132,17,132,108,1,39,189,0,0,0,0,0,0,0,0
36.758244,36.732010,121,132,17,130,107,1,32,189,0,0,0,0,0,0,0,0
36.813187,36.795910,122,132,18,132,107,1,32,190,0,0,0,0,0,0,0,0
36.813187,36.804993,122,132,15,130,107,1,46,190,0,0,0,0,0,0,0,0
36.868134,36.841602,122,132,15,130,107,1,32,191,0,0,0,0,0,0,0,0
36.923077,36.905437,122,132,15,130,107,1,32,191,0,0,0,0,0,0,0,0
36.923077,36.914722,121,132,16,129,107,1,30,190,128,0,0,0,0,0,0,0
36.978024,36.951828,121,132,16,129,107,1,30,190,128,0,0,0,0,0,0,0
37.032967,37.015728,120,131,16,129,103,2,39,190,128,0,0,0,0,0,0,0
37.032967,37.025066,122,131,18,132,95,2,39,192,128,0,0,0,0,0,0,0
37.087914,37.061455,122,131,18,132,95,2,59,192,128,0,0,0,0,0,0,0
37.142857,37.125305,122,131,18,132,95,2,59,192,128,0,0,0,0,0,0,0
37.142857,37.134590,122,131,16,132,93,1,58,190,128,0,0,0,0,0,0,0
37.197803,37.170979,122,131,16,132,93,1,58,190,128,0,0,0,0,0,0,0
37.252747,37.234833,121,130,16,131,93,1,64,190,128,0,0,0,0,0,0,0
37.252747,37.244064,121,130,16,131,93,1,64,190,0,0,0,0,0,0,0,0
37.307693,37.281166,122,131,17,133,90,1,64,190,0,0,0,0,0,0,0,0
37.362637,37.345020,122,131,17,133,90,2,64,191,0,0,0,0,0,0,0,0
37.362637,37.354149,122,131,17,133,90,2,59,191,0,0,0,0,0,0,0,0
37.417583,37.390591,122,131,17,133,90,2,59,191,0,0,0,0,0,0,0,0
37.472527,37.454441,122,132,18,134,91,1,63,186,128,0,0,0,0,0,0,0
