0.000000,0.000000,121,255,86,255,23,0,58,189,0,0,0,0,0,0,0,0
0.000000,0.009273,121,255,86,255,22,0,58,189,0,0,0,0,0,0,0,0
0.054945,0.046276,121,255,86,255,22,1,49,190,128,0,0,0,0,0,0,0
0.109890,0.111819,121,255,86,255,22,1,49,190,128,0,0,0,0,0,0,0
0.109890,0.121201,121,255,85,255,23,2,51,189,128,0,0,0,0,0,0,0
0.164835,0.158206,121,255,85,255,23,1,63,190,128,0,0,0,0,0,0,0
0.219780,0.222314,121,255,85,255,23,1,63,190,128,0,0,0,0,0,0,0
0.219780,0.231649,121,255,84,255,22,1,63,190,128,0,0,0,0,0,0,0
0.274725,0.268908,121,255,84,255,22,1,55,190,128,0,0,0,0,0,0,0
0.329670,0.333116,121,255,85,255,22,1,55,190,128,0,0,0,0,0,0,0
0.329670,0.342300,121,255,85,255,23,1,53,189,0,0,0,0,0,0,0,0
0.384615,0.380172,121,255,84,255,22,1,72,190,0,0,0,0,0,0,0,0
0.439560,0.444283,121,255,84,255,22,1,72,190,0,0,0,0,0,0,0,0
0.494505,0.481489,121,255,84,255,23,2,79,190,0,0,0,0,0,0,0,0
0.494505,0.490617,121,255,84,255,23,2,64,190,0,0,0,0,0,0,0,0
0.549451,0.554620,121,255,84,255,23,2,64,189,0,0,0,0,0,0,0,0
0.604396,0.591269,121,255,84,255,23,1,63,189,0,0,0,0,0,0,0,0
0.604396,0.600396,121,255,84,255,23,1,63,189,0,0,0,0,0,0,0,0
0.659341,0.664452,121,255,82,255,23,1,55,190,128,0,0,0,0,0,0,0
0.714286,0.701819,121,255,82,255,23,1,72,190,128,0,0,0,0,0,0,0
0.714286,0.711303,121,255,82,255,23,1,72,190,128,0,0,0,0,0,0,0
0.769231,0.775361,121,255,81,255,23,2,72,190,128,0,0,0,0,0,0,0
0.824176,0.812004,121,255,81,255,23,2,72,189,128,0,0,0,0,0,0,0
0.824176,0.821185,121,255,81,255,23,2,72,189,128,0,0,0,0,0,0,0
0.879121,0.885240,121,255,81,255,23,1,71,189,128,0,0,0,0,0,0,0
0.934066,0.921885,121,255,81,255,23,1,64,190,0,0,0,0,0,0,0,0
0.934066,0.931684,121,255,81,255,23,1,64,190,0,0,0,0,0,0,0,0
0.989011,0.995893,121,255,80,255,22,1,70,189,0,0,0,0,0,0,0,0
1.043956,1.032692,121,255,80,255,22,1,70,189,0,0,0,0,0,0,0,0
1.043956,1.041873,121,255,80,255,22,1,55,189,0,0,0,0,0,0,0,0
1.098901,1.105826,121,255,80,255,22,1,73,189,0,0,0,0,0,0,0,0
1.153846,1.142626,121,255,80,255,23,1,55,190,0,0,0,0,0,0,0,0
1.153846,1.151752,121,255,79,255,23,1,77,189,0,0,0,0,0,0,0,0
1.208791,1.216269,121,255,80,255,22,1,66,189,128,0,0,0,0,0,0,0
1.263736,1.253686,121,255,80,255,22,1,66,189,128,0,0,0,0,0,0,0
1.263736,1.262866,121,255,79,255,23,1,66,189,128,0,0,0,0,0,0,0
1.318681,1.327330,121,255,79,255,23,1,68,189,128,0,0,0,0,0,0,0
1.373626,1.364026,121,255,80,255,23,1,68,189,128,0,0,0,0,0,0,0
1.373626,1.373210,121,255,80,255,22,1,74,189,128,0,0,0,0,0,0,0
1.428571,1.437625,121,255,80,255,22,1,55,190,128,0,0,0,0,0,0,0
1.483516,1.474369,121,255,78,255,22,1,78,189,128,0,0,0,0,0,0,0
1.483516,1.483502,121,255,78,255,22,1,64,190,128,0,0,0,0,0,0,0
1.538462,1.548016,121,255,78,255,22,1,64,190,0,0,0,0,0,0,0,0
1.593407,1.585380,121,255,78,255,22,1,64,190,0,0,0,0,0,0,0,0
1.593407,1.594560,121,255,78,255,22,1,72,189,0,0,0,0,0,0,0,0
1.648352,1.658975,121,255,78,255,22,1,72,189,0,0,0,0,0,0,0,0
1.703297,1.695670,121,255,78,255,22,1,72,190,0,0,0,0,0,0,0,0
1.703297,1.704851,121,255,77,255,23,1,55,190,0,0,0,0,0,0,0,0
1.758242,1.769267,121,255,77,255,23,1,74,190,0,0,0,0,0,0,0,0
1.813187,1.805911,121,255,77,255,23,1,74,190,128,0,0,0,0,0,0,0
1.813187,1.815809,121,255,77,255,23,1,55,189,128,0,0,0,0,0,0,0
1.868132,1.880327,121,255,77,255,23,1,55,189,128,0,0,0,0,0,0,0
1.923077,1.917024,121,255,77,255,23,1,64,189,128,0,0,0,0,0,0,0
1.923077,1.926203,121,255,77,255,23,1,64,189,128,0,0,0,0,0,0,0
1.978022,1.990617,121,255,77,255,23,0,72,190,128,0,0,0,0,0,0,0
2.032967,2.027369,121,255,76,255,23,1,57,189,128,0,0,0,0,0,0,0
2.032967,2.036495,121,255,76,255,23,1,57,189,128,0,0,0,0,0,0,0
2.087912,2.073663,121,255,75,255,22,1,76,189,0,0,0,0,0,0,0,0
2.142857,2.138476,121,255,75,255,22,1,58,189,0,0,0,0,0,0,0,0
2.142857,2.147709,121,255,75,255,22,1,58,189,0,0,0,0,0,0,0,0
2.197802,2.184660,121,255,75,255,23,1,55,189,0,0,0,0,0,0,0,0
2.252747,2.248692,121,255,76,255,23,1,78,190,0,0,0,0,0,0,0,0
2.252747,2.257797,121,255,75,255,23,2,64,189,0,0,0,0,0,0,0,0
2.307692,2.295054,121,255,75,255,22,1,63,189,0,0,0,0,0,0,0,0
2.362637,2.359214,121,255,75,255,22,1,63,189,0,0,0,0,0,0,0,0
2.362637,2.368344,121,255,74,255,22,1,63,189,0,0,0,0,0,0,0,0
2.417583,2.405296,121,255,74,255,23,1,61,189,128,0,0,0,0,0,0,0
2.472528,2.470017,121,255,74,255,22,1,80,190,128,0,0,0,0,0,0,0
2.472528,2.479249,121,255,74,255,23,2,59,189,128,0,0,0,0,0,0,0
2.527472,2.516255,121,255,74,255,23,2,59,189,128,0,0,0,0,0,0,0
2.582417,2.580310,121,255,74,255,23,2,59,189,128,0,0,0,0,0,0,0
2.582417,2.589644,121,255,73,255,23,2,59,189,128,0,0,0,0,0,0,0
2.637363,2.626597,121,255,73,255,23,2,63,189,0,0,0,0,0,0,0,0
2.692308,2.691422,121,255,73,255,23,2,63,189,0,0,0,0,0,0,0,0
2.692308,2.700703,121,255,73,255,23,2,63,189,0,0,0,0,0,0,0,0
2.747253,2.737706,121,255,72,255,23,1,75,189,0,0,0,0,0,0,0,0
2.802198,2.801793,121,255,71,255,22,1,55,190,0,0,0,0,0,0,0,0
2.802198,2.811097,121,255,73,255,23,1,73,190,0,0,0,0,0,0,0,0
2.857143,2.848203,121,255,73,255,23,1,73,189,0,0,0,0,0,0,0,0
2.912088,2.912361,121,255,71,255,23,1,73,189,0,0,0,0,0,0,0,0
2.912088,2.921542,121,255,71,255,23,2,63,189,128,0,0,0,0,0,0,0
2.967033,2.959212,121,255,71,255,23,2,63,189,128,0,0,0,0,0,0,0
3.021978,3.023371,121,254,71,255,23,1,61,189,128,0,0,0,0,0,0,0
3.021978,3.032603,121,255,71,255,23,2,73,189,128,0,0,0,0,0,0,0
3.076923,3.069605,121,255,70,255,22,1,55,189,128,0,0,0,0,0,0,0
3.131868,3.133614,121,255,71,255,23,1,55,189,128,0,0,0,0,0,0,0
3.131868,3.142844,121,255,71,255,23,1,71,189,128,0,0,0,0,0,0,0
3.186813,3.180002,121,255,71,255,23,1,71,189,128,0,0,0,0,0,0,0
3.241758,3.244108,121,255,70,255,22,1,63,189,0,0,0,0,0,0,0,0
3.241758,3.254006,121,255,70,255,22,1,63,189,0,0,0,0,0,0,0,0
3.296703,3.291011,121,255,69,255,23,2,56,189,0,0,0,0,0,0,0,0
3.351648,3.355117,121,255,69,255,23,2,56,189,0,0,0,0,0,0,0,0
3.406593,3.392077,121,255,69,255,23,2,56,189,0,0,0,0,0,0,0,0
3.406593,3.401358,121,255,69,255,23,2,56,189,0,0,0,0,0,0,0,0
3.461539,3.465310,121,255,69,255,23,2,77,189,0,0,0,0,0,0,0,0
3.516484,3.502032,121,255,69,255,23,2,77,189,0,0,0,0,0,0,0,0
3.516484,3.511184,121,255,68,255,22,1,55,190,128,0,0,0,0,0,0,0
3.571429,3.575906,121,255,68,255,22,1,55,190,128,0,0,0,0,0,0,0
3.626374,3.612704,121,255,69,255,23,1,58,190,128,0,0,0,0,0,0,0
3.626374,3.621834,121,255,67,255,22,1,58,189,128,0,0,0,0,0,0,0
3.681319,3.685891,121,255,67,255,22,1,74,190,128,0,0,0,0,0,0,0
3.736264,3.722642,121,255,67,255,22,1,74,190,128,0,0,0,0,0,0,0
3.736264,3.731818,121,255,68,255,23,1,57,189,128,0,0,0,0,0,0,0
3.791209,3.795829,121,255,68,255,23,1,57,189,128,0,0,0,0,0,0,0
3.846154,3.832419,121,255,68,255,23,1,49,189,128,0,0,0,0,0,0,0
3.846154,3.841546,121,255,68,255,23,1,49,189,0,0,0,0,0,0,0,0
3.901099,3.906372,121,255,68,255,22,1,49,189,0,0,0,0,0,0,0,0
3.956044,3.943169,121,255,66,255,22,1,64,190,0,0,0,0,0,0,0,0
3.956044,3.952298,121,255,66,255,22,1,63,190,0,0,0,0,0,0,0,0
4.010989,4.016412,121,255,66,255,22,1,63,190,0,0,0,0,0,0,0,0
4.065934,4.053105,121,255,67,255,23,1,53,189,0,0,0,0,0,0,0,0
4.065934,4.062285,121,255,67,255,23,1,53,189,0,0,0,0,0,0,0,0
4.120879,4.126341,121,255,65,255,23,0,53,189,0,0,0,0,0,0,0,0
4.175824,4.163051,121,255,65,255,23,0,64,189,128,0,0,0,0,0,0,0
4.175824,4.172884,121,255,65,255,23,0,64,189,128,0,0,0,0,0,0,0
4.230769,4.237453,121,255,65,255,23,0,64,189,128,0,0,0,0,0,0,0
4.285714,4.274150,121,255,65,255,23,2,63,189,128,0,0,0,0,0,0,0
4.285714,4.283381,121,255,65,255,23,2,63,189,128,0,0,0,0,0,0,0
4.340659,4.348001,121,255,65,255,23,0,64,189,128,0,0,0,0,0,0,0
4.395605,4.384697,121,255,64,255,22,1,64,189,128,0,0,0,0,0,0,0
4.395605,4.394085,121,255,65,255,23,1,63,189,0,0,0,0,0,0,0,0
4.450550,4.459008,121,255,64,255,23,1,74,190,0,0,0,0,0,0,0,0
4.505495,4.495655,121,255,64,255,22,1,59,189,0,0,0,0,0,0,0,0
4.505495,4.505040,121,255,64,255,22,1,59,189,0,0,0,0,0,0,0,0
4.560440,4.569306,121,255,63,255,23,2,55,189,0,0,0,0,0,0,0,0
4.615385,4.605895,121,255,63,255,23,2,55,189,0,0,0,0,0,0,0,0
4.615385,4.615332,121,255,64,255,23,0,55,189,0,0,0,0,0,0,0,0
4.670330,4.679643,121,255,64,255,23,0,68,190,128,0,0,0,0,0,0,0
4.725275,4.717005,121,255,64,255,23,0,68,190,128,0,0,0,0,0,0,0
4.725275,4.726443,121,255,64,255,22,1,80,189,128,0,0,0,0,0,0,0
4.780220,4.790652,121,255,62,255,22,1,62,189,128,0,0,0,0,0,0,0
4.835165,4.827403,121,255,62,255,22,1,62,189,128,0,0,0,0,0,0,0
4.835165,4.836938,121,255,62,255,22,1,64,189,128,0,0,0,0,0,0,0
4.890110,4.901151,121,255,61,255,23,1,64,189,128,0,0,0,0,0,0,0
4.945055,4.937846,121,255,62,255,22,1,59,189,128,0,0,0,0,0,0,0
4.945055,4.947180,121,255,62,255,22,1,66,190,0,0,0,0,0,0,0,0
5.000000,4.984604,121,255,62,255,22,1,66,190,0,0,0,0,0,0,0,0
5.054945,5.048801,121,255,62,255,23,2,76,189,0,0,0,0,0,0,0,0
5.054945,5.058241,121,255,61,255,23,1,64,189,0,0,0,0,0,0,0,0
5.109890,5.095040,121,255,61,255,23,1,64,189,0,0,0,0,0,0,0,0
5.164835,5.159144,121,255,60,255,22,1,64,189,0,0,0,0,0,0,0,0
5.164835,5.168736,121,255,60,255,22,1,64,190,0,0,0,0,0,0,0,0
5.219780,5.205535,121,255,61,255,22,1,64,190,0,0,0,0,0,0,0,0
5.274725,5.269590,121,255,61,255,24,2,75,189,128,0,0,0,0,0,0,0
5.274725,5.279643,121,255,60,255,22,1,64,190,128,0,0,0,0,0,0,0
5.329670,5.316492,121,255,59,255,23,1,63,189,128,0,0,0,0,0,0,0
5.384615,5.380598,121,255,59,255,22,1,66,190,128,0,0,0,0,0,0,0
5.384615,5.390347,121,255,59,255,22,1,66,190,128,0,0,0,0,0,0,0
5.439560,5.427248,121,255,59,255,23,1,66,190,128,0,0,0,0,0,0,0
5.494505,5.491355,121,255,59,255,23,1,68,189,128,0,0,0,0,0,0,0
5.494505,5.500792,121,255,59,255,24,2,51,189,128,0,0,0,0,0,0,0
5.549450,5.537538,121,255,58,255,22,1,63,189,0,0,0,0,0,0,0,0
5.604395,5.602602,121,255,59,255,23,2,72,189,0,0,0,0,0,0,0,0
5.604395,5.611799,121,255,59,255,23,2,72,189,0,0,0,0,0,0,0,0
5.659341,5.648547,121,255,59,255,23,2,76,189,0,0,0,0,0,0,0,0
5.714286,5.712781,121,255,58,255,22,2,76,189,0,0,0,0,0,0,0,0
5.714286,5.721989,121,255,58,255,22,1,52,189,0,0,0,0,0,0,0,0
5.769231,5.758787,121,255,58,255,23,2,63,189,0,0,0,0,0,0,0,0
5.824176,5.822946,121,255,58,255,23,2,63,189,0,0,0,0,0,0,0,0
5.824176,5.832124,121,255,58,255,22,1,58,189,128,0,0,0,0,0,0,0
5.879121,5.869590,121,255,57,255,23,1,77,190,128,0,0,0,0,0,0,0
5.934066,5.933803,121,255,57,255,23,1,77,190,128,0,0,0,0,0,0,0
5.934066,5.943085,121,255,58,255,23,1,77,190,128,0,0,0,0,0,0,0
5.989011,5.979836,121,255,57,255,23,0,63,189,128,0,0,0,0,0,0,0
6.043956,6.043838,121,255,57,255,23,1,73,189,128,0,0,0,0,0,0,0
6.043956,6.053069,121,255,57,255,23,2,47,189,128,0,0,0,0,0,0,0
6.098901,6.089816,121,255,57,255,23,1,63,189,0,0,0,0,0,0,0,0
6.153846,6.154693,121,255,57,255,23,1,64,190,0,0,0,0,0,0,0,0
6.153846,6.164129,121,255,56,255,23,1,59,190,0,0,0,0,0,0,0,0
6.208791,6.201338,121,255,56,255,23,1,59,189,0,0,0,0,0,0,0,0
6.263736,6.265496,121,255,56,255,23,1,59,189,0,0,0,0,0,0,0,0
6.263736,6.274729,121,255,56,255,23,2,64,189,0,0,0,0,0,0,0,0
6.318681,6.311935,121,255,56,255,23,2,64,189,0,0,0,0,0,0,0,0
6.373626,6.375990,121,255,55,255,23,2,72,189,0,0,0,0,0,0,0,0
6.428571,6.412648,121,255,54,255,22,0,58,189,0,0,0,0,0,0,0,0
6.428571,6.422024,121,255,54,255,22,0,58,189,128,0,0,0,0,0,0,0
6.483517,6.486797,121,255,54,255,22,0,58,189,128,0,0,0,0,0,0,0
6.538462,6.523541,121,255,54,255,22,1,53,190,128,0,0,0,0,0,0,0
6.538462,6.533185,121,255,54,255,22,1,53,190,128,0,0,0,0,0,0,0
6.593407,6.597398,121,255,53,255,22,1,64,190,128,0,0,0,0,0,0,0
6.648352,6.634039,121,255,53,255,23,1,63,189,128,0,0,0,0,0,0,0
6.648352,6.643425,121,255,53,255,22,1,74,190,128,0,0,0,0,0,0,0
6.703297,6.707634,121,255,54,255,23,2,59,190,0,0,0,0,0,0,0,0
6.758242,6.744943,121,255,54,255,23,2,59,189,0,0,0,0,0,0,0,0
6.758242,6.754535,121,255,53,255,23,2,59,189,0,0,0,0,0,0,0,0
6.813187,6.818797,121,255,53,255,23,2,64,189,0,0,0,0,0,0,0,0
6.868132,6.855594,121,255,53,255,23,2,64,189,0,0,0,0,0,0,0,0
6.868132,6.864979,121,255,53,255,23,2,69,189,0,0,0,0,0,0,0,0
6.923077,6.929193,121,255,52,255,22,1,53,190,0,0,0,0,0,0,0,0
6.978022,6.965735,121,255,52,255,22,1,53,190,0,0,0,0,0,0,0,0
6.978022,6.975120,121,255,51,255,23,1,53,190,0,0,0,0,0,0,0,0
7.032967,7.039383,121,255,51,255,23,2,64,189,128,0,0,0,0,0,0,0
7.087912,7.076691,121,255,51,255,23,2,64,189,128,0,0,0,0,0,0,0
7.087912,7.086282,121,255,51,255,23,1,72,190,128,0,0,0,0,0,0,0
7.142857,7.150388,121,255,51,255,23,1,55,189,128,0,0,0,0,0,0,0
7.197802,7.187034,121,255,51,255,23,1,63,190,128,0,0,0,0,0,0,0
7.197802,7.196420,121,255,50,255,22,1,52,190,128,0,0,0,0,0,0,0
7.252747,7.260578,121,255,49,255,22,1,52,189,128,0,0,0,0,0,0,0
7.307693,7.297275,121,255,50,255,22,1,55,190,0,0,0,0,0,0,0,0
7.307693,7.307533,121,255,50,255,23,2,68,189,0,0,0,0,0,0,0,0
7.362638,7.371744,121,255,50,255,22,1,54,189,0,0,0,0,0,0,0,0
7.417583,7.408385,121,255,49,255,23,1,74,190,0,0,0,0,0,0,0,0
7.417583,7.417873,121,255,50,255,23,1,64,190,0,0,0,0,0,0,0,0
7.472528,7.482135,121,255,49,255,23,1,55,190,0,0,0,0,0,0,0,0
7.527472,7.518932,121,255,49,255,23,1,55,189,0,0,0,0,0,0,0,0
7.527472,7.528372,121,255,49,255,23,1,68,189,128,0,0,0,0,0,0,0
7.582417,7.565821,121,255,49,255,23,1,68,189,128,0,0,0,0,0,0,0
7.637362,7.629891,121,255,49,255,23,1,79,189,128,0,0,0,0,0,0,0
7.637362,7.639378,121,255,49,255,23,1,79,189,128,0,0,0,0,0,0,0
7.692307,7.676176,121,255,47,255,23,2,59,190,128,0,0,0,0,0,0,0
7.747253,7.740386,121,255,47,255,23,1,65,190,128,0,0,0,0,0,0,0
7.747253,7.749722,121,255,47,255,23,1,65,189,128,0,0,0,0,0,0,0
7.802198,7.786368,121,255,48,255,23,1,65,189,128,0,0,0,0,0,0,0
7.857143,7.850474,121,255,48,255,22,1,63,189,0,0,0,0,0,0,0,0
7.857143,7.860938,121,255,48,255,22,1,63,189,0,0,0,0,0,0,0,0
7.912088,7.897629,121,255,48,255,22,1,59,190,0,0,0,0,0,0,0,0
7.967033,7.961788,121,255,48,255,22,1,59,190,0,0,0,0,0,0,0,0
7.967033,7.971175,121,255,45,255,23,2,56,190,0,0,0,0,0,0,0,0
8.021978,8.007873,121,255,46,255,23,2,56,189,0,0,0,0,0,0,0,0
8.076923,8.072131,121,255,45,255,23,1,73,189,0,0,0,0,0,0,0,0
8.076923,8.081674,121,255,45,255,23,1,56,190,0,0,0,0,0,0,0,0
8.131868,8.118371,121,255,46,255,23,2,59,189,128,0,0,0,0,0,0,0
8.186813,8.183193,121,255,45,255,22,1,64,190,128,0,0,0,0,0,0,0
8.186813,8.192734,121,255,45,255,23,1,51,190,128,0,0,0,0,0,0,0
8.241758,8.229428,121,255,45,255,23,1,64,190,128,0,0,0,0,0,0,0
8.296703,8.293875,121,255,45,255,23,1,64,189,128,0,0,0,0,0,0,0
8.296703,8.303075,121,255,45,255,23,1,64,189,128,0,0,0,0,0,0,0
8.351648,8.339822,121,255,45,255,23,1,63,189,128,0,0,0,0,0,0,0
8.406593,8.404057,121,255,45,255,23,1,63,189,128,0,0,0,0,0,0,0
8.406593,8.413215,121,255,43,255,22,1,55,190,0,0,0,0,0,0,0,0
8.461538,8.450731,121,255,45,255,23,1,71,189,0,0,0,0,0,0,0,0
8.516483,8.514911,121,255,44,255,22,1,51,189,0,0,0,0,0,0,0,0
8.516483,8.524069,121,255,45,255,23,1,51,189,0,0,0,0,0,0,0,0
8.571428,8.560762,121,255,45,255,23,1,63,189,0,0,0,0,0,0,0,0
8.626373,8.625233,121,255,45,255,23,1,63,189,0,0,0,0,0,0,0,0
8.626373,8.634462,121,255,43,255,23,1,59,189,0,0,0,0,0,0,0,0
8.681318,8.671110,121,255,44,255,23,1,64,190,128,0,0,0,0,0,0,0
8.736263,8.736087,121,255,43,255,23,0,55,189,128,0,0,0,0,0,0,0
8.736263,8.745323,121,255,42,255,23,2,65,189,128,0,0,0,0,0,0,0
8.791209,8.782423,121,255,44,255,23,1,65,189,128,0,0,0,0,0,0,0
8.846154,8.846535,121,255,43,255,23,1,47,190,128,0,0,0,0,0,0,0
8.846154,8.855713,121,255,43,255,23,2,63,189,128,0,0,0,0,0,0,0
8.901099,8.893278,121,255,43,255,23,2,63,189,128,0,0,0,0,0,0,0
8.956044,8.957493,121,255,41,255,23,1,59,189,128,0,0,0,0,0,0,0
9.010989,8.994242,121,255,42,255,24,2,64,190,0,0,0,0,0,0,0,0
9.010989,9.004442,121,255,41,255,22,1,53,190,0,0,0,0,0,0,0,0
9.065934,9.068549,121,255,41,255,23,2,53,190,0,0,0,0,0,0,0,0
9.120879,9.105194,121,255,41,255,23,2,67,190,0,0,0,0,0,0,0,0
9.120879,9.114785,121,254,40,255,23,2,50,189,0,0,0,0,0,0,0,0
9.175824,9.179092,121,254,40,255,23,1,63,189,0,0,0,0,0,0,0,0
9.230769,9.215687,121,254,40,255,23,1,63,189,0,0,0,0,0,0,0,0
9.230769,9.225281,121,255,40,255,23,0,59,189,0,0,0,0,0,0,0,0
9.285714,9.289392,121,255,40,255,23,0,59,189,0,0,0,0,0,0,0,0
9.340659,9.326086,121,255,40,255,22,1,59,189,0,0,0,0,0,0,0,0
9.340659,9.335570,121,255,40,255,22,1,54,190,128,0,0,0,0,0,0,0
9.395604,9.400603,121,255,41,255,22,1,70,190,128,0,0,0,0,0,0,0
9.450549,9.437247,121,255,41,255,23,2,51,189,128,0,0,0,0,0,0,0
9.450549,9.446684,121,255,39,255,23,1,68,190,128,0,0,0,0,0,0,0
9.505494,9.510946,121,255,39,255,23,1,68,190,128,0,0,0,0,0,0,0
9.560439,9.547588,121,255,38,255,22,1,59,190,128,0,0,0,0,0,0,0
9.560439,9.557090,121,255,38,255,23,2,59,189,0,0,0,0,0,0,0,0
9.615385,9.622005,121,255,39,255,23,2,64,189,0,0,0,0,0,0,0,0
9.670330,9.658648,121,255,38,255,23,1,55,189,0,0,0,0,0,0,0,0
9.670330,9.668035,121,255,38,255,22,1,66,189,0,0,0,0,0,0,0,0
9.725275,9.732298,121,255,39,255,23,1,47,189,0,0,0,0,0,0,0,0
9.780220,9.768940,121,255,38,255,23,1,60,190,0,0,0,0,0,0,0,0
9.780220,9.778633,121,255,38,255,23,2,43,190,0,0,0,0,0,0,0,0
9.835165,9.842845,121,255,37,255,23,1,43,190,0,0,0,0,0,0,0,0
9.890110,9.879436,121,255,37,255,23,1,61,190,128,0,0,0,0,0,0,0
9.890110,9.889490,121,255,38,255,23,1,61,190,128,0,0,0,0,0,0,0
9.945055,9.953649,121,255,38,255,22,1,54,189,128,0,0,0,0,0,0,0
10.000000,9.990652,121,255,37,255,23,1,72,189,128,0,0,0,0,0,0,0
10.000000,10.000243,121,255,37,255,23,1,72,189,128,0,0,0,0,0,0,0
10.054945,10.064610,121,255,37,255,23,2,63,189,128,0,0,0,0,0,0,0
10.109890,10.101300,121,255,37,255,23,2,63,189,128,0,0,0,0,0,0,0
10.109890,10.110894,121,255,35,255,23,2,63,189,128,0,0,0,0,0,0,0
10.164835,10.147650,121,255,36,255,23,2,51,189,0,0,0,0,0,0,0,0
10.219780,10.212411,121,255,36,255,22,1,66,189,0,0,0,0,0,0,0,0
10.219780,10.221800,121,255,36,255,22,1,66,189,0,0,0,0,0,0,0,0
10.274725,10.258548,121,255,36,255,23,1,63,189,0,0,0,0,0,0,0,0
10.329670,10.322703,121,255,36,255,23,1,63,189,0,0,0,0,0,0,0,0
10.329670,10.332245,121,255,35,255,23,2,63,189,0,0,0,0,0,0,0,0
10.384615,10.369041,121,255,35,255,23,2,55,189,0,0,0,0,0,0,0,0
10.439561,10.433150,121,255,36,255,23,2,64,189,0,0,0,0,0,0,0,0
10.439561,10.442536,121,255,36,255,22,1,55,190,128,0,0,0,0,0,0,0
10.494506,10.480002,121,255,36,255,23,1,68,190,128,0,0,0,0,0,0,0
10.549451,10.544157,121,255,36,255,23,1,68,190,128,0,0,0,0,0,0,0
10.549451,10.553646,121,255,36,255,23,1,59,190,128,0,0,0,0,0,0,0
10.604396,10.590446,121,255,36,255,23,1,59,190,128,0,0,0,0,0,0,0
10.659341,10.654703,121,255,34,255,23,1,59,190,128,0,0,0,0,0,0,0
10.659341,10.664350,121,255,34,255,23,1,47,189,128,0,0,0,0,0,0,0
10.714286,10.701146,121,255,34,255,23,1,62,190,0,0,0,0,0,0,0,0
10.769231,10.765924,121,255,34,255,23,1,48,189,0,0,0,0,0,0,0,0
10.769231,10.775150,121,255,33,255,23,2,61,189,0,0,0,0,0,0,0,0
10.824176,10.811848,121,255,33,255,23,2,61,189,0,0,0,0,0,0,0,0
10.879121,10.875967,121,255,33,255,23,2,61,189,0,0,0,0,0,0,0,0
10.879121,10.885137,121,255,33,255,23,2,47,190,0,0,0,0,0,0,0,0
10.934066,10.922038,121,255,34,255,23,2,47,190,0,0,0,0,0,0,0,0
10.989011,10.986299,121,255,34,255,23,1,48,190,0,0,0,0,0,0,0,0
10.989011,10.995529,121,255,33,255,22,1,55,190,128,0,0,0,0,0,0,0
11.043956,11.033046,121,255,33,255,23,1,64,189,128,0,0,0,0,0,0,0
11.098901,11.097306,121,255,34,255,22,1,62,190,128,0,0,0,0,0,0,0
11.098901,11.106488,121,255,34,255,22,1,62,190,128,0,0,0,0,0,0,0
11.153846,11.143236,121,255,33,255,23,1,62,190,128,0,0,0,0,0,0,0
11.208791,11.207705,121,255,33,255,23,2,43,190,128,0,0,0,0,0,0,0
11.208791,11.216932,121,255,33,255,23,2,43,190,128,0,0,0,0,0,0,0
11.263737,11.254089,121,255,32,255,22,1,44,190,128,0,0,0,0,0,0,0
11.318682,11.318301,121,255,31,255,22,1,51,190,0,0,0,0,0,0,0,0
11.373627,11.355869,121,255,31,255,22,1,51,190,0,0,0,0,0,0,0,0
11.373627,11.365204,122,255,31,253,23,1,51,190,0,0,0,0,0,0,0,0
11.428572,11.429001,121,255,31,251,24,1,54,190,0,0,0,0,0,0,0,0
11.428572,11.437928,121,255,31,251,24,2,76,190,0,0,0,0,0,0,0,0
11.483517,11.474728,121,255,31,249,24,2,58,190,0,0,0,0,0,0,0,0
11.538462,11.538596,121,255,31,249,24,2,58,190,0,0,0,0,0,0,0,0
11.538462,11.547450,121,255,32,247,23,1,48,190,128,0,0,0,0,0,0,0
11.593407,11.585019,121,255,32,246,23,1,46,190,128,0,0,0,0,0,0,0
11.648352,11.649023,121,255,32,246,23,1,46,190,128,0,0,0,0,0,0,0
11.703297,11.685675,121,255,32,246,23,1,46,190,128,0,0,0,0,0,0,0
11.703297,11.694900,121,255,32,246,23,1,64,190,128,0,0,0,0,0,0,0
11.758242,11.759164,121,255,32,246,23,1,64,190,128,0,0,0,0,0,0,0
11.813187,11.795706,121,255,32,246,23,1,66,190,128,0,0,0,0,0,0,0
11.813187,11.804937,121,252,31,246,22,1,50,190,128,0,0,0,0,0,0,0
11.868132,11.868737,121,252,31,246,22,1,50,190,128,0,0,0,0,0,0,0
11.923077,11.905185,121,251,32,243,22,1,50,190,128,0,0,0,0,0,0,0
11.923077,11.914412,122,251,31,242,22,1,49,190,0,0,0,0,0,0,0,0
11.978022,11.979028,121,250,30,242,23,1,63,190,0,0,0,0,0,0,0,0
12.032967,12.015422,122,250,30,239,22,1,64,190,0,0,0,0,0,0,0,0
12.032967,12.024448,122,247,29,237,23,2,51,190,0,0,0,0,0,0,0,0
12.087913,12.088450,121,246,29,234,23,1,66,190,0,0,0,0,0,0,0,0
12.142858,12.124850,122,244,30,233,23,1,47,190,0,0,0,0,0,0,0,0
12.142858,12.133867,122,244,30,233,23,1,47,190,0,0,0,0,0,0,0,0
12.197803,12.197872,122,245,30,233,23,1,47,190,0,0,0,0,0,0,0,0
12.252748,12.206900,121,242,30,231,23,2,56,190,128,0,0,0,0,0,0,0
12.252748,12.244517,121,242,29,232,22,1,63,190,128,0,0,0,0,0,0,0
12.307693,12.308577,122,241,29,230,24,1,68,190,128,0,0,0,0,0,0,0
12.362638,12.344966,121,239,29,230,22,1,47,190,128,0,0,0,0,0,0,0
12.362638,12.354298,122,238,29,230,22,1,64,190,128,0,0,0,0,0,0,0
12.417583,12.418097,122,238,28,231,23,1,64,190,128,0,0,0,0,0,0,0
12.472528,12.454499,122,238,28,231,23,2,49,190,128,0,0,0,0,0,0,0
12.472528,12.463721,121,236,28,231,23,2,49,190,128,0,0,0,0,0,0,0
12.527472,12.527521,121,236,29,230,22,1,64,190,0,0,0,0,0,0,0,0
12.582417,12.564729,121,236,29,230,22,1,64,190,0,0,0,0,0,0,0,0
12.582417,12.574066,121,235,30,229,24,2,65,190,0,0,0,0,0,0,0,0
12.637362,12.637762,122,235,27,228,23,1,65,190,0,0,0,0,0,0,0,0
12.692307,12.674262,121,234,28,226,23,1,51,190,0,0,0,0,0,0,0,0
12.692307,12.683331,122,232,27,226,22,1,63,190,0,0,0,0,0,0,0,0
12.747252,12.747134,122,232,27,224,23,1,48,190,128,0,0,0,0,0,0,0
12.802197,12.784193,122,232,27,224,23,1,48,190,128,0,0,0,0,0,0,0
12.802197,12.793315,121,230,28,222,22,1,58,190,128,0,0,0,0,0,0,0
12.857142,12.857422,122,228,28,222,22,1,51,190,128,0,0,0,0,0,0,0
12.912087,12.893872,122,228,28,221,23,1,51,190,128,0,0,0,0,0,0,0
12.912087,12.902995,122,228,28,221,23,1,66,190,128,0,0,0,0,0,0,0
12.967033,12.966898,122,228,28,221,23,1,44,190,128,0,0,0,0,0,0,0
12.967033,12.975819,121,228,28,221,23,1,44,190,128,0,0,0,0,0,0,0
13.021978,13.012623,121,226,27,220,23,1,64,190,0,0,0,0,0,0,0,0
13.076923,13.077240,121,225,29,218,23,1,52,190,0,0,0,0,0,0,0,0
13.131868,13.113640,122,224,28,218,22,1,64,190,0,0,0,0,0,0,0,0
13.131868,13.122812,122,224,28,218,22,1,64,190,0,0,0,0,0,0,0,0
13.186813,13.186613,122,224,28,218,22,1,64,190,0,0,0,0,0,0,0,0
13.186813,13.195536,121,223,28,218,22,1,64,190,0,0,0,0,0,0,0,0
13.241758,13.232387,121,223,28,216,22,1,64,190,0,0,0,0,0,0,0,0
13.296703,13.296289,121,223,28,216,22,1,64,190,0,0,0,0,0,0,0,0
13.296703,13.305264,122,221,28,216,22,1,64,190,0,0,0,0,0,0,0,0
13.351648,13.342114,122,221,28,216,22,1,64,190,128,0,0,0,0,0,0,0
13.406593,13.406583,122,220,27,215,24,1,64,190,128,0,0,0,0,0,0,0
13.461538,13.443039,122,220,27,215,24,2,63,190,128,0,0,0,0,0,0,0
13.461538,13.452151,122,220,27,215,24,2,63,190,128,0,0,0,0,0,0,0
13.516483,13.515953,122,220,27,215,24,2,63,190,128,0,0,0,0,0,0,0
13.516483,13.524926,122,218,26,213,24,2,71,190,128,0,0,0,0,0,0,0
13.571428,13.561676,122,218,26,213,24,2,71,190,128,0,0,0,0,0,0,0
13.626373,13.625476,121,216,27,212,23,2,71,190,128,0,0,0,0,0,0,0
13.626373,13.634402,121,216,27,212,23,2,63,190,0,0,0,0,0,0,0,0
13.681318,13.671920,122,216,26,212,23,2,63,190,0,0,0,0,0,0,0,0
13.736263,13.735974,122,216,26,209,23,1,58,190,0,0,0,0,0,0,0,0
13.791209,13.772554,122,215,25,208,23,1,64,190,0,0,0,0,0,0,0,0
13.791209,13.781646,122,215,25,208,23,1,64,190,0,0,0,0,0,0,0,0
13.846154,13.845549,122,213,26,207,24,2,63,190,0,0,0,0,0,0,0,0
13.846154,13.854627,121,212,27,206,23,2,63,190,0,0,0,0,0,0,0,0
13.901099,13.891375,122,212,25,206,23,1,60,190,128,0,0,0,0,0,0,0
13.956044,13.955841,122,212,25,206,22,1,55,190,128,0,0,0,0,0,0,0
14.010989,13.992341,122,212,26,205,24,2,72,190,128,0,0,0,0,0,0,0
14.010989,14.001410,122,211,26,205,24,2,51,190,128,0,0,0,0,0,0,0
14.065934,14.065259,121,210,27,206,23,1,63,190,128,0,0,0,0,0,0,0
14.065934,14.074240,121,210,27,206,23,1,63,190,128,0,0,0,0,0,0,0
14.120879,14.111038,121,209,25,206,22,1,63,190,128,0,0,0,0,0,0,0
14.175824,14.174888,121,209,25,206,22,1,55,190,128,0,0,0,0,0,0,0
14.175824,14.183814,121,208,25,206,22,1,55,190,128,0,0,0,0,0,0,0
14.230769,14.220561,121,208,25,206,23,1,47,190,0,0,0,0,0,0,0,0
14.285714,14.285386,121,208,25,204,23,1,63,190,0,0,0,0,0,0,0,0
14.340659,14.321839,121,208,26,201,24,2,56,190,0,0,0,0,0,0,0,0
14.340659,14.330906,122,206,26,201,22,1,56,190,0,0,0,0,0,0,0,0
14.395604,14.394861,122,206,26,201,22,1,55,190,0,0,0,0,0,0,0,0
14.395604,14.403783,121,206,26,201,22,1,55,190,0,0,0,0,0,0,0,0
14.450549,14.440582,121,206,26,199,24,2,51,190,128,0,0,0,0,0,0,0
14.505494,14.505050,121,206,26,199,24,2,51,190,128,0,0,0,0,0,0,0
14.560439,14.541588,121,204,26,200,23,1,64,190,128,0,0,0,0,0,0,0
14.560439,14.550774,122,203,25,199,23,1,57,190,128,0,0,0,0,0,0,0
14.615385,14.614471,122,203,25,199,23,1,57,190,128,0,0,0,0,0,0,0
14.615385,14.623394,122,203,25,199,23,1,57,190,128,0,0,0,0,0,0,0
14.670330,14.660297,122,203,25,199,23,2,46,190,128,0,0,0,0,0,0,0
14.725275,14.723995,122,203,25,199,23,2,46,190,128,0,0,0,0,0,0,0
14.725275,14.732917,122,202,25,202,23,1,64,190,0,0,0,0,0,0,0,0
14.780220,14.770334,122,202,25,202,23,1,64,190,0,0,0,0,0,0,0,0
14.835165,14.834441,121,201,25,198,24,2,68,190,0,0,0,0,0,0,0,0
14.890110,14.871078,122,201,23,198,23,1,68,190,0,0,0,0,0,0,0,0
14.890110,14.880162,122,201,23,198,23,1,55,190,0,0,0,0,0,0,0,0
14.945055,14.944069,122,201,23,198,23,1,55,190,0,0,0,0,0,0,0,0
14.945055,14.952938,122,201,24,195,22,1,53,190,0,0,0,0,0,0,0,0
15.000000,14.989741,122,201,24,195,22,1,53,190,0,0,0,0,0,0,0,0
15.054945,15.053540,121,199,25,195,23,1,68,190,0,0,0,0,0,0,0,0
15.054945,15.062720,121,199,24,195,24,1,54,190,128,0,0,0,0,0,0,0
15.109890,15.100236,121,199,24,195,24,1,54,190,128,0,0,0,0,0,0,0
15.164835,15.164138,122,198,26,195,24,1,54,190,128,0,0,0,0,0,0,0
15.219780,15.200601,122,198,26,195,22,1,64,190,128,0,0,0,0,0,0,0
15.219780,15.209710,122,198,26,195,22,1,64,190,128,0,0,0,0,0,0,0
15.274725,15.273510,122,197,26,193,24,2,75,190,128,0,0,0,0,0,0,0
15.274725,15.282434,122,196,23,195,24,1,58,190,128,0,0,0,0,0,0,0
15.329670,15.319235,122,196,25,192,23,1,58,190,128,0,0,0,0,0,0,0
15.384615,15.383392,121,195,23,193,22,1,71,190,0,0,0,0,0,0,0,0
15.439561,15.420558,121,195,23,193,22,1,64,190,0,0,0,0,0,0,0,0
15.439561,15.429729,121,195,23,193,22,1,64,190,0,0,0,0,0,0,0,0
15.494506,15.493633,121,195,23,190,23,1,68,190,0,0,0,0,0,0,0,0
15.549451,15.530186,121,195,23,190,23,1,68,190,0,0,0,0,0,0,0,0
15.549451,15.539408,122,193,23,186,23,1,63,190,0,0,0,0,0,0,0,0
15.604396,15.603207,121,192,23,187,22,1,63,190,0,0,0,0,0,0,0,0
15.604396,15.612184,122,191,23,187,22,1,64,190,128,0,0,0,0,0,0,0
15.659341,15.649647,122,191,23,187,23,1,53,190,128,0,0,0,0,0,0,0
15.714286,15.713499,122,191,23,190,23,1,70,190,128,0,0,0,0,0,0,0
15.769231,15.749976,122,191,23,190,23,1,70,190,128,0,0,0,0,0,0,0
15.769231,15.758763,122,191,25,189,24,2,63,190,128,0,0,0,0,0,0,0
15.824176,15.822666,122,191,25,189,24,2,63,190,128,0,0,0,0,0,0,0
15.824176,15.831950,121,190,23,188,23,2,63,190,128,0,0,0,0,0,0,0
15.879121,15.868392,122,190,23,188,23,2,57,190,128,0,0,0,0,0,0,0
15.934066,15.932191,121,190,23,188,23,1,70,190,0,0,0,0,0,0,0,0
15.989011,15.969622,122,190,24,187,24,2,64,190,0,0,0,0,0,0,0,0
15.989011,15.978477,122,189,25,186,23,1,63,190,0,0,0,0,0,0,0,0
16.043957,16.042225,122,189,25,186,23,1,63,190,0,0,0,0,0,0,0,0
16.043957,16.051355,121,188,24,185,24,2,63,190,0,0,0,0,0,0,0,0
16.098902,16.087999,121,188,24,185,24,2,63,190,0,0,0,0,0,0,0,0
16.153847,16.151907,122,188,25,185,24,2,63,190,0,0,0,0,0,0,0,0
16.153847,16.161087,122,188,25,185,24,2,64,190,0,0,0,0,0,0,0,0
16.208792,16.197678,122,188,23,186,23,2,63,190,128,0,0,0,0,0,0,0
16.263737,16.262194,122,188,23,186,23,2,63,190,128,0,0,0,0,0,0,0
16.263737,16.271328,121,187,22,184,22,1,60,190,128,0,0,0,0,0,0,0
16.318682,16.307920,121,187,22,184,22,1,60,190,128,0,0,0,0,0,0,0
16.373627,16.371874,121,185,24,183,24,1,60,190,128,0,0,0,0,0,0,0
16.373627,16.381109,122,185,23,183,24,2,64,190,128,0,0,0,0,0,0,0
16.428572,16.417650,121,185,23,182,23,1,63,190,128,0,0,0,0,0,0,0
16.483517,16.481449,121,185,23,184,23,1,72,190,0,0,0,0,0,0,0,0
16.538462,16.518831,121,185,23,184,23,1,53,190,0,0,0,0,0,0,0,0
16.538462,16.527941,121,184,22,184,22,1,66,190,0,0,0,0,0,0,0,0
16.593407,16.591789,121,184,22,184,22,1,66,190,0,0,0,0,0,0,0,0
16.648352,16.628698,121,184,22,184,22,1,64,190,0,0,0,0,0,0,0,0
16.648352,16.637518,122,184,23,184,22,1,64,190,0,0,0,0,0,0,0,0
16.703297,16.701317,122,184,23,182,23,1,76,190,0,0,0,0,0,0,0,0
16.703297,16.710756,122,184,23,182,23,1,76,190,0,0,0,0,0,0,0,0
16.758242,16.747349,122,184,23,182,23,1,76,190,0,0,0,0,0,0,0,0
16.813187,16.811251,122,182,23,178,23,1,64,190,0,0,0,0,0,0,0,0
16.813187,16.820482,122,182,23,178,23,1,64,190,128,0,0,0,0,0,0,0
16.868132,16.857641,122,181,23,178,23,1,64,190,128,0,0,0,0,0,0,0
16.923077,16.921440,122,180,23,178,23,2,72,190,128,0,0,0,0,0,0,0
16.978022,16.958256,122,180,23,177,24,2,50,190,128,0,0,0,0,0,0,0
16.978022,16.967115,122,180,21,176,23,1,63,190,128,0,0,0,0,0,0,0
17.032967,17.030914,121,179,22,175,24,1,56,190,128,0,0,0,0,0,0,0
17.032967,17.040096,121,179,22,175,24,1,56,190,128,0,0,0,0,0,0,0
17.087912,17.076689,121,178,22,175,22,1,56,190,128,0,0,0,0,0,0,0
17.142857,17.140438,121,178,22,175,22,1,80,190,0,0,0,0,0,0,0,0
17.197802,17.177971,122,178,22,175,22,1,80,190,0,0,0,0,0,0,0,0
17.197802,17.186827,122,178,21,173,23,2,77,190,0,0,0,0,0,0,0,0
17.252747,17.250679,122,177,21,176,23,1,64,190,0,0,0,0,0,0,0,0
17.252747,17.259808,121,176,21,174,23,1,61,190,0,0,0,0,0,0,0,0
17.307692,17.296352,121,176,21,174,23,1,61,190,0,0,0,0,0,0,0,0
17.362637,17.360306,121,176,21,174,23,1,68,190,0,0,0,0,0,0,0,0
17.362637,17.369488,122,176,21,174,23,1,68,190,0,0,0,0,0,0,0,0
17.417582,17.406033,122,176,21,174,22,1,74,190,128,0,0,0,0,0,0,0
17.472527,17.470547,122,176,21,174,22,1,74,190,128,0,0,0,0,0,0,0
17.472527,17.479679,122,175,21,174,23,1,61,190,128,0,0,0,0,0,0,0
17.527473,17.516371,122,175,22,173,24,1,74,190,128,0,0,0,0,0,0,0
17.582418,17.580378,122,175,22,173,24,1,74,190,128,0,0,0,0,0,0,0
17.582418,17.589561,122,174,23,173,24,1,74,190,128,0,0,0,0,0,0,0
17.637363,17.626101,122,174,23,173,23,2,61,190,0,0,0,0,0,0,0,0
17.692308,17.690567,121,174,23,173,23,2,61,190,0,0,0,0,0,0,0,0
17.747253,17.727324,121,173,22,172,24,1,55,190,0,0,0,0,0,0,0,0
17.747253,17.736187,122,172,21,170,23,1,76,190,0,0,0,0,0,0,0,0
17.802198,17.799990,122,172,21,168,23,1,64,190,0,0,0,0,0,0,0,0
17.857143,17.781942,122,172,21,166,23,1,64,190,0,0,0,0,0,0,0,0
17.857143,17.845968,122,172,21,166,23,1,87,190,0,0,0,0,0,0,0,0
17.912088,17.909769,121,170,21,166,23,1,87,190,0,0,0,0,0,0,0,0
17.912088,17.918848,121,170,20,168,23,1,57,190,128,0,0,0,0,0,0,0
17.967033,17.956108,121,170,20,168,23,1,57,190,128,0,0,0,0,0,0,0
18.021978,18.019907,122,169,21,166,24,2,50,190,128,0,0,0,0,0,0,0
18.076923,18.056723,122,169,21,165,23,2,63,190,128,0,0,0,0,0,0,0
18.076923,18.065578,122,169,22,166,22,2,63,190,128,0,0,0,0,0,0,0
18.131868,18.129587,122,168,21,166,22,1,74,190,128,0,0,0,0,0,0,0
18.131868,18.138817,122,168,21,165,24,2,71,190,128,0,0,0,0,0,0,0
18.186813,18.175360,122,168,21,165,24,2,71,190,128,0,0,0,0,0,0,0
18.241758,18.239210,122,167,22,165,22,1,64,190,0,0,0,0,0,0,0,0
18.296703,18.276686,122,167,22,165,22,1,64,190,0,0,0,0,0,0,0,0
18.296703,18.285603,122,167,20,163,22,1,64,190,0,0,0,0,0,0,0,0
18.351648,18.349451,121,166,19,161,23,1,64,190,0,0,0,0,0,0,0,0
18.406593,18.331194,122,165,20,161,23,2,59,190,0,0,0,0,0,0,0,0
18.406593,18.395077,121,165,20,161,22,1,74,190,0,0,0,0,0,0,0,0
18.461538,18.458820,121,164,21,159,23,1,57,190,0,0,0,0,0,0,0,0
18.461538,18.467955,121,164,21,159,23,1,57,190,0,0,0,0,0,0,0,0
18.516483,18.504498,122,164,21,159,23,1,64,190,0,0,0,0,0,0,0,0
18.571428,18.568295,122,164,21,159,23,1,64,189,128,0,0,0,0,0,0,0
18.626373,18.605972,120,163,21,161,23,1,64,189,128,0,0,0,0,0,0,0
18.626373,18.614891,122,162,21,161,28,1,66,191,128,0,0,0,0,0,0,0
18.681318,18.678743,122,162,21,160,34,1,55,192,128,0,0,0,0,0,0,0
18.681318,18.687872,122,162,21,160,34,1,55,192,128,0,0,0,0,0,0,0
18.736263,18.724363,122,161,20,158,35,1,46,191,128,0,0,0,0,0,0,0
18.791208,18.788265,122,161,20,158,35,1,46,191,128,0,0,0,0,0,0,0
18.791208,18.797554,119,160,19,155,44,1,46,191,128,0,0,0,0,0,0,0
18.846153,18.834246,122,159,20,154,44,1,48,192,0,0,0,0,0,0,0,0
18.901098,18.898867,122,158,20,154,46,1,51,191,0,0,0,0,0,0,0,0
18.956043,18.935928,122,158,19,154,46,1,64,191,0,0,0,0,0,0,0,0
18.956043,18.944845,122,158,18,154,46,2,51,191,0,0,0,0,0,0,0,0
19.010988,19.008698,122,158,18,154,46,2,51,191,0,0,0,0,0,0,0,0
19.065933,19.045509,119,158,19,154,48,1,43,191,0,0,0,0,0,0,0,0
19.065933,19.054371,122,157,19,156,51,1,43,190,0,0,0,0,0,0,0,0
19.120878,19.118170,121,157,20,156,51,1,62,191,128,0,0,0,0,0,0,0
19.175825,19.155544,121,157,20,156,51,1,41,190,128,0,0,0,0,0,0,0
19.175825,19.164457,121,157,20,156,51,1,55,190,128,0,0,0,0,0,0,0
19.230770,19.228254,121,157,20,156,51,1,55,190,128,0,0,0,0,0,0,0
19.285715,19.265095,121,156,20,154,52,1,47,190,128,0,0,0,0,0,0,0
19.285715,19.274033,121,156,20,154,52,1,47,190,128,0,0,0,0,0,0,0
19.340660,19.337881,121,154,18,149,52,1,47,190,128,0,0,0,0,0,0,0
19.340660,19.347168,121,153,18,149,52,1,43,190,128,0,0,0,0,0,0,0
19.395605,19.383713,121,153,18,149,51,2,61,190,0,0,0,0,0,0,0,0
19.450550,19.448225,121,152,18,148,51,2,41,190,0,0,0,0,0,0,0,0
19.505495,19.484863,122,152,18,145,51,2,55,190,0,0,0,0,0,0,0,0
19.505495,19.493540,122,152,19,146,55,1,56,190,0,0,0,0,0,0,0,0
19.560440,19.557188,121,151,19,146,59,1,56,189,0,0,0,0,0,0,0,0
19.560440,19.566166,121,151,19,146,59,1,47,190,0,0,0,0,0,0,0,0
19.615385,19.602556,121,151,19,146,59,1,47,190,0,0,0,0,0,0,0,0
19.670330,19.666302,121,151,18,149,61,1,39,189,128,0,0,0,0,0,0,0
19.670330,19.676153,121,150,18,149,61,1,54,189,128,0,0,0,0,0,0,0
19.725275,19.712591,121,149,19,150,61,1,32,190,128,0,0,0,0,0,0,0
19.780220,19.776285,122,150,20,149,62,1,47,190,128,0,0,0,0,0,0,0
19.780220,19.785339,122,150,20,149,62,1,47,191,128,0,0,0,0,0,0,0
19.835165,19.821707,122,150,20,149,62,1,47,191,128,0,0,0,0,0,0,0
19.890110,19.885405,122,149,20,148,62,2,46,191,128,0,0,0,0,0,0,0
19.890110,19.894381,122,149,18,146,62,1,58,191,128,0,0,0,0,0,0,0
19.945055,19.930719,122,148,19,147,61,1,43,191,0,0,0,0,0,0,0,0
20.000000,19.995031,122,148,19,147,61,1,43,191,0,0,0,0,0,0,0,0
20.000000,20.004162,119,149,19,143,61,1,43,191,0,0,0,0,0,0,0,0
20.054945,20.040548,121,148,18,143,61,1,48,189,0,0,0,0,0,0,0,0
20.109890,20.104197,121,148,18,143,61,1,47,190,0,0,0,0,0,0,0,0
20.109890,20.113226,122,148,18,143,61,1,47,190,0,0,0,0,0,0,0,0
20.164835,20.149612,122,147,17,144,58,1,43,191,0,0,0,0,0,0,0,0
20.219780,20.213362,122,146,18,144,57,1,63,191,0,0,0,0,0,0,0,0
20.219780,20.222342,122,146,17,145,54,1,64,191,0,0,0,0,0,0,0,0
20.274725,20.258675,119,146,17,146,54,1,64,186,128,0,0,0,0,0,0,0
20.329670,20.323090,121,146,18,143,54,1,75,190,128,0,0,0,0,0,0,0
20.329670,20.332256,121,145,18,143,54,2,80,190,128,0,0,0,0,0,0,0
20.384615,20.368507,121,145,18,143,55,2,61,190,128,0,0,0,0,0,0,0
20.439560,20.432209,121,145,18,143,55,2,61,190,128,0,0,0,0,0,0,0
20.439560,20.441185,121,145,19,145,60,2,40,191,128,0,0,0,0,0,0,0
20.494505,20.477571,122,145,17,145,61,1,40,191,128,0,0,0,0,0,0,0
20.549450,20.541321,121,145,19,146,60,1,55,188,0,0,0,0,0,0,0,0
20.549450,20.551323,120,145,18,146,60,1,60,188,0,0,0,0,0,0,0,0
20.604395,20.587709,120,145,18,146,61,1,47,188,0,0,0,0,0,0,0,0
20.659340,20.651304,120,145,19,146,61,1,65,189,0,0,0,0,0,0,0,0
20.659340,20.660488,120,145,18,145,60,1,49,189,0,0,0,0,0,0,0,0
20.714285,20.696774,120,145,18,145,60,1,49,189,0,0,0,0,0,0,0,0
20.769230,20.760469,121,145,18,145,60,1,49,189,0,0,0,0,0,0,0,0
20.769230,20.769190,121,145,18,145,60,1,72,188,0,0,0,0,0,0,0,0
20.824175,20.805586,121,144,18,145,60,1,72,188,0,0,0,0,0,0,0,0
20.879122,20.869331,121,144,18,141,60,1,76,189,128,0,0,0,0,0,0,0
20.879122,20.878717,120,144,17,142,60,1,64,188,128,0,0,0,0,0,0,0
20.934067,20.915106,120,144,17,142,60,1,64,188,128,0,0,0,0,0,0,0
20.989012,20.978853,121,144,17,142,60,1,74,188,128,0,0,0,0,0,0,0
20.989012,20.987526,121,144,17,142,60,1,74,189,128,0,0,0,0,0,0,0
21.043957,21.023912,120,143,19,142,60,1,74,189,128,0,0,0,0,0,0,0
21.098902,21.087561,121,143,19,141,66,1,72,190,128,0,0,0,0,0,0,0
21.098902,21.096283,121,143,17,142,67,2,64,189,0,0,0,0,0,0,0,0
21.153847,21.133392,121,143,17,142,67,2,64,189,0,0,0,0,0,0,0,0
21.208792,21.197134,121,142,18,141,67,1,73,189,0,0,0,0,0,0,0,0
21.208792,21.205856,121,142,18,141,67,1,73,189,0,0,0,0,0,0,0,0
21.263737,21.242540,120,142,19,143,67,1,73,189,0,0,0,0,0,0,0,0
21.318682,21.306147,121,142,19,143,70,1,77,188,0,0,0,0,0,0,0,0
21.318682,21.314919,122,142,18,144,79,1,64,192,0,0,0,0,0,0,0,0
21.373627,21.378719,122,142,19,146,79,1,43,191,128,0,0,0,0,0,0,0
21.428572,21.416084,122,143,18,146,80,1,56,191,128,0,0,0,0,0,0,0
21.428572,21.424801,122,143,18,146,80,1,56,191,128,0,0,0,0,0,0,0
21.483517,21.488754,122,143,19,147,79,1,56,191,128,0,0,0,0,0,0,0
21.538462,21.525301,119,143,18,147,79,1,47,188,128,0,0,0,0,0,0,0
21.538462,21.534121,121,144,18,150,79,1,58,189,128,0,0,0,0,0,0,0
21.593407,21.597973,121,144,18,147,80,1,45,190,128,0,0,0,0,0,0,0
21.648352,21.634415,121,144,18,147,80,1,45,190,128,0,0,0,0,0,0,0
21.648352,21.643240,122,143,18,148,78,1,64,191,128,0,0,0,0,0,0,0
21.703297,21.707088,122,145,20,147,77,1,64,191,0,0,0,0,0,0,0,0
21.758242,21.744301,122,145,20,147,77,1,50,191,0,0,0,0,0,0,0,0
21.758242,21.753017,118,145,20,147,77,1,50,191,0,0,0,0,0,0,0,0
21.813187,21.816868,123,145,20,147,65,2,66,192,0,0,0,0,0,0,0,0
21.868132,21.853310,123,145,18,147,60,1,63,192,0,0,0,0,0,0,0,0
21.868132,21.862131,122,145,18,147,59,1,88,191,0,0,0,0,0,0,0,0
21.923077,21.925932,122,145,19,147,59,1,72,191,0,0,0,0,0,0,0,0
21.978022,21.962524,122,146,20,149,59,1,72,191,0,0,0,0,0,0,0,0
21.978022,21.971453,122,146,19,150,59,1,74,191,128,0,0,0,0,0,0,0
22.032967,22.036020,122,146,19,150,58,1,81,186,128,0,0,0,0,0,0,0
22.087912,22.072510,122,146,19,150,58,1,81,186,128,0,0,0,0,0,0,0
22.087912,22.081387,123,146,19,152,52,2,75,191,128,0,0,0,0,0,0,0
22.142857,22.145187,123,146,19,152,52,2,75,191,128,0,0,0,0,0,0,0
22.197802,22.181625,122,147,19,149,50,1,75,191,128,0,0,0,0,0,0,0
22.197802,22.190502,123,147,19,147,50,1,71,191,128,0,0,0,0,0,0,0
22.252747,22.254301,123,147,19,147,50,2,79,191,128,0,0,0,0,0,0,0
22.307692,22.290792,121,147,19,147,50,2,79,191,128,0,0,0,0,0,0,0
22.307692,22.299671,121,147,19,148,50,1,75,191,0,0,0,0,0,0,0,0
22.362637,22.364130,121,147,19,148,50,1,75,191,0,0,0,0,0,0,0,0
22.417582,22.400829,122,147,20,147,49,1,77,191,0,0,0,0,0,0,0,0
22.417582,22.409609,122,147,20,147,49,1,77,190,0,0,0,0,0,0,0,0
22.472527,22.473452,122,147,19,147,49,1,77,190,0,0,0,0,0,0,0,0
22.527473,22.510048,122,147,19,147,50,2,79,191,0,0,0,0,0,0,0,0
22.527473,22.518818,122,147,20,150,50,1,80,187,128,0,0,0,0,0,0,0
22.582418,22.583387,122,147,20,150,50,1,80,187,128,0,0,0,0,0,0,0
22.637363,22.620237,121,148,18,151,50,1,92,190,128,0,0,0,0,0,0,0
22.637363,22.628902,121,148,18,151,50,1,92,190,128,0,0,0,0,0,0,0
22.692308,22.692806,122,148,19,150,58,1,92,190,128,0,0,0,0,0,0,0
22.747253,22.729298,122,148,19,150,58,2,70,191,128,0,0,0,0,0,0,0
22.747253,22.738022,122,148,19,150,59,1,77,188,128,0,0,0,0,0,0,0
22.802198,22.801922,122,148,19,150,59,1,77,188,128,0,0,0,0,0,0,0
22.857143,22.838463,121,148,20,151,62,1,47,189,0,0,0,0,0,0,0,0
22.857143,22.847853,121,148,20,151,62,1,47,189,0,0,0,0,0,0,0,0
22.912088,22.911701,121,148,19,150,62,1,47,189,0,0,0,0,0,0,0,0
22.967033,22.948347,121,148,19,150,62,1,64,189,0,0,0,0,0,0,0,0
22.967033,22.957018,121,148,18,150,62,1,75,189,0,0,0,0,0,0,0,0
23.021978,23.020662,120,148,18,149,62,1,96,188,0,0,0,0,0,0,0,0
23.076923,23.057411,120,148,19,150,64,2,72,188,0,0,0,0,0,0,0,0
23.076923,23.066080,120,148,19,150,64,2,72,188,0,0,0,0,0,0,0,0
23.131868,23.129826,120,148,18,149,63,2,72,188,0,0,0,0,0,0,0,0
23.186813,23.166422,120,148,18,149,63,2,72,188,128,0,0,0,0,0,0,0
23.186813,23.175859,121,148,18,149,63,2,72,188,128,0,0,0,0,0,0,0
23.241758,23.239454,121,148,18,149,63,2,63,189,128,0,0,0,0,0,0,0
23.296703,23.275948,121,148,18,149,63,2,63,189,128,0,0,0,0,0,0,0
23.296703,23.284616,121,148,18,148,63,2,64,189,128,0,0,0,0,0,0,0
23.351648,23.348263,120,148,17,146,65,2,71,189,128,0,0,0,0,0,0,0
23.406593,23.384815,120,148,17,146,65,2,71,189,128,0,0,0,0,0,0,0
23.406593,23.393627,120,147,20,145,65,2,71,189,128,0,0,0,0,0,0,0
23.461538,23.457277,120,147,20,145,64,1,64,188,0,0,0,0,0,0,0,0
23.516483,23.494442,119,147,20,145,64,1,64,188,0,0,0,0,0,0,0,0
23.516483,23.503157,119,146,18,146,69,2,76,190,0,0,0,0,0,0,0,0
23.571428,23.566904,119,146,18,146,69,2,76,190,0,0,0,0,0,0,0,0
23.571428,23.576086,121,146,19,147,69,1,79,190,0,0,0,0,0,0,0,0
23.626373,23.612473,121,146,19,146,69,1,79,189,0,0,0,0,0,0,0,0
23.681318,23.676119,121,146,20,148,69,1,68,190,0,0,0,0,0,0,0,0
23.681318,23.685202,118,146,20,148,71,0,56,185,128,0,0,0,0,0,0,0
23.736263,23.722202,118,146,18,148,74,1,74,191,128,0,0,0,0,0,0,0
23.791208,23.785851,118,146,18,148,74,1,74,191,128,0,0,0,0,0,0,0
23.791208,23.794878,122,146,20,146,78,1,63,191,128,0,0,0,0,0,0,0
23.846153,23.831270,122,146,20,146,78,1,63,191,128,0,0,0,0,0,0,0
23.901098,23.894913,122,146,20,146,78,1,66,191,128,0,0,0,0,0,0,0
23.901098,23.903940,122,145,18,146,78,1,66,191,128,0,0,0,0,0,0,0
23.956043,23.940281,122,145,18,146,79,1,75,191,128,0,0,0,0,0,0,0
24.010988,24.003872,122,145,18,146,79,1,75,191,128,0,0,0,0,0,0,0
24.010988,24.013006,122,146,18,147,78,1,55,192,0,0,0,0,0,0,0,0
24.065933,24.050112,123,147,17,145,79,1,72,192,0,0,0,0,0,0,0,0
24.120878,24.113859,122,146,17,145,79,1,72,191,0,0,0,0,0,0,0,0
24.120878,24.122839,123,146,17,146,79,1,51,192,0,0,0,0,0,0,0,0
24.175825,24.159227,123,146,17,146,79,1,63,189,0,0,0,0,0,0,0,0
24.230770,24.222923,121,146,17,146,79,1,63,189,0,0,0,0,0,0,0,0
24.230770,24.231949,121,145,17,143,78,2,59,190,0,0,0,0,0,0,0,0
24.285715,24.268391,121,145,17,143,78,2,59,190,0,0,0,0,0,0,0,0
24.340660,24.332045,122,144,19,144,79,1,55,190,0,0,0,0,0,0,0,0
24.340660,24.341017,122,144,19,144,79,1,55,191,128,0,0,0,0,0,0,0
24.395605,24.378017,122,144,18,144,79,1,55,191,128,0,0,0,0,0,0,0
24.450550,24.441702,122,144,18,143,79,1,64,191,128,0,0,0,0,0,0,0
24.450550,24.450895,122,144,19,143,78,2,55,192,128,0,0,0,0,0,0,0
24.505495,24.487183,122,144,19,143,78,2,55,192,128,0,0,0,0,0,0,0
24.560440,24.550880,122,143,18,144,79,1,60,192,128,0,0,0,0,0,0,0
24.560440,24.559856,122,143,18,146,79,1,60,192,0,0,0,0,0,0,0,0
24.615385,24.596863,122,144,17,144,79,1,78,191,0,0,0,0,0,0,0,0
24.670330,24.660452,122,144,18,144,79,1,64,190,0,0,0,0,0,0,0,0
24.670330,24.669436,122,144,18,144,78,1,71,190,0,0,0,0,0,0,0,0
24.725275,24.705929,122,144,18,144,78,1,71,190,0,0,0,0,0,0,0,0
24.780220,24.769724,121,143,18,141,78,2,59,190,0,0,0,0,0,0,0,0
24.780220,24.778444,121,143,18,141,78,2,59,190,0,0,0,0,0,0,0,0
24.835165,24.814682,121,142,18,137,78,2,59,190,0,0,0,0,0,0,0,0
24.890110,24.878275,121,142,18,137,78,1,64,185,128,0,0,0,0,0,0,0
24.890110,24.887714,121,141,18,137,78,1,64,185,128,0,0,0,0,0,0,0
24.945055,24.923950,121,141,17,135,77,1,66,189,128,0,0,0,0,0,0,0
25.000000,24.987595,120,140,18,137,84,1,49,191,128,0,0,0,0,0,0,0
25.000000,24.996321,122,139,17,136,88,1,63,191,128,0,0,0,0,0,0,0
25.054945,25.032681,122,138,18,135,88,1,63,191,128,0,0,0,0,0,0,0
25.109890,25.096302,122,138,18,135,88,1,64,191,128,0,0,0,0,0,0,0
25.109890,25.105175,119,138,18,135,88,1,64,191,128,0,0,0,0,0,0,0
25.164835,25.169128,122,138,16,135,100,2,65,190,0,0,0,0,0,0,0,0
25.219780,25.206287,122,138,18,136,103,2,40,191,0,0,0,0,0,0,0,0
25.219780,25.215111,122,137,16,134,104,2,47,191,0,0,0,0,0,0,0,0
25.274725,25.278858,122,137,17,136,103,1,42,191,0,0,0,0,0,0,0,0
25.329670,25.315559,122,137,17,136,103,1,42,191,0,0,0,0,0,0,0,0
25.329670,25.324377,121,137,17,136,103,1,42,191,0,0,0,0,0,0,0,0
25.384615,25.388176,121,137,17,136,104,2,54,189,0,0,0,0,0,0,0,0
25.439560,25.424774,121,137,17,136,104,2,54,189,0,0,0,0,0,0,0,0
25.439560,25.433441,120,136,16,133,104,2,51,189,128,0,0,0,0,0,0,0
25.494505,25.497856,121,136,17,134,103,1,53,189,128,0,0,0,0,0,0,0
25.549450,25.534399,121,135,18,133,103,1,53,189,128,0,0,0,0,0,0,0
25.549450,25.543222,121,135,17,133,105,1,43,189,128,0,0,0,0,0,0,0
25.604395,25.606970,121,135,17,133,105,1,59,186,128,0,0,0,0,0,0,0
25.659340,25.643467,122,135,17,133,105,1,59,186,128,0,0,0,0,0,0,0
25.659340,25.652184,122,134,17,132,110,1,47,189,128,0,0,0,0,0,0,0
25.714285,25.716135,122,134,17,132,110,1,47,189,128,0,0,0,0,0,0,0
25.769230,25.752628,121,134,17,133,109,1,39,189,128,0,0,0,0,0,0,0
25.769230,25.761349,121,134,18,131,110,1,39,189,0,0,0,0,0,0,0,0
25.824175,25.825813,121,134,18,131,110,1,51,189,0,0,0,0,0,0,0,0
25.879122,25.862356,120,133,18,131,110,1,51,189,0,0,0,0,0,0,0,0
25.879122,25.871181,120,133,17,133,110,1,43,190,0,0,0,0,0,0,0,0
25.934067,25.934980,120,133,17,133,110,1,43,190,0,0,0,0,0,0,0,0
25.989012,25.971779,122,134,17,134,109,1,37,190,0,0,0,0,0,0,0,0
25.989012,25.980602,121,134,17,133,110,1,37,190,0,0,0,0,0,0,0,0
26.043957,26.044352,121,134,17,133,110,1,47,190,128,0,0,0,0,0,0,0
26.098902,26.081408,122,133,17,133,110,1,47,190,128,0,0,0,0,0,0,0
26.098902,26.090126,122,133,17,133,102,2,47,189,128,0,0,0,0,0,0,0
26.153847,26.153875,122,133,17,133,102,2,47,189,128,0,0,0,0,0,0,0
26.208792,26.190521,123,134,17,133,90,1,68,191,128,0,0,0,0,0,0,0
26.208792,26.199356,122,134,16,133,90,1,63,191,128,0,0,0,0,0,0,0
26.263737,26.263145,122,134,17,134,90,1,63,190,128,0,0,0,0,0,0,0
26.318682,26.299585,122,134,15,134,90,1,75,190,0,0,0,0,0,0,0,0
26.318682,26.271276,122,134,17,134,90,1,64,190,0,0,0,0,0,0,0,0
26.373627,26.372871,122,134,17,136,88,1,71,190,0,0,0,0,0,0,0,0
26.428572,26.409266,122,134,18,133,88,1,80,191,0,0,0,0,0,0,0,0
26.428572,26.418039,122,134,18,133,88,1,80,191,0,0,0,0,0,0,0,0
26.483517,26.481886,122,134,17,134,87,2,74,191,0,0,0,0,0,0,0,0
26.538462,26.518686,122,134,17,134,87,2,74,191,0,0,0,0,0,0,0,0
26.538462,26.527353,122,133,17,134,87,2,74,191,0,0,0,0,0,0,0,0
26.593407,26.591103,121,134,17,131,88,1,63,190,128,0,0,0,0,0,0,0
26.648352,26.628263,121,134,16,131,87,2,80,190,128,0,0,0,0,0,0,0
26.648352,26.636930,121,134,16,131,87,2,80,190,128,0,0,0,0,0,0,0
26.703297,26.700624,122,133,18,132,87,1,79,191,128,0,0,0,0,0,0,0
26.758242,26.737276,122,133,18,132,87,1,79,191,128,0,0,0,0,0,0,0
26.758242,26.745995,122,133,16,131,87,1,79,191,128,0,0,0,0,0,0,0
26.813187,26.809843,122,133,17,131,88,1,64,190,128,0,0,0,0,0,0,0
26.868132,26.846336,119,133,17,134,88,1,78,185,128,0,0,0,0,0,0,0
26.868132,26.855007,119,132,16,133,88,1,64,188,0,0,0,0,0,0,0,0
26.923077,26.919317,120,133,17,134,90,1,53,190,0,0,0,0,0,0,0,0
26.978022,26.955759,120,133,17,134,90,1,53,190,0,0,0,0,0,0,0,0
26.978022,26.964479,122,133,18,134,104,1,53,190,0,0,0,0,0,0,0,0
27.032967,27.028175,122,133,18,134,104,1,60,191,0,0,0,0,0,0,0,0
27.087912,27.064781,122,132,18,134,104,1,60,191,0,0,0,0,0,0,0,0
27.087912,27.073492,122,132,15,132,103,1,73,189,0,0,0,0,0,0,0,0
27.142857,27.137140,121,133,17,131,104,2,54,189,0,0,0,0,0,0,0,0
27.142857,27.146116,121,133,17,131,104,2,54,189,0,0,0,0,0,0,0,0
27.197802,27.182657,121,133,17,136,105,1,54,189,0,0,0,0,0,0,0,0
27.252747,27.246511,121,133,17,136,105,1,40,189,128,0,0,0,0,0,0,0
27.252747,27.255951,121,133,17,136,105,1,40,189,128,0,0,0,0,0,0,0
27.307692,27.292336,121,133,17,137,105,1,51,189,128,0,0,0,0,0,0,0
27.362637,27.356441,121,133,17,137,105,1,51,189,128,0,0,0,0,0,0,0
27.362637,27.365215,122,133,17,137,106,2,52,191,128,0,0,0,0,0,0,0
27.417582,27.401653,122,133,17,137,106,2,63,191,128,0,0,0,0,0,0,0
27.472527,27.465557,122,133,18,136,105,2,63,191,0,0,0,0,0,0,0,0
27.472527,27.474993,122,132,16,134,105,2,66,191,0,0,0,0,0,0,0,0
27.527473,27.511387,122,132,16,134,106,1,54,191,0,0,0,0,0,0,0,0
27.582418,27.575544,119,132,16,134,106,1,54,191,0,0,0,0,0,0,0,0
27.582418,27.584263,119,133,16,134,106,2,56,189,0,0,0,0,0,0,0,0
27.637363,27.620604,121,133,17,133,106,1,49,190,0,0,0,0,0,0,0,0
27.692308,27.684658,121,133,17,133,106,1,49,190,0,0,0,0,0,0,0,0
27.692308,27.693430,121,132,17,134,105,1,49,190,0,0,0,0,0,0,0,0
27.747253,27.729769,121,133,17,134,105,2,48,190,128,0,0,0,0,0,0,0
27.802198,27.794437,122,133,17,133,106,1,53,190,128,0,0,0,0,0,0,0
27.802198,27.803211,122,133,18,134,101,2,74,191,128,0,0,0,0,0,0,0
27.857143,27.839598,122,133,18,134,101,2,74,191,128,0,0,0,0,0,0,0
27.912088,27.903809,122,133,17,133,98,2,55,191,128,0,0,0,0,0,0,0
27.912088,27.912527,122,132,18,134,98,1,55,191,128,0,0,0,0,0,0,0
27.967033,27.948919,122,132,18,134,98,1,73,191,128,0,0,0,0,0,0,0
28.021978,28.012924,123,133,18,134,98,1,73,191,128,0,0,0,0,0,0,0
28.021978,28.021698,123,133,18,137,97,2,55,191,0,0,0,0,0,0,0,0
28.076923,28.058752,123,133,18,137,97,2,55,191,0,0,0,0,0,0,0,0
28.131868,28.122807,122,134,17,137,97,1,64,191,0,0,0,0,0,0,0,0
28.131868,28.131630,122,134,17,137,97,1,64,191,0,0,0,0,0,0,0,0
28.186813,28.167969,122,135,18,137,98,1,64,191,0,0,0,0,0,0,0,0
28.241758,28.232029,122,135,17,139,98,1,73,190,0,0,0,0,0,0,0,0
28.241758,28.240900,122,135,17,139,98,2,64,190,0,0,0,0,0,0,0,0
28.296703,28.277287,122,135,17,139,98,2,64,190,0,0,0,0,0,0,0,0
28.351648,28.341190,122,135,18,139,97,1,69,188,128,0,0,0,0,0,0,0
28.351648,28.351191,121,136,19,141,92,1,53,191,128,0,0,0,0,0,0,0
28.406593,28.387590,122,137,17,140,90,1,53,191,128,0,0,0,0,0,0,0
28.461538,28.451492,122,137,17,141,90,1,63,191,128,0,0,0,0,0,0,0
28.461538,28.460255,122,138,18,141,90,2,72,191,128,0,0,0,0,0,0,0
28.516483,28.496641,122,138,18,142,90,2,59,191,128,0,0,0,0,0,0,0
28.571428,28.560495,122,138,17,143,90,2,79,191,128,0,0,0,0,0,0,0
28.571428,28.569315,122,138,17,143,90,2,79,191,128,0,0,0,0,0,0,0
28.626373,28.605654,119,138,18,142,79,1,70,191,128,0,0,0,0,0,0,0
28.681318,28.669708,119,138,18,142,79,1,70,192,0,0,0,0,0,0,0,0
28.681318,28.679150,122,139,17,144,79,1,70,192,0,0,0,0,0,0,0,0
28.736263,28.715586,122,140,17,144,74,1,80,191,0,0,0,0,0,0,0,0
28.791208,28.779543,122,140,18,146,75,1,71,191,0,0,0,0,0,0,0,0
28.791208,28.788366,122,140,18,146,75,1,71,191,0,0,0,0,0,0,0,0
28.846153,28.824753,122,140,19,144,73,1,72,190,0,0,0,0,0,0,0,0
28.901098,28.888607,122,140,19,144,73,1,72,190,0,0,0,0,0,0,0,0
28.901098,28.897278,122,140,17,143,68,1,72,190,0,0,0,0,0,0,0,0
28.956043,28.933666,122,140,17,143,68,2,100,191,128,0,0,0,0,0,0,0
29.010988,28.998335,122,140,17,143,68,2,100,191,128,0,0,0,0,0,0,0
29.010988,29.007057,122,140,18,143,69,1,87,191,128,0,0,0,0,0,0,0
29.065933,29.043446,122,141,19,143,68,1,96,192,128,0,0,0,0,0,0,0
29.120878,29.107399,120,141,18,143,69,1,78,189,128,0,0,0,0,0,0,0
29.120878,29.116119,121,142,17,146,68,1,78,189,128,0,0,0,0,0,0,0
29.175825,29.152512,121,142,17,146,68,1,91,190,0,0,0,0,0,0,0,0
29.230770,29.217234,122,141,18,146,68,1,91,190,0,0,0,0,0,0,0,0
29.230770,29.225952,121,141,18,145,67,1,62,190,0,0,0,0,0,0,0,0
29.285715,29.262390,121,142,18,144,68,1,84,189,0,0,0,0,0,0,0,0
29.340660,29.326294,121,142,18,144,68,1,84,189,0,0,0,0,0,0,0,0
29.340660,29.335117,119,142,18,144,78,1,75,189,0,0,0,0,0,0,0,0
29.395605,29.371468,119,142,18,144,78,1,75,192,0,0,0,0,0,0,0,0
29.450550,29.435410,122,142,19,144,78,1,75,192,0,0,0,0,0,0,0,0
29.450550,29.444183,122,142,19,142,82,1,64,191,128,0,0,0,0,0,0,0
29.505495,29.481243,122,142,19,142,82,1,64,191,128,0,0,0,0,0,0,0
29.560440,29.545191,122,142,18,140,82,1,72,191,128,0,0,0,0,0,0,0
29.560440,29.553911,122,142,18,140,83,1,57,189,128,0,0,0,0,0,0,0
29.615385,29.617710,122,142,18,140,83,1,57,189,128,0,0,0,0,0,0,0
29.670330,29.654305,122,140,18,141,83,1,57,189,128,0,0,0,0,0,0,0
29.670330,29.663025,121,141,19,141,88,1,64,190,128,0,0,0,0,0,0,0
29.725275,29.726875,122,141,19,140,89,2,63,190,128,0,0,0,0,0,0,0
29.780220,29.763115,122,141,18,141,88,1,67,191,0,0,0,0,0,0,0,0
29.780220,29.772602,122,141,18,141,88,1,67,191,0,0,0,0,0,0,0,0
29.835165,29.836451,119,141,17,140,93,1,74,191,0,0,0,0,0,0,0,0
29.890110,29.872637,122,141,18,142,96,1,74,191,0,0,0,0,0,0,0,0
29.890110,29.881359,122,141,18,141,96,1,64,191,0,0,0,0,0,0,0,0
29.945055,29.945156,122,141,18,141,97,1,62,191,0,0,0,0,0,0,0,0
30.000000,29.981445,122,141,17,142,95,1,69,191,0,0,0,0,0,0,0,0
30.000000,29.990175,122,141,17,142,95,1,69,191,0,0,0,0,0,0,0,0
30.054945,30.054115,122,141,18,139,97,2,63,190,0,0,0,0,0,0,0,0
30.109890,30.090357,121,140,17,140,97,1,63,190,128,0,0,0,0,0,0,0
30.109890,30.099745,121,140,17,140,97,1,64,190,128,0,0,0,0,0,0,0
30.164835,30.163641,122,140,17,140,97,1,64,190,128,0,0,0,0,0,0,0
30.219780,30.199879,122,140,17,139,97,1,71,190,128,0,0,0,0,0,0,0
30.219780,30.208549,122,140,17,139,97,1,71,190,128,0,0,0,0,0,0,0
30.274725,30.272606,122,139,17,140,96,2,63,188,128,0,0,0,0,0,0,0
30.329670,30.308842,122,139,17,140,96,2,63,188,128,0,0,0,0,0,0,0
30.329670,30.317612,122,139,17,137,97,2,63,188,128,0,0,0,0,0,0,0
30.384615,30.382029,122,138,17,137,97,1,54,191,0,0,0,0,0,0,0,0
30.439560,30.418980,122,138,17,137,96,1,67,191,0,0,0,0,0,0,0,0
30.439560,30.427801,122,138,17,137,96,1,67,191,0,0,0,0,0,0,0,0
30.494505,30.491859,122,138,18,138,96,2,59,190,0,0,0,0,0,0,0,0
30.549450,30.528042,122,138,18,138,96,2,59,190,0,0,0,0,0,0,0,0
30.549450,30.536760,121,137,18,138,97,1,59,190,0,0,0,0,0,0,0,0
30.604395,30.601231,121,137,18,138,97,1,55,190,0,0,0,0,0,0,0,0
30.659340,30.637411,121,137,17,138,97,1,55,190,0,0,0,0,0,0,0,0
30.659340,30.646183,121,137,17,137,97,1,43,189,128,0,0,0,0,0,0,0
30.714285,30.710957,121,137,18,135,98,1,55,189,128,0,0,0,0,0,0,0
30.769230,30.747141,121,137,18,135,98,1,55,189,128,0,0,0,0,0,0,0
30.769230,30.755915,120,136,17,136,97,1,53,189,128,0,0,0,0,0,0,0
30.824175,30.819868,120,136,17,136,97,1,53,190,128,0,0,0,0,0,0,0
30.879122,30.856153,121,137,17,134,97,1,53,190,128,0,0,0,0,0,0,0
30.879122,30.864923,121,136,17,134,98,2,49,189,128,0,0,0,0,0,0,0
30.934067,30.928930,121,136,17,134,99,1,63,189,0,0,0,0,0,0,0,0
30.989012,30.965885,121,135,17,133,98,2,48,189,0,0,0,0,0,0,0,0
30.989012,30.974602,121,135,16,134,99,2,47,187,0,0,0,0,0,0,0,0
31.043957,31.038610,120,135,17,134,105,1,54,187,0,0,0,0,0,0,0,0
31.098902,31.074793,122,135,18,133,106,1,54,191,0,0,0,0,0,0,0,0
31.098902,31.083513,122,135,18,133,106,1,42,190,0,0,0,0,0,0,0,0
31.153847,31.147726,121,135,18,133,106,1,42,190,0,0,0,0,0,0,0,0
31.208792,31.183964,121,135,16,134,106,1,56,190,128,0,0,0,0,0,0,0
31.208792,31.193396,121,135,18,134,105,1,55,190,128,0,0,0,0,0,0,0
31.263737,31.257404,121,135,18,134,105,1,55,190,128,0,0,0,0,0,0,0
31.318682,31.293720,121,134,16,134,106,1,55,190,128,0,0,0,0,0,0,0
31.318682,31.302511,121,134,18,135,106,1,47,190,128,0,0,0,0,0,0,0
31.373627,31.366419,121,134,16,135,106,1,53,190,128,0,0,0,0,0,0,0
31.373627,31.375137,122,134,16,134,106,1,43,190,128,0,0,0,0,0,0,0
31.428572,31.411474,122,134,17,133,106,1,63,190,128,0,0,0,0,0,0,0
31.483517,31.475582,122,134,18,134,102,1,64,192,0,0,0,0,0,0,0,0
31.483517,31.485022,123,134,18,131,100,2,59,192,0,0,0,0,0,0,0,0
31.538462,31.521355,123,134,18,131,100,2,59,192,0,0,0,0,0,0,0,0
31.593407,31.585413,122,133,15,132,100,2,59,192,0,0,0,0,0,0,0,0
31.593407,31.594133,123,132,15,132,98,1,59,192,0,0,0,0,0,0,0,0
31.648352,31.630367,123,132,16,130,99,0,78,191,0,0,0,0,0,0,0,0
31.703297,31.694527,122,132,15,132,99,1,64,192,0,0,0,0,0,0,0,0
31.703297,31.703249,122,132,15,132,99,1,55,192,0,0,0,0,0,0,0,0
31.758242,31.739586,122,132,15,132,99,1,55,192,0,0,0,0,0,0,0,0
31.813187,31.803642,121,131,17,132,99,1,55,192,0,0,0,0,0,0,0,0
31.813187,31.812412,121,131,17,132,100,2,50,190,128,0,0,0,0,0,0,0
31.868132,31.849316,122,131,17,132,100,2,50,190,128,0,0,0,0,0,0,0
31.923077,31.913372,122,132,18,137,98,1,64,190,128,0,0,0,0,0,0,0
31.923077,31.922091,121,132,17,137,103,1,61,192,128,0,0,0,0,0,0,0
31.978022,31.958328,122,133,17,133,106,1,62,192,128,0,0,0,0,0,0,0
32.032967,32.022381,120,133,18,133,106,1,62,187,128,0,0,0,0,0,0,0
32.032967,32.031105,121,132,17,133,106,1,43,190,128,0,0,0,0,0,0,0
32.087914,32.067390,122,132,17,133,106,1,57,190,0,0,0,0,0,0,0,0
32.142857,32.132217,122,132,17,134,106,1,44,190,0,0,0,0,0,0,0,0
32.142857,32.140984,122,132,17,134,106,1,44,190,0,0,0,0,0,0,0,0
32.197803,32.177223,121,132,18,131,106,1,65,190,0,0,0,0,0,0,0,0
32.252747,32.241489,122,131,18,131,106,2,65,190,0,0,0,0,0,0,0,0
32.252747,32.250202,123,132,16,132,106,2,50,191,0,0,0,0,0,0,0,0
32.307693,32.286541,122,132,17,132,106,1,55,191,0,0,0,0,0,0,0,0
32.362637,32.350445,122,132,17,134,104,2,64,190,128,0,0,0,0,0,0,0
32.362637,32.359985,122,132,17,134,104,2,64,190,128,0,0,0,0,0,0,0
32.417583,32.396320,122,132,18,133,105,1,63,191,128,0,0,0,0,0,0,0
32.472527,32.460278,122,132,18,133,105,1,63,191,128,0,0,0,0,0,0,0
32.472527,32.469154,122,132,17,129,104,1,63,191,128,0,0,0,0,0,0,0
32.527473,32.505436,120,131,17,130,104,1,55,188,128,0,0,0,0,0,0,0
32.582417,32.569492,120,131,17,130,103,1,66,191,128,0,0,0,0,0,0,0
32.582417,32.578320,122,131,17,130,103,1,66,191,128,0,0,0,0,0,0,0
32.637363,32.614601,122,131,15,130,101,1,63,191,0,0,0,0,0,0,0,0
32.692307,32.679325,122,131,15,130,101,1,63,191,0,0,0,0,0,0,0,0
32.692307,32.688145,122,131,18,134,100,2,47,191,0,0,0,0,0,0,0,0
32.747253,32.724434,122,131,18,134,100,2,47,191,0,0,0,0,0,0,0,0
32.802197,32.788589,122,132,16,134,100,2,47,191,0,0,0,0,0,0,0,0
32.802197,32.797318,122,132,16,137,101,2,57,190,0,0,0,0,0,0,0,0
32.857143,32.833652,122,132,17,136,99,2,51,190,0,0,0,0,0,0,0,0
32.912086,32.897709,122,132,17,137,101,2,63,191,0,0,0,0,0,0,0,0
32.912086,32.906479,122,133,17,134,100,1,66,191,0,0,0,0,0,0,0,0
32.967033,32.942818,122,133,18,135,101,2,66,191,128,0,0,0,0,0,0,0
33.021976,33.007641,122,132,17,133,101,2,55,190,128,0,0,0,0,0,0,0
33.021976,33.016415,122,132,17,133,101,0,63,187,128,0,0,0,0,0,0,0
33.076923,33.052700,122,132,17,133,101,0,63,187,128,0,0,0,0,0,0,0
33.131866,33.116653,122,133,18,135,96,2,51,192,128,0,0,0,0,0,0,0
33.131866,33.125732,123,133,18,136,92,1,63,192,128,0,0,0,0,0,0,0
33.186813,33.162018,123,133,18,136,92,1,63,192,128,0,0,0,0,0,0,0
33.241756,33.226177,122,133,18,134,93,1,63,192,128,0,0,0,0,0,0,0
33.241756,33.234951,122,133,18,134,93,1,53,192,0,0,0,0,0,0,0,0
33.296703,33.271900,121,133,18,134,93,1,53,192,0,0,0,0,0,0,0,0
33.351650,33.335907,122,133,17,137,92,1,72,191,0,0,0,0,0,0,0,0
33.351650,33.344887,122,134,16,136,92,2,71,191,0,0,0,0,0,0,0,0
33.406593,33.382961,122,134,17,137,91,1,80,191,0,0,0,0,0,0,0,0
33.461540,33.447372,122,134,18,137,92,2,64,191,0,0,0,0,0,0,0,0
33.461540,33.456150,122,134,17,138,92,2,64,190,0,0,0,0,0,0,0,0
33.516483,33.492432,122,134,18,140,92,1,61,190,128,0,0,0,0,0,0,0
33.571430,33.557053,122,134,18,140,92,2,68,191,128,0,0,0,0,0,0,0
33.571430,33.566029,122,134,18,140,92,2,68,191,128,0,0,0,0,0,0,0
33.626373,33.602314,122,135,18,140,91,2,78,191,128,0,0,0,0,0,0,0
33.681320,33.666271,122,136,17,141,92,1,64,191,128,0,0,0,0,0,0,0
33.681320,33.675404,122,136,17,141,92,1,64,191,128,0,0,0,0,0,0,0
33.736263,33.711685,122,136,18,140,92,1,64,191,128,0,0,0,0,0,0,0
33.791210,33.775642,122,136,18,140,92,1,78,191,128,0,0,0,0,0,0,0
33.791210,33.784313,121,136,18,140,92,1,78,191,128,0,0,0,0,0,0,0
33.846153,33.820602,121,136,18,137,91,2,63,190,0,0,0,0,0,0,0,0
33.901100,33.885216,122,136,18,138,92,1,70,191,0,0,0,0,0,0,0,0
33.901100,33.893990,122,135,17,139,90,2,43,191,0,0,0,0,0,0,0,0
33.956043,33.930290,122,137,17,139,88,1,43,191,0,0,0,0,0,0,0,0
34.010990,33.994331,122,137,17,139,88,1,55,191,0,0,0,0,0,0,0,0
34.010990,34.003105,120,137,17,139,88,1,55,191,0,0,0,0,0,0,0,0
34.065933,34.066853,122,137,17,140,85,2,57,191,0,0,0,0,0,0,0,0
34.120880,34.103397,122,136,17,141,85,1,79,191,128,0,0,0,0,0,0,0
34.120880,34.113037,122,137,19,142,84,1,76,191,128,0,0,0,0,0,0,0
34.175823,34.176735,122,138,17,141,84,1,62,191,128,0,0,0,0,0,0,0
34.230770,34.213280,122,138,17,141,84,1,62,191,128,0,0,0,0,0,0,0
34.230770,34.222462,122,138,17,141,84,1,62,191,128,0,0,0,0,0,0,0
34.285713,34.286160,122,138,17,142,83,2,72,189,128,0,0,0,0,0,0,0
34.340660,34.322704,122,138,17,142,83,2,72,189,128,0,0,0,0,0,0,0
34.340660,34.331524,122,138,17,140,82,1,63,190,0,0,0,0,0,0,0,0
34.395603,34.395988,122,138,17,140,82,1,63,190,0,0,0,0,0,0,0,0
34.450550,34.432533,121,138,18,139,82,1,63,190,0,0,0,0,0,0,0,0
34.450550,34.441406,122,138,18,139,82,1,63,190,0,0,0,0,0,0,0,0
34.505493,34.505257,122,138,18,139,82,1,84,190,0,0,0,0,0,0,0,0
34.560440,34.541443,122,138,18,139,82,1,84,190,0,0,0,0,0,0,0,0
34.560440,34.550266,122,139,18,140,82,1,61,191,0,0,0,0,0,0,0,0
34.615383,34.613964,122,139,18,140,82,2,69,191,0,0,0,0,0,0,0,0
34.670330,34.650146,122,139,18,141,83,1,64,191,0,0,0,0,0,0,0,0
34.670330,34.658821,122,139,18,141,83,1,64,190,128,0,0,0,0,0,0,0
34.725273,34.723228,122,139,18,141,83,1,64,190,128,0,0,0,0,0,0,0
34.780220,34.759521,122,139,18,141,83,1,64,190,128,0,0,0,0,0,0,0
34.780220,34.768497,122,139,19,144,82,1,70,190,128,0,0,0,0,0,0,0
34.835163,34.832245,122,139,19,144,82,1,70,190,128,0,0,0,0,0,0,0
34.890110,34.868431,122,140,18,141,82,1,64,191,128,0,0,0,0,0,0,0
34.890110,34.877148,122,140,18,141,82,2,64,191,128,0,0,0,0,0,0,0
34.945053,34.941154,122,140,18,141,82,2,58,190,128,0,0,0,0,0,0,0
35.000000,34.977390,122,140,18,141,82,1,73,191,0,0,0,0,0,0,0,0
35.000000,34.986828,122,140,18,141,82,2,64,190,0,0,0,0,0,0,0,0
35.054947,35.050835,122,140,18,141,82,2,64,190,0,0,0,0,0,0,0,0
35.109890,35.087021,122,140,18,141,83,2,76,190,0,0,0,0,0,0,0,0
35.109890,35.095787,122,140,18,141,83,2,76,190,0,0,0,0,0,0,0,0
35.164837,35.159691,122,140,18,141,82,2,76,190,0,0,0,0,0,0,0,0
35.219780,35.196030,122,140,18,142,82,2,81,190,0,0,0,0,0,0,0,0
35.219780,35.204800,120,140,18,142,82,1,53,187,128,0,0,0,0,0,0,0
35.274727,35.269363,120,140,17,142,82,2,63,189,128,0,0,0,0,0,0,0
35.329670,35.305607,121,140,18,141,81,1,72,189,128,0,0,0,0,0,0,0
35.329670,35.314682,121,140,18,141,81,1,72,189,128,0,0,0,0,0,0,0
35.384617,35.378693,122,140,18,139,87,1,72,189,128,0,0,0,0,0,0,0
35.439560,35.414871,122,140,18,139,87,1,65,191,128,0,0,0,0,0,0,0
35.439560,35.423592,121,140,18,139,87,1,65,191,128,0,0,0,0,0,0,0
35.494507,35.487495,121,140,18,141,88,2,55,190,128,0,0,0,0,0,0,0
35.549450,35.523678,121,140,17,142,89,1,68,189,0,0,0,0,0,0,0,0
35.549450,35.533119,121,140,17,139,88,1,58,189,0,0,0,0,0,0,0,0
35.604397,35.597023,121,139,18,141,89,1,74,189,0,0,0,0,0,0,0,0
35.659340,35.633362,121,140,18,140,89,1,74,189,0,0,0,0,0,0,0,0
35.659340,35.642128,121,140,18,142,89,1,50,189,0,0,0,0,0,0,0,0
35.714287,35.706036,121,140,18,142,89,1,63,190,0,0,0,0,0,0,0,0
35.714287,35.714752,121,140,18,142,89,1,63,190,0,0,0,0,0,0,0,0
35.769230,35.751091,122,140,17,142,90,1,57,190,0,0,0,0,0,0,0,0
35.824177,35.814941,122,140,18,141,90,2,68,190,0,0,0,0,0,0,0,0
35.824177,35.823666,122,140,18,141,89,1,68,190,128,0,0,0,0,0,0,0
35.879120,35.861076,122,140,18,141,89,1,49,190,128,0,0,0,0,0,0,0
35.934067,35.925133,122,140,18,141,89,1,55,191,128,0,0,0,0,0,0,0
35.934067,35.933903,122,140,18,141,89,1,55,191,128,0,0,0,0,0,0,0
35.989010,35.970345,122,140,18,142,90,2,55,190,128,0,0,0,0,0,0,0
36.043957,36.034248,122,139,18,142,90,1,75,190,128,0,0,0,0,0,0,0
36.043957,36.043072,122,140,18,141,89,2,61,190,128,0,0,0,0,0,0,0
36.098900,36.079460,122,140,18,141,90,1,61,190,0,0,0,0,0,0,0,0
36.153847,36.144032,122,140,18,141,90,1,72,190,0,0,0,0,0,0,0,0
36.153847,36.152901,121,140,18,141,90,1,72,190,0,0,0,0,0,0,0,0
36.208790,36.189186,121,140,18,142,88,1,55,190,0,0,0,0,0,0,0,0
36.263737,36.253143,121,140,17,142,88,1,70,190,0,0,0,0,0,0,0,0
36.263737,36.261913,122,140,18,141,88,1,58,191,0,0,0,0,0,0,0,0
36.318680,36.298145,122,140,17,142,87,1,80,191,0,0,0,0,0,0,0,0
36.373627,36.362057,122,140,18,139,88,1,80,191,0,0,0,0,0,0,0,0
36.373627,36.370827,122,140,17,139,88,2,53,191,128,0,0,0,0,0,0,0
36.428570,36.407825,122,140,17,138,86,1,63,190,128,0,0,0,0,0,0,0
36.483517,36.472137,122,140,17,138,86,1,63,190,128,0,0,0,0,0,0,0
36.483517,36.480858,122,139,17,137,84,1,63,191,128,0,0,0,0,0,0,0
36.538460,36.517246,122,138,17,138,83,2,74,191,128,0,0,0,0,0,0,0
36.593407,36.581207,122,137,17,137,84,1,74,191,128,0,0,0,0,0,0,0
36.593407,36.590179,122,138,18,138,84,1,62,191,128,0,0,0,0,0,0,0
36.648350,36.626774,122,138,18,138,84,1,80,185,128,0,0,0,0,0,0,0
36.703297,36.690781,121,138,18,138,84,1,80,185,128,0,0,0,0,0,0,0
36.703297,36.699703,121,138,18,138,83,1,63,190,0,0,0,0,0,0,0,0
36.758244,36.736809,121,138,17,141,84,1,66,191,0,0,0,0,0,0,0,0
36.813187,36.800865,122,137,18,141,94,1,57,191,0,0,0,0,0,0,0,0
36.813187,36.809944,122,139,19,141,95,2,57,190,0,0,0,0,0,0,0,0
36.868134,36.846382,122,139,18,142,95,2,70,191,0,0,0,0,0,0,0,0
36.923077,36.910446,121,139,18,142,95,2,53,189,0,0,0,0,0,0,0,0
36.923077,36.919575,122,139,17,144,95,1,70,190,0,0,0,0,0,0,0,0
36.978024,36.955910,122,139,17,143,95,2,50,190,128,0,0,0,0,0,0,0
37.032967,37.021088,122,138,17,139,95,2,59,191,128,0,0,0,0,0,0,0
37.032967,37.029964,122,138,17,139,95,2,59,191,128,0,0,0,0,0,0,0
37.087914,37.066406,122,139,18,141,94,2,59,191,128,0,0,0,0,0,0,0
37.142857,37.130512,121,139,17,141,94,1,53,189,128,0,0,0,0,0,0,0
37.142857,37.139389,122,139,17,141,94,1,69,190,128,0,0,0,0,0,0,0
37.197803,37.175880,122,139,18,142,94,1,54,191,128,0,0,0,0,0,0,0
37.252747,37.239986,122,139,18,142,91,1,78,192,0,0,0,0,0,0,0,0
37.252747,37.249683,122,139,18,142,91,1,78,192,0,0,0,0,0,0,0,0
37.307693,37.286221,122,139,18,140,90,2,78,192,0,0,0,0,0,0,0,0
37.362637,37.350281,122,139,17,139,89,2,55,191,0,0,0,0,0,0,0,0
37.362637,37.359154,121,139,18,139,89,2,64,188,0,0,0,0,0,0,0,0
37.417583,37.395695,122,139,18,140,87,1,51,191,0,0,0,0,0,0,0,0
37.472527,37.459702,122,138,18,140,86,2,68,191,0,0,0,0,0,0,0,0
