0.000000,0.000000,121,255,138,255,23,1,49,190,128,0,0,0,0,0,0,0
0.054945,0.036600,121,255,138,255,23,1,49,190,128,0,0,0,0,0,0,0
0.054945,0.045671,122,255,138,255,24,1,56,190,128,0,0,0,0,0,0,0
0.109890,0.109475,122,255,137,255,23,1,56,190,0,0,0,0,0,0,0,0
0.164835,0.146679,121,255,137,255,23,1,51,189,0,0,0,0,0,0,0,0
0.164835,0.155760,121,255,137,255,23,0,64,190,0,0,0,0,0,0,0,0
0.219780,0.219663,121,255,137,255,23,0,64,190,0,0,0,0,0,0,0,0
0.274725,0.256208,121,255,136,255,23,1,59,190,0,0,0,0,0,0,0,0
0.274725,0.265284,121,255,136,255,23,0,56,190,0,0,0,0,0,0,0,0
0.329670,0.329084,121,255,136,255,23,0,56,190,0,0,0,0,0,0,0,0
0.384615,0.365523,121,255,135,255,24,0,56,190,0,0,0,0,0,0,0,0
0.384615,0.374605,121,255,135,255,24,1,63,190,128,0,0,0,0,0,0,0
0.439560,0.439223,121,255,135,255,24,1,63,190,128,0,0,0,0,0,0,0
0.494505,0.475819,121,255,134,255,24,1,55,190,128,0,0,0,0,0,0,0
0.494505,0.485051,121,255,134,255,24,1,55,190,128,0,0,0,0,0,0,0
0.549451,0.549159,122,255,134,255,23,1,43,190,128,0,0,0,0,0,0,0
0.604396,0.585545,121,255,134,255,23,1,43,190,128,0,0,0,0,0,0,0
0.604396,0.594628,121,255,134,255,23,1,59,190,128,0,0,0,0,0,0,0
0.659341,0.658528,121,255,133,255,23,1,59,190,128,0,0,0,0,0,0,0
0.714286,0.694914,121,255,133,255,22,2,55,190,0,0,0,0,0,0,0,0
0.714286,0.704664,121,255,133,255,22,2,55,190,0,0,0,0,0,0,0,0
0.769231,0.768464,121,255,132,255,24,1,49,190,0,0,0,0,0,0,0,0
0.824176,0.804853,121,255,132,255,23,1,63,190,0,0,0,0,0,0,0,0
0.824176,0.813931,121,255,132,255,23,1,63,190,0,0,0,0,0,0,0,0
0.879121,0.877628,121,255,132,255,23,1,63,190,0,0,0,0,0,0,0,0
0.934066,0.914066,121,255,132,255,23,2,47,190,0,0,0,0,0,0,0,0
0.934066,0.923294,121,255,131,255,22,0,63,190,128,0,0,0,0,0,0,0
0.989011,0.987770,121,255,132,255,23,2,50,190,128,0,0,0,0,0,0,0
1.043956,1.024255,121,255,132,255,23,1,62,190,128,0,0,0,0,0,0,0
1.043956,1.033491,122,255,131,255,23,0,64,190,128,0,0,0,0,0,0,0
1.098901,1.097496,122,255,131,255,23,0,64,190,128,0,0,0,0,0,0,0
1.153846,1.133988,121,255,131,255,23,0,64,190,128,0,0,0,0,0,0,0
1.153846,1.143066,121,255,131,255,22,2,63,190,128,0,0,0,0,0,0,0
1.208791,1.206865,121,255,129,255,23,1,56,190,128,0,0,0,0,0,0,0
1.263736,1.243358,121,255,129,255,23,1,56,190,128,0,0,0,0,0,0,0
1.263736,1.252439,121,255,130,255,23,1,62,190,128,0,0,0,0,0,0,0
1.318681,1.316240,121,255,130,255,23,1,62,190,0,0,0,0,0,0,0,0
1.373626,1.353395,121,255,128,255,23,1,62,190,0,0,0,0,0,0,0,0
1.373626,1.362473,121,255,128,255,23,1,63,190,0,0,0,0,0,0,0,0
1.428571,1.426272,121,255,128,255,23,1,64,190,0,0,0,0,0,0,0,0
1.483516,1.462763,121,255,128,255,23,1,64,190,0,0,0,0,0,0,0,0
1.483516,1.471842,121,255,128,255,24,1,68,190,128,0,0,0,0,0,0,0
1.538462,1.536462,121,255,128,255,24,1,68,190,128,0,0,0,0,0,0,0
1.593407,1.572851,121,255,128,255,23,1,68,190,128,0,0,0,0,0,0,0
1.593407,1.582137,121,255,128,255,23,1,63,190,128,0,0,0,0,0,0,0
1.648352,1.646244,121,255,128,255,23,1,64,190,128,0,0,0,0,0,0,0
1.703297,1.682530,121,255,127,255,23,0,55,190,128,0,0,0,0,0,0,0
1.703297,1.691609,121,255,127,255,24,1,71,190,128,0,0,0,0,0,0,0
1.758242,1.755474,121,255,127,255,24,1,71,190,128,0,0,0,0,0,0,0
1.813187,1.791753,122,255,126,255,23,2,59,190,128,0,0,0,0,0,0,0
1.813187,1.800827,121,255,127,255,22,2,59,190,0,0,0,0,0,0,0,0
1.868132,1.865448,121,255,126,255,22,1,69,190,0,0,0,0,0,0,0,0
1.923077,1.901887,122,255,126,255,23,1,53,190,0,0,0,0,0,0,0,0
1.923077,1.911117,122,255,125,255,23,0,63,190,0,0,0,0,0,0,0,0
1.978022,1.974919,122,255,125,255,23,0,63,190,0,0,0,0,0,0,0,0
2.032967,2.011378,121,255,125,255,22,1,55,190,0,0,0,0,0,0,0,0
2.032967,2.020539,121,255,125,255,22,1,55,190,0,0,0,0,0,0,0,0
2.087912,2.084390,122,255,125,255,23,1,55,190,0,0,0,0,0,0,0,0
2.087912,2.093367,122,255,124,255,23,2,56,190,128,0,0,0,0,0,0,0
2.142857,2.130985,121,255,124,255,23,1,55,190,128,0,0,0,0,0,0,0
2.197802,2.194992,121,255,124,255,23,0,65,190,128,0,0,0,0,0,0,0
2.252747,2.231434,121,255,123,255,23,1,52,190,128,0,0,0,0,0,0,0
2.252747,2.240559,121,255,123,255,23,1,52,190,128,0,0,0,0,0,0,0
2.307692,2.304362,121,255,123,255,23,2,52,190,128,0,0,0,0,0,0,0
2.362637,2.340918,121,255,123,255,23,2,68,190,128,0,0,0,0,0,0,0
2.362637,2.350033,121,255,123,255,23,2,68,190,128,0,0,0,0,0,0,0
2.417583,2.413836,121,255,123,255,23,1,71,190,0,0,0,0,0,0,0,0
2.472528,2.450896,121,255,122,255,23,1,64,190,0,0,0,0,0,0,0,0
2.472528,2.459966,121,255,123,255,23,1,55,190,0,0,0,0,0,0,0,0
2.527472,2.523768,121,255,122,255,24,1,68,190,0,0,0,0,0,0,0,0
2.527472,2.532640,121,255,122,255,24,1,68,190,0,0,0,0,0,0,0,0
2.582417,2.569285,121,255,122,255,24,1,68,190,0,0,0,0,0,0,0,0
2.637363,2.633085,121,255,122,255,24,1,63,190,0,0,0,0,0,0,0,0
2.637363,2.641961,121,255,122,255,24,1,63,190,0,0,0,0,0,0,0,0
2.692308,2.678913,121,255,121,255,23,1,55,190,128,0,0,0,0,0,0,0
2.747253,2.743737,121,255,121,255,23,1,55,190,128,0,0,0,0,0,0,0
2.802198,2.780218,121,255,121,255,23,1,55,190,128,0,0,0,0,0,0,0
2.802198,2.789358,121,255,120,255,23,1,55,190,128,0,0,0,0,0,0,0
2.857143,2.853159,121,255,120,255,23,1,59,190,128,0,0,0,0,0,0,0
2.857143,2.862032,121,255,120,255,23,1,59,190,128,0,0,0,0,0,0,0
2.912088,2.898675,121,255,120,255,24,1,56,190,128,0,0,0,0,0,0,0
2.967033,2.962481,121,255,120,255,24,1,56,190,128,0,0,0,0,0,0,0
2.967033,2.971403,121,255,119,255,23,2,68,190,128,0,0,0,0,0,0,0
3.021978,3.008253,121,255,119,255,22,1,68,190,0,0,0,0,0,0,0,0
3.076923,3.072773,121,255,119,255,24,1,55,190,0,0,0,0,0,0,0,0
3.076923,3.081695,122,255,119,255,24,1,71,190,0,0,0,0,0,0,0,0
3.131868,3.118491,121,255,119,255,23,1,65,190,0,0,0,0,0,0,0,0
3.186813,3.182295,121,255,118,255,22,1,55,190,0,0,0,0,0,0,0,0
3.186813,3.191170,121,255,119,255,22,1,73,190,0,0,0,0,0,0,0,0
3.241758,3.227863,121,255,118,255,23,1,64,190,0,0,0,0,0,0,0,0
3.296703,3.292128,121,255,118,255,23,1,64,190,128,0,0,0,0,0,0,0
3.296703,3.301768,122,255,117,255,23,1,57,190,128,0,0,0,0,0,0,0
3.351648,3.338464,122,255,117,255,23,2,72,190,128,0,0,0,0,0,0,0
3.406593,3.402318,121,255,117,255,23,2,72,190,128,0,0,0,0,0,0,0
3.406593,3.411291,121,255,117,255,23,1,63,190,128,0,0,0,0,0,0,0
3.461539,3.447989,121,255,117,255,23,1,63,190,128,0,0,0,0,0,0,0
3.516484,3.511791,121,255,116,255,24,1,53,190,128,0,0,0,0,0,0,0
3.516484,3.520869,122,255,117,255,22,1,53,190,0,0,0,0,0,0,0,0
3.571429,3.558281,121,255,116,255,22,0,69,190,0,0,0,0,0,0,0,0
3.626374,3.622134,121,255,116,255,23,0,64,190,0,0,0,0,0,0,0,0
3.626374,3.631005,121,255,117,255,23,0,55,190,0,0,0,0,0,0,0,0
3.681319,3.667701,121,255,117,255,23,0,55,190,0,0,0,0,0,0,0,0
3.736264,3.731606,122,255,116,255,23,1,56,190,0,0,0,0,0,0,0,0
3.736264,3.740582,121,255,116,255,23,1,63,190,0,0,0,0,0,0,0,0
3.791209,3.777226,121,255,114,255,23,1,63,190,0,0,0,0,0,0,0,0
3.846154,3.841438,121,255,114,255,23,1,68,190,128,0,0,0,0,0,0,0
3.846154,3.850977,122,255,114,255,23,1,57,190,128,0,0,0,0,0,0,0
3.901099,3.887723,122,255,114,255,23,1,63,190,128,0,0,0,0,0,0,0
3.956044,3.951577,121,255,114,255,24,1,58,190,128,0,0,0,0,0,0,0
3.956044,3.960399,121,255,114,255,24,1,58,190,128,0,0,0,0,0,0,0
4.010989,3.997093,121,255,113,255,23,2,58,190,128,0,0,0,0,0,0,0
4.065934,4.060946,121,255,113,255,23,2,69,190,128,0,0,0,0,0,0,0
4.065934,4.069768,121,255,113,255,23,2,69,190,128,0,0,0,0,0,0,0
4.120879,4.106619,121,255,113,255,23,2,63,190,0,0,0,0,0,0,0,0
4.175824,4.171238,121,255,113,255,23,1,68,190,0,0,0,0,0,0,0,0
4.175824,4.180114,121,255,113,255,23,1,68,190,0,0,0,0,0,0,0,0
4.230769,4.216960,122,255,112,255,23,1,63,190,0,0,0,0,0,0,0,0
4.285714,4.280762,122,255,112,255,23,1,63,190,0,0,0,0,0,0,0,0
4.285714,4.289634,121,255,112,255,23,1,52,190,0,0,0,0,0,0,0,0
4.340659,4.326279,121,255,112,255,23,1,47,190,0,0,0,0,0,0,0,0
4.395605,4.390285,121,255,112,255,23,1,47,190,0,0,0,0,0,0,0,0
4.395605,4.399208,121,255,111,255,23,1,47,190,128,0,0,0,0,0,0,0
4.450550,4.436675,122,255,111,255,22,1,71,190,128,0,0,0,0,0,0,0
4.505495,4.500834,121,255,111,255,22,2,64,190,128,0,0,0,0,0,0,0
4.505495,4.509811,122,255,111,255,23,2,64,190,128,0,0,0,0,0,0,0
4.560440,4.546505,121,255,110,255,23,2,55,190,128,0,0,0,0,0,0,0
4.615385,4.610307,121,255,110,255,24,2,66,190,128,0,0,0,0,0,0,0
4.615385,4.619284,121,255,110,255,23,2,43,190,128,0,0,0,0,0,0,0
4.670330,4.655980,121,255,111,255,22,0,59,190,0,0,0,0,0,0,0,0
4.725275,4.720648,121,255,111,255,22,1,52,190,0,0,0,0,0,0,0,0
4.725275,4.729679,121,255,109,255,23,1,47,190,0,0,0,0,0,0,0,0
4.780220,4.766630,121,255,109,255,24,1,47,190,0,0,0,0,0,0,0,0
4.835165,4.830530,122,255,110,255,24,1,62,190,0,0,0,0,0,0,0,0
4.835165,4.839613,122,255,110,255,23,1,56,190,0,0,0,0,0,0,0,0
4.890110,4.876053,122,255,110,255,23,1,56,190,0,0,0,0,0,0,0,0
4.945055,4.939850,121,255,109,255,22,0,72,190,0,0,0,0,0,0,0,0
4.945055,4.948983,121,255,108,255,24,1,63,190,0,0,0,0,0,0,0,0
5.000000,4.985528,122,255,108,255,23,2,63,190,128,0,0,0,0,0,0,0
5.054945,5.050041,122,255,108,255,23,2,76,190,128,0,0,0,0,0,0,0
5.054945,5.059226,122,255,108,255,23,1,61,190,128,0,0,0,0,0,0,0
5.109890,5.095870,122,255,108,255,23,1,79,190,128,0,0,0,0,0,0,0
5.164835,5.159667,122,255,107,255,23,1,66,190,128,0,0,0,0,0,0,0
5.164835,5.168747,122,255,107,255,23,1,75,190,128,0,0,0,0,0,0,0
5.219780,5.205294,121,255,107,255,23,2,64,190,128,0,0,0,0,0,0,0
5.274725,5.269141,122,255,107,255,22,1,64,190,128,0,0,0,0,0,0,0
5.274725,5.278428,121,255,106,255,22,1,63,190,0,0,0,0,0,0,0,0
5.329670,5.315582,122,255,106,255,24,1,76,190,0,0,0,0,0,0,0,0
5.384615,5.379436,122,255,106,255,23,1,63,190,0,0,0,0,0,0,0,0
5.384615,5.388513,122,255,106,255,23,1,63,190,0,0,0,0,0,0,0,0
5.439560,5.425055,122,255,106,255,23,0,59,190,0,0,0,0,0,0,0,0
5.494505,5.488905,121,255,106,255,23,1,74,190,0,0,0,0,0,0,0,0
5.494505,5.498087,121,255,106,255,23,1,74,190,0,0,0,0,0,0,0,0
5.549450,5.534632,121,255,106,255,23,1,74,190,0,0,0,0,0,0,0,0
5.604395,5.598481,121,255,106,255,23,1,79,190,128,0,0,0,0,0,0,0
5.604395,5.608379,122,255,106,255,23,1,79,190,128,0,0,0,0,0,0,0
5.659341,5.644820,122,255,105,255,22,0,63,190,128,0,0,0,0,0,0,0
5.714286,5.708622,121,255,105,255,22,1,69,190,128,0,0,0,0,0,0,0
5.714286,5.717904,122,255,104,255,23,2,63,190,128,0,0,0,0,0,0,0
5.769231,5.754394,122,255,105,255,22,2,63,190,128,0,0,0,0,0,0,0
5.824176,5.818306,122,255,105,255,22,1,72,190,128,0,0,0,0,0,0,0
5.824176,5.827583,122,255,105,255,22,1,72,190,128,0,0,0,0,0,0,0
5.879121,5.864020,122,255,104,255,23,1,67,190,0,0,0,0,0,0,0,0
5.934066,5.928541,121,255,104,255,23,1,51,190,0,0,0,0,0,0,0,0
5.934066,5.937667,122,255,103,255,23,2,84,190,0,0,0,0,0,0,0,0
5.989011,5.974159,122,255,103,255,23,2,84,190,0,0,0,0,0,0,0,0
6.043956,6.038013,122,255,103,255,22,2,84,190,0,0,0,0,0,0,0,0
6.043956,6.047194,121,255,103,255,22,1,77,190,0,0,0,0,0,0,0,0
6.098901,6.083686,121,255,103,255,22,0,64,190,0,0,0,0,0,0,0,0
6.153846,6.147587,121,255,103,255,22,0,64,190,0,0,0,0,0,0,0,0
6.153846,6.156871,122,255,102,255,24,1,52,190,128,0,0,0,0,0,0,0
6.208791,6.193975,122,255,102,255,24,1,59,190,128,0,0,0,0,0,0,0
6.263736,6.257778,122,255,102,255,23,1,59,190,128,0,0,0,0,0,0,0
6.263736,6.267011,121,255,101,255,23,1,88,190,128,0,0,0,0,0,0,0
6.318681,6.303503,121,255,102,255,24,1,64,190,128,0,0,0,0,0,0,0
6.373626,6.367351,121,255,102,255,24,1,70,190,128,0,0,0,0,0,0,0
6.373626,6.376687,121,255,101,255,23,1,48,190,0,0,0,0,0,0,0,0
6.428571,6.413945,121,255,101,255,23,1,48,190,0,0,0,0,0,0,0,0
6.483517,6.477899,122,255,100,255,23,1,56,190,0,0,0,0,0,0,0,0
6.483517,6.487031,122,255,100,255,23,1,56,190,0,0,0,0,0,0,0,0
6.538462,6.523571,122,255,100,255,23,1,56,190,0,0,0,0,0,0,0,0
6.593407,6.587474,121,255,100,255,22,1,76,190,0,0,0,0,0,0,0,0
6.593407,6.596607,121,255,99,255,22,0,61,190,0,0,0,0,0,0,0,0
6.648352,6.633099,121,255,99,255,22,1,80,190,0,0,0,0,0,0,0,0
6.703297,6.697052,121,255,99,255,23,2,49,190,0,0,0,0,0,0,0,0
6.703297,6.706283,121,255,99,255,23,2,49,190,128,0,0,0,0,0,0,0
6.758242,6.743441,121,255,98,255,24,2,49,190,128,0,0,0,0,0,0,0
6.813187,6.807291,122,255,98,255,24,1,48,190,128,0,0,0,0,0,0,0
6.813187,6.816423,122,255,98,255,24,1,55,190,128,0,0,0,0,0,0,0
6.868132,6.852965,122,255,98,255,24,1,55,190,128,0,0,0,0,0,0,0
6.923077,6.916765,122,255,98,255,22,1,63,190,128,0,0,0,0,0,0,0
6.923077,6.926052,122,255,98,255,22,1,63,190,128,0,0,0,0,0,0,0
6.978022,6.962590,121,255,97,255,23,2,63,190,128,0,0,0,0,0,0,0
7.032967,7.026444,121,255,97,255,23,2,63,190,0,0,0,0,0,0,0,0
7.032967,7.036341,121,255,98,255,23,2,63,190,0,0,0,0,0,0,0,0
7.087912,7.072778,121,255,98,255,24,1,49,190,0,0,0,0,0,0,0,0
7.142857,7.136529,121,255,98,255,24,1,49,190,0,0,0,0,0,0,0,0
7.142857,7.145611,122,255,96,255,24,1,52,190,0,0,0,0,0,0,0,0
7.197802,7.182205,122,255,97,255,22,0,75,190,0,0,0,0,0,0,0,0
7.252747,7.246055,122,255,97,255,22,0,75,190,0,0,0,0,0,0,0,0
7.252747,7.255389,122,254,95,255,22,0,75,190,0,0,0,0,0,0,0,0
7.307693,7.291829,122,254,95,255,24,1,63,190,128,0,0,0,0,0,0,0
7.362638,7.356349,122,254,95,255,24,1,63,190,128,0,0,0,0,0,0,0
7.362638,7.365479,122,255,95,255,22,0,59,190,128,0,0,0,0,0,0,0
7.417583,7.401965,122,255,96,255,23,1,62,190,128,0,0,0,0,0,0,0
7.472528,7.465768,122,255,96,255,23,1,62,190,128,0,0,0,0,0,0,0
7.472528,7.475155,121,255,94,255,23,2,62,190,128,0,0,0,0,0,0,0
7.527472,7.511645,122,255,94,255,23,2,70,190,128,0,0,0,0,0,0,0
7.582417,7.575495,122,255,94,255,23,1,53,190,0,0,0,0,0,0,0,0
7.582417,7.585394,121,255,94,255,23,1,80,190,0,0,0,0,0,0,0,0
7.637362,7.621886,121,255,94,255,23,1,62,190,0,0,0,0,0,0,0,0
7.692307,7.685996,122,255,95,255,23,1,84,190,0,0,0,0,0,0,0,0
7.692307,7.695075,121,255,94,255,24,1,64,190,0,0,0,0,0,0,0,0
7.747253,7.731569,122,255,94,255,22,1,64,190,0,0,0,0,0,0,0,0
7.802198,7.795468,121,255,94,255,22,0,63,190,0,0,0,0,0,0,0,0
7.802198,7.804698,121,255,94,255,23,1,64,190,0,0,0,0,0,0,0,0
7.857143,7.841188,121,255,94,255,23,1,64,190,0,0,0,0,0,0,0,0
7.912088,7.905044,121,255,92,255,24,1,64,190,128,0,0,0,0,0,0,0
7.912088,7.914840,121,255,92,255,24,1,64,190,128,0,0,0,0,0,0,0
7.967033,7.951432,122,255,93,255,22,0,64,190,128,0,0,0,0,0,0,0
8.021978,8.015384,121,255,92,255,23,0,72,190,128,0,0,0,0,0,0,0
8.021978,8.024671,121,255,92,255,23,1,59,190,128,0,0,0,0,0,0,0
8.076923,8.061163,121,255,92,255,23,1,59,190,128,0,0,0,0,0,0,0
8.131868,8.124960,121,255,91,255,22,0,53,190,128,0,0,0,0,0,0,0
8.131868,8.134092,122,255,91,255,24,1,70,190,0,0,0,0,0,0,0,0
8.186813,8.171245,121,255,91,255,23,1,56,190,0,0,0,0,0,0,0,0
8.241758,8.235050,122,255,91,255,23,1,56,190,0,0,0,0,0,0,0,0
8.241758,8.244384,122,255,91,255,23,1,63,190,0,0,0,0,0,0,0,0
8.296703,8.280876,122,255,91,255,23,2,64,190,0,0,0,0,0,0,0,0
8.351648,8.344676,122,255,91,255,22,1,59,190,0,0,0,0,0,0,0,0
8.351648,8.353911,122,255,91,255,22,1,59,190,0,0,0,0,0,0,0,0
8.406593,8.390399,121,255,91,255,22,0,63,190,128,0,0,0,0,0,0,0
8.461538,8.455019,121,255,91,255,22,0,63,190,128,0,0,0,0,0,0,0
8.461538,8.464101,121,255,89,255,22,0,63,190,128,0,0,0,0,0,0,0
8.516483,8.500591,121,255,90,255,22,0,57,190,128,0,0,0,0,0,0,0
8.571428,8.564387,121,255,90,255,23,1,71,190,128,0,0,0,0,0,0,0
8.571428,8.573673,122,255,90,255,23,1,71,190,128,0,0,0,0,0,0,0
8.626373,8.610167,122,255,89,255,23,0,63,190,128,0,0,0,0,0,0,0
8.681318,8.674067,122,255,89,255,23,0,63,190,128,0,0,0,0,0,0,0
8.681318,8.683302,121,255,88,255,23,1,63,190,128,0,0,0,0,0,0,0
8.736263,8.719688,121,255,88,255,23,1,63,190,0,0,0,0,0,0,0,0
8.791209,8.784204,122,255,89,255,23,1,63,190,0,0,0,0,0,0,0,0
8.791209,8.793287,122,255,89,255,22,2,69,190,0,0,0,0,0,0,0,0
8.846154,8.829779,122,255,89,255,22,2,69,190,0,0,0,0,0,0,0,0
8.901099,8.893627,122,255,89,255,22,2,69,190,0,0,0,0,0,0,0,0
8.901099,8.902862,121,255,88,255,23,1,75,190,0,0,0,0,0,0,0,0
8.956044,8.939301,121,255,88,255,23,1,75,190,0,0,0,0,0,0,0,0
9.010989,9.003254,122,255,88,255,23,1,75,190,0,0,0,0,0,0,0,0
9.010989,9.012334,122,255,88,255,23,1,63,190,128,0,0,0,0,0,0,0
9.065934,9.049642,122,255,88,255,23,1,63,190,128,0,0,0,0,0,0,0
9.120879,9.113497,122,255,87,255,22,0,63,190,128,0,0,0,0,0,0,0
9.120879,9.122731,122,255,86,255,24,1,74,190,128,0,0,0,0,0,0,0
9.175824,9.159120,122,255,86,255,24,1,74,190,128,0,0,0,0,0,0,0
9.230769,9.223017,122,255,86,255,24,1,74,190,128,0,0,0,0,0,0,0
9.230769,9.232202,121,255,85,255,24,1,73,190,128,0,0,0,0,0,0,0
9.285714,9.268692,121,255,85,255,24,1,58,190,0,0,0,0,0,0,0,0
9.340659,9.333361,121,255,85,255,24,1,79,190,0,0,0,0,0,0,0,0
9.340659,9.342493,121,255,86,255,23,1,64,190,0,0,0,0,0,0,0,0
9.395604,9.378934,121,255,85,255,23,2,63,190,0,0,0,0,0,0,0,0
9.450549,9.442887,122,255,85,255,23,2,64,190,0,0,0,0,0,0,0,0
9.450549,9.452169,121,255,84,255,23,2,64,190,0,0,0,0,0,0,0,0
9.505494,9.488560,122,255,84,255,23,2,61,190,0,0,0,0,0,0,0,0
9.560439,9.552358,121,255,84,255,24,1,66,190,0,0,0,0,0,0,0,0
9.560439,9.561490,121,255,83,255,22,0,55,190,128,0,0,0,0,0,0,0
9.615385,9.598645,121,255,83,255,22,0,72,190,128,0,0,0,0,0,0,0
9.670330,9.662600,122,255,84,255,24,1,57,190,128,0,0,0,0,0,0,0
9.670330,9.671681,122,255,84,255,24,1,57,190,128,0,0,0,0,0,0,0
9.725275,9.708070,122,255,82,255,23,1,57,190,128,0,0,0,0,0,0,0
9.780220,9.771923,122,255,82,255,23,1,50,190,128,0,0,0,0,0,0,0
9.780220,9.781101,121,255,82,255,23,1,50,190,128,0,0,0,0,0,0,0
9.835165,9.817595,121,255,82,255,23,2,64,190,128,0,0,0,0,0,0,0
9.890110,9.881498,122,255,82,255,23,1,75,190,0,0,0,0,0,0,0,0
9.890110,9.891241,121,255,81,255,23,1,72,190,0,0,0,0,0,0,0,0
9.945055,9.927679,121,255,81,255,23,1,72,190,0,0,0,0,0,0,0,0
10.000000,9.991529,121,255,81,255,23,1,57,190,0,0,0,0,0,0,0,0
10.000000,10.000868,121,255,81,255,23,1,57,190,0,0,0,0,0,0,0,0
10.054945,10.037256,121,255,81,255,23,0,42,190,0,0,0,0,0,0,0,0
10.109890,10.101210,121,255,81,255,23,0,42,190,0,0,0,0,0,0,0,0
10.109890,10.110289,122,255,80,255,23,1,56,190,0,0,0,0,0,0,0,0
10.164835,10.146677,122,255,80,255,23,1,56,190,0,0,0,0,0,0,0,0
10.219780,10.210578,122,255,80,255,23,1,56,190,0,0,0,0,0,0,0,0
10.219780,10.219712,121,255,79,255,23,1,64,190,128,0,0,0,0,0,0,0
10.274725,10.256816,121,255,79,255,23,2,60,190,128,0,0,0,0,0,0,0
10.329670,10.320668,122,255,79,255,23,2,60,190,128,0,0,0,0,0,0,0
10.329670,10.329902,122,255,79,255,23,2,47,190,128,0,0,0,0,0,0,0
10.384615,10.366288,122,255,79,255,23,2,47,190,128,0,0,0,0,0,0,0
10.439561,10.430090,121,255,78,255,23,1,53,190,128,0,0,0,0,0,0,0
10.439561,10.439169,121,255,78,255,23,1,53,190,0,0,0,0,0,0,0,0
10.494506,10.476325,121,255,77,255,23,1,53,190,0,0,0,0,0,0,0,0
10.549451,10.540175,122,255,77,255,23,1,52,190,0,0,0,0,0,0,0,0
10.549451,10.549464,122,255,78,255,23,1,71,190,0,0,0,0,0,0,0,0
10.604396,10.585848,122,255,78,255,23,1,71,190,0,0,0,0,0,0,0,0
10.659341,10.649701,121,255,77,255,23,2,63,190,0,0,0,0,0,0,0,0
10.659341,10.658886,122,255,78,255,24,1,64,190,0,0,0,0,0,0,0,0
10.714286,10.695218,122,255,78,255,24,1,64,190,0,0,0,0,0,0,0,0
10.769231,10.759020,121,255,77,255,24,1,55,190,128,0,0,0,0,0,0,0
10.769231,10.768814,121,255,77,255,23,1,66,190,128,0,0,0,0,0,0,0
10.824176,10.805258,121,255,77,255,23,1,66,190,128,0,0,0,0,0,0,0
10.879121,10.869108,121,255,77,255,22,1,72,190,128,0,0,0,0,0,0,0
10.879121,10.878390,121,255,77,255,22,1,72,190,128,0,0,0,0,0,0,0
10.934066,10.914882,121,255,76,255,24,2,72,190,128,0,0,0,0,0,0,0
10.989011,10.978835,122,255,76,255,24,2,72,190,128,0,0,0,0,0,0,0
10.989011,10.988018,122,255,75,255,24,1,52,190,128,0,0,0,0,0,0,0
11.043956,11.024405,122,255,75,255,23,1,72,190,0,0,0,0,0,0,0,0
11.098901,11.088923,122,255,76,255,23,1,56,190,0,0,0,0,0,0,0,0
11.098901,11.098208,122,255,76,255,23,1,56,190,0,0,0,0,0,0,0,0
11.153846,11.134647,122,255,75,255,22,1,64,190,0,0,0,0,0,0,0,0
11.208791,11.198449,121,255,73,255,23,1,64,190,0,0,0,0,0,0,0,0
11.208791,11.207530,122,255,74,255,23,1,63,190,0,0,0,0,0,0,0,0
11.263737,11.243970,122,255,74,255,23,1,64,190,0,0,0,0,0,0,0,0
11.318682,11.307826,121,255,74,255,23,1,63,190,128,0,0,0,0,0,0,0
11.318682,11.317719,121,255,73,255,24,1,64,190,128,0,0,0,0,0,0,0
11.373627,11.354315,122,255,74,255,22,1,63,190,128,0,0,0,0,0,0,0
11.428572,11.418060,122,255,74,255,22,1,63,190,128,0,0,0,0,0,0,0
11.428572,11.427243,122,255,73,255,23,1,63,190,128,0,0,0,0,0,0,0
11.483517,11.463680,122,255,73,255,23,2,61,190,128,0,0,0,0,0,0,0
11.538462,11.527389,122,255,73,255,23,1,72,190,128,0,0,0,0,0,0,0
11.538462,11.536460,122,255,73,255,23,1,55,190,128,0,0,0,0,0,0,0
11.593407,11.572849,122,255,73,255,23,1,72,190,0,0,0,0,0,0,0,0
11.648352,11.637427,121,255,72,255,24,1,47,190,0,0,0,0,0,0,0,0
11.648352,11.646803,122,255,73,255,23,2,47,190,0,0,0,0,0,0,0,0
11.703297,11.683293,122,255,73,255,23,2,68,190,0,0,0,0,0,0,0,0
11.758242,11.747154,122,255,72,255,23,2,68,190,0,0,0,0,0,0,0,0
11.758242,11.756223,122,255,72,255,23,2,74,190,0,0,0,0,0,0,0,0
11.813187,11.792768,122,255,72,255,23,2,74,190,0,0,0,0,0,0,0,0
11.868132,11.856667,121,255,70,255,24,1,69,190,0,0,0,0,0,0,0,0
11.868132,11.865952,121,255,71,255,23,2,48,190,0,0,0,0,0,0,0,0
11.923077,11.902394,121,255,71,255,23,2,48,190,128,0,0,0,0,0,0,0
11.978022,11.966969,122,255,70,255,23,2,48,190,128,0,0,0,0,0,0,0
11.978022,11.976244,122,255,70,255,23,1,56,190,128,0,0,0,0,0,0,0
12.032967,12.012631,122,255,70,255,23,1,75,190,128,0,0,0,0,0,0,0
12.087913,12.076443,122,255,70,255,24,1,56,190,128,0,0,0,0,0,0,0
12.087913,12.085616,122,255,70,255,24,1,56,190,128,0,0,0,0,0,0,0
12.142858,12.122002,122,255,70,255,22,1,64,190,128,0,0,0,0,0,0,0
12.197803,12.185905,121,255,70,255,23,1,64,190,128,0,0,0,0,0,0,0
12.197803,12.195295,121,255,70,255,23,1,63,190,0,0,0,0,0,0,0,0
12.252748,12.232399,121,255,70,255,23,1,63,190,0,0,0,0,0,0,0,0
12.307693,12.296258,122,255,68,255,23,1,63,190,0,0,0,0,0,0,0,0
12.307693,12.305379,122,255,69,255,23,1,64,190,0,0,0,0,0,0,0,0
12.362638,12.341771,121,255,69,255,22,0,59,190,0,0,0,0,0,0,0,0
12.417583,12.405566,122,255,68,255,23,1,64,190,0,0,0,0,0,0,0,0
12.417583,12.414804,122,255,67,255,23,1,64,190,0,0,0,0,0,0,0,0
12.472528,12.451192,121,255,68,255,23,1,63,190,128,0,0,0,0,0,0,0
12.527472,12.515861,121,255,68,255,23,2,64,190,128,0,0,0,0,0,0,0
12.527472,12.524992,121,255,68,255,23,2,64,190,128,0,0,0,0,0,0,0
12.582417,12.561382,122,255,68,255,24,1,64,190,128,0,0,0,0,0,0,0
12.637362,12.625228,122,255,68,255,24,1,64,190,128,0,0,0,0,0,0,0
12.637362,12.634517,121,255,68,255,24,1,64,190,128,0,0,0,0,0,0,0
12.692307,12.670905,121,255,68,255,24,1,62,190,128,0,0,0,0,0,0,0
12.747252,12.734705,122,255,66,255,24,1,62,190,128,0,0,0,0,0,0,0
12.747252,12.743889,122,255,66,255,23,1,64,190,0,0,0,0,0,0,0,0
12.802197,12.781097,122,255,66,255,24,1,55,190,0,0,0,0,0,0,0,0
12.857142,12.844942,122,255,66,255,24,1,55,190,0,0,0,0,0,0,0,0
12.857142,12.854282,122,255,65,255,23,2,59,190,0,0,0,0,0,0,0,0
12.912087,12.890669,122,255,66,255,23,1,59,190,0,0,0,0,0,0,0,0
12.967033,12.954520,122,255,65,255,23,1,64,190,0,0,0,0,0,0,0,0
12.967033,12.963756,122,255,65,255,23,1,61,190,0,0,0,0,0,0,0,0
13.021978,13.000143,122,255,65,255,22,0,64,190,0,0,0,0,0,0,0,0
13.076923,13.063939,122,255,65,255,22,0,64,190,0,0,0,0,0,0,0,0
13.076923,13.073332,122,255,65,255,23,2,60,190,128,0,0,0,0,0,0,0
13.131868,13.110435,122,255,64,255,23,1,55,190,128,0,0,0,0,0,0,0
13.186813,13.174337,121,255,64,255,23,1,55,190,128,0,0,0,0,0,0,0
13.186813,13.183621,122,255,64,255,23,2,64,190,128,0,0,0,0,0,0,0
13.241758,13.220012,122,255,64,255,23,2,61,190,128,0,0,0,0,0,0,0
13.296703,13.284013,122,255,63,255,22,1,64,190,128,0,0,0,0,0,0,0
13.296703,13.293196,122,255,63,255,23,2,55,190,0,0,0,0,0,0,0,0
13.351648,13.330252,122,255,63,255,23,2,55,190,0,0,0,0,0,0,0,0
13.406593,13.394100,122,255,63,255,23,1,55,190,0,0,0,0,0,0,0,0
13.406593,13.403386,121,255,62,255,24,1,55,190,0,0,0,0,0,0,0,0
13.461538,13.439982,121,255,61,255,24,1,64,190,0,0,0,0,0,0,0,0
13.516483,13.503828,122,255,61,255,23,2,55,190,0,0,0,0,0,0,0,0
13.516483,13.513168,122,255,62,255,24,1,65,190,0,0,0,0,0,0,0,0
13.571428,13.549559,122,255,62,255,23,2,47,190,0,0,0,0,0,0,0,0
13.626373,13.613403,122,255,61,255,23,1,60,190,0,0,0,0,0,0,0,0
13.626373,13.622845,122,255,61,255,23,1,60,190,128,0,0,0,0,0,0,0
13.681318,13.659899,121,255,60,255,23,1,60,190,128,0,0,0,0,0,0,0
13.736263,13.723750,121,255,60,255,23,1,58,190,128,0,0,0,0,0,0,0
13.736263,13.733033,121,255,60,255,23,1,58,190,128,0,0,0,0,0,0,0
13.791209,13.769473,121,255,61,255,22,0,64,190,128,0,0,0,0,0,0,0
13.846154,13.833324,122,255,60,255,22,1,47,190,128,0,0,0,0,0,0,0
13.846154,13.842508,122,255,60,255,22,1,47,190,128,0,0,0,0,0,0,0
13.901099,13.879000,122,255,60,255,24,1,47,190,128,0,0,0,0,0,0,0
13.956044,13.942848,122,255,60,255,24,1,45,190,0,0,0,0,0,0,0,0
13.956044,13.952850,121,255,60,255,24,1,45,190,0,0,0,0,0,0,0,0
14.010989,13.989241,121,255,60,255,23,1,39,190,0,0,0,0,0,0,0,0
14.065934,14.053038,121,255,60,255,23,1,39,190,0,0,0,0,0,0,0,0
14.065934,14.062325,122,255,59,255,23,2,49,190,0,0,0,0,0,0,0,0
14.120879,14.098765,122,255,59,255,23,1,63,190,0,0,0,0,0,0,0,0
14.175824,14.162690,122,255,59,255,23,1,63,190,0,0,0,0,0,0,0,0
14.175824,14.172052,122,255,59,255,23,1,63,190,0,0,0,0,0,0,0,0
14.230769,14.208544,122,255,59,255,22,1,59,190,128,0,0,0,0,0,0,0
14.285714,14.273006,122,255,59,255,22,1,59,190,128,0,0,0,0,0,0,0
14.285714,14.282190,122,255,58,255,24,1,55,190,128,0,0,0,0,0,0,0
14.340659,14.318732,122,255,59,255,22,0,56,190,128,0,0,0,0,0,0,0
14.395604,14.382532,122,255,57,255,24,1,55,190,128,0,0,0,0,0,0,0
14.395604,14.391769,121,255,57,255,23,1,55,190,128,0,0,0,0,0,0,0
14.450549,14.428208,121,255,57,255,23,1,64,190,128,0,0,0,0,0,0,0
14.505494,14.492053,122,255,57,255,23,1,64,190,128,0,0,0,0,0,0,0
14.505494,14.501343,122,255,57,255,23,2,64,190,0,0,0,0,0,0,0,0
14.560439,14.538448,122,255,57,255,22,1,47,190,0,0,0,0,0,0,0,0
14.615385,14.602242,121,255,58,255,23,1,58,190,0,0,0,0,0,0,0,0
14.615385,14.611586,122,255,56,255,24,1,58,190,0,0,0,0,0,0,0,0
14.670330,14.648071,122,255,56,255,24,1,39,190,0,0,0,0,0,0,0,0
14.725275,14.711871,122,255,57,255,24,1,39,190,0,0,0,0,0,0,0,0
14.725275,14.721315,122,255,57,255,23,1,39,190,0,0,0,0,0,0,0,0
14.780220,14.757649,122,255,57,255,23,1,39,190,0,0,0,0,0,0,0,0
14.835165,14.821496,121,255,55,255,23,1,48,190,128,0,0,0,0,0,0,0
14.835165,14.831401,121,255,56,255,23,1,55,190,128,0,0,0,0,0,0,0
14.890110,14.867787,122,255,54,255,24,1,55,190,128,0,0,0,0,0,0,0
14.945055,14.931686,122,255,54,255,24,1,48,190,128,0,0,0,0,0,0,0
14.945055,14.941023,122,255,54,255,24,1,48,190,128,0,0,0,0,0,0,0
15.000000,14.977466,122,255,54,255,24,1,48,190,128,0,0,0,0,0,0,0
15.054945,15.041314,122,255,54,255,23,1,39,190,128,0,0,0,0,0,0,0
15.054945,15.050600,121,255,54,255,24,1,52,190,0,0,0,0,0,0,0,0
15.109890,15.087705,121,255,55,255,22,0,47,190,0,0,0,0,0,0,0,0
15.164835,15.151607,121,255,54,255,23,1,47,190,0,0,0,0,0,0,0,0
15.164835,15.160892,122,255,55,255,23,1,68,190,0,0,0,0,0,0,0,0
15.219780,15.197486,121,255,55,255,22,0,51,190,0,0,0,0,0,0,0,0
15.274725,15.261437,121,255,54,255,23,1,74,190,0,0,0,0,0,0,0,0
15.274725,15.270778,121,255,54,255,23,1,74,190,0,0,0,0,0,0,0,0
15.329670,15.307333,121,255,54,255,22,0,63,190,128,0,0,0,0,0,0,0
15.384615,15.371929,121,255,54,255,22,0,63,190,128,0,0,0,0,0,0,0
15.384615,15.381325,121,255,53,255,24,1,63,190,128,0,0,0,0,0,0,0
15.439561,15.417711,122,255,54,255,24,1,55,190,128,0,0,0,0,0,0,0
15.494506,15.481560,122,255,54,255,22,0,56,190,128,0,0,0,0,0,0,0
15.494506,15.490898,121,255,54,255,22,0,56,190,128,0,0,0,0,0,0,0
15.549451,15.527441,121,255,53,255,23,2,64,190,128,0,0,0,0,0,0,0
15.604396,15.591237,121,255,53,255,23,2,64,190,128,0,0,0,0,0,0,0
15.604396,15.600422,121,255,54,255,23,1,64,190,128,0,0,0,0,0,0,0
15.659341,15.636914,121,255,54,255,23,1,64,190,0,0,0,0,0,0,0,0
15.714286,15.701541,121,255,52,255,23,1,43,190,0,0,0,0,0,0,0,0
15.714286,15.710767,121,255,52,255,22,0,59,190,0,0,0,0,0,0,0,0
15.769231,15.747154,121,255,54,255,23,1,43,190,0,0,0,0,0,0,0,0
15.824176,15.811006,121,255,54,255,23,1,43,190,0,0,0,0,0,0,0,0
15.824176,15.820189,121,255,53,255,23,1,41,190,0,0,0,0,0,0,0,0
15.879121,15.856628,121,255,53,255,23,1,41,190,0,0,0,0,0,0,0,0
15.934066,15.920582,121,255,52,255,24,1,41,190,0,0,0,0,0,0,0,0
15.934066,15.929916,121,255,52,255,24,1,39,190,128,0,0,0,0,0,0,0
15.989011,15.967124,122,255,52,255,24,1,39,190,128,0,0,0,0,0,0,0
16.043957,16.031071,122,255,51,255,23,1,64,190,128,0,0,0,0,0,0,0
16.043957,16.040310,121,255,52,255,22,1,63,190,128,0,0,0,0,0,0,0
16.098902,16.076700,121,255,52,255,22,1,63,190,128,0,0,0,0,0,0,0
16.153847,16.140549,121,255,51,255,23,1,63,190,128,0,0,0,0,0,0,0
16.153847,16.149784,121,255,51,255,23,1,55,190,128,0,0,0,0,0,0,0
16.208792,16.186274,122,255,51,255,23,1,55,190,128,0,0,0,0,0,0,0
16.263737,16.250381,122,255,51,255,23,2,47,190,0,0,0,0,0,0,0,0
16.263737,16.260077,122,255,51,255,22,0,64,190,0,0,0,0,0,0,0,0
16.318682,16.296513,121,255,51,255,23,1,47,190,0,0,0,0,0,0,0,0
16.373627,16.360683,122,255,51,255,23,1,64,190,0,0,0,0,0,0,0,0
16.373627,16.369547,122,255,51,255,23,1,64,190,0,0,0,0,0,0,0,0
16.428572,16.405933,121,255,50,255,23,1,64,190,0,0,0,0,0,0,0,0
16.483517,16.469994,122,255,50,255,24,1,62,190,0,0,0,0,0,0,0,0
16.483517,16.479071,122,255,50,255,23,1,47,190,128,0,0,0,0,0,0,0
16.538462,16.516123,122,255,50,255,24,1,64,190,128,0,0,0,0,0,0,0
16.593407,16.580503,122,255,50,255,24,1,64,190,128,0,0,0,0,0,0,0
16.593407,16.589464,122,255,50,255,24,1,64,190,128,0,0,0,0,0,0,0
16.648352,16.625854,121,255,50,255,23,1,64,190,128,0,0,0,0,0,0,0
16.703297,16.689962,121,255,50,255,23,1,41,190,128,0,0,0,0,0,0,0
16.703297,16.698940,122,255,50,255,23,1,41,190,128,0,0,0,0,0,0,0
16.758242,16.735378,122,255,51,255,22,1,51,190,128,0,0,0,0,0,0,0
16.813187,16.799435,122,255,50,255,23,1,63,190,0,0,0,0,0,0,0,0
16.813187,16.809130,121,255,50,255,23,1,48,190,0,0,0,0,0,0,0,0
16.868132,16.845518,122,255,49,255,23,2,48,190,0,0,0,0,0,0,0,0
16.923077,16.909626,122,255,49,255,23,2,55,190,0,0,0,0,0,0,0,0
16.923077,16.918604,121,255,50,255,23,2,55,190,0,0,0,0,0,0,0,0
16.978022,16.955248,121,255,50,255,23,1,47,190,0,0,0,0,0,0,0,0
17.032967,17.019405,121,255,49,255,24,1,52,190,0,0,0,0,0,0,0,0
17.032967,17.028484,122,255,51,255,23,2,55,190,0,0,0,0,0,0,0,0
17.087912,17.064871,122,255,51,255,23,2,55,190,0,0,0,0,0,0,0,0
17.142857,17.129082,122,255,50,255,22,1,55,190,0,0,0,0,0,0,0,0
17.142857,17.138060,121,255,50,255,22,1,59,190,128,0,0,0,0,0,0,0
17.197802,17.175116,121,255,50,255,22,2,64,190,128,0,0,0,0,0,0,0
17.252747,17.239170,122,255,50,255,22,2,64,190,128,0,0,0,0,0,0,0
17.252747,17.248251,122,255,49,255,23,1,68,190,128,0,0,0,0,0,0,0
17.307692,17.284637,122,255,50,255,22,1,63,190,128,0,0,0,0,0,0,0
17.362637,17.348692,121,255,50,255,23,0,68,190,128,0,0,0,0,0,0,0
17.362637,17.357725,121,255,50,255,23,0,68,190,0,0,0,0,0,0,0,0
17.417582,17.394827,122,255,50,255,23,0,68,190,0,0,0,0,0,0,0,0
17.472527,17.458933,122,255,50,255,22,2,64,190,0,0,0,0,0,0,0,0
17.472527,17.467913,122,255,49,255,23,2,63,190,0,0,0,0,0,0,0,0
17.527473,17.504301,122,255,49,255,23,2,63,190,0,0,0,0,0,0,0,0
17.582418,17.568460,122,255,49,255,23,1,63,190,0,0,0,0,0,0,0,0
17.582418,17.577488,122,255,49,255,23,1,63,190,0,0,0,0,0,0,0,0
17.637363,17.613974,121,255,48,255,24,1,63,190,0,0,0,0,0,0,0,0
17.692308,17.678240,121,255,48,255,24,1,63,190,128,0,0,0,0,0,0,0
17.692308,17.687984,121,255,48,255,24,1,63,190,128,0,0,0,0,0,0,0
17.747253,17.724371,121,255,48,255,24,1,71,190,128,0,0,0,0,0,0,0
17.802198,17.788431,122,255,47,255,24,1,72,190,128,0,0,0,0,0,0,0
17.802198,17.797304,122,255,47,255,24,1,72,190,128,0,0,0,0,0,0,0
17.857143,17.833691,122,255,48,255,24,1,72,190,128,0,0,0,0,0,0,0
17.912088,17.897699,121,255,47,255,23,1,64,190,128,0,0,0,0,0,0,0
17.912088,17.906628,122,255,49,255,23,1,71,190,128,0,0,0,0,0,0,0
17.967033,17.943064,121,255,49,255,22,1,72,190,0,0,0,0,0,0,0,0
18.021978,18.007936,121,255,47,255,23,2,63,190,0,0,0,0,0,0,0,0
18.021978,18.016968,122,255,47,255,23,2,72,190,0,0,0,0,0,0,0,0
18.076923,18.053457,122,255,49,255,22,0,63,190,0,0,0,0,0,0,0,0
18.131868,18.117619,122,255,49,255,22,0,63,190,0,0,0,0,0,0,0,0
18.131868,18.126646,121,255,47,255,22,0,63,190,0,0,0,0,0,0,0,0
18.186813,18.163033,121,255,47,255,23,2,63,190,0,0,0,0,0,0,0,0
18.241758,18.227293,121,255,47,255,23,2,63,190,0,0,0,0,0,0,0,0
18.241758,18.236324,121,254,47,255,23,1,63,190,128,0,0,0,0,0,0,0
18.296703,18.274452,121,252,48,255,23,0,84,191,128,0,0,0,0,0,0,0
18.351648,18.338968,121,252,48,255,23,0,84,191,128,0,0,0,0,0,0,0
18.351648,18.347843,122,252,46,255,23,1,84,191,128,0,0,0,0,0,0,0
18.406593,18.384228,122,252,46,255,23,1,84,190,128,0,0,0,0,0,0,0
18.461538,18.448294,122,252,47,255,23,1,84,190,128,0,0,0,0,0,0,0
18.461538,18.457165,122,252,47,255,22,1,85,191,128,0,0,0,0,0,0,0
18.516483,18.493601,122,250,48,255,24,0,66,190,0,0,0,0,0,0,0,0
18.571428,18.558630,122,250,46,255,23,1,79,191,0,0,0,0,0,0,0,0
18.571428,18.567505,122,250,47,255,23,1,76,191,0,0,0,0,0,0,0,0
18.626373,18.603945,122,250,47,255,23,1,76,191,0,0,0,0,0,0,0,0
18.681318,18.668156,122,249,46,255,23,1,76,191,0,0,0,0,0,0,0,0
18.681318,18.677029,122,247,46,255,23,1,80,190,0,0,0,0,0,0,0,0
18.736263,18.713621,122,247,46,255,24,2,63,190,0,0,0,0,0,0,0,0
18.791208,18.777836,122,246,46,255,23,1,76,191,0,0,0,0,0,0,0,0
18.791208,18.786709,122,246,46,255,24,1,63,190,0,0,0,0,0,0,0,0
18.846153,18.823105,122,246,46,255,24,1,63,190,128,0,0,0,0,0,0,0
18.901098,18.887924,122,244,45,255,23,1,63,190,128,0,0,0,0,0,0,0
18.901098,18.896795,122,244,45,255,23,1,61,191,128,0,0,0,0,0,0,0
18.956043,18.933233,122,242,45,255,23,1,61,191,128,0,0,0,0,0,0,0
19.010988,18.997452,122,242,45,255,23,1,59,191,128,0,0,0,0,0,0,0
19.010988,19.006374,122,242,45,255,23,1,59,191,128,0,0,0,0,0,0,0
19.065933,19.042860,122,241,45,255,23,1,64,191,128,0,0,0,0,0,0,0
19.120878,19.107645,122,241,45,255,23,1,64,191,128,0,0,0,0,0,0,0
19.120878,19.116558,122,241,45,255,23,1,85,190,0,0,0,0,0,0,0,0
19.175825,19.153614,122,238,44,255,23,1,85,190,0,0,0,0,0,0,0,0
19.230770,19.217726,122,238,44,255,23,1,79,190,0,0,0,0,0,0,0,0
19.230770,19.226700,122,238,44,255,23,1,79,190,0,0,0,0,0,0,0,0
19.285715,19.263084,122,235,45,255,23,1,79,191,0,0,0,0,0,0,0,0
19.340660,19.327349,122,235,45,255,23,1,79,191,0,0,0,0,0,0,0,0
19.340660,19.336222,122,234,44,255,24,1,79,191,0,0,0,0,0,0,0,0
19.395605,19.372608,122,232,44,255,24,1,63,190,128,0,0,0,0,0,0,0
19.450550,19.437334,122,232,44,255,23,0,72,190,128,0,0,0,0,0,0,0
19.450550,19.446207,122,232,44,255,23,0,72,190,128,0,0,0,0,0,0,0
19.505495,19.482597,122,231,44,255,23,1,72,191,128,0,0,0,0,0,0,0
19.560440,19.546663,122,231,44,255,23,1,72,191,128,0,0,0,0,0,0,0
19.560440,19.555479,122,231,45,255,23,1,73,191,128,0,0,0,0,0,0,0
19.615385,19.591864,122,231,45,255,23,1,73,191,128,0,0,0,0,0,0,0
19.670330,19.656044,122,228,43,255,23,1,73,191,128,0,0,0,0,0,0,0
19.670330,19.665052,122,227,43,255,22,1,73,191,0,0,0,0,0,0,0,0
19.725275,19.702158,122,227,43,255,23,1,51,191,0,0,0,0,0,0,0,0
19.780220,19.766228,122,226,43,255,22,2,74,191,0,0,0,0,0,0,0,0
19.780220,19.775089,122,226,44,255,22,1,50,191,0,0,0,0,0,0,0,0
19.835165,19.811527,122,224,44,255,23,1,72,191,0,0,0,0,0,0,0,0
19.890110,19.875887,122,224,43,255,24,1,72,191,0,0,0,0,0,0,0,0
19.890110,19.884766,122,223,43,255,24,1,48,191,0,0,0,0,0,0,0,0
19.945055,19.923410,122,223,43,255,22,1,73,191,0,0,0,0,0,0,0,0
20.000000,19.987614,122,223,43,255,22,1,73,191,0,0,0,0,0,0,0,0
20.000000,19.996592,122,220,43,255,22,1,79,191,128,0,0,0,0,0,0,0
20.054945,20.033646,122,220,43,255,22,1,79,191,128,0,0,0,0,0,0,0
20.109890,20.097702,122,217,43,255,23,2,79,191,128,0,0,0,0,0,0,0
20.109890,20.106579,122,217,43,255,23,2,79,190,128,0,0,0,0,0,0,0
20.164835,20.143116,122,215,41,255,23,2,79,190,128,0,0,0,0,0,0,0
20.219780,20.207331,122,213,41,255,23,1,76,191,128,0,0,0,0,0,0,0
20.219780,20.216253,122,213,41,255,23,1,49,190,0,0,0,0,0,0,0,0
20.274725,20.253307,122,213,41,255,23,1,49,190,0,0,0,0,0,0,0,0
20.329670,20.317263,122,213,42,255,24,1,64,190,0,0,0,0,0,0,0,0
20.329670,20.326139,122,211,42,255,22,1,64,190,0,0,0,0,0,0,0,0
20.384615,20.362526,122,210,40,255,24,1,80,191,0,0,0,0,0,0,0,0
20.439560,20.426739,122,210,40,255,24,2,54,191,0,0,0,0,0,0,0,0
20.439560,20.435661,122,210,40,255,24,2,54,191,0,0,0,0,0,0,0,0
20.494505,20.472054,122,206,42,255,24,2,52,190,0,0,0,0,0,0,0,0
20.549450,20.536003,122,206,41,255,23,1,80,191,128,0,0,0,0,0,0,0
20.549450,20.545546,122,206,41,255,23,1,80,191,128,0,0,0,0,0,0,0
20.604395,20.581982,122,205,41,255,23,1,80,191,128,0,0,0,0,0,0,0
20.659340,20.646042,122,205,41,255,23,1,80,191,128,0,0,0,0,0,0,0
20.659340,20.655018,122,201,40,255,23,1,80,191,128,0,0,0,0,0,0,0
20.714285,20.691505,122,201,40,255,23,1,72,191,128,0,0,0,0,0,0,0
20.769230,20.755669,122,201,40,255,23,1,72,191,128,0,0,0,0,0,0,0
20.769230,20.764542,122,200,40,255,24,0,67,191,128,0,0,0,0,0,0,0
20.824175,20.800930,122,199,40,255,23,1,47,191,128,0,0,0,0,0,0,0
20.879122,20.864992,122,199,40,255,23,1,47,190,0,0,0,0,0,0,0,0
20.879122,20.874578,122,197,41,255,23,1,47,190,0,0,0,0,0,0,0,0
20.934067,20.911018,122,194,41,255,22,1,59,191,0,0,0,0,0,0,0,0
20.989012,20.975384,122,194,39,255,24,2,76,191,0,0,0,0,0,0,0,0
20.989012,20.984360,122,195,39,255,23,1,53,190,0,0,0,0,0,0,0,0
21.043957,21.020796,122,195,40,255,23,1,70,191,0,0,0,0,0,0,0,0
21.098902,21.084858,122,195,39,255,23,2,55,191,0,0,0,0,0,0,0,0
21.098902,21.093830,122,192,38,255,24,2,55,190,0,0,0,0,0,0,0,0
21.153847,21.130219,122,190,39,255,24,2,74,191,128,0,0,0,0,0,0,0
21.208792,21.194998,122,189,39,255,23,0,55,191,128,0,0,0,0,0,0,0
21.208792,21.203815,122,189,38,255,24,0,64,190,128,0,0,0,0,0,0,0
21.263737,21.240204,122,189,40,255,23,1,47,190,128,0,0,0,0,0,0,0
21.318682,21.304371,122,189,39,255,24,1,64,191,128,0,0,0,0,0,0,0
21.318682,21.313187,122,187,38,255,23,1,64,191,128,0,0,0,0,0,0,0
21.373627,21.349674,122,187,38,255,23,1,63,191,128,0,0,0,0,0,0,0
21.428572,21.413815,122,183,37,255,23,1,63,191,128,0,0,0,0,0,0,0
21.428572,21.422558,122,183,37,255,23,1,63,191,0,0,0,0,0,0,0,0
21.483517,21.459660,122,181,37,255,24,0,56,191,0,0,0,0,0,0,0,0
21.538462,21.523937,122,181,38,255,22,1,73,191,0,0,0,0,0,0,0,0
21.538462,21.532799,122,181,37,255,23,1,64,191,0,0,0,0,0,0,0,0
21.593407,21.569185,122,178,38,255,23,1,64,191,0,0,0,0,0,0,0,0
21.648352,21.633242,122,178,36,255,23,1,76,191,0,0,0,0,0,0,0,0
21.648352,21.642324,122,178,36,255,24,1,49,191,0,0,0,0,0,0,0,0
21.703297,21.678709,122,178,36,255,24,1,49,191,0,0,0,0,0,0,0,0
21.758242,21.742767,122,174,38,255,24,1,47,190,128,0,0,0,0,0,0,0
21.758242,21.752668,122,174,37,255,22,1,72,189,128,0,0,0,0,0,0,0
21.813187,21.789259,121,174,37,255,23,0,55,189,128,0,0,0,0,0,0,0
21.868132,21.853428,121,172,36,255,22,0,55,189,128,0,0,0,0,0,0,0
21.868132,21.862347,121,172,36,255,22,1,72,190,128,0,0,0,0,0,0,0
21.923077,21.898731,122,169,36,255,22,1,72,190,128,0,0,0,0,0,0,0
21.978022,21.962788,122,169,36,255,23,2,72,190,128,0,0,0,0,0,0,0
21.978022,21.972023,122,167,36,255,23,1,63,190,0,0,0,0,0,0,0,0
22.032967,22.009073,122,167,37,255,24,1,64,186,0,0,0,0,0,0,0,0
22.087912,22.073341,122,167,37,255,24,1,64,186,0,0,0,0,0,0,0,0
22.087912,22.082262,120,166,35,255,38,1,64,186,0,0,0,0,0,0,0,0
22.142857,22.118702,121,164,35,255,38,0,40,189,0,0,0,0,0,0,0,0
22.197802,22.182772,121,164,35,255,50,1,59,189,0,0,0,0,0,0,0,0
22.197802,22.191738,121,164,35,255,50,1,59,189,0,0,0,0,0,0,0,0
22.252747,22.228123,122,161,36,255,55,1,60,190,128,0,0,0,0,0,0,0
22.307692,22.292910,122,161,35,255,55,1,39,190,128,0,0,0,0,0,0,0
22.307692,22.301825,120,161,36,255,58,1,39,190,128,0,0,0,0,0,0,0
22.362637,22.338366,121,158,36,255,70,1,58,187,128,0,0,0,0,0,0,0
22.417582,22.402592,122,156,36,255,70,1,31,190,128,0,0,0,0,0,0,0
22.417582,22.411448,122,156,36,255,73,1,36,191,128,0,0,0,0,0,0,0
22.472527,22.447838,122,155,35,255,72,1,23,191,128,0,0,0,0,0,0,0
22.527473,22.511997,122,155,35,255,72,1,23,191,128,0,0,0,0,0,0,0
22.527473,22.521025,122,154,33,255,73,2,23,191,128,0,0,0,0,0,0,0
22.582418,22.557465,122,154,34,255,75,0,23,191,0,0,0,0,0,0,0,0
22.637363,22.622454,121,152,34,255,75,0,24,188,0,0,0,0,0,0,0,0
22.637363,22.631266,122,150,34,255,85,1,29,190,0,0,0,0,0,0,0,0
22.692308,22.667500,123,150,34,255,86,2,16,191,0,0,0,0,0,0,0,0
22.747253,22.731298,123,149,33,255,86,0,31,191,0,0,0,0,0,0,0,0
22.747253,22.740227,122,148,34,255,87,0,20,191,0,0,0,0,0,0,0,0
22.802198,22.776588,122,148,34,255,87,0,20,191,0,0,0,0,0,0,0,0
22.857143,22.840519,122,148,33,255,87,0,20,191,0,0,0,0,0,0,0,0
22.857143,22.849445,121,146,34,255,87,1,16,188,128,0,0,0,0,0,0,0
22.912088,22.886396,122,144,34,255,91,2,27,191,128,0,0,0,0,0,0,0
22.967033,22.950296,122,144,34,255,92,0,10,190,128,0,0,0,0,0,0,0
22.967033,22.959173,122,144,34,255,92,0,10,190,128,0,0,0,0,0,0,0
23.021978,22.995464,122,144,34,255,92,1,20,191,128,0,0,0,0,0,0,0
23.076923,23.059309,122,143,33,255,93,1,20,191,128,0,0,0,0,0,0,0
23.076923,23.068138,122,143,33,255,93,1,41,191,128,0,0,0,0,0,0,0
23.131868,23.104420,121,142,34,255,93,1,41,191,128,0,0,0,0,0,0,0
23.186813,23.168680,121,142,34,255,92,0,42,190,0,0,0,0,0,0,0,0
23.186813,23.178120,121,142,34,255,92,0,42,190,0,0,0,0,0,0,0,0
23.241758,23.214354,122,141,33,255,92,1,48,191,0,0,0,0,0,0,0,0
23.296703,23.278154,122,140,33,255,92,1,27,191,0,0,0,0,0,0,0,0
23.296703,23.287031,122,140,33,255,92,1,27,190,0,0,0,0,0,0,0,0
23.351648,23.323263,122,140,34,255,92,1,27,190,0,0,0,0,0,0,0,0
23.406593,23.387217,122,140,34,255,91,1,31,186,0,0,0,0,0,0,0,0
23.406593,23.396042,122,140,34,255,91,1,31,186,0,0,0,0,0,0,0,0
23.461538,23.432384,123,139,33,255,76,1,39,192,128,0,0,0,0,0,0,0
23.516483,23.497150,123,139,34,255,73,1,60,191,128,0,0,0,0,0,0,0
23.516483,23.506130,122,138,33,255,74,2,60,191,128,0,0,0,0,0,0,0
23.571428,23.542414,122,137,34,255,74,2,45,190,128,0,0,0,0,0,0,0
23.626373,23.606215,122,137,34,255,74,1,64,190,128,0,0,0,0,0,0,0
23.626373,23.614986,122,137,34,255,74,1,64,190,128,0,0,0,0,0,0,0
23.681318,23.678682,122,137,32,255,74,2,68,191,128,0,0,0,0,0,0,0
23.736263,23.715538,122,136,33,255,73,1,55,191,0,0,0,0,0,0,0,0
23.736263,23.725126,122,136,33,255,74,0,72,191,0,0,0,0,0,0,0,0
23.791208,23.788876,123,135,32,255,74,0,72,191,0,0,0,0,0,0,0,0
23.846153,23.825317,123,135,32,255,74,0,55,191,0,0,0,0,0,0,0,0
23.846153,23.834190,123,133,32,255,74,0,55,191,0,0,0,0,0,0,0,0
23.901098,23.898012,123,133,32,255,74,1,53,185,0,0,0,0,0,0,0,0
23.956043,23.934380,123,133,32,255,74,1,53,185,0,0,0,0,0,0,0,0
23.956043,23.943205,121,134,31,255,74,1,53,190,0,0,0,0,0,0,0,0
24.010988,24.006798,121,134,31,255,74,1,53,190,0,0,0,0,0,0,0,0
24.065933,24.042883,121,131,32,255,87,1,53,190,0,0,0,0,0,0,0,0
24.065933,24.051702,121,131,32,255,87,1,47,189,128,0,0,0,0,0,0,0
24.120878,24.116117,121,131,32,255,87,1,47,189,128,0,0,0,0,0,0,0
24.175825,24.152302,121,131,32,255,87,1,47,189,128,0,0,0,0,0,0,0
24.175825,24.161074,120,132,33,255,95,1,56,190,128,0,0,0,0,0,0,0
24.230770,24.224873,120,132,33,255,95,1,56,190,128,0,0,0,0,0,0,0
24.285715,24.261059,122,131,32,255,104,1,56,190,128,0,0,0,0,0,0,0
24.285715,24.270338,122,131,32,255,104,1,40,191,0,0,0,0,0,0,0,0
24.340660,24.334858,122,130,32,255,104,1,40,191,0,0,0,0,0,0,0,0
24.395605,24.371096,122,130,32,255,103,1,32,191,0,0,0,0,0,0,0,0
24.395605,24.379995,122,131,34,255,105,1,31,191,0,0,0,0,0,0,0,0
24.450550,24.443718,122,131,34,255,105,1,31,191,0,0,0,0,0,0,0,0
24.505495,24.479902,121,131,34,255,108,1,43,191,0,0,0,0,0,0,0,0
24.505495,24.488672,121,131,34,255,108,1,43,190,0,0,0,0,0,0,0,0
24.560440,24.552834,121,131,33,255,108,1,43,190,0,0,0,0,0,0,0,0
24.615385,24.589018,121,131,33,255,108,0,47,190,128,0,0,0,0,0,0,0
24.615385,24.598450,121,131,32,255,107,2,40,190,128,0,0,0,0,0,0,0
24.670330,24.662563,122,130,32,255,107,1,47,190,128,0,0,0,0,0,0,0
24.725275,24.698799,122,131,33,255,109,1,40,187,128,0,0,0,0,0,0,0
24.725275,24.707617,122,131,33,255,109,1,40,187,128,0,0,0,0,0,0,0
24.780220,24.771526,121,132,32,255,109,1,40,187,128,0,0,0,0,0,0,0
24.835165,24.807711,121,132,32,255,107,1,36,190,128,0,0,0,0,0,0,0
24.835165,24.816582,123,132,32,255,107,1,36,190,128,0,0,0,0,0,0,0
24.890110,24.880535,123,133,32,255,96,1,38,192,0,0,0,0,0,0,0,0
24.945055,24.917387,123,133,32,255,96,1,38,192,0,0,0,0,0,0,0,0
24.945055,24.926256,123,133,32,255,96,1,38,192,0,0,0,0,0,0,0,0
25.000000,24.990162,119,133,34,255,84,1,38,192,0,0,0,0,0,0,0,0
25.054945,25.026348,123,133,33,255,84,1,75,192,0,0,0,0,0,0,0,0
25.054945,25.035116,123,134,33,255,78,1,64,191,0,0,0,0,0,0,0,0
25.109890,25.099228,123,134,34,255,78,2,83,191,0,0,0,0,0,0,0,0
25.164835,25.135412,123,134,34,255,78,2,83,191,0,0,0,0,0,0,0,0
25.164835,25.144180,122,135,33,255,77,0,74,190,0,0,0,0,0,0,0,0
25.219780,25.207983,122,135,34,255,78,1,74,190,128,0,0,0,0,0,0,0
25.274725,25.244848,122,135,34,255,78,1,54,185,128,0,0,0,0,0,0,0
25.274725,25.253603,123,136,34,255,78,1,54,185,128,0,0,0,0,0,0,0
25.329670,25.317457,123,136,34,255,68,1,64,191,128,0,0,0,0,0,0,0
25.329670,25.326231,123,136,34,255,68,1,64,191,128,0,0,0,0,0,0,0
25.384615,25.362614,123,137,35,255,68,1,64,191,128,0,0,0,0,0,0,0
25.439560,25.426670,122,137,35,255,67,1,87,191,128,0,0,0,0,0,0,0
25.439560,25.435448,122,137,35,255,67,1,87,191,0,0,0,0,0,0,0,0
25.494505,25.472502,122,137,34,255,67,2,65,191,0,0,0,0,0,0,0,0
25.549450,25.536350,122,138,34,255,67,2,89,191,0,0,0,0,0,0,0,0
25.549450,25.545275,122,138,35,255,67,2,65,191,0,0,0,0,0,0,0,0
25.604395,25.581575,122,140,35,255,67,2,91,191,0,0,0,0,0,0,0,0
25.659340,25.645622,122,140,35,255,67,2,91,191,0,0,0,0,0,0,0,0
25.659340,25.654444,122,141,34,255,68,1,91,191,0,0,0,0,0,0,0,0
25.714285,25.690676,122,141,35,255,67,1,84,191,0,0,0,0,0,0,0,0
25.769230,25.754580,121,141,36,255,67,1,64,189,128,0,0,0,0,0,0,0
25.769230,25.764067,122,141,36,255,66,2,87,191,128,0,0,0,0,0,0,0
25.824175,25.800364,122,142,35,255,64,1,68,191,128,0,0,0,0,0,0,0
25.879122,25.864208,122,142,36,255,64,1,100,191,128,0,0,0,0,0,0,0
25.879122,25.872929,122,144,35,255,64,1,76,191,128,0,0,0,0,0,0,0
25.934067,25.909266,122,144,35,255,64,1,76,191,128,0,0,0,0,0,0,0
25.989012,25.973270,122,145,36,255,64,1,76,191,128,0,0,0,0,0,0,0
25.989012,25.982040,119,145,36,255,64,1,66,186,128,0,0,0,0,0,0,0
26.043957,26.018274,119,145,36,255,61,1,88,192,0,0,0,0,0,0,0,0
26.098902,26.082897,119,145,36,255,61,1,88,192,0,0,0,0,0,0,0,0
26.098902,26.091618,122,146,35,255,56,2,92,191,0,0,0,0,0,0,0,0
26.153847,26.127903,122,146,35,255,56,2,92,191,0,0,0,0,0,0,0,0
26.208792,26.192062,123,147,36,255,57,2,92,191,0,0,0,0,0,0,0,0
26.208792,26.200937,123,147,36,255,57,1,102,191,0,0,0,0,0,0,0,0
26.263737,26.237173,121,146,36,255,57,1,102,191,0,0,0,0,0,0,0,0
26.318682,26.301075,121,146,36,255,56,1,95,190,128,0,0,0,0,0,0,0
26.318682,26.310566,122,149,36,255,57,1,80,191,128,0,0,0,0,0,0,0
26.373627,26.346901,122,149,36,255,57,1,80,191,128,0,0,0,0,0,0,0
26.428572,26.410753,122,151,36,255,57,1,80,191,128,0,0,0,0,0,0,0
26.428572,26.419580,122,152,37,255,57,1,81,191,128,0,0,0,0,0,0,0
26.483517,26.455967,122,152,37,255,56,1,95,191,128,0,0,0,0,0,0,0
26.538462,26.519972,119,152,37,255,57,1,76,185,128,0,0,0,0,0,0,0
26.538462,26.528744,119,152,36,255,56,2,87,189,128,0,0,0,0,0,0,0
26.593407,26.565184,121,152,35,255,57,1,73,190,0,0,0,0,0,0,0,0
26.648352,26.629801,121,154,36,255,56,1,87,190,0,0,0,0,0,0,0,0
26.648352,26.638729,121,154,36,255,56,1,87,191,0,0,0,0,0,0,0,0
26.703297,26.675219,123,155,37,255,56,1,87,191,0,0,0,0,0,0,0,0
26.758242,26.739378,123,155,37,255,48,1,95,192,0,0,0,0,0,0,0,0
26.758242,26.748405,123,155,36,255,48,1,84,190,0,0,0,0,0,0,0,0
26.813187,26.784897,122,156,37,255,45,2,95,191,0,0,0,0,0,0,0,0
26.868132,26.848850,122,156,37,255,45,2,95,191,0,0,0,0,0,0,0,0
26.868132,26.857777,122,157,37,255,46,1,95,191,0,0,0,0,0,0,0,0
26.923077,26.894268,122,158,36,255,45,1,95,191,128,0,0,0,0,0,0,0
26.978022,26.958988,122,158,36,255,45,0,80,191,128,0,0,0,0,0,0,0
26.978022,26.967865,122,158,36,255,45,0,80,191,128,0,0,0,0,0,0,0
27.032967,27.004559,122,158,35,255,44,1,82,191,128,0,0,0,0,0,0,0
27.087912,27.068771,122,158,35,255,44,1,82,191,128,0,0,0,0,0,0,0
27.087912,27.077642,122,158,36,255,40,1,84,191,128,0,0,0,0,0,0,0
27.142857,27.114187,122,159,37,255,40,1,84,191,128,0,0,0,0,0,0,0
27.197802,27.178295,123,158,36,255,40,1,103,191,0,0,0,0,0,0,0,0
27.197802,27.187832,123,158,36,255,40,1,81,191,0,0,0,0,0,0,0,0
27.252747,27.224375,123,158,36,255,39,0,92,187,0,0,0,0,0,0,0,0
27.307692,27.288588,123,158,36,255,39,0,92,187,0,0,0,0,0,0,0,0
27.307692,27.297564,121,158,36,255,39,1,88,190,0,0,0,0,0,0,0,0
27.362637,27.334105,121,158,36,255,39,1,88,190,0,0,0,0,0,0,0,0
27.417582,27.398109,122,157,35,255,47,1,88,190,0,0,0,0,0,0,0,0
27.417582,27.407087,121,156,35,255,47,1,88,190,0,0,0,0,0,0,0,0
27.472527,27.443628,121,156,35,255,52,1,83,192,128,0,0,0,0,0,0,0
27.527473,27.508352,118,156,35,255,52,1,83,192,128,0,0,0,0,0,0,0
27.527473,27.517178,118,156,36,255,57,0,79,191,128,0,0,0,0,0,0,0
27.582418,27.553663,118,156,36,255,57,0,79,191,128,0,0,0,0,0,0,0
27.637363,27.617414,123,155,35,255,68,1,71,191,128,0,0,0,0,0,0,0
27.637363,27.626183,122,154,35,255,68,1,71,191,128,0,0,0,0,0,0,0
27.692308,27.662882,122,154,36,255,68,0,52,192,128,0,0,0,0,0,0,0
27.747253,27.726631,123,154,36,255,68,0,67,192,128,0,0,0,0,0,0,0
27.747253,27.735401,123,154,35,255,69,1,54,185,0,0,0,0,0,0,0,0
27.802198,27.772867,119,152,35,255,79,0,70,190,0,0,0,0,0,0,0,0
27.857143,27.836615,122,152,36,255,84,0,55,191,0,0,0,0,0,0,0,0
27.857143,27.845232,122,151,35,255,83,1,55,191,0,0,0,0,0,0,0,0
27.912088,27.881931,122,151,35,255,83,1,64,191,0,0,0,0,0,0,0,0
27.967033,27.945578,122,149,34,255,83,2,55,191,0,0,0,0,0,0,0,0
27.967033,27.954193,122,149,34,255,85,0,52,191,0,0,0,0,0,0,0,0
28.021978,28.018202,122,149,34,255,85,0,52,191,0,0,0,0,0,0,0,0
28.076923,28.054552,119,147,34,255,99,1,33,189,128,0,0,0,0,0,0,0
28.076923,28.063925,121,149,34,255,102,0,51,189,128,0,0,0,0,0,0,0
28.131868,28.128185,122,148,35,255,103,1,51,192,128,0,0,0,0,0,0,0
28.186813,28.164526,122,148,35,255,103,1,33,191,128,0,0,0,0,0,0,0
28.186813,28.173140,122,148,35,255,103,1,33,191,128,0,0,0,0,0,0,0
28.241758,28.237146,122,148,34,255,102,1,41,189,128,0,0,0,0,0,0,0
28.296703,28.273388,122,148,34,255,102,1,41,189,128,0,0,0,0,0,0,0
28.296703,28.282000,122,146,35,255,102,1,47,191,128,0,0,0,0,0,0,0
28.351648,28.346209,122,146,34,255,104,0,47,191,0,0,0,0,0,0,0,0
28.406593,28.383368,122,146,34,255,104,0,32,190,0,0,0,0,0,0,0,0
28.406593,28.392036,122,144,33,255,104,0,32,190,0,0,0,0,0,0,0,0
28.461538,28.456142,122,144,33,255,102,1,30,191,0,0,0,0,0,0,0,0
28.516483,28.492380,122,144,33,255,102,1,30,191,0,0,0,0,0,0,0,0
28.516483,28.500998,121,144,34,255,102,2,43,191,0,0,0,0,0,0,0,0
28.571428,28.565004,121,144,34,255,102,2,43,191,0,0,0,0,0,0,0,0
28.626373,28.601292,121,144,34,255,102,2,43,191,0,0,0,0,0,0,0,0
28.626373,28.610163,122,141,33,255,102,2,43,191,0,0,0,0,0,0,0,0
28.681318,28.674376,122,141,33,255,98,2,42,191,128,0,0,0,0,0,0,0
28.736263,28.711327,122,141,33,255,98,2,42,191,128,0,0,0,0,0,0,0
28.736263,28.719944,122,140,32,255,97,0,43,190,128,0,0,0,0,0,0,0
28.791208,28.783951,122,140,32,255,97,0,43,190,128,0,0,0,0,0,0,0
28.846153,28.820133,122,138,33,255,98,1,51,190,128,0,0,0,0,0,0,0
28.846153,28.828857,122,137,32,255,97,1,51,191,128,0,0,0,0,0,0,0
28.901098,28.893064,122,137,32,255,97,1,64,190,128,0,0,0,0,0,0,0
28.956043,28.929352,122,135,32,255,97,1,64,190,128,0,0,0,0,0,0,0
28.956043,28.938225,122,135,33,255,97,1,50,190,0,0,0,0,0,0,0,0
29.010988,29.003101,122,135,32,255,97,1,63,185,0,0,0,0,0,0,0,0
29.065933,29.039337,118,135,32,255,98,1,43,188,0,0,0,0,0,0,0,0
29.065933,29.048004,121,133,32,255,97,1,43,188,0,0,0,0,0,0,0,0
29.120878,29.112165,121,134,31,255,101,1,64,190,0,0,0,0,0,0,0,0
29.175825,29.148964,121,132,32,255,101,2,47,190,0,0,0,0,0,0,0,0
29.175825,29.157631,121,132,32,255,111,1,56,192,128,0,0,0,0,0,0,0
29.230770,29.222559,121,132,32,255,111,1,56,192,128,0,0,0,0,0,0,0
29.285715,29.258743,122,131,32,255,111,0,44,186,128,0,0,0,0,0,0,0
29.285715,29.267513,122,131,32,255,111,0,44,186,128,0,0,0,0,0,0,0
29.340660,29.331572,122,131,32,255,128,1,44,186,128,0,0,0,0,0,0,0
29.395605,29.367908,122,131,32,255,128,1,24,190,128,0,0,0,0,0,0,0
29.395605,29.376631,122,131,32,255,128,1,24,190,128,0,0,0,0,0,0,0
29.450550,29.440327,122,131,32,255,128,1,24,190,128,0,0,0,0,0,0,0
29.505495,29.476618,122,129,32,254,129,1,27,191,0,0,0,0,0,0,0,0
29.505495,29.485744,122,129,32,254,129,1,27,191,0,0,0,0,0,0,0,0
29.560440,29.549389,122,129,31,254,129,1,32,191,0,0,0,0,0,0,0,0
29.615385,29.585320,122,128,32,255,129,1,32,190,0,0,0,0,0,0,0,0
29.615385,29.594091,122,127,32,255,129,1,27,190,0,0,0,0,0,0,0,0
29.670330,29.657736,122,127,32,255,130,2,32,190,0,0,0,0,0,0,0,0
29.725275,29.694157,122,128,31,255,130,1,31,190,0,0,0,0,0,0,0,0
29.725275,29.702747,122,128,31,255,130,1,31,190,0,0,0,0,0,0,0,0
29.780220,29.766445,122,127,31,254,130,1,35,190,0,0,0,0,0,0,0,0
29.780220,29.774858,122,127,32,253,129,1,35,190,128,0,0,0,0,0,0,0
29.835165,29.812014,121,127,33,254,129,0,20,189,128,0,0,0,0,0,0,0
29.890110,29.875559,122,127,33,254,130,0,42,190,128,0,0,0,0,0,0,0
29.890110,29.884176,122,127,32,254,129,1,19,190,128,0,0,0,0,0,0,0
29.945055,29.920671,122,128,31,255,130,0,34,190,128,0,0,0,0,0,0,0
30.000000,29.984161,121,127,32,255,131,2,21,190,128,0,0,0,0,0,0,0
30.000000,29.993034,121,127,32,255,131,2,21,190,128,0,0,0,0,0,0,0
30.054945,30.029938,121,127,33,255,124,2,21,190,128,0,0,0,0,0,0,0
30.109890,30.093531,121,128,32,255,124,1,37,189,0,0,0,0,0,0,0,0
30.109890,30.102968,123,128,32,255,110,1,52,192,0,0,0,0,0,0,0,0
30.164835,30.139513,123,128,33,255,102,0,47,192,0,0,0,0,0,0,0,0
30.219780,30.203169,123,128,32,255,102,1,64,190,0,0,0,0,0,0,0,0
30.219780,30.211830,121,128,32,255,102,1,60,190,0,0,0,0,0,0,0,0
30.274725,30.248476,122,128,34,255,102,2,60,190,0,0,0,0,0,0,0,0
30.329670,30.312120,122,128,34,255,102,2,72,191,0,0,0,0,0,0,0,0
30.329670,30.320944,122,128,34,255,102,2,72,191,0,0,0,0,0,0,0,0
30.384615,30.357641,122,128,32,255,91,2,76,192,128,0,0,0,0,0,0,0
30.439560,30.422009,123,129,32,255,89,1,71,191,128,0,0,0,0,0,0,0
30.439560,30.430721,123,128,32,255,89,2,80,191,128,0,0,0,0,0,0,0
30.494505,30.467421,122,129,34,255,88,1,79,191,128,0,0,0,0,0,0,0
30.549450,30.531015,122,129,34,255,88,1,79,191,128,0,0,0,0,0,0,0
30.549450,30.539942,122,129,34,255,88,1,79,191,128,0,0,0,0,0,0,0
30.604395,30.576641,122,129,34,255,87,1,79,190,128,0,0,0,0,0,0,0
30.659340,30.640284,122,129,34,255,87,1,79,190,128,0,0,0,0,0,0,0
30.659340,30.649158,122,131,33,255,87,0,63,190,0,0,0,0,0,0,0,0
30.714285,30.686365,122,131,33,255,86,1,64,190,0,0,0,0,0,0,0,0
30.769230,30.749964,122,131,33,255,87,0,64,190,0,0,0,0,0,0,0,0
30.769230,30.758734,122,132,33,255,87,0,63,190,0,0,0,0,0,0,0,0
30.824175,30.795275,122,132,33,255,87,1,80,191,0,0,0,0,0,0,0,0
30.879122,30.858925,120,132,33,255,87,1,80,191,0,0,0,0,0,0,0,0
30.879122,30.867693,120,132,34,255,80,0,80,192,0,0,0,0,0,0,0,0
30.934067,30.904392,120,132,34,255,80,0,80,192,0,0,0,0,0,0,0,0
30.989012,30.968037,122,133,34,255,79,1,80,192,0,0,0,0,0,0,0,0
30.989012,30.976759,122,133,34,255,79,1,80,191,128,0,0,0,0,0,0,0
31.043957,31.014172,122,133,34,255,79,1,80,191,128,0,0,0,0,0,0,0
31.098902,31.077766,122,133,34,255,79,2,78,192,128,0,0,0,0,0,0,0
31.098902,31.086586,122,133,34,255,79,2,62,188,128,0,0,0,0,0,0,0
31.153847,31.123337,122,133,34,255,79,2,62,188,128,0,0,0,0,0,0,0
31.208792,31.186934,122,135,33,255,78,1,64,190,128,0,0,0,0,0,0,0
31.208792,31.195654,122,135,33,255,78,1,64,190,0,0,0,0,0,0,0,0
31.263737,31.232964,122,136,34,255,78,1,64,190,0,0,0,0,0,0,0,0
31.318682,31.296610,122,136,33,255,78,1,64,190,0,0,0,0,0,0,0,0
31.318682,31.305330,122,136,33,255,79,2,78,190,0,0,0,0,0,0,0,0
31.373627,31.341883,122,137,35,255,79,1,80,191,0,0,0,0,0,0,0,0
31.428572,31.405523,122,136,35,255,83,1,71,186,0,0,0,0,0,0,0,0
31.428572,31.414291,122,136,35,255,83,1,71,186,0,0,0,0,0,0,0,0
31.483517,31.478348,121,139,35,255,82,1,71,186,0,0,0,0,0,0,0,0
31.538462,31.514637,122,140,35,255,82,1,60,190,128,0,0,0,0,0,0,0
31.538462,31.524174,123,141,35,255,76,1,79,191,128,0,0,0,0,0,0,0
31.593407,31.588280,123,141,35,255,68,1,64,192,128,0,0,0,0,0,0,0
31.648352,31.624567,123,140,34,255,67,1,79,191,128,0,0,0,0,0,0,0
31.648352,31.633390,122,141,34,255,64,2,84,191,128,0,0,0,0,0,0,0
31.703297,31.697655,122,141,35,255,55,1,84,191,128,0,0,0,0,0,0,0
31.758242,31.734043,122,141,35,255,55,1,79,191,128,0,0,0,0,0,0,0
31.758242,31.742712,122,142,36,255,55,1,79,191,128,0,0,0,0,0,0,0
31.813187,31.806664,122,142,36,255,54,1,95,191,0,0,0,0,0,0,0,0
31.868132,31.843618,122,142,36,255,54,1,95,191,0,0,0,0,0,0,0,0
31.868132,31.852390,122,143,36,255,54,1,88,191,0,0,0,0,0,0,0,0
31.923077,31.916447,122,143,36,255,54,1,91,191,0,0,0,0,0,0,0,0
31.978022,31.952684,122,143,36,255,54,1,91,189,0,0,0,0,0,0,0,0
31.978022,31.961452,122,143,35,255,54,1,91,189,0,0,0,0,0,0,0,0
32.032967,32.025455,122,144,35,255,55,1,87,190,0,0,0,0,0,0,0,0
32.087914,32.061695,122,144,35,255,54,1,84,190,128,0,0,0,0,0,0,0
32.087914,32.071236,122,145,35,255,53,1,87,190,128,0,0,0,0,0,0,0
32.142857,32.135445,121,145,35,255,59,2,96,191,128,0,0,0,0,0,0,0
32.197803,32.171627,122,145,36,255,62,2,79,191,128,0,0,0,0,0,0,0
32.197803,32.180450,122,146,36,255,63,2,79,190,128,0,0,0,0,0,0,0
32.252747,32.244659,122,146,36,255,63,1,92,190,128,0,0,0,0,0,0,0
32.307693,32.280895,121,147,36,255,63,1,92,190,128,0,0,0,0,0,0,0
32.307693,32.289673,121,147,36,255,64,0,77,190,128,0,0,0,0,0,0,0
32.362637,32.353622,121,147,36,255,64,0,77,190,128,0,0,0,0,0,0,0
32.417583,32.389858,121,147,35,255,64,1,79,189,128,0,0,0,0,0,0,0
32.417583,32.398628,120,147,36,255,66,1,79,189,0,0,0,0,0,0,0,0
32.472527,32.463406,120,147,36,255,66,1,80,190,0,0,0,0,0,0,0,0
32.527473,32.499588,121,148,35,255,66,1,80,190,0,0,0,0,0,0,0,0
32.527473,32.508354,121,148,35,255,66,0,80,189,0,0,0,0,0,0,0,0
32.582417,32.572468,121,148,35,255,66,0,80,189,0,0,0,0,0,0,0,0
32.637363,32.608700,121,149,35,255,66,0,84,189,0,0,0,0,0,0,0,0
32.637363,32.617420,121,149,35,255,66,0,84,189,0,0,0,0,0,0,0,0
32.692307,32.681427,120,149,35,255,65,0,84,189,0,0,0,0,0,0,0,0
32.747253,32.717766,120,149,35,255,65,1,85,189,128,0,0,0,0,0,0,0
32.747253,32.727303,120,149,35,255,65,1,85,189,128,0,0,0,0,0,0,0
32.802197,32.791618,121,149,35,255,65,1,85,189,128,0,0,0,0,0,0,0
32.857143,32.827805,121,148,35,255,66,1,64,189,128,0,0,0,0,0,0,0
32.857143,32.836571,121,148,35,255,66,1,64,189,128,0,0,0,0,0,0,0
32.912086,32.900223,121,147,34,255,67,1,64,189,128,0,0,0,0,0,0,0
32.967033,32.936409,121,147,34,255,67,1,80,186,0,0,0,0,0,0,0,0
32.967033,32.945789,121,147,35,255,67,1,80,186,0,0,0,0,0,0,0,0
33.021976,33.009438,122,147,35,255,85,2,64,192,0,0,0,0,0,0,0,0
33.076923,33.045673,122,147,35,255,85,1,71,191,0,0,0,0,0,0,0,0
33.076923,33.054443,122,147,35,255,85,0,64,190,0,0,0,0,0,0,0,0
33.131866,33.118095,122,147,35,255,84,2,63,190,0,0,0,0,0,0,0,0
33.186813,33.154472,122,147,34,255,85,2,63,191,0,0,0,0,0,0,0,0
33.186813,33.163197,121,147,35,255,85,1,64,189,0,0,0,0,0,0,0,0
33.241756,33.226906,121,147,35,255,87,1,75,190,128,0,0,0,0,0,0,0
33.296703,33.236286,121,147,35,255,87,1,75,190,128,0,0,0,0,0,0,0
33.296703,33.272980,121,147,36,255,88,1,79,190,128,0,0,0,0,0,0,0
33.351650,33.336731,121,147,35,255,87,0,69,190,128,0,0,0,0,0,0,0
33.351650,33.345757,121,147,35,255,87,0,69,190,128,0,0,0,0,0,0,0
33.406593,33.382404,121,147,35,255,89,0,69,190,128,0,0,0,0,0,0,0
33.461540,33.446152,121,147,35,255,89,0,66,190,128,0,0,0,0,0,0,0
33.461540,33.454823,122,147,35,255,89,0,66,190,128,0,0,0,0,0,0,0
33.516483,33.491413,122,145,33,255,89,1,58,190,0,0,0,0,0,0,0,0
33.571430,33.555725,122,145,33,255,89,1,58,190,0,0,0,0,0,0,0,0
33.571430,33.564396,122,145,33,255,89,1,58,190,0,0,0,0,0,0,0,0
33.626373,33.600990,122,144,35,255,91,1,58,190,0,0,0,0,0,0,0,0
33.681320,33.664692,122,144,35,255,91,1,76,185,0,0,0,0,0,0,0,0
33.681320,33.673355,122,144,35,255,91,1,76,185,0,0,0,0,0,0,0,0
33.736263,33.709949,122,144,34,255,101,2,72,191,0,0,0,0,0,0,0,0
33.791210,33.773651,122,144,34,255,101,2,72,191,0,0,0,0,0,0,0,0
33.791210,33.782421,122,143,33,255,100,1,64,191,0,0,0,0,0,0,0,0
33.846153,33.819069,123,143,33,255,101,0,59,191,128,0,0,0,0,0,0,0
33.901100,33.883537,123,143,33,255,101,0,59,192,128,0,0,0,0,0,0,0
33.901100,33.892509,121,141,34,255,101,0,59,192,128,0,0,0,0,0,0,0
33.956043,33.929104,121,141,34,255,101,1,71,190,128,0,0,0,0,0,0,0
34.010990,33.992859,121,141,34,255,101,1,71,190,128,0,0,0,0,0,0,0
34.010990,34.001522,122,140,33,255,102,1,73,190,128,0,0,0,0,0,0,0
34.065933,34.038113,122,140,33,255,102,1,54,191,128,0,0,0,0,0,0,0
34.120880,34.101826,122,139,34,255,99,0,54,191,0,0,0,0,0,0,0,0
34.120880,34.111248,123,139,33,255,99,0,80,191,0,0,0,0,0,0,0,0
34.175823,34.147739,123,139,33,255,99,0,55,187,0,0,0,0,0,0,0,0
34.230770,34.211452,121,139,33,255,99,0,55,187,0,0,0,0,0,0,0,0
34.230770,34.220108,121,137,34,255,100,1,63,190,0,0,0,0,0,0,0,0
34.285713,34.256702,121,137,34,255,100,1,63,190,0,0,0,0,0,0,0,0
34.340660,34.320503,121,136,33,255,116,1,55,190,0,0,0,0,0,0,0,0
34.340660,34.329327,121,136,33,255,116,1,55,191,0,0,0,0,0,0,0,0
34.395603,34.365917,118,136,32,255,116,1,55,191,0,0,0,0,0,0,0,0
34.450550,34.429569,122,135,32,255,124,1,47,190,128,0,0,0,0,0,0,0
34.450550,34.439159,122,135,31,255,131,1,32,191,128,0,0,0,0,0,0,0
34.505493,34.475857,122,135,31,255,131,1,32,191,128,0,0,0,0,0,0,0
34.560440,34.539349,122,132,32,253,130,1,26,191,128,0,0,0,0,0,0,0
34.560440,34.548069,122,131,31,252,131,1,26,191,128,0,0,0,0,0,0,0
34.615383,34.584461,122,131,32,252,131,1,43,191,128,0,0,0,0,0,0,0
34.670330,34.647953,120,130,31,252,131,2,21,187,128,0,0,0,0,0,0,0
34.670330,34.656414,120,130,31,253,140,2,33,191,0,0,0,0,0,0,0,0
34.725273,34.693371,120,130,31,253,140,2,33,191,0,0,0,0,0,0,0,0
34.780220,34.756912,123,128,31,250,141,0,32,191,0,0,0,0,0,0,0,0
34.780220,34.765427,123,128,31,250,141,0,32,191,0,0,0,0,0,0,0,0
34.835163,34.801926,122,127,31,250,141,0,32,191,0,0,0,0,0,0,0,0
34.890110,34.865208,122,127,31,250,141,0,28,191,0,0,0,0,0,0,0,0
34.890110,34.873928,123,127,31,250,141,0,28,191,0,0,0,0,0,0,0,0
34.945053,34.937679,123,127,32,251,141,2,32,191,128,0,0,0,0,0,0,0
35.000000,34.974476,122,127,32,251,141,2,21,191,128,0,0,0,0,0,0,0
35.000000,34.983250,122,127,32,251,141,2,21,191,128,0,0,0,0,0,0,0
35.054947,35.047390,122,125,32,251,141,2,21,191,128,0,0,0,0,0,0,0
35.109890,35.083439,122,125,32,252,141,2,30,191,128,0,0,0,0,0,0,0
35.109890,35.092159,119,125,32,252,142,1,26,186,128,0,0,0,0,0,0,0
35.164837,35.156063,119,125,31,251,142,2,23,190,128,0,0,0,0,0,0,0
35.219780,35.191936,119,125,31,251,142,2,23,190,128,0,0,0,0,0,0,0
35.219780,35.200508,122,124,32,251,136,2,31,192,128,0,0,0,0,0,0,0
35.274727,35.264462,122,124,31,251,129,2,40,192,0,0,0,0,0,0,0,0
35.329670,35.301052,122,124,31,251,129,2,40,192,0,0,0,0,0,0,0,0
35.329670,35.309723,122,124,31,251,129,2,40,192,0,0,0,0,0,0,0,0
35.384617,35.373833,120,123,31,250,126,2,44,187,0,0,0,0,0,0,0,0
35.439560,35.409813,120,123,31,250,116,1,54,191,0,0,0,0,0,0,0,0
35.439560,35.418381,123,123,32,251,113,2,65,192,0,0,0,0,0,0,0,0
35.494507,35.481873,123,124,31,251,113,1,63,192,0,0,0,0,0,0,0,0
35.549450,35.517799,123,124,31,251,113,1,63,191,0,0,0,0,0,0,0,0
35.549450,35.526363,122,123,31,252,113,1,63,191,0,0,0,0,0,0,0,0
35.604397,35.589809,122,123,31,252,112,2,63,191,128,0,0,0,0,0,0,0
35.659340,35.626526,122,123,31,252,112,2,63,191,128,0,0,0,0,0,0,0
35.659340,35.634918,122,123,32,251,109,1,63,191,128,0,0,0,0,0,0,0
35.714287,35.698463,122,123,32,251,109,1,63,191,128,0,0,0,0,0,0,0
35.714287,35.707081,122,123,32,250,109,1,63,191,128,0,0,0,0,0,0,0
35.769230,35.743572,122,124,31,250,109,1,63,191,128,0,0,0,0,0,0,0
35.824177,35.807014,122,123,31,250,109,1,72,191,0,0,0,0,0,0,0,0
35.824177,35.816193,122,123,32,249,109,1,63,191,0,0,0,0,0,0,0,0
35.879120,35.852737,122,123,32,249,108,1,82,191,0,0,0,0,0,0,0,0
35.934067,35.916229,122,123,32,249,108,1,82,191,0,0,0,0,0,0,0,0
35.934067,35.925156,122,122,31,249,109,1,72,191,0,0,0,0,0,0,0,0
35.989010,35.961391,122,122,31,249,109,1,72,191,0,0,0,0,0,0,0,0
36.043957,36.024834,122,121,32,249,109,1,72,191,0,0,0,0,0,0,0,0
36.043957,36.033451,122,121,32,248,108,2,74,191,0,0,0,0,0,0,0,0
36.098900,36.069794,122,121,32,249,109,1,63,186,128,0,0,0,0,0,0,0
36.153847,36.134056,119,122,32,249,108,2,80,189,128,0,0,0,0,0,0,0
36.153847,36.142719,121,121,31,249,109,1,62,189,128,0,0,0,0,0,0,0
36.208790,36.179008,121,121,31,249,109,1,62,190,128,0,0,0,0,0,0,0
36.263737,36.242352,122,121,32,250,109,1,62,190,128,0,0,0,0,0,0,0
36.263737,36.250916,122,121,32,250,132,1,49,189,128,0,0,0,0,0,0,0
36.318680,36.287357,122,121,32,250,132,1,49,189,128,0,0,0,0,0,0,0
36.373627,36.350948,122,121,32,250,132,1,49,189,128,0,0,0,0,0,0,0
36.373627,36.359623,122,121,32,253,140,1,47,191,128,0,0,0,0,0,0,0
36.428570,36.396214,122,121,32,253,140,1,47,191,0,0,0,0,0,0,0,0
36.483517,36.460476,122,122,31,255,140,1,47,191,0,0,0,0,0,0,0,0
36.483517,36.469097,122,123,33,255,140,2,31,191,0,0,0,0,0,0,0,0
36.538460,36.505787,122,123,33,255,140,2,20,191,0,0,0,0,0,0,0,0
36.593407,36.569637,122,123,33,255,141,1,39,186,0,0,0,0,0,0,0,0
36.593407,36.578514,118,123,33,255,140,1,40,189,0,0,0,0,0,0,0,0
36.648350,36.615162,121,124,33,255,140,1,39,189,0,0,0,0,0,0,0,0
36.703297,36.679111,122,125,32,255,139,2,39,190,0,0,0,0,0,0,0,0
36.703297,36.688244,122,125,32,255,139,2,42,191,128,0,0,0,0,0,0,0
36.758244,36.725605,123,125,33,255,139,2,42,191,128,0,0,0,0,0,0,0
36.813187,36.789455,122,125,33,255,127,1,56,191,128,0,0,0,0,0,0,0
36.813187,36.798382,122,125,33,255,127,1,39,189,128,0,0,0,0,0,0,0
36.868134,36.835026,118,125,33,255,120,2,63,188,128,0,0,0,0,0,0,0
36.923077,36.898880,121,125,32,255,109,0,60,188,128,0,0,0,0,0,0,0
36.923077,36.907852,121,125,32,255,109,0,60,192,128,0,0,0,0,0,0,0
36.978024,36.944756,122,126,32,255,109,0,60,192,128,0,0,0,0,0,0,0
37.032967,37.008713,122,126,32,255,106,1,86,190,0,0,0,0,0,0,0,0
37.032967,37.018505,122,126,32,255,106,1,86,190,0,0,0,0,0,0,0,0
37.087914,37.055206,122,127,33,255,105,1,84,190,0,0,0,0,0,0,0,0
37.142857,37.119003,121,127,33,255,101,1,65,191,0,0,0,0,0,0,0,0
37.142857,37.127930,123,127,34,255,94,1,84,191,0,0,0,0,0,0,0,0
37.197803,37.164623,122,128,34,255,93,1,84,191,0,0,0,0,0,0,0,0
37.252747,37.228477,122,128,34,255,93,1,67,191,0,0,0,0,0,0,0,0
37.252747,37.237400,123,128,34,255,93,1,67,191,0,0,0,0,0,0,0,0
37.307693,37.274254,123,128,33,255,94,1,72,192,128,0,0,0,0,0,0,0
37.362637,37.338871,123,128,33,255,94,1,72,192,128,0,0,0,0,0,0,0
37.362637,37.347794,122,128,33,255,93,2,88,191,128,0,0,0,0,0,0,0
