0.000000,0.000000,121,255,130,255,23,1,76,190,128,0,0,0,0,0,0,0
0.054945,0.037563,121,255,129,255,24,1,53,190,128,0,0,0,0,0,0,0
0.109890,0.101568,121,255,129,255,23,1,74,190,128,0,0,0,0,0,0,0
0.109890,0.110800,121,255,129,255,23,1,59,189,128,0,0,0,0,0,0,0
0.164835,0.147701,121,255,129,255,23,1,64,189,128,0,0,0,0,0,0,0
0.219780,0.211759,121,255,128,255,23,1,64,190,128,0,0,0,0,0,0,0
0.219780,0.220838,121,255,128,255,23,1,71,189,128,0,0,0,0,0,0,0
0.274725,0.257994,121,255,128,255,23,1,71,189,128,0,0,0,0,0,0,0
0.329670,0.321946,121,255,128,255,23,1,78,190,0,0,0,0,0,0,0,0
0.329670,0.331693,121,255,128,255,23,1,55,190,0,0,0,0,0,0,0,0
0.384615,0.368694,121,255,128,255,24,1,72,190,0,0,0,0,0,0,0,0
0.439560,0.432647,121,255,128,255,23,1,63,190,0,0,0,0,0,0,0,0
0.439560,0.441782,121,255,127,255,24,1,63,190,0,0,0,0,0,0,0,0
0.494505,0.478836,121,255,127,255,24,1,64,189,0,0,0,0,0,0,0,0
0.549451,0.542836,121,255,127,255,23,2,71,190,0,0,0,0,0,0,0,0
0.549451,0.552176,121,255,128,255,23,1,53,190,0,0,0,0,0,0,0,0
0.604396,0.589126,121,255,127,255,23,1,74,189,128,0,0,0,0,0,0,0
0.659341,0.653905,121,255,127,255,23,1,58,189,128,0,0,0,0,0,0,0
0.659341,0.662927,121,255,127,255,24,1,76,189,128,0,0,0,0,0,0,0
0.714286,0.699829,121,255,126,255,23,1,76,190,128,0,0,0,0,0,0,0
0.769231,0.763844,121,255,126,255,23,1,58,189,128,0,0,0,0,0,0,0
0.769231,0.773063,121,255,126,255,23,1,58,189,128,0,0,0,0,0,0,0
0.824176,0.810068,121,255,126,255,23,1,63,190,128,0,0,0,0,0,0,0
0.879121,0.874175,121,255,125,255,24,1,64,189,0,0,0,0,0,0,0,0
0.879121,0.884021,121,255,126,255,23,1,63,189,0,0,0,0,0,0,0,0
0.934066,0.920820,121,255,126,255,23,1,64,189,0,0,0,0,0,0,0,0
0.989011,0.984830,121,255,126,255,23,1,64,189,0,0,0,0,0,0,0,0
0.989011,0.993803,121,255,125,255,23,1,64,189,0,0,0,0,0,0,0,0
1.043956,1.030653,121,255,125,255,23,1,56,190,0,0,0,0,0,0,0,0
1.098901,1.094707,121,255,125,255,24,2,73,190,0,0,0,0,0,0,0,0
1.098901,1.103788,121,255,125,255,24,2,73,190,0,0,0,0,0,0,0,0
1.153846,1.140741,121,255,125,255,24,2,73,190,0,0,0,0,0,0,0,0
1.208791,1.204745,121,255,125,255,23,1,50,190,0,0,0,0,0,0,0,0
1.208791,1.213824,121,255,124,255,23,1,50,189,128,0,0,0,0,0,0,0
1.263736,1.251440,121,255,125,255,23,1,74,189,128,0,0,0,0,0,0,0
1.318681,1.315497,121,255,125,255,24,1,50,190,128,0,0,0,0,0,0,0
1.318681,1.324524,121,255,123,255,23,1,72,189,128,0,0,0,0,0,0,0
1.373626,1.361528,121,255,123,255,23,1,53,189,128,0,0,0,0,0,0,0
1.428571,1.425482,121,255,123,255,23,1,74,189,128,0,0,0,0,0,0,0
1.428571,1.434664,121,255,123,255,23,1,74,189,128,0,0,0,0,0,0,0
1.483516,1.471614,121,255,123,255,23,1,54,189,0,0,0,0,0,0,0,0
1.538462,1.536545,121,255,122,255,23,1,72,190,0,0,0,0,0,0,0,0
1.538462,1.545723,121,255,122,255,23,1,51,190,0,0,0,0,0,0,0,0
1.593407,1.582675,121,255,122,255,23,1,68,189,0,0,0,0,0,0,0,0
1.648352,1.646731,121,255,122,255,23,1,53,189,0,0,0,0,0,0,0,0
1.648352,1.655809,121,255,122,255,23,1,72,189,0,0,0,0,0,0,0,0
1.703297,1.692813,121,255,121,255,24,2,55,189,0,0,0,0,0,0,0,0
1.758242,1.756818,121,255,122,255,24,2,55,190,128,0,0,0,0,0,0,0
1.813187,1.794253,121,255,121,255,24,1,74,190,128,0,0,0,0,0,0,0
1.813187,1.803309,121,255,121,255,23,1,59,189,128,0,0,0,0,0,0,0
1.868132,1.867315,121,255,121,255,23,1,72,189,128,0,0,0,0,0,0,0
1.923077,1.903993,121,255,121,255,24,1,61,190,128,0,0,0,0,0,0,0
1.923077,1.913040,121,255,122,255,23,1,76,190,128,0,0,0,0,0,0,0
1.978022,1.976993,121,255,121,255,24,0,76,190,128,0,0,0,0,0,0,0
2.032967,2.013539,121,255,121,255,24,0,63,190,128,0,0,0,0,0,0,0
2.032967,2.022564,121,255,121,255,24,1,72,190,0,0,0,0,0,0,0,0
2.087912,2.087384,121,255,121,255,24,1,72,190,0,0,0,0,0,0,0,0
2.142857,2.124082,121,255,120,255,23,1,72,190,0,0,0,0,0,0,0,0
2.142857,2.133110,121,255,120,255,23,1,75,190,0,0,0,0,0,0,0,0
2.197802,2.197117,121,255,120,255,23,1,64,189,0,0,0,0,0,0,0,0
2.252747,2.233914,121,255,119,255,24,1,64,189,0,0,0,0,0,0,0,0
2.252747,2.242994,121,255,120,255,24,1,75,190,0,0,0,0,0,0,0,0
2.307692,2.306947,121,255,120,255,24,1,64,190,0,0,0,0,0,0,0,0
2.362637,2.343511,121,255,120,255,24,1,64,190,0,0,0,0,0,0,0,0
2.362637,2.352570,121,255,119,255,24,2,65,190,128,0,0,0,0,0,0,0
2.417583,2.417238,121,255,119,255,24,2,65,190,128,0,0,0,0,0,0,0
2.472528,2.453835,121,255,118,255,23,1,67,190,128,0,0,0,0,0,0,0
2.472528,2.463269,121,255,118,255,24,0,67,190,128,0,0,0,0,0,0,0
2.527472,2.527221,121,255,118,255,24,0,80,190,128,0,0,0,0,0,0,0
2.582417,2.563869,121,255,118,255,23,1,75,190,128,0,0,0,0,0,0,0
2.582417,2.573255,121,255,118,255,23,1,72,189,0,0,0,0,0,0,0,0
2.637363,2.637923,121,255,118,255,23,1,79,190,0,0,0,0,0,0,0,0
2.692308,2.674416,121,255,118,255,23,1,66,189,0,0,0,0,0,0,0,0
2.692308,2.683697,121,255,117,255,24,2,79,189,0,0,0,0,0,0,0,0
2.747253,2.747705,121,255,117,255,24,2,79,190,0,0,0,0,0,0,0,0
2.802198,2.784349,121,255,117,255,24,2,79,190,0,0,0,0,0,0,0,0
2.802198,2.793890,121,255,117,255,23,1,82,190,0,0,0,0,0,0,0,0
2.857143,2.857998,121,255,116,255,23,1,69,190,0,0,0,0,0,0,0,0
2.912088,2.894538,121,255,116,255,23,1,76,189,128,0,0,0,0,0,0,0
2.912088,2.904490,121,255,117,255,24,2,74,190,128,0,0,0,0,0,0,0
2.967033,2.968596,121,255,117,255,24,2,74,190,128,0,0,0,0,0,0,0
3.021978,3.005293,121,255,116,255,24,1,74,190,128,0,0,0,0,0,0,0
3.021978,3.014778,121,255,116,255,24,1,78,190,128,0,0,0,0,0,0,0
3.076923,3.078993,121,255,116,255,23,1,64,190,128,0,0,0,0,0,0,0
3.131868,3.115483,121,255,116,255,24,2,84,190,128,0,0,0,0,0,0,0
3.131868,3.124762,121,255,115,255,24,1,71,190,128,0,0,0,0,0,0,0
3.186813,3.188870,121,255,115,255,24,1,71,190,128,0,0,0,0,0,0,0
3.241758,3.225363,121,255,114,255,23,1,71,190,128,0,0,0,0,0,0,0
3.241758,3.234646,121,255,115,255,24,1,71,190,0,0,0,0,0,0,0,0
3.296703,3.299470,121,255,114,255,24,2,72,190,0,0,0,0,0,0,0,0
3.351648,3.336014,121,255,114,255,23,1,71,190,0,0,0,0,0,0,0,0
3.351648,3.345369,121,255,114,255,23,1,64,190,0,0,0,0,0,0,0,0
3.406593,3.409355,121,255,113,255,23,1,83,190,0,0,0,0,0,0,0,0
3.461539,3.445947,121,255,112,255,23,1,65,189,0,0,0,0,0,0,0,0
3.461539,3.455187,121,255,112,255,23,1,84,189,0,0,0,0,0,0,0,0
3.516484,3.519185,121,255,113,255,24,1,84,190,128,0,0,0,0,0,0,0
3.571429,3.556344,121,255,113,255,24,1,74,190,128,0,0,0,0,0,0,0
3.571429,3.565732,121,255,113,255,24,1,74,190,128,0,0,0,0,0,0,0
3.626374,3.629835,121,255,113,255,24,1,74,190,128,0,0,0,0,0,0,0
3.681319,3.666329,121,255,112,255,24,1,64,190,128,0,0,0,0,0,0,0
3.681319,3.675714,121,255,112,255,23,1,79,189,128,0,0,0,0,0,0,0
3.736264,3.739717,121,255,112,255,23,1,79,189,128,0,0,0,0,0,0,0
3.791209,3.776208,121,255,112,255,23,1,79,189,128,0,0,0,0,0,0,0
3.791209,3.785701,121,255,111,255,23,1,73,190,0,0,0,0,0,0,0,0
3.846154,3.850418,121,255,111,255,24,2,59,190,0,0,0,0,0,0,0,0
3.901099,3.886859,121,255,110,255,23,1,64,190,0,0,0,0,0,0,0,0
3.901099,3.896245,121,255,110,255,23,1,69,190,0,0,0,0,0,0,0,0
3.956044,3.960250,121,255,110,255,23,1,64,190,0,0,0,0,0,0,0,0
4.010989,3.996741,121,255,111,255,24,2,64,190,0,0,0,0,0,0,0,0
4.010989,4.006180,121,255,110,255,24,2,78,190,0,0,0,0,0,0,0,0
4.065934,4.070181,121,255,110,255,24,2,60,189,128,0,0,0,0,0,0,0
4.120879,4.107341,121,255,110,255,23,1,76,190,128,0,0,0,0,0,0,0
4.120879,4.116622,121,255,109,255,23,1,53,190,128,0,0,0,0,0,0,0
4.175824,4.180630,121,255,109,255,23,1,72,190,128,0,0,0,0,0,0,0
4.230769,4.217017,121,255,109,255,23,1,72,190,128,0,0,0,0,0,0,0
4.230769,4.226507,121,255,109,255,23,1,72,190,128,0,0,0,0,0,0,0
4.285714,4.290612,121,255,109,255,24,1,72,190,128,0,0,0,0,0,0,0
4.340659,4.327207,121,255,109,255,24,1,83,190,128,0,0,0,0,0,0,0
4.340659,4.336544,121,255,109,255,24,1,83,190,128,0,0,0,0,0,0,0
4.395605,4.400546,121,255,108,255,24,1,80,190,0,0,0,0,0,0,0,0
4.450550,4.437808,121,255,108,255,23,1,55,189,0,0,0,0,0,0,0,0
4.450550,4.447241,121,255,107,255,23,1,64,190,0,0,0,0,0,0,0,0
4.505495,4.511354,121,255,107,255,23,1,64,190,0,0,0,0,0,0,0,0
4.560440,4.547998,121,255,107,255,23,1,55,190,0,0,0,0,0,0,0,0
4.560440,4.557383,121,255,106,255,23,1,55,190,0,0,0,0,0,0,0,0
4.615385,4.621385,121,255,106,255,23,1,63,189,128,0,0,0,0,0,0,0
4.670330,4.658698,121,255,106,255,24,2,53,190,128,0,0,0,0,0,0,0
4.670330,4.668034,121,255,105,255,23,1,78,190,128,0,0,0,0,0,0,0
4.725275,4.704576,121,255,105,255,24,1,59,190,128,0,0,0,0,0,0,0
4.780220,4.768580,121,255,105,255,24,0,59,190,128,0,0,0,0,0,0,0
4.780220,4.778071,121,255,105,255,24,0,72,190,128,0,0,0,0,0,0,0
4.835165,4.814511,121,255,104,255,24,0,72,190,128,0,0,0,0,0,0,0
4.890110,4.878566,121,255,104,255,23,1,52,190,128,0,0,0,0,0,0,0
4.890110,4.888057,121,255,104,255,24,2,74,189,0,0,0,0,0,0,0,0
4.945055,4.925313,121,255,103,255,24,2,53,190,0,0,0,0,0,0,0,0
5.000000,4.989262,121,255,103,255,24,2,53,190,0,0,0,0,0,0,0,0
5.000000,4.998603,121,255,103,255,23,1,53,190,0,0,0,0,0,0,0,0
5.054945,5.035192,121,255,102,255,23,1,61,190,0,0,0,0,0,0,0,0
5.109890,5.099200,121,255,102,255,23,1,56,189,0,0,0,0,0,0,0,0
5.109890,5.108638,121,255,102,255,23,1,63,189,0,0,0,0,0,0,0,0
5.164835,5.145179,121,255,103,255,23,1,43,189,0,0,0,0,0,0,0,0
5.219780,5.209080,121,255,101,255,23,1,66,190,128,0,0,0,0,0,0,0
5.219780,5.219032,121,255,101,255,23,1,51,190,128,0,0,0,0,0,0,0
5.274725,5.255572,121,255,101,255,24,0,51,190,128,0,0,0,0,0,0,0
5.329670,5.319580,121,255,101,255,24,0,72,190,128,0,0,0,0,0,0,0
5.329670,5.329222,121,255,101,255,24,0,63,190,128,0,0,0,0,0,0,0
5.384615,5.365811,121,255,101,255,23,1,56,190,128,0,0,0,0,0,0,0
5.439560,5.429920,121,255,101,255,24,1,74,190,128,0,0,0,0,0,0,0
5.439560,5.439411,121,255,101,255,24,1,74,190,128,0,0,0,0,0,0,0
5.494505,5.475953,121,255,101,255,23,1,72,190,128,0,0,0,0,0,0,0
5.549450,5.539907,121,255,101,255,23,1,72,190,0,0,0,0,0,0,0,0
5.549450,5.549909,121,255,100,255,23,1,72,190,0,0,0,0,0,0,0,0
5.604395,5.586500,121,255,100,255,24,0,64,190,0,0,0,0,0,0,0,0
5.659341,5.650507,121,255,100,255,24,0,64,190,0,0,0,0,0,0,0,0
5.659341,5.659895,121,255,99,255,23,1,51,190,0,0,0,0,0,0,0,0
5.714286,5.696690,121,255,99,255,24,1,74,190,0,0,0,0,0,0,0,0
5.769231,5.760695,121,255,99,255,24,1,74,190,0,0,0,0,0,0,0,0
5.769231,5.770083,121,255,99,255,23,1,74,190,0,0,0,0,0,0,0,0
5.824176,5.806575,121,255,98,255,23,1,76,189,128,0,0,0,0,0,0,0
5.879121,5.871243,121,255,98,255,23,1,75,189,128,0,0,0,0,0,0,0
5.879121,5.880734,121,255,98,255,23,1,68,190,128,0,0,0,0,0,0,0
5.934066,5.917427,121,255,98,255,24,2,63,190,128,0,0,0,0,0,0,0
5.989011,5.981796,121,255,97,255,24,0,51,190,128,0,0,0,0,0,0,0
5.989011,5.990818,121,255,97,255,24,0,51,190,128,0,0,0,0,0,0,0
6.043956,6.027415,121,255,95,255,24,0,51,190,128,0,0,0,0,0,0,0
6.098901,6.091690,121,255,95,255,24,0,47,190,0,0,0,0,0,0,0,0
6.098901,6.101418,121,255,95,255,24,0,68,190,0,0,0,0,0,0,0,0
6.153846,6.138168,121,255,95,255,24,0,68,190,0,0,0,0,0,0,0,0
6.208791,6.202276,121,255,95,255,24,0,80,190,0,0,0,0,0,0,0,0
6.208791,6.211247,121,255,95,255,24,0,80,190,0,0,0,0,0,0,0,0
6.263736,6.247739,121,255,95,255,23,1,64,190,0,0,0,0,0,0,0,0
6.318681,6.311766,121,255,94,255,24,1,64,190,0,0,0,0,0,0,0,0
6.318681,6.320771,121,255,95,255,24,2,63,189,0,0,0,0,0,0,0,0
6.373626,6.357314,121,255,95,255,23,1,48,189,128,0,0,0,0,0,0,0
6.428571,6.422040,121,255,94,255,23,1,63,190,128,0,0,0,0,0,0,0
6.428571,6.431169,121,255,94,255,23,1,48,189,128,0,0,0,0,0,0,0
6.483517,6.467812,121,255,93,255,23,1,76,190,128,0,0,0,0,0,0,0
6.538462,6.531819,121,255,93,255,23,1,76,190,128,0,0,0,0,0,0,0
6.538462,6.540792,121,255,93,255,23,1,54,190,128,0,0,0,0,0,0,0
6.593407,6.577336,121,255,92,255,23,1,80,190,128,0,0,0,0,0,0,0
6.648352,6.641381,121,255,92,255,24,2,53,190,0,0,0,0,0,0,0,0
6.648352,6.651086,121,255,92,255,24,2,53,190,0,0,0,0,0,0,0,0
6.703297,6.687678,121,255,91,255,23,1,51,189,0,0,0,0,0,0,0,0
6.758242,6.751686,121,255,92,255,23,1,68,190,0,0,0,0,0,0,0,0
6.758242,6.760813,121,255,92,255,24,2,68,190,0,0,0,0,0,0,0,0
6.813187,6.797358,121,255,91,255,24,2,53,190,0,0,0,0,0,0,0,0
6.868132,6.861365,121,255,91,255,23,1,72,190,0,0,0,0,0,0,0,0
6.868132,6.870442,121,255,91,255,24,2,63,190,0,0,0,0,0,0,0,0
6.923077,6.907035,121,255,91,255,24,2,63,190,0,0,0,0,0,0,0,0
6.978022,6.971046,121,255,89,255,24,2,63,190,128,0,0,0,0,0,0,0
6.978022,6.980733,121,255,90,255,23,1,64,190,128,0,0,0,0,0,0,0
7.032967,7.017326,121,255,90,255,23,1,64,189,128,0,0,0,0,0,0,0
7.087912,7.081334,121,255,89,255,23,1,64,189,128,0,0,0,0,0,0,0
7.087912,7.090364,121,255,89,255,24,1,52,190,128,0,0,0,0,0,0,0
7.142857,7.126953,121,255,89,255,24,1,52,190,128,0,0,0,0,0,0,0
7.197802,7.191061,121,255,89,255,24,1,52,190,128,0,0,0,0,0,0,0
7.197802,7.200294,121,255,88,255,23,1,72,189,128,0,0,0,0,0,0,0
7.252747,7.236887,121,255,88,255,23,1,50,189,0,0,0,0,0,0,0,0
7.307693,7.301558,121,255,88,255,24,1,50,189,0,0,0,0,0,0,0,0
7.307693,7.310535,121,255,87,255,24,2,68,190,0,0,0,0,0,0,0,0
7.362638,7.347126,121,255,87,255,23,1,43,190,0,0,0,0,0,0,0,0
7.417583,7.411338,121,255,88,255,23,1,68,190,0,0,0,0,0,0,0,0
7.417583,7.420367,121,255,86,255,23,1,47,189,0,0,0,0,0,0,0,0
7.472528,7.456960,121,255,86,255,23,1,47,189,0,0,0,0,0,0,0,0
7.527472,7.521222,121,255,86,255,23,1,47,189,0,0,0,0,0,0,0,0
7.527472,7.530299,121,255,86,255,23,1,47,190,128,0,0,0,0,0,0,0
7.582417,7.567609,121,255,85,255,23,1,64,190,128,0,0,0,0,0,0,0
7.637362,7.631613,121,255,85,255,23,1,51,190,128,0,0,0,0,0,0,0
7.637362,7.640641,121,255,85,255,23,1,51,190,128,0,0,0,0,0,0,0
7.692307,7.677186,121,255,85,255,23,1,47,189,128,0,0,0,0,0,0,0
7.747253,7.741192,121,255,85,255,23,1,48,190,128,0,0,0,0,0,0,0
7.747253,7.750216,121,255,85,255,24,1,48,190,128,0,0,0,0,0,0,0
7.802198,7.786864,121,255,85,255,24,1,63,190,0,0,0,0,0,0,0,0
7.857143,7.851892,121,255,84,255,24,1,63,190,0,0,0,0,0,0,0,0
7.857143,7.860868,121,255,84,255,23,1,73,190,0,0,0,0,0,0,0,0
7.912088,7.897357,121,255,84,255,23,1,43,189,0,0,0,0,0,0,0,0
7.967033,7.961365,121,255,83,255,24,1,57,190,0,0,0,0,0,0,0,0
7.967033,7.970342,121,255,83,255,23,1,39,190,0,0,0,0,0,0,0,0
8.021978,8.007038,121,255,83,255,23,1,39,190,0,0,0,0,0,0,0,0
8.076923,8.071151,121,255,83,255,23,1,60,190,0,0,0,0,0,0,0,0
8.076923,8.080121,121,255,83,255,23,1,47,190,128,0,0,0,0,0,0,0
8.131868,8.117327,121,255,83,255,23,1,47,190,128,0,0,0,0,0,0,0
8.186813,8.181540,121,255,82,255,23,1,63,190,128,0,0,0,0,0,0,0
8.186813,8.190620,121,255,82,255,23,1,63,190,128,0,0,0,0,0,0,0
8.241758,8.227159,121,255,82,255,23,1,63,190,128,0,0,0,0,0,0,0
8.296703,8.291165,121,255,82,255,23,1,63,189,128,0,0,0,0,0,0,0
8.296703,8.300143,121,255,81,255,23,1,37,189,128,0,0,0,0,0,0,0
8.351648,8.336840,121,255,81,255,23,1,64,190,128,0,0,0,0,0,0,0
8.406593,8.401202,121,255,82,255,24,1,45,190,0,0,0,0,0,0,0,0
8.406593,8.410939,121,255,82,255,24,1,45,190,0,0,0,0,0,0,0,0
8.461538,8.447743,121,255,82,255,24,1,45,190,0,0,0,0,0,0,0,0
8.516483,8.511748,121,255,81,255,23,1,48,190,0,0,0,0,0,0,0,0
8.516483,8.520832,121,255,81,255,23,1,48,190,0,0,0,0,0,0,0,0
8.571428,8.557727,121,255,80,255,23,1,59,190,0,0,0,0,0,0,0,0
8.626373,8.621735,121,255,80,255,24,1,39,189,0,0,0,0,0,0,0,0
8.626373,8.630762,121,255,80,255,23,1,68,190,128,0,0,0,0,0,0,0
8.681318,8.668481,121,255,80,255,23,1,51,190,128,0,0,0,0,0,0,0
8.736263,8.732487,121,255,80,255,24,1,64,190,128,0,0,0,0,0,0,0
8.791209,8.769032,121,255,79,255,24,2,61,190,128,0,0,0,0,0,0,0
8.791209,8.778314,121,255,79,255,24,2,61,190,128,0,0,0,0,0,0,0
8.846154,8.842216,121,255,78,255,24,2,61,190,128,0,0,0,0,0,0,0
8.901099,8.878797,121,255,78,255,24,1,63,189,128,0,0,0,0,0,0,0
8.901099,8.888247,121,255,77,255,23,1,50,190,128,0,0,0,0,0,0,0
8.956044,8.952558,121,255,78,255,23,1,72,190,0,0,0,0,0,0,0,0
9.010989,8.989868,121,255,77,255,23,1,63,190,0,0,0,0,0,0,0,0
9.010989,8.999153,121,255,77,255,24,1,64,190,0,0,0,0,0,0,0,0
9.065934,9.063156,121,255,77,255,24,1,64,190,0,0,0,0,0,0,0,0
9.120879,9.099648,121,255,77,255,24,0,63,190,0,0,0,0,0,0,0,0
9.120879,9.108933,121,255,77,255,24,0,63,190,0,0,0,0,0,0,0,0
9.175824,9.172992,121,255,77,255,24,0,63,190,0,0,0,0,0,0,0,0
9.230769,9.209432,121,255,76,255,23,1,55,190,0,0,0,0,0,0,0,0
9.230769,9.218761,121,255,76,255,23,1,64,190,0,0,0,0,0,0,0,0
9.285714,9.282875,121,255,76,255,24,1,74,190,128,0,0,0,0,0,0,0
9.340659,9.320079,121,255,74,255,23,1,74,190,128,0,0,0,0,0,0,0
9.340659,9.329464,121,255,75,255,23,1,53,190,128,0,0,0,0,0,0,0
9.395604,9.393472,121,255,75,255,23,1,72,189,128,0,0,0,0,0,0,0
9.450549,9.430117,121,255,74,255,24,2,55,190,128,0,0,0,0,0,0,0
9.450549,9.439349,121,255,74,255,24,2,48,190,128,0,0,0,0,0,0,0
9.505494,9.503715,121,255,74,255,24,1,63,190,128,0,0,0,0,0,0,0
9.560439,9.540306,121,255,74,255,23,1,47,190,128,0,0,0,0,0,0,0
9.560439,9.549592,121,255,74,255,23,1,47,190,0,0,0,0,0,0,0,0
9.615385,9.614516,121,255,74,255,23,1,64,190,0,0,0,0,0,0,0,0
9.670330,9.651056,121,255,74,255,23,1,64,190,0,0,0,0,0,0,0,0
9.670330,9.660345,121,255,74,255,23,1,64,190,0,0,0,0,0,0,0,0
9.725275,9.724549,121,255,74,255,23,2,69,190,0,0,0,0,0,0,0,0
9.780220,9.761199,121,255,74,255,24,1,49,190,0,0,0,0,0,0,0,0
9.780220,9.770637,121,255,74,255,24,2,64,190,0,0,0,0,0,0,0,0
9.835165,9.834743,121,255,72,255,23,2,64,190,128,0,0,0,0,0,0,0
9.890110,9.872050,121,255,73,255,23,1,63,190,128,0,0,0,0,0,0,0
9.890110,9.881342,121,255,73,255,23,1,43,190,128,0,0,0,0,0,0,0
9.945055,9.945442,121,255,73,255,24,1,66,190,128,0,0,0,0,0,0,0
10.000000,9.982084,121,255,73,255,24,1,66,190,128,0,0,0,0,0,0,0
10.000000,9.991478,121,255,71,255,23,1,64,190,128,0,0,0,0,0,0,0
10.054945,10.055688,121,255,71,255,24,1,64,190,128,0,0,0,0,0,0,0
10.109890,10.092070,121,255,72,255,24,1,63,189,128,0,0,0,0,0,0,0
10.109890,10.101457,121,255,72,255,24,1,49,190,0,0,0,0,0,0,0,0
10.164835,10.166180,121,255,72,255,23,1,69,190,0,0,0,0,0,0,0,0
10.219780,10.202773,121,255,71,255,23,1,51,190,0,0,0,0,0,0,0,0
10.219780,10.212159,121,255,71,255,23,1,64,190,0,0,0,0,0,0,0,0
10.274725,10.276267,121,255,71,255,23,1,64,190,0,0,0,0,0,0,0,0
10.329670,10.312759,121,255,70,255,23,1,64,190,0,0,0,0,0,0,0,0
10.329670,10.322196,121,255,70,255,23,1,47,190,0,0,0,0,0,0,0,0
10.384615,10.386250,121,255,71,255,23,1,47,190,0,0,0,0,0,0,0,0
10.439561,10.422794,121,255,71,255,23,1,55,190,128,0,0,0,0,0,0,0
10.439561,10.433001,121,255,70,255,23,1,64,190,128,0,0,0,0,0,0,0
10.494506,10.497052,121,255,69,255,23,1,63,190,128,0,0,0,0,0,0,0
10.549451,10.533546,121,255,69,255,23,1,63,190,128,0,0,0,0,0,0,0
10.549451,10.542883,121,255,69,255,24,1,63,190,128,0,0,0,0,0,0,0
10.604396,10.607038,121,255,70,255,23,1,74,190,128,0,0,0,0,0,0,0
10.659341,10.643531,121,255,69,255,23,1,55,190,128,0,0,0,0,0,0,0
10.659341,10.653022,121,255,69,255,23,1,64,190,0,0,0,0,0,0,0,0
10.714286,10.717893,121,255,69,255,24,1,55,190,0,0,0,0,0,0,0,0
10.769231,10.754436,121,255,68,255,24,2,48,190,0,0,0,0,0,0,0,0
10.769231,10.763723,121,255,69,255,23,1,63,190,0,0,0,0,0,0,0,0
10.824176,10.827775,121,255,69,255,23,1,63,190,0,0,0,0,0,0,0,0
10.879121,10.864421,121,255,68,255,23,1,47,189,0,0,0,0,0,0,0,0
10.879121,10.874116,121,255,67,255,23,1,64,190,0,0,0,0,0,0,0,0
10.934066,10.938222,121,255,67,255,23,1,55,190,0,0,0,0,0,0,0,0
10.989011,10.974763,121,255,68,255,23,1,56,189,128,0,0,0,0,0,0,0
10.989011,10.984715,121,255,67,255,24,1,63,190,128,0,0,0,0,0,0,0
11.043956,11.021313,121,255,67,255,24,2,47,190,128,0,0,0,0,0,0,0
11.098901,11.085315,121,255,67,255,23,1,47,190,128,0,0,0,0,0,0,0
11.098901,11.094699,121,255,68,255,23,1,72,190,128,0,0,0,0,0,0,0
11.153846,11.131396,121,255,66,255,23,1,55,189,128,0,0,0,0,0,0,0
11.208791,11.195399,121,255,66,255,24,2,72,190,128,0,0,0,0,0,0,0
11.208791,11.204988,121,255,67,255,23,1,58,189,128,0,0,0,0,0,0,0
11.263737,11.241684,121,255,66,255,24,0,48,190,0,0,0,0,0,0,0,0
11.318682,11.306358,121,255,66,255,23,1,71,190,0,0,0,0,0,0,0,0
11.318682,11.315640,121,255,66,255,23,1,71,190,0,0,0,0,0,0,0,0
11.373627,11.352235,121,255,66,255,23,1,46,190,0,0,0,0,0,0,0,0
11.428572,11.416238,121,255,65,255,23,1,46,190,0,0,0,0,0,0,0,0
11.428572,11.425730,121,255,65,255,23,1,47,190,0,0,0,0,0,0,0,0
11.483517,11.462473,121,255,66,255,24,2,60,190,0,0,0,0,0,0,0,0
11.538462,11.526480,121,255,65,255,24,1,55,190,128,0,0,0,0,0,0,0
11.538462,11.536587,121,255,64,255,24,1,52,190,128,0,0,0,0,0,0,0
11.593407,11.573229,121,255,64,255,23,1,52,190,128,0,0,0,0,0,0,0
11.648352,11.637230,121,255,64,255,23,1,63,190,128,0,0,0,0,0,0,0
11.648352,11.646569,121,255,64,255,23,1,63,190,128,0,0,0,0,0,0,0
11.703297,11.683312,121,255,64,255,23,1,64,190,128,0,0,0,0,0,0,0
11.758242,11.747320,121,255,65,255,24,0,47,190,128,0,0,0,0,0,0,0
11.758242,11.756706,121,255,63,255,23,1,64,190,128,0,0,0,0,0,0,0
11.813187,11.793302,121,255,65,255,23,1,55,190,128,0,0,0,0,0,0,0
11.868132,11.857304,121,255,64,255,23,1,55,189,0,0,0,0,0,0,0,0
11.868132,11.867306,121,255,65,255,23,1,64,190,0,0,0,0,0,0,0,0
11.923077,11.904052,121,255,64,255,24,1,63,189,0,0,0,0,0,0,0,0
11.978022,11.968055,121,255,64,255,24,2,64,189,0,0,0,0,0,0,0,0
11.978022,11.977494,121,255,64,255,23,1,76,190,0,0,0,0,0,0,0,0
12.032967,12.014089,121,255,63,255,23,1,47,190,0,0,0,0,0,0,0,0
12.087913,12.078529,121,255,64,255,23,1,64,190,0,0,0,0,0,0,0,0
12.087913,12.087531,121,255,64,255,23,1,64,190,0,0,0,0,0,0,0,0
12.142858,12.124125,121,255,63,255,23,1,59,190,128,0,0,0,0,0,0,0
12.197803,12.189053,121,255,62,255,24,2,64,190,128,0,0,0,0,0,0,0
12.197803,12.198028,121,255,62,255,23,2,79,190,128,0,0,0,0,0,0,0
12.252748,12.234673,121,255,62,255,23,1,58,189,128,0,0,0,0,0,0,0
12.307693,12.298938,121,255,62,255,23,1,80,190,128,0,0,0,0,0,0,0
12.307693,12.307908,121,255,61,255,23,1,63,190,128,0,0,0,0,0,0,0
12.362638,12.344502,121,255,62,255,23,1,63,190,128,0,0,0,0,0,0,0
12.417583,12.408512,121,255,61,255,23,1,68,190,128,0,0,0,0,0,0,0
12.417583,12.417536,121,255,61,255,23,1,84,190,0,0,0,0,0,0,0,0
12.472528,12.454845,121,255,61,255,23,1,58,189,0,0,0,0,0,0,0,0
12.527472,12.518855,121,255,61,255,23,1,58,189,0,0,0,0,0,0,0,0
12.527472,12.527929,121,255,61,255,24,0,55,190,0,0,0,0,0,0,0,0
12.582417,12.564525,121,255,60,255,23,1,64,190,0,0,0,0,0,0,0,0
12.637362,12.628633,121,255,61,255,23,1,64,190,0,0,0,0,0,0,0,0
12.637362,12.637821,121,255,60,255,23,1,79,189,0,0,0,0,0,0,0,0
12.692307,12.674356,121,255,60,255,23,1,67,190,128,0,0,0,0,0,0,0
12.747252,12.739078,121,255,61,255,24,1,88,190,128,0,0,0,0,0,0,0
12.747252,12.748055,121,255,61,255,24,1,63,190,128,0,0,0,0,0,0,0
12.802197,12.784852,121,255,59,255,24,2,64,190,128,0,0,0,0,0,0,0
12.857142,12.849011,121,255,60,255,23,1,71,190,128,0,0,0,0,0,0,0
12.857142,12.858040,121,255,58,255,23,1,71,190,128,0,0,0,0,0,0,0
12.912087,12.894683,121,255,58,255,23,2,53,190,128,0,0,0,0,0,0,0
12.967033,12.958692,121,255,58,255,23,1,73,190,128,0,0,0,0,0,0,0
12.967033,12.967666,121,255,60,255,23,1,63,189,0,0,0,0,0,0,0,0
13.021978,13.005033,121,255,58,255,23,1,72,190,0,0,0,0,0,0,0,0
13.076923,13.068930,121,255,58,255,23,1,72,190,0,0,0,0,0,0,0,0
13.076923,13.077908,121,255,59,255,24,1,72,190,0,0,0,0,0,0,0,0
13.131868,13.114758,121,255,58,255,24,1,59,190,0,0,0,0,0,0,0,0
13.186813,13.178709,121,255,58,255,24,2,74,190,0,0,0,0,0,0,0,0
13.186813,13.187789,121,255,58,255,23,1,63,190,0,0,0,0,0,0,0,0
13.241758,13.224585,121,255,58,255,23,1,68,190,0,0,0,0,0,0,0,0
13.296703,13.288591,121,255,57,255,23,1,82,190,128,0,0,0,0,0,0,0
13.296703,13.298335,121,255,58,255,24,0,63,190,128,0,0,0,0,0,0,0
13.351648,13.334929,121,255,58,255,24,2,63,190,128,0,0,0,0,0,0,0
13.406593,13.399294,121,255,57,255,24,2,74,190,128,0,0,0,0,0,0,0
13.406593,13.408321,121,255,57,255,23,1,71,190,128,0,0,0,0,0,0,0
13.461538,13.445017,121,255,57,255,24,1,64,190,128,0,0,0,0,0,0,0
13.516483,13.509090,121,255,57,255,24,1,78,190,128,0,0,0,0,0,0,0
13.516483,13.518052,121,255,56,255,24,2,63,190,0,0,0,0,0,0,0,0
13.571428,13.555773,121,255,56,255,24,1,72,190,0,0,0,0,0,0,0,0
13.626373,13.619723,121,255,55,255,24,1,72,190,0,0,0,0,0,0,0,0
13.626373,13.628803,121,255,56,255,24,1,71,190,0,0,0,0,0,0,0,0
13.681318,13.665908,121,255,56,255,24,2,64,190,0,0,0,0,0,0,0,0
13.736263,13.729917,121,255,56,255,24,2,64,190,0,0,0,0,0,0,0,0
13.736263,13.739042,121,255,56,255,24,1,57,189,0,0,0,0,0,0,0,0
13.791209,13.775740,121,255,56,255,24,1,57,189,0,0,0,0,0,0,0,0
13.846154,13.839746,121,255,56,255,24,2,75,189,0,0,0,0,0,0,0,0
13.846154,13.849083,121,255,56,255,23,1,75,190,128,0,0,0,0,0,0,0
13.901099,13.886597,121,255,56,255,23,1,51,190,128,0,0,0,0,0,0,0
13.956044,13.950754,121,255,54,255,23,1,51,190,128,0,0,0,0,0,0,0
14.010989,13.987555,121,255,54,255,23,1,79,190,128,0,0,0,0,0,0,0
14.010989,13.996630,121,255,54,255,23,1,79,190,128,0,0,0,0,0,0,0
14.065934,14.060740,121,255,53,255,23,1,80,190,128,0,0,0,0,0,0,0
14.120879,14.097484,121,255,54,255,23,2,55,190,128,0,0,0,0,0,0,0
14.120879,14.106509,121,255,54,255,23,2,55,190,128,0,0,0,0,0,0,0
14.175824,14.170520,121,255,53,255,23,2,55,190,128,0,0,0,0,0,0,0
14.230769,14.207421,121,255,53,255,23,1,78,190,0,0,0,0,0,0,0,0
14.230769,14.217162,121,255,53,255,23,1,56,190,0,0,0,0,0,0,0,0
14.285714,14.281271,121,255,52,255,23,2,74,190,0,0,0,0,0,0,0,0
14.340659,14.318019,121,255,51,255,24,1,63,190,0,0,0,0,0,0,0,0
14.340659,14.327093,121,255,53,255,23,1,54,190,0,0,0,0,0,0,0,0
14.395604,14.391050,121,255,51,255,24,1,54,190,0,0,0,0,0,0,0,0
14.450549,14.427747,121,255,51,255,24,1,72,189,0,0,0,0,0,0,0,0
14.450549,14.437389,121,255,51,255,24,2,55,190,128,0,0,0,0,0,0,0
14.505494,14.502162,121,255,51,255,24,1,48,189,128,0,0,0,0,0,0,0
14.560439,14.539165,121,255,52,255,23,1,65,190,128,0,0,0,0,0,0,0
14.560439,14.548396,121,255,51,255,23,1,53,190,128,0,0,0,0,0,0,0
14.615385,14.612556,121,255,50,255,23,1,72,190,128,0,0,0,0,0,0,0
14.670330,14.649457,121,255,50,255,23,1,72,190,128,0,0,0,0,0,0,0
14.670330,14.658532,121,255,50,255,23,1,79,190,128,0,0,0,0,0,0,0
14.725275,14.722748,121,255,50,255,23,1,79,190,128,0,0,0,0,0,0,0
14.780220,14.759699,121,255,50,255,23,1,64,190,0,0,0,0,0,0,0,0
14.780220,14.769440,121,255,50,255,24,2,55,190,0,0,0,0,0,0,0,0
14.835165,14.833700,121,255,49,255,23,1,42,190,0,0,0,0,0,0,0,0
14.890110,14.870450,121,255,50,255,23,0,74,190,0,0,0,0,0,0,0,0
14.890110,14.879537,121,255,49,255,23,0,74,190,0,0,0,0,0,0,0,0
14.945055,14.943585,121,255,48,255,23,1,59,190,0,0,0,0,0,0,0,0
15.000000,14.980335,121,255,48,255,24,2,64,190,0,0,0,0,0,0,0,0
15.000000,14.989582,121,255,48,255,23,1,79,190,128,0,0,0,0,0,0,0
15.054945,15.054287,121,255,47,255,24,1,50,190,128,0,0,0,0,0,0,0
15.109890,15.091085,121,255,47,255,24,1,50,190,128,0,0,0,0,0,0,0
15.109890,15.100164,121,255,47,255,24,1,50,190,128,0,0,0,0,0,0,0
15.164835,15.164220,121,255,46,255,24,1,50,190,128,0,0,0,0,0,0,0
15.219780,15.201070,121,255,48,255,24,1,48,190,128,0,0,0,0,0,0,0
15.219780,15.210150,121,255,48,255,23,2,74,190,128,0,0,0,0,0,0,0
15.274725,15.274205,121,255,47,255,23,1,51,190,128,0,0,0,0,0,0,0
15.329670,15.311107,121,255,46,255,24,0,64,190,0,0,0,0,0,0,0,0
15.329670,15.320848,121,255,46,255,24,0,64,190,0,0,0,0,0,0,0,0
15.384615,15.384908,121,255,46,255,24,0,64,190,0,0,0,0,0,0,0,0
15.439561,15.421652,121,255,46,255,24,0,64,190,0,0,0,0,0,0,0,0
15.439561,15.430835,121,255,46,255,24,1,52,190,0,0,0,0,0,0,0,0
15.494506,15.494891,121,255,46,255,24,2,51,190,0,0,0,0,0,0,0,0
15.549451,15.531591,121,255,46,255,24,1,64,190,0,0,0,0,0,0,0,0
15.549451,15.540770,121,255,45,255,23,1,80,190,128,0,0,0,0,0,0,0
15.604396,15.605489,121,255,45,255,23,1,47,190,128,0,0,0,0,0,0,0
15.659341,15.642392,121,255,45,255,23,1,64,190,128,0,0,0,0,0,0,0
15.659341,15.651369,121,255,44,255,24,1,64,190,128,0,0,0,0,0,0,0
15.714286,15.715371,121,255,45,255,24,0,63,190,128,0,0,0,0,0,0,0
15.769231,15.752225,121,255,45,255,23,1,43,190,128,0,0,0,0,0,0,0
15.769231,15.761405,121,255,44,255,24,1,66,190,128,0,0,0,0,0,0,0
15.824176,15.825459,121,255,44,255,23,1,55,190,128,0,0,0,0,0,0,0
15.879121,15.862462,121,255,43,255,23,1,56,189,128,0,0,0,0,0,0,0
15.879121,15.871542,121,255,42,255,24,1,56,189,0,0,0,0,0,0,0,0
15.934066,15.936263,121,255,42,255,24,1,74,190,0,0,0,0,0,0,0,0
15.989011,15.973061,121,255,43,255,24,1,55,190,0,0,0,0,0,0,0,0
15.989011,15.982196,121,255,43,255,23,2,66,190,0,0,0,0,0,0,0,0
16.043957,16.046146,121,255,42,255,23,1,63,190,0,0,0,0,0,0,0,0
16.098902,16.082943,121,255,42,255,23,1,46,190,0,0,0,0,0,0,0,0
16.098902,16.091974,121,255,42,255,24,1,62,190,0,0,0,0,0,0,0,0
16.153847,16.156027,121,255,42,255,24,1,62,190,0,0,0,0,0,0,0,0
16.208792,16.192980,121,255,41,255,24,1,62,190,0,0,0,0,0,0,0,0
16.208792,16.202059,121,255,41,255,24,1,48,190,128,0,0,0,0,0,0,0
16.263737,16.239491,121,255,41,255,24,1,48,190,128,0,0,0,0,0,0,0
16.318682,16.303473,121,255,41,255,23,1,51,190,128,0,0,0,0,0,0,0
16.318682,16.312710,121,255,41,255,23,1,64,190,128,0,0,0,0,0,0,0
16.373627,16.349701,121,255,39,255,23,1,63,190,128,0,0,0,0,0,0,0
16.428572,16.413715,121,255,39,255,23,1,63,190,128,0,0,0,0,0,0,0
16.428572,16.423002,121,255,40,255,23,1,63,190,128,0,0,0,0,0,0,0
16.483517,16.459595,121,255,40,255,23,1,64,190,0,0,0,0,0,0,0,0
16.538462,16.524420,121,255,40,255,23,1,53,190,0,0,0,0,0,0,0,0
16.538462,16.533501,121,255,39,255,23,1,52,189,0,0,0,0,0,0,0,0
16.593407,16.570192,121,255,40,255,23,0,72,190,0,0,0,0,0,0,0,0
16.648352,16.634365,121,255,40,255,23,1,51,190,0,0,0,0,0,0,0,0
16.648352,16.643379,121,254,39,255,24,2,51,190,0,0,0,0,0,0,0,0
16.703297,16.680025,121,255,39,255,24,2,68,190,0,0,0,0,0,0,0,0
16.758242,16.743979,121,255,39,255,24,1,63,190,128,0,0,0,0,0,0,0
16.758242,16.753826,121,255,39,255,24,1,63,190,128,0,0,0,0,0,0,0
16.813187,16.790468,121,255,38,255,24,1,68,190,128,0,0,0,0,0,0,0
16.868132,16.854523,121,255,38,255,24,0,47,190,128,0,0,0,0,0,0,0
16.868132,16.863607,121,255,38,255,24,0,47,190,128,0,0,0,0,0,0,0
16.923077,16.900200,121,255,37,255,23,1,47,190,128,0,0,0,0,0,0,0
16.978022,16.964151,121,255,38,255,23,1,59,190,128,0,0,0,0,0,0,0
16.978022,16.973387,121,255,38,255,24,0,33,190,128,0,0,0,0,0,0,0
17.032967,17.009979,121,255,37,255,23,1,58,189,0,0,0,0,0,0,0,0
17.087912,17.074598,121,255,37,255,23,1,58,189,0,0,0,0,0,0,0,0
17.087912,17.083784,121,255,37,255,23,1,64,190,0,0,0,0,0,0,0,0
17.142857,17.120323,121,255,38,255,24,2,53,190,0,0,0,0,0,0,0,0
17.197802,17.184277,121,255,38,255,23,2,53,190,0,0,0,0,0,0,0,0
17.197802,17.193460,121,255,38,255,23,1,32,190,0,0,0,0,0,0,0,0
17.252747,17.230104,121,255,38,255,23,1,32,190,0,0,0,0,0,0,0,0
17.307692,17.294210,121,255,38,255,23,1,32,190,0,0,0,0,0,0,0,0
17.307692,17.303291,121,255,36,255,23,1,40,190,128,0,0,0,0,0,0,0
17.362637,17.340551,121,255,36,255,23,1,40,190,128,0,0,0,0,0,0,0
17.417582,17.404505,121,255,36,255,23,1,40,190,128,0,0,0,0,0,0,0
17.417582,17.413891,121,255,34,255,24,1,40,190,128,0,0,0,0,0,0,0
17.472527,17.450535,121,255,36,255,24,2,71,190,128,0,0,0,0,0,0,0
17.527473,17.514486,121,255,36,255,23,1,48,190,128,0,0,0,0,0,0,0
17.527473,17.523975,121,255,35,255,23,1,62,190,128,0,0,0,0,0,0,0
17.582418,17.560572,121,255,35,255,24,1,45,190,0,0,0,0,0,0,0,0
17.637363,17.625290,121,255,34,255,24,2,56,190,0,0,0,0,0,0,0,0
17.637363,17.634779,121,255,34,255,23,1,63,190,0,0,0,0,0,0,0,0
17.692308,17.671322,121,255,34,255,23,1,63,190,0,0,0,0,0,0,0,0
17.747253,17.735329,121,255,34,255,23,1,63,190,0,0,0,0,0,0,0,0
17.747253,17.744612,121,255,34,255,23,1,63,190,0,0,0,0,0,0,0,0
17.802198,17.781155,121,255,33,255,23,1,71,190,0,0,0,0,0,0,0,0
17.857143,17.845160,121,255,33,255,23,1,71,190,0,0,0,0,0,0,0,0
17.857143,17.854595,121,255,34,255,23,1,71,190,0,0,0,0,0,0,0,0
17.912088,17.891291,121,255,33,255,23,1,71,190,128,0,0,0,0,0,0,0
17.967033,17.955967,121,255,33,255,24,1,43,190,128,0,0,0,0,0,0,0
17.967033,17.965246,121,255,33,255,24,1,66,190,128,0,0,0,0,0,0,0
18.021978,18.001888,121,255,33,255,24,1,66,190,128,0,0,0,0,0,0,0
18.076923,18.065897,121,255,33,255,23,2,72,190,128,0,0,0,0,0,0,0
18.076923,18.075281,121,255,32,255,23,1,71,190,128,0,0,0,0,0,0,0
18.131868,18.111824,122,255,32,255,23,1,56,191,128,0,0,0,0,0,0,0
18.186813,18.175829,122,255,32,255,23,1,56,191,128,0,0,0,0,0,0,0
18.186813,18.185064,122,255,32,255,23,1,56,191,128,0,0,0,0,0,0,0
18.241758,18.221657,122,255,32,255,23,1,56,191,128,0,0,0,0,0,0,0
18.296703,18.285711,122,255,32,255,23,1,56,191,128,0,0,0,0,0,0,0
18.296703,18.295151,122,255,31,251,24,1,57,191,0,0,0,0,0,0,0,0
18.351648,18.332153,122,255,31,248,24,1,68,191,0,0,0,0,0,0,0,0
18.406593,18.395954,122,255,32,246,23,2,63,191,0,0,0,0,0,0,0,0
18.406593,18.405083,122,255,31,245,24,1,63,191,0,0,0,0,0,0,0,0
18.461538,18.441469,122,255,31,244,24,1,48,191,128,0,0,0,0,0,0,0
18.516483,18.505938,122,255,32,244,24,1,68,191,128,0,0,0,0,0,0,0
18.516483,18.515066,122,255,32,242,23,2,47,190,128,0,0,0,0,0,0,0
18.571428,18.551506,122,255,30,241,23,2,70,190,128,0,0,0,0,0,0,0
18.626373,18.615309,122,254,29,240,24,1,55,191,128,0,0,0,0,0,0,0
18.626373,18.624489,122,253,30,238,23,2,72,191,128,0,0,0,0,0,0,0
18.681318,18.660929,122,250,29,237,24,2,72,191,128,0,0,0,0,0,0,0
18.736263,18.724731,122,250,29,234,24,1,67,191,128,0,0,0,0,0,0,0
18.736263,18.733809,122,247,29,234,23,1,64,191,0,0,0,0,0,0,0,0
18.791208,18.770861,122,247,29,232,23,1,79,191,0,0,0,0,0,0,0,0
18.846153,18.834562,122,245,30,232,23,2,53,190,0,0,0,0,0,0,0,0
18.846153,18.843538,122,243,29,230,24,1,76,191,0,0,0,0,0,0,0,0
18.901098,18.879978,122,241,30,230,23,1,55,191,0,0,0,0,0,0,0,0
18.956043,18.943624,122,241,29,228,23,1,55,191,0,0,0,0,0,0,0,0
18.956043,18.952805,122,241,28,228,23,1,80,191,0,0,0,0,0,0,0,0
19.010988,18.989197,122,241,28,226,24,1,63,190,0,0,0,0,0,0,0,0
19.065933,19.052895,122,238,28,226,24,1,80,191,128,0,0,0,0,0,0,0
19.065933,19.062740,122,236,29,223,23,2,63,191,128,0,0,0,0,0,0,0
19.120878,19.099077,122,234,27,222,23,2,64,191,128,0,0,0,0,0,0,0
19.175825,19.162725,122,233,27,220,23,1,64,191,128,0,0,0,0,0,0,0
19.175825,19.172060,122,232,27,218,23,1,78,191,128,0,0,0,0,0,0,0
19.230770,19.208397,122,232,27,218,24,1,64,191,128,0,0,0,0,0,0,0
19.285715,19.272043,122,232,27,218,24,1,64,191,128,0,0,0,0,0,0,0
19.285715,19.280762,122,230,27,217,23,2,64,191,128,0,0,0,0,0,0,0
19.340660,19.317255,122,228,27,216,24,1,84,191,128,0,0,0,0,0,0,0
19.395605,19.380903,122,226,28,214,24,1,71,191,0,0,0,0,0,0,0,0
19.395605,19.390339,122,224,26,214,23,1,71,190,0,0,0,0,0,0,0,0
19.450550,19.426783,122,224,26,211,23,2,74,191,0,0,0,0,0,0,0,0
19.505495,19.490480,122,224,26,211,23,1,63,191,0,0,0,0,0,0,0,0
19.505495,19.499197,122,224,26,211,23,1,63,191,0,0,0,0,0,0,0,0
19.560440,19.535538,122,222,26,208,23,2,62,191,0,0,0,0,0,0,0,0
19.615385,19.599182,122,220,26,207,23,2,53,191,0,0,0,0,0,0,0,0
19.615385,19.607903,122,219,26,206,24,1,53,191,128,0,0,0,0,0,0,0
19.670330,19.644958,122,216,25,206,24,1,76,191,128,0,0,0,0,0,0,0
19.725275,19.708605,122,215,26,206,24,1,61,191,128,0,0,0,0,0,0,0
19.725275,19.717379,122,215,26,203,23,2,74,191,128,0,0,0,0,0,0,0
19.780220,19.781332,122,214,25,204,24,1,59,191,128,0,0,0,0,0,0,0
19.835165,19.817924,122,212,26,202,23,1,64,191,128,0,0,0,0,0,0,0
19.835165,19.826647,122,210,25,199,24,1,51,191,128,0,0,0,0,0,0,0
19.890110,19.890549,122,209,24,198,24,1,51,191,128,0,0,0,0,0,0,0
19.945055,19.927090,122,209,26,196,24,1,52,191,0,0,0,0,0,0,0,0
19.945055,19.936527,122,209,26,196,23,1,63,191,0,0,0,0,0,0,0,0
20.000000,20.000330,122,209,24,194,24,1,64,191,0,0,0,0,0,0,0,0
20.054945,20.037025,122,206,26,191,23,2,79,190,0,0,0,0,0,0,0,0
20.054945,20.045797,122,205,24,193,23,1,64,191,0,0,0,0,0,0,0,0
20.109890,20.109648,122,203,23,192,24,1,64,191,0,0,0,0,0,0,0,0
20.164835,20.146294,122,201,24,190,23,1,71,191,0,0,0,0,0,0,0,0
20.164835,20.155064,122,201,23,190,23,2,55,191,0,0,0,0,0,0,0,0
20.219780,20.218866,122,201,23,189,24,1,68,191,128,0,0,0,0,0,0,0
20.274725,20.256124,122,199,24,187,23,2,62,191,128,0,0,0,0,0,0,0
20.274725,20.264896,122,197,23,185,24,1,64,190,128,0,0,0,0,0,0,0
20.329670,20.328749,122,195,23,182,23,1,63,190,128,0,0,0,0,0,0,0
20.384615,20.365599,122,195,23,182,23,1,63,191,128,0,0,0,0,0,0,0
20.384615,20.374472,122,195,23,182,23,1,63,191,128,0,0,0,0,0,0,0
20.439560,20.438322,122,193,23,182,23,1,63,191,128,0,0,0,0,0,0,0
20.494505,20.474712,122,193,22,180,24,1,60,191,0,0,0,0,0,0,0,0
20.494505,20.484203,122,191,22,177,23,2,66,191,0,0,0,0,0,0,0,0
20.549450,20.548153,122,190,22,177,23,2,59,191,0,0,0,0,0,0,0,0
20.604395,20.584597,122,187,21,173,24,1,58,191,0,0,0,0,0,0,0,0
20.604395,20.593416,122,185,22,171,23,1,58,191,0,0,0,0,0,0,0,0
20.659340,20.657270,122,184,21,171,23,1,63,191,0,0,0,0,0,0,0,0
20.714285,20.693710,122,184,21,170,24,1,55,191,0,0,0,0,0,0,0,0
20.714285,20.702534,122,184,21,170,24,1,55,191,0,0,0,0,0,0,0,0
20.769230,20.766335,122,181,21,169,23,2,63,191,128,0,0,0,0,0,0,0
20.824175,20.803436,122,181,21,169,23,2,63,191,128,0,0,0,0,0,0,0
20.824175,20.812212,122,181,21,169,23,2,63,191,128,0,0,0,0,0,0,0
20.879122,20.876064,122,177,20,166,23,2,63,191,128,0,0,0,0,0,0,0
20.934067,20.912760,122,177,20,166,23,1,36,185,128,0,0,0,0,0,0,0
20.934067,20.921640,122,177,20,166,23,1,36,185,128,0,0,0,0,0,0,0
20.989012,20.985380,122,177,20,166,23,1,36,185,128,0,0,0,0,0,0,0
21.043957,21.021770,122,177,20,166,23,1,36,185,128,0,0,0,0,0,0,0
21.043957,21.030542,122,171,18,157,35,2,63,185,128,0,0,0,0,0,0,0
21.098902,21.094343,122,168,19,154,36,2,63,191,0,0,0,0,0,0,0,0
21.153847,21.131449,122,168,19,151,36,1,66,191,0,0,0,0,0,0,0,0
21.153847,21.140221,118,166,19,151,37,1,82,185,0,0,0,0,0,0,0,0
21.208792,21.204275,118,166,19,153,46,1,50,188,0,0,0,0,0,0,0,0
21.263737,21.240719,120,164,19,152,59,1,58,191,0,0,0,0,0,0,0,0
21.263737,21.249537,122,162,18,149,65,2,47,191,0,0,0,0,0,0,0,0
21.318682,21.313341,122,160,18,147,65,1,47,191,0,0,0,0,0,0,0,0
21.373627,21.349882,122,160,18,145,66,1,35,191,0,0,0,0,0,0,0,0
21.373627,21.358654,122,160,19,145,66,2,44,192,128,0,0,0,0,0,0,0
21.428572,21.423069,122,160,19,145,67,1,31,185,128,0,0,0,0,0,0,0
21.483517,21.459921,122,160,19,145,67,1,31,185,128,0,0,0,0,0,0,0
21.483517,21.468639,122,160,19,145,67,1,31,185,128,0,0,0,0,0,0,0
21.538462,21.532389,122,153,17,142,90,1,23,191,128,0,0,0,0,0,0,0
21.593407,21.568882,122,153,17,142,90,1,23,191,128,0,0,0,0,0,0,0
21.593407,21.577599,122,151,18,137,90,1,23,191,128,0,0,0,0,0,0,0
21.648352,21.641144,120,151,18,137,90,1,31,191,0,0,0,0,0,0,0,0
21.703297,21.678146,119,151,17,136,94,1,9,187,0,0,0,0,0,0,0,0
21.703297,21.686766,119,149,18,136,105,1,28,190,0,0,0,0,0,0,0,0
21.758242,21.750259,121,147,18,133,110,2,7,191,0,0,0,0,0,0,0,0
21.813187,21.786659,121,147,18,133,110,2,7,191,0,0,0,0,0,0,0,0
21.813187,21.795267,122,143,18,133,111,2,7,191,0,0,0,0,0,0,0,0
21.868132,21.858707,122,143,18,133,111,2,31,192,0,0,0,0,0,0,0,0
21.868132,21.867533,118,143,18,133,111,2,31,192,0,0,0,0,0,0,0,0
21.923077,21.903820,118,143,18,129,116,1,26,191,128,0,0,0,0,0,0,0
21.978022,21.968027,122,141,17,126,120,1,15,191,128,0,0,0,0,0,0,0
21.978022,21.977465,122,139,16,125,122,1,1,191,128,0,0,0,0,0,0,0
22.032967,22.013857,122,137,17,125,121,1,1,191,128,0,0,0,0,0,0,0
22.087912,22.077299,122,135,14,123,121,1,12,191,128,0,0,0,0,0,0,0
22.087912,22.086325,122,135,14,123,122,1,1,191,128,0,0,0,0,0,0,0
22.142857,22.122562,119,135,14,123,122,1,1,191,128,0,0,0,0,0,0,0
22.197802,22.186155,119,133,16,121,125,2,19,191,128,0,0,0,0,0,0,0
22.197802,22.194979,122,130,16,119,125,1,6,190,128,0,0,0,0,0,0,0
22.252747,22.231369,121,130,16,120,127,1,6,190,0,0,0,0,0,0,0,0
22.307692,22.295628,121,130,14,120,126,1,29,190,0,0,0,0,0,0,0,0
22.307692,22.304710,122,128,14,120,126,2,15,190,0,0,0,0,0,0,0,0
22.362637,22.341097,122,128,14,119,126,1,32,190,0,0,0,0,0,0,0,0
22.417582,22.404795,122,128,14,117,126,1,15,189,0,0,0,0,0,0,0,0
22.417582,22.413618,121,126,15,117,126,1,9,189,0,0,0,0,0,0,0,0
22.472527,22.449955,121,125,16,116,126,1,19,189,0,0,0,0,0,0,0,0
22.527473,22.513451,121,123,14,114,127,2,19,189,128,0,0,0,0,0,0,0
22.527473,22.523041,121,122,13,113,127,2,8,190,128,0,0,0,0,0,0,0
22.582418,22.559376,121,122,13,113,127,1,36,190,128,0,0,0,0,0,0,0
22.637363,22.622921,121,122,14,111,127,2,27,190,128,0,0,0,0,0,0,0
22.637363,22.632002,121,122,13,112,127,2,40,189,128,0,0,0,0,0,0,0
22.692308,22.668184,121,122,13,112,127,2,40,189,128,0,0,0,0,0,0,0
22.747253,22.731779,122,119,13,113,133,1,24,189,128,0,0,0,0,0,0,0
22.747253,22.740349,122,118,14,113,131,1,24,191,128,0,0,0,0,0,0,0
22.802198,22.776531,122,118,15,113,131,1,31,190,0,0,0,0,0,0,0,0
22.857143,22.840689,122,118,15,113,132,2,18,191,0,0,0,0,0,0,0,0
22.857143,22.849361,122,118,15,113,132,2,18,191,0,0,0,0,0,0,0,0
22.912088,22.885651,118,117,15,114,137,1,22,191,0,0,0,0,0,0,0,0
22.967033,22.949192,122,117,14,114,138,1,36,191,0,0,0,0,0,0,0,0
22.967033,22.957861,122,116,14,114,140,1,36,190,0,0,0,0,0,0,0,0
23.021978,23.021559,122,115,14,114,140,1,19,191,0,0,0,0,0,0,0,0
23.076923,23.057899,122,116,14,114,140,2,24,191,0,0,0,0,0,0,0,0
23.076923,23.066515,122,116,14,114,140,2,31,191,128,0,0,0,0,0,0,0
23.131868,23.130980,122,116,15,117,140,2,24,186,128,0,0,0,0,0,0,0
23.186813,23.167526,119,116,13,114,139,2,31,189,128,0,0,0,0,0,0,0
23.186813,23.176245,121,115,13,115,140,1,31,189,128,0,0,0,0,0,0,0
23.241758,23.239941,121,115,13,115,140,1,16,190,128,0,0,0,0,0,0,0
23.296703,23.276230,121,115,13,115,140,1,16,190,128,0,0,0,0,0,0,0
23.296703,23.284798,122,115,13,115,140,1,16,190,128,0,0,0,0,0,0,0
23.351648,23.348494,122,115,13,114,127,1,66,191,0,0,0,0,0,0,0,0
23.406593,23.385502,122,115,16,115,126,2,51,190,0,0,0,0,0,0,0,0
23.406593,23.394064,122,115,16,115,126,2,51,190,0,0,0,0,0,0,0,0
23.461538,23.457815,122,115,16,115,126,2,51,190,0,0,0,0,0,0,0,0
23.516483,23.494410,122,115,16,115,126,2,51,190,0,0,0,0,0,0,0,0
23.516483,23.502975,122,115,16,115,126,2,51,190,0,0,0,0,0,0,0,0
23.571428,23.566774,122,115,14,118,121,1,63,191,0,0,0,0,0,0,0,0
23.626373,23.603062,122,115,15,117,122,1,64,188,0,0,0,0,0,0,0,0
23.626373,23.611782,120,116,14,120,120,2,71,191,0,0,0,0,0,0,0,0
23.681318,23.675581,122,116,16,119,120,2,71,191,128,0,0,0,0,0,0,0
23.736263,23.712742,122,116,14,120,120,2,72,191,128,0,0,0,0,0,0,0
23.736263,23.721357,122,116,16,120,120,1,79,191,128,0,0,0,0,0,0,0
23.791208,23.784903,122,116,16,119,120,1,69,191,128,0,0,0,0,0,0,0
23.846153,23.821396,122,116,16,119,120,1,69,191,128,0,0,0,0,0,0,0
23.846153,23.830061,122,117,15,122,119,2,65,189,128,0,0,0,0,0,0,0
23.901098,23.893557,121,118,17,122,119,1,80,189,128,0,0,0,0,0,0,0
23.956043,23.929895,122,118,15,125,118,1,80,191,128,0,0,0,0,0,0,0
23.956043,23.938564,122,119,17,125,118,1,55,190,0,0,0,0,0,0,0,0
24.010988,24.002773,122,120,17,125,119,1,72,190,0,0,0,0,0,0,0,0
24.065933,24.039165,122,120,17,125,117,1,67,191,0,0,0,0,0,0,0,0
24.065933,24.047781,122,120,17,125,117,1,67,191,0,0,0,0,0,0,0,0
24.120878,24.111324,122,120,17,126,117,1,79,190,0,0,0,0,0,0,0,0
24.120878,24.120251,121,121,17,125,116,1,79,190,0,0,0,0,0,0,0,0
24.175825,24.156487,122,122,17,127,116,1,88,190,0,0,0,0,0,0,0,0
24.230770,24.220081,121,124,17,127,116,1,71,190,0,0,0,0,0,0,0,0
24.230770,24.229061,122,124,17,127,117,1,64,190,128,0,0,0,0,0,0,0
24.285715,24.266064,122,124,17,130,116,1,75,190,128,0,0,0,0,0,0,0
24.340660,24.329655,122,124,17,130,117,1,76,190,128,0,0,0,0,0,0,0
24.340660,24.338531,122,125,18,130,113,1,91,190,128,0,0,0,0,0,0,0
24.395605,24.374714,122,125,18,130,113,1,91,191,128,0,0,0,0,0,0,0
24.450550,24.438261,122,125,18,130,113,1,91,191,128,0,0,0,0,0,0,0
24.450550,24.447393,122,126,18,130,113,1,91,191,128,0,0,0,0,0,0,0
24.505495,24.483576,122,126,18,133,107,2,71,191,0,0,0,0,0,0,0,0
24.560440,24.547834,122,127,18,133,107,2,96,191,0,0,0,0,0,0,0,0
24.560440,24.556660,122,127,18,133,107,1,87,189,0,0,0,0,0,0,0,0
24.615385,24.592846,122,127,18,133,107,1,87,189,0,0,0,0,0,0,0,0
24.670330,24.656294,122,127,18,133,107,1,87,189,0,0,0,0,0,0,0,0
24.670330,24.665161,122,127,18,133,107,1,87,189,0,0,0,0,0,0,0,0
24.725275,24.701500,121,127,18,133,107,1,87,189,0,0,0,0,0,0,0,0
24.780220,24.764990,121,130,18,135,106,1,83,190,0,0,0,0,0,0,0,0
24.780220,24.774429,121,130,18,135,106,1,83,190,0,0,0,0,0,0,0,0
24.835165,24.810724,121,130,18,135,106,1,83,190,0,0,0,0,0,0,0,0
24.890110,24.874157,121,131,18,138,106,1,83,190,0,0,0,0,0,0,0,0
24.890110,24.882727,122,132,17,138,106,1,88,190,128,0,0,0,0,0,0,0
24.945055,24.919678,122,132,17,137,105,1,91,191,128,0,0,0,0,0,0,0
25.000000,24.983168,122,132,17,135,104,1,92,191,128,0,0,0,0,0,0,0
25.000000,24.991789,122,133,17,135,104,1,95,191,128,0,0,0,0,0,0,0
25.054945,25.028076,122,133,17,137,104,1,80,191,128,0,0,0,0,0,0,0
25.109890,25.091619,122,133,18,137,104,2,80,191,128,0,0,0,0,0,0,0
25.109890,25.100187,122,133,18,137,104,2,95,191,0,0,0,0,0,0,0,0
25.164835,25.137043,122,133,18,137,104,2,80,191,0,0,0,0,0,0,0,0
25.219780,25.200787,122,133,18,136,105,2,96,191,0,0,0,0,0,0,0,0
25.219780,25.209406,122,133,18,135,104,1,87,191,0,0,0,0,0,0,0,0
25.274725,25.272995,122,133,17,135,105,1,104,191,0,0,0,0,0,0,0,0
25.329670,25.309084,122,133,16,135,105,1,104,191,0,0,0,0,0,0,0,0
25.329670,25.317751,119,133,17,135,105,1,87,186,0,0,0,0,0,0,0,0
25.384615,25.381447,121,133,17,135,105,1,90,189,128,0,0,0,0,0,0,0
25.439560,25.418198,121,133,17,136,105,1,79,189,128,0,0,0,0,0,0,0
25.439560,25.426867,121,133,17,136,108,1,80,190,128,0,0,0,0,0,0,0
25.494505,25.490513,121,133,17,136,115,1,83,191,128,0,0,0,0,0,0,0
25.549450,25.526546,122,133,17,134,117,2,72,191,128,0,0,0,0,0,0,0
25.549450,25.535288,117,133,18,133,121,2,72,184,128,0,0,0,0,0,0,0
25.604395,25.598959,122,133,18,136,121,2,83,191,128,0,0,0,0,0,0,0
25.659340,25.635075,122,133,18,136,127,1,72,191,128,0,0,0,0,0,0,0
25.659340,25.643763,122,133,17,135,129,1,88,191,0,0,0,0,0,0,0,0
25.714285,25.708384,122,133,18,136,128,1,59,191,0,0,0,0,0,0,0,0
25.769230,25.744413,122,133,18,133,130,1,66,191,0,0,0,0,0,0,0,0
25.769230,25.753031,122,133,17,132,128,0,66,191,0,0,0,0,0,0,0,0
25.824175,25.816885,122,133,17,132,128,0,63,188,0,0,0,0,0,0,0,0
25.879122,25.852964,122,132,16,132,128,0,63,188,0,0,0,0,0,0,0,0
25.879122,25.861637,121,132,16,130,134,1,80,190,0,0,0,0,0,0,0,0
25.934067,25.925592,121,132,15,130,134,1,59,191,0,0,0,0,0,0,0,0
25.989012,25.961773,121,132,17,129,135,1,64,190,0,0,0,0,0,0,0,0
25.989012,25.970444,122,132,15,130,134,2,63,190,128,0,0,0,0,0,0,0
26.043957,26.034962,118,132,15,129,138,2,63,185,128,0,0,0,0,0,0,0
26.098902,26.071196,122,131,17,129,138,1,55,191,128,0,0,0,0,0,0,0
26.098902,26.079866,121,130,17,126,141,1,72,191,128,0,0,0,0,0,0,0
26.153847,26.143618,121,130,17,125,141,1,51,190,128,0,0,0,0,0,0,0
26.153847,26.152132,122,129,16,125,142,1,56,191,128,0,0,0,0,0,0,0
26.208792,26.188419,122,129,16,125,142,1,56,191,128,0,0,0,0,0,0,0
26.263737,26.252428,122,128,15,122,144,1,56,191,128,0,0,0,0,0,0,0
26.263737,26.260986,120,127,15,121,144,1,47,187,0,0,0,0,0,0,0,0
26.318682,26.297993,122,126,15,121,153,2,66,191,0,0,0,0,0,0,0,0
26.373627,26.361847,122,126,15,120,156,1,55,191,0,0,0,0,0,0,0,0
26.373627,26.370308,122,125,16,120,156,1,36,191,0,0,0,0,0,0,0,0
26.428572,26.406645,122,125,16,120,156,1,36,191,0,0,0,0,0,0,0,0
26.483517,26.470654,122,124,16,119,157,1,43,191,0,0,0,0,0,0,0,0
26.483517,26.479628,119,124,16,119,165,1,43,185,0,0,0,0,0,0,0,0
26.538462,26.515863,122,123,16,119,165,2,36,191,128,0,0,0,0,0,0,0
26.593407,26.580328,122,122,16,120,166,1,47,191,128,0,0,0,0,0,0,0
26.593407,26.588945,122,122,16,120,168,1,23,191,128,0,0,0,0,0,0,0
26.648352,26.625181,122,122,15,117,167,2,32,191,128,0,0,0,0,0,0,0
26.703297,26.688984,122,122,16,118,168,1,45,191,128,0,0,0,0,0,0,0
26.703297,26.697603,121,122,15,118,168,1,45,191,128,0,0,0,0,0,0,0
26.758242,26.733839,121,121,15,120,168,1,23,190,128,0,0,0,0,0,0,0
26.813187,26.797739,122,120,15,120,168,2,44,190,128,0,0,0,0,0,0,0
26.813187,26.806412,122,120,15,117,167,1,55,190,0,0,0,0,0,0,0,0
26.868132,26.843361,122,120,16,117,167,1,32,190,0,0,0,0,0,0,0,0
26.923077,26.907110,122,120,16,117,167,1,32,190,0,0,0,0,0,0,0,0
26.923077,26.915779,122,121,16,116,167,1,43,190,0,0,0,0,0,0,0,0
26.978022,26.952068,119,119,13,117,167,1,43,186,0,0,0,0,0,0,0,0
27.032967,27.015970,121,118,14,117,167,2,40,189,0,0,0,0,0,0,0,0
27.032967,27.024590,122,118,14,114,165,2,62,191,0,0,0,0,0,0,0,0
27.087912,27.060974,122,118,13,114,158,1,43,192,0,0,0,0,0,0,0,0
27.142857,27.124622,122,117,13,114,155,1,64,191,128,0,0,0,0,0,0,0
27.142857,27.133907,122,117,13,114,155,1,64,191,128,0,0,0,0,0,0,0
27.197802,27.170309,122,117,13,110,155,1,64,191,128,0,0,0,0,0,0,0
27.252747,27.233944,122,116,14,110,155,1,42,190,128,0,0,0,0,0,0,0
27.252747,27.242769,122,115,14,110,156,1,65,190,128,0,0,0,0,0,0,0
27.307692,27.279064,122,115,13,112,155,1,63,190,128,0,0,0,0,0,0,0
27.362637,27.342907,122,114,13,109,155,1,68,191,128,0,0,0,0,0,0,0
27.362637,27.351572,122,113,13,109,155,2,82,191,128,0,0,0,0,0,0,0
27.417582,27.415274,122,113,13,107,156,1,65,191,0,0,0,0,0,0,0,0
27.472527,27.452330,122,113,13,107,156,1,65,186,0,0,0,0,0,0,0,0
27.472527,27.460945,122,113,13,107,156,1,65,186,0,0,0,0,0,0,0,0
27.527473,27.524693,121,111,13,107,156,1,65,186,0,0,0,0,0,0,0,0
27.582418,27.560827,121,111,14,107,162,1,68,191,0,0,0,0,0,0,0,0
27.582418,27.569445,121,110,13,106,172,1,63,190,0,0,0,0,0,0,0,0
27.637363,27.633041,122,109,14,105,174,1,40,190,0,0,0,0,0,0,0,0
27.692308,27.669228,122,109,13,103,174,1,40,191,0,0,0,0,0,0,0,0
27.692308,27.677845,122,109,13,103,174,1,53,184,128,0,0,0,0,0,0,0
27.747253,27.742207,122,108,13,103,174,1,53,184,128,0,0,0,0,0,0,0
27.802198,27.778339,122,108,13,104,190,2,32,192,128,0,0,0,0,0,0,0
27.802198,27.787422,122,107,13,101,189,1,23,191,128,0,0,0,0,0,0,0
27.857143,27.851168,122,106,14,101,189,2,32,192,128,0,0,0,0,0,0,0
27.912088,27.887405,122,105,11,101,191,2,32,192,128,0,0,0,0,0,0,0
27.912088,27.896027,122,105,13,99,189,2,39,192,128,0,0,0,0,0,0,0
27.967033,27.960079,123,103,12,99,189,1,24,192,128,0,0,0,0,0,0,0
28.021978,27.996214,123,103,12,100,190,2,41,192,0,0,0,0,0,0,0,0
28.021978,28.005495,123,103,12,97,190,1,19,192,0,0,0,0,0,0,0,0
28.076923,28.069447,122,102,13,99,190,1,32,192,0,0,0,0,0,0,0,0
28.131868,28.105686,122,102,13,99,190,1,32,192,0,0,0,0,0,0,0,0
28.131868,28.114456,123,101,11,95,190,2,32,192,0,0,0,0,0,0,0,0
28.186813,28.178514,122,101,12,97,190,2,32,192,0,0,0,0,0,0,0,0
28.241758,28.214752,122,101,12,97,192,1,31,192,0,0,0,0,0,0,0,0
28.241758,28.223621,122,101,13,99,190,1,32,192,128,0,0,0,0,0,0,0
28.296703,28.288191,122,100,13,97,190,1,55,192,128,0,0,0,0,0,0,0
28.351648,28.324377,122,100,13,97,190,1,55,192,128,0,0,0,0,0,0,0
28.351648,28.333149,123,101,13,98,191,1,44,192,128,0,0,0,0,0,0,0
28.406593,28.397255,123,100,11,100,190,1,44,192,128,0,0,0,0,0,0,0
28.461538,28.433493,123,99,13,100,190,2,23,192,128,0,0,0,0,0,0,0
28.461538,28.442368,123,99,13,98,190,1,42,192,128,0,0,0,0,0,0,0
28.516483,28.506317,123,99,12,97,192,1,43,192,128,0,0,0,0,0,0,0
28.571428,28.542562,123,99,11,95,190,2,40,192,0,0,0,0,0,0,0,0
28.571428,28.551991,123,99,11,95,190,2,40,192,0,0,0,0,0,0,0,0
28.626373,28.615896,122,98,11,97,190,1,40,192,0,0,0,0,0,0,0,0
28.681318,28.652140,123,98,12,97,190,1,36,192,0,0,0,0,0,0,0,0
28.681318,28.661003,122,98,13,97,192,2,51,192,0,0,0,0,0,0,0,0
28.736263,28.725061,122,98,13,98,191,1,29,191,0,0,0,0,0,0,0,0
28.736263,28.733829,122,98,13,98,191,1,49,191,0,0,0,0,0,0,0,0
28.791208,28.770477,122,97,13,98,191,2,31,191,0,0,0,0,0,0,0,0
28.846153,28.834482,122,97,11,97,190,1,48,191,0,0,0,0,0,0,0,0
28.846153,28.843254,122,97,12,97,191,1,48,192,128,0,0,0,0,0,0,0
28.901098,28.880463,122,97,13,95,191,1,31,191,128,0,0,0,0,0,0,0
28.956043,28.944468,122,97,13,95,190,1,56,191,128,0,0,0,0,0,0,0
28.956043,28.953238,122,97,13,98,190,1,46,191,128,0,0,0,0,0,0,0
29.010988,28.989626,122,97,11,100,191,1,64,191,128,0,0,0,0,0,0,0
29.065933,29.053579,122,96,13,98,190,1,42,191,128,0,0,0,0,0,0,0
29.065933,29.062351,122,97,14,101,191,2,42,191,128,0,0,0,0,0,0,0
29.120878,29.098740,122,97,13,102,190,2,60,192,128,0,0,0,0,0,0,0
29.175825,29.162645,122,97,12,102,190,1,42,191,0,0,0,0,0,0,0,0
29.175825,29.172235,122,97,12,101,191,1,57,191,0,0,0,0,0,0,0,0
29.230770,29.208572,122,98,13,101,189,2,31,191,0,0,0,0,0,0,0,0
29.285715,29.272575,122,98,13,101,189,2,31,191,0,0,0,0,0,0,0,0
29.285715,29.281296,122,99,14,104,190,1,48,191,0,0,0,0,0,0,0,0
29.340660,29.317638,122,99,14,104,190,1,48,191,0,0,0,0,0,0,0,0
29.395605,29.381639,122,99,14,106,190,1,48,191,0,0,0,0,0,0,0,0
29.395605,29.390413,118,99,14,106,190,2,52,185,128,0,0,0,0,0,0,0
29.450550,29.427418,121,99,14,105,190,1,63,189,128,0,0,0,0,0,0,0
29.505495,29.491524,121,100,13,105,191,1,56,189,128,0,0,0,0,0,0,0
29.505495,29.500294,121,100,13,105,191,1,56,189,128,0,0,0,0,0,0,0
29.560440,29.536583,121,101,14,106,190,1,64,189,128,0,0,0,0,0,0,0
29.615385,29.600485,121,102,13,106,184,1,64,189,128,0,0,0,0,0,0,0
29.615385,29.609207,121,102,13,106,184,2,63,192,128,0,0,0,0,0,0,0
29.670330,29.645647,119,102,13,106,184,2,63,192,128,0,0,0,0,0,0,0
29.725275,29.709558,119,102,13,109,171,1,77,192,0,0,0,0,0,0,0,0
29.725275,29.719088,123,103,14,109,169,2,97,191,0,0,0,0,0,0,0,0
29.780220,29.755272,123,103,14,109,169,2,97,191,0,0,0,0,0,0,0,0
29.835165,29.819334,122,104,14,110,168,1,97,191,0,0,0,0,0,0,0,0
29.835165,29.827999,122,103,14,111,168,1,104,191,0,0,0,0,0,0,0,0
29.890110,29.864336,122,104,14,111,168,1,80,191,0,0,0,0,0,0,0,0
29.945055,29.928186,121,104,14,113,167,2,103,189,0,0,0,0,0,0,0,0
29.945055,29.936857,121,106,13,114,167,2,88,190,0,0,0,0,0,0,0,0
30.000000,29.973198,121,106,13,113,167,2,95,189,0,0,0,0,0,0,0,0
30.054945,30.037098,121,107,14,113,168,1,88,189,128,0,0,0,0,0,0,0
30.054945,30.046381,121,108,16,113,168,1,88,190,128,0,0,0,0,0,0,0
30.109890,30.082613,121,108,16,113,168,1,103,190,128,0,0,0,0,0,0,0
30.164835,30.146366,121,108,16,113,168,1,103,190,128,0,0,0,0,0,0,0
30.164835,30.154997,121,108,16,115,168,1,99,191,128,0,0,0,0,0,0,0
30.219780,30.191065,122,109,16,117,168,1,100,191,128,0,0,0,0,0,0,0
30.274725,30.254868,122,110,14,115,169,2,94,191,128,0,0,0,0,0,0,0
30.274725,30.263487,122,110,16,117,168,1,94,191,0,0,0,0,0,0,0,0
30.329670,30.300386,122,110,16,117,168,1,98,191,0,0,0,0,0,0,0,0
30.384615,30.364290,122,111,14,117,168,1,98,191,0,0,0,0,0,0,0,0
30.384615,30.372957,119,111,14,118,167,1,98,187,0,0,0,0,0,0,0,0
30.439560,30.436605,119,112,14,115,167,2,85,190,0,0,0,0,0,0,0,0
30.494505,30.473047,121,112,16,115,168,1,95,190,0,0,0,0,0,0,0,0
30.494505,30.481661,121,113,14,117,168,1,90,190,0,0,0,0,0,0,0,0
30.549450,30.545309,121,113,14,117,168,1,90,190,0,0,0,0,0,0,0,0
30.604395,30.581396,121,113,14,117,168,1,90,190,0,0,0,0,0,0,0,0
30.604395,30.589960,120,113,14,117,168,1,90,190,0,0,0,0,0,0,0,0
30.659340,30.653606,120,113,15,119,174,1,83,191,128,0,0,0,0,0,0,0
30.714285,30.690357,120,113,15,119,174,1,83,191,128,0,0,0,0,0,0,0
30.714285,30.698923,120,113,15,119,174,1,83,191,128,0,0,0,0,0,0,0
30.769230,30.762669,122,115,14,117,181,2,83,191,128,0,0,0,0,0,0,0
30.824175,30.798754,122,115,15,117,181,2,83,191,128,0,0,0,0,0,0,0
30.824175,30.807371,122,115,15,117,181,2,64,191,128,0,0,0,0,0,0,0
30.879122,30.871222,122,115,15,117,181,2,77,191,0,0,0,0,0,0,0,0
30.934067,30.907970,122,116,14,119,182,1,72,191,0,0,0,0,0,0,0,0
30.934067,30.916586,122,116,16,122,182,1,79,191,0,0,0,0,0,0,0,0
30.989012,30.980745,122,117,15,119,181,2,79,191,0,0,0,0,0,0,0,0
31.043957,31.016830,122,117,16,118,181,2,72,191,0,0,0,0,0,0,0,0
31.043957,31.025446,122,117,16,118,181,2,67,191,0,0,0,0,0,0,0,0
31.098902,31.089144,119,117,16,118,181,2,70,186,0,0,0,0,0,0,0,0
31.153847,31.125229,119,117,16,115,181,2,71,189,128,0,0,0,0,0,0,0
31.153847,31.134514,121,116,14,117,181,1,80,190,128,0,0,0,0,0,0,0
31.208792,31.198311,121,116,16,117,181,1,79,190,128,0,0,0,0,0,0,0
31.263737,31.234289,121,116,16,117,181,1,79,189,128,0,0,0,0,0,0,0
31.263737,31.243063,121,115,14,114,181,1,80,189,128,0,0,0,0,0,0,0
31.318682,31.306913,122,115,14,114,181,1,72,190,128,0,0,0,0,0,0,0
31.318682,31.315531,122,115,14,113,175,2,80,192,128,0,0,0,0,0,0,0
31.373627,31.351820,123,115,14,113,173,2,78,192,128,0,0,0,0,0,0,0
31.428572,31.415518,123,115,13,111,173,1,88,192,128,0,0,0,0,0,0,0
31.428572,31.424135,122,114,13,111,173,1,88,192,0,0,0,0,0,0,0,0
31.483517,31.461086,122,113,14,110,173,1,79,192,0,0,0,0,0,0,0,0
31.538462,31.525091,123,113,13,110,174,2,82,192,0,0,0,0,0,0,0,0
31.538462,31.533863,122,113,13,109,173,1,85,192,0,0,0,0,0,0,0,0
31.593407,31.570099,122,113,13,109,173,2,80,192,0,0,0,0,0,0,0,0
31.648352,31.634003,122,111,14,108,174,2,95,192,0,0,0,0,0,0,0,0
31.648352,31.642616,123,111,14,106,174,1,84,192,0,0,0,0,0,0,0,0
31.703297,31.678806,123,110,13,106,173,1,84,192,0,0,0,0,0,0,0,0
31.758242,31.742453,123,109,13,106,173,1,104,192,128,0,0,0,0,0,0,0
31.758242,31.751734,123,110,13,106,174,2,79,192,128,0,0,0,0,0,0,0
31.813187,31.787971,123,110,13,105,173,1,96,192,128,0,0,0,0,0,0,0
31.868132,31.851780,122,109,13,105,173,1,73,192,128,0,0,0,0,0,0,0
31.868132,31.860439,123,108,14,103,172,2,72,192,128,0,0,0,0,0,0,0
31.923077,31.896677,123,108,14,106,173,2,72,192,128,0,0,0,0,0,0,0
31.978022,31.960526,123,108,14,106,173,2,79,192,128,0,0,0,0,0,0,0
31.978022,31.969299,123,107,14,106,173,2,79,192,128,0,0,0,0,0,0,0
32.032967,32.005531,122,107,14,106,173,1,88,192,0,0,0,0,0,0,0,0
32.087914,32.070206,122,107,13,105,173,2,74,192,0,0,0,0,0,0,0,0
32.087914,32.079029,123,106,14,104,173,1,84,192,0,0,0,0,0,0,0,0
32.142857,32.115265,122,105,12,101,173,1,79,192,0,0,0,0,0,0,0,0
32.197803,32.179062,123,104,13,102,173,1,79,192,0,0,0,0,0,0,0,0
32.197803,32.187683,123,104,11,102,173,1,72,192,0,0,0,0,0,0,0,0
32.252747,32.223869,123,103,11,98,173,1,89,192,0,0,0,0,0,0,0,0
32.307693,32.287716,123,103,13,98,173,1,75,192,128,0,0,0,0,0,0,0
32.307693,32.297104,123,103,13,98,173,1,75,192,128,0,0,0,0,0,0,0
32.362637,32.333290,123,103,13,98,173,1,75,192,128,0,0,0,0,0,0,0
32.417583,32.397240,123,100,12,95,172,2,75,192,128,0,0,0,0,0,0,0
32.417583,32.406067,122,100,12,93,172,2,72,192,128,0,0,0,0,0,0,0
32.472527,32.442505,122,100,12,93,173,1,63,192,128,0,0,0,0,0,0,0
32.527473,32.506405,123,100,12,93,173,1,63,192,128,0,0,0,0,0,0,0
32.527473,32.515182,123,99,11,90,173,1,79,192,128,0,0,0,0,0,0,0
32.582417,32.551651,123,98,11,90,173,1,63,192,0,0,0,0,0,0,0,0
32.637363,32.616444,122,96,10,87,173,2,74,192,0,0,0,0,0,0,0,0
32.637363,32.625217,122,96,10,87,173,2,74,192,0,0,0,0,0,0,0,0
32.692307,32.661556,123,95,11,86,173,2,74,192,0,0,0,0,0,0,0,0
32.747253,32.725456,123,93,11,86,173,1,64,192,0,0,0,0,0,0,0,0
32.747253,32.734280,123,93,11,83,173,1,73,192,0,0,0,0,0,0,0,0
32.802197,32.798080,123,91,10,81,172,2,58,192,0,0,0,0,0,0,0,0
32.857143,32.834621,123,90,11,79,173,1,70,192,0,0,0,0,0,0,0,0
32.857143,32.843395,123,88,9,78,173,1,70,192,0,0,0,0,0,0,0,0
32.912086,32.907402,123,88,10,77,173,1,63,192,128,0,0,0,0,0,0,0
32.967033,32.944660,122,86,9,77,173,1,48,192,128,0,0,0,0,0,0,0
32.967033,32.953583,123,86,9,75,173,2,66,192,128,0,0,0,0,0,0,0
33.021976,33.017384,123,85,10,76,173,1,50,192,128,0,0,0,0,0,0,0
33.076923,33.053928,123,83,9,73,172,1,64,192,128,0,0,0,0,0,0,0
33.076923,33.062855,123,82,10,73,172,2,63,192,128,0,0,0,0,0,0,0
33.131866,33.126705,123,82,10,73,172,2,63,192,128,0,0,0,0,0,0,0
33.186813,33.162891,123,82,10,73,172,2,63,192,128,0,0,0,0,0,0,0
33.186813,33.171967,123,80,10,73,172,2,63,192,128,0,0,0,0,0,0,0
33.241756,33.235767,123,80,9,67,173,1,59,192,0,0,0,0,0,0,0,0
33.296703,33.272617,123,78,9,68,172,1,56,192,0,0,0,0,0,0,0,0
33.296703,33.281441,123,76,8,65,174,2,60,192,0,0,0,0,0,0,0,0
33.351650,33.345242,123,75,7,66,173,1,42,192,0,0,0,0,0,0,0,0
33.406593,33.381523,123,75,8,62,173,1,42,192,0,0,0,0,0,0,0,0
33.406593,33.390301,123,72,8,62,173,1,54,192,0,0,0,0,0,0,0,0
33.461540,33.454304,123,71,8,62,173,1,47,192,128,0,0,0,0,0,0,0
33.516483,33.491261,123,71,7,59,173,1,48,192,128,0,0,0,0,0,0,0
33.516483,33.500031,123,69,8,58,173,1,61,192,128,0,0,0,0,0,0,0
33.571430,33.563931,123,67,7,56,173,1,42,192,128,0,0,0,0,0,0,0
33.626373,33.600220,123,67,7,54,173,1,42,192,128,0,0,0,0,0,0,0
33.626373,33.609325,122,67,7,54,173,1,50,192,128,0,0,0,0,0,0,0
33.681320,33.673203,123,65,7,54,173,1,42,192,128,0,0,0,0,0,0,0
33.736263,33.709438,123,65,7,51,172,0,44,192,128,0,0,0,0,0,0,0
33.736263,33.718513,123,63,7,53,172,1,47,192,0,0,0,0,0,0,0,0
33.791210,33.783390,123,63,7,53,172,1,47,192,0,0,0,0,0,0,0,0
33.846153,33.819626,123,63,7,53,172,1,47,192,0,0,0,0,0,0,0,0
33.846153,33.828346,123,63,7,53,172,1,47,192,0,0,0,0,0,0,0,0
33.901100,33.892403,123,63,7,53,172,1,47,192,0,0,0,0,0,0,0,0
33.956043,33.928688,123,63,7,53,172,1,47,192,0,0,0,0,0,0,0,0
33.956043,33.937412,123,63,7,53,172,1,47,192,0,0,0,0,0,0,0,0
34.010990,34.001518,123,63,7,53,172,1,47,192,0,0,0,0,0,0,0,0
34.065933,34.037907,123,63,7,53,172,1,47,192,0,0,0,0,0,0,0,0
34.065933,34.046677,123,63,7,53,172,1,47,192,0,0,0,0,0,0,0,0
34.120880,34.110634,123,63,7,53,172,1,47,192,0,0,0,0,0,0,0,0
34.175823,34.146866,123,63,7,53,172,1,47,192,0,0,0,0,0,0,0,0
34.175823,34.155590,123,63,7,53,172,1,47,192,0,0,0,0,0,0,0,0
34.230770,34.219387,123,63,7,53,172,1,47,192,0,0,0,0,0,0,0,0
34.285713,34.255573,123,63,7,53,172,1,47,192,0,0,0,0,0,0,0,0
34.285713,34.264343,123,63,7,53,172,1,47,192,0,0,0,0,0,0,0,0
34.340660,34.328400,123,63,7,53,172,1,47,192,0,0,0,0,0,0,0,0
34.395603,34.364693,123,63,7,53,172,1,47,192,0,0,0,0,0,0,0,0
34.395603,34.373459,123,63,7,53,172,1,47,192,0,0,0,0,0,0,0,0
34.450550,34.437309,123,63,7,53,172,1,47,192,0,0,0,0,0,0,0,0
34.450550,34.446083,123,63,7,53,172,1,47,192,0,0,0,0,0,0,0,0
34.505493,34.482422,123,63,7,53,172,1,47,192,0,0,0,0,0,0,0,0
34.560440,34.546322,123,63,7,53,172,1,47,192,0,0,0,0,0,0,0,0
34.560440,34.555092,123,63,7,53,172,1,47,192,0,0,0,0,0,0,0,0
34.615383,34.591434,123,63,7,53,172,1,47,192,0,0,0,0,0,0,0,0
34.670330,34.655487,123,63,7,53,172,1,47,192,0,0,0,0,0,0,0,0
34.725273,34.693935,123,63,7,53,172,1,47,192,0,0,0,0,0,0,0,0
34.725273,34.704899,123,63,7,53,172,1,47,192,0,0,0,0,0,0,0,0
34.780220,34.771156,123,63,7,53,172,1,47,192,0,0,0,0,0,0,0,0
34.835163,34.809643,123,63,7,53,172,1,47,192,0,0,0,0,0,0,0,0
34.835163,34.821228,123,63,7,53,172,1,47,192,0,0,0,0,0,0,0,0
34.890110,34.859818,123,63,7,53,172,1,47,192,0,0,0,0,0,0,0,0
34.945053,34.925976,123,63,7,53,172,1,47,192,0,0,0,0,0,0,0,0
34.945053,34.936996,123,63,7,53,172,1,47,192,0,0,0,0,0,0,0,0
35.000000,34.975723,123,63,7,53,172,1,47,192,0,0,0,0,0,0,0,0
35.054947,35.041893,123,63,7,53,172,1,47,192,0,0,0,0,0,0,0,0
35.109890,35.080383,123,63,7,53,172,1,47,192,0,0,0,0,0,0,0,0
35.109890,35.091457,123,63,7,53,172,1,47,192,0,0,0,0,0,0,0,0
35.164837,35.158020,123,63,7,53,172,1,47,192,0,0,0,0,0,0,0,0
35.219780,35.196918,123,63,7,53,172,1,47,192,0,0,0,0,0,0,0,0
35.219780,35.207993,123,63,7,53,172,1,47,192,0,0,0,0,0,0,0,0
35.274727,35.246529,123,63,7,53,172,1,47,192,0,0,0,0,0,0,0,0
35.329670,35.312737,123,63,7,53,172,1,47,192,0,0,0,0,0,0,0,0
35.384617,35.323708,123,63,7,53,172,1,47,192,0,0,0,0,0,0,0,0
35.384617,35.362453,123,63,7,53,172,1,47,192,0,0,0,0,0,0,0,0
35.439560,35.428764,123,63,7,53,172,1,47,192,0,0,0,0,0,0,0,0
35.494507,35.467144,123,63,7,53,172,1,47,192,0,0,0,0,0,0,0,0
35.494507,35.478168,123,63,7,53,172,1,47,192,0,0,0,0,0,0,0,0
35.549450,35.544170,123,63,7,53,172,1,47,192,0,0,0,0,0,0,0,0
35.604397,35.582863,123,63,7,53,172,1,47,192,0,0,0,0,0,0,0,0
35.604397,35.593838,123,63,7,53,172,1,47,192,0,0,0,0,0,0,0,0
35.659340,35.632378,123,63,7,53,172,1,47,192,0,0,0,0,0,0,0,0
35.714287,35.698681,123,63,7,53,172,1,47,192,0,0,0,0,0,0,0,0
35.769230,35.709602,123,63,7,53,172,1,47,192,0,0,0,0,0,0,0,0
35.769230,35.748348,123,63,7,53,172,1,47,192,0,0,0,0,0,0,0,0
35.824177,35.814655,123,63,7,53,172,1,47,192,0,0,0,0,0,0,0,0
35.879120,35.853195,123,63,7,53,172,1,47,192,0,0,0,0,0,0,0,0
35.879120,35.864319,123,63,7,53,172,1,47,192,0,0,0,0,0,0,0,0
35.934067,35.902859,123,63,7,53,172,1,47,192,0,0,0,0,0,0,0,0
35.989010,35.969116,123,63,7,53,172,1,47,192,0,0,0,0,0,0,0,0
35.989010,35.980190,123,63,7,53,172,1,47,192,0,0,0,0,0,0,0,0
36.043957,36.018677,123,63,7,53,172,1,47,192,0,0,0,0,0,0,0,0
36.098900,36.084831,123,63,7,53,172,1,47,192,0,0,0,0,0,0,0,0
36.153847,36.123272,123,63,7,53,172,1,47,192,0,0,0,0,0,0,0,0
36.153847,36.134190,123,63,7,53,172,1,47,192,0,0,0,0,0,0,0,0
36.208790,36.200600,123,63,7,53,172,1,47,192,0,0,0,0,0,0,0,0
36.263737,36.239037,123,63,7,53,172,1,47,192,0,0,0,0,0,0,0,0
36.263737,36.249958,123,63,7,53,172,1,47,192,0,0,0,0,0,0,0,0
36.318680,36.288548,123,63,7,53,172,1,47,192,0,0,0,0,0,0,0,0
36.373627,36.354698,123,63,7,53,172,1,47,192,0,0,0,0,0,0,0,0
36.373627,36.365772,123,63,7,53,172,1,47,192,0,0,0,0,0,0,0,0
36.428570,36.404465,123,63,7,53,172,1,47,192,0,0,0,0,0,0,0,0
36.483517,36.470623,123,63,7,53,172,1,47,192,0,0,0,0,0,0,0,0
36.538460,36.509163,123,63,7,53,172,1,47,192,0,0,0,0,0,0,0,0
36.538460,36.520187,123,63,7,53,172,1,47,192,0,0,0,0,0,0,0,0
36.593407,36.586491,123,63,7,53,172,1,47,192,0,0,0,0,0,0,0,0
36.648350,36.625031,123,63,7,53,172,1,47,192,0,0,0,0,0,0,0,0
36.648350,36.636055,123,63,7,53,172,1,47,192,0,0,0,0,0,0,0,0
36.703297,36.674950,123,63,7,53,172,1,47,192,0,0,0,0,0,0,0,0
36.758244,36.740898,123,63,7,53,172,1,47,192,0,0,0,0,0,0,0,0
36.813187,36.752026,123,63,7,53,172,1,47,192,0,0,0,0,0,0,0,0
36.813187,36.791130,123,63,7,53,172,1,47,192,0,0,0,0,0,0,0,0
36.868134,36.857079,123,63,7,53,172,1,47,192,0,0,0,0,0,0,0,0
36.923077,36.895668,123,63,7,53,172,1,47,192,0,0,0,0,0,0,0,0
36.923077,36.906746,123,63,7,53,172,1,47,192,0,0,0,0,0,0,0,0
36.978024,36.945766,123,63,7,53,172,1,47,192,0,0,0,0,0,0,0,0
37.032967,37.011742,123,63,7,53,172,1,47,192,0,0,0,0,0,0,0,0
37.032967,37.022873,123,63,7,53,172,1,47,192,0,0,0,0,0,0,0,0
37.087914,37.061974,123,63,7,53,172,1,47,192,0,0,0,0,0,0,0,0
37.142857,37.127972,123,63,7,53,172,1,47,192,0,0,0,0,0,0,0,0
37.197803,37.166668,123,63,7,53,172,1,47,192,0,0,0,0,0,0,0,0
37.197803,37.177841,123,63,7,53,172,1,47,192,0,0,0,0,0,0,0,0
37.252747,37.244350,123,63,7,53,172,1,47,192,0,0,0,0,0,0,0,0
37.307693,37.283150,123,63,7,53,172,1,47,192,0,0,0,0,0,0,0,0
37.307693,37.294327,123,63,7,53,172,1,47,192,0,0,0,0,0,0,0,0
37.362637,37.333477,123,63,7,53,172,1,47,192,0,0,0,0,0,0,0,0
37.417583,37.399532,123,63,7,53,172,1,47,192,0,0,0,0,0,0,0,0
37.472527,37.410606,123,63,7,53,172,1,47,192,0,0,0,0,0,0,0,0
37.472527,37.449505,123,63,7,53,172,1,47,192,0,0,0,0,0,0,0,0
37.527473,37.515503,123,63,7,53,172,1,47,192,0,0,0,0,0,0,0,0
37.582417,37.554195,123,63,7,53,172,1,47,192,0,0,0,0,0,0,0,0
37.582417,37.565372,123,63,7,53,172,1,47,192,0,0,0,0,0,0,0,0
