0.000000,0.000000,123,255,36,255,39,2,63,192,128,0,0,0,0,0,0,0
0.219780,0.230837,123,255,35,255,38,1,56,191,0,0,0,0,0,0,0,0
0.494505,0.489908,123,255,36,255,39,2,63,192,128,0,0,0,0,0,0,0
0.769231,0.775679,123,255,36,255,39,0,55,192,0,0,0,0,0,0,0,0
0.989011,1.006411,123,255,36,255,38,2,73,192,128,0,0,0,0,0,0,0
1.263736,1.264664,123,255,36,255,39,1,64,192,0,0,0,0,0,0,0,0
1.538462,1.550686,123,255,37,255,38,1,64,192,128,0,0,0,0,0,0,0
1.813187,1.808073,123,255,37,255,38,1,80,191,0,0,0,0,0,0,0,0
2.032967,2.039238,123,255,35,255,39,0,63,192,0,0,0,0,0,0,0,0
2.307692,2.325238,123,255,35,255,38,1,55,192,128,0,0,0,0,0,0,0
2.582417,2.583899,122,255,35,255,38,1,51,191,0,0,0,0,0,0,0,0
2.802198,2.815635,123,255,34,255,39,0,64,192,128,0,0,0,0,0,0,0
3.076923,3.074222,123,255,36,255,39,1,63,192,0,0,0,0,0,0,0,0
3.351648,3.360039,123,255,35,255,38,1,68,191,128,0,0,0,0,0,0,0
3.626374,3.619672,123,255,35,255,38,1,76,191,0,0,0,0,0,0,0,0
3.846154,3.850562,122,255,36,255,39,1,61,191,128,0,0,0,0,0,0,0
4.120879,4.136177,123,255,34,255,39,2,55,192,0,0,0,0,0,0,0,0
4.395605,4.394123,123,255,35,255,39,1,64,192,128,0,0,0,0,0,0,0
4.615385,4.624653,122,255,36,255,39,0,72,192,128,0,0,0,0,0,0,0
4.890110,4.883469,123,255,34,255,39,2,76,192,0,0,0,0,0,0,0,0
5.164835,5.169406,123,255,35,255,38,1,63,191,128,0,0,0,0,0,0,0
5.384615,5.400126,122,255,35,255,38,1,51,191,0,0,0,0,0,0,0,0
5.659341,5.658991,123,255,34,255,39,2,63,192,128,0,0,0,0,0,0,0
5.934066,5.945374,122,255,35,255,39,2,64,192,0,0,0,0,0,0,0,0
6.208791,6.203625,122,255,35,255,39,0,64,192,128,0,0,0,0,0,0,0
6.428571,6.434976,123,255,33,255,38,1,80,191,0,0,0,0,0,0,0,0
6.703297,6.720129,123,255,33,255,38,1,59,192,128,0,0,0,0,0,0,0
6.978022,6.978995,123,255,34,255,38,1,64,192,128,0,0,0,0,0,0,0
7.197802,7.210090,123,255,33,255,39,0,82,192,0,0,0,0,0,0,0,0
7.472528,7.468854,123,255,33,255,39,1,58,192,128,0,0,0,0,0,0,0
7.747253,7.754877,122,255,33,255,39,2,66,192,0,0,0,0,0,0,0,0
8.021978,8.013537,123,255,34,255,38,1,79,192,128,0,0,0,0,0,0,0
8.241758,8.244534,123,255,32,255,38,1,54,192,0,0,0,0,0,0,0,0
8.516483,8.530502,122,255,32,255,39,1,78,192,128,0,0,0,0,0,0,0
8.791209,8.787680,123,255,31,251,38,2,74,192,128,0,0,0,0,0,0,0
9.010989,9.017036,123,253,31,251,39,1,63,192,128,0,0,0,0,0,0,0
9.285714,9.300857,123,251,30,249,38,2,64,192,0,0,0,0,0,0,0,0
9.560439,9.557627,123,248,31,244,38,2,74,192,0,0,0,0,0,0,0,0
9.780220,9.786420,123,243,30,238,39,1,61,192,128,0,0,0,0,0,0,0
10.054945,10.070395,123,242,30,240,38,2,63,192,0,0,0,0,0,0,0,0
10.329670,10.327063,122,240,29,237,39,1,63,192,128,0,0,0,0,0,0,0
10.549451,10.555241,123,237,29,233,39,1,64,192,0,0,0,0,0,0,0,0
10.824176,10.838958,123,235,29,233,39,1,63,192,128,0,0,0,0,0,0,0
11.098901,11.094958,123,231,28,226,38,1,53,192,0,0,0,0,0,0,0,0
11.318682,11.324417,123,228,29,225,39,1,64,192,128,0,0,0,0,0,0,0
11.593407,11.607574,123,225,29,223,39,1,63,192,0,0,0,0,0,0,0,0
11.868132,11.863928,123,224,29,221,39,1,50,192,0,0,0,0,0,0,0,0
12.087913,12.092568,123,221,26,218,39,2,64,192,128,0,0,0,0,0,0,0
12.362638,12.376237,123,219,28,216,38,1,63,192,0,0,0,0,0,0,0,0
12.637362,12.632881,123,217,26,216,40,2,66,192,128,0,0,0,0,0,0,0
12.857142,12.861797,122,216,27,214,39,1,55,192,0,0,0,0,0,0,0,0
13.131868,13.145567,123,214,27,213,39,1,59,192,128,0,0,0,0,0,0,0
13.406593,13.401674,123,213,27,207,39,1,64,192,0,0,0,0,0,0,0,0
13.626373,13.629850,122,209,26,209,39,0,71,192,128,0,0,0,0,0,0,0
13.901099,13.913363,123,209,25,207,39,1,50,192,128,0,0,0,0,0,0,0
14.175824,14.169774,123,208,26,208,39,1,63,192,0,0,0,0,0,0,0,0
14.395604,14.398262,122,208,27,208,39,1,56,192,128,0,0,0,0,0,0,0
14.670330,14.681875,123,208,28,209,39,1,59,192,0,0,0,0,0,0,0,0
14.945055,14.938850,123,208,25,206,39,1,75,192,128,0,0,0,0,0,0,0
15.164835,15.167794,122,208,26,210,38,2,68,192,0,0,0,0,0,0,0,0
15.439561,15.452073,123,208,26,206,38,2,55,192,128,0,0,0,0,0,0,0
15.714286,15.708436,123,207,26,206,38,2,63,192,0,0,0,0,0,0,0,0
15.934066,15.935894,122,207,26,206,38,1,63,192,128,0,0,0,0,0,0,0
16.208792,16.219721,123,207,25,205,39,1,72,192,0,0,0,0,0,0,0,0
16.483517,16.476694,123,206,26,206,38,2,78,192,0,0,0,0,0,0,0,0
16.703297,16.705078,123,206,26,206,38,2,55,192,128,0,0,0,0,0,0,0
16.978022,16.989355,123,206,25,207,39,1,82,192,0,0,0,0,0,0,0,0
17.252747,17.245613,123,206,26,207,39,0,75,192,128,0,0,0,0,0,0,0
17.472527,17.474354,123,205,26,207,39,1,64,192,0,0,0,0,0,0,0,0
17.747253,17.758587,123,206,25,207,39,1,77,192,128,0,0,0,0,0,0,0
18.021978,18.014484,123,206,25,205,39,2,55,192,0,0,0,0,0,0,0,0
18.241758,18.243330,123,205,26,204,39,2,68,192,128,0,0,0,0,0,0,0
18.516483,18.525919,123,204,25,199,39,1,55,192,128,0,0,0,0,0,0,0
18.791208,18.782486,123,201,26,198,38,2,61,192,0,0,0,0,0,0,0,0
19.010988,19.011740,123,200,25,199,39,1,66,192,128,0,0,0,0,0,0,0
19.285715,19.295301,122,198,25,198,39,1,63,192,0,0,0,0,0,0,0,0
19.560440,19.551304,123,197,23,191,39,1,55,192,128,0,0,0,0,0,0,0
19.780220,19.779640,123,193,23,189,39,1,56,192,0,0,0,0,0,0,0,0
20.054945,20.063915,123,190,24,188,38,1,59,192,128,0,0,0,0,0,0,0
20.329670,20.320635,123,188,23,185,39,1,48,192,0,0,0,0,0,0,0,0
20.549450,20.548815,122,187,24,186,38,2,61,192,128,0,0,0,0,0,0,0
20.824175,20.832634,122,186,24,186,39,2,64,192,0,0,0,0,0,0,0,0
21.098902,21.088537,123,186,23,187,39,1,54,192,0,0,0,0,0,0,0,0
21.318682,21.317278,123,186,23,188,39,1,63,192,128,0,0,0,0,0,0,0
21.593407,21.601912,123,186,23,188,39,1,56,192,0,0,0,0,0,0,0,0
21.868132,21.857916,123,186,25,186,39,2,56,192,128,0,0,0,0,0,0,0
22.087912,22.086712,123,186,24,186,38,0,71,192,0,0,0,0,0,0,0,0
22.362637,22.370375,123,186,24,189,39,1,71,192,128,0,0,0,0,0,0,0
22.637363,22.626942,123,188,23,192,39,1,75,192,0,0,0,0,0,0,0,0
22.857143,22.856449,122,190,25,198,38,2,75,192,128,0,0,0,0,0,0,0
23.131868,23.139095,122,193,25,198,40,1,63,192,128,0,0,0,0,0,0,0
23.406593,23.395247,123,195,26,196,38,1,68,192,0,0,0,0,0,0,0,0
23.626373,23.624306,122,196,25,198,39,2,71,192,128,0,0,0,0,0,0,0
23.901098,23.908730,122,198,25,203,38,2,76,192,0,0,0,0,0,0,0,0
24.175825,24.165400,122,200,26,203,39,1,59,192,128,0,0,0,0,0,0,0
24.395605,24.393988,122,200,26,204,38,2,68,191,0,0,0,0,0,0,0,0
24.670330,24.677240,122,201,25,202,38,2,57,192,128,0,0,0,0,0,0,0
24.945055,24.933447,123,202,26,205,39,1,63,192,0,0,0,0,0,0,0,0
25.164835,25.162609,123,203,25,203,39,1,71,192,128,0,0,0,0,0,0,0
25.439560,25.445959,123,203,25,203,39,1,74,192,0,0,0,0,0,0,0,0
25.714285,25.702522,123,203,25,203,39,1,83,191,0,0,0,0,0,0,0,0
25.934067,25.931143,122,203,26,204,39,1,71,192,128,0,0,0,0,0,0,0
26.208792,26.214319,123,203,26,203,38,2,96,192,0,0,0,0,0,0,0,0
26.483517,26.470987,122,199,25,197,39,1,72,192,128,0,0,0,0,0,0,0
26.703297,26.700197,123,198,26,196,38,1,61,192,0,0,0,0,0,0,0,0
26.978022,26.984369,123,196,26,196,38,2,61,192,128,0,0,0,0,0,0,0
27.252747,27.240059,122,194,24,192,40,1,59,192,0,0,0,0,0,0,0,0
27.472527,27.468546,122,192,24,190,38,1,71,192,128,0,0,0,0,0,0,0
27.747253,27.751909,123,190,24,189,39,1,63,192,0,0,0,0,0,0,0,0
28.021978,28.008368,123,188,23,185,39,1,63,192,128,0,0,0,0,0,0,0
28.241758,28.237259,123,185,24,180,39,1,63,192,128,0,0,0,0,0,0,0
28.516483,28.520573,123,181,21,175,40,2,55,191,0,0,0,0,0,0,0,0
28.791208,28.776421,123,178,21,175,39,1,51,191,128,0,0,0,0,0,0,0
29.010988,29.005724,122,176,22,170,38,1,48,192,0,0,0,0,0,0,0,0
29.285715,29.289646,122,174,22,173,39,1,63,192,128,0,0,0,0,0,0,0
29.560440,29.545750,122,172,21,168,38,2,74,192,0,0,0,0,0,0,0,0
29.780220,29.774443,123,168,21,165,39,1,43,192,128,0,0,0,0,0,0,0
30.054945,30.058109,123,166,22,164,39,2,64,191,0,0,0,0,0,0,0,0
30.329670,30.314165,123,164,21,161,40,1,72,192,0,0,0,0,0,0,0,0
30.549450,30.543207,123,163,22,164,39,1,59,192,128,0,0,0,0,0,0,0
30.824175,30.826927,123,163,21,162,38,1,58,192,0,0,0,0,0,0,0,0
31.098902,31.082621,122,162,19,162,38,2,64,192,128,0,0,0,0,0,0,0
31.318682,31.311258,122,161,21,161,39,1,70,191,0,0,0,0,0,0,0,0
31.593407,31.595337,122,161,21,161,39,1,47,192,128,0,0,0,0,0,0,0
31.868132,31.851032,123,161,21,162,40,2,52,191,0,0,0,0,0,0,0,0
32.087914,32.080334,123,161,19,161,39,1,48,192,128,0,0,0,0,0,0,0
32.362637,32.362518,122,160,21,162,38,1,59,191,128,0,0,0,0,0,0,0
32.637363,32.618931,122,161,21,165,39,1,47,192,0,0,0,0,0,0,0,0
32.857143,32.847721,122,162,21,168,40,2,45,192,128,0,0,0,0,0,0,0
33.131866,33.131798,123,165,21,170,38,1,59,192,0,0,0,0,0,0,0,0
33.406593,33.388210,122,166,22,172,39,1,66,191,128,0,0,0,0,0,0,0
33.626373,33.616798,122,169,21,174,39,1,64,192,0,0,0,0,0,0,0,0
33.901100,33.900875,122,173,24,180,39,1,47,191,128,0,0,0,0,0,0,0
34.175823,34.157238,122,177,24,186,39,1,59,192,0,0,0,0,0,0,0,0
34.395603,34.385769,122,183,23,190,40,2,55,192,128,0,0,0,0,0,0,0
34.670330,34.668873,122,187,23,193,40,2,63,192,0,0,0,0,0,0,0,0
34.945053,34.897617,122,191,25,200,39,1,61,191,128,0,0,0,0,0,0,0
35.164837,35.154076,122,195,26,202,38,1,59,191,128,0,0,0,0,0,0,0
35.439560,35.438255,122,200,26,209,39,2,71,192,0,0,0,0,0,0,0,0
35.714287,35.694622,122,205,26,215,39,1,63,191,128,0,0,0,0,0,0,0
35.934067,35.923054,122,210,27,218,39,1,63,191,0,0,0,0,0,0,0,0
36.208790,36.206871,122,215,29,227,40,2,63,192,128,0,0,0,0,0,0,0
36.483517,36.463696,123,222,30,231,39,1,63,191,0,0,0,0,0,0,0,0
36.703297,36.692532,122,227,30,236,39,1,58,192,128,0,0,0,0,0,0,0
36.978024,36.975742,122,233,30,241,40,2,78,191,128,0,0,0,0,0,0,0
37.252747,37.234406,122,236,31,245,40,1,78,191,1,0,0,0,0,0,0,0
37.472527,37.463505,120,237,31,248,118,1,39,188,129,0,0,0,0,0,0,0
37.747253,37.747936,122,236,32,253,193,1,1,190,1,0,0,0,0,0,0,0
38.021976,38.005371,121,242,33,255,194,1,1,190,129,0,0,0,0,0,0,0
38.241756,38.236568,121,250,34,255,193,1,1,190,1,0,0,0,0,0,0,0
38.516483,38.495640,121,255,36,255,194,1,4,190,129,0,0,0,0,0,0,0
38.791210,38.782177,121,255,37,255,193,1,11,189,1,0,0,0,0,0,0,0
39.010990,39.013836,121,255,41,255,193,1,20,189,129,0,0,0,0,0,0,0
39.285713,39.273006,121,255,43,255,193,1,47,189,1,0,0,0,0,0,0,0
39.560440,39.558876,121,255,47,255,193,2,56,189,1,0,0,0,0,0,0,0
39.835163,39.817745,121,255,49,255,194,2,50,189,129,0,0,0,0,0,0,0
40.054947,40.048893,121,255,52,255,193,1,57,189,1,0,0,0,0,0,0,0
40.329670,40.334911,121,255,56,255,193,1,68,189,129,0,0,0,0,0,0,0
40.604397,40.593727,121,255,59,255,193,1,78,189,1,0,0,0,0,0,0,0
40.824177,40.825081,121,255,62,255,193,1,72,190,129,0,0,0,0,0,0,0
41.098900,41.083588,121,255,65,255,192,1,87,189,1,0,0,0,0,0,0,0
41.373627,41.369457,121,255,68,255,193,1,87,189,129,0,0,0,0,0,0,0
41.648350,41.628632,121,255,72,255,192,2,97,190,1,0,0,0,0,0,0,0
41.868134,41.859730,121,255,74,255,193,1,99,190,129,0,0,0,0,0,0,0
42.142857,42.145134,121,255,77,255,194,1,107,189,1,0,0,0,0,0,0,0
42.417583,42.403690,121,255,80,255,193,1,106,189,1,0,0,0,0,0,0,0
42.637363,42.634636,121,255,81,255,193,1,109,190,129,0,0,0,0,0,0,0
42.912086,42.892578,121,255,225,255,194,2,72,190,1,0,0,0,0,0,0,0
43.186813,43.181007,121,255,225,255,192,1,64,190,129,0,0,0,0,0,0,0
43.461540,43.441612,121,255,226,255,192,1,69,190,1,0,0,0,0,0,0,0
43.681320,43.677158,121,255,226,255,193,0,74,190,134,0,0,0,0,0,0,0
43.956043,43.938229,121,255,226,255,192,2,69,190,6,0,0,0,0,0,0,0
44.230770,44.226398,121,255,225,255,193,1,83,190,6,0,0,0,0,0,0,0
44.505493,44.487469,121,255,226,255,193,1,71,190,128,0,0,0,0,0,0,0
44.725273,44.719845,122,255,225,255,193,1,64,185,0,0,0,0,0,0,0,0
45.000000,44.979935,121,255,226,255,108,0,116,189,128,0,0,0,0,0,0,0
45.274727,45.267445,122,255,225,255,30,1,126,191,0,0,0,0,0,0,0,0
45.549450,45.528820,121,255,226,255,23,1,126,189,128,0,0,0,0,0,0,0
45.769230,45.761959,121,255,225,255,23,1,123,189,0,0,0,0,0,0,0,0
46.043957,46.021900,121,255,225,255,24,1,125,189,128,0,0,0,0,0,0,0
46.318680,46.308655,121,255,224,255,23,1,106,189,0,0,0,0,0,0,0,0
46.538460,46.540863,121,255,224,255,24,1,88,189,128,0,0,0,0,0,0,0
46.813187,46.800598,121,255,224,255,24,1,79,190,128,0,0,0,0,0,0,0
47.087914,47.088463,121,255,223,255,23,1,64,190,0,0,0,0,0,0,0,0
47.362637,47.348251,121,255,223,255,23,2,45,190,128,0,0,0,0,0,0,0
47.582417,47.580524,121,255,222,255,24,0,32,190,0,0,0,0,0,0,0,0
47.857143,47.840157,121,255,222,255,24,1,31,190,128,0,0,0,0,0,0,0
48.131866,48.127254,121,255,221,255,23,1,25,190,0,0,0,0,0,0,0,0
48.406593,48.386173,121,255,221,255,23,1,32,190,0,0,0,0,0,0,0,0
48.626373,48.619415,121,255,220,255,24,1,20,190,0,0,0,0,0,0,0,0
48.901100,48.878284,121,255,219,255,23,1,32,190,128,0,0,0,0,0,0,0
49.175823,49.165745,121,255,219,255,23,1,26,190,0,0,0,0,0,0,0,0
49.450550,49.425655,121,255,218,255,23,1,24,190,0,0,0,0,0,0,0,0
49.670330,49.658157,121,255,219,255,24,1,24,190,128,0,0,0,0,0,0,0
49.945053,49.945866,121,255,219,255,24,2,20,190,0,0,0,0,0,0,0,0
50.219780,50.206371,121,255,218,255,24,0,31,190,128,0,0,0,0,0,0,0
50.439560,50.438595,121,255,217,255,24,1,36,189,0,0,0,0,0,0,0,0
50.714287,50.698334,121,255,217,255,24,1,40,189,128,0,0,0,0,0,0,0
50.989010,50.985737,121,255,218,255,23,1,39,189,0,0,0,0,0,0,0,0
51.263737,51.245113,121,255,217,255,23,1,27,189,128,0,0,0,0,0,0,0
51.483517,51.478409,121,255,217,255,23,1,48,189,0,0,0,0,0,0,0,0
51.758244,51.737022,121,255,217,255,23,1,51,189,128,0,0,0,0,0,0,0
52.032967,52.024578,121,255,217,255,24,2,36,189,128,0,0,0,0,0,0,0
52.307693,52.284672,121,255,217,255,24,1,59,189,0,0,0,0,0,0,0,0
52.527473,52.517612,121,255,217,255,23,1,65,189,128,0,0,0,0,0,0,0
52.802197,52.777042,121,255,217,255,23,2,51,189,0,0,0,0,0,0,0,0
53.076923,53.064457,121,255,217,255,24,1,59,189,128,0,0,0,0,0,0,0
53.296703,53.296772,121,255,217,255,23,1,74,189,0,0,0,0,0,0,0,0
53.571430,53.557220,121,255,217,255,24,1,76,189,128,0,0,0,0,0,0,0
53.846153,53.845497,121,255,217,255,24,1,72,189,0,0,0,0,0,0,0,0
54.120880,54.106407,121,255,217,255,24,1,63,189,128,0,0,0,0,0,0,0
54.340660,54.337914,121,255,217,255,23,1,56,189,0,0,0,0,0,0,0,0
54.615383,54.597652,121,255,217,255,23,1,53,189,128,0,0,0,0,0,0,0
54.890110,54.884903,121,255,217,255,23,1,63,189,128,0,0,0,0,0,0,0
55.164837,55.144947,121,255,217,255,24,0,80,189,0,0,0,0,0,0,0,0
55.384617,55.377167,121,255,217,255,23,1,56,189,128,0,0,0,0,0,0,0
55.659340,55.636749,121,255,217,255,24,2,55,189,0,0,0,0,0,0,0,0
55.934067,55.924309,121,255,217,255,24,1,71,189,128,0,0,0,0,0,0,0
56.208790,56.184761,121,255,217,255,24,2,68,189,0,0,0,0,0,0,0,0
56.428570,56.416676,121,255,217,255,24,1,64,189,128,0,0,0,0,0,0,0
56.703297,56.676414,121,255,217,255,23,1,63,189,0,0,0,0,0,0,0,0
56.978024,56.962688,121,255,217,255,23,1,72,189,128,0,0,0,0,0,0,0
57.197803,57.195293,122,255,216,255,23,1,64,190,128,0,0,0,0,0,0,0
57.472527,57.455566,121,255,217,255,23,1,64,190,0,0,0,0,0,0,0,0
57.747253,57.742924,121,255,216,255,23,1,64,190,128,0,0,0,0,0,0,0
58.021976,58.002964,121,255,216,255,24,1,63,190,0,0,0,0,0,0,0,0
58.241756,58.235596,121,255,216,255,23,1,63,190,128,0,0,0,0,0,0,0
58.516483,58.495693,121,255,216,255,23,1,57,190,0,0,0,0,0,0,0,0
58.791210,58.782429,121,255,216,255,23,1,59,190,128,0,0,0,0,0,0,0
59.065933,59.041908,121,255,216,255,23,1,52,190,0,0,0,0,0,0,0,0
59.285713,59.273724,121,255,216,255,23,1,72,189,0,0,0,0,0,0,0,0
59.560440,59.534431,121,255,216,255,23,1,68,189,0,0,0,0,0,0,0,0
59.835163,59.820965,121,255,216,255,23,1,64,189,0,0,0,0,0,0,0,0
60.109890,60.081387,121,255,215,255,23,1,50,189,128,0,0,0,0,0,0,0
60.329670,60.313793,121,255,215,255,24,1,51,189,0,0,0,0,0,0,0,0
60.604397,60.601452,121,255,215,255,23,2,51,189,128,0,0,0,0,0,0,0
60.879120,60.861187,121,255,215,255,23,2,64,189,0,0,0,0,0,0,0,0
61.098900,61.093311,121,255,215,255,22,1,63,189,128,0,0,0,0,0,0,0
61.373627,61.353657,121,255,214,255,23,1,48,189,0,0,0,0,0,0,0,0
61.648350,61.639938,121,255,214,255,24,1,56,189,0,0,0,0,0,0,0,0
61.923077,61.899368,121,255,214,255,23,1,45,189,0,0,0,0,0,0,0,0
62.142857,62.131386,121,255,213,255,24,1,61,189,128,0,0,0,0,0,0,0
62.417583,62.392090,121,255,213,255,23,1,50,189,0,0,0,0,0,0,0,0
62.692307,62.679398,121,255,213,255,24,1,64,189,0,0,0,0,0,0,0,0
62.967033,62.939186,121,255,213,255,24,0,47,189,128,0,0,0,0,0,0,0
63.186813,63.171459,121,255,213,255,23,0,51,189,0,0,0,0,0,0,0,0
63.461540,63.431812,121,255,212,255,23,1,63,189,128,0,0,0,0,0,0,0
63.736263,63.718594,121,255,212,255,23,1,48,189,0,0,0,0,0,0,0,0
63.956043,63.951485,121,255,212,255,22,1,49,189,128,0,0,0,0,0,0,0
64.230766,64.211624,121,255,212,255,23,1,64,189,0,0,0,0,0,0,0,0
64.505493,64.498985,121,255,211,255,24,1,53,189,128,0,0,0,0,0,0,0
64.780220,64.758049,121,255,211,255,23,1,56,189,128,0,0,0,0,0,0,0
65.000000,64.990631,121,255,210,255,23,1,51,189,128,0,0,0,0,0,0,0
65.274727,65.250679,121,255,210,255,23,1,51,189,128,0,0,0,0,0,0,0
65.549454,65.537666,121,255,210,255,23,1,49,189,0,0,0,0,0,0,0,0
65.824173,65.797661,121,255,210,255,23,1,63,189,128,0,0,0,0,0,0,0
66.043953,66.029991,121,255,209,255,24,1,73,189,0,0,0,0,0,0,0,0
66.318680,66.290237,121,255,209,255,24,1,63,189,128,0,0,0,0,0,0,0
66.593407,66.577385,121,255,209,255,22,1,52,189,0,0,0,0,0,0,0,0
66.868134,66.837708,121,255,208,255,23,1,59,189,128,0,0,0,0,0,0,0
67.087914,67.070412,121,255,208,255,23,0,68,189,0,0,0,0,0,0,0,0
67.362640,67.357254,121,255,208,255,23,1,53,189,128,0,0,0,0,0,0,0
67.637360,67.616837,121,255,207,255,23,1,68,189,0,0,0,0,0,0,0,0
67.857140,67.848755,121,255,207,255,23,1,47,189,0,0,0,0,0,0,0,0
68.131866,68.108803,121,255,206,255,23,1,59,189,128,0,0,0,0,0,0,0
68.406593,68.396103,121,255,206,255,23,1,56,189,0,0,0,0,0,0,0,0
68.681320,68.655785,121,255,207,255,23,1,53,189,128,0,0,0,0,0,0,0
68.901100,68.887650,121,255,206,255,23,2,48,189,0,0,0,0,0,0,0,0
69.175827,69.147797,121,255,206,255,24,1,64,189,128,0,0,0,0,0,0,0
69.450546,69.435402,121,255,205,255,24,1,51,189,0,0,0,0,0,0,0,0
69.725273,69.695236,121,255,204,255,23,1,36,189,128,0,0,0,0,0,0,0
69.945053,69.927567,121,255,205,255,23,1,55,189,0,0,0,0,0,0,0,0
70.219780,70.214561,121,255,204,255,22,1,33,189,128,0,0,0,0,0,0,0
70.494507,70.473732,121,255,204,255,23,1,54,189,0,0,0,0,0,0,0,0
70.714287,70.706520,121,255,203,255,23,1,40,189,0,0,0,0,0,0,0,0
70.989014,70.966202,121,255,203,255,23,0,51,189,128,0,0,0,0,0,0,0
71.263733,71.253868,121,255,204,255,24,1,48,189,0,0,0,0,0,0,0,0
71.538460,71.513802,121,255,203,255,24,1,39,189,128,0,0,0,0,0,0,0
71.758240,71.746437,121,255,203,255,24,1,50,189,0,0,0,0,0,0,0,0
72.032967,72.005051,121,255,203,255,23,1,49,189,0,0,0,0,0,0,0,0
72.307693,72.293060,121,255,202,255,24,1,38,189,0,0,0,0,0,0,0,0
72.582420,72.552147,121,255,202,255,23,1,47,188,128,0,0,0,0,0,0,0
72.802200,72.784767,121,255,202,255,22,1,61,189,0,0,0,0,0,0,0,0
73.076920,73.044044,121,255,201,255,22,1,61,189,0,0,0,0,0,0,0,0
73.351646,73.331245,121,255,201,255,22,1,51,189,128,0,0,0,0,0,0,0
73.571426,73.564339,121,255,201,255,24,1,56,189,0,0,0,0,0,0,0,0
73.846153,73.825096,121,255,201,255,23,1,44,189,128,0,0,0,0,0,0,0
74.120880,74.112244,121,255,201,255,23,0,58,189,0,0,0,0,0,0,0,0
74.395607,74.371925,121,255,201,255,24,1,44,189,128,0,0,0,0,0,0,0
74.615387,74.604355,121,255,201,255,23,0,47,189,0,0,0,0,0,0,0,0
74.890106,74.864708,121,255,201,255,24,1,60,189,128,0,0,0,0,0,0,0
75.164833,75.151649,121,255,201,255,23,1,55,189,0,0,0,0,0,0,0,0
75.439560,75.411285,121,255,200,255,23,1,43,189,128,0,0,0,0,0,0,0
75.659340,75.643303,121,255,200,255,23,1,63,189,128,0,0,0,0,0,0,0
75.934067,75.903603,121,255,200,255,23,0,64,189,0,0,0,0,0,0,0,0
76.208794,76.191307,121,255,200,255,23,1,64,189,128,0,0,0,0,0,0,0
76.483513,76.451408,121,255,199,255,24,1,52,189,0,0,0,0,0,0,0,0
76.703300,76.683937,121,255,199,255,23,1,53,189,128,0,0,0,0,0,0,0
76.978020,76.943573,121,255,200,255,23,1,69,189,0,0,0,0,0,0,0,0
77.252747,77.231071,121,255,199,255,24,1,82,189,128,0,0,0,0,0,0,0
77.472527,77.464218,121,255,199,255,24,1,68,189,0,0,0,0,0,0,0,0
77.747253,77.723999,121,255,198,255,23,1,64,189,128,0,0,0,0,0,0,0
78.021980,78.011765,121,255,198,255,23,1,51,189,0,0,0,0,0,0,0,0
78.296700,78.270683,121,255,198,255,23,2,63,189,128,0,0,0,0,0,0,0
78.516487,78.503265,121,255,198,255,23,2,66,189,128,0,0,0,0,0,0,0
78.791206,78.763100,121,255,197,255,24,1,64,189,0,0,0,0,0,0,0,0
79.065933,79.049744,121,255,197,255,24,1,64,189,128,0,0,0,0,0,0,0
79.340660,79.309532,121,255,197,255,23,1,64,189,0,0,0,0,0,0,0,0
79.560440,79.542061,121,255,197,255,23,1,51,189,128,0,0,0,0,0,0,0
79.835167,79.801994,121,255,196,255,23,1,63,189,0,0,0,0,0,0,0,0
80.109894,80.088989,121,255,197,255,23,1,70,189,128,0,0,0,0,0,0,0
80.384613,80.348892,121,255,196,255,23,1,62,189,0,0,0,0,0,0,0,0
80.604393,80.581764,121,255,196,255,23,1,64,189,128,0,0,0,0,0,0,0
80.879120,80.869583,121,255,196,255,24,1,47,189,128,0,0,0,0,0,0,0
81.153847,81.131058,121,255,196,255,23,1,48,189,128,0,0,0,0,0,0,0
81.428574,81.392342,121,255,195,255,23,1,42,189,128,0,0,0,0,0,0,0
81.648354,81.625374,121,255,195,255,23,1,48,189,0,0,0,0,0,0,0,0
81.923080,81.887032,121,255,194,255,23,1,47,189,128,0,0,0,0,0,0,0
82.197800,82.175072,121,255,194,255,23,1,43,189,0,0,0,0,0,0,0,0
82.472527,82.436752,121,255,194,255,23,1,48,189,128,0,0,0,0,0,0,0
82.692307,82.670105,121,255,193,255,23,1,40,189,0,0,0,0,0,0,0,0
82.967033,82.931122,121,255,193,255,23,1,45,189,128,0,0,0,0,0,0,0
83.241760,83.219238,121,255,193,255,24,1,57,189,0,0,0,0,0,0,0,0
83.516487,83.480309,121,255,193,255,22,1,48,189,128,0,0,0,0,0,0,0
83.736267,83.713043,121,255,193,255,24,1,47,189,0,0,0,0,0,0,0,0
84.010986,83.975128,121,255,193,255,23,1,59,189,128,0,0,0,0,0,0,0
84.285713,84.263550,121,255,192,255,23,1,56,189,128,0,0,0,0,0,0,0
84.560440,84.525085,121,255,192,255,23,1,40,189,0,0,0,0,0,0,0,0
84.780220,84.758278,121,255,191,255,23,0,47,189,128,0,0,0,0,0,0,0
85.054947,85.019600,121,255,192,255,23,0,48,189,0,0,0,0,0,0,0,0
85.329674,85.308388,121,255,191,255,24,1,53,189,128,0,0,0,0,0,0,0
85.604393,85.569916,121,255,191,255,23,1,39,189,0,0,0,0,0,0,0,0
85.824173,85.803261,121,255,191,255,24,1,47,189,128,0,0,0,0,0,0,0
86.098900,86.065247,121,255,190,255,24,1,43,189,0,0,0,0,0,0,0,0
86.373627,86.353882,121,255,190,255,23,2,63,189,128,0,0,0,0,0,0,0
86.648354,86.614693,121,255,190,255,23,1,56,189,128,0,0,0,0,0,0,0
86.868134,86.848091,121,255,190,255,23,1,42,189,0,0,0,0,0,0,0,0
87.142860,87.108803,121,255,189,255,23,1,48,189,128,0,0,0,0,0,0,0
87.417580,87.396873,121,255,189,255,23,1,47,189,0,0,0,0,0,0,0,0
87.692307,87.658394,121,255,189,255,23,1,47,189,128,0,0,0,0,0,0,0
87.912086,87.892052,121,255,190,255,24,1,35,189,0,0,0,0,0,0,0,0
88.186813,88.152763,121,255,189,255,23,1,35,189,128,0,0,0,0,0,0,0
88.461540,88.441139,121,255,189,255,23,1,32,189,0,0,0,0,0,0,0,0
88.736267,88.702156,121,255,188,255,23,2,31,189,128,0,0,0,0,0,0,0
88.956047,88.935806,121,255,188,255,22,1,39,189,0,0,0,0,0,0,0,0
89.230766,89.195648,121,255,188,255,23,1,59,189,0,0,0,0,0,0,0,0
89.505493,89.484024,121,255,188,255,23,1,61,189,128,0,0,0,0,0,0,0
89.780220,89.745239,121,255,187,255,23,1,47,189,0,0,0,0,0,0,0,0
90.000000,89.979004,121,255,187,255,24,1,55,189,128,0,0,0,0,0,0,0
90.274727,90.239807,121,255,187,255,23,1,43,189,0,0,0,0,0,0,0,0
90.549454,90.528648,121,255,187,255,23,1,65,189,128,0,0,0,0,0,0,0
90.824173,90.789307,121,255,186,255,23,1,40,189,0,0,0,0,0,0,0,0
91.043953,91.022606,121,255,186,255,24,1,41,189,128,0,0,0,0,0,0,0
91.318680,91.283310,121,255,186,255,24,1,68,189,0,0,0,0,0,0,0,0
91.593407,91.572357,121,255,186,255,23,1,47,189,128,0,0,0,0,0,0,0
91.868134,91.832092,121,255,185,255,23,0,38,189,0,0,0,0,0,0,0,0
92.087914,92.065544,121,255,185,255,23,1,58,189,128,0,0,0,0,0,0,0
92.362640,92.326508,121,255,186,255,23,1,61,189,128,0,0,0,0,0,0,0
92.637360,92.615242,121,255,185,255,24,1,63,189,0,0,0,0,0,0,0,0
92.912086,92.876411,121,255,185,255,23,1,61,189,128,0,0,0,0,0,0,0
93.131866,93.109756,121,255,185,255,23,1,64,189,0,0,0,0,0,0,0,0
93.406593,93.371078,121,255,184,255,24,1,56,189,128,0,0,0,0,0,0,0
93.681320,93.659355,121,255,184,255,24,1,52,189,0,0,0,0,0,0,0,0
93.956047,93.920982,121,255,183,255,23,2,64,189,128,0,0,0,0,0,0,0
94.175827,94.153564,121,255,183,255,23,2,65,189,0,0,0,0,0,0,0,0
94.450546,94.413452,121,255,183,255,23,1,68,189,128,0,0,0,0,0,0,0
94.725273,94.700089,121,255,183,255,23,1,63,189,0,0,0,0,0,0,0,0
95.000000,94.959984,121,255,183,255,23,0,63,189,128,0,0,0,0,0,0,0
95.219780,95.192635,121,255,182,255,24,1,63,189,128,0,0,0,0,0,0,0
95.494507,95.479805,121,255,182,255,23,1,55,189,0,0,0,0,0,0,0,0
95.769234,95.740166,121,255,181,255,23,1,51,189,128,0,0,0,0,0,0,0
95.989014,95.972542,121,255,182,255,23,1,51,189,0,0,0,0,0,0,0,0
96.263733,96.232376,121,255,181,255,22,1,58,189,128,0,0,0,0,0,0,0
96.538460,96.519524,121,255,181,255,23,1,51,189,0,0,0,0,0,0,0,0
96.813187,96.779671,121,255,181,255,24,1,51,189,128,0,0,0,0,0,0,0
97.032967,97.012093,121,255,181,255,23,1,71,189,0,0,0,0,0,0,0,0
97.307693,97.271217,121,255,180,255,23,1,72,189,128,0,0,0,0,0,0,0
97.582420,97.558464,121,255,180,255,23,1,63,189,128,0,0,0,0,0,0,0
97.857140,97.818665,121,255,179,255,24,1,51,189,0,0,0,0,0,0,0,0
98.076920,98.051552,121,255,179,255,23,1,60,189,128,0,0,0,0,0,0,0
98.351646,98.311241,121,255,179,255,23,1,52,189,0,0,0,0,0,0,0,0
98.626373,98.598488,121,255,178,255,24,1,31,189,128,0,0,0,0,0,0,0
98.846153,98.830757,121,255,178,255,23,1,32,189,0,0,0,0,0,0,0,0
99.120880,99.091064,121,255,178,255,23,1,27,189,128,0,0,0,0,0,0,0
99.395607,99.379028,121,255,178,255,23,1,39,189,0,0,0,0,0,0,0,0
99.670326,99.639275,121,255,177,255,23,0,40,189,128,0,0,0,0,0,0,0
99.890106,99.871696,121,255,177,255,23,1,40,189,0,0,0,0,0,0,0,0
100.164833,100.130821,121,255,177,255,23,1,44,189,128,0,0,0,0,0,0,0
100.439560,100.418381,121,255,177,255,23,2,39,189,128,0,0,0,0,0,0,0
100.714287,100.678017,121,255,176,255,22,1,31,189,0,0,0,0,0,0,0,0
100.934067,100.910339,121,255,176,255,23,0,27,189,128,0,0,0,0,0,0,0
101.208794,101.169769,121,255,177,255,23,1,55,189,0,0,0,0,0,0,0,0
101.483513,101.457634,121,255,176,255,24,1,48,189,128,0,0,0,0,0,0,0
101.758240,101.718292,121,255,176,255,23,1,39,189,0,0,0,0,0,0,0,0
101.978020,101.950768,121,255,176,255,23,1,47,189,128,0,0,0,0,0,0,0
102.252747,102.210655,121,255,176,255,23,0,61,189,0,0,0,0,0,0,0,0
102.527473,102.496941,121,255,175,255,24,1,63,189,0,0,0,0,0,0,0,0
102.747253,102.729675,121,255,175,255,23,1,63,189,0,0,0,0,0,0,0,0
103.021980,102.990639,121,255,175,255,23,1,54,189,0,0,0,0,0,0,0,0
103.296700,103.278709,121,255,175,255,24,1,59,189,128,0,0,0,0,0,0,0
103.571426,103.538795,121,255,175,255,24,1,58,189,0,0,0,0,0,0,0,0
103.791206,103.771019,121,255,175,255,23,0,63,189,128,0,0,0,0,0,0,0
104.065933,104.031319,121,255,175,255,23,1,71,189,0,0,0,0,0,0,0,0
104.340660,104.318619,121,255,175,255,23,1,72,189,128,0,0,0,0,0,0,0
104.615387,104.577538,121,255,174,255,23,1,61,189,0,0,0,0,0,0,0,0
104.835167,104.810326,121,255,174,255,23,1,71,189,128,0,0,0,0,0,0,0
105.109894,105.069595,121,255,173,255,23,1,76,189,0,0,0,0,0,0,0,0
105.384613,105.356850,121,255,174,255,23,2,57,189,128,0,0,0,0,0,0,0
105.659340,105.618332,121,255,174,255,23,1,63,189,0,0,0,0,0,0,0,0
105.879120,105.850601,121,255,173,255,23,1,64,189,0,0,0,0,0,0,0,0
106.153847,106.110542,121,255,173,255,23,0,64,189,128,0,0,0,0,0,0,0
106.428574,106.397636,121,255,173,255,24,1,56,189,0,0,0,0,0,0,0,0
106.648354,106.630272,121,255,172,255,23,0,47,189,128,0,0,0,0,0,0,0
106.923080,106.890823,121,255,172,255,23,1,60,189,0,0,0,0,0,0,0,0
107.197800,107.178589,121,255,172,255,23,1,32,189,128,0,0,0,0,0,0,0
107.472527,107.437927,121,255,172,255,23,0,61,189,0,0,0,0,0,0,0,0
107.692307,107.670959,121,255,172,255,23,1,38,189,128,0,0,0,0,0,0,0
107.967033,107.930992,121,255,171,255,24,1,43,189,0,0,0,0,0,0,0,0
108.241760,108.217995,121,255,171,255,22,1,66,189,0,0,0,0,0,0,0,0
108.516487,108.478493,121,255,171,255,23,2,47,189,128,0,0,0,0,0,0,0
108.736267,108.711021,121,255,171,255,24,2,63,189,0,0,0,0,0,0,0,0
109.010986,108.970711,121,255,171,255,23,1,47,189,128,0,0,0,0,0,0,0
109.285713,109.258064,121,255,171,255,24,1,63,189,0,0,0,0,0,0,0,0
109.560440,109.517746,121,255,170,255,24,1,74,189,128,0,0,0,0,0,0,0
109.780220,109.750229,121,255,170,255,24,1,64,189,0,0,0,0,0,0,0,0
110.054947,110.010010,121,255,170,255,23,1,47,189,128,0,0,0,0,0,0,0
110.329674,110.296967,121,255,170,255,23,1,79,189,0,0,0,0,0,0,0,0
110.549454,110.529846,121,255,170,255,24,1,74,189,128,0,0,0,0,0,0,0
110.824173,110.789474,121,255,170,255,23,0,72,189,128,0,0,0,0,0,0,0
111.098900,111.077339,121,255,169,255,23,1,72,189,0,0,0,0,0,0,0,0
111.373627,111.337433,121,255,169,255,23,1,68,189,128,0,0,0,0,0,0,0
111.593407,111.569611,121,255,169,255,23,1,71,189,0,0,0,0,0,0,0,0
111.868134,111.829651,121,255,169,255,23,1,79,189,128,0,0,0,0,0,0,0
112.142860,112.116798,121,255,169,255,23,1,72,189,0,0,0,0,0,0,0,0
112.417580,112.376587,121,255,168,255,23,1,55,189,128,0,0,0,0,0,0,0
112.637360,112.608810,121,255,169,255,23,2,84,189,0,0,0,0,0,0,0,0
112.912086,112.868492,121,255,169,255,23,1,57,189,128,0,0,0,0,0,0,0
113.186813,113.155952,121,255,168,255,23,2,43,189,0,0,0,0,0,0,0,0
113.461540,113.415688,121,255,168,255,23,0,55,189,128,0,0,0,0,0,0,0
113.681320,113.647713,121,255,167,255,23,1,60,189,128,0,0,0,0,0,0,0
113.956047,113.935005,121,255,167,255,23,1,62,189,0,0,0,0,0,0,0,0
114.230766,114.194740,121,255,168,255,23,1,74,189,128,0,0,0,0,0,0,0
114.450546,114.427269,121,255,167,255,24,0,59,189,0,0,0,0,0,0,0,0
114.725273,114.687363,121,255,167,255,24,1,56,189,128,0,0,0,0,0,0,0
115.000000,114.974564,121,255,167,255,23,1,66,189,0,0,0,0,0,0,0,0
115.274727,115.234917,121,255,166,255,24,1,63,189,128,0,0,0,0,0,0,0
115.494507,115.467751,121,255,166,255,23,0,63,189,0,0,0,0,0,0,0,0
115.769234,115.727280,121,255,167,255,24,1,72,189,128,0,0,0,0,0,0,0
116.043953,116.013512,121,255,166,255,23,1,39,189,0,0,0,0,0,0,0,0
116.318680,116.273247,121,255,166,255,23,0,55,189,0,0,0,0,0,0,0,0
116.538460,116.506493,121,255,166,255,23,1,63,189,128,0,0,0,0,0,0,0
116.813187,116.766586,121,255,166,255,24,1,59,189,0,0,0,0,0,0,0,0
117.087914,117.053886,121,255,165,255,23,0,47,189,128,0,0,0,0,0,0,0
117.362640,117.313797,121,255,165,255,23,1,55,189,0,0,0,0,0,0,0,0
117.582420,117.546356,121,255,165,255,23,1,69,189,128,0,0,0,0,0,0,0
117.857140,117.834122,121,255,165,255,23,1,72,189,0,0,0,0,0,0,0,0
118.131866,118.094109,121,255,166,255,23,2,55,189,128,0,0,0,0,0,0,0
118.351646,118.326591,121,255,165,255,23,1,65,189,0,0,0,0,0,0,0,0
118.626373,118.585915,121,255,165,255,23,1,79,189,0,0,0,0,0,0,0,0
118.901100,118.873528,121,255,165,255,23,2,85,189,128,0,0,0,0,0,0,0
119.175827,119.133522,121,255,165,255,23,1,68,189,0,0,0,0,0,0,0,0
119.395607,119.366051,121,255,165,255,23,1,67,189,128,0,0,0,0,0,0,0
119.670326,119.625679,121,255,165,255,24,1,63,189,0,0,0,0,0,0,0,0
119.945053,119.912468,121,255,164,255,23,2,76,189,128,0,0,0,0,0,0,0
120.219780,120.172157,121,255,164,255,24,2,64,189,0,0,0,0,0,0,0,0
120.439560,120.404739,121,255,163,255,23,1,55,189,128,0,0,0,0,0,0,0
120.714287,120.664520,121,255,163,255,23,1,63,189,0,0,0,0,0,0,0,0
120.989014,120.951515,121,255,163,255,23,1,52,189,128,0,0,0,0,0,0,0
121.208794,121.183380,121,255,163,255,24,1,68,189,128,0,0,0,0,0,0,0
121.483513,121.443420,121,255,163,255,23,1,47,190,0,0,0,0,0,0,0,0
121.758240,121.730675,121,255,163,255,23,1,51,189,128,0,0,0,0,0,0,0
122.032967,121.990509,121,255,162,255,24,0,73,190,0,0,0,0,0,0,0,0
122.252747,122.223145,121,255,162,255,23,1,47,189,128,0,0,0,0,0,0,0
122.527473,122.482834,121,255,162,255,23,1,74,189,0,0,0,0,0,0,0,0
122.802200,122.769928,121,255,162,255,24,2,43,189,128,0,0,0,0,0,0,0
123.076920,123.029358,121,255,162,255,23,1,77,190,0,0,0,0,0,0,0,0
123.296700,123.262146,121,255,161,255,23,1,55,189,128,0,0,0,0,0,0,0
123.571426,123.521721,121,255,162,255,23,1,51,189,0,0,0,0,0,0,0,0
123.846153,123.809235,121,255,161,255,23,1,51,189,128,0,0,0,0,0,0,0
124.065933,124.040993,121,255,161,255,24,1,47,189,128,0,0,0,0,0,0,0
124.340660,124.301086,121,255,159,255,23,1,47,189,0,0,0,0,0,0,0,0
124.615387,124.588699,121,255,159,255,23,1,71,189,128,0,0,0,0,0,0,0
124.890106,124.848587,121,255,157,255,24,1,80,189,0,0,0,0,0,0,0,0
125.109894,125.080811,121,255,157,255,24,1,56,189,128,0,0,0,0,0,0,0
125.384613,125.341309,121,255,156,255,24,2,63,190,0,0,0,0,0,0,0,0
125.659340,125.629486,121,255,155,255,23,1,64,189,128,0,0,0,0,0,0,0
125.934067,125.889114,121,255,154,255,23,1,55,189,0,0,0,0,0,0,0,0
126.153847,126.120415,121,255,153,255,24,0,72,189,128,0,0,0,0,0,0,0
126.428574,126.380905,121,255,152,255,24,0,36,190,0,0,0,0,0,0,0,0
126.703300,126.667816,121,255,152,255,23,2,63,189,128,0,0,0,0,0,0,0
126.978020,126.927757,121,255,150,255,23,1,64,190,128,0,0,0,0,0,0,0
127.197800,127.159775,121,255,150,255,23,1,51,189,0,0,0,0,0,0,0,0
127.472527,127.420357,121,255,149,255,24,2,36,190,128,0,0,0,0,0,0,0
127.747253,127.707581,121,255,148,255,24,1,63,189,0,0,0,0,0,0,0,0
127.967033,127.940361,121,255,147,255,23,1,80,189,128,0,0,0,0,0,0,0
128.241760,128.200348,121,255,148,255,24,0,79,190,0,0,0,0,0,0,0,0
128.516479,128.487656,121,255,147,255,23,1,84,189,128,0,0,0,0,0,0,0
128.791214,128.746826,121,255,146,255,23,1,66,190,128,0,0,0,0,0,0,0
129.010986,128.979919,121,255,145,255,24,2,73,189,128,0,0,0,0,0,0,0
129.285721,129.239456,121,255,144,255,24,2,87,189,0,0,0,0,0,0,0,0
129.560440,129.526245,121,255,142,255,23,0,64,190,0,0,0,0,0,0,0,0
129.835159,129.786240,121,255,142,255,23,1,58,189,128,0,0,0,0,0,0,0
130.054947,130.018661,121,255,142,255,23,1,63,189,0,0,0,0,0,0,0,0
130.329666,130.278656,121,255,138,255,23,1,47,190,128,0,0,0,0,0,0,0
130.604401,130.565796,121,255,138,255,23,1,64,190,0,0,0,0,0,0,0,0
130.879120,130.826004,121,255,137,255,23,1,63,190,128,0,0,0,0,0,0,0
131.098907,131.058075,121,255,136,255,23,1,47,190,0,0,0,0,0,0,0,0
131.373627,131.345322,121,255,135,255,23,1,58,190,128,0,0,0,0,0,0,0
131.648346,131.605408,121,255,134,255,23,1,55,190,0,0,0,0,0,0,0,0
131.868134,131.837128,121,255,132,255,23,1,80,190,128,0,0,0,0,0,0,0
132.142853,132.096970,121,255,131,255,24,2,63,190,0,0,0,0,0,0,0,0
132.417587,132.384781,121,255,130,255,24,1,57,190,0,0,0,0,0,0,0,0
132.692307,132.645020,121,255,129,255,23,1,71,189,128,0,0,0,0,0,0,0
132.912094,132.877136,121,255,127,255,24,1,64,189,0,0,0,0,0,0,0,0
133.186813,133.136414,121,255,126,255,23,1,58,189,128,0,0,0,0,0,0,0
133.461533,133.424026,121,255,125,255,23,1,64,189,0,0,0,0,0,0,0,0
133.736267,133.684677,121,255,125,255,24,1,50,189,128,0,0,0,0,0,0,0
133.956039,133.917114,121,255,122,255,23,1,54,189,0,0,0,0,0,0,0,0
134.230774,134.177002,121,255,121,255,23,1,74,190,128,0,0,0,0,0,0,0
134.505493,134.464264,121,255,121,255,23,1,63,190,0,0,0,0,0,0,0,0
134.725281,134.696320,121,255,120,255,24,1,64,190,0,0,0,0,0,0,0,0
135.000000,134.956573,121,255,118,255,23,1,72,189,128,0,0,0,0,0,0,0
135.274719,135.243561,121,255,117,255,23,1,82,190,0,0,0,0,0,0,0,0
135.549454,135.503616,121,255,116,255,23,1,64,190,128,0,0,0,0,0,0,0
135.769226,135.736435,121,255,114,255,23,1,64,190,0,0,0,0,0,0,0,0
136.043961,135.996078,121,255,111,255,23,1,77,190,128,0,0,0,0,0,0,0
136.318680,136.283539,121,255,110,255,23,1,64,190,0,0,0,0,0,0,0,0
136.593399,136.543274,121,255,109,255,23,1,53,190,128,0,0,0,0,0,0,0
136.813187,136.775543,121,255,108,255,24,1,80,190,0,0,0,0,0,0,0,0
137.087906,137.035126,121,255,106,255,24,2,53,190,128,0,0,0,0,0,0,0
137.362640,137.321960,121,255,104,255,24,2,74,189,0,0,0,0,0,0,0,0
137.637360,137.581909,121,255,103,255,23,1,43,189,0,0,0,0,0,0,0,0
137.857147,137.814789,121,255,100,255,24,1,74,190,128,0,0,0,0,0,0,0
138.131866,138.101791,121,255,99,255,23,1,51,190,0,0,0,0,0,0,0,0
138.406601,138.362244,121,255,97,255,24,2,63,190,128,0,0,0,0,0,0,0
138.626373,138.594925,121,255,95,255,24,0,80,190,0,0,0,0,0,0,0,0
138.901093,138.854507,121,255,94,255,23,1,48,189,128,0,0,0,0,0,0,0
139.175827,139.142105,121,255,92,255,23,1,51,189,0,0,0,0,0,0,0,0
139.450546,139.402100,121,255,90,255,23,1,63,190,128,0,0,0,0,0,0,0
139.670334,139.633972,121,255,88,255,23,1,48,189,128,0,0,0,0,0,0,0
139.945053,139.893295,121,255,86,255,23,1,47,189,0,0,0,0,0,0,0,0
140.219788,140.180695,121,255,85,255,24,1,63,190,128,0,0,0,0,0,0,0
140.494507,140.440750,121,255,83,255,23,1,60,190,0,0,0,0,0,0,0,0
140.714279,140.673630,121,255,82,255,23,1,37,189,128,0,0,0,0,0,0,0
140.989014,140.933105,121,255,81,255,23,1,59,190,0,0,0,0,0,0,0,0
141.263733,141.220566,121,255,78,255,23,1,40,190,128,0,0,0,0,0,0,0
141.483521,141.452835,121,255,77,255,24,0,63,190,0,0,0,0,0,0,0,0
141.758240,141.713089,121,255,76,255,24,1,74,190,128,0,0,0,0,0,0,0
142.032974,142.000229,121,255,74,255,23,1,64,190,0,0,0,0,0,0,0,0
142.307693,142.260071,121,255,72,255,23,1,63,190,128,0,0,0,0,0,0,0
142.527466,142.491837,121,255,71,255,24,1,63,189,128,0,0,0,0,0,0,0
142.802200,142.751678,121,255,71,255,24,2,69,190,0,0,0,0,0,0,0,0
143.076920,143.038818,121,255,69,255,23,1,55,190,128,0,0,0,0,0,0,0
143.351654,143.298050,121,255,67,255,23,1,64,190,0,0,0,0,0,0,0,0
143.571426,143.530533,121,255,66,255,24,2,47,190,128,0,0,0,0,0,0,0
143.846161,143.790665,121,255,65,255,23,1,68,189,0,0,0,0,0,0,0,0
144.120880,144.078018,121,255,64,255,23,1,39,189,128,0,0,0,0,0,0,0
144.395599,144.337662,121,255,64,255,24,1,63,189,0,0,0,0,0,0,0,0
144.615387,144.570038,121,255,62,255,23,2,64,190,128,0,0,0,0,0,0,0
144.890106,144.858002,121,255,61,255,23,1,84,190,0,0,0,0,0,0,0,0
145.164841,145.118195,121,255,61,255,24,1,88,190,128,0,0,0,0,0,0,0
145.384613,145.349808,121,255,60,255,23,1,63,190,128,0,0,0,0,0,0,0
145.659348,145.609650,121,255,58,255,23,1,68,190,0,0,0,0,0,0,0,0
145.934067,145.897156,121,255,57,255,24,1,78,190,128,0,0,0,0,0,0,0
146.208786,146.156677,121,255,56,255,24,1,57,189,0,0,0,0,0,0,0,0
146.428574,146.388962,121,255,55,255,23,1,64,190,128,0,0,0,0,0,0,0
146.703293,146.648544,121,255,52,255,23,2,74,190,0,0,0,0,0,0,0,0
146.978027,146.935837,121,255,52,255,23,1,65,190,128,0,0,0,0,0,0,0
147.252747,147.195724,121,255,50,255,24,2,55,190,0,0,0,0,0,0,0,0
147.472534,147.427490,121,255,47,255,24,1,50,190,128,0,0,0,0,0,0,0
147.747253,147.714279,121,255,46,255,24,0,64,190,0,0,0,0,0,0,0,0
148.021973,147.974319,121,255,45,255,23,1,80,190,128,0,0,0,0,0,0,0
148.241760,148.206345,121,255,44,255,23,1,55,190,128,0,0,0,0,0,0,0
148.516479,148.466278,121,255,42,255,23,1,63,190,0,0,0,0,0,0,0,0
148.791214,148.753738,121,255,39,255,23,1,64,190,128,0,0,0,0,0,0,0
149.065933,149.014191,121,255,40,255,23,0,72,190,0,0,0,0,0,0,0,0
149.285721,149.246414,121,255,38,255,24,0,47,190,128,0,0,0,0,0,0,0
149.560440,149.506409,121,255,38,255,24,1,64,190,0,0,0,0,0,0,0,0
149.835159,149.793655,121,255,34,255,24,1,47,190,128,0,0,0,0,0,0,0
150.109894,150.053391,121,255,34,255,24,2,56,190,0,0,0,0,0,0,0,0
150.329666,150.285721,121,255,33,255,23,1,43,190,128,0,0,0,0,0,0,0
150.604401,150.544785,122,255,32,255,23,2,80,191,128,0,0,0,0,0,0,0
150.879120,150.830917,122,255,31,245,24,1,48,191,0,0,0,0,0,0,0,0
151.098907,151.061401,122,253,30,238,23,2,72,191,128,0,0,0,0,0,0,0
151.373627,151.318985,122,241,29,228,23,1,80,191,0,0,0,0,0,0,0,0
151.648346,151.603516,122,232,27,218,24,1,64,191,128,0,0,0,0,0,0,0
151.868134,151.833740,122,224,26,211,23,1,63,191,0,0,0,0,0,0,0,0
152.142853,152.091537,122,215,26,203,23,2,74,191,128,0,0,0,0,0,0,0
152.417587,152.376541,122,209,26,196,23,1,63,191,0,0,0,0,0,0,0,0
152.692307,152.633667,122,199,24,187,23,2,62,191,128,0,0,0,0,0,0,0
152.912094,152.862869,122,191,22,177,23,2,64,191,128,0,0,0,0,0,0,0
153.186813,153.148468,122,181,21,169,23,2,63,191,0,0,0,0,0,0,0,0
153.461533,153.406158,123,173,19,159,36,1,64,192,128,0,0,0,0,0,0,0
153.681320,153.636032,120,164,19,152,59,1,58,191,0,0,0,0,0,0,0,0
153.956039,153.921127,122,153,17,142,90,1,44,191,128,0,0,0,0,0,0,0
154.230774,154.177444,122,145,15,133,109,2,9,187,0,0,0,0,0,0,0,0
154.450546,154.406738,122,141,17,126,120,1,15,191,128,0,0,0,0,0,0,0
154.725281,154.663132,121,130,14,120,126,1,29,190,0,0,0,0,0,0,0,0
155.000000,154.945694,121,122,13,113,127,2,8,190,128,0,0,0,0,0,0,0
155.219788,155.175110,122,119,13,113,133,1,24,191,128,0,0,0,0,0,0,0
155.494507,155.431839,122,116,14,114,140,2,24,191,0,0,0,0,0,0,0,0
155.769226,155.715393,121,115,14,117,132,2,41,192,128,0,0,0,0,0,0,0
155.989014,155.945053,122,115,15,117,121,1,63,191,0,0,0,0,0,0,0,0
156.263733,156.201309,122,117,15,122,119,1,88,191,128,0,0,0,0,0,0,0
156.538467,156.484665,122,120,17,125,118,1,88,191,0,0,0,0,0,0,0,0
156.758240,156.712738,122,125,17,130,117,1,76,190,128,0,0,0,0,0,0,0
157.032974,156.969727,121,127,18,133,107,1,87,189,0,0,0,0,0,0,0,0
157.307693,157.254257,121,131,17,138,105,2,93,190,128,0,0,0,0,0,0,0
157.527466,157.482788,122,133,18,137,104,2,95,191,0,0,0,0,0,0,0,0
157.802200,157.739105,121,133,16,135,105,1,87,186,0,0,0,0,0,0,0,0
158.076920,158.022202,122,133,18,133,121,2,83,191,128,0,0,0,0,0,0,0
158.296707,158.251923,122,132,16,130,134,1,80,190,0,0,0,0,0,0,0,0
158.571426,158.508743,121,130,17,125,141,1,51,190,128,0,0,0,0,0,0,0
158.846161,158.792450,122,126,15,120,156,1,55,191,0,0,0,0,0,0,0,0
159.065933,159.021454,122,122,15,117,167,2,32,191,128,0,0,0,0,0,0,0
159.340652,159.277924,122,120,14,117,168,2,48,191,0,0,0,0,0,0,0,0
159.615387,159.561386,122,117,13,114,155,1,64,191,128,0,0,0,0,0,0,0
159.835159,159.790573,122,113,13,107,156,1,65,186,0,0,0,0,0,0,0,0
160.109894,160.046371,122,109,13,103,174,1,53,184,128,0,0,0,0,0,0,0
160.384613,160.330200,122,105,13,99,189,1,24,192,128,0,0,0,0,0,0,0
160.604401,160.559753,122,101,12,97,192,1,31,192,0,0,0,0,0,0,0,0
160.879120,160.816772,123,99,13,98,190,1,42,192,128,0,0,0,0,0,0,0
161.153839,161.101425,122,98,13,98,191,1,29,191,0,0,0,0,0,0,0,0
161.373627,161.331284,122,97,13,98,190,1,46,191,128,0,0,0,0,0,0,0
161.648346,161.588715,122,98,13,101,189,2,31,191,0,0,0,0,0,0,0,0
161.923080,161.873260,122,99,13,103,190,2,71,191,0,0,0,0,0,0,0,0
162.142853,162.104248,123,103,14,109,169,2,97,191,0,0,0,0,0,0,0,0
162.417587,162.360550,121,106,13,113,167,2,95,189,0,0,0,0,0,0,0,0
162.692307,162.644073,122,110,14,115,169,2,94,191,128,0,0,0,0,0,0,0
162.912094,162.872864,121,113,14,117,168,1,90,190,0,0,0,0,0,0,0,0
163.186813,163.128708,122,115,14,117,181,2,75,191,128,0,0,0,0,0,0,0
163.461533,163.412430,122,117,16,118,181,2,72,191,0,0,0,0,0,0,0,0
163.681320,163.641434,121,115,14,114,181,1,79,189,128,0,0,0,0,0,0,0
163.956039,163.896667,123,113,13,109,173,2,78,192,128,0,0,0,0,0,0,0
164.230774,164.180786,123,110,13,105,173,1,84,192,0,0,0,0,0,0,0,0
164.450546,164.409286,122,107,13,105,173,1,88,192,0,0,0,0,0,0,0,0
164.725281,164.665390,123,102,12,97,173,1,75,192,128,0,0,0,0,0,0,0
165.000000,164.950607,123,98,11,90,173,1,79,192,128,0,0,0,0,0,0,0
165.274719,165.153473,123,90,11,79,173,1,73,192,0,0,0,0,0,0,0,0
165.494507,165.439377,123,82,10,73,172,1,64,192,128,0,0,0,0,0,0,0
165.769226,165.725800,123,75,7,66,174,2,60,192,0,0,0,0,0,0,0,0
166.043961,165.983292,123,67,7,54,173,1,42,192,128,0,0,0,0,0,0,0
166.263733,166.214172,123,63,7,53,172,1,47,192,0,0,0,0,0,0,0,0
166.538467,166.498352,123,63,7,53,172,1,47,192,0,0,0,0,0,0,0,0
166.813187,166.755280,123,63,7,53,172,1,47,192,0,0,0,0,0,0,0,0
167.032974,166.985153,123,63,7,53,172,1,47,192,0,0,0,0,0,0,0,0
167.307693,167.255432,123,63,7,53,172,1,47,192,0,0,0,0,0,0,0,0
167.582413,167.529907,123,63,7,53,172,1,47,192,0,0,0,0,0,0,0,0
167.857147,167.804733,123,63,7,53,172,1,47,192,0,0,0,0,0,0,0,0
168.131866,168.079620,123,63,7,53,172,1,47,192,0,0,0,0,0,0,0,0
168.406601,168.354401,123,63,7,53,172,1,47,192,0,0,0,0,0,0,0,0
168.681320,168.629089,123,63,7,53,172,1,47,192,0,0,0,0,0,0,0,0
168.956039,168.903564,123,63,7,53,172,1,47,192,0,0,0,0,0,0,0,0
169.230774,169.178192,123,63,7,53,172,1,47,192,0,0,0,0,0,0,0,0
169.505493,169.453125,123,63,7,53,172,1,47,192,0,0,0,0,0,0,0,0
169.780212,169.727661,123,63,7,53,172,1,47,192,0,0,0,0,0,0,0,0
170.054947,170.002640,123,63,7,53,172,1,47,192,0,0,0,0,0,0,0,0
170.329666,170.277481,123,63,7,53,172,1,47,192,0,0,0,0,0,0,0,0
170.604401,170.552216,123,63,7,53,172,1,47,192,0,0,0,0,0,0,0,0
170.879120,170.826935,231,63,7,53,172,1,47,192,0,0,0,0,0,0,0,0
171.153839,171.101669,231,63,7,53,172,1,47,192,0,0,0,0,0,0,0,0
171.428574,171.376358,185,63,7,53,172,1,47,192,0,0,0,0,0,0,0,0
171.703293,171.651077,185,63,7,53,172,1,47,192,0,0,0,0,0,0,0,0
171.978027,171.925705,185,63,7,53,172,1,47,192,0,0,0,0,0,0,0,0
172.252747,172.200592,185,63,7,53,172,1,47,192,0,0,0,0,0,0,0,0
172.527466,172.475174,185,63,7,53,172,1,47,192,0,0,0,0,0,0,0,0
172.802200,172.749756,185,63,7,53,172,1,47,192,0,0,0,0,0,0,0,0
173.076920,173.024338,185,63,7,53,172,1,47,192,0,0,0,0,0,0,0,0
173.351654,173.298920,185,63,7,53,172,1,47,192,0,0,0,0,0,0,0,0
173.626373,173.574005,185,63,7,53,172,1,47,192,0,0,0,0,0,0,0,0
173.901093,173.848419,185,63,7,53,172,1,47,192,0,0,0,0,0,0,0,0
174.175827,174.123062,185,63,7,53,172,1,47,192,0,0,0,0,0,0,0,0
174.450546,174.397537,185,63,7,53,172,1,47,192,0,0,0,0,0,0,0,0
174.725281,174.672363,185,63,7,53,172,1,47,192,0,0,0,0,0,0,0,0
175.000000,174.946991,185,63,7,53,172,1,47,192,0,0,0,0,0,0,0,0
175.274719,175.222961,35,63,7,53,172,1,47,192,0,0,0,0,0,0,0,0
175.549454,175.497375,35,63,7,53,172,1,47,192,0,0,0,0,0,0,0,0
175.824173,175.771957,35,63,7,53,172,1,47,192,0,0,0,0,0,0,0,0
176.098907,176.046188,35,63,7,53,172,1,47,192,0,0,0,0,0,0,0,0
176.373627,176.320709,35,63,7,53,172,1,47,192,0,0,0,0,0,0,0,0
176.648346,176.595184,20,63,7,53,172,1,47,192,0,0,0,0,0,0,0,0
176.923080,176.870636,67,63,7,53,172,1,47,192,0,0,0,0,0,0,0,0
177.197800,177.145508,67,63,7,53,172,1,47,192,0,0,0,0,0,0,0,0
177.472534,177.419998,67,63,7,53,172,1,47,192,0,0,0,0,0,0,0,0
177.747253,177.694565,67,63,7,53,172,1,47,192,0,0,0,0,0,0,0,0
178.021973,177.968948,67,63,7,53,172,1,47,192,0,0,0,0,0,0,0,0
178.296707,178.243362,205,63,7,53,172,1,47,192,0,0,0,0,0,0,0,0
178.571426,178.517792,205,63,7,53,172,1,47,192,0,0,0,0,0,0,0,0
178.846161,178.792480,205,63,7,53,172,1,47,192,0,0,0,0,0,0,0,0
179.120880,179.067200,205,63,7,53,172,1,47,192,0,0,0,0,0,0,0,0
179.395599,179.341690,205,63,7,53,172,1,47,192,0,0,0,0,0,0,0,0
179.670334,179.616104,205,63,7,53,172,1,47,192,0,0,0,0,0,0,0,0
179.945053,179.890579,205,63,7,53,172,1,47,192,0,0,0,0,0,0,0,0
180.219788,180.165054,205,63,7,53,172,1,47,192,0,0,0,0,0,0,0,0
180.494507,180.439682,205,63,7,53,172,1,47,192,0,0,0,0,0,0,0,0
180.769226,180.714264,205,63,7,53,172,1,47,192,0,0,0,0,0,0,0,0
181.043961,180.988846,205,63,7,53,172,1,47,192,0,0,0,0,0,0,0,0
181.318680,181.263626,205,63,7,53,172,1,47,192,0,0,0,0,0,0,0,0
181.593399,181.538559,72,63,7,53,172,1,47,192,0,0,0,0,0,0,0,0
181.868134,181.813599,72,63,7,53,172,1,47,192,0,0,0,0,0,0,0,0
182.142853,182.088333,72,63,7,53,172,1,47,192,0,0,0,0,0,0,0,0
182.417587,182.363785,24,63,7,53,172,1,47,192,0,0,0,0,0,0,0,0
182.692307,182.638367,24,63,7,53,172,1,47,192,0,0,0,0,0,0,0,0
182.967026,182.913040,24,63,7,53,172,1,47,192,0,0,0,0,0,0,0,0
183.241760,183.187668,24,63,7,53,172,1,47,192,0,0,0,0,0,0,0,0
183.516479,183.462509,24,63,7,53,172,1,47,192,0,0,0,0,0,0,0,0
183.791214,183.737091,24,63,7,53,172,1,47,192,0,0,0,0,0,0,0,0
184.065933,184.011719,24,63,7,53,172,1,47,192,0,0,0,0,0,0,0,0
184.340652,184.286438,24,63,7,53,172,1,47,192,0,0,0,0,0,0,0,0
184.615387,184.561081,24,63,7,53,172,1,47,192,0,0,0,0,0,0,0,0
184.890106,184.835754,24,63,7,53,172,1,47,192,0,0,0,0,0,0,0,0
185.164841,185.110794,24,63,7,53,172,1,47,192,0,0,0,0,0,0,0,0
185.439560,185.385483,24,63,7,53,172,1,47,192,0,0,0,0,0,0,0,0
185.714279,185.660263,24,63,7,53,172,1,47,192,0,0,0,0,0,0,0,0
185.989014,185.934937,24,63,7,53,172,1,47,192,0,0,0,0,0,0,0,0
186.263733,186.209824,24,63,7,53,172,1,47,192,0,0,0,0,0,0,0,0
186.538467,186.484497,24,63,7,53,172,1,47,192,0,0,0,0,0,0,0,0
186.813187,186.759293,24,63,7,53,172,1,47,192,0,0,0,0,0,0,0,0
187.087906,187.034073,24,63,7,53,172,1,47,192,0,0,0,0,0,0,0,0
187.362640,187.309006,24,63,7,53,172,1,47,192,0,0,0,0,0,0,0,0
187.637360,187.583694,24,63,7,53,172,1,47,192,0,0,0,0,0,0,0,0
187.912094,187.858826,24,63,7,53,172,1,47,192,0,0,0,0,0,0,0,0
188.186813,188.133453,24,63,7,53,172,1,47,192,0,0,0,0,0,0,0,0
188.461533,188.408234,24,63,7,53,172,1,47,192,0,0,0,0,0,0,0,0
188.736267,188.683273,24,63,7,53,172,1,47,192,0,0,0,0,0,0,0,0
189.010986,188.958115,24,63,7,53,172,1,47,192,0,0,0,0,0,0,0,0
189.285721,189.233917,84,63,7,53,172,1,47,192,0,0,0,0,0,0,0,0
189.560440,189.509003,84,63,7,53,172,1,47,192,0,0,0,0,0,0,0,0
189.835159,189.783798,84,63,7,53,172,1,47,192,0,0,0,0,0,0,0,0
190.109894,190.058777,84,63,7,53,172,1,47,192,0,0,0,0,0,0,0,0
190.384613,190.333557,84,63,7,53,172,1,47,192,0,0,0,0,0,0,0,0
190.659348,190.608353,84,63,7,53,172,1,47,192,0,0,0,0,0,0,0,0
190.934067,190.883026,84,63,7,53,172,1,47,192,0,0,0,0,0,0,0,0
191.208786,191.157867,84,63,7,53,172,1,47,192,0,0,0,0,0,0,0,0
191.483521,191.432739,84,63,7,53,172,1,47,192,0,0,0,0,0,0,0,0
191.813187,191.707840,84,63,7,53,172,1,47,192,0,0,0,0,0,0,0,0
192.087906,191.982513,84,63,7,53,172,1,47,192,0,0,0,0,0,0,0,0
192.362640,192.257248,84,63,7,53,172,1,47,192,0,0,0,0,0,0,0,0
192.637360,192.532089,84,63,7,53,172,1,47,192,0,0,0,0,0,0,0,0
192.912094,192.806915,84,63,7,53,172,1,47,192,0,0,0,0,0,0,0,0
193.186813,193.081863,84,63,7,53,172,1,47,192,0,0,0,0,0,0,0,0
193.461533,193.356644,84,63,7,53,172,1,47,192,0,0,0,0,0,0,0,0
193.736267,193.631531,84,63,7,53,172,1,47,192,0,0,0,0,0,0,0,0
194.010986,193.906311,84,63,7,53,172,1,47,192,0,0,0,0,0,0,0,0
194.285721,194.209579,140,63,7,53,172,1,47,192,0,0,0,0,0,0,0,0
194.560440,194.484528,140,63,7,53,172,1,47,192,0,0,0,0,0,0,0,0
194.835159,194.759659,140,63,7,53,172,1,47,192,0,0,0,0,0,0,0,0
195.109894,195.034546,140,63,7,53,172,1,47,192,0,0,0,0,0,0,0,0
195.384613,195.309525,140,63,7,53,172,1,47,192,0,0,0,0,0,0,0,0
195.659348,195.584412,83,63,7,53,172,1,47,192,0,0,0,0,0,0,0,0
195.934067,195.859253,83,63,7,53,172,1,47,192,0,0,0,0,0,0,0,0
196.208786,196.134232,83,63,7,53,172,1,47,192,0,0,0,0,0,0,0,0
196.483521,196.408813,83,63,7,53,172,1,47,192,0,0,0,0,0,0,0,0
196.758240,196.683640,83,63,7,53,172,1,47,192,0,0,0,0,0,0,0,0
197.032974,196.958176,161,63,7,53,172,1,47,192,0,0,0,0,0,0,0,0
197.307693,197.232910,161,63,7,53,172,1,47,192,0,0,0,0,0,0,0,0
197.582413,197.507645,44,63,7,53,172,1,47,192,0,0,0,0,0,0,0,0
197.857147,197.783279,44,63,7,53,172,1,47,192,0,0,0,0,0,0,0,0
198.131866,198.057770,44,63,7,53,172,1,47,192,0,0,0,0,0,0,0,0
198.406601,198.332657,44,63,7,53,172,1,47,192,0,0,0,0,0,0,0,0
198.681320,198.607437,44,63,7,53,172,1,47,192,0,0,0,0,0,0,0,0
198.956039,198.882111,44,63,7,53,172,1,47,192,0,0,0,0,0,0,0,0
199.230774,199.157104,44,63,7,53,172,1,47,192,0,0,0,0,0,0,0,0
199.505493,199.432098,44,63,7,53,172,1,47,192,0,0,0,0,0,0,0,0
199.780212,199.706924,44,63,7,53,172,1,47,192,0,0,0,0,0,0,0,0
200.054947,199.981598,44,63,7,53,172,1,47,192,0,0,0,0,0,0,0,0
200.329666,200.256485,44,63,7,53,172,1,47,192,0,0,0,0,0,0,0,0
200.604401,200.531326,44,63,7,53,172,1,47,192,0,0,0,0,0,0,0,0
200.879120,200.806458,44,63,7,53,172,1,47,192,0,0,0,0,0,0,0,0
201.153839,201.080994,44,63,7,53,172,1,47,192,0,0,0,0,0,0,0,0
201.428574,201.355881,26,63,7,53,172,1,47,192,0,0,0,0,0,0,0,0
201.703293,201.630768,26,63,7,53,172,1,47,192,0,0,0,0,0,0,0,0
201.978027,201.905807,26,63,7,53,172,1,47,192,0,0,0,0,0,0,0,0
202.252747,202.181091,26,63,7,53,172,1,47,192,0,0,0,0,0,0,0,0
202.527466,202.456039,26,63,7,53,172,1,47,192,0,0,0,0,0,0,0,0
202.802200,202.731171,26,63,7,53,172,1,47,192,0,0,0,0,0,0,0,0
203.076920,203.006058,26,63,7,53,172,1,47,192,0,0,0,0,0,0,0,0
203.351654,203.281097,26,63,7,53,172,1,47,192,0,0,0,0,0,0,0,0
203.626373,203.556137,26,63,7,53,172,1,47,192,0,0,0,0,0,0,0,0
203.901093,203.831070,26,63,7,53,172,1,47,192,0,0,0,0,0,0,0,0
204.175827,204.105392,26,63,7,53,172,1,47,192,0,0,0,0,0,0,0,0
204.450546,204.380280,26,63,7,53,172,1,47,192,0,0,0,0,0,0,0,0
204.725281,204.655426,26,63,7,53,172,1,47,192,0,0,0,0,0,0,0,0
205.000000,204.929947,26,63,7,53,172,1,47,192,0,0,0,0,0,0,0,0
205.274719,205.205139,26,63,7,53,172,1,47,192,0,0,0,0,0,0,0,0
205.549454,205.479721,26,63,7,53,172,1,47,192,0,0,0,0,0,0,0,0
205.824173,205.754349,26,63,7,53,172,1,47,192,0,0,0,0,0,0,0,0
206.098907,206.029083,26,63,7,53,172,1,47,192,0,0,0,0,0,0,0,0
206.373627,206.304123,26,63,7,53,172,1,47,192,0,0,0,0,0,0,0,0
206.648346,206.579010,26,63,7,53,172,1,47,192,0,0,0,0,0,0,0,0
206.923080,206.853943,26,63,7,53,172,1,47,192,0,0,0,0,0,0,0,0
207.197800,207.128769,26,63,7,53,172,1,47,192,0,0,0,0,0,0,0,0
207.472534,207.404221,203,63,7,53,172,1,47,192,0,0,0,0,0,0,0,0
207.747253,207.679108,203,63,7,53,172,1,47,192,0,0,0,0,0,0,0,0
208.021973,207.953796,203,63,7,53,172,1,47,192,0,0,0,0,0,0,0,0
208.296707,208.229187,203,63,7,53,172,1,47,192,0,0,0,0,0,0,0,0
208.571426,208.503937,203,63,7,53,172,1,47,192,0,0,0,0,0,0,0,0
208.846161,208.778885,203,63,7,53,172,1,47,192,0,0,0,0,0,0,0,0
209.120880,209.053543,219,63,7,53,172,1,47,192,0,0,0,0,0,0,0,0
209.395599,209.328522,219,63,7,53,172,1,47,192,0,0,0,0,0,0,0,0
209.670334,209.603363,219,63,7,53,172,1,47,192,0,0,0,0,0,0,0,0
209.945053,209.877945,219,63,7,53,172,1,47,192,0,0,0,0,0,0,0,0
210.219788,210.152512,116,63,7,53,172,1,47,192,0,0,0,0,0,0,0,0
210.494507,210.427200,116,63,7,53,172,1,47,192,0,0,0,0,0,0,0,0
210.769226,210.701721,116,63,7,53,172,1,47,192,0,0,0,0,0,0,0,0
211.043961,210.976654,116,63,7,53,172,1,47,192,0,0,0,0,0,0,0,0
211.318680,211.251556,116,63,7,53,172,1,47,192,0,0,0,0,0,0,0,0
211.593399,211.526382,116,63,7,53,172,1,47,192,0,0,0,0,0,0,0,0
211.868134,211.801422,116,63,7,53,172,1,47,192,0,0,0,0,0,0,0,0
212.142853,212.076355,116,63,7,53,172,1,47,192,0,0,0,0,0,0,0,0
212.417587,212.351395,116,63,7,53,172,1,47,192,0,0,0,0,0,0,0,0
212.692307,212.626389,116,63,7,53,172,1,47,192,0,0,0,0,0,0,0,0
212.967026,212.901474,116,63,7,53,172,1,47,192,0,0,0,0,0,0,0,0
213.241760,213.176147,210,63,7,53,172,1,47,192,0,0,0,0,0,0,0,0
213.516479,213.450790,190,63,7,53,172,1,47,192,0,0,0,0,0,0,0,0
213.791214,213.725311,190,63,7,53,172,1,47,192,0,0,0,0,0,0,0,0
214.065933,214.000137,190,63,7,53,172,1,47,192,0,0,0,0,0,0,0,0
214.340652,214.275345,190,63,7,53,172,1,47,192,0,0,0,0,0,0,0,0
214.615387,214.550125,171,63,7,53,172,1,47,192,0,0,0,0,0,0,0,0
214.890106,214.824951,124,63,7,53,172,1,47,192,0,0,0,0,0,0,0,0
215.164841,215.099838,124,63,7,53,172,1,47,192,0,0,0,0,0,0,0,0
215.439560,215.374466,124,63,7,53,172,1,47,192,0,0,0,0,0,0,0,0
215.714279,215.649155,124,63,7,53,172,1,47,192,0,0,0,0,0,0,0,0
215.989014,215.924286,124,63,7,53,172,1,47,192,0,0,0,0,0,0,0,0
216.263733,216.199127,124,63,7,53,172,1,47,192,0,0,0,0,0,0,0,0
216.538467,216.474014,145,63,7,53,172,1,47,192,0,0,0,0,0,0,0,0
216.813187,216.748642,209,63,7,53,172,1,47,192,0,0,0,0,0,0,0,0
217.087906,217.023468,209,63,7,53,172,1,47,192,0,0,0,0,0,0,0,0
217.362640,217.298004,209,63,7,53,172,1,47,192,0,0,0,0,0,0,0,0
217.637360,217.572784,215,63,7,53,172,1,47,192,0,0,0,0,0,0,0,0
217.912094,217.847672,215,63,7,53,172,1,47,192,0,0,0,0,0,0,0,0
218.186813,218.122498,215,63,7,53,172,1,47,192,0,0,0,0,0,0,0,0
218.461533,218.397293,215,63,7,53,172,1,47,192,0,0,0,0,0,0,0,0
218.736267,218.672119,215,63,7,53,172,1,47,192,0,0,0,0,0,0,0,0
219.010986,218.946899,215,63,7,53,172,1,47,192,0,0,0,0,0,0,0,0
219.285721,219.221939,96,63,7,53,172,1,47,192,0,0,0,0,0,0,0,0
219.560440,219.496780,96,63,7,53,172,1,47,192,0,0,0,0,0,0,0,0
219.835159,219.771820,96,63,7,53,172,1,47,192,0,0,0,0,0,0,0,0
220.109894,220.046707,96,63,7,53,172,1,47,192,0,0,0,0,0,0,0,0
220.384613,220.321686,96,63,7,53,172,1,47,192,0,0,0,0,0,0,0,0
220.659348,220.596771,96,63,7,53,172,1,47,192,0,0,0,0,0,0,0,0
220.934067,220.871613,96,63,7,53,172,1,47,192,0,0,0,0,0,0,0,0
221.208786,221.146545,96,63,7,53,172,1,47,192,0,0,0,0,0,0,0,0
221.483521,221.421432,96,63,7,53,172,1,47,192,0,0,0,0,0,0,0,0
221.758240,221.696320,96,63,7,53,172,1,47,192,0,0,0,0,0,0,0,0
222.032974,221.971298,96,63,7,53,172,1,47,192,0,0,0,0,0,0,0,0
222.307693,222.246033,96,63,7,53,172,1,47,192,0,0,0,0,0,0,0,0
222.582413,222.520660,96,63,7,53,172,1,47,192,0,0,0,0,0,0,0,0
222.857147,222.795700,96,63,7,53,172,1,47,192,0,0,0,0,0,0,0,0
223.131866,223.070587,96,63,7,53,172,1,47,192,0,0,0,0,0,0,0,0
223.406601,223.345535,96,63,7,53,172,1,47,192,0,0,0,0,0,0,0,0
223.681320,223.620621,96,63,7,53,172,1,47,192,0,0,0,0,0,0,0,0
223.956039,223.895508,96,63,7,53,172,1,47,192,0,0,0,0,0,0,0,0
224.230774,224.170547,96,63,7,53,172,1,47,192,0,0,0,0,0,0,0,0
224.505493,224.418671,96,63,7,53,172,1,47,192,0,0,0,0,0,0,0,0
224.780212,224.693527,96,63,7,53,172,1,47,192,0,0,0,0,0,0,0,0
225.054947,224.968552,96,63,7,53,172,1,47,192,0,0,0,0,0,0,0,0
225.329666,225.243347,225,63,7,53,172,1,47,192,0,0,0,0,0,0,0,0
225.604401,225.519241,56,63,7,53,172,1,47,192,0,0,0,0,0,0,0,0
225.879120,225.795776,56,63,7,53,172,1,47,192,0,0,0,0,0,0,0,0
226.153839,226.070602,56,63,7,53,172,1,47,192,0,0,0,0,0,0,0,0
226.428574,226.345078,56,63,7,53,172,1,47,192,0,0,0,0,0,0,0,0
226.703293,226.619965,56,63,7,53,172,1,47,192,0,0,0,0,0,0,0,0
226.978027,226.894699,56,63,7,53,172,1,47,192,0,0,0,0,0,0,0,0
227.252747,227.170044,218,63,7,53,172,1,47,192,0,0,0,0,0,0,0,0
227.527466,227.444824,102,63,7,53,172,1,47,192,0,0,0,0,0,0,0,0
227.802200,227.719360,246,63,7,53,172,1,47,192,0,0,0,0,0,0,0,0
228.076920,227.994232,246,63,7,53,172,1,47,192,0,0,0,0,0,0,0,0
228.351654,228.268768,246,63,7,53,172,1,47,192,0,0,0,0,0,0,0,0
228.626373,228.543549,246,63,7,53,172,1,47,192,0,0,0,0,0,0,0,0
228.901093,228.818069,246,63,7,53,172,1,47,192,0,0,0,0,0,0,0,0
229.175827,229.092545,246,63,7,53,172,1,47,192,0,0,0,0,0,0,0,0
229.450546,229.367279,246,63,7,53,172,1,47,192,0,0,0,0,0,0,0,0
229.725281,229.641663,184,63,7,53,172,1,47,192,0,0,0,0,0,0,0,0
230.000000,229.916382,184,63,7,53,172,1,47,192,0,0,0,0,0,0,0,0
230.274719,230.190918,184,63,7,53,172,1,47,192,0,0,0,0,0,0,0,0
230.549454,230.465698,184,63,7,53,172,1,47,192,0,0,0,0,0,0,0,0
230.824173,230.740173,184,63,7,53,172,1,47,192,0,0,0,0,0,0,0,0
231.098907,231.014862,184,63,7,53,172,1,47,192,0,0,0,0,0,0,0,0
231.373627,231.289886,184,63,7,53,172,1,47,192,0,0,0,0,0,0,0,0
231.648346,231.564362,184,63,7,53,172,1,47,192,0,0,0,0,0,0,0,0
231.923080,231.839096,184,63,7,53,172,1,47,192,0,0,0,0,0,0,0,0
232.197800,232.113632,184,63,7,53,172,1,47,192,0,0,0,0,0,0,0,0
232.472534,232.388718,184,63,7,53,172,1,47,192,0,0,0,0,0,0,0,0
232.747253,232.663437,184,63,7,53,172,1,47,192,0,0,0,0,0,0,0,0
233.021973,232.938339,184,63,7,53,172,1,47,192,0,0,0,0,0,0,0,0
233.296707,233.212708,184,63,7,53,172,1,47,192,0,0,0,0,0,0,0,0
233.571426,233.487534,184,63,7,53,172,1,47,192,0,0,0,0,0,0,0,0
233.846161,233.761917,184,63,7,53,172,1,47,192,0,0,0,0,0,0,0,0
234.120880,234.036652,184,63,7,53,172,1,47,192,0,0,0,0,0,0,0,0
234.395599,234.311172,184,63,7,53,172,1,47,192,0,0,0,0,0,0,0,0
234.670334,234.585907,175,63,7,53,172,1,47,192,0,0,0,0,0,0,0,0
234.945053,234.861923,10,63,7,53,172,1,47,192,0,0,0,0,0,0,0,0
235.219788,235.136597,10,63,7,53,172,1,47,192,0,0,0,0,0,0,0,0
235.494507,235.411789,10,63,7,53,172,1,47,192,0,0,0,0,0,0,0,0
235.769226,235.686371,10,63,7,53,172,1,47,192,0,0,0,0,0,0,0,0
236.043961,235.961060,10,63,7,53,172,1,47,192,0,0,0,0,0,0,0,0
236.318680,236.236084,10,63,7,53,172,1,47,192,0,0,0,0,0,0,0,0
236.593399,236.510712,10,63,7,53,172,1,47,192,0,0,0,0,0,0,0,0
236.868134,236.785507,10,63,7,53,172,1,47,192,0,0,0,0,0,0,0,0
237.142853,237.060028,56,63,7,53,172,1,47,192,0,0,0,0,0,0,0,0
237.417587,237.334656,56,63,7,53,172,1,47,192,0,0,0,0,0,0,0,0
237.692307,237.609543,56,63,7,53,172,1,47,192,0,0,0,0,0,0,0,0
237.967026,237.884476,56,63,7,53,172,1,47,192,0,0,0,0,0,0,0,0
238.241760,238.159470,56,63,7,53,172,1,47,192,0,0,0,0,0,0,0,0
238.516479,238.434052,56,63,7,53,172,1,47,192,0,0,0,0,0,0,0,0
238.791214,238.709183,56,63,7,53,172,1,47,192,0,0,0,0,0,0,0,0
239.065933,238.983765,56,63,7,53,172,1,47,192,0,0,0,0,0,0,0,0
239.340652,239.259781,206,63,7,53,172,1,47,192,0,0,0,0,0,0,0,0
239.615387,239.534454,206,63,7,53,172,1,47,192,0,0,0,0,0,0,0,0
239.890106,239.809143,248,63,7,53,172,1,47,192,0,0,0,0,0,0,0,0
240.164841,240.083969,106,63,7,53,172,1,47,192,0,0,0,0,0,0,0,0
240.439560,240.358810,106,63,7,53,172,1,47,192,0,0,0,0,0,0,0,0
240.714279,240.634003,106,63,7,53,172,1,47,192,0,0,0,0,0,0,0,0
240.989014,240.908524,106,63,7,53,172,1,47,192,0,0,0,0,0,0,0,0
241.263733,241.183563,106,63,7,53,172,1,47,192,0,0,0,0,0,0,0,0
241.538467,241.458237,106,63,7,53,172,1,47,192,0,0,0,0,0,0,0,0
241.813187,241.733032,106,63,7,53,172,1,47,192,0,0,0,0,0,0,0,0
242.087906,242.007660,106,63,7,53,172,1,47,192,0,0,0,0,0,0,0,0
242.362640,242.282654,106,63,7,53,172,1,47,192,0,0,0,0,0,0,0,0
242.637360,242.557327,106,63,7,53,172,1,47,192,0,0,0,0,0,0,0,0
242.912094,242.832016,106,63,7,53,172,1,47,192,0,0,0,0,0,0,0,0
243.186813,243.106796,106,63,7,53,172,1,47,192,0,0,0,0,0,0,0,0
243.461533,243.381577,106,63,7,53,172,1,47,192,0,0,0,0,0,0,0,0
243.736267,243.656265,106,63,7,53,172,1,47,192,0,0,0,0,0,0,0,0
244.010986,243.931244,106,63,7,53,172,1,47,192,0,0,0,0,0,0,0,0
244.285721,244.206177,106,63,7,53,172,1,47,192,0,0,0,0,0,0,0,0
244.560440,244.480957,106,63,7,53,172,1,47,192,0,0,0,0,0,0,0,0
244.835159,244.755493,106,63,7,53,172,1,47,192,0,0,0,0,0,0,0,0
245.109894,245.030319,106,63,7,53,172,1,47,192,0,0,0,0,0,0,0,0
245.384613,245.305161,106,63,7,53,172,1,47,192,0,0,0,0,0,0,0,0
245.659348,245.579880,106,63,7,53,172,1,47,192,0,0,0,0,0,0,0,0
245.934067,245.854523,231,63,7,53,172,1,47,192,0,0,0,0,0,0,0,0
246.208786,246.129303,231,63,7,53,172,1,47,192,0,0,0,0,0,0,0,0
246.483521,246.403778,231,63,7,53,172,1,47,192,0,0,0,0,0,0,0,0
246.758240,246.678558,231,63,7,53,172,1,47,192,0,0,0,0,0,0,0,0
247.032974,246.953186,231,63,7,53,172,1,47,192,0,0,0,0,0,0,0,0
247.307693,247.228226,231,63,7,53,172,1,47,192,0,0,0,0,0,0,0,0
247.582413,247.502853,231,63,7,53,172,1,47,192,0,0,0,0,0,0,0,0
247.857147,247.777481,231,63,7,53,172,1,47,192,0,0,0,0,0,0,0,0
248.131866,248.052170,231,63,7,53,172,1,47,192,0,0,0,0,0,0,0,0
248.406601,248.326950,231,63,7,53,172,1,47,192,0,0,0,0,0,0,0,0
248.681320,248.601532,231,63,7,53,172,1,47,192,0,0,0,0,0,0,0,0
248.956039,248.876617,231,63,7,53,172,1,47,192,0,0,0,0,0,0,0,0
249.230774,249.151291,231,63,7,53,172,1,47,192,0,0,0,0,0,0,0,0
249.505493,249.425980,210,63,7,53,172,1,47,192,0,0,0,0,0,0,0,0
249.780212,249.700867,248,63,7,53,172,1,47,192,0,0,0,0,0,0,0,0
250.054947,249.976257,29,63,7,53,172,1,47,192,0,0,0,0,0,0,0,0
250.329666,250.250946,29,63,7,53,172,1,47,192,0,0,0,0,0,0,0,0
250.604401,250.525620,29,63,7,53,172,1,47,192,0,0,0,0,0,0,0,0
250.879120,250.800201,29,63,7,53,172,1,47,192,0,0,0,0,0,0,0,0
251.153839,251.074677,29,63,7,53,172,1,47,192,0,0,0,0,0,0,0,0
251.428574,251.349106,29,63,7,53,172,1,47,192,0,0,0,0,0,0,0,0
251.703293,251.623520,29,63,7,53,172,1,47,192,0,0,0,0,0,0,0,0
251.978027,251.898056,29,63,7,53,172,1,47,192,0,0,0,0,0,0,0,0
252.252747,252.172485,29,63,7,53,172,1,47,192,0,0,0,0,0,0,0,0
252.527466,252.447266,29,63,7,53,172,1,47,192,0,0,0,0,0,0,0,0
252.802200,252.721786,29,63,7,53,172,1,47,192,0,0,0,0,0,0,0,0
253.076920,252.996521,233,63,7,53,172,1,47,192,0,0,0,0,0,0,0,0
253.351654,253.271667,233,63,7,53,172,1,47,192,0,0,0,0,0,0,0,0
253.626373,253.546341,233,63,7,53,172,1,47,192,0,0,0,0,0,0,0,0
253.901093,253.821030,233,63,7,53,172,1,47,192,0,0,0,0,0,0,0,0
254.175827,254.095917,233,63,7,53,172,1,47,192,0,0,0,0,0,0,0,0
254.450546,254.371048,233,63,7,53,172,1,47,192,0,0,0,0,0,0,0,0
254.725281,254.645676,233,63,7,53,172,1,47,192,0,0,0,0,0,0,0,0
255.000000,254.920319,233,63,7,53,172,1,47,192,0,0,0,0,0,0,0,0
255.274719,255.195251,233,63,7,53,172,1,47,192,0,0,0,0,0,0,0,0
255.549454,255.470139,233,63,7,53,172,1,47,192,0,0,0,0,0,0,0,0
255.824173,255.745163,233,63,7,53,172,1,47,192,0,0,0,0,0,0,0,0
256.098907,256.019989,233,63,7,53,172,1,47,192,0,0,0,0,0,0,0,0
256.373627,256.296326,79,63,7,53,172,1,47,192,0,0,0,0,0,0,0,0
256.648346,256.571320,79,63,7,53,172,1,47,192,0,0,0,0,0,0,0,0
256.923065,256.846252,79,63,7,53,172,1,47,192,0,0,0,0,0,0,0,0
257.197815,257.121033,79,63,7,53,172,1,47,192,0,0,0,0,0,0,0,0
257.472534,257.396027,79,63,7,53,172,1,47,192,0,0,0,0,0,0,0,0
257.747253,257.670746,79,63,7,53,172,1,47,192,0,0,0,0,0,0,0,0
258.021973,257.945770,79,63,7,53,172,1,47,192,0,0,0,0,0,0,0,0
258.296692,258.220306,79,63,7,53,172,1,47,192,0,0,0,0,0,0,0,0
258.571442,258.495148,79,63,7,53,172,1,47,192,0,0,0,0,0,0,0,0
258.846161,258.769684,79,63,7,53,172,1,47,192,0,0,0,0,0,0,0,0
259.120880,259.044250,79,63,7,53,172,1,47,192,0,0,0,0,0,0,0,0
259.395599,259.318665,79,63,7,53,172,1,47,192,0,0,0,0,0,0,0,0
259.670319,259.593506,79,63,7,53,172,1,47,192,0,0,0,0,0,0,0,0
259.945068,259.868042,79,63,7,53,172,1,47,192,0,0,0,0,0,0,0,0
260.219788,260.142822,79,63,7,53,172,1,47,192,0,0,0,0,0,0,0,0
260.494507,260.418060,47,63,7,53,172,1,47,192,0,0,0,0,0,0,0,0
260.769226,260.692596,47,63,7,53,172,1,47,192,0,0,0,0,0,0,0,0
261.043945,260.967072,47,63,7,53,172,1,47,192,0,0,0,0,0,0,0,0
261.318695,261.241699,47,63,7,53,172,1,47,192,0,0,0,0,0,0,0,0
261.593414,261.516479,47,63,7,53,172,1,47,192,0,0,0,0,0,0,0,0
261.868134,261.791229,47,63,7,53,172,1,47,192,0,0,0,0,0,0,0,0
262.142853,262.065887,47,63,7,53,172,1,47,192,0,0,0,0,0,0,0,0
262.417572,262.340363,12,63,7,53,172,1,47,192,0,0,0,0,0,0,0,0
262.692322,262.615784,247,136,159,53,172,1,47,192,0,0,0,0,0,0,0,0
262.967041,262.890564,247,136,159,53,172,1,47,192,0,0,0,0,0,0,0,0
263.241760,263.165070,247,136,159,53,172,1,47,192,0,0,0,0,0,0,0,0
263.516479,263.440002,255,136,159,53,172,1,47,192,0,0,0,0,0,0,0,0
263.846161,263.715118,255,136,159,53,172,1,47,192,0,0,0,0,0,0,0,0
264.120880,263.989899,255,136,159,53,172,1,47,192,0,0,0,0,0,0,0,0
264.395599,264.264832,255,136,159,53,172,1,47,192,0,0,0,0,0,0,0,0
264.670319,264.568878,0,255,159,53,172,1,47,192,0,0,0,0,0,0,0,0
264.945068,264.844727,0,255,159,53,172,1,47,192,0,0,0,0,0,0,0,0
265.219788,265.120636,0,255,159,53,172,1,47,192,0,0,0,0,0,0,0,0
265.494507,265.396637,0,255,159,53,172,1,47,192,0,0,0,0,0,0,0,0
265.769226,265.672699,0,255,159,53,172,1,47,192,0,0,0,0,0,0,0,0
266.043945,265.948364,0,255,159,53,172,1,47,192,0,0,0,0,0,0,0,0
266.318695,266.224457,0,255,159,53,172,1,47,192,0,0,0,0,0,0,0,0
266.593414,266.500580,0,255,159,53,172,1,47,192,0,0,0,0,0,0,0,0
266.868134,266.776581,0,255,159,53,172,1,47,192,0,0,0,0,0,0,0,0
267.142853,267.052612,0,255,159,53,172,1,47,192,0,0,0,0,0,0,0,0
267.417572,267.328827,0,255,159,53,172,1,47,192,0,0,0,0,0,0,0,0
267.692322,267.604889,0,255,159,53,172,1,47,192,0,0,0,0,0,0,0,0
267.967041,267.880951,0,255,159,53,172,1,47,192,0,0,0,0,0,0,0,0
268.241760,268.156921,0,255,159,53,172,1,47,192,0,0,0,0,0,0,0,0
268.516479,268.432831,0,255,159,53,172,1,47,192,0,0,0,0,0,0,0,0
268.791199,268.709686,191,255,159,53,172,1,47,192,0,0,0,0,0,0,0,0
269.065948,268.985596,191,255,159,53,172,1,47,192,0,0,0,0,0,0,0,0
269.340668,269.261658,191,255,159,53,172,1,47,192,0,0,0,0,0,0,0,0
269.615387,269.537628,242,255,159,53,172,1,47,192,0,0,0,0,0,0,0,0
269.890106,269.813934,242,255,159,53,172,1,47,192,0,0,0,0,0,0,0,0
270.164825,270.062714,242,255,159,53,172,1,47,192,0,0,0,0,0,0,0,0
270.439575,270.338806,242,255,159,53,172,1,47,192,0,0,0,0,0,0,0,0
270.714294,270.614563,0,255,159,53,172,1,47,192,0,0,0,0,0,0,0,0
270.989014,270.890991,0,255,159,53,172,1,47,192,0,0,0,0,0,0,0,0
