0.000000,0.000000,121,255,158,255,23,1,56,189,0,0,0,0,0,0,0,0
0.274725,0.285715,121,255,156,255,23,1,64,189,0,0,0,0,0,0,0,0
0.549451,0.546580,121,255,155,255,23,1,59,189,128,0,0,0,0,0,0,0
0.824176,0.822949,121,255,153,255,23,1,47,190,0,0,0,0,0,0,0,0
1.043956,1.055785,121,255,153,255,23,1,78,189,0,0,0,0,0,0,0,0
1.318681,1.340936,121,255,152,255,24,1,63,189,0,0,0,0,0,0,0,0
1.593407,1.599802,121,255,151,255,24,2,55,190,128,0,0,0,0,0,0,0
1.813187,1.831256,121,255,151,255,23,1,64,190,0,0,0,0,0,0,0,0
2.087912,2.091761,121,255,150,255,23,1,73,190,128,0,0,0,0,0,0,0
2.362637,2.377884,121,255,148,255,23,1,64,190,0,0,0,0,0,0,0,0
2.637363,2.635730,121,255,148,255,23,1,76,190,0,0,0,0,0,0,0,0
2.857143,2.866519,121,255,146,255,24,0,74,190,128,0,0,0,0,0,0,0
3.131868,3.153151,121,255,146,255,23,1,79,190,0,0,0,0,0,0,0,0
3.406593,3.412429,121,255,145,255,24,2,63,189,128,0,0,0,0,0,0,0
3.626374,3.643573,121,255,145,255,23,1,76,189,0,0,0,0,0,0,0,0
3.901099,3.902082,121,255,143,255,24,1,74,189,128,0,0,0,0,0,0,0
4.175824,4.187642,121,255,142,255,23,1,64,190,0,0,0,0,0,0,0,0
4.450550,4.445693,121,255,141,255,23,1,62,189,0,0,0,0,0,0,0,0
4.670330,4.676480,121,255,140,255,23,1,72,190,128,0,0,0,0,0,0,0
4.945055,4.962861,121,255,139,255,24,1,74,190,128,0,0,0,0,0,0,0
5.219780,5.220755,121,255,138,255,24,1,63,189,128,0,0,0,0,0,0,0
5.439560,5.451390,121,255,136,255,24,2,75,190,0,0,0,0,0,0,0,0
5.714286,5.710155,121,255,134,255,23,1,64,190,128,0,0,0,0,0,0,0
5.989011,5.995972,121,255,133,255,23,1,72,190,0,0,0,0,0,0,0,0
6.208791,6.227883,121,255,132,255,24,1,72,190,128,0,0,0,0,0,0,0
6.483517,6.486395,121,255,131,255,23,1,64,190,0,0,0,0,0,0,0,0
6.758242,6.772876,121,255,130,255,24,2,51,190,128,0,0,0,0,0,0,0
7.032967,7.031589,121,255,128,255,24,2,63,190,0,0,0,0,0,0,0,0
7.252747,7.262942,121,255,127,255,23,1,51,189,128,0,0,0,0,0,0,0
7.527472,7.520907,121,255,126,255,24,1,37,190,0,0,0,0,0,0,0,0
7.802198,7.807163,121,255,124,255,24,1,47,190,0,0,0,0,0,0,0,0
8.021978,8.038414,121,255,124,255,23,1,47,190,128,0,0,0,0,0,0,0
8.296703,8.296717,121,255,122,255,24,1,39,190,0,0,0,0,0,0,0,0
8.571428,8.582330,121,255,121,255,23,0,47,190,128,0,0,0,0,0,0,0
8.846154,8.841503,121,255,119,255,23,2,58,190,0,0,0,0,0,0,0,0
9.065934,9.083655,121,255,118,255,24,1,47,190,128,0,0,0,0,0,0,0
9.340659,9.342007,121,255,116,255,24,1,52,190,0,0,0,0,0,0,0,0
9.615385,9.627770,121,255,116,255,23,1,40,190,128,0,0,0,0,0,0,0
9.890110,9.885769,121,255,116,255,24,1,41,190,0,0,0,0,0,0,0,0
10.109890,10.119066,121,255,115,255,24,1,47,190,128,0,0,0,0,0,0,0
10.384615,10.377985,121,255,114,255,23,1,47,190,128,0,0,0,0,0,0,0
10.659341,10.664467,121,255,113,255,23,1,47,190,0,0,0,0,0,0,0,0
10.879121,10.895767,121,255,114,255,23,1,51,190,128,0,0,0,0,0,0,0
11.153846,11.154478,121,255,113,255,23,2,51,190,0,0,0,0,0,0,0,0
11.428572,11.440244,121,255,113,255,23,2,49,190,128,0,0,0,0,0,0,0
11.703297,11.698960,121,255,112,255,23,1,63,190,0,0,0,0,0,0,0,0
11.923077,11.929441,121,255,112,255,24,1,64,190,128,0,0,0,0,0,0,0
12.197803,12.214437,121,255,111,255,23,1,74,190,128,0,0,0,0,0,0,0
12.472528,12.473459,121,255,111,255,24,1,79,190,128,0,0,0,0,0,0,0
12.692307,12.703836,121,255,110,255,24,1,61,190,128,0,0,0,0,0,0,0
12.967033,12.961885,121,255,109,255,24,1,64,190,0,0,0,0,0,0,0,0
13.241758,13.248522,121,255,108,255,23,1,64,190,128,0,0,0,0,0,0,0
13.461538,13.479466,121,255,108,255,23,1,88,190,0,0,0,0,0,0,0,0
13.736263,13.738482,121,255,108,255,23,2,68,190,128,0,0,0,0,0,0,0
14.010989,14.024453,121,255,106,255,23,1,70,190,0,0,0,0,0,0,0,0
14.285714,14.282757,121,255,106,255,23,1,78,190,128,0,0,0,0,0,0,0
14.505494,14.513342,121,255,105,255,24,1,69,190,0,0,0,0,0,0,0,0
14.780220,14.771696,121,255,103,255,23,1,67,190,128,0,0,0,0,0,0,0
15.054945,15.056797,121,255,101,255,24,1,68,190,0,0,0,0,0,0,0,0
15.274725,15.287790,121,255,100,255,23,1,68,190,128,0,0,0,0,0,0,0
15.549451,15.546199,121,255,99,255,23,1,56,190,128,0,0,0,0,0,0,0
15.824176,15.832117,121,255,100,255,24,1,56,190,0,0,0,0,0,0,0,0
16.098902,16.090269,121,255,97,255,23,1,50,190,128,0,0,0,0,0,0,0
16.318682,16.321617,121,255,97,255,23,1,51,190,0,0,0,0,0,0,0,0
16.593407,16.608337,121,255,95,255,24,1,58,190,128,0,0,0,0,0,0,0
16.868132,16.867632,121,255,94,255,23,1,63,190,0,0,0,0,0,0,0,0
17.087912,17.098829,121,255,92,255,24,1,72,190,128,0,0,0,0,0,0,0
17.362637,17.357237,121,255,91,255,23,1,53,190,0,0,0,0,0,0,0,0
17.637363,17.642641,121,255,90,255,23,1,48,190,128,0,0,0,0,0,0,0
17.857143,17.873587,121,255,90,255,23,1,47,190,0,0,0,0,0,0,0,0
18.131868,18.132145,121,255,89,255,23,1,51,190,0,0,0,0,0,0,0,0
18.406593,18.418114,121,255,88,255,23,2,51,190,128,0,0,0,0,0,0,0
18.681318,18.677904,121,255,86,255,24,1,68,190,0,0,0,0,0,0,0,0
18.901098,18.908947,121,255,86,255,23,2,55,190,128,0,0,0,0,0,0,0
19.175825,19.167610,121,255,85,255,23,2,58,190,0,0,0,0,0,0,0,0
19.450550,19.453743,121,255,83,255,23,1,63,190,128,0,0,0,0,0,0,0
19.670330,19.684265,121,255,83,255,23,1,63,190,128,0,0,0,0,0,0,0
19.945055,19.942621,121,255,82,255,23,1,74,190,128,0,0,0,0,0,0,0
20.219780,20.228285,121,255,81,255,23,2,59,190,128,0,0,0,0,0,0,0
20.494505,20.486435,121,255,80,255,23,1,51,190,0,0,0,0,0,0,0,0
20.714285,20.717585,122,255,80,255,23,2,63,190,128,0,0,0,0,0,0,0
20.989012,21.003448,121,255,78,255,24,1,64,190,0,0,0,0,0,0,0,0
21.263737,21.261700,121,255,77,255,23,2,58,190,128,0,0,0,0,0,0,0
21.483517,21.492491,121,255,76,255,24,1,80,190,0,0,0,0,0,0,0,0
21.758242,21.750843,121,255,75,255,24,1,63,190,128,0,0,0,0,0,0,0
22.032967,22.037178,121,255,74,255,24,1,55,190,0,0,0,0,0,0,0,0
22.252747,22.267811,121,255,71,255,24,1,56,190,128,0,0,0,0,0,0,0
22.527473,22.525805,121,255,72,255,23,2,72,190,0,0,0,0,0,0,0,0
22.802198,22.812239,122,255,69,255,23,2,49,190,128,0,0,0,0,0,0,0
23.076923,23.070644,121,255,70,255,23,2,51,190,128,0,0,0,0,0,0,0
23.296703,23.301584,121,255,69,255,24,1,59,190,0,0,0,0,0,0,0,0
23.571428,23.560144,121,255,68,255,23,0,76,190,128,0,0,0,0,0,0,0
23.846153,23.846113,121,255,65,255,24,1,64,190,0,0,0,0,0,0,0,0
24.065933,24.076546,121,255,65,255,24,1,57,190,128,0,0,0,0,0,0,0
24.340660,24.335157,121,255,65,255,23,0,79,190,0,0,0,0,0,0,0,0
24.615385,24.620668,121,255,64,255,24,1,80,190,128,0,0,0,0,0,0,0
24.890110,24.878868,121,255,63,255,23,1,59,190,0,0,0,0,0,0,0,0
25.109890,25.109552,121,255,62,255,23,2,55,190,128,0,0,0,0,0,0,0
25.384615,25.396090,121,255,60,255,24,1,63,190,128,0,0,0,0,0,0,0
25.659340,25.654697,121,255,60,255,23,2,46,190,0,0,0,0,0,0,0,0
25.879122,25.886515,121,255,58,255,23,1,70,190,128,0,0,0,0,0,0,0
26.153847,26.145376,121,255,57,255,24,1,64,190,0,0,0,0,0,0,0,0
26.428572,26.431808,121,255,56,255,23,1,47,190,128,0,0,0,0,0,0,0
26.703297,26.690340,121,255,53,255,23,1,63,190,0,0,0,0,0,0,0,0
26.923077,26.922279,122,255,53,255,23,2,64,190,128,0,0,0,0,0,0,0
27.197802,27.208456,121,255,52,255,23,1,51,190,0,0,0,0,0,0,0,0
27.472527,27.466709,121,255,52,255,24,1,74,190,0,0,0,0,0,0,0,0
27.692308,27.698778,121,255,50,255,23,1,64,190,0,0,0,0,0,0,0,0
27.967033,27.957493,121,255,50,255,23,1,47,190,128,0,0,0,0,0,0,0
28.241758,28.243719,121,255,48,255,24,1,63,190,128,0,0,0,0,0,0,0
28.516483,28.502760,121,255,48,255,23,1,72,190,0,0,0,0,0,0,0,0
28.736263,28.733780,121,255,48,255,23,1,64,190,128,0,0,0,0,0,0,0
29.010988,29.019754,121,255,45,255,24,1,47,190,0,0,0,0,0,0,0,0
29.285715,29.278006,121,255,45,255,22,1,51,190,128,0,0,0,0,0,0,0
29.505495,29.508997,121,255,45,255,23,1,59,190,0,0,0,0,0,0,0,0
29.780220,29.768120,121,255,43,255,23,1,59,190,128,0,0,0,0,0,0,0
30.054945,30.053577,121,255,42,255,23,1,63,190,0,0,0,0,0,0,0,0
30.274725,30.284880,121,255,42,255,23,1,59,190,128,0,0,0,0,0,0,0
30.549450,30.543795,121,255,41,255,23,2,59,190,0,0,0,0,0,0,0,0
30.824175,30.829411,121,255,40,255,24,1,62,190,0,0,0,0,0,0,0,0
31.098902,31.087917,122,255,40,255,23,1,72,190,128,0,0,0,0,0,0,0
31.318682,31.318810,121,255,39,255,24,1,47,190,0,0,0,0,0,0,0,0
31.593407,31.605188,121,255,38,255,23,1,61,190,128,0,0,0,0,0,0,0
31.868132,31.863594,122,255,37,255,23,0,63,190,0,0,0,0,0,0,0,0
32.087914,32.094437,121,255,37,255,23,2,78,190,128,0,0,0,0,0,0,0
32.362637,32.352787,121,255,36,255,23,2,72,190,0,0,0,0,0,0,0,0
32.637363,32.638607,122,255,34,255,23,1,55,190,128,0,0,0,0,0,0,0
32.912086,32.896931,121,255,34,255,23,1,62,190,0,0,0,0,0,0,0,0
33.131866,33.128773,121,255,33,255,24,1,72,190,0,0,0,0,0,0,0,0
33.406593,33.415462,122,255,33,255,23,1,68,190,128,0,0,0,0,0,0,0
33.681320,33.673046,122,255,32,250,23,2,79,190,0,0,0,0,0,0,0,0
33.901100,33.902664,122,252,30,240,24,1,80,191,128,0,0,0,0,0,0,0
34.175823,34.186943,122,244,30,233,23,2,64,191,0,0,0,0,0,0,0,0
34.450550,34.442886,122,233,29,225,24,1,74,190,128,0,0,0,0,0,0,0
34.670330,34.671322,122,226,28,216,24,1,55,191,0,0,0,0,0,0,0,0
34.945053,34.955093,122,218,28,210,24,1,63,191,128,0,0,0,0,0,0,0
35.219780,35.211147,122,216,26,203,23,1,65,191,128,0,0,0,0,0,0,0
35.439560,35.439632,122,206,24,194,23,1,64,191,0,0,0,0,0,0,0,0
35.714287,35.722687,122,200,24,191,24,1,68,191,128,0,0,0,0,0,0,0
35.989010,35.978428,122,191,22,179,24,1,75,191,0,0,0,0,0,0,0,0
36.208790,36.207378,122,182,21,170,24,1,58,191,128,0,0,0,0,0,0,0
36.483517,36.491142,122,174,21,164,23,1,63,191,0,0,0,0,0,0,0,0
36.758244,36.747299,122,168,20,158,32,1,64,191,128,0,0,0,0,0,0,0
36.978024,36.975838,122,160,20,150,53,1,43,191,0,0,0,0,0,0,0,0
37.252747,37.258690,122,153,18,145,75,1,26,191,128,0,0,0,0,0,0,0
37.527473,37.514584,122,147,18,137,89,1,19,191,0,0,0,0,0,0,0,0
37.747253,37.742252,121,140,17,131,91,2,36,185,0,0,0,0,0,0,0,0
38.021976,38.025101,122,136,17,131,105,2,27,192,128,0,0,0,0,0,0,0
38.296703,38.280075,121,133,17,129,106,1,23,191,0,0,0,0,0,0,0,0
38.516483,38.508099,122,131,16,129,97,2,47,192,128,0,0,0,0,0,0,0
38.791210,38.790184,122,130,16,131,92,2,56,191,0,0,0,0,0,0,0,0
39.010990,39.018414,122,130,15,131,89,2,59,191,128,0,0,0,0,0,0,0
39.285713,39.273285,122,132,18,138,89,2,66,188,0,0,0,0,0,0,0,0
39.560440,39.555832,120,134,17,139,86,2,63,188,128,0,0,0,0,0,0,0
39.780220,39.782780,119,137,18,141,82,1,79,191,128,0,0,0,0,0,0,0
40.054947,40.037960,121,141,18,148,69,1,92,188,0,0,0,0,0,0,0,0
40.329670,40.320709,120,144,20,153,58,1,79,191,128,0,0,0,0,0,0,0
40.549450,40.548832,119,149,20,154,46,2,86,192,0,0,0,0,0,0,0,0
40.824177,40.830860,122,150,18,154,42,1,95,190,128,0,0,0,0,0,0,0
41.098900,41.086353,121,150,20,152,50,1,80,191,0,0,0,0,0,0,0,0
41.318680,41.313507,122,151,20,149,71,1,59,190,128,0,0,0,0,0,0,0
41.593407,41.596664,121,149,20,146,79,2,55,190,0,0,0,0,0,0,0,0
41.868134,41.852253,121,148,20,146,83,1,52,190,128,0,0,0,0,0,0,0
42.087914,42.079769,122,145,18,144,83,2,72,190,128,0,0,0,0,0,0,0
42.362637,42.362003,122,142,17,141,83,1,68,191,0,0,0,0,0,0,0,0
42.582417,42.589924,121,141,17,138,87,2,63,189,128,0,0,0,0,0,0,0
42.857143,42.845158,122,138,15,131,89,1,64,191,0,0,0,0,0,0,0,0
43.131866,43.127598,121,133,17,129,95,2,48,190,128,0,0,0,0,0,0,0
43.351650,43.355316,122,132,15,128,112,2,37,191,0,0,0,0,0,0,0,0
43.626373,43.610291,122,128,16,126,122,2,37,191,128,0,0,0,0,0,0,0
43.901100,43.891918,121,127,16,126,127,1,43,190,0,0,0,0,0,0,0,0
44.120880,44.119431,122,124,14,122,114,2,50,192,128,0,0,0,0,0,0,0
44.395603,44.402687,121,124,15,126,112,2,66,190,0,0,0,0,0,0,0,0
44.670330,44.657303,122,124,15,127,113,1,54,190,0,0,0,0,0,0,0,0
44.890110,44.885281,122,127,16,131,110,1,64,191,128,0,0,0,0,0,0,0
45.164837,45.167614,122,129,16,134,90,2,80,187,0,0,0,0,0,0,0,0
45.439560,45.422699,122,131,18,137,82,1,79,191,128,0,0,0,0,0,0,0
45.659340,45.650772,122,136,17,142,74,1,91,191,0,0,0,0,0,0,0,0
45.934067,45.933056,120,140,18,149,64,2,79,191,128,0,0,0,0,0,0,0
46.153847,46.160366,120,145,18,151,55,1,82,192,128,0,0,0,0,0,0,0
46.428570,46.417133,122,147,20,152,52,1,77,190,128,0,0,0,0,0,0,0
46.703297,46.698292,121,149,18,151,51,1,78,189,128,0,0,0,0,0,0,0
46.923077,46.926472,121,149,20,151,65,1,70,190,0,0,0,0,0,0,0,0
47.197803,47.181854,122,149,18,152,72,2,61,190,128,0,0,0,0,0,0,0
47.472527,47.463833,122,148,18,152,73,1,47,191,0,0,0,0,0,0,0,0
47.692307,47.691654,122,148,18,148,69,1,55,192,128,0,0,0,0,0,0,0
47.967033,47.947502,122,147,18,146,60,2,63,190,0,0,0,0,0,0,0,0
48.241756,48.229530,121,145,17,145,61,1,64,190,128,0,0,0,0,0,0,0
48.461540,48.457661,122,143,18,141,81,1,48,191,0,0,0,0,0,0,0,0
48.736263,48.739433,122,142,18,140,95,1,37,191,0,0,0,0,0,0,0,0
49.010990,48.994511,123,140,18,138,88,1,40,192,128,0,0,0,0,0,0,0
49.230770,49.222858,122,137,17,133,86,2,55,186,0,0,0,0,0,0,0,0
49.505493,49.504929,122,136,17,136,94,2,57,190,128,0,0,0,0,0,0,0
49.780220,49.760262,122,136,18,136,94,1,48,189,0,0,0,0,0,0,0,0
50.000000,49.987209,121,135,18,135,85,1,63,190,128,0,0,0,0,0,0,0
50.274727,50.269089,118,135,18,140,79,1,61,192,0,0,0,0,0,0,0,0
50.494507,50.497421,122,137,17,139,74,1,64,190,128,0,0,0,0,0,0,0
50.769230,50.752247,118,140,18,146,66,2,64,184,0,0,0,0,0,0,0,0
51.043957,51.033760,121,143,19,149,58,1,75,189,0,0,0,0,0,0,0,0
51.263737,51.261890,122,145,19,150,49,1,71,190,128,0,0,0,0,0,0,0
51.538460,51.516632,122,148,20,155,47,2,77,192,0,0,0,0,0,0,0,0
51.813187,51.798897,122,151,20,154,48,1,83,190,128,0,0,0,0,0,0,0
52.032967,52.026772,122,152,20,156,46,1,90,191,0,0,0,0,0,0,0,0
52.307693,52.309925,122,153,21,154,45,2,80,191,128,0,0,0,0,0,0,0
52.582417,52.566795,122,153,19,156,46,2,69,190,0,0,0,0,0,0,0,0
52.802197,52.795742,122,151,18,151,55,1,64,190,128,0,0,0,0,0,0,0
53.076923,53.077667,121,151,20,149,62,1,48,189,0,0,0,0,0,0,0,0
53.351650,53.332645,121,150,19,148,62,2,63,189,128,0,0,0,0,0,0,0
53.571430,53.560577,122,147,17,146,61,1,43,191,128,0,0,0,0,0,0,0
53.846153,53.842751,121,146,18,144,70,1,43,190,0,0,0,0,0,0,0,0
54.120880,54.097733,122,144,19,142,70,1,51,190,128,0,0,0,0,0,0,0
54.340660,54.325851,121,144,17,141,73,1,60,186,0,0,0,0,0,0,0,0
54.615383,54.608345,121,142,18,139,72,1,56,192,128,0,0,0,0,0,0,0
54.835163,54.835964,121,140,18,139,71,2,48,187,0,0,0,0,0,0,0,0
55.109890,55.091969,122,139,18,139,78,1,37,189,128,0,0,0,0,0,0,0
55.384617,55.374401,122,139,17,139,82,1,48,190,0,0,0,0,0,0,0,0
55.604397,55.601761,121,140,18,142,80,2,55,192,0,0,0,0,0,0,0,0
55.879120,55.857201,118,140,18,144,57,2,59,186,128,0,0,0,0,0,0,0
56.153847,56.139740,122,142,18,146,51,1,52,191,0,0,0,0,0,0,0,0
56.373627,56.367661,121,144,18,147,51,2,64,189,128,0,0,0,0,0,0,0
56.648350,56.650848,121,147,20,151,49,1,80,189,0,0,0,0,0,0,0,0
56.923077,56.906670,121,150,20,157,48,1,68,191,128,0,0,0,0,0,0,0
57.142857,57.133972,122,153,20,160,34,2,71,191,0,0,0,0,0,0,0,0
57.417583,57.417030,122,155,19,158,28,2,79,191,128,0,0,0,0,0,0,0
57.692307,57.673946,122,158,20,164,27,1,72,191,0,0,0,0,0,0,0,0
57.912086,57.903355,122,159,19,159,27,1,71,192,0,0,0,0,0,0,0,0
58.186813,58.187279,122,159,20,162,27,1,63,191,128,0,0,0,0,0,0,0
58.461540,58.443333,122,159,21,162,27,1,75,191,0,0,0,0,0,0,0,0
58.681320,58.672173,122,159,21,161,29,1,78,191,128,0,0,0,0,0,0,0
58.956043,58.956455,121,158,21,157,35,2,72,190,0,0,0,0,0,0,0,0
59.230770,59.212921,121,156,19,154,38,1,52,188,128,0,0,0,0,0,0,0
59.450550,59.441456,122,154,19,152,44,1,68,190,0,0,0,0,0,0,0,0
59.725273,59.724968,122,153,20,150,54,2,63,191,128,0,0,0,0,0,0,0
60.000000,59.979237,119,149,19,146,59,1,60,191,0,0,0,0,0,0,0,0
60.219780,60.206688,122,147,18,146,62,2,42,191,128,0,0,0,0,0,0,0
60.494507,60.489491,122,147,18,149,61,1,55,191,128,0,0,0,0,0,0,0
60.769230,60.744888,120,147,18,148,62,1,66,190,0,0,0,0,0,0,0,0
60.989010,60.972080,119,147,20,145,46,1,53,191,128,0,0,0,0,0,0,0
61.263737,61.254982,122,147,19,149,42,1,80,190,0,0,0,0,0,0,0,0
61.483517,61.483162,122,149,20,154,43,2,67,191,128,0,0,0,0,0,0,0
61.758244,61.737728,121,151,19,154,41,1,64,191,0,0,0,0,0,0,0,0
62.032967,62.021004,122,153,21,156,34,1,63,190,128,0,0,0,0,0,0,0
62.252747,62.248913,122,154,20,159,33,1,79,191,0,0,0,0,0,0,0,0
62.527473,62.505627,122,155,19,159,33,1,70,190,0,0,0,0,0,0,0,0
62.802197,62.790016,121,157,21,162,32,1,64,190,128,0,0,0,0,0,0,0
63.021976,63.018497,122,158,21,161,36,1,79,191,0,0,0,0,0,0,0,0
63.296703,63.274696,122,160,19,162,35,2,69,190,128,0,0,0,0,0,0,0
63.571430,63.559036,122,160,20,164,25,1,84,191,0,0,0,0,0,0,0,0
63.791210,63.787987,122,161,21,164,26,1,92,191,128,0,0,0,0,0,0,0
64.065933,64.044647,119,160,20,161,26,2,85,192,0,0,0,0,0,0,0,0
64.340660,64.328720,121,160,19,160,42,1,79,189,128,0,0,0,0,0,0,0
64.560440,64.556290,118,159,19,158,44,1,63,191,0,0,0,0,0,0,0,0
64.835167,64.812340,122,156,19,153,54,1,63,191,0,0,0,0,0,0,0,0
65.109894,65.097084,122,153,20,150,61,2,59,189,128,0,0,0,0,0,0,0
65.329674,65.324646,122,150,18,147,74,1,62,190,0,0,0,0,0,0,0,0
65.604393,65.579414,122,149,17,144,74,2,44,191,128,0,0,0,0,0,0,0
65.879120,65.862579,122,143,17,138,83,2,32,191,0,0,0,0,0,0,0,0
66.098900,66.089882,121,138,17,133,89,1,45,191,128,0,0,0,0,0,0,0
66.373627,66.371864,122,136,17,136,100,1,44,191,0,0,0,0,0,0,0,0
66.648354,66.627502,121,135,17,134,102,2,24,190,128,0,0,0,0,0,0,0
66.868134,66.854546,122,134,16,133,85,1,47,192,128,0,0,0,0,0,0,0
67.142860,67.136589,122,133,16,134,81,1,56,191,0,0,0,0,0,0,0,0
67.417580,67.392380,122,134,17,137,81,1,64,191,128,0,0,0,0,0,0,0
67.637360,67.619995,121,137,18,139,78,1,64,190,0,0,0,0,0,0,0,0
67.912086,67.902336,122,138,17,142,69,1,64,191,128,0,0,0,0,0,0,0
68.131866,68.130516,122,142,19,149,66,2,64,191,0,0,0,0,0,0,0,0
68.406593,68.385132,122,145,20,149,49,1,88,191,128,0,0,0,0,0,0,0
68.681320,68.667984,122,150,19,157,45,1,67,191,0,0,0,0,0,0,0,0
68.901100,68.894981,122,152,19,155,26,2,80,192,128,0,0,0,0,0,0,0
69.175827,69.150726,122,156,21,161,26,1,79,191,0,0,0,0,0,0,0,0
69.450546,69.434547,122,158,20,165,27,1,74,191,0,0,0,0,0,0,0,0
69.670326,69.663574,122,160,20,160,26,2,69,192,128,0,0,0,0,0,0,0
69.945053,69.920158,122,160,20,158,27,1,69,190,0,0,0,0,0,0,0,0
70.219780,70.203873,121,159,21,157,27,1,72,186,128,0,0,0,0,0,0,0
70.439560,70.433128,120,157,21,154,49,1,64,191,0,0,0,0,0,0,0,0
70.714287,70.689232,122,154,18,151,58,1,40,189,128,0,0,0,0,0,0,0
70.989014,70.973312,121,153,18,151,58,1,47,190,0,0,0,0,0,0,0,0
71.208794,71.200829,122,149,18,145,58,2,63,191,128,0,0,0,0,0,0,0
71.483513,71.456413,122,147,20,147,65,2,56,191,0,0,0,0,0,0,0,0
71.758240,71.738853,122,147,18,148,66,1,66,191,0,0,0,0,0,0,0,0
71.978020,71.967491,121,145,18,145,67,2,63,189,128,0,0,0,0,0,0,0
72.252747,72.250298,122,143,18,143,66,1,48,191,0,0,0,0,0,0,0,0
72.527473,72.505524,122,143,18,143,65,1,51,190,128,0,0,0,0,0,0,0
72.747253,72.733444,122,144,18,147,65,2,66,191,0,0,0,0,0,0,0,0
73.021980,73.016037,123,144,20,147,56,1,62,191,128,0,0,0,0,0,0,0
73.296700,73.270714,122,145,18,149,45,1,63,191,0,0,0,0,0,0,0,0
73.516487,73.498016,122,148,20,151,45,2,55,191,128,0,0,0,0,0,0,0
73.791206,73.780663,122,151,20,156,37,2,63,191,128,0,0,0,0,0,0,0
74.065933,74.035797,122,154,20,159,28,1,82,191,0,0,0,0,0,0,0,0
74.285713,74.264687,122,157,21,162,26,1,63,192,128,0,0,0,0,0,0,0
74.560440,74.548561,122,159,21,162,26,1,76,192,0,0,0,0,0,0,0,0
74.835167,74.804947,122,161,21,165,27,2,63,192,128,0,0,0,0,0,0,0
75.054947,75.033607,122,164,22,167,28,1,71,191,0,0,0,0,0,0,0,0
75.329674,75.317223,122,166,22,169,27,1,71,192,128,0,0,0,0,0,0,0
75.604393,75.574348,122,166,21,168,27,1,74,191,0,0,0,0,0,0,0,0
75.824173,75.801971,122,166,22,167,27,1,64,191,128,0,0,0,0,0,0,0
76.098900,76.085228,122,167,21,168,26,1,87,192,128,0,0,0,0,0,0,0
76.318680,76.314224,122,166,21,165,27,1,70,191,0,0,0,0,0,0,0,0
76.593407,76.570892,122,164,20,160,27,1,80,191,128,0,0,0,0,0,0,0
76.868134,76.854660,122,162,21,159,27,1,72,190,0,0,0,0,0,0,0,0
77.087914,77.083405,122,160,20,157,43,2,64,191,128,0,0,0,0,0,0,0
77.362640,77.340065,122,156,18,153,54,1,44,191,0,0,0,0,0,0,0,0
77.637360,77.623734,122,153,18,152,55,2,72,191,128,0,0,0,0,0,0,0
77.857140,77.852371,121,152,20,149,58,1,40,189,0,0,0,0,0,0,0,0
78.131866,78.107506,122,149,18,146,57,1,54,190,0,0,0,0,0,0,0,0
78.406593,78.389633,122,147,18,145,57,2,55,191,128,0,0,0,0,0,0,0
78.626373,78.617096,122,145,18,143,57,1,56,190,0,0,0,0,0,0,0,0
78.901100,78.874275,120,145,20,148,61,1,40,189,128,0,0,0,0,0,0,0
79.175827,79.156662,121,145,18,145,62,1,63,189,0,0,0,0,0,0,0,0
79.395607,79.384689,121,145,17,145,61,1,71,190,128,0,0,0,0,0,0,0
79.670326,79.640869,122,145,18,145,58,1,59,192,0,0,0,0,0,0,0,0
79.945053,79.923027,121,145,20,147,58,1,53,188,128,0,0,0,0,0,0,0
80.164833,80.150848,122,147,18,151,58,1,54,191,0,0,0,0,0,0,0,0
80.439560,80.433235,121,147,18,150,59,2,54,191,0,0,0,0,0,0,0,0
80.714287,80.688568,119,148,20,153,59,2,48,189,128,0,0,0,0,0,0,0
80.934067,80.916290,122,150,18,154,42,1,76,192,0,0,0,0,0,0,0,0
81.208794,81.199547,122,152,19,155,38,1,92,190,128,0,0,0,0,0,0,0
81.483513,81.455139,121,153,21,155,33,2,90,191,0,0,0,0,0,0,0,0
81.703300,81.683990,121,154,21,156,34,2,84,190,128,0,0,0,0,0,0,0
81.978020,81.967339,121,154,19,157,43,1,64,190,0,0,0,0,0,0,0,0
82.252747,82.223961,121,153,18,149,49,1,52,190,128,0,0,0,0,0,0,0
82.472527,82.452339,121,152,21,154,58,1,64,190,0,0,0,0,0,0,0,0
82.747253,82.735596,122,152,18,152,58,1,55,191,128,0,0,0,0,0,0,0
83.021980,82.989609,122,150,19,149,55,2,64,191,128,0,0,0,0,0,0,0
83.241760,83.218552,122,148,18,147,54,1,50,190,0,0,0,0,0,0,0,0
83.516487,83.500626,121,148,18,145,65,1,55,190,128,0,0,0,0,0,0,0
83.736267,83.728043,121,147,20,145,65,2,47,189,0,0,0,0,0,0,0,0
84.010986,83.983635,120,145,18,142,68,1,64,189,128,0,0,0,0,0,0,0
84.285713,84.266228,120,144,18,145,69,2,68,189,0,0,0,0,0,0,0,0
84.505493,84.493484,121,144,17,145,69,1,64,189,128,0,0,0,0,0,0,0
84.780220,84.748100,121,144,18,144,70,1,63,190,128,0,0,0,0,0,0,0
85.054947,85.030235,122,144,18,146,69,1,66,191,128,0,0,0,0,0,0,0
85.274727,85.258461,122,144,18,142,67,1,80,191,128,0,0,0,0,0,0,0
85.549454,85.541466,122,144,18,148,67,2,87,189,0,0,0,0,0,0,0,0
85.824173,85.796135,122,145,20,148,65,2,57,191,128,0,0,0,0,0,0,0
86.043953,86.024323,122,146,18,148,65,1,68,191,0,0,0,0,0,0,0,0
86.318680,86.306854,122,145,18,148,65,2,77,192,128,0,0,0,0,0,0,0
86.593407,86.561935,122,146,19,148,66,1,63,191,0,0,0,0,0,0,0,0
86.813187,86.790161,122,145,17,142,78,2,64,191,128,0,0,0,0,0,0,0
87.087914,87.073624,122,143,18,141,90,1,62,191,0,0,0,0,0,0,0,0
87.362640,87.328041,122,141,17,139,90,2,63,192,0,0,0,0,0,0,0,0
87.582420,87.555862,122,141,18,141,92,1,67,192,128,0,0,0,0,0,0,0
87.857140,87.838661,121,141,18,140,91,1,73,190,0,0,0,0,0,0,0,0
88.076920,88.066429,122,138,17,137,83,1,79,191,128,0,0,0,0,0,0,0
88.351646,88.321365,121,138,18,141,95,2,55,190,0,0,0,0,0,0,0,0
88.626373,88.603790,121,138,17,138,95,2,56,190,128,0,0,0,0,0,0,0
88.846153,88.831413,122,136,17,138,96,1,62,191,0,0,0,0,0,0,0,0
89.120880,89.087059,120,136,18,133,96,1,82,189,128,0,0,0,0,0,0,0
89.395607,89.368721,121,134,17,134,99,2,49,190,0,0,0,0,0,0,0,0
89.615387,89.596596,121,134,18,135,106,2,36,190,128,0,0,0,0,0,0,0
89.890106,89.879547,121,134,18,133,105,1,64,190,128,0,0,0,0,0,0,0
90.164833,90.134163,121,133,17,134,93,1,63,190,0,0,0,0,0,0,0,0
90.384613,90.361832,122,133,17,134,91,1,58,191,128,0,0,0,0,0,0,0
90.659340,90.645294,122,132,18,137,91,2,64,189,0,0,0,0,0,0,0,0
90.934067,90.899864,122,134,18,135,91,1,63,190,128,0,0,0,0,0,0,0
91.153847,91.128090,121,134,18,135,94,1,80,188,0,0,0,0,0,0,0,0
91.428574,91.410889,121,135,18,138,95,1,63,191,128,0,0,0,0,0,0,0
91.648354,91.638046,122,136,18,139,96,1,64,191,0,0,0,0,0,0,0,0
91.923080,91.893173,121,136,17,140,95,1,59,188,0,0,0,0,0,0,0,0
92.197800,92.175972,121,138,18,140,82,2,76,190,128,0,0,0,0,0,0,0
92.417580,92.403587,119,139,18,141,80,1,71,186,0,0,0,0,0,0,0,0
92.692307,92.658981,122,139,18,141,87,1,59,191,128,0,0,0,0,0,0,0
92.967033,92.942131,119,139,18,142,89,1,50,190,0,0,0,0,0,0,0,0
93.186813,93.170158,121,141,18,144,91,1,64,190,128,0,0,0,0,0,0,0
93.461540,93.425133,122,141,18,146,91,1,68,191,0,0,0,0,0,0,0,0
93.736267,93.707008,122,142,18,143,80,1,78,189,0,0,0,0,0,0,0,0
93.956047,93.934784,122,142,17,144,73,1,66,191,0,0,0,0,0,0,0,0
94.230766,94.217316,121,142,17,144,72,1,66,190,0,0,0,0,0,0,0,0
94.505493,94.472862,122,141,18,142,82,1,56,191,128,0,0,0,0,0,0,0
94.725273,94.700371,122,139,18,138,92,2,58,191,0,0,0,0,0,0,0,0
95.000000,94.983070,122,139,17,139,95,1,50,190,128,0,0,0,0,0,0,0
95.274727,95.238350,122,138,17,138,94,2,60,191,0,0,0,0,0,0,0,0
95.494507,95.465866,122,137,17,133,96,2,57,190,128,0,0,0,0,0,0,0
95.769234,95.748352,122,135,17,136,94,1,63,189,0,0,0,0,0,0,0,0
95.989014,95.975304,121,135,17,136,97,1,54,190,0,0,0,0,0,0,0,0
96.263733,96.230438,122,134,17,134,98,1,51,191,128,0,0,0,0,0,0,0
96.538460,96.513077,119,134,17,134,97,1,64,187,0,0,0,0,0,0,0,0
96.758240,96.741875,122,134,18,141,91,2,70,192,128,0,0,0,0,0,0,0
97.032967,96.997108,122,136,18,141,91,1,50,187,0,0,0,0,0,0,0,0
97.307693,97.280365,119,137,18,142,78,1,84,185,128,0,0,0,0,0,0,0
97.527473,97.508034,122,140,18,142,74,1,61,190,0,0,0,0,0,0,0,0
97.802200,97.790520,122,139,17,145,73,1,72,190,128,0,0,0,0,0,0,0
98.076920,98.045914,120,141,18,144,74,1,82,190,0,0,0,0,0,0,0,0
98.296700,98.272804,122,142,19,144,73,1,78,190,128,0,0,0,0,0,0,0
98.571426,98.555191,121,143,18,146,82,1,72,190,0,0,0,0,0,0,0,0
98.846153,98.810890,122,143,19,144,82,1,54,190,0,0,0,0,0,0,0,0
99.065933,99.038300,122,143,18,143,83,1,61,190,128,0,0,0,0,0,0,0
99.340660,99.320686,122,143,18,141,76,1,64,191,0,0,0,0,0,0,0,0
99.615387,99.576439,121,141,17,144,76,1,64,189,128,0,0,0,0,0,0,0
99.835167,99.803894,122,141,18,144,85,2,56,191,0,0,0,0,0,0,0,0
100.109894,100.086021,122,140,18,137,85,2,63,191,128,0,0,0,0,0,0,0
100.329674,100.314926,122,138,18,135,89,1,47,190,0,0,0,0,0,0,0,0
100.604393,100.569901,121,136,17,135,89,1,51,190,128,0,0,0,0,0,0,0
100.879120,100.851364,121,136,17,135,95,1,53,190,128,0,0,0,0,0,0,0
101.098900,101.079445,122,136,17,140,96,1,59,190,0,0,0,0,0,0,0,0
101.373627,101.334183,122,137,18,140,87,1,64,192,128,0,0,0,0,0,0,0
101.648354,101.616653,122,137,17,138,76,1,82,191,0,0,0,0,0,0,0,0
101.868134,101.845093,122,138,18,140,77,2,78,191,128,0,0,0,0,0,0,0
102.142860,102.127167,122,139,18,141,76,1,49,191,0,0,0,0,0,0,0,0
102.417580,102.382660,122,139,17,141,75,2,55,190,128,0,0,0,0,0,0,0
102.637360,102.610893,121,140,18,142,75,1,64,190,0,0,0,0,0,0,0,0
102.912086,102.892410,122,142,18,142,75,1,74,190,128,0,0,0,0,0,0,0
103.186813,103.148354,122,143,18,145,65,1,63,192,128,0,0,0,0,0,0,0
103.406593,103.376480,121,144,20,146,64,2,61,190,0,0,0,0,0,0,0,0
103.681320,103.658768,122,145,20,150,58,1,72,191,128,0,0,0,0,0,0,0
103.901100,103.886642,121,147,18,152,58,2,78,190,0,0,0,0,0,0,0,0
104.175827,104.142235,122,148,18,149,51,1,75,191,128,0,0,0,0,0,0,0
104.450546,104.425903,122,148,20,148,52,1,82,190,0,0,0,0,0,0,0,0
104.670326,104.653107,119,146,18,150,52,2,64,188,128,0,0,0,0,0,0,0
104.945053,104.908546,121,147,18,147,72,1,51,188,0,0,0,0,0,0,0,0
105.219780,105.190468,121,147,20,146,75,1,48,190,0,0,0,0,0,0,0,0
105.439560,105.418343,122,146,19,146,66,1,64,192,128,0,0,0,0,0,0,0
105.714287,105.673927,122,146,20,149,59,2,51,191,0,0,0,0,0,0,0,0
105.989014,105.956833,122,146,17,145,59,1,72,191,128,0,0,0,0,0,0,0
106.208794,106.184349,122,145,19,146,59,1,72,190,0,0,0,0,0,0,0,0
106.483513,106.467247,122,145,17,143,67,1,64,191,128,0,0,0,0,0,0,0
106.758240,106.722580,121,144,18,142,67,2,64,190,0,0,0,0,0,0,0,0
106.978020,106.950081,122,144,17,143,67,1,68,191,128,0,0,0,0,0,0,0
107.252747,107.232430,122,143,17,142,66,1,81,190,0,0,0,0,0,0,0,0
107.527473,107.487717,122,144,19,146,67,1,72,191,128,0,0,0,0,0,0,0
107.747253,107.715637,122,144,18,146,67,1,55,191,128,0,0,0,0,0,0,0
108.021980,107.998642,122,144,18,144,63,1,55,191,0,0,0,0,0,0,0,0
108.241760,108.226357,122,144,17,145,63,1,64,191,128,0,0,0,0,0,0,0
108.516487,108.481339,122,145,20,150,64,1,69,191,0,0,0,0,0,0,0,0
108.791206,108.764801,122,147,18,149,57,2,80,192,128,0,0,0,0,0,0,0
109.010986,108.992157,122,148,20,152,55,1,71,191,0,0,0,0,0,0,0,0
109.285713,109.247131,122,150,19,153,52,2,68,190,128,0,0,0,0,0,0,0
109.560440,109.530350,122,151,18,153,46,2,79,191,0,0,0,0,0,0,0,0
109.780220,109.757858,122,150,18,149,47,2,80,192,0,0,0,0,0,0,0,0
110.054947,110.012680,122,150,18,149,60,1,63,191,128,0,0,0,0,0,0,0
110.329674,110.295784,122,150,19,152,62,2,38,190,0,0,0,0,0,0,0,0
110.549454,110.523399,121,150,19,150,61,1,55,188,128,0,0,0,0,0,0,0
110.824173,110.806046,121,149,20,147,61,1,64,189,0,0,0,0,0,0,0,0
111.098900,111.061432,122,149,19,150,51,2,84,190,128,0,0,0,0,0,0,0
111.318680,111.289124,120,150,18,153,58,2,77,191,0,0,0,0,0,0,0,0
111.593407,111.571487,121,150,20,146,61,2,63,190,128,0,0,0,0,0,0,0
111.868134,111.826462,121,147,19,146,61,2,63,189,128,0,0,0,0,0,0,0
112.087914,112.053925,122,144,18,142,77,1,64,191,0,0,0,0,0,0,0,0
112.362640,112.336311,122,144,18,143,87,1,44,191,128,0,0,0,0,0,0,0
112.582420,112.564697,122,143,17,141,87,1,50,190,0,0,0,0,0,0,0,0
112.857140,112.820084,122,140,18,140,75,1,70,192,128,0,0,0,0,0,0,0
113.131866,113.102417,121,140,18,141,75,1,64,190,0,0,0,0,0,0,0,0
113.351646,113.330650,122,140,17,141,81,1,47,191,128,0,0,0,0,0,0,0
113.626373,113.586235,121,138,17,136,84,2,55,189,0,0,0,0,0,0,0,0
113.901100,113.869194,122,138,18,137,94,1,49,191,128,0,0,0,0,0,0,0
114.120880,114.097427,122,137,17,138,94,1,48,190,0,0,0,0,0,0,0,0
114.395607,114.351524,122,138,18,142,94,2,64,190,0,0,0,0,0,0,0,0
114.670326,114.634171,122,137,18,141,83,2,84,192,128,0,0,0,0,0,0,0
114.890106,114.862144,122,139,18,143,80,1,64,191,0,0,0,0,0,0,0,0
115.164833,115.145195,122,140,18,142,77,1,72,191,128,0,0,0,0,0,0,0
115.439560,115.400078,122,141,18,143,74,1,78,191,0,0,0,0,0,0,0,0
115.659340,115.627899,120,142,18,145,74,1,80,188,128,0,0,0,0,0,0,0
115.934067,115.911255,121,142,18,142,72,1,83,189,0,0,0,0,0,0,0,0
116.208794,116.166023,120,142,18,142,72,1,64,186,128,0,0,0,0,0,0,0
116.428574,116.393646,122,142,18,143,83,2,59,192,128,0,0,0,0,0,0,0
116.703300,116.676186,121,140,18,137,87,1,47,189,0,0,0,0,0,0,0,0
116.923080,116.904160,122,139,18,139,93,1,48,190,128,0,0,0,0,0,0,0
117.197800,117.160110,121,139,17,141,93,1,58,190,0,0,0,0,0,0,0,0
117.472527,117.442551,123,137,17,138,84,1,63,191,128,0,0,0,0,0,0,0
117.692307,117.670067,122,138,17,140,82,1,62,190,0,0,0,0,0,0,0,0
117.967033,117.925957,121,138,18,140,83,1,68,190,128,0,0,0,0,0,0,0
118.241760,118.208145,122,138,18,140,89,1,80,191,0,0,0,0,0,0,0,0
118.461540,118.435707,121,138,17,139,93,1,63,190,128,0,0,0,0,0,0,0
118.736267,118.690842,121,139,17,139,97,1,43,190,128,0,0,0,0,0,0,0
119.010986,118.973175,122,138,17,141,96,1,48,191,0,0,0,0,0,0,0,0
119.230766,119.201660,122,138,18,140,97,2,53,191,128,0,0,0,0,0,0,0
119.505493,119.484505,122,137,18,135,90,1,64,191,0,0,0,0,0,0,0,0
119.780220,119.739029,122,137,18,138,90,2,68,190,128,0,0,0,0,0,0,0
120.000000,119.966331,121,136,17,138,91,1,56,190,0,0,0,0,0,0,0,0
120.274727,120.249901,119,136,18,135,91,1,47,187,128,0,0,0,0,0,0,0
120.549454,120.505386,120,136,17,138,98,2,56,187,0,0,0,0,0,0,0,0
120.769234,120.732643,121,136,18,140,97,1,64,190,128,0,0,0,0,0,0,0
121.043953,121.015083,122,136,17,141,92,1,76,190,0,0,0,0,0,0,0,0
121.263733,121.242805,122,136,18,135,93,2,79,191,0,0,0,0,0,0,0,0
121.538460,121.498238,120,135,18,137,92,2,71,188,128,0,0,0,0,0,0,0
121.813187,121.781403,120,136,18,139,103,1,55,189,0,0,0,0,0,0,0,0
122.032967,122.008965,121,136,18,136,103,1,63,190,128,0,0,0,0,0,0,0
122.307693,122.264145,121,135,17,134,98,1,54,192,0,0,0,0,0,0,0,0
122.582420,122.546730,122,135,18,138,93,1,52,191,128,0,0,0,0,0,0,0
122.802200,122.774498,121,135,17,137,93,1,64,190,0,0,0,0,0,0,0,0
123.076920,123.029991,121,135,17,138,98,1,48,190,128,0,0,0,0,0,0,0
123.351646,123.312073,122,135,17,137,98,2,58,191,128,0,0,0,0,0,0,0
123.571426,123.539841,122,135,18,136,98,1,64,191,0,0,0,0,0,0,0,0
123.846153,123.822487,121,134,16,133,97,1,58,190,128,0,0,0,0,0,0,0
124.120880,124.078331,121,134,17,137,98,1,66,190,0,0,0,0,0,0,0,0
124.340660,124.305695,121,134,18,135,106,1,63,190,128,0,0,0,0,0,0,0
124.615387,124.589157,122,135,17,135,106,1,51,190,0,0,0,0,0,0,0,0
124.890106,124.844292,122,136,17,138,94,1,68,192,128,0,0,0,0,0,0,0
125.109894,125.071648,122,136,18,140,88,1,72,191,0,0,0,0,0,0,0,0
125.384613,125.353416,122,135,17,137,88,1,72,190,128,0,0,0,0,0,0,0
125.604393,125.581703,122,137,18,139,97,2,72,191,128,0,0,0,0,0,0,0
125.879120,125.836884,122,137,17,138,99,1,53,191,0,0,0,0,0,0,0,0
126.153847,126.119888,122,137,17,137,99,1,56,190,128,0,0,0,0,0,0,0
126.373627,126.347549,121,137,18,138,98,1,71,190,0,0,0,0,0,0,0,0
126.648354,126.603142,122,137,18,137,91,1,63,192,128,0,0,0,0,0,0,0
126.923080,126.885887,122,137,18,137,90,1,56,191,0,0,0,0,0,0,0,0
127.142860,127.114273,122,135,18,136,90,1,68,187,128,0,0,0,0,0,0,0
127.417580,127.369865,121,135,17,139,92,1,71,189,0,0,0,0,0,0,0,0
127.692307,127.651230,122,137,17,138,99,1,40,188,0,0,0,0,0,0,0,0
127.912086,127.879974,122,137,18,138,94,2,53,191,128,0,0,0,0,0,0,0
128.186813,128.162506,122,138,17,138,87,1,82,188,0,0,0,0,0,0,0,0
128.461533,128.417084,119,137,18,137,82,1,63,186,128,0,0,0,0,0,0,0
128.681320,128.645279,121,137,17,140,91,1,64,190,0,0,0,0,0,0,0,0
128.956039,128.927338,121,135,16,134,94,1,63,189,128,0,0,0,0,0,0,0
129.230774,129.182053,122,134,17,135,105,1,47,191,0,0,0,0,0,0,0,0
129.450546,129.409729,121,134,18,135,111,2,50,191,0,0,0,0,0,0,0,0
129.725281,129.692322,121,134,17,134,96,1,64,192,0,0,0,0,0,0,0,0
129.945053,129.920044,122,134,17,136,88,1,78,191,128,0,0,0,0,0,0,0
130.219788,130.176346,122,134,17,133,87,1,58,190,128,0,0,0,0,0,0,0
130.494507,130.458633,122,134,18,136,86,2,53,190,0,0,0,0,0,0,0,0
130.714279,130.686707,122,135,17,138,97,1,64,191,128,0,0,0,0,0,0,0
130.989014,130.942093,121,136,18,141,98,1,59,190,0,0,0,0,0,0,0,0
131.263733,131.224640,122,137,17,138,81,2,72,191,128,0,0,0,0,0,0,0
131.483521,131.452759,121,137,17,141,80,1,62,190,0,0,0,0,0,0,0,0
131.758240,131.708511,122,140,18,142,80,1,61,190,128,0,0,0,0,0,0,0
132.032974,131.990646,122,140,17,141,76,1,48,191,0,0,0,0,0,0,0,0
132.252747,132.218262,122,141,18,145,76,1,80,191,0,0,0,0,0,0,0,0
132.527466,132.500839,122,143,20,146,72,1,59,190,128,0,0,0,0,0,0,0
132.802200,132.756180,122,143,18,145,67,2,78,191,0,0,0,0,0,0,0,0
133.021973,132.983688,122,144,20,149,66,1,63,191,128,0,0,0,0,0,0,0
133.296707,133.266907,122,145,20,147,62,1,64,191,0,0,0,0,0,0,0,0
133.571426,133.521927,122,147,18,150,61,2,78,191,128,0,0,0,0,0,0,0
133.791214,133.748993,122,147,19,149,48,1,61,191,0,0,0,0,0,0,0,0
134.065933,134.032364,121,148,18,149,48,2,80,189,128,0,0,0,0,0,0,0
134.285721,134.259506,121,148,18,149,55,2,63,190,0,0,0,0,0,0,0,0
134.560440,134.514633,122,148,18,147,55,1,64,191,0,0,0,0,0,0,0,0
134.835159,134.797516,121,147,19,147,55,1,69,189,128,0,0,0,0,0,0,0
135.054947,135.024841,122,147,20,148,59,1,63,189,0,0,0,0,0,0,0,0
135.329666,135.279770,122,147,18,149,59,2,43,189,128,0,0,0,0,0,0,0
135.604401,135.562561,122,148,18,152,60,1,64,185,0,0,0,0,0,0,0,0
135.824173,135.790634,122,150,19,156,47,1,82,186,128,0,0,0,0,0,0,0
136.098907,136.072815,122,150,18,149,38,1,79,188,0,0,0,0,0,0,0,0
136.373627,136.327652,122,149,19,151,37,1,73,187,0,0,0,0,0,0,0,0
136.593399,136.555618,118,152,19,158,56,1,52,189,128,0,0,0,0,0,0,0
136.868134,136.838516,122,153,20,153,45,1,63,190,0,0,0,0,0,0,0,0
137.142853,137.095337,122,152,19,156,42,1,64,190,128,0,0,0,0,0,0,0
137.362640,137.325470,122,153,19,154,42,1,74,190,0,0,0,0,0,0,0,0
137.637360,137.609482,122,152,20,151,43,1,51,190,128,0,0,0,0,0,0,0
137.912094,137.864563,122,151,18,149,55,1,64,190,0,0,0,0,0,0,0,0
138.131866,138.092133,121,150,19,149,57,1,63,189,128,0,0,0,0,0,0,0
138.406601,138.375443,121,148,18,146,63,1,65,189,0,0,0,0,0,0,0,0
138.681320,138.630005,122,147,18,147,62,1,53,191,128,0,0,0,0,0,0,0
138.901093,138.859879,122,147,20,149,62,2,63,191,128,0,0,0,0,0,0,0
139.175827,139.142059,122,147,20,147,60,2,76,191,0,0,0,0,0,0,0,0
139.450546,139.397507,122,147,20,146,54,1,63,191,128,0,0,0,0,0,0,0
139.670334,139.624802,122,146,19,146,53,2,76,191,0,0,0,0,0,0,0,0
139.945053,139.907547,122,146,18,146,63,1,79,190,128,0,0,0,0,0,0,0
140.164841,140.135315,122,145,18,143,71,1,47,186,0,0,0,0,0,0,0,0
140.439560,140.390457,121,144,19,145,77,1,47,190,128,0,0,0,0,0,0,0
140.714279,140.672989,119,144,18,146,78,1,49,189,0,0,0,0,0,0,0,0
140.934067,140.900772,119,144,18,145,71,1,74,191,128,0,0,0,0,0,0,0
141.208786,141.155014,122,144,18,148,63,1,84,189,128,0,0,0,0,0,0,0
141.483521,141.437927,121,144,19,145,60,2,63,191,0,0,0,0,0,0,0,0
141.703293,141.665436,121,145,18,147,61,1,76,189,128,0,0,0,0,0,0,0
141.978027,141.947723,122,146,18,148,67,2,57,191,0,0,0,0,0,0,0,0
142.252747,142.203110,120,145,18,146,68,2,51,188,128,0,0,0,0,0,0,0
142.472534,142.430878,122,145,19,146,68,1,80,191,0,0,0,0,0,0,0,0
142.747253,142.713013,120,145,18,144,68,1,55,188,128,0,0,0,0,0,0,0
143.021973,142.967789,121,145,18,146,76,1,64,190,0,0,0,0,0,0,0,0
143.241760,143.194687,121,144,17,144,76,2,51,190,128,0,0,0,0,0,0,0
143.516479,143.477325,122,143,17,141,67,1,84,190,128,0,0,0,0,0,0,0
143.736267,143.705048,122,143,18,142,84,1,63,191,0,0,0,0,0,0,0,0
144.010986,143.959869,122,142,18,139,84,1,51,190,128,0,0,0,0,0,0,0
144.285721,144.242355,121,141,17,139,82,1,63,190,0,0,0,0,0,0,0,0
144.505493,144.469971,122,140,17,138,82,1,66,191,128,0,0,0,0,0,0,0
144.780212,144.725052,122,137,18,135,93,2,47,191,0,0,0,0,0,0,0,0
145.054947,145.007385,122,136,18,134,100,2,42,191,128,0,0,0,0,0,0,0
145.274719,145.234756,121,135,17,136,101,1,43,190,0,0,0,0,0,0,0,0
145.549454,145.517181,122,134,17,135,94,1,55,189,0,0,0,0,0,0,0,0
145.824173,145.773041,122,133,18,138,92,1,49,191,128,0,0,0,0,0,0,0
146.043961,146.000198,122,135,17,139,92,1,64,191,0,0,0,0,0,0,0,0
146.318680,146.282837,122,137,17,142,87,1,72,191,128,0,0,0,0,0,0,0
146.593399,146.538330,122,139,18,141,77,2,59,191,0,0,0,0,0,0,0,0
146.813187,146.765991,122,140,18,141,69,1,85,191,128,0,0,0,0,0,0,0
147.087906,147.049408,122,140,17,144,67,2,72,191,0,0,0,0,0,0,0,0
147.307693,147.278046,120,141,17,145,77,2,63,188,128,0,0,0,0,0,0,0
147.582413,147.533478,121,143,18,144,78,1,63,189,0,0,0,0,0,0,0,0
147.857147,147.814941,120,143,17,144,78,2,56,188,128,0,0,0,0,0,0,0
148.076920,148.042816,122,144,18,148,65,1,63,191,128,0,0,0,0,0,0,0
148.351654,148.298309,123,145,19,148,60,1,84,192,0,0,0,0,0,0,0,0
148.626373,148.580612,122,145,17,147,57,1,90,187,128,0,0,0,0,0,0,0
148.846161,148.808151,121,145,18,146,66,1,79,190,0,0,0,0,0,0,0,0
149.120880,149.090744,121,145,20,148,73,1,66,190,128,0,0,0,0,0,0,0
149.395599,149.346451,121,145,18,147,75,1,63,189,0,0,0,0,0,0,0,0
149.615387,149.573593,122,145,18,146,74,2,72,190,128,0,0,0,0,0,0,0
149.890106,149.855942,121,145,19,143,75,1,72,190,128,0,0,0,0,0,0,0
150.164841,150.111328,122,143,17,145,74,2,63,191,0,0,0,0,0,0,0,0
150.384613,150.338837,122,142,17,142,80,1,64,190,128,0,0,0,0,0,0,0
150.659348,150.621628,121,142,18,141,85,2,47,190,0,0,0,0,0,0,0,0
150.934067,150.877274,122,140,17,140,86,1,39,190,128,0,0,0,0,0,0,0
151.153839,151.105606,121,140,18,141,86,1,63,190,0,0,0,0,0,0,0,0
151.428574,151.388245,122,139,18,138,83,1,65,191,128,0,0,0,0,0,0,0
151.648346,151.615875,122,138,17,141,81,1,44,190,0,0,0,0,0,0,0,0
151.923080,151.871201,121,138,17,139,81,2,55,189,128,0,0,0,0,0,0,0
152.197800,152.152878,120,139,18,144,80,2,63,187,0,0,0,0,0,0,0,0
152.417587,152.381409,122,140,18,143,73,1,71,187,0,0,0,0,0,0,0,0
152.692307,152.636795,122,142,19,146,65,1,69,191,128,0,0,0,0,0,0,0
152.967026,152.919083,122,144,19,148,62,1,84,190,0,0,0,0,0,0,0,0
153.186813,153.147415,120,145,18,146,57,1,66,190,128,0,0,0,0,0,0,0
153.461533,153.429489,119,145,18,147,58,0,71,189,0,0,0,0,0,0,0,0
153.736267,153.684525,121,146,18,149,70,1,61,189,128,0,0,0,0,0,0,0
153.956039,153.912552,122,146,20,149,70,2,75,190,0,0,0,0,0,0,0,0
154.230774,154.194626,121,146,18,148,70,1,47,190,128,0,0,0,0,0,0,0
154.505493,154.448792,119,146,18,146,69,2,71,189,128,0,0,0,0,0,0,0
154.725281,154.676773,122,146,19,146,59,1,82,190,0,0,0,0,0,0,0,0
155.000000,154.959198,122,145,18,146,59,1,64,190,128,0,0,0,0,0,0,0
155.219788,155.186508,121,145,18,146,59,1,72,190,0,0,0,0,0,0,0,0
155.494507,155.441589,122,146,18,146,71,2,55,191,128,0,0,0,0,0,0,0
155.769226,155.724594,122,144,18,147,72,1,52,191,0,0,0,0,0,0,0,0
155.989014,155.952164,122,146,20,145,72,1,58,191,128,0,0,0,0,0,0,0
156.263733,156.207947,122,144,18,143,58,2,76,191,0,0,0,0,0,0,0,0
156.538467,156.489777,122,144,17,143,69,2,51,191,128,0,0,0,0,0,0,0
156.758240,156.717911,121,143,18,143,71,1,62,189,128,0,0,0,0,0,0,0
157.032974,156.973343,121,144,17,145,75,1,60,189,0,0,0,0,0,0,0,0
157.307693,157.257065,122,143,18,142,75,2,53,190,128,0,0,0,0,0,0,0
157.527466,157.484726,121,143,18,142,74,2,49,190,0,0,0,0,0,0,0,0
157.802200,157.767365,122,144,18,146,71,2,64,191,128,0,0,0,0,0,0,0
158.076920,158.022202,122,145,18,146,66,1,84,189,0,0,0,0,0,0,0,0
158.296707,158.249756,122,145,20,148,65,1,74,191,128,0,0,0,0,0,0,0
158.571426,158.532608,122,145,18,146,65,1,80,190,0,0,0,0,0,0,0,0
158.846161,158.787903,119,145,18,148,64,1,80,190,128,0,0,0,0,0,0,0
159.065933,159.015152,122,146,18,145,70,1,86,191,128,0,0,0,0,0,0,0
159.340652,159.297699,121,145,18,146,73,1,63,190,0,0,0,0,0,0,0,0
159.560440,159.525208,121,145,18,146,74,2,55,190,128,0,0,0,0,0,0,0
159.835159,159.780609,121,143,18,142,74,1,63,190,0,0,0,0,0,0,0,0
160.109894,160.063293,122,143,18,145,71,2,62,191,128,0,0,0,0,0,0,0
160.329666,160.290649,122,143,18,146,75,1,63,191,0,0,0,0,0,0,0,0
160.604401,160.546310,122,143,17,144,79,1,68,191,128,0,0,0,0,0,0,0
160.879120,160.828979,122,142,18,144,79,1,68,191,0,0,0,0,0,0,0,0
161.098907,161.055481,122,142,17,145,80,1,51,190,0,0,0,0,0,0,0,0
161.373627,161.338684,122,143,18,146,78,1,51,190,128,0,0,0,0,0,0,0
161.648346,161.594070,122,143,18,143,72,1,75,191,0,0,0,0,0,0,0,0
161.868134,161.821579,122,142,17,145,71,2,63,190,128,0,0,0,0,0,0,0
162.142853,162.104889,121,142,18,142,71,1,63,190,0,0,0,0,0,0,0,0
162.417587,162.359451,121,141,18,140,76,1,63,186,128,0,0,0,0,0,0,0
162.637360,162.587021,122,141,17,141,82,2,39,191,0,0,0,0,0,0,0,0
162.912094,162.869812,122,141,18,141,81,1,63,188,128,0,0,0,0,0,0,0
163.186813,163.125046,122,140,18,141,72,2,63,190,0,0,0,0,0,0,0,0
163.406601,163.353134,122,140,17,142,73,1,59,191,128,0,0,0,0,0,0,0
163.681320,163.635361,120,141,17,144,73,2,55,190,128,0,0,0,0,0,0,0
163.901093,163.862518,118,143,20,146,72,1,64,190,0,0,0,0,0,0,0,0
164.175827,164.117905,118,145,19,150,48,2,63,190,128,0,0,0,0,0,0,0
164.450546,164.400604,121,148,19,154,43,2,84,188,0,0,0,0,0,0,0,0
164.670334,164.627914,121,150,20,154,43,1,72,190,128,0,0,0,0,0,0,0
164.945053,164.883347,121,152,20,157,40,2,63,190,0,0,0,0,0,0,0,0
165.219788,165.166397,122,154,21,158,36,1,63,191,128,0,0,0,0,0,0,0
165.439560,165.395706,122,156,21,161,33,1,69,191,0,0,0,0,0,0,0,0
165.714279,165.651611,122,157,21,158,28,1,58,191,128,0,0,0,0,0,0,0
165.989014,165.935226,122,157,20,159,28,1,53,191,128,0,0,0,0,0,0,0
166.208786,166.164047,121,157,20,157,28,1,64,189,0,0,0,0,0,0,0,0
166.483521,166.420547,122,156,20,158,38,1,56,190,128,0,0,0,0,0,0,0
166.758240,166.703827,122,156,19,157,39,2,65,191,0,0,0,0,0,0,0,0
166.978027,166.932831,122,156,20,157,39,1,64,192,128,0,0,0,0,0,0,0
167.252747,167.189240,123,156,20,157,39,2,48,191,0,0,0,0,0,0,0,0
167.527466,167.473007,122,156,21,158,38,1,58,191,128,0,0,0,0,0,0,0
167.747253,167.702515,122,155,19,156,39,1,48,192,0,0,0,0,0,0,0,0
168.021973,167.958374,122,155,19,158,39,1,63,191,128,0,0,0,0,0,0,0
168.296707,168.241837,122,156,21,162,38,1,69,191,0,0,0,0,0,0,0,0
168.516479,168.470978,123,158,19,162,38,2,64,192,0,0,0,0,0,0,0,0
168.791214,168.727234,122,159,19,158,38,1,47,192,128,0,0,0,0,0,0,0
169.065933,169.011368,123,159,20,161,39,1,40,192,0,0,0,0,0,0,0,0
169.285721,169.240616,123,159,21,162,39,1,40,192,128,0,0,0,0,0,0,0
169.560440,169.496872,123,160,20,162,38,2,56,192,0,0,0,0,0,0,0,0
169.835159,169.780396,123,161,21,166,40,2,56,192,128,0,0,0,0,0,0,0
170.054947,170.009689,122,164,22,169,39,1,59,192,0,0,0,0,0,0,0,0
170.329666,170.266663,123,168,22,176,38,2,53,192,128,0,0,0,0,0,0,0
170.604401,170.549362,122,170,22,174,40,2,48,192,128,0,0,0,0,0,0,0
170.824173,170.778412,123,174,24,184,39,1,48,192,0,0,0,0,0,0,0,0
171.098907,171.034622,123,177,24,186,39,2,63,192,128,0,0,0,0,0,0,0
171.373627,171.318283,123,182,25,193,39,1,63,192,0,0,0,0,0,0,0,0
171.593399,171.547943,122,188,25,195,39,1,50,192,128,0,0,0,0,0,0,0
171.868134,171.805084,123,193,25,201,39,1,55,192,0,0,0,0,0,0,0,0
172.142853,172.088638,123,197,26,208,38,1,50,192,128,0,0,0,0,0,0,0
172.362640,172.317078,123,203,29,217,39,2,47,192,0,0,0,0,0,0,0,0
172.637360,172.572357,123,212,28,224,39,1,40,192,128,0,0,0,0,0,0,0
172.912094,172.856140,123,218,29,231,39,1,56,192,128,0,0,0,0,0,0,0
173.131866,173.085846,123,225,30,238,39,1,66,192,0,0,0,0,0,0,0,0
173.406601,173.342041,123,232,30,244,39,1,63,192,128,0,0,0,0,0,0,0
173.681320,173.626480,122,239,32,253,39,1,61,192,0,0,0,0,0,0,0,0
173.901093,173.857071,122,246,33,255,39,1,64,192,128,0,0,0,0,0,0,0
174.175827,174.115265,123,254,33,255,38,1,78,192,0,0,0,0,0,0,0,0
174.450546,174.401337,122,255,34,255,39,2,63,192,128,0,0,0,0,0,0,0
174.725281,174.659897,123,255,36,255,38,1,55,191,0,0,0,0,0,0,0,0
174.945053,174.891037,123,255,35,255,39,1,70,191,128,0,0,0,0,0,0,0
175.219788,175.177429,122,255,35,255,38,1,50,191,0,0,0,0,0,0,0,0
175.494507,175.435989,123,255,37,255,39,0,64,192,0,0,0,0,0,0,0,0
175.714279,175.667343,123,255,39,255,38,1,64,192,128,0,0,0,0,0,0,0
175.989014,175.925644,122,255,39,255,38,1,54,192,0,0,0,0,0,0,0,0
176.263733,176.211823,122,255,41,255,39,1,54,192,128,0,0,0,0,0,0,0
176.483521,176.443161,123,255,42,255,39,0,54,192,0,0,0,0,0,0,0,0
176.758240,176.702194,123,255,41,255,38,1,51,192,128,0,0,0,0,0,0,0
177.032974,176.988419,122,255,43,255,38,1,72,191,0,0,0,0,0,0,0,0
177.307693,177.247849,122,255,44,255,39,1,84,192,128,0,0,0,0,0,0,0
177.527466,177.479355,122,255,43,255,38,1,77,191,0,0,0,0,0,0,0,0
177.802200,177.737854,122,255,43,255,39,0,66,191,0,0,0,0,0,0,0,0
178.076920,178.024094,122,255,45,255,38,1,77,191,128,0,0,0,0,0,0,0
178.296707,178.255493,123,255,45,255,39,1,74,192,0,0,0,0,0,0,0,0
178.571426,178.514969,122,255,46,255,39,0,73,192,128,0,0,0,0,0,0,0
178.846161,178.801346,122,255,47,255,38,1,68,191,0,0,0,0,0,0,0,0
179.120880,179.060318,123,255,48,255,39,0,66,191,128,0,0,0,0,0,0,0
179.340652,179.291779,122,255,47,255,38,1,64,191,0,0,0,0,0,0,0,0
179.615387,179.550842,122,255,48,255,39,1,57,191,128,0,0,0,0,0,0,0
179.890106,179.836975,122,255,47,255,38,2,67,191,0,0,0,0,0,0,0,0
180.109894,180.067551,122,255,49,255,38,1,63,192,128,0,0,0,0,0,0,0
180.384613,180.326370,122,255,49,255,39,1,72,191,0,0,0,0,0,0,0,0
180.659348,180.612549,123,255,49,255,38,1,56,191,0,0,0,0,0,0,0,0
180.934067,180.871399,122,255,50,255,39,1,64,192,128,0,0,0,0,0,0,0
181.153839,181.103577,122,255,51,255,39,2,63,192,0,0,0,0,0,0,0,0
181.428574,181.362595,123,255,52,255,38,1,70,191,128,0,0,0,0,0,0,0
181.703293,181.648727,123,255,52,255,39,1,63,191,0,0,0,0,0,0,0,0
181.923080,181.879913,122,255,53,255,38,1,72,191,128,0,0,0,0,0,0,0
182.197800,182.138733,123,255,53,255,38,1,65,191,0,0,0,0,0,0,0,0
182.472534,182.424606,122,255,54,255,39,0,70,192,128,0,0,0,0,0,0,0
182.747253,182.682251,123,255,54,255,39,2,58,192,0,0,0,0,0,0,0,0
182.967026,182.913239,122,255,54,255,39,0,55,191,0,0,0,0,0,0,0,0
183.241760,183.199463,122,255,54,255,39,1,63,192,128,0,0,0,0,0,0,0
183.516479,183.458023,123,255,55,255,39,0,63,192,0,0,0,0,0,0,0,0
183.736267,183.689682,123,255,56,255,38,1,77,192,128,0,0,0,0,0,0,0
184.010986,183.948349,123,255,56,255,39,1,59,192,0,0,0,0,0,0,0,0
184.285721,184.234268,122,255,56,255,38,1,68,191,128,0,0,0,0,0,0,0
184.560440,184.492920,123,255,57,255,38,1,43,192,0,0,0,0,0,0,0,0
184.780212,184.723602,123,255,57,255,39,0,78,192,128,0,0,0,0,0,0,0
185.054947,185.009583,123,255,57,255,39,1,63,191,0,0,0,0,0,0,0,0
185.329666,185.267776,122,255,57,255,39,1,66,191,128,0,0,0,0,0,0,0
185.549454,185.498779,123,255,58,255,39,1,60,192,128,0,0,0,0,0,0,0
185.824173,185.757233,123,255,58,255,39,2,64,192,0,0,0,0,0,0,0,0
186.098907,186.043106,122,255,59,255,39,1,57,191,128,0,0,0,0,0,0,0
186.318680,186.274765,123,255,59,255,38,1,73,191,0,0,0,0,0,0,0,0
186.593399,186.533524,123,255,57,255,39,1,48,191,128,0,0,0,0,0,0,0
186.868134,186.819901,122,255,58,255,39,0,50,192,0,0,0,0,0,0,0,0
187.142853,187.078354,122,255,58,255,39,1,47,191,128,0,0,0,0,0,0,0
187.362640,187.309464,123,255,59,255,39,2,56,192,0,0,0,0,0,0,0,0
187.637360,187.568375,122,255,58,255,39,1,43,191,128,0,0,0,0,0,0,0
187.912094,187.853729,123,255,60,255,38,1,71,192,128,0,0,0,0,0,0,0
188.131866,188.085236,122,255,60,255,39,1,63,191,0,0,0,0,0,0,0,0
188.406601,188.344299,123,255,61,255,38,1,57,192,128,0,0,0,0,0,0,0
188.681320,188.630890,123,255,61,255,39,1,70,191,0,0,0,0,0,0,0,0
188.956039,188.889664,123,255,61,255,39,1,68,191,128,0,0,0,0,0,0,0
189.175827,189.121002,122,255,60,255,39,1,52,192,0,0,0,0,0,0,0,0
189.450546,189.379883,122,255,62,255,39,1,53,191,128,0,0,0,0,0,0,0
189.725281,189.665695,122,255,62,255,39,0,72,192,0,0,0,0,0,0,0,0
189.945053,189.896896,122,255,62,255,39,1,64,192,128,0,0,0,0,0,0,0
190.219788,190.155807,123,255,63,255,38,1,61,191,0,0,0,0,0,0,0,0
190.494507,190.440704,123,255,63,255,38,1,68,192,128,0,0,0,0,0,0,0
190.769226,190.699417,122,255,63,255,39,1,64,191,128,0,0,0,0,0,0,0
190.989014,190.930313,123,255,63,255,38,1,64,192,0,0,0,0,0,0,0,0
191.263733,191.217514,123,255,64,255,39,2,76,192,128,0,0,0,0,0,0,0
191.538467,191.476273,122,255,64,255,38,2,63,192,0,0,0,0,0,0,0,0
191.758240,191.707321,122,255,63,255,38,1,72,192,128,0,0,0,0,0,0,0
192.032974,191.965866,122,255,63,255,38,1,63,191,0,0,0,0,0,0,0,0
192.307693,192.251953,122,255,64,255,39,2,64,192,128,0,0,0,0,0,0,0
192.582413,192.510666,122,255,64,255,39,1,80,192,0,0,0,0,0,0,0,0
192.802200,192.741241,123,255,64,255,39,1,60,192,128,0,0,0,0,0,0,0
193.076920,193.027115,123,255,64,255,39,1,66,192,0,0,0,0,0,0,0,0
193.351654,193.286087,123,255,65,255,38,1,63,191,0,0,0,0,0,0,0,0
193.571426,193.517075,122,255,65,255,39,1,66,192,128,0,0,0,0,0,0,0
193.846161,193.776047,123,255,64,255,39,2,63,192,0,0,0,0,0,0,0,0
194.120880,194.062012,123,255,64,255,39,0,67,192,128,0,0,0,0,0,0,0
194.340652,194.293732,123,255,65,255,39,2,71,192,0,0,0,0,0,0,0,0
194.615387,194.552032,123,255,64,255,39,1,64,192,128,0,0,0,0,0,0,0
194.890106,194.837952,123,255,64,255,39,1,76,192,0,0,0,0,0,0,0,0
195.164841,195.096603,122,255,63,255,38,1,59,192,128,0,0,0,0,0,0,0
195.384613,195.327042,122,255,63,255,39,1,64,191,0,0,0,0,0,0,0,0
195.659348,195.612915,122,255,64,255,38,1,77,191,0,0,0,0,0,0,0,0
195.934067,195.871933,123,255,63,255,39,1,63,192,128,0,0,0,0,0,0,0
196.153839,196.103134,123,255,63,255,38,1,57,192,0,0,0,0,0,0,0,0
196.428574,196.362244,123,255,64,255,39,1,64,191,128,0,0,0,0,0,0,0
196.703293,196.648529,123,255,62,255,39,0,70,192,0,0,0,0,0,0,0,0
196.978027,196.907608,123,255,62,255,39,0,55,192,128,0,0,0,0,0,0,0
197.197800,197.138794,123,255,61,255,39,0,50,192,0,0,0,0,0,0,0,0
197.472534,197.424911,122,255,61,255,38,1,64,191,128,0,0,0,0,0,0,0
197.747253,197.683990,122,255,61,255,39,1,74,191,0,0,0,0,0,0,0,0
197.967026,197.914886,123,255,60,255,39,0,55,192,128,0,0,0,0,0,0,0
198.241760,198.173904,123,255,62,255,39,1,48,192,128,0,0,0,0,0,0,0
198.516479,198.460236,122,255,60,255,39,1,65,191,0,0,0,0,0,0,0,0
198.791214,198.718948,123,255,60,255,39,0,61,191,128,0,0,0,0,0,0,0
199.010986,198.951523,123,255,60,255,39,1,52,191,0,0,0,0,0,0,0,0
199.285721,199.237442,122,255,60,255,38,1,52,191,128,0,0,0,0,0,0,0
199.560440,199.496460,122,255,60,255,39,1,61,192,0,0,0,0,0,0,0,0
199.780212,199.727310,122,255,59,255,38,1,56,192,128,0,0,0,0,0,0,0
200.054947,199.986176,122,255,60,255,38,1,57,191,0,0,0,0,0,0,0,0
200.329666,200.272751,123,255,58,255,39,1,64,192,128,0,0,0,0,0,0,0
200.604401,200.531265,123,255,59,255,39,2,47,192,128,0,0,0,0,0,0,0
200.824173,200.762741,122,255,58,255,39,2,73,192,128,0,0,0,0,0,0,0
201.098907,201.048492,122,255,59,255,39,1,56,192,128,0,0,0,0,0,0,0
201.373627,201.307205,122,255,58,255,39,0,84,192,0,0,0,0,0,0,0,0
201.593399,201.538452,123,255,58,255,39,1,64,191,128,0,0,0,0,0,0,0
201.868134,201.796600,122,255,59,255,38,1,63,191,0,0,0,0,0,0,0,0
202.142853,202.082672,122,255,58,255,39,0,78,192,128,0,0,0,0,0,0,0
202.417587,202.286469,123,255,59,255,39,1,64,192,0,0,0,0,0,0,0,0
202.637360,202.572937,123,255,59,255,38,1,63,192,128,0,0,0,0,0,0,0
202.912094,202.859375,122,255,58,255,39,2,91,192,0,0,0,0,0,0,0,0
203.186813,203.117676,122,255,59,255,38,1,64,191,128,0,0,0,0,0,0,0
203.406601,203.348770,122,255,57,255,38,1,59,191,128,0,0,0,0,0,0,0
203.681320,203.607437,123,255,58,255,38,1,78,192,0,0,0,0,0,0,0,0
203.956039,203.893311,123,255,57,255,39,1,62,192,128,0,0,0,0,0,0,0
204.175827,204.124542,123,255,55,255,39,1,74,191,0,0,0,0,0,0,0,0
204.450546,204.382645,122,255,57,255,38,1,72,191,128,0,0,0,0,0,0,0
204.725281,204.668625,123,255,56,255,39,1,68,191,0,0,0,0,0,0,0,0
205.000000,204.927185,122,255,55,255,39,1,63,192,128,0,0,0,0,0,0,0
205.219788,205.158432,122,255,55,255,39,1,64,192,0,0,0,0,0,0,0,0
205.494507,205.443832,122,255,54,255,39,0,54,192,0,0,0,0,0,0,0,0
205.769226,205.703369,122,255,53,255,39,1,61,192,0,0,0,0,0,0,0,0
205.989014,205.934113,123,255,53,255,38,1,59,192,0,0,0,0,0,0,0,0
206.263733,206.193024,123,255,52,255,39,0,66,192,128,0,0,0,0,0,0,0
206.538467,206.479050,123,255,51,255,39,1,63,192,0,0,0,0,0,0,0,0
206.813187,206.737808,123,255,51,255,39,0,63,192,128,0,0,0,0,0,0,0
207.032974,206.968552,122,255,51,255,38,1,64,191,0,0,0,0,0,0,0,0
207.307693,207.254669,123,255,49,255,39,2,71,192,128,0,0,0,0,0,0,0
207.582413,207.513733,122,255,48,255,39,2,49,192,0,0,0,0,0,0,0,0
207.802200,207.745148,123,255,47,255,38,1,65,191,128,0,0,0,0,0,0,0
208.076920,208.003708,123,255,48,255,39,2,64,192,128,0,0,0,0,0,0,0
208.351654,208.290283,122,255,47,255,38,2,64,192,0,0,0,0,0,0,0,0
208.626373,208.549362,123,255,46,255,39,1,47,192,128,0,0,0,0,0,0,0
208.846161,208.780243,122,255,45,255,39,1,64,191,0,0,0,0,0,0,0,0
209.120880,209.066879,122,255,45,255,39,2,49,191,128,0,0,0,0,0,0,0
209.395599,209.325348,122,255,43,255,38,1,55,191,0,0,0,0,0,0,0,0
209.615387,209.556854,122,255,44,255,39,1,56,192,128,0,0,0,0,0,0,0
209.890106,209.816025,123,255,43,255,38,1,63,192,0,0,0,0,0,0,0,0
210.164841,210.103012,122,255,43,255,38,1,63,192,128,0,0,0,0,0,0,0
210.439560,210.361725,123,255,43,255,38,1,76,191,0,0,0,0,0,0,0,0
210.659348,210.592514,122,255,43,255,38,1,71,192,0,0,0,0,0,0,0,0
210.934067,210.878494,122,255,41,255,38,1,64,191,128,0,0,0,0,0,0,0
211.208786,211.137451,123,255,42,255,39,1,64,191,0,0,0,0,0,0,0,0
211.428574,211.368240,122,255,42,255,39,0,63,191,128,0,0,0,0,0,0,0
211.703293,211.627823,122,255,41,255,38,1,63,192,0,0,0,0,0,0,0,0
211.978027,211.914124,123,255,42,255,39,1,61,191,128,0,0,0,0,0,0,0
212.252747,212.173553,123,255,41,255,38,1,64,191,0,0,0,0,0,0,0,0
212.472534,212.405090,123,255,40,255,39,1,72,192,128,0,0,0,0,0,0,0
212.747253,212.691483,123,255,39,255,39,1,76,192,0,0,0,0,0,0,0,0
213.021973,212.949982,123,255,41,255,38,1,64,192,128,0,0,0,0,0,0,0
213.241760,213.180206,122,255,40,255,38,1,63,192,0,0,0,0,0,0,0,0
213.516479,213.439438,122,255,40,255,39,1,48,192,128,0,0,0,0,0,0,0
213.791214,213.725601,123,255,41,255,39,1,79,191,128,0,0,0,0,0,0,0
214.010986,213.957199,122,255,41,255,38,1,55,192,0,0,0,0,0,0,0,0
214.285721,214.216385,122,255,40,255,38,1,63,192,128,0,0,0,0,0,0,0
214.560440,214.502716,123,255,40,255,38,1,65,192,0,0,0,0,0,0,0,0
214.835159,214.760864,123,255,38,255,39,1,53,191,128,0,0,0,0,0,0,0
215.054947,214.991714,123,255,39,255,39,0,63,192,0,0,0,0,0,0,0,0
215.329666,215.250107,123,255,38,255,39,0,55,192,128,0,0,0,0,0,0,0
215.604401,215.535934,123,255,38,255,39,2,52,192,0,0,0,0,0,0,0,0
215.824173,215.765945,123,255,37,255,38,1,63,191,0,0,0,0,0,0,0,0
216.098907,216.024918,123,255,37,255,38,1,64,192,128,0,0,0,0,0,0,0
216.373627,216.310593,123,255,38,255,39,1,64,192,0,0,0,0,0,0,0,0
216.648346,216.569656,123,255,38,255,39,2,53,192,128,0,0,0,0,0,0,0
216.868134,216.800919,123,255,38,255,39,1,43,192,0,0,0,0,0,0,0,0
217.142853,217.087891,123,255,37,255,39,2,72,192,128,0,0,0,0,0,0,0
217.417587,217.347015,123,255,38,255,39,0,72,192,0,0,0,0,0,0,0,0
217.637360,217.577713,123,255,38,255,39,0,70,192,128,0,0,0,0,0,0,0
217.912094,217.836166,123,255,38,255,38,1,47,191,0,0,0,0,0,0,0,0
218.186813,218.121719,123,255,38,255,38,1,53,191,0,0,0,0,0,0,0,0
218.461533,218.380188,123,255,37,255,38,1,63,192,128,0,0,0,0,0,0,0
218.681320,218.611542,122,255,36,255,38,1,55,191,0,0,0,0,0,0,0,0
218.956039,218.897614,123,255,37,255,38,2,58,191,128,0,0,0,0,0,0,0
219.230774,219.156677,123,255,36,255,39,1,44,192,0,0,0,0,0,0,0,0
219.450546,219.388290,123,255,37,255,38,1,72,191,128,0,0,0,0,0,0,0
219.725281,219.647049,122,255,37,255,39,1,64,192,0,0,0,0,0,0,0,0
220.000000,219.933273,122,255,37,255,38,1,49,192,128,0,0,0,0,0,0,0
220.219788,220.164474,122,255,37,255,38,1,53,191,0,0,0,0,0,0,0,0
220.494507,220.423798,123,255,37,255,39,1,47,191,128,0,0,0,0,0,0,0
220.769226,220.709824,122,255,37,255,38,1,64,191,0,0,0,0,0,0,0,0
221.043961,220.967819,122,255,37,255,39,0,50,192,0,0,0,0,0,0,0,0
221.263733,221.199478,123,255,38,255,39,0,80,192,128,0,0,0,0,0,0,0
221.538467,221.458496,123,255,37,255,38,1,64,192,0,0,0,0,0,0,0,0
221.813187,221.745239,123,255,37,255,38,1,53,192,128,0,0,0,0,0,0,0
222.032974,221.976074,123,255,37,255,38,1,53,191,0,0,0,0,0,0,0,0
222.307693,222.235199,122,255,37,255,39,0,52,192,128,0,0,0,0,0,0,0
222.582413,222.521576,123,255,37,255,39,1,53,192,0,0,0,0,0,0,0,0
222.857147,222.780396,123,255,38,255,39,2,59,192,128,0,0,0,0,0,0,0
223.076920,223.011948,123,255,37,255,39,1,76,192,0,0,0,0,0,0,0,0
223.351654,223.270676,123,255,38,255,39,1,58,192,0,0,0,0,0,0,0,0
223.626373,223.556976,123,255,38,255,38,1,59,192,128,0,0,0,0,0,0,0
223.846161,223.788345,123,255,38,255,38,1,69,192,0,0,0,0,0,0,0,0
224.120880,224.046860,123,255,38,255,39,0,64,192,128,0,0,0,0,0,0,0
224.395599,224.333344,123,255,38,255,38,1,61,192,0,0,0,0,0,0,0,0
224.670334,224.591583,122,255,37,255,38,1,71,192,128,0,0,0,0,0,0,0
224.890106,224.823303,123,255,37,255,39,1,82,192,0,0,0,0,0,0,0,0
225.164841,225.081802,123,255,38,255,38,1,65,192,128,0,0,0,0,0,0,0
225.439560,225.368454,122,255,37,255,39,2,59,192,0,0,0,0,0,0,0,0
225.659348,225.600006,122,255,38,255,38,1,68,192,128,0,0,0,0,0,0,0
225.934067,225.858200,123,255,38,255,38,1,56,192,0,0,0,0,0,0,0,0
226.208786,226.144012,122,255,36,255,38,1,64,192,0,0,0,0,0,0,0,0
226.483521,226.402328,123,255,36,255,39,1,48,192,128,0,0,0,0,0,0,0
226.703293,226.633514,123,255,37,255,38,1,49,191,0,0,0,0,0,0,0,0
226.978027,226.919281,123,255,36,255,39,1,52,192,128,0,0,0,0,0,0,0
227.252747,227.177689,123,255,35,255,38,1,56,191,0,0,0,0,0,0,0,0
227.472534,227.409088,123,255,36,255,39,2,64,192,128,0,0,0,0,0,0,0
227.747253,227.667389,123,255,36,255,39,0,64,192,0,0,0,0,0,0,0,0
228.021973,227.953217,123,255,37,255,39,1,59,192,128,0,0,0,0,0,0,0
228.296707,228.211685,123,255,36,255,39,2,74,192,0,0,0,0,0,0,0,0
228.516479,228.443069,123,255,37,255,39,0,63,192,128,0,0,0,0,0,0,0
228.791214,228.729095,123,255,37,255,38,1,59,191,128,0,0,0,0,0,0,0
229.065933,228.987396,123,255,35,255,39,0,48,192,0,0,0,0,0,0,0,0
229.285721,229.218552,122,255,35,255,38,1,64,191,128,0,0,0,0,0,0,0
229.560440,229.477203,122,255,35,255,38,1,66,191,0,0,0,0,0,0,0,0
229.835159,229.763397,123,255,34,255,39,1,79,192,128,0,0,0,0,0,0,0
230.054947,229.995041,123,255,35,255,38,1,63,192,0,0,0,0,0,0,0,0
230.329666,230.253403,123,255,35,255,38,1,72,192,0,0,0,0,0,0,0,0
230.604401,230.540436,123,255,35,255,38,1,48,192,0,0,0,0,0,0,0,0
230.879120,230.798752,122,255,36,255,39,1,63,191,0,0,0,0,0,0,0,0
231.098907,231.029953,123,255,34,255,39,2,80,192,128,0,0,0,0,0,0,0
231.373627,231.288864,123,255,35,255,39,1,63,192,0,0,0,0,0,0,0,0
231.648346,231.574829,123,255,36,255,39,0,55,192,128,0,0,0,0,0,0,0
231.868134,231.806488,123,255,34,255,39,2,55,192,0,0,0,0,0,0,0,0
232.142853,232.064850,123,255,34,255,38,1,64,191,128,0,0,0,0,0,0,0
232.417587,232.350967,122,255,35,255,38,1,51,191,0,0,0,0,0,0,0,0
232.692307,232.610046,123,255,34,255,39,0,74,192,128,0,0,0,0,0,0,0
232.912094,232.841400,123,255,34,255,39,0,63,192,0,0,0,0,0,0,0,0
233.186813,233.100540,123,255,34,255,39,0,64,192,128,0,0,0,0,0,0,0
233.461533,233.386642,123,255,33,255,38,1,80,191,0,0,0,0,0,0,0,0
233.681320,233.617233,123,255,34,255,39,2,64,192,0,0,0,0,0,0,0,0
233.956039,233.876190,123,255,33,255,38,1,64,192,128,0,0,0,0,0,0,0
234.230774,234.162064,122,255,34,255,39,0,82,192,0,0,0,0,0,0,0,0
234.505493,234.420975,123,255,34,255,39,1,58,192,128,0,0,0,0,0,0,0
234.725281,234.651917,122,255,34,255,39,2,66,192,0,0,0,0,0,0,0,0
235.000000,234.937637,122,255,33,255,38,1,51,192,128,0,0,0,0,0,0,0
235.274719,235.196655,123,255,32,255,38,1,54,192,0,0,0,0,0,0,0,0
235.494507,235.427597,123,255,32,255,39,1,64,192,128,0,0,0,0,0,0,0
235.769226,235.685852,123,255,31,253,38,2,62,192,0,0,0,0,0,0,0,0
236.043961,235.969269,123,252,33,251,39,1,63,192,128,0,0,0,0,0,0,0
236.263733,236.198624,123,251,31,249,38,2,64,192,0,0,0,0,0,0,0,0
236.538467,236.455032,123,248,31,244,38,2,74,192,0,0,0,0,0,0,0,0
236.813187,236.738541,123,243,31,238,39,1,61,192,128,0,0,0,0,0,0,0
237.032974,236.967743,123,243,30,240,38,2,68,192,0,0,0,0,0,0,0,0
237.307693,237.224304,122,240,29,237,39,1,63,192,128,0,0,0,0,0,0,0
237.582413,237.508850,122,237,29,233,39,1,64,192,0,0,0,0,0,0,0,0
237.802200,237.737442,123,235,29,233,39,1,63,192,128,0,0,0,0,0,0,0
238.076920,237.992676,123,231,28,226,38,1,53,192,128,0,0,0,0,0,0,0
238.351654,238.277008,123,228,29,225,39,1,64,192,128,0,0,0,0,0,0,0
238.571426,238.506119,123,224,27,222,39,1,50,192,128,0,0,0,0,0,0,0
238.846161,238.762207,123,224,29,221,39,1,66,192,0,0,0,0,0,0,0,0
239.120880,239.046082,123,221,26,218,39,2,55,192,128,0,0,0,0,0,0,0
239.340652,239.275223,123,219,28,216,38,2,41,192,0,0,0,0,0,0,0,0
239.615387,239.531235,123,217,26,215,39,2,66,192,128,0,0,0,0,0,0,0
239.890106,239.815201,123,216,28,213,39,1,55,192,0,0,0,0,0,0,0,0
240.109894,240.044922,123,214,27,213,39,1,64,192,128,0,0,0,0,0,0,0
240.384613,240.301178,123,213,27,207,38,2,63,192,0,0,0,0,0,0,0,0
240.659348,240.584229,122,209,26,209,39,1,56,192,128,0,0,0,0,0,0,0
240.879120,240.812653,123,209,25,208,38,2,47,192,128,0,0,0,0,0,0,0
241.153839,241.068909,123,208,26,207,39,1,53,192,0,0,0,0,0,0,0,0
241.428574,241.353149,123,208,27,210,39,1,63,192,128,0,0,0,0,0,0,0
241.648346,241.581375,123,208,26,208,38,2,74,192,0,0,0,0,0,0,0,0
241.923080,241.837585,123,208,25,206,39,1,75,192,128,0,0,0,0,0,0,0
242.197800,242.121719,122,208,27,209,39,1,68,192,0,0,0,0,0,0,0,0
242.417587,242.350464,123,208,26,208,38,2,55,192,128,0,0,0,0,0,0,0
242.692307,242.607269,123,207,25,205,39,1,72,192,0,0,0,0,0,0,0,0
242.967026,242.890488,123,207,25,205,39,1,64,192,0,0,0,0,0,0,0,0
243.186813,243.118866,123,207,25,206,39,1,72,192,0,0,0,0,0,0,0,0
243.461533,243.374969,123,206,26,206,38,2,78,192,0,0,0,0,0,0,0,0
243.736267,243.659180,123,205,26,206,38,2,55,192,128,0,0,0,0,0,0,0
243.956039,243.887833,122,207,25,206,39,1,82,192,0,0,0,0,0,0,0,0
244.230774,244.144196,123,206,25,207,39,0,75,192,128,0,0,0,0,0,0,0
244.505493,244.427917,123,206,25,207,39,1,64,192,0,0,0,0,0,0,0,0
244.725281,244.656662,123,206,25,207,39,1,78,192,128,0,0,0,0,0,0,0
245.000000,244.913467,122,206,25,205,39,2,55,192,0,0,0,0,0,0,0,0
245.274719,245.197861,123,206,25,203,39,1,63,192,128,0,0,0,0,0,0,0
245.494507,245.425888,122,203,26,199,38,2,72,192,128,0,0,0,0,0,0,0
245.769226,245.681992,123,201,26,198,38,2,61,192,0,0,0,0,0,0,0,0
246.043961,245.965912,123,200,25,199,39,1,66,192,128,0,0,0,0,0,0,0
246.263733,246.194901,122,198,25,198,39,1,63,192,0,0,0,0,0,0,0,0
246.538467,246.451569,123,197,23,191,39,1,64,192,128,0,0,0,0,0,0,0
246.813187,246.735458,123,193,23,189,39,1,61,192,0,0,0,0,0,0,0,0
247.032974,246.963013,123,190,24,188,38,1,56,192,128,0,0,0,0,0,0,0
247.307693,247.219925,123,188,23,185,39,1,63,192,0,0,0,0,0,0,0,0
247.582413,247.503860,122,187,24,186,38,2,78,192,0,0,0,0,0,0,0,0
247.802200,247.733154,122,186,24,186,39,2,61,192,128,0,0,0,0,0,0,0
248.076920,247.989975,123,186,23,187,39,1,64,192,0,0,0,0,0,0,0,0
248.351654,248.273804,123,186,23,188,39,1,47,192,128,0,0,0,0,0,0,0
248.571426,248.502792,123,186,23,188,40,2,74,192,0,0,0,0,0,0,0,0
248.846161,248.758957,123,186,25,186,39,2,56,192,128,0,0,0,0,0,0,0
249.120880,249.043076,123,186,24,187,39,1,51,192,0,0,0,0,0,0,0,0
249.340652,249.272491,123,186,24,189,39,1,55,192,128,0,0,0,0,0,0,0
249.615387,249.528854,123,188,24,193,39,1,75,192,0,0,0,0,0,0,0,0
249.890106,249.812408,122,190,25,194,39,1,58,192,0,0,0,0,0,0,0,0
250.109894,250.041153,122,192,26,196,38,2,70,192,0,0,0,0,0,0,0,0
250.384613,250.297211,123,194,25,197,39,1,68,192,0,0,0,0,0,0,0,0
250.659348,250.581543,122,196,26,198,38,2,71,192,128,0,0,0,0,0,0,0
250.879120,250.810486,122,197,25,202,39,1,63,192,0,0,0,0,0,0,0,0
251.153839,251.066437,123,200,25,203,39,1,72,192,128,0,0,0,0,0,0,0
251.428574,251.350662,122,200,26,204,38,2,68,191,0,0,0,0,0,0,0,0
251.648346,251.578842,123,201,26,202,38,2,57,192,128,0,0,0,0,0,0,0
251.923080,251.835464,123,202,26,205,39,1,72,192,0,0,0,0,0,0,0,0
252.197800,252.119339,123,203,25,204,39,1,64,192,128,0,0,0,0,0,0,0
252.417587,252.346786,123,203,25,203,39,1,74,192,0,0,0,0,0,0,0,0
252.692307,252.602798,123,203,25,203,39,1,83,191,0,0,0,0,0,0,0,0
252.967026,252.887329,122,203,26,204,39,1,83,192,128,0,0,0,0,0,0,0
253.186813,253.116379,123,203,26,203,38,2,96,192,0,0,0,0,0,0,0,0
253.461533,253.372940,123,199,25,197,39,1,72,192,128,0,0,0,0,0,0,0
253.736267,253.656967,123,199,26,196,39,1,76,191,0,0,0,0,0,0,0,0
253.956039,253.885406,123,196,26,196,38,2,61,192,128,0,0,0,0,0,0,0
254.230774,254.141907,122,194,24,192,40,1,59,192,0,0,0,0,0,0,0,0
254.505493,254.426254,122,192,24,190,38,1,71,192,128,0,0,0,0,0,0,0
254.725281,254.654678,123,190,24,189,39,1,72,191,128,0,0,0,0,0,0,0
255.000000,254.910782,123,188,23,185,39,1,51,192,0,0,0,0,0,0,0,0
255.274719,255.194962,123,185,23,182,38,1,47,192,128,0,0,0,0,0,0,0
255.494507,255.423508,123,181,21,175,40,1,56,192,0,0,0,0,0,0,0,0
255.769226,255.680115,123,178,21,175,39,1,63,191,128,0,0,0,0,0,0,0
256.043945,255.964493,123,176,22,172,39,1,69,192,0,0,0,0,0,0,0,0
256.263733,256.192841,122,174,22,173,39,1,63,192,128,0,0,0,0,0,0,0
256.538452,256.449127,122,172,21,168,40,2,61,192,0,0,0,0,0,0,0,0
256.813202,256.733124,123,169,21,165,39,1,43,192,128,0,0,0,0,0,0,0
257.032959,256.961182,123,166,22,165,39,1,64,191,0,0,0,0,0,0,0,0
257.307678,257.218170,123,164,21,161,39,1,72,192,0,0,0,0,0,0,0,0
257.582428,257.502655,123,163,21,162,38,1,43,192,128,0,0,0,0,0,0,0
257.802185,257.731079,123,163,21,163,40,2,64,192,0,0,0,0,0,0,0,0
258.076935,257.987396,122,162,21,162,38,2,64,192,128,0,0,0,0,0,0,0
258.351654,258.271729,123,161,21,160,38,1,59,192,0,0,0,0,0,0,0,0
258.571442,258.501221,122,161,21,161,39,1,47,192,128,0,0,0,0,0,0,0
258.846161,258.758606,123,161,19,162,39,1,61,192,0,0,0,0,0,0,0,0
259.120880,259.045197,123,161,21,161,39,1,55,191,128,0,0,0,0,0,0,0
259.395599,259.301208,122,160,21,162,38,1,59,191,128,0,0,0,0,0,0,0
259.615387,259.530670,122,161,21,165,39,1,47,192,0,0,0,0,0,0,0,0
259.890106,259.813965,122,162,21,168,40,2,45,192,128,0,0,0,0,0,0,0
260.164825,260.070221,122,164,22,169,39,1,55,191,0,0,0,0,0,0,0,0
260.384613,260.299469,122,166,22,172,39,1,66,191,128,0,0,0,0,0,0,0
260.659332,260.583191,122,170,21,175,40,2,48,192,0,0,0,0,0,0,0,0
260.934052,260.839966,122,172,21,179,39,2,64,192,128,0,0,0,0,0,0,0
261.153839,261.069214,122,177,24,186,39,1,59,192,0,0,0,0,0,0,0,0
261.428558,261.354065,122,183,23,190,40,2,55,192,128,0,0,0,0,0,0,0
261.703308,261.609802,123,185,26,193,39,1,64,191,128,0,0,0,0,0,0,0
261.923065,261.838440,122,191,25,200,39,1,61,191,128,0,0,0,0,0,0,0
262.197815,262.122467,122,193,25,203,40,2,55,192,128,0,0,0,0,0,0,0
262.472534,262.379333,123,198,26,208,39,1,62,191,0,0,0,0,0,0,0,0
262.692322,262.608337,122,205,26,215,39,1,63,191,128,0,0,0,0,0,0,0
