0.000000,0.000000,131,253,155,252,26,1,51,209,0,0,0,0,0,0,0,0
0.109890,0.104378,131,253,155,252,24,0,72,208,128,0,0,0,0,0,0,0
0.274725,0.265418,132,253,153,252,24,0,60,209,128,0,0,0,0,0,0,0
0.384615,0.376500,131,253,153,252,25,1,85,209,0,0,0,0,0,0,0,0
0.549451,0.544140,131,253,153,252,25,1,85,209,0,0,0,0,0,0,0,0
0.659341,0.656348,131,253,153,252,25,1,85,209,0,0,0,0,0,0,0,0
0.824176,0.823582,132,253,153,252,24,0,78,209,128,0,0,0,0,0,0,0
0.989011,0.936812,131,253,152,252,24,0,78,209,128,0,0,0,0,0,0,0
1.098901,1.077660,131,253,152,252,24,0,88,209,0,0,0,0,0,0,0,0
1.263736,1.244897,131,253,152,252,24,0,88,209,0,0,0,0,0,0,0,0
1.373626,1.357358,131,253,152,252,24,0,88,209,0,0,0,0,0,0,0,0
1.538462,1.524743,131,253,152,252,24,0,88,209,0,0,0,0,0,0,0,0
1.648352,1.637307,131,253,152,252,24,0,88,209,0,0,0,0,0,0,0,0
1.813187,1.804695,131,253,152,252,24,0,88,209,0,0,0,0,0,0,0,0
1.923077,1.917362,131,253,152,252,24,0,88,209,0,0,0,0,0,0,0,0
2.087912,2.084545,131,253,152,252,24,0,88,209,0,0,0,0,0,0,0,0
2.197802,2.197212,131,253,152,252,24,0,88,209,0,0,0,0,0,0,0,0
2.362637,2.364447,131,253,152,252,24,0,88,209,0,0,0,0,0,0,0,0
2.527472,2.504836,131,253,152,252,24,0,88,209,0,0,0,0,0,0,0,0
2.637363,2.617092,131,253,152,252,24,0,88,209,0,0,0,0,0,0,0,0
2.802198,2.784225,131,253,152,252,24,0,88,209,0,0,0,0,0,0,0,0
2.912088,2.896738,131,253,152,252,24,0,88,209,0,0,0,0,0,0,0,0
3.076923,3.064430,131,253,152,252,24,0,88,209,0,0,0,0,0,0,0,0
3.186813,3.176847,131,253,152,252,24,0,88,209,0,0,0,0,0,0,0,0
3.351648,3.344282,131,253,152,252,24,0,88,209,0,0,0,0,0,0,0,0
3.461539,3.456540,131,253,152,252,24,0,88,209,0,0,0,0,0,0,0,0
3.626374,3.623569,131,253,152,252,24,0,88,209,0,0,0,0,0,0,0,0
3.736264,3.732244,131,253,142,252,24,1,75,209,128,0,0,0,0,0,0,0
3.901099,3.891292,131,253,142,252,25,0,88,209,0,0,0,0,0,0,0,0
4.010989,3.995358,132,253,141,252,25,0,76,209,0,0,0,0,0,0,0,0
4.175824,4.155172,132,253,141,252,24,1,76,209,128,0,0,0,0,0,0,0
4.285714,4.285935,132,253,141,252,24,1,76,209,128,0,0,0,0,0,0,0
4.395605,4.390007,132,253,141,252,24,1,76,209,128,0,0,0,0,0,0,0
4.560440,4.551712,132,253,141,252,24,1,76,209,128,0,0,0,0,0,0,0
4.670330,4.655728,132,253,141,252,24,1,76,209,128,0,0,0,0,0,0,0
4.835165,4.818817,131,253,138,252,24,1,76,209,128,0,0,0,0,0,0,0
4.945055,4.931280,131,253,138,252,24,1,88,209,0,0,0,0,0,0,0,0
5.109890,5.099340,131,253,137,252,24,1,75,209,0,0,0,0,0,0,0,0
5.219780,5.212255,131,253,137,252,24,1,75,209,0,0,0,0,0,0,0,0
5.384615,5.379540,131,253,137,252,24,1,75,209,0,0,0,0,0,0,0,0
5.494505,5.492002,131,253,134,252,25,0,79,208,0,0,0,0,0,0,0,0
5.659341,5.659392,131,253,135,252,24,1,63,208,0,0,0,0,0,0,0,0
5.769231,5.765764,131,253,135,252,24,1,78,209,0,0,0,0,0,0,0,0
5.934066,5.924706,131,253,135,252,24,1,78,209,0,0,0,0,0,0,0,0
6.043956,6.028159,131,253,135,252,24,1,78,209,0,0,0,0,0,0,0,0
6.208791,6.186746,131,253,132,252,24,1,63,209,0,0,0,0,0,0,0,0
6.318681,6.318174,131,253,132,252,24,1,63,209,0,0,0,0,0,0,0,0
6.428571,6.422602,131,253,132,252,25,0,58,209,128,0,0,0,0,0,0,0
6.593407,6.581650,131,253,132,252,25,0,58,209,128,0,0,0,0,0,0,0
6.703297,6.686227,131,253,131,252,24,1,64,209,0,0,0,0,0,0,0,0
6.868132,6.851877,131,253,132,252,24,0,78,208,0,0,0,0,0,0,0,0
6.978022,6.964338,132,253,132,252,24,0,78,208,0,0,0,0,0,0,0,0
7.142857,7.132906,131,253,128,252,25,1,72,209,128,0,0,0,0,0,0,0
7.252747,7.245213,131,253,127,252,25,0,59,209,128,0,0,0,0,0,0,0
7.417583,7.409738,132,253,127,252,25,0,72,209,0,0,0,0,0,0,0,0
7.527472,7.513341,132,253,127,252,25,0,72,209,0,0,0,0,0,0,0,0
7.692307,7.672849,132,253,127,252,25,0,72,209,0,0,0,0,0,0,0,0
7.802198,7.803814,131,253,126,252,24,1,78,209,0,0,0,0,0,0,0,0
7.912088,7.907782,131,253,126,252,25,1,64,208,0,0,0,0,0,0,0,0
8.076923,8.066728,131,253,127,252,25,0,63,209,0,0,0,0,0,0,0,0
8.186813,8.170435,131,253,127,252,25,0,63,209,0,0,0,0,0,0,0,0
8.351648,8.329280,131,253,127,252,25,0,63,209,0,0,0,0,0,0,0,0
8.461538,8.437492,131,253,127,252,25,0,63,209,0,0,0,0,0,0,0,0
8.626373,8.604835,131,253,127,252,25,0,63,209,0,0,0,0,0,0,0,0
8.736263,8.717237,131,253,127,252,25,0,63,209,0,0,0,0,0,0,0,0
8.901099,8.885651,132,253,123,252,25,0,63,209,128,0,0,0,0,0,0,0
9.010989,8.998010,132,253,123,252,25,0,63,209,128,0,0,0,0,0,0,0
9.175824,9.166526,131,253,123,252,25,1,80,209,0,0,0,0,0,0,0,0
9.285714,9.279144,131,253,123,252,25,1,80,209,0,0,0,0,0,0,0,0
9.450549,9.446681,131,253,123,252,25,1,80,209,0,0,0,0,0,0,0,0
9.560439,9.559245,132,253,121,252,25,0,77,209,0,0,0,0,0,0,0,0
9.725275,9.699313,132,253,121,252,25,0,77,209,0,0,0,0,0,0,0,0
9.890110,9.866665,132,253,121,252,25,0,77,209,0,0,0,0,0,0,0,0
10.000000,9.978969,132,253,121,252,25,0,77,209,0,0,0,0,0,0,0,0
10.164835,10.146667,132,253,121,252,25,0,77,209,0,0,0,0,0,0,0,0
10.274725,10.258921,132,253,121,252,25,0,77,209,0,0,0,0,0,0,0,0
10.439561,10.425391,132,253,118,252,24,0,80,209,128,0,0,0,0,0,0,0
10.549451,10.528895,132,253,118,252,24,0,80,209,128,0,0,0,0,0,0,0
10.659341,10.660069,132,253,118,252,24,0,80,209,128,0,0,0,0,0,0,0
10.824176,10.818754,131,253,118,252,25,1,75,209,0,0,0,0,0,0,0,0
10.934066,10.923440,131,253,118,252,25,1,75,209,0,0,0,0,0,0,0,0
11.098901,11.082282,131,253,118,252,25,1,75,209,0,0,0,0,0,0,0,0
11.208791,11.186966,131,253,116,252,24,1,77,209,128,0,0,0,0,0,0,0
11.318682,11.318443,131,253,116,252,24,1,77,209,128,0,0,0,0,0,0,0
11.483517,11.479537,132,253,117,252,24,1,77,209,128,0,0,0,0,0,0,0
11.648352,11.592051,131,253,116,252,24,0,80,209,128,0,0,0,0,0,0,0
11.758242,11.732128,131,253,116,252,24,0,80,209,128,0,0,0,0,0,0,0
11.923077,11.899621,131,253,113,252,25,0,82,209,0,0,0,0,0,0,0,0
12.032967,12.012488,131,253,113,252,25,0,82,209,0,0,0,0,0,0,0,0
12.197803,12.176249,132,253,113,252,25,1,83,209,128,0,0,0,0,0,0,0
12.307693,12.307572,132,253,113,252,25,1,75,209,128,0,0,0,0,0,0,0
12.417583,12.411745,132,253,113,252,25,1,75,209,128,0,0,0,0,0,0,0
12.582417,12.570635,132,253,110,252,24,0,75,209,128,0,0,0,0,0,0,0
12.692307,12.674856,132,253,110,252,24,0,80,209,0,0,0,0,0,0,0,0
12.857142,12.833389,132,253,110,252,24,0,80,209,0,0,0,0,0,0,0,0
12.967033,12.964873,132,253,110,252,24,0,80,209,0,0,0,0,0,0,0,0
13.076923,13.068840,132,253,110,252,24,0,80,209,0,0,0,0,0,0,0,0
13.241758,13.231927,132,253,110,252,24,0,80,209,0,0,0,0,0,0,0,0
13.351648,13.344290,132,253,110,252,24,0,80,209,0,0,0,0,0,0,0,0
13.516483,13.512593,126,253,110,252,30,1,67,200,128,0,0,0,0,0,0,0
13.681318,13.624804,126,253,110,252,30,1,67,200,128,0,0,0,0,0,0,0
13.791209,13.765497,126,253,110,252,30,1,67,200,128,0,0,0,0,0,0,0
13.956044,13.932883,126,253,110,252,30,1,67,200,128,0,0,0,0,0,0,0
14.065934,14.045189,126,253,110,252,30,1,67,200,128,0,0,0,0,0,0,0
14.230769,14.212935,126,253,110,252,30,1,67,200,128,0,0,0,0,0,0,0
14.340659,14.326063,125,253,103,252,27,1,79,198,0,0,0,0,0,0,0,0
14.505494,14.494014,125,253,103,252,27,1,79,198,0,0,0,0,0,0,0,0
14.615385,14.606377,125,253,103,252,27,1,79,198,0,0,0,0,0,0,0,0
14.780220,14.773967,125,253,103,252,27,1,79,198,0,0,0,0,0,0,0,0
14.890110,14.886121,125,253,103,252,27,1,79,198,0,0,0,0,0,0,0,0
15.054945,15.053663,125,253,103,252,27,1,79,198,0,0,0,0,0,0,0,0
15.219780,15.193693,125,253,103,252,27,1,79,198,0,0,0,0,0,0,0,0
15.329670,15.306257,126,253,98,252,29,1,59,200,0,0,0,0,0,0,0,0
15.494506,15.473648,126,253,98,252,29,1,59,200,0,0,0,0,0,0,0,0
15.604396,15.586516,125,253,96,252,30,2,74,199,128,0,0,0,0,0,0,0
15.769231,15.754214,125,253,96,252,30,2,74,199,128,0,0,0,0,0,0,0
15.879121,15.867047,125,253,96,252,30,2,74,199,128,0,0,0,0,0,0,0
16.043957,16.034521,125,253,96,252,30,2,74,199,128,0,0,0,0,0,0,0
16.153847,16.147083,125,253,96,252,30,2,74,199,128,0,0,0,0,0,0,0
16.318682,16.314524,125,253,96,252,30,2,74,199,128,0,0,0,0,0,0,0
16.483517,16.426886,125,253,96,252,30,2,74,199,128,0,0,0,0,0,0,0
16.593407,16.567064,125,253,96,252,30,2,74,199,128,0,0,0,0,0,0,0
16.758242,16.734709,125,253,96,252,30,2,74,199,128,0,0,0,0,0,0,0
16.868132,16.847275,125,253,96,252,30,2,74,199,128,0,0,0,0,0,0,0
17.032967,17.014814,125,253,96,252,30,2,74,199,128,0,0,0,0,0,0,0
17.142857,17.127226,125,253,96,252,30,2,74,199,128,0,0,0,0,0,0,0
17.307692,17.294819,125,253,96,252,30,2,74,199,128,0,0,0,0,0,0,0
17.417582,17.407228,125,253,96,252,30,2,74,199,128,0,0,0,0,0,0,0
17.582418,17.574619,125,253,96,252,30,2,74,199,128,0,0,0,0,0,0,0
17.692308,17.686775,125,253,96,252,30,2,74,199,128,0,0,0,0,0,0,0
17.857143,17.854673,125,253,96,252,30,2,74,199,128,0,0,0,0,0,0,0
17.967033,17.960583,125,253,85,252,31,2,63,199,128,0,0,0,0,0,0,0
18.131868,18.119528,125,253,85,252,31,2,63,199,128,0,0,0,0,0,0,0
18.241758,18.223341,125,253,85,252,31,2,63,199,128,0,0,0,0,0,0,0
18.406593,18.381876,125,253,85,252,31,2,63,199,128,0,0,0,0,0,0,0
18.516483,18.513050,125,253,85,252,31,2,63,199,128,0,0,0,0,0,0,0
18.626373,18.616806,125,253,85,252,31,2,63,199,128,0,0,0,0,0,0,0
18.791208,18.776625,126,253,78,252,30,1,79,198,0,0,0,0,0,0,0,0
18.901098,18.880434,125,253,79,252,29,1,48,199,0,0,0,0,0,0,0,0
19.065933,19.045622,125,253,79,252,29,1,48,199,0,0,0,0,0,0,0,0
19.175825,19.158287,125,253,79,252,29,1,48,199,0,0,0,0,0,0,0,0
19.340660,19.326036,125,253,79,252,29,1,48,199,0,0,0,0,0,0,0,0
19.450550,19.438549,125,253,79,252,29,1,48,199,0,0,0,0,0,0,0,0
19.615385,19.606041,125,253,79,252,29,1,48,199,0,0,0,0,0,0,0,0
19.725275,19.718193,125,253,79,252,29,1,48,199,0,0,0,0,0,0,0,0
19.890110,19.886147,125,253,79,252,29,1,48,199,0,0,0,0,0,0,0,0
20.054945,20.026535,125,253,79,252,29,1,48,199,0,0,0,0,0,0,0,0
20.164835,20.138996,125,253,79,252,29,1,48,199,0,0,0,0,0,0,0,0
20.329670,20.306534,125,253,79,252,29,1,48,199,0,0,0,0,0,0,0,0
20.439560,20.418894,125,253,79,252,29,1,48,199,0,0,0,0,0,0,0,0
20.604395,20.586637,125,253,79,252,29,1,48,199,0,0,0,0,0,0,0,0
20.714285,20.699156,124,253,75,252,29,1,48,199,0,0,0,0,0,0,0,0
20.879122,20.867363,127,253,74,252,29,249,63,203,128,0,0,0,0,0,0,0
20.989012,20.980282,127,253,74,252,29,249,63,203,128,0,0,0,0,0,0,0
21.153847,21.148542,124,253,73,252,29,249,77,198,0,0,0,0,0,0,0,0
21.318682,21.260851,128,253,74,252,30,250,64,201,0,0,0,0,0,0,0,0
21.428572,21.401646,128,253,73,252,28,250,79,204,128,0,0,0,0,0,0,0
21.593407,21.568830,122,253,73,252,28,250,79,204,128,0,0,0,0,0,0,0
21.703297,21.682467,123,253,71,252,30,249,70,193,0,0,0,0,0,0,0,0
21.868132,21.849649,123,253,71,252,30,249,70,193,0,0,0,0,0,0,0,0
21.978022,21.962524,123,253,71,252,30,249,70,193,0,0,0,0,0,0,0,0
22.142857,22.129862,123,253,71,252,29,249,70,193,0,0,0,0,0,0,0,0
22.252747,22.237000,125,253,68,252,30,250,77,194,0,0,0,0,0,0,0,0
22.417582,22.395584,126,253,69,252,29,250,75,202,0,0,0,0,0,0,0,0
22.527473,22.500732,124,253,68,252,29,249,71,198,128,0,0,0,0,0,0,0
22.637363,22.631849,123,253,70,252,29,249,83,193,128,0,0,0,0,0,0,0
22.802198,22.790438,123,253,70,252,29,249,83,193,128,0,0,0,0,0,0,0
22.912088,22.893839,123,253,70,252,29,249,83,193,128,0,0,0,0,0,0,0
23.076923,23.053141,123,253,70,252,29,249,83,193,128,0,0,0,0,0,0,0
23.186813,23.157154,123,253,70,252,29,249,83,193,128,0,0,0,0,0,0,0
23.351648,23.322756,123,253,70,252,29,249,83,193,128,0,0,0,0,0,0,0
23.461538,23.435982,128,253,68,252,28,249,71,203,0,0,0,0,0,0,0,0
23.626373,23.603884,124,253,67,252,30,250,82,196,0,0,0,0,0,0,0,0
23.736263,23.708258,124,253,67,252,30,250,82,196,0,0,0,0,0,0,0,0
23.846153,23.839073,124,253,67,252,30,250,82,196,0,0,0,0,0,0,0,0
24.010988,23.997557,122,253,67,252,29,249,79,193,0,0,0,0,0,0,0,0
24.120878,24.101727,122,253,67,252,29,249,79,193,0,0,0,0,0,0,0,0
24.285715,24.260260,123,253,66,252,29,249,79,193,0,0,0,0,0,0,0,0
24.395605,24.365046,123,253,66,252,29,249,70,197,128,0,0,0,0,0,0,0
24.505495,24.495964,123,253,66,252,29,249,70,197,128,0,0,0,0,0,0,0
24.670330,24.656700,123,253,66,252,29,249,70,197,128,0,0,0,0,0,0,0
24.780220,24.767010,123,253,66,252,29,249,70,197,128,0,0,0,0,0,0,0
24.945055,24.935680,126,254,64,252,29,2,64,200,128,0,0,0,0,0,0,0
25.054945,25.047733,123,253,65,252,30,2,79,196,128,0,0,0,0,0,0,0
25.219780,25.188885,122,253,64,252,30,1,68,197,0,0,0,0,0,0,0,0
25.384615,25.356276,122,253,64,252,30,1,68,197,0,0,0,0,0,0,0,0
25.494505,25.469606,124,253,64,252,30,1,80,194,128,0,0,0,0,0,0,0
25.659340,25.636993,124,253,64,252,30,1,80,194,128,0,0,0,0,0,0,0
25.769230,25.750479,129,253,64,252,29,1,84,203,0,0,0,0,0,0,0,0
25.934067,25.918074,129,253,64,252,29,1,84,203,0,0,0,0,0,0,0,0
26.043957,26.030586,129,253,64,252,29,1,84,203,0,0,0,0,0,0,0,0
26.208792,26.198589,129,253,64,252,29,1,84,203,0,0,0,0,0,0,0,0
26.318682,26.310688,129,253,64,252,29,1,84,203,0,0,0,0,0,0,0,0
26.483517,26.478388,129,253,64,252,29,1,84,203,0,0,0,0,0,0,0,0
26.593407,26.588135,122,253,62,252,29,249,82,193,128,0,0,0,0,0,0,0
26.758242,26.747133,122,253,62,252,29,249,82,193,128,0,0,0,0,0,0,0
26.868132,26.850842,122,253,62,252,29,249,82,193,128,0,0,0,0,0,0,0
27.032967,27.011110,129,253,62,252,29,1,77,201,0,0,0,0,0,0,0,0
27.142857,27.115284,129,253,62,252,29,1,77,201,0,0,0,0,0,0,0,0
27.252747,27.246613,129,253,62,252,29,1,77,201,0,0,0,0,0,0,0,0
27.417582,27.405252,120,253,60,252,30,1,76,187,0,0,0,0,0,0,0,0
27.527473,27.508970,120,253,60,252,30,1,76,187,0,0,0,0,0,0,0,0
27.692308,27.671995,120,253,60,252,30,1,76,187,0,0,0,0,0,0,0,0
27.802198,27.784508,120,253,60,252,30,1,76,187,0,0,0,0,0,0,0,0
27.967033,27.951897,120,253,60,252,30,1,76,187,0,0,0,0,0,0,0,0
28.076923,28.064207,120,253,60,252,30,1,76,187,0,0,0,0,0,0,0,0
28.241758,28.231596,120,253,60,252,30,1,76,187,0,0,0,0,0,0,0,0
28.351648,28.344004,120,253,60,252,30,1,76,187,0,0,0,0,0,0,0,0
28.516483,28.484198,120,253,60,252,30,1,76,187,0,0,0,0,0,0,0,0
28.681318,28.652086,120,253,60,252,30,1,76,187,0,0,0,0,0,0,0,0
28.791208,28.764341,120,253,60,252,30,1,76,187,0,0,0,0,0,0,0,0
28.956043,28.932039,125,253,56,252,30,249,59,194,128,0,0,0,0,0,0,0
29.065933,29.046291,125,253,56,252,30,249,59,194,128,0,0,0,0,0,0,0
29.230770,29.214346,122,253,53,252,30,249,59,194,128,0,0,0,0,0,0,0
29.340660,29.327272,122,253,53,252,30,249,64,195,0,0,0,0,0,0,0,0
29.505495,29.495478,121,253,53,252,29,250,63,194,128,0,0,0,0,0,0,0
29.670330,29.607782,125,253,54,252,29,250,64,193,128,0,0,0,0,0,0,0
29.780220,29.748631,125,253,53,252,29,249,68,196,0,0,0,0,0,0,0,0
29.945055,29.916071,125,253,53,252,29,249,68,196,0,0,0,0,0,0,0,0
30.054945,30.028633,125,253,53,252,29,249,68,196,0,0,0,0,0,0,0,0
30.219780,30.195818,125,253,53,252,29,249,68,196,0,0,0,0,0,0,0,0
30.329670,30.308636,125,253,53,252,29,249,68,196,0,0,0,0,0,0,0,0
30.494505,30.476080,125,253,53,252,29,249,68,196,0,0,0,0,0,0,0,0
30.604395,30.588541,125,253,53,252,29,249,68,196,0,0,0,0,0,0,0,0
30.769230,30.755928,126,253,52,252,29,249,71,198,128,0,0,0,0,0,0,0
30.879122,30.860561,126,253,52,252,29,249,71,198,128,0,0,0,0,0,0,0
31.043957,31.019606,124,253,50,252,28,249,79,195,0,0,0,0,0,0,0,0
31.153847,31.123775,124,253,50,252,29,249,72,195,0,0,0,0,0,0,0,0
31.263737,31.254795,122,253,50,252,29,249,72,195,0,0,0,0,0,0,0,0
31.428572,31.414404,122,253,50,252,29,249,76,193,128,0,0,0,0,0,0,0
31.538462,31.518425,122,253,50,252,29,249,76,193,128,0,0,0,0,0,0,0
31.703297,31.677366,123,253,51,252,30,249,77,195,0,0,0,0,0,0,0,0
31.813187,31.784859,123,253,51,252,29,249,78,196,128,0,0,0,0,0,0,0
31.978022,31.949947,124,253,50,252,29,250,74,193,128,0,0,0,0,0,0,0
32.087914,32.062870,124,253,50,252,29,250,74,193,128,0,0,0,0,0,0,0
32.252747,32.230103,124,253,50,252,29,250,74,193,128,0,0,0,0,0,0,0
32.362637,32.343182,124,253,50,252,29,250,74,193,128,0,0,0,0,0,0,0
32.527473,32.510513,124,253,50,252,29,250,74,193,128,0,0,0,0,0,0,0
32.637363,32.623184,124,253,50,252,29,250,74,193,128,0,0,0,0,0,0,0
32.802197,32.791138,124,253,50,252,29,250,74,193,128,0,0,0,0,0,0,0
32.967033,32.903645,124,253,50,252,29,250,74,193,128,0,0,0,0,0,0,0
33.076923,33.044033,121,253,47,252,29,250,74,193,128,0,0,0,0,0,0,0
33.241756,33.211369,121,253,47,252,29,250,74,193,128,0,0,0,0,0,0,0
33.351650,33.323830,121,253,47,252,29,250,74,193,128,0,0,0,0,0,0,0
33.516483,33.490860,121,253,47,252,29,250,74,193,128,0,0,0,0,0,0,0
33.626373,33.603680,121,253,47,252,29,250,74,193,128,0,0,0,0,0,0,0
33.791210,33.771992,121,253,47,252,29,250,74,193,128,0,0,0,0,0,0,0
33.901100,33.884403,121,253,47,252,29,250,74,193,128,0,0,0,0,0,0,0
34.065933,34.051895,121,253,47,252,29,250,74,193,128,0,0,0,0,0,0,0
34.175823,34.164406,121,253,47,252,29,250,74,193,128,0,0,0,0,0,0,0
34.340660,34.331947,121,253,47,252,29,250,74,193,128,0,0,0,0,0,0,0
34.505493,34.472336,121,253,47,252,29,250,74,193,128,0,0,0,0,0,0,0
34.615383,34.584644,121,253,47,252,29,250,74,193,128,0,0,0,0,0,0,0
34.780220,34.752029,121,253,47,252,29,250,74,193,128,0,0,0,0,0,0,0
34.890110,34.864597,121,253,47,252,29,250,74,193,128,0,0,0,0,0,0,0
35.054947,35.032341,130,253,43,252,28,249,83,205,0,0,0,0,0,0,0,0
35.164837,35.145775,130,253,43,252,28,249,83,205,0,0,0,0,0,0,0,0
35.329670,35.309891,122,253,42,252,29,250,65,195,128,0,0,0,0,0,0,0
35.439560,35.413754,122,253,42,252,29,250,65,195,128,0,0,0,0,0,0,0
35.604397,35.573311,122,253,41,252,28,249,79,194,0,0,0,0,0,0,0,0
35.714287,35.704586,124,253,41,252,30,250,72,196,0,0,0,0,0,0,0,0
35.824177,35.809063,128,254,42,252,28,249,66,204,128,0,0,0,0,0,0,0
35.989010,35.967728,128,254,42,252,28,249,66,204,128,0,0,0,0,0,0,0
36.098900,36.071976,128,254,42,252,28,249,66,204,128,0,0,0,0,0,0,0
36.263737,36.230610,128,254,42,252,28,249,66,204,128,0,0,0,0,0,0,0
36.373627,36.338875,128,254,42,252,28,249,66,204,128,0,0,0,0,0,0,0
36.538460,36.506367,128,254,42,252,28,249,66,204,128,0,0,0,0,0,0,0
36.648350,36.618782,128,254,42,252,28,249,66,204,128,0,0,0,0,0,0,0
36.813187,36.786011,128,254,42,252,28,249,66,204,128,0,0,0,0,0,0,0
36.923077,36.899036,128,254,42,252,28,249,66,204,128,0,0,0,0,0,0,0
37.087914,37.066734,128,254,42,252,28,249,66,204,128,0,0,0,0,0,0,0
37.197803,37.179554,128,254,42,252,28,249,66,204,128,0,0,0,0,0,0,0
37.362637,37.346737,128,254,42,252,28,249,66,204,128,0,0,0,0,0,0,0
37.472527,37.459091,128,254,42,252,28,249,66,204,128,0,0,0,0,0,0,0
37.637363,37.626686,125,253,35,252,29,249,83,192,128,0,0,0,0,0,0,0
37.802197,37.766766,126,253,37,252,30,249,80,195,128,0,0,0,0,0,0,0
37.912086,37.879124,127,253,36,252,28,249,80,195,128,0,0,0,0,0,0,0
38.076923,38.046925,127,253,36,252,28,250,77,206,0,0,0,0,0,0,0,0
38.186813,38.159740,127,253,36,252,28,250,77,206,0,0,0,0,0,0,0,0
38.351650,38.327179,127,253,36,252,28,250,77,206,0,0,0,0,0,0,0,0
38.461540,38.440155,123,253,33,252,28,250,77,206,0,0,0,0,0,0,0,0
38.626373,38.607647,123,253,33,252,29,249,67,196,0,0,0,0,0,0,0,0
38.736263,38.720161,123,253,33,252,29,249,67,196,0,0,0,0,0,0,0,0
38.901100,38.886120,125,253,33,252,29,250,72,194,128,0,0,0,0,0,0,0
39.010990,38.989876,127,253,30,240,29,250,78,202,0,0,0,0,0,0,0,0
39.175823,39.148308,124,252,31,250,28,249,79,200,0,0,0,0,0,0,0,0
39.285713,39.251919,124,252,31,250,28,249,79,200,0,0,0,0,0,0,0,0
39.395603,39.383190,124,252,31,252,28,249,70,200,128,0,0,0,0,0,0,0
39.560440,39.541161,124,247,31,252,28,249,70,200,128,0,0,0,0,0,0,0
39.670330,39.644310,124,247,31,252,28,249,70,200,128,0,0,0,0,0,0,0
39.835163,39.802795,124,247,31,252,28,249,70,200,128,0,0,0,0,0,0,0
39.945053,39.908504,124,247,31,252,28,249,70,200,128,0,0,0,0,0,0,0
40.109890,40.075531,124,247,31,252,28,249,70,200,128,0,0,0,0,0,0,0
40.219780,40.187584,123,228,27,225,29,250,64,200,128,0,0,0,0,0,0,0
40.384617,40.354866,123,228,27,225,29,250,64,193,0,0,0,0,0,0,0,0
40.494507,40.467533,123,223,26,213,29,249,61,195,128,0,0,0,0,0,0,0
40.659340,40.634411,123,223,26,213,29,249,61,195,128,0,0,0,0,0,0,0
40.769230,40.746315,121,211,24,199,29,249,61,195,128,0,0,0,0,0,0,0
40.934067,40.907043,121,211,24,199,29,249,60,196,0,0,0,0,0,0,0,0
41.043957,41.010296,121,211,24,199,29,249,60,196,0,0,0,0,0,0,0,0
41.153847,41.141724,124,202,25,196,28,249,60,196,128,0,0,0,0,0,0,0
41.318680,41.299488,124,202,25,196,28,249,60,196,128,0,0,0,0,0,0,0
41.428570,41.402534,124,202,25,196,28,249,60,196,128,0,0,0,0,0,0,0
41.593407,41.560818,124,202,25,196,28,249,60,196,128,0,0,0,0,0,0,0
41.703297,41.691162,124,202,25,196,28,249,60,196,128,0,0,0,0,0,0,0
41.813187,41.794415,124,202,25,196,28,249,60,196,128,0,0,0,0,0,0,0
41.978024,41.958836,124,202,25,196,28,249,60,196,128,0,0,0,0,0,0,0
42.087914,42.070786,124,202,25,196,28,249,60,196,128,0,0,0,0,0,0,0
42.252747,42.237457,124,202,25,196,28,249,60,196,128,0,0,0,0,0,0,0
42.362637,42.349663,125,199,24,188,30,249,87,196,0,0,0,0,0,0,0,0
42.527473,42.490192,125,199,24,188,30,249,87,196,0,0,0,0,0,0,0,0
42.692307,42.657284,125,199,24,188,30,249,87,196,0,0,0,0,0,0,0,0
42.802197,42.769287,125,199,24,188,30,249,87,196,0,0,0,0,0,0,0,0
42.967033,42.936115,125,199,24,188,30,249,87,196,0,0,0,0,0,0,0,0
43.076923,43.048061,125,199,24,188,30,249,87,196,0,0,0,0,0,0,0,0
43.241756,43.215141,125,199,24,188,30,249,87,196,0,0,0,0,0,0,0,0
43.351650,43.327145,125,199,24,188,30,249,87,196,0,0,0,0,0,0,0,0
43.516483,43.494274,125,199,24,188,30,249,87,196,0,0,0,0,0,0,0,0
43.626373,43.606071,125,199,24,188,30,249,87,196,0,0,0,0,0,0,0,0
43.791210,43.772793,125,199,24,188,30,249,87,196,0,0,0,0,0,0,0,0
43.901100,43.885052,125,199,24,188,30,249,87,196,0,0,0,0,0,0,0,0
44.065933,44.051876,125,199,24,188,30,249,87,196,0,0,0,0,0,0,0,0
44.230770,44.164082,125,199,24,188,30,249,87,196,0,0,0,0,0,0,0,0
44.340660,44.303650,125,199,24,188,30,249,87,196,0,0,0,0,0,0,0,0
44.505493,44.470478,125,199,24,188,30,249,87,196,0,0,0,0,0,0,0,0
44.615383,44.582321,125,199,24,188,30,249,87,196,0,0,0,0,0,0,0,0
44.780220,44.749249,125,199,24,188,30,249,87,196,0,0,0,0,0,0,0,0
44.890110,44.861252,125,199,24,188,30,249,87,196,0,0,0,0,0,0,0,0
45.054947,45.028130,125,199,24,188,30,249,87,196,0,0,0,0,0,0,0,0
45.164837,45.140438,125,199,24,188,30,249,87,196,0,0,0,0,0,0,0,0
45.329670,45.307312,122,168,22,170,77,248,76,193,0,0,0,0,0,0,0,0
45.439560,45.419415,122,168,22,170,77,248,76,193,0,0,0,0,0,0,0,0
45.604397,45.585934,122,168,22,170,77,248,76,193,0,0,0,0,0,0,0,0
45.714287,45.697887,122,168,22,170,77,248,76,193,0,0,0,0,0,0,0,0
45.879120,45.864662,122,168,22,170,77,248,76,193,0,0,0,0,0,0,0,0
46.043957,45.976814,122,168,22,170,77,248,76,193,0,0,0,0,0,0,0,0
46.153847,46.116638,122,168,22,170,77,248,76,193,0,0,0,0,0,0,0,0
46.318680,46.283566,122,168,22,170,77,248,76,193,0,0,0,0,0,0,0,0
46.428570,46.395462,122,168,22,170,77,248,76,193,0,0,0,0,0,0,0,0
46.593407,46.562340,122,168,22,170,77,248,76,193,0,0,0,0,0,0,0,0
46.703297,46.674347,122,168,22,170,77,248,76,193,0,0,0,0,0,0,0,0
46.868134,46.841217,126,253,23,178,34,249,65,199,128,0,0,0,0,0,0,0
46.978024,46.954090,126,253,23,178,34,249,65,199,128,0,0,0,0,0,0,0
47.142857,47.121727,128,233,23,184,34,249,77,203,0,0,0,0,0,0,0,0
47.252747,47.233479,128,233,23,184,34,249,77,203,0,0,0,0,0,0,0,0
47.417583,47.400097,128,233,23,184,34,249,77,203,0,0,0,0,0,0,0,0
47.527473,47.512405,128,233,23,184,34,249,77,203,0,0,0,0,0,0,0,0
47.692307,47.678974,128,233,23,184,34,249,77,203,0,0,0,0,0,0,0,0
47.857143,47.819023,128,233,23,184,34,249,77,203,0,0,0,0,0,0,0,0
47.967033,47.930954,122,132,13,99,226,250,22,194,0,0,0,0,0,0,0,0
48.131866,48.098293,122,132,13,99,226,250,22,194,128,0,0,0,0,0,0,0
48.241756,48.209732,124,119,13,99,226,250,22,194,128,0,0,0,0,0,0,0
48.406593,48.376606,124,119,14,109,229,249,1,197,0,0,0,0,0,0,0,0
48.516483,48.488148,124,119,14,109,229,249,1,197,0,0,0,0,0,0,0,0
48.681320,48.654461,124,119,14,109,229,249,1,197,0,0,0,0,0,0,0,0
48.791210,48.765999,124,119,14,109,229,249,1,197,0,0,0,0,0,0,0,0
48.956043,48.930073,125,122,17,129,183,250,44,205,0,0,0,0,0,0,0,0
49.065933,49.033264,125,122,17,129,183,250,44,205,0,0,0,0,0,0,0,0
49.230770,49.190933,121,115,16,117,92,250,44,205,0,0,0,0,0,0,0,0
49.340660,49.320511,121,115,16,117,92,250,44,205,0,0,0,0,0,0,0,0
49.450550,49.423248,121,115,16,117,92,250,44,205,0,0,0,0,0,0,0,0
49.615383,49.581169,121,115,16,117,92,250,44,205,0,0,0,0,0,0,0,0
49.725273,49.711777,128,146,21,172,63,249,118,196,128,0,0,0,0,0,0,0
49.835163,49.814465,128,146,21,172,63,249,118,196,128,0,0,0,0,0,0,0
50.000000,49.974178,128,146,21,172,63,249,118,196,128,0,0,0,0,0,0,0
50.109890,50.086384,129,166,20,155,54,249,114,206,0,0,0,0,0,0,0,0
50.274727,50.252899,127,150,16,123,55,249,114,206,0,0,0,0,0,0,0,0
50.384617,50.364853,130,147,16,124,53,250,97,201,128,0,0,0,0,0,0,0
50.549450,50.530907,130,147,16,124,53,250,97,201,128,0,0,0,0,0,0,0
50.659340,50.642502,130,147,16,124,53,250,97,201,128,0,0,0,0,0,0,0
50.824177,50.808762,125,127,14,108,53,250,97,201,128,0,0,0,0,0,0,0
50.989010,50.920101,125,127,14,108,147,249,55,193,128,0,0,0,0,0,0,0
51.098900,51.059715,122,122,15,109,228,250,40,203,0,0,0,0,0,0,0,0
51.208790,51.191811,122,122,15,109,228,250,40,203,0,0,0,0,0,0,0,0
51.373627,51.349834,122,122,15,109,228,250,40,203,0,0,0,0,0,0,0,0
51.483517,51.452316,122,122,15,109,228,250,40,203,0,0,0,0,0,0,0,0
51.648350,51.609829,122,122,15,109,228,250,40,203,0,0,0,0,0,0,0,0
51.758244,51.740131,122,122,15,109,228,250,40,203,0,0,0,0,0,0,0,0
51.868134,51.842663,122,122,15,109,228,250,40,203,0,0,0,0,0,0,0,0
52.032967,52.000427,122,122,15,109,228,250,40,203,0,0,0,0,0,0,0,0
52.142857,52.103268,122,122,15,109,228,250,40,203,0,0,0,0,0,0,0,0
52.307693,52.267693,122,122,15,109,228,250,40,203,0,0,0,0,0,0,0,0
52.417583,52.379074,122,122,15,109,228,250,40,203,0,0,0,0,0,0,0,0
52.582417,52.545288,122,122,15,109,228,250,40,203,0,0,0,0,0,0,0,0
52.692307,52.657696,128,155,17,134,24,250,104,198,128,0,0,0,0,0,0,0
52.857143,52.825344,120,149,19,148,28,250,100,192,0,0,0,0,0,0,0,0
52.967033,52.936371,127,148,17,139,59,250,97,205,0,0,0,0,0,0,0,0
53.131866,53.103760,122,146,18,147,96,249,101,192,128,0,0,0,0,0,0,0
53.241756,53.215969,119,159,23,184,162,249,76,199,128,0,0,0,0,0,0,0
53.406593,53.382942,119,159,23,184,162,249,76,199,128,0,0,0,0,0,0,0
53.516483,53.494640,119,159,23,184,162,249,76,199,128,0,0,0,0,0,0,0
53.681320,53.661514,119,159,23,184,162,249,76,199,128,0,0,0,0,0,0,0
53.791210,53.773464,119,159,23,184,162,249,76,199,128,0,0,0,0,0,0,0
53.956043,53.940750,119,159,23,184,162,249,76,199,128,0,0,0,0,0,0,0
54.120880,54.080322,119,159,23,184,162,249,76,199,128,0,0,0,0,0,0,0
54.230770,54.192219,119,159,23,184,162,249,76,199,128,0,0,0,0,0,0,0
54.395603,54.359097,119,159,23,184,162,249,76,199,128,0,0,0,0,0,0,0
54.505493,54.470840,119,159,23,184,162,249,76,199,128,0,0,0,0,0,0,0
54.670330,54.638023,130,109,12,101,227,249,76,199,128,0,0,0,0,0,0,0
54.780220,54.750122,130,109,12,101,227,249,44,203,0,0,0,0,0,0,0,0
54.945053,54.913166,124,107,13,97,229,250,5,194,128,0,0,0,0,0,0,0
55.054947,55.015846,124,107,13,97,229,250,5,194,128,0,0,0,0,0,0,0
55.164837,55.146049,124,107,13,97,229,250,5,194,128,0,0,0,0,0,0,0
55.329670,55.303867,124,107,13,97,229,250,5,194,128,0,0,0,0,0,0,0
55.439560,55.406399,124,107,13,97,229,250,5,194,128,0,0,0,0,0,0,0
55.604397,55.563911,124,107,13,97,229,250,5,194,128,0,0,0,0,0,0,0
55.714287,55.694523,124,107,13,97,229,250,5,194,128,0,0,0,0,0,0,0
55.824177,55.797821,122,117,18,148,169,249,58,198,0,0,0,0,0,0,0,0
55.989010,55.960453,126,125,20,156,115,249,99,205,128,0,0,0,0,0,0,0
56.098900,56.071842,129,151,26,203,70,249,106,202,128,0,0,0,0,0,0,0
56.263737,56.238251,129,151,26,203,70,249,106,202,128,0,0,0,0,0,0,0
56.373627,56.349438,129,151,26,203,70,249,106,202,128,0,0,0,0,0,0,0
56.538460,56.515953,129,151,26,203,70,249,106,202,128,0,0,0,0,0,0,0
56.648350,56.627033,129,151,26,203,70,249,106,202,128,0,0,0,0,0,0,0
56.813187,56.793808,129,151,26,203,70,249,106,202,128,0,0,0,0,0,0,0
56.978024,56.906273,119,183,23,187,25,249,106,189,0,0,0,0,0,0,0,0
57.087914,57.046143,119,183,23,187,25,249,106,189,0,0,0,0,0,0,0,0
57.252747,57.212769,119,183,23,187,25,249,106,189,0,0,0,0,0,0,0,0
57.362637,57.324970,119,183,23,187,25,249,106,189,0,0,0,0,0,0,0,0
57.527473,57.491543,122,225,31,248,24,250,95,197,0,0,0,0,0,0,0,0
57.637363,57.603390,123,230,27,248,24,250,95,197,0,0,0,0,0,0,0,0
57.802197,57.771286,123,230,27,210,26,250,86,194,128,0,0,0,0,0,0,0
57.912086,57.883106,123,230,27,210,26,250,86,194,128,0,0,0,0,0,0,0
58.076923,58.049911,123,230,27,210,26,250,86,194,128,0,0,0,0,0,0,0
58.186813,58.162830,125,253,74,251,24,249,87,196,0,0,0,0,0,0,0,0
58.351650,58.330425,125,253,74,251,24,249,87,196,0,0,0,0,0,0,0,0
58.461540,58.442833,125,253,74,251,24,249,87,196,0,0,0,0,0,0,0,0
58.626373,58.583248,125,253,74,251,24,249,87,196,0,0,0,0,0,0,0,0
58.791210,58.750919,125,253,74,251,24,249,87,196,0,0,0,0,0,0,0,0
58.901100,58.863129,125,253,74,251,24,249,87,196,0,0,0,0,0,0,0,0
59.065933,59.030968,125,253,74,251,24,249,87,196,0,0,0,0,0,0,0,0
59.175823,59.143234,125,253,74,251,24,249,87,196,0,0,0,0,0,0,0,0
59.340660,59.311035,125,253,74,251,24,249,87,196,0,0,0,0,0,0,0,0
59.450550,59.423489,125,253,74,251,24,249,87,196,0,0,0,0,0,0,0,0
59.615383,59.590927,125,253,74,251,24,249,87,196,0,0,0,0,0,0,0,0
59.725273,59.703289,125,253,74,251,24,249,87,196,0,0,0,0,0,0,0,0
59.890110,59.871292,125,253,74,251,24,249,87,196,0,0,0,0,0,0,0,0
60.000000,59.980530,123,253,54,252,25,249,68,193,128,0,0,0,0,0,0,0
60.164837,60.139626,123,253,54,252,25,249,68,193,128,0,0,0,0,0,0,0
60.274727,60.243233,123,253,54,252,25,249,68,193,128,0,0,0,0,0,0,0
60.439560,60.401970,123,253,54,252,25,249,68,193,128,0,0,0,0,0,0,0
60.549450,60.505379,123,253,54,252,25,249,68,193,128,0,0,0,0,0,0,0
60.659340,60.637264,123,253,54,252,25,249,68,193,128,0,0,0,0,0,0,0
60.824177,60.796413,128,253,54,252,25,249,68,193,128,0,0,0,0,0,0,0
60.934067,60.903244,128,253,33,252,191,250,30,194,1,0,0,0,0,0,0,0
61.098900,61.066486,128,253,33,252,191,250,30,194,1,0,0,0,0,0,0,0
61.208790,61.179207,128,253,33,252,191,250,30,194,1,0,0,0,0,0,0,0
61.373627,61.346592,120,253,45,252,192,250,32,187,129,0,0,0,0,0,0,0
61.483517,61.459774,120,253,45,252,192,250,32,187,129,0,0,0,0,0,0,0
61.648350,61.627365,120,253,45,252,192,250,32,187,129,0,0,0,0,0,0,0
61.813187,61.739876,120,253,45,252,192,250,32,187,129,0,0,0,0,0,0,0
61.923077,61.880112,120,253,45,252,192,250,32,187,129,0,0,0,0,0,0,0
62.087914,62.047649,120,253,45,252,192,250,32,187,129,0,0,0,0,0,0,0
62.197803,62.160473,128,253,36,252,189,249,55,196,1,0,0,0,0,0,0,0
62.362637,62.328476,128,253,36,252,189,249,55,196,1,0,0,0,0,0,0,0
62.472527,62.440937,128,253,36,252,189,249,55,196,1,0,0,0,0,0,0,0
62.637363,62.608631,128,253,36,252,189,249,55,196,1,0,0,0,0,0,0,0
62.747253,62.721348,124,253,53,252,190,249,69,199,1,0,0,0,0,0,0,0
62.912086,62.889404,124,253,64,252,189,249,61,198,1,0,0,0,0,0,0,0
63.021976,63.001762,124,253,64,252,189,249,61,198,1,0,0,0,0,0,0,0
63.186813,63.142056,124,253,41,252,191,249,65,195,1,0,0,0,0,0,0,0
63.351650,63.309383,124,253,41,252,191,249,65,195,1,0,0,0,0,0,0,0
63.461540,63.421898,124,253,41,252,191,249,65,195,1,0,0,0,0,0,0,0
63.626373,63.589436,127,253,54,252,191,249,65,195,1,0,0,0,0,0,0,0
63.736263,63.696117,119,253,50,252,192,250,87,190,1,0,0,0,0,0,0,0
63.846153,63.827953,125,254,49,252,190,250,82,191,1,0,0,0,0,0,0,0
64.010986,63.987820,130,253,45,252,189,249,63,193,1,0,0,0,0,0,0,0
64.120880,64.091888,130,253,45,252,189,249,80,205,129,0,0,0,0,0,0,0
64.285713,64.250832,128,253,48,252,189,249,78,202,129,0,0,0,0,0,0,0
64.395607,64.355362,128,253,48,252,189,249,78,198,1,0,0,0,0,0,0,0
64.560440,64.515190,128,253,48,252,189,249,78,198,1,0,0,0,0,0,0,0
64.670326,64.647324,126,253,47,252,190,250,94,204,129,0,0,0,0,0,0,0
64.835167,64.759933,126,253,47,252,190,250,94,204,129,0,0,0,0,0,0,0
64.945053,64.900475,126,253,47,252,190,250,94,204,129,0,0,0,0,0,0,0
65.109894,65.068222,126,253,47,252,190,250,94,204,129,0,0,0,0,0,0,0
65.219780,65.180634,126,253,47,252,190,250,94,204,129,0,0,0,0,0,0,0
65.384613,65.348221,126,253,47,252,190,250,94,204,129,0,0,0,0,0,0,0
65.494507,65.460640,126,253,47,252,190,250,94,204,129,0,0,0,0,0,0,0
65.659340,65.628326,126,253,47,252,190,250,94,204,129,0,0,0,0,0,0,0
65.769234,65.740692,126,253,47,252,190,250,94,204,129,0,0,0,0,0,0,0
65.934067,65.908081,126,253,47,252,190,250,94,204,129,0,0,0,0,0,0,0
66.043953,66.020180,126,253,47,252,190,250,94,204,129,0,0,0,0,0,0,0
66.208794,66.187981,124,253,47,252,190,250,94,204,129,0,0,0,0,0,0,0
66.318680,66.293938,124,253,30,236,191,250,79,195,1,0,0,0,0,0,0,0
66.483513,66.452370,124,253,30,236,191,250,79,195,1,0,0,0,0,0,0,0
66.593407,66.555725,124,253,30,236,191,250,79,195,1,0,0,0,0,0,0,0
66.758240,66.714462,124,253,30,236,191,250,79,195,1,0,0,0,0,0,0,0
66.868134,66.845024,124,253,30,236,191,250,79,195,1,0,0,0,0,0,0,0
66.978020,66.948326,132,250,31,236,191,250,79,195,1,0,0,0,0,0,0,0
67.142860,67.107269,129,248,30,250,190,249,78,206,129,0,0,0,0,0,0,0
67.252747,67.211182,129,248,30,243,189,248,79,208,1,0,0,0,0,0,0,0
67.417580,67.375809,129,248,30,243,189,248,79,208,1,0,0,0,0,0,0,0
67.527473,67.488426,130,248,31,250,190,249,47,208,129,0,0,0,0,0,0,0
67.692307,67.655403,130,248,31,250,190,249,47,208,129,0,0,0,0,0,0,0
67.802200,67.767296,130,248,31,250,190,249,47,208,129,0,0,0,0,0,0,0
67.967033,67.934433,130,248,31,250,190,249,47,208,129,0,0,0,0,0,0,0
68.076920,68.046432,130,248,31,250,190,249,47,208,129,0,0,0,0,0,0,0
68.241760,68.213875,124,253,32,252,189,248,31,201,129,0,0,0,0,0,0,0
68.351646,68.325974,124,253,32,252,189,248,31,201,129,0,0,0,0,0,0,0
68.516487,68.493774,128,253,32,252,189,248,31,201,129,0,0,0,0,0,0,0
68.681320,68.634750,128,253,35,252,190,249,60,207,1,0,0,0,0,0,0,0
68.791206,68.747337,128,253,35,252,190,249,60,207,1,0,0,0,0,0,0,0
68.956047,68.913910,132,253,37,252,190,248,64,208,1,0,0,0,0,0,0,0
69.065933,69.045181,128,254,37,252,191,249,68,198,1,0,0,0,0,0,0,0
69.175827,69.148582,128,253,37,252,191,248,61,202,1,0,0,0,0,0,0,0
69.340660,69.307785,128,253,40,252,190,248,56,206,129,0,0,0,0,0,0,0
69.450546,69.411499,127,253,39,252,191,249,64,200,129,0,0,0,0,0,0,0
69.615387,69.570648,127,253,39,252,191,249,64,200,129,0,0,0,0,0,0,0
69.725273,69.702789,126,253,40,252,190,248,64,206,1,0,0,0,0,0,0,0
69.835167,69.807266,128,253,41,252,189,249,63,206,129,0,0,0,0,0,0,0
70.000000,69.968262,128,253,41,252,189,249,63,206,129,0,0,0,0,0,0,0
70.109894,70.072998,128,253,43,252,191,248,75,205,1,0,0,0,0,0,0,0
70.274727,70.231735,128,253,45,252,189,249,63,205,1,0,0,0,0,0,0,0
70.384613,70.364029,128,253,47,252,191,248,66,201,129,0,0,0,0,0,0,0
70.494507,70.467484,128,253,47,252,191,248,66,201,129,0,0,0,0,0,0,0
70.659340,70.626274,128,253,48,252,191,248,66,201,129,0,0,0,0,0,0,0
70.769234,70.731316,128,253,50,252,190,248,63,203,1,0,0,0,0,0,0,0
70.934067,70.898956,128,253,50,252,190,248,63,203,1,0,0,0,0,0,0,0
71.043953,71.010399,130,254,50,252,190,248,66,205,129,0,0,0,0,0,0,0
71.208794,71.169449,130,253,52,252,190,248,51,208,1,0,0,0,0,0,0,0
71.318680,71.274231,131,253,53,252,189,248,48,205,1,0,0,0,0,0,0,0
71.428574,71.405197,131,253,53,252,189,248,48,205,1,0,0,0,0,0,0,0
71.593407,71.564804,129,254,56,252,191,249,48,206,129,0,0,0,0,0,0,0
71.703300,71.668419,129,253,55,252,191,249,48,206,129,0,0,0,0,0,0,0
71.868134,71.828026,129,253,55,252,191,249,48,206,129,0,0,0,0,0,0,0
71.978020,71.932915,127,253,58,252,190,248,56,199,1,0,0,0,0,0,0,0
72.087914,72.066643,127,253,58,252,190,248,56,199,1,0,0,0,0,0,0,0
72.252747,72.225334,130,253,61,252,189,248,55,204,129,0,0,0,0,0,0,0
72.362640,72.329605,128,253,63,252,190,249,64,207,1,0,0,0,0,0,0,0
72.527473,72.488953,128,253,63,252,190,249,64,207,1,0,0,0,0,0,0,0
72.637360,72.593132,131,253,65,252,190,248,43,207,129,0,0,0,0,0,0,0
72.747253,72.725067,129,253,66,252,191,248,64,207,129,0,0,0,0,0,0,0
72.912086,72.883865,129,254,66,252,191,248,64,207,129,0,0,0,0,0,0,0
73.021980,72.987465,129,254,68,252,191,249,51,207,129,0,0,0,0,0,0,0
73.186813,73.153114,129,253,72,252,191,249,51,207,129,0,0,0,0,0,0,0
73.296700,73.267014,128,253,73,252,190,249,55,207,129,0,0,0,0,0,0,0
73.461540,73.434906,128,253,73,252,190,249,55,207,129,0,0,0,0,0,0,0
73.571426,73.547318,128,253,73,252,190,249,55,207,129,0,0,0,0,0,0,0
73.736267,73.687401,128,253,73,252,190,249,55,207,129,0,0,0,0,0,0,0
73.901100,73.854942,128,253,73,252,190,249,55,207,129,0,0,0,0,0,0,0
74.010986,73.968018,132,253,81,252,190,248,64,210,129,0,0,0,0,0,0,0
74.120880,74.099083,132,253,81,252,190,248,64,210,129,0,0,0,0,0,0,0
74.285713,74.258545,128,253,82,252,190,248,56,206,1,0,0,0,0,0,0,0
74.395607,74.363480,132,253,84,252,190,248,79,211,129,0,0,0,0,0,0,0
74.560440,74.522835,128,253,85,252,189,249,55,204,129,0,0,0,0,0,0,0
74.670326,74.626854,128,253,85,252,189,249,55,204,129,0,0,0,0,0,0,0
74.780220,74.757668,128,253,85,252,189,249,55,204,129,0,0,0,0,0,0,0
74.945053,74.917580,132,253,90,252,189,249,56,203,1,0,0,0,0,0,0,0
75.054947,75.023392,128,253,92,252,190,248,63,200,129,0,0,0,0,0,0,0
75.219780,75.189400,127,253,94,252,191,248,40,203,129,0,0,0,0,0,0,0
75.329674,75.293465,127,253,94,252,191,248,40,203,129,0,0,0,0,0,0,0
75.494507,75.451996,127,253,94,252,191,248,40,203,129,0,0,0,0,0,0,0
75.604393,75.555817,128,253,99,252,192,248,77,205,129,0,0,0,0,0,0,0
75.714287,75.687241,128,253,99,252,192,248,77,205,129,0,0,0,0,0,0,0
75.879120,75.845932,128,254,102,252,189,249,64,206,1,0,0,0,0,0,0,0
75.989014,75.950615,128,254,102,252,189,249,64,206,1,0,0,0,0,0,0,0
76.153847,76.109352,128,254,102,252,189,249,64,206,1,0,0,0,0,0,0,0
76.263733,76.215210,128,254,102,252,189,249,64,206,1,0,0,0,0,0,0,0
76.428574,76.380447,128,254,102,252,189,249,64,206,1,0,0,0,0,0,0,0
76.538460,76.493118,130,253,109,252,190,0,63,208,1,0,0,0,0,0,0,0
76.703300,76.660866,130,253,109,252,190,0,63,208,1,0,0,0,0,0,0,0
76.813187,76.773582,130,253,109,252,190,0,63,208,1,0,0,0,0,0,0,0
76.978020,76.940613,130,253,109,252,190,0,63,208,1,0,0,0,0,0,0,0
77.087914,77.053688,130,253,109,252,190,0,63,208,1,0,0,0,0,0,0,0
77.252747,77.221382,131,253,118,252,191,0,61,208,1,0,0,0,0,0,0,0
77.362640,77.333946,131,253,120,252,190,1,55,209,129,0,0,0,0,0,0,0
77.527473,77.502052,131,253,120,252,190,1,55,209,129,0,0,0,0,0,0,0
77.692307,77.642899,131,253,124,252,190,1,47,209,1,0,0,0,0,0,0,0
77.802200,77.776169,131,253,126,252,191,0,50,208,1,0,0,0,0,0,0,0
77.912086,77.880341,131,253,126,252,191,0,50,208,1,0,0,0,0,0,0,0
78.076920,78.038979,131,253,126,252,191,0,50,208,1,0,0,0,0,0,0,0
78.186813,78.142838,131,253,131,252,190,0,62,208,1,0,0,0,0,0,0,0
78.351646,78.301231,131,253,131,252,190,0,62,208,1,0,0,0,0,0,0,0
78.461540,78.432907,131,253,131,252,190,0,62,208,1,0,0,0,0,0,0,0
78.571426,78.536926,131,253,131,252,190,0,62,208,1,0,0,0,0,0,0,0
78.736267,78.695610,131,253,131,252,190,0,62,208,1,0,0,0,0,0,0,0
78.846153,78.806435,131,253,141,252,190,0,62,208,1,0,0,0,0,0,0,0
79.010986,78.974228,131,253,141,252,190,0,62,208,1,0,0,0,0,0,0,0
79.120880,79.086899,131,253,141,252,190,0,62,208,1,0,0,0,0,0,0,0
79.285713,79.254234,131,253,148,252,191,1,63,209,1,0,0,0,0,0,0,0
79.395607,79.366547,131,253,148,252,191,1,63,209,1,0,0,0,0,0,0,0
79.560440,79.534088,131,253,148,252,191,1,63,209,1,0,0,0,0,0,0,0
79.725273,79.646446,131,253,148,252,191,1,63,209,1,0,0,0,0,0,0,0
79.835167,79.786499,131,253,148,252,191,1,63,209,1,0,0,0,0,0,0,0
80.000000,79.953964,131,253,148,252,191,1,63,209,1,0,0,0,0,0,0,0
80.109894,80.066833,131,253,148,252,191,1,63,209,1,0,0,0,0,0,0,0
80.274727,80.235092,131,253,160,252,190,0,52,209,129,0,0,0,0,0,0,0
80.384613,80.347916,131,253,160,252,190,0,52,209,129,0,0,0,0,0,0,0
80.549454,80.515656,131,253,160,252,190,0,52,209,129,0,0,0,0,0,0,0
80.659340,80.628075,131,253,161,252,190,0,55,208,1,0,0,0,0,0,0,0
80.824173,80.796120,131,253,161,252,190,0,47,208,129,0,0,0,0,0,0,0
80.989014,80.909302,131,253,161,252,191,1,64,209,129,0,0,0,0,0,0,0
81.098900,81.049385,131,253,162,252,191,1,71,208,129,0,0,0,0,0,0,0
81.208794,81.183983,131,253,162,252,191,1,71,208,1,0,0,0,0,0,0,0
81.373627,81.343903,131,253,162,252,190,1,79,209,129,0,0,0,0,0,0,0
81.483513,81.447556,131,253,163,252,190,0,76,209,129,0,0,0,0,0,0,0
81.648354,81.605934,131,253,163,252,190,0,76,209,129,0,0,0,0,0,0,0
81.758240,81.710625,131,253,164,252,190,0,80,208,1,0,0,0,0,0,0,0
81.868134,81.842102,131,253,164,252,190,0,80,208,1,0,0,0,0,0,0,0
82.032967,82.001762,131,253,164,252,190,0,80,208,129,0,0,0,0,0,0,0
82.142860,82.105522,131,253,165,252,191,0,74,208,129,0,0,0,0,0,0,0
82.307693,82.271736,131,253,165,252,190,1,83,209,1,0,0,0,0,0,0,0
82.417580,82.384201,131,253,166,252,190,1,82,208,1,0,0,0,0,0,0,0
82.582420,82.543449,131,253,166,252,191,1,96,208,129,0,0,0,0,0,0,0
82.692307,82.647003,131,253,166,252,191,0,80,208,129,0,0,0,0,0,0,0
82.857140,82.805641,131,253,166,252,191,0,80,208,129,0,0,0,0,0,0,0
82.967033,82.937119,131,254,167,252,191,1,80,208,129,0,0,0,0,0,0,0
83.076920,83.042107,131,254,167,252,191,1,79,208,1,0,0,0,0,0,0,0
83.241760,83.200340,131,253,168,252,191,1,79,208,1,0,0,0,0,0,0,0
83.351646,83.305588,131,253,168,252,190,1,87,208,1,0,0,0,0,0,0,0
83.516487,83.466064,131,253,168,252,190,0,77,208,1,0,0,0,0,0,0,0
83.626373,83.597183,131,253,168,252,190,0,77,208,1,0,0,0,0,0,0,0
83.736267,83.701965,131,253,169,252,189,1,67,208,129,0,0,0,0,0,0,0
83.901100,83.861221,131,253,169,252,191,1,79,208,129,0,0,0,0,0,0,0
84.010986,83.966980,131,253,170,252,190,0,79,208,1,0,0,0,0,0,0,0
84.175827,84.125771,131,253,170,252,190,0,63,209,1,0,0,0,0,0,0,0
84.285713,84.257759,131,253,170,252,191,0,71,208,129,0,0,0,0,0,0,0
84.395607,84.361618,131,254,170,252,191,0,63,209,129,0,0,0,0,0,0,0
84.560440,84.521126,131,253,171,252,191,1,64,208,1,0,0,0,0,0,0,0
84.670326,84.624840,131,253,171,252,190,1,59,209,1,0,0,0,0,0,0,0
84.835167,84.783630,131,253,171,252,190,1,59,209,1,0,0,0,0,0,0,0
84.945053,84.915932,131,253,172,252,190,0,64,208,129,0,0,0,0,0,0,0
85.054947,85.019485,131,253,172,252,190,0,64,208,129,0,0,0,0,0,0,0
85.219780,85.178787,131,253,172,252,191,0,63,208,1,0,0,0,0,0,0,0
85.329674,85.282753,131,253,172,252,191,0,63,208,1,0,0,0,0,0,0,0
85.494507,85.441704,131,253,172,252,191,0,63,208,1,0,0,0,0,0,0,0
85.604393,85.574966,131,253,172,252,191,0,63,208,1,0,0,0,0,0,0,0
85.769234,85.687584,131,253,174,252,191,0,84,208,1,0,0,0,0,0,0,0
85.879120,85.827873,131,253,174,252,191,0,84,208,1,0,0,0,0,0,0,0
86.043953,85.995308,131,253,174,252,191,0,84,208,1,0,0,0,0,0,0,0
86.153847,86.107719,131,253,174,252,191,0,84,208,1,0,0,0,0,0,0,0
86.318680,86.275108,131,253,174,252,191,0,84,208,1,0,0,0,0,0,0,0
86.428574,86.387825,131,253,175,252,190,0,64,208,1,0,0,0,0,0,0,0
86.593407,86.551888,131,253,176,252,190,1,63,208,129,0,0,0,0,0,0,0
86.703300,86.655548,131,253,176,252,190,1,78,208,129,0,0,0,0,0,0,0
86.813187,86.786926,131,253,176,252,190,1,78,208,129,0,0,0,0,0,0,0
86.978020,86.945610,131,253,176,252,190,1,78,208,129,0,0,0,0,0,0,0
87.087914,87.050041,131,253,176,252,190,1,66,208,1,0,0,0,0,0,0,0
87.252747,87.208931,131,253,176,252,190,1,66,208,1,0,0,0,0,0,0,0
87.362640,87.312790,131,253,176,252,190,1,66,208,1,0,0,0,0,0,0,0
87.472527,87.444176,131,253,178,252,191,0,64,208,1,0,0,0,0,0,0,0
87.637360,87.607002,131,253,178,252,191,0,64,208,1,0,0,0,0,0,0,0
87.802200,87.720490,131,253,179,252,191,0,72,208,129,0,0,0,0,0,0,0
87.912086,87.860519,131,253,179,252,190,1,64,208,129,0,0,0,0,0,0,0
88.076920,88.028008,131,253,179,252,190,0,72,208,129,0,0,0,0,0,0,0
88.186813,88.137039,131,253,180,252,191,0,63,208,1,0,0,0,0,0,0,0
88.296700,88.269188,131,253,180,252,190,0,64,209,129,0,0,0,0,0,0,0
88.461540,88.427620,131,253,180,252,190,1,88,208,129,0,0,0,0,0,0,0
88.571426,88.532249,131,253,180,252,190,0,69,208,1,0,0,0,0,0,0,0
88.736267,88.690735,131,253,181,252,191,0,80,208,1,0,0,0,0,0,0,0
88.846153,88.795067,131,253,181,252,191,0,80,208,1,0,0,0,0,0,0,0
88.956047,88.927200,131,253,181,252,190,1,68,209,129,0,0,0,0,0,0,0
89.120880,89.085686,131,253,181,252,190,1,75,208,129,0,0,0,0,0,0,0
89.230766,89.192566,131,253,182,252,190,0,79,208,1,0,0,0,0,0,0,0
89.395607,89.351303,131,253,182,252,190,0,79,208,1,0,0,0,0,0,0,0
89.505493,89.455170,131,253,182,252,190,0,79,208,1,0,0,0,0,0,0,0
89.615387,89.586395,131,253,182,252,190,0,79,208,1,0,0,0,0,0,0,0
89.780220,89.744881,131,253,182,252,190,0,79,208,1,0,0,0,0,0,0,0
89.890106,89.849510,131,253,182,252,190,0,79,208,1,0,0,0,0,0,0,0
90.054947,90.008499,131,253,182,252,190,0,79,208,1,0,0,0,0,0,0,0
90.164833,90.122345,131,253,184,252,189,0,63,209,129,0,0,0,0,0,0,0
90.329674,90.290398,131,253,185,252,190,1,80,208,129,0,0,0,0,0,0,0
90.439560,90.404404,131,253,185,252,190,1,67,208,1,0,0,0,0,0,0,0
90.604393,90.572350,131,253,185,252,190,1,67,208,1,0,0,0,0,0,0,0
90.714287,90.681999,131,253,185,252,190,1,63,208,129,0,0,0,0,0,0,0
90.879120,90.841141,131,253,185,252,190,1,63,208,129,0,0,0,0,0,0,0
90.989014,90.945877,131,253,185,252,190,1,63,208,129,0,0,0,0,0,0,0
91.153847,91.105026,131,253,185,252,190,1,63,208,129,0,0,0,0,0,0,0
91.263733,91.209663,131,253,185,252,190,1,63,208,129,0,0,0,0,0,0,0
91.373627,91.341499,131,253,185,252,190,1,63,208,129,0,0,0,0,0,0,0
91.538460,91.501770,131,253,187,252,191,0,72,209,1,0,0,0,0,0,0,0
91.648354,91.606247,131,253,187,252,191,0,72,209,1,0,0,0,0,0,0,0
91.813187,91.770821,131,253,188,252,191,0,76,208,129,0,0,0,0,0,0,0
91.923080,91.883797,131,253,188,252,190,1,55,209,129,0,0,0,0,0,0,0
92.087914,92.052773,131,253,189,252,191,0,79,209,1,0,0,0,0,0,0,0
92.197800,92.166153,131,253,189,252,191,0,79,209,1,0,0,0,0,0,0,0
92.362640,92.333900,131,253,189,252,190,1,79,208,1,0,0,0,0,0,0,0
92.527473,92.475410,131,253,189,252,190,0,72,209,129,0,0,0,0,0,0,0
92.637360,92.588181,131,253,190,252,190,0,72,209,129,0,0,0,0,0,0,0
92.802200,92.756386,131,253,190,252,190,0,72,209,129,0,0,0,0,0,0,0
92.912086,92.869568,131,253,190,252,190,0,72,209,129,0,0,0,0,0,0,0
93.076920,93.037674,131,253,190,252,190,0,72,209,129,0,0,0,0,0,0,0
93.186813,93.150642,131,253,190,252,190,0,72,209,129,0,0,0,0,0,0,0
93.351646,93.318901,131,253,190,252,190,0,72,209,129,0,0,0,0,0,0,0
93.516487,93.432030,131,253,190,252,190,0,72,209,129,0,0,0,0,0,0,0
93.626373,93.572777,131,253,190,252,190,0,72,209,129,0,0,0,0,0,0,0
93.791206,93.740730,131,253,190,252,190,0,72,209,129,0,0,0,0,0,0,0
93.901100,93.854164,131,253,190,252,190,0,72,209,129,0,0,0,0,0,0,0
94.065933,94.022675,131,253,190,252,190,0,72,209,129,0,0,0,0,0,0,0
94.175827,94.135956,131,253,193,252,190,1,72,208,129,0,0,0,0,0,0,0
94.340660,94.295715,131,253,194,252,190,0,64,208,1,0,0,0,0,0,0,0
94.450546,94.400505,131,253,194,252,190,0,64,208,1,0,0,0,0,0,0,0
94.615387,94.559731,131,253,194,252,190,1,79,208,1,0,0,0,0,0,0,0
94.725273,94.692001,131,253,195,252,190,0,59,208,129,0,0,0,0,0,0,0
94.835167,94.796379,131,253,195,252,190,0,63,208,129,0,0,0,0,0,0,0
95.000000,94.956497,131,253,195,252,191,0,79,209,1,0,0,0,0,0,0,0
95.109894,95.061394,131,253,195,252,191,0,79,209,1,0,0,0,0,0,0,0
95.274727,95.223862,131,253,196,252,190,1,63,208,129,0,0,0,0,0,0,0
95.384613,95.328560,131,253,196,252,191,0,76,208,129,0,0,0,0,0,0,0
95.494507,95.461098,131,253,196,252,191,1,68,208,1,0,0,0,0,0,0,0
95.659340,95.620300,131,253,196,252,191,1,68,208,1,0,0,0,0,0,0,0
95.769234,95.725082,131,253,196,252,191,1,68,208,1,0,0,0,0,0,0,0
95.934067,95.885719,131,253,197,252,190,0,58,209,129,0,0,0,0,0,0,0
96.043953,95.990402,131,253,197,252,190,0,63,209,129,0,0,0,0,0,0,0
96.153847,96.123360,131,253,198,252,191,1,64,208,1,0,0,0,0,0,0,0
96.318680,96.287170,131,253,198,252,191,1,64,208,1,0,0,0,0,0,0,0
96.483513,96.428276,131,253,198,252,191,0,78,208,129,0,0,0,0,0,0,0
96.593407,96.562157,131,253,198,252,190,1,59,208,129,0,0,0,0,0,0,0
96.703300,96.666992,131,253,199,252,190,1,77,209,1,0,0,0,0,0,0,0
96.868134,96.826141,131,253,199,252,190,1,77,209,1,0,0,0,0,0,0,0
96.978020,96.930771,131,253,200,252,189,0,62,208,129,0,0,0,0,0,0,0
97.142860,97.090080,131,253,200,252,189,0,62,208,129,0,0,0,0,0,0,0
97.252747,97.195641,131,253,200,252,191,0,68,209,1,0,0,0,0,0,0,0
97.362640,97.327873,131,254,201,252,190,1,71,208,1,0,0,0,0,0,0,0
97.527473,97.487991,131,254,201,252,190,1,71,208,1,0,0,0,0,0,0,0
97.637360,97.598671,131,254,201,252,190,1,71,208,1,0,0,0,0,0,0,0
97.802200,97.766716,131,254,201,252,190,1,71,208,1,0,0,0,0,0,0,0
97.912086,97.879593,131,254,201,252,190,1,71,208,1,0,0,0,0,0,0,0
98.076920,98.020592,131,254,201,252,190,1,71,208,1,0,0,0,0,0,0,0
98.241760,98.188644,131,254,201,252,190,1,71,208,1,0,0,0,0,0,0,0
98.351646,98.301208,131,254,201,252,190,1,71,208,1,0,0,0,0,0,0,0
98.516487,98.469315,131,254,201,252,190,1,71,208,1,0,0,0,0,0,0,0
98.626373,98.582695,131,254,201,252,190,1,71,208,1,0,0,0,0,0,0,0
98.791206,98.750595,131,254,201,252,190,1,71,208,1,0,0,0,0,0,0,0
98.901100,98.863518,131,254,201,252,190,1,71,208,1,0,0,0,0,0,0,0
99.065933,99.031670,131,254,201,252,190,1,71,208,1,0,0,0,0,0,0,0
99.230766,99.144547,131,254,201,252,190,1,71,208,1,0,0,0,0,0,0,0
99.340660,99.285698,131,254,201,252,190,1,71,208,1,0,0,0,0,0,0,0
99.505493,99.454216,131,253,206,252,191,0,66,208,129,0,0,0,0,0,0,0
99.615387,99.567184,131,253,206,252,191,0,66,208,129,0,0,0,0,0,0,0
99.780220,99.735291,131,253,206,252,191,0,66,208,129,0,0,0,0,0,0,0
99.890106,99.848831,131,253,207,252,191,0,80,208,129,0,0,0,0,0,0,0
100.054947,100.010590,131,253,207,252,190,0,64,208,129,0,0,0,0,0,0,0
100.164833,100.114861,131,253,207,252,190,0,64,208,129,0,0,0,0,0,0,0
100.329674,100.274826,131,253,207,252,191,1,77,209,1,0,0,0,0,0,0,0
100.439560,100.406662,131,253,208,252,190,0,57,208,129,0,0,0,0,0,0,0
100.549454,100.511711,131,253,208,252,190,0,57,208,129,0,0,0,0,0,0,0
100.714287,100.671677,131,253,209,252,190,0,64,208,1,0,0,0,0,0,0,0
100.824173,100.775742,131,253,209,252,190,1,56,208,1,0,0,0,0,0,0,0
100.989014,100.934891,131,253,209,252,190,1,56,208,1,0,0,0,0,0,0,0
101.098900,101.045357,131,253,209,252,190,1,56,208,1,0,0,0,0,0,0,0
101.263733,101.213821,131,254,210,252,191,0,55,208,1,0,0,0,0,0,0,0
101.373627,101.326843,131,253,210,252,191,1,79,208,1,0,0,0,0,0,0,0
101.538460,101.486198,131,253,210,252,191,1,79,208,1,0,0,0,0,0,0,0
101.648354,101.591087,131,253,211,252,189,0,63,209,129,0,0,0,0,0,0,0
101.758240,101.722717,131,253,211,252,189,0,63,209,129,0,0,0,0,0,0,0
101.923080,101.882225,131,253,212,252,189,0,63,209,129,0,0,0,0,0,0,0
102.032967,101.987366,131,253,212,252,190,1,79,208,1,0,0,0,0,0,0,0
102.197800,102.147232,131,253,212,252,191,1,79,208,129,0,0,0,0,0,0,0
102.307693,102.252022,131,253,212,252,191,1,79,208,129,0,0,0,0,0,0,0
102.472527,102.413986,131,253,213,252,191,0,68,208,1,0,0,0,0,0,0,0
102.582420,102.525269,131,253,213,252,190,1,77,208,1,0,0,0,0,0,0,0
102.747253,102.689842,131,254,213,252,189,1,79,208,129,0,0,0,0,0,0,0
102.857140,102.821884,131,253,214,252,190,0,90,208,129,0,0,0,0,0,0,0
102.967033,102.926361,131,253,215,252,191,1,76,208,1,0,0,0,0,0,0,0
103.131866,103.086334,131,253,215,252,190,0,79,208,1,0,0,0,0,0,0,0
103.241760,103.190598,131,253,215,252,190,0,79,208,1,0,0,0,0,0,0,0
103.406593,103.350571,131,253,215,252,190,0,65,208,129,0,0,0,0,0,0,0
103.516487,103.482254,131,253,215,252,190,0,65,208,129,0,0,0,0,0,0,0
103.626373,103.586731,131,253,215,252,190,0,65,208,129,0,0,0,0,0,0,0
103.791206,103.750687,131,253,215,252,190,0,65,208,129,0,0,0,0,0,0,0
103.901100,103.863815,131,253,216,252,190,0,84,208,129,0,0,0,0,0,0,0
104.065933,104.032433,131,253,216,252,190,0,84,208,129,0,0,0,0,0,0,0
104.230766,104.173737,131,253,217,252,191,1,79,208,1,0,0,0,0,0,0,0
104.340660,104.307777,131,253,218,252,190,0,66,208,1,0,0,0,0,0,0,0
104.450546,104.413544,131,253,218,252,191,0,63,208,129,0,0,0,0,0,0,0
104.615387,104.573196,131,253,218,252,191,0,63,208,129,0,0,0,0,0,0,0
104.725273,104.678902,131,253,218,252,191,1,80,208,1,0,0,0,0,0,0,0
104.890106,104.838615,131,253,218,252,191,1,80,208,1,0,0,0,0,0,0,0
105.000000,104.943756,131,253,219,252,190,0,79,208,129,0,0,0,0,0,0,0
105.109894,105.075592,131,253,219,252,190,0,79,208,129,0,0,0,0,0,0,0
105.274727,105.234901,131,253,220,252,191,1,76,208,129,0,0,0,0,0,0,0
105.384613,105.344131,131,253,220,252,191,1,92,209,1,0,0,0,0,0,0,0
105.549454,105.504616,131,253,220,252,191,1,64,208,129,0,0,0,0,0,0,0
105.659340,105.608971,131,253,221,252,190,1,75,208,129,0,0,0,0,0,0,0
105.824173,105.768242,131,253,221,252,191,1,95,208,129,0,0,0,0,0,0,0
105.934067,105.900230,131,253,221,252,191,1,95,208,129,0,0,0,0,0,0,0
106.043953,106.004761,131,253,221,252,191,1,95,208,129,0,0,0,0,0,0,0
106.208794,106.163963,131,253,222,252,191,1,88,208,129,0,0,0,0,0,0,0
106.318680,106.267975,131,254,222,252,190,0,79,208,129,0,0,0,0,0,0,0
106.483513,106.430046,131,253,222,252,190,0,95,208,1,0,0,0,0,0,0,0
106.593407,106.534012,131,253,222,252,190,0,95,208,1,0,0,0,0,0,0,0
106.703300,106.665848,131,253,222,252,190,0,95,208,1,0,0,0,0,0,0,0
106.868134,106.825920,131,253,223,252,190,0,83,209,129,0,0,0,0,0,0,0
106.978020,106.930351,131,253,223,252,190,0,83,209,129,0,0,0,0,0,0,0
107.142860,107.090775,131,253,224,252,190,0,77,209,1,0,0,0,0,0,0,0
107.252747,107.195099,131,253,224,252,190,0,77,209,1,0,0,0,0,0,0,0
107.362640,107.327812,131,253,224,252,190,0,60,208,129,0,0,0,0,0,0,0
107.527473,107.487617,131,253,224,252,190,0,60,208,129,0,0,0,0,0,0,0
107.637360,107.600594,131,253,224,252,190,0,60,208,129,0,0,0,0,0,0,0
107.802200,107.741447,131,253,224,252,190,0,60,208,129,0,0,0,0,0,0,0
107.967033,107.909698,131,253,224,252,190,0,60,208,129,0,0,0,0,0,0,0
108.076920,108.022972,131,253,224,252,190,0,60,208,129,0,0,0,0,0,0,0
108.241760,108.191849,131,253,225,252,190,0,63,208,1,0,0,0,0,0,0,0
108.351646,108.305183,131,253,225,252,190,0,63,208,1,0,0,0,0,0,0,0
108.516487,108.473137,131,253,225,252,190,0,63,208,1,0,0,0,0,0,0,0
108.626373,108.585754,131,253,225,252,190,0,63,208,1,0,0,0,0,0,0,0
108.791206,108.754066,131,253,225,252,190,0,63,208,1,0,0,0,0,0,0,0
108.956047,108.867035,131,253,225,252,190,0,63,208,1,0,0,0,0,0,0,0
109.065933,109.007729,131,253,225,252,190,0,63,208,1,0,0,0,0,0,0,0
109.230766,109.175522,131,253,225,252,190,0,63,208,1,0,0,0,0,0,0,0
109.340660,109.288757,131,253,225,252,190,0,63,208,1,0,0,0,0,0,0,0
109.505493,109.456802,131,253,225,252,190,0,63,208,1,0,0,0,0,0,0,0
109.615387,109.570084,131,253,225,252,190,0,63,208,1,0,0,0,0,0,0,0
109.780220,109.739059,131,253,229,252,191,0,96,208,129,0,0,0,0,0,0,0
109.890106,109.851830,131,253,228,252,191,0,80,209,1,0,0,0,0,0,0,0
110.054947,110.012054,131,253,228,252,191,0,80,209,1,0,0,0,0,0,0,0
110.164833,110.116478,131,253,228,252,191,0,80,209,1,0,0,0,0,0,0,0
110.329674,110.276657,131,253,228,252,191,0,80,209,1,0,0,0,0,0,0,0
110.439560,110.381332,131,253,229,252,190,0,82,208,1,0,0,0,0,0,0,0
110.549454,110.512970,131,253,229,252,190,0,82,208,1,0,0,0,0,0,0,0
110.714287,110.672119,131,253,229,252,190,0,82,208,1,0,0,0,0,0,0,0
110.824173,110.776192,131,253,230,252,190,0,104,208,1,0,0,0,0,0,0,0
110.989014,110.938354,131,253,230,252,190,0,104,209,129,0,0,0,0,0,0,0
111.098900,111.049431,131,253,230,252,190,1,84,209,1,0,0,0,0,0,0,0
111.263733,111.218460,131,253,230,252,190,1,84,209,1,0,0,0,0,0,0,0
111.373627,111.330971,131,253,230,252,190,1,84,209,1,0,0,0,0,0,0,0
111.538460,111.499130,131,253,230,252,190,1,84,209,1,0,0,0,0,0,0,0
111.703300,111.611900,131,253,231,252,191,1,95,208,1,0,0,0,0,0,0,0
111.813187,111.752945,131,253,231,252,190,0,96,208,1,0,0,0,0,0,0,0
111.978020,111.920746,131,253,231,252,190,0,96,208,1,0,0,0,0,0,0,0
112.087914,112.033821,131,253,231,252,190,0,96,208,1,0,0,0,0,0,0,0
112.252747,112.201775,131,253,232,252,190,0,71,209,1,0,0,0,0,0,0,0
112.362640,112.314949,131,253,232,252,190,0,71,209,1,0,0,0,0,0,0,0
112.527473,112.483055,131,253,232,252,190,0,95,208,129,0,0,0,0,0,0,0
112.637360,112.587891,131,253,232,252,190,0,95,208,129,0,0,0,0,0,0,0
112.802200,112.747864,131,253,233,252,190,0,66,209,1,0,0,0,0,0,0,0
112.912086,112.853157,131,253,233,252,191,1,71,208,1,0,0,0,0,0,0,0
113.021980,112.985153,131,253,233,252,191,1,71,208,1,0,0,0,0,0,0,0
113.186813,113.144707,131,253,233,252,191,1,71,208,1,0,0,0,0,0,0,0
113.296700,113.248978,131,253,233,252,191,1,78,209,1,0,0,0,0,0,0,0
113.461540,113.408432,131,253,233,252,190,1,65,208,1,0,0,0,0,0,0,0
113.571426,113.515266,131,253,233,252,191,1,75,209,1,0,0,0,0,0,0,0
113.736267,113.681992,131,253,234,252,190,0,74,208,129,0,0,0,0,0,0,0
113.846153,113.786980,131,253,234,252,190,0,76,208,129,0,0,0,0,0,0,0
113.956047,113.919075,131,253,234,252,190,0,76,208,1,0,0,0,0,0,0,0
114.120880,114.079506,131,253,234,252,190,0,76,208,1,0,0,0,0,0,0,0
114.230766,114.183670,131,253,234,252,190,0,76,208,1,0,0,0,0,0,0,0
114.395607,114.342873,131,253,234,252,190,0,76,208,1,0,0,0,0,0,0,0
114.505493,114.447144,131,253,234,252,190,0,72,208,1,0,0,0,0,0,0,0
114.670326,114.607323,131,253,234,252,190,0,72,208,1,0,0,0,0,0,0,0
114.780220,114.741714,131,253,234,252,191,1,77,209,129,0,0,0,0,0,0,0
114.945053,114.853104,131,253,235,252,190,1,77,209,129,0,0,0,0,0,0,0
115.054947,115.014809,131,253,235,252,190,0,76,209,129,0,0,0,0,0,0,0
115.164833,115.119392,131,253,235,252,190,0,76,208,1,0,0,0,0,0,0,0
115.329674,115.278740,131,253,235,252,190,0,76,208,1,0,0,0,0,0,0,0
115.439560,115.384193,131,253,235,252,191,1,66,208,129,0,0,0,0,0,0,0
115.604393,115.543655,131,253,235,252,191,0,66,209,129,0,0,0,0,0,0,0
115.714287,115.675484,131,253,235,252,191,0,66,209,129,0,0,0,0,0,0,0
115.824173,115.780479,131,253,235,252,190,0,68,208,1,0,0,0,0,0,0,0
115.989014,115.940033,131,253,235,252,190,0,68,208,1,0,0,0,0,0,0,0
116.098900,116.050858,131,253,235,252,190,0,68,208,1,0,0,0,0,0,0,0
116.263733,116.219788,131,253,236,252,190,0,77,209,129,0,0,0,0,0,0,0
116.373627,116.332703,131,253,236,252,190,0,77,209,129,0,0,0,0,0,0,0
116.538460,116.501274,131,253,236,252,190,0,77,209,129,0,0,0,0,0,0,0
116.703300,116.641655,131,253,236,252,190,0,77,209,129,0,0,0,0,0,0,0
116.813187,116.754890,131,253,236,252,191,0,64,208,129,0,0,0,0,0,0,0
116.978020,116.919006,131,253,236,252,190,0,66,208,1,0,0,0,0,0,0,0
117.087914,117.023567,131,253,237,252,191,0,79,209,129,0,0,0,0,0,0,0
117.197800,117.155876,131,253,237,252,190,0,79,209,129,0,0,0,0,0,0,0
117.362640,117.315536,131,253,237,252,190,0,71,208,129,0,0,0,0,0,0,0
117.472527,117.419914,131,253,237,252,190,0,71,208,129,0,0,0,0,0,0,0
117.637360,117.579315,131,253,237,252,190,0,71,208,129,0,0,0,0,0,0,0
117.747253,117.683693,131,253,237,252,190,0,71,208,129,0,0,0,0,0,0,0
117.857140,117.815323,131,253,237,252,190,0,71,208,129,0,0,0,0,0,0,0
118.021980,117.979286,131,253,237,252,190,0,71,208,129,0,0,0,0,0,0,0
118.131866,118.092056,131,253,237,252,190,0,71,208,129,0,0,0,0,0,0,0
118.296700,118.232803,131,253,237,252,190,0,71,208,129,0,0,0,0,0,0,0
118.461540,118.400749,131,253,237,252,190,0,71,208,129,0,0,0,0,0,0,0
118.571426,118.513626,131,253,237,252,190,0,71,208,129,0,0,0,0,0,0,0
118.736267,118.681877,131,253,237,252,190,0,71,208,129,0,0,0,0,0,0,0
118.846153,118.794975,131,253,238,252,191,1,96,208,129,0,0,0,0,0,0,0
119.010986,118.963264,131,253,238,252,191,1,96,208,129,0,0,0,0,0,0,0
119.120880,119.075882,131,253,238,252,191,1,96,208,129,0,0,0,0,0,0,0
119.285713,119.245216,131,253,238,252,190,0,80,208,1,0,0,0,0,0,0,0
119.450546,119.385857,131,253,238,252,190,0,80,208,1,0,0,0,0,0,0,0
119.560440,119.498985,131,253,238,252,190,0,80,208,1,0,0,0,0,0,0,0
119.725273,119.666519,131,253,238,252,190,0,80,208,1,0,0,0,0,0,0,0
119.835167,119.779648,131,253,238,252,190,0,84,209,1,0,0,0,0,0,0,0
120.000000,119.943153,132,253,238,252,191,1,79,208,1,0,0,0,0,0,0,0
120.109894,120.047935,132,253,238,252,191,1,79,208,1,0,0,0,0,0,0,0
120.219780,120.179825,131,253,239,252,190,1,80,208,1,0,0,0,0,0,0,0
120.384613,120.339645,131,253,238,252,190,0,73,208,1,0,0,0,0,0,0,0
120.494507,120.444115,131,253,238,252,191,0,63,208,1,0,0,0,0,0,0,0
120.659340,120.603981,131,253,239,252,190,0,72,208,129,0,0,0,0,0,0,0
120.769234,120.708046,131,253,239,252,190,0,79,209,129,0,0,0,0,0,0,0
120.879120,120.839783,131,253,239,252,190,0,79,209,129,0,0,0,0,0,0,0
121.043953,121.002052,131,253,239,252,190,0,52,209,1,0,0,0,0,0,0,0
121.153847,121.106895,131,253,239,252,190,0,76,209,129,0,0,0,0,0,0,0
121.318680,121.266090,131,253,239,252,190,0,76,209,129,0,0,0,0,0,0,0
121.428574,121.370216,131,253,239,252,190,0,76,209,129,0,0,0,0,0,0,0
121.593407,121.529465,131,253,239,252,190,0,76,209,129,0,0,0,0,0,0,0
121.703300,121.661407,131,253,239,252,190,0,76,209,129,0,0,0,0,0,0,0
121.813187,121.765831,131,253,239,252,190,0,76,209,129,0,0,0,0,0,0,0
121.978020,121.933929,131,253,239,252,190,0,76,209,129,0,0,0,0,0,0,0
122.142860,122.047829,131,253,239,252,190,0,64,208,1,0,0,0,0,0,0,0
122.252747,122.188316,131,253,239,252,190,0,64,208,1,0,0,0,0,0,0,0
122.417580,122.356590,131,253,240,252,190,1,60,208,129,0,0,0,0,0,0,0
122.527473,122.470833,131,253,240,252,190,1,47,209,129,0,0,0,0,0,0,0
122.692307,122.639290,131,253,240,252,190,1,47,209,1,0,0,0,0,0,0,0
122.802200,122.752724,131,253,240,252,190,1,47,209,1,0,0,0,0,0,0,0
122.967033,122.921188,131,253,240,252,190,0,48,209,129,0,0,0,0,0,0,0
123.076920,123.028229,131,253,240,252,190,0,56,208,129,0,0,0,0,0,0,0
123.241760,123.188141,131,253,240,252,190,0,31,208,1,0,0,0,0,0,0,0
123.351646,123.292313,131,253,240,252,190,0,31,208,1,0,0,0,0,0,0,0
123.516487,123.451408,131,253,240,252,190,0,31,208,1,0,0,0,0,0,0,0
123.626373,123.583961,131,253,240,252,191,0,64,208,129,0,0,0,0,0,0,0
123.736267,123.689163,131,253,240,252,189,0,55,208,1,0,0,0,0,0,0,0
123.901100,123.848549,131,253,240,252,191,0,63,208,1,0,0,0,0,0,0,0
124.010986,123.953812,131,253,240,252,191,0,68,208,129,0,0,0,0,0,0,0
124.175827,124.120270,131,253,240,252,191,0,64,208,129,0,0,0,0,0,0,0
124.285713,124.225212,131,253,240,252,190,1,86,208,1,0,0,0,0,0,0,0
124.450546,124.384262,131,253,240,252,190,1,86,208,1,0,0,0,0,0,0,0
124.560440,124.516045,131,253,240,252,191,0,55,208,1,0,0,0,0,0,0,0
124.670326,124.620728,131,253,240,252,191,0,55,208,1,0,0,0,0,0,0,0
124.835167,124.782280,131,253,240,252,191,0,55,208,1,0,0,0,0,0,0,0
124.945053,124.886864,131,253,241,252,191,0,55,208,1,0,0,0,0,0,0,0
125.109894,125.045914,131,253,241,252,190,0,64,208,1,0,0,0,0,0,0,0
125.219780,125.179848,131,253,241,252,191,0,71,209,129,0,0,0,0,0,0,0
125.384613,125.318848,131,253,241,252,190,1,76,209,129,0,0,0,0,0,0,0
125.494507,125.432495,131,253,241,252,190,1,55,209,1,0,0,0,0,0,0,0
125.659340,125.600342,131,253,241,252,190,1,55,209,1,0,0,0,0,0,0,0
125.769234,125.713623,131,253,241,252,190,1,55,209,1,0,0,0,0,0,0,0
125.934067,125.875633,131,253,241,252,190,0,88,208,129,0,0,0,0,0,0,0
126.043953,125.979958,131,253,241,252,190,1,56,209,129,0,0,0,0,0,0,0
126.153847,126.111740,131,253,241,252,190,1,56,209,129,0,0,0,0,0,0,0
126.318680,126.271973,131,253,241,252,191,0,76,209,1,0,0,0,0,0,0,0
126.428574,126.377060,131,253,241,252,190,0,76,208,129,0,0,0,0,0,0,0
126.593407,126.536362,131,253,241,252,190,0,76,208,129,0,0,0,0,0,0,0
126.703300,126.641609,131,253,241,252,191,0,64,208,1,0,0,0,0,0,0,0
126.868134,126.800911,131,253,241,252,191,0,64,208,1,0,0,0,0,0,0,0
126.978020,126.912094,131,253,241,252,191,0,64,208,1,0,0,0,0,0,0,0
127.142860,127.080048,131,253,241,252,191,0,64,208,1,0,0,0,0,0,0,0
127.252747,127.193222,131,253,242,252,191,0,64,208,1,0,0,0,0,0,0,0
127.417580,127.361122,131,253,242,252,191,0,79,208,1,0,0,0,0,0,0,0
127.527473,127.468773,131,253,242,252,191,0,79,208,129,0,0,0,0,0,0,0
127.692307,127.627975,131,253,242,252,191,0,79,208,129,0,0,0,0,0,0,0
127.802200,127.760735,131,253,242,252,190,1,95,208,1,0,0,0,0,0,0,0
127.912086,127.865005,131,253,242,252,190,1,95,208,1,0,0,0,0,0,0,0
128.076920,128.024261,131,253,242,252,190,1,95,208,1,0,0,0,0,0,0,0
128.186813,128.129395,131,253,242,252,190,1,72,208,129,0,0,0,0,0,0,0
128.351654,128.288910,131,253,242,252,190,1,95,208,1,0,0,0,0,0,0,0
128.461533,128.393845,131,253,242,252,191,0,105,208,1,0,0,0,0,0,0,0
128.626373,128.559753,131,253,242,252,191,0,105,208,1,0,0,0,0,0,0,0
128.736267,128.694656,131,253,242,252,190,1,95,208,129,0,0,0,0,0,0,0
128.846161,128.799347,131,253,242,252,190,1,95,208,129,0,0,0,0,0,0,0
129.010986,128.959518,131,253,242,252,190,1,80,209,1,0,0,0,0,0,0,0
129.120880,129.064102,131,253,242,252,190,1,88,208,1,0,0,0,0,0,0,0
129.285721,129.223801,131,253,242,252,190,0,77,208,129,0,0,0,0,0,0,0
129.395599,129.328537,131,253,242,252,191,0,96,208,129,0,0,0,0,0,0,0
129.505493,129.460938,131,253,243,252,190,0,65,209,1,0,0,0,0,0,0,0
129.670334,129.620239,131,253,242,252,191,0,65,209,1,0,0,0,0,0,0,0
129.780212,129.729477,131,253,242,252,190,1,79,208,129,0,0,0,0,0,0,0
129.945053,129.889084,131,253,242,252,190,0,84,208,129,0,0,0,0,0,0,0
130.054947,129.994232,131,253,242,252,189,1,75,208,129,0,0,0,0,0,0,0
130.219788,130.153488,131,253,242,252,189,1,75,208,129,0,0,0,0,0,0,0
130.329666,130.285172,131,253,242,252,189,1,75,208,129,0,0,0,0,0,0,0
130.439560,130.389648,131,253,242,252,190,1,63,209,129,0,0,0,0,0,0,0
130.604401,130.548843,131,253,242,252,191,0,88,208,1,0,0,0,0,0,0,0
130.714279,130.653839,131,253,242,252,190,1,63,208,1,0,0,0,0,0,0,0
130.879120,130.815277,131,253,242,252,190,1,63,208,1,0,0,0,0,0,0,0
130.989014,130.928619,131,253,242,252,190,1,63,208,1,0,0,0,0,0,0,0
131.153839,131.097137,131,253,242,252,191,0,63,208,129,0,0,0,0,0,0,0
131.263733,131.208725,131,253,242,252,191,0,64,208,1,0,0,0,0,0,0,0
131.428574,131.368027,131,253,242,252,190,0,64,209,1,0,0,0,0,0,0,0
131.538467,131.472610,131,253,242,252,190,0,64,209,1,0,0,0,0,0,0,0
131.648346,131.604492,131,253,242,252,190,0,64,209,1,0,0,0,0,0,0,0
131.813187,131.763702,131,253,242,252,190,0,64,209,1,0,0,0,0,0,0,0
131.923080,131.868179,131,253,242,252,190,0,63,208,1,0,0,0,0,0,0,0
132.087906,132.027420,131,253,242,252,190,0,64,208,1,0,0,0,0,0,0,0
132.197800,132.132614,131,253,242,252,190,1,55,208,129,0,0,0,0,0,0,0
132.362640,132.294327,131,253,242,252,190,0,79,208,1,0,0,0,0,0,0,0
132.472534,132.426727,131,253,242,252,190,0,79,208,1,0,0,0,0,0,0,0
132.582413,132.531052,131,253,242,252,190,0,63,208,1,0,0,0,0,0,0,0
132.747253,132.690918,131,253,242,252,191,0,75,208,129,0,0,0,0,0,0,0
132.857147,132.795593,131,253,242,252,190,0,72,208,129,0,0,0,0,0,0,0
133.021973,132.955978,131,253,242,252,190,0,64,208,1,0,0,0,0,0,0,0
133.131866,133.087402,131,253,242,252,190,1,63,208,1,0,0,0,0,0,0,0
133.241760,133.191727,131,253,242,252,190,1,41,208,1,0,0,0,0,0,0,0
133.406601,133.350830,131,253,242,252,190,1,41,208,1,0,0,0,0,0,0,0
133.516479,133.461243,131,253,242,252,191,0,71,208,1,0,0,0,0,0,0,0
133.681320,133.620483,131,253,241,252,191,0,48,208,1,0,0,0,0,0,0,0
133.791214,133.725586,131,253,242,252,191,0,74,208,129,0,0,0,0,0,0,0
133.901093,133.857422,131,253,242,252,191,0,68,208,129,0,0,0,0,0,0,0
134.065933,134.017288,131,253,242,252,190,1,63,208,129,0,0,0,0,0,0,0
134.175827,134.122223,131,253,242,252,190,1,63,208,1,0,0,0,0,0,0,0
134.340652,134.281631,131,253,242,252,190,1,49,208,1,0,0,0,0,0,0,0
134.450546,134.386673,131,253,242,252,191,0,72,208,129,0,0,0,0,0,0,0
134.615387,134.548325,131,253,242,252,190,1,63,208,129,0,0,0,0,0,0,0
134.725281,134.680725,131,253,242,252,191,1,71,208,1,0,0,0,0,0,0,0
134.835159,134.785049,131,253,242,252,190,1,46,208,1,0,0,0,0,0,0,0
135.000000,134.944809,131,253,242,252,190,1,76,208,129,0,0,0,0,0,0,0
135.109894,135.049240,131,253,242,252,190,1,76,208,129,0,0,0,0,0,0,0
135.274719,135.208755,131,253,242,252,190,1,76,208,129,0,0,0,0,0,0,0
135.384613,135.340744,131,253,242,252,190,1,76,208,129,0,0,0,0,0,0,0
135.494507,135.446289,131,253,242,252,191,0,64,208,129,0,0,0,0,0,0,0
135.659348,135.606262,131,253,242,252,191,0,75,208,129,0,0,0,0,0,0,0
135.769226,135.710480,131,253,242,252,190,0,56,208,129,0,0,0,0,0,0,0
135.934067,135.869843,131,253,242,252,190,0,56,208,129,0,0,0,0,0,0,0
136.043961,135.974060,131,253,242,252,190,0,56,208,129,0,0,0,0,0,0,0
136.153839,136.105942,131,253,242,252,190,0,56,208,129,0,0,0,0,0,0,0
136.318680,136.265091,131,253,242,252,190,0,56,208,129,0,0,0,0,0,0,0
136.428574,136.370392,131,253,242,252,190,0,43,208,1,0,0,0,0,0,0,0
136.593399,136.534348,131,253,242,252,190,0,43,208,1,0,0,0,0,0,0,0
136.703293,136.647690,131,253,242,252,190,0,43,208,1,0,0,0,0,0,0,0
136.868134,136.815842,131,253,242,252,190,0,43,208,1,0,0,0,0,0,0,0
136.978027,136.930145,131,253,242,252,190,0,59,208,129,0,0,0,0,0,0,0
137.142853,137.098755,131,253,242,252,190,0,64,208,1,0,0,0,0,0,0,0
137.307693,137.240021,131,253,242,252,190,0,64,208,1,0,0,0,0,0,0,0
137.417587,137.351959,131,253,242,252,190,0,72,208,129,0,0,0,0,0,0,0
137.582413,137.511429,131,254,242,252,191,1,51,208,129,0,0,0,0,0,0,0
137.692307,137.643005,131,254,242,252,191,1,51,208,129,0,0,0,0,0,0,0
137.802200,137.747330,131,253,242,252,191,0,75,208,129,0,0,0,0,0,0,0
137.967026,137.906723,131,253,242,252,190,1,79,208,129,0,0,0,0,0,0,0
138.076920,138.011154,131,253,242,252,190,1,79,208,129,0,0,0,0,0,0,0
138.241760,138.171280,131,253,242,252,191,1,55,208,1,0,0,0,0,0,0,0
138.351654,138.303223,131,253,243,252,191,1,55,208,1,0,0,0,0,0,0,0
138.461533,138.410721,131,253,243,252,190,0,55,208,129,0,0,0,0,0,0,0
138.626373,138.570129,131,253,243,252,191,0,88,208,129,0,0,0,0,0,0,0
138.736267,138.675064,131,253,243,252,191,0,56,208,129,0,0,0,0,0,0,0
138.901093,138.835541,131,253,242,252,191,0,64,208,1,0,0,0,0,0,0,0
139.010986,138.940384,131,253,243,252,191,0,64,208,1,0,0,0,0,0,0,0
139.120880,139.072418,131,253,243,252,191,0,64,208,1,0,0,0,0,0,0,0
139.285721,139.231873,131,253,243,252,191,0,64,208,1,0,0,0,0,0,0,0
