0.000000,0.000000,131,253,216,252,192,1,92,208,129,0,0,0,0,0,0,0
0.000000,0.011433,131,253,216,252,192,1,92,208,129,0,0,0,0,0,0,0
0.054945,0.049923,131,253,216,252,192,1,92,208,129,0,0,0,0,0,0,0
0.109890,0.115924,131,253,216,252,192,1,92,208,129,0,0,0,0,0,0,0
0.164835,0.126948,131,253,216,252,192,1,92,208,129,0,0,0,0,0,0,0
0.164835,0.165641,131,253,216,252,192,1,92,208,129,0,0,0,0,0,0,0
0.219780,0.231434,131,253,216,252,191,1,84,208,1,0,0,0,0,0,0,0
0.274725,0.268438,131,253,216,252,191,1,84,208,1,0,0,0,0,0,0,0
0.274725,0.277567,131,253,216,252,191,1,84,208,1,0,0,0,0,0,0,0
0.329670,0.341317,131,253,216,252,192,1,84,208,1,0,0,0,0,0,0,0
0.384615,0.377656,131,253,216,252,192,0,63,208,129,0,0,0,0,0,0,0
0.384615,0.387399,131,253,216,252,192,0,63,208,129,0,0,0,0,0,0,0
0.439560,0.451097,131,253,216,252,192,0,63,208,129,0,0,0,0,0,0,0
0.494505,0.487443,131,253,216,252,192,0,63,208,129,0,0,0,0,0,0,0
0.494505,0.496361,131,253,216,252,192,0,63,208,129,0,0,0,0,0,0,0
0.549451,0.560011,131,253,216,252,192,0,63,208,129,0,0,0,0,0,0,0
0.604396,0.596397,131,253,216,252,192,0,63,208,129,0,0,0,0,0,0,0
0.604396,0.605529,131,253,216,252,192,0,72,208,1,0,0,0,0,0,0,0
0.659341,0.669993,131,253,216,252,192,1,48,208,1,0,0,0,0,0,0,0
0.714286,0.706334,131,253,216,252,191,1,59,208,1,0,0,0,0,0,0,0
0.714286,0.715310,131,253,216,252,192,1,79,208,1,0,0,0,0,0,0,0
0.769231,0.779006,131,253,216,252,192,1,79,208,1,0,0,0,0,0,0,0
0.824176,0.815623,131,253,216,252,192,1,79,208,1,0,0,0,0,0,0,0
0.824176,0.824679,131,253,216,252,192,1,79,208,1,0,0,0,0,0,0,0
0.879121,0.888324,131,253,216,252,192,1,79,208,1,0,0,0,0,0,0,0
0.879121,0.897198,131,253,216,252,192,1,79,208,1,0,0,0,0,0,0,0
0.934066,0.933945,131,253,216,252,191,1,84,208,1,0,0,0,0,0,0,0
0.989011,0.997747,131,253,216,252,192,0,84,208,129,0,0,0,0,0,0,0
0.989011,1.007390,131,253,216,252,192,0,60,208,129,0,0,0,0,0,0,0
1.043956,1.044034,131,253,216,252,192,0,60,208,129,0,0,0,0,0,0,0
1.098901,1.107680,131,253,216,252,192,0,60,208,129,0,0,0,0,0,0,0
1.098901,1.116556,131,253,216,252,192,0,60,208,129,0,0,0,0,0,0,0
1.153846,1.153099,131,253,216,252,192,0,60,208,129,0,0,0,0,0,0,0
1.208791,1.216896,131,253,216,252,192,0,60,208,129,0,0,0,0,0,0,0
1.208791,1.225773,131,253,216,252,192,0,60,208,129,0,0,0,0,0,0,0
1.263736,1.262007,131,253,216,252,192,0,60,208,129,0,0,0,0,0,0,0
1.318681,1.325857,131,253,216,252,192,0,60,208,129,0,0,0,0,0,0,0
1.318681,1.334732,131,253,216,252,192,0,60,208,129,0,0,0,0,0,0,0
1.373626,1.373733,131,253,216,252,192,0,60,208,129,0,0,0,0,0,0,0
1.428571,1.437532,131,253,216,252,192,0,60,208,129,0,0,0,0,0,0,0
1.483516,1.476073,131,253,216,252,192,0,60,208,129,0,0,0,0,0,0,0
1.483516,1.487199,131,253,216,252,192,0,60,208,129,0,0,0,0,0,0,0
1.538462,1.553300,131,253,215,252,192,0,60,208,129,0,0,0,0,0,0,0
1.593407,1.591787,131,253,215,252,192,1,64,208,129,0,0,0,0,0,0,0
1.593407,1.600767,131,253,215,252,191,0,39,208,129,0,0,0,0,0,0,0
1.648352,1.664465,131,253,215,252,191,0,39,208,129,0,0,0,0,0,0,0
1.703297,1.700800,131,253,215,252,191,0,39,208,129,0,0,0,0,0,0,0
1.703297,1.709880,131,253,215,252,192,0,39,208,129,0,0,0,0,0,0,0
1.758242,1.773677,131,253,215,252,192,0,64,208,129,0,0,0,0,0,0,0
1.813187,1.810122,131,253,215,252,192,0,64,208,129,0,0,0,0,0,0,0
1.813187,1.819098,131,253,215,252,192,0,64,208,129,0,0,0,0,0,0,0
1.868132,1.882896,131,253,215,252,192,0,64,208,129,0,0,0,0,0,0,0
1.923077,1.919184,131,253,215,252,192,0,64,208,129,0,0,0,0,0,0,0
1.923077,1.928365,131,253,215,252,192,0,64,208,129,0,0,0,0,0,0,0
1.978022,1.992218,131,253,215,252,192,0,64,208,129,0,0,0,0,0,0,0
2.032967,2.028553,131,253,215,252,192,0,64,208,129,0,0,0,0,0,0,0
2.032967,2.037641,131,253,215,252,192,0,64,208,129,0,0,0,0,0,0,0
2.087912,2.101536,131,253,215,252,192,0,64,208,129,0,0,0,0,0,0,0
2.142857,2.137875,131,253,215,252,192,0,64,208,129,0,0,0,0,0,0,0
2.142857,2.146851,131,253,215,252,192,0,64,208,129,0,0,0,0,0,0,0
2.197802,2.210704,131,253,215,252,191,0,64,208,129,0,0,0,0,0,0,0
2.252747,2.247041,131,253,215,252,191,0,76,208,129,0,0,0,0,0,0,0
2.252747,2.256070,131,253,215,252,191,0,76,208,129,0,0,0,0,0,0,0
2.307692,2.320024,131,253,215,252,191,0,76,208,129,0,0,0,0,0,0,0
2.362637,2.356360,131,253,215,252,191,0,76,208,129,0,0,0,0,0,0,0
2.362637,2.365335,131,253,215,252,191,0,76,208,129,0,0,0,0,0,0,0
2.417583,2.428985,131,253,215,252,191,0,76,208,129,0,0,0,0,0,0,0
2.472528,2.465374,131,253,215,252,191,0,76,208,129,0,0,0,0,0,0,0
2.472528,2.474555,131,253,215,252,191,0,76,208,129,0,0,0,0,0,0,0
2.527472,2.538251,131,253,215,252,191,0,76,208,129,0,0,0,0,0,0,0
2.582417,2.574592,131,253,215,252,191,0,76,208,129,0,0,0,0,0,0,0
2.582417,2.583671,131,253,215,252,191,0,76,208,129,0,0,0,0,0,0,0
2.637363,2.647522,131,253,215,252,192,0,76,208,129,0,0,0,0,0,0,0
2.692308,2.683861,131,253,215,252,192,0,63,208,129,0,0,0,0,0,0,0
2.692308,2.692937,131,253,215,252,192,0,63,208,129,0,0,0,0,0,0,0
2.747253,2.758735,131,253,215,252,192,0,63,208,129,0,0,0,0,0,0,0
2.802198,2.795174,131,253,215,252,191,1,47,208,129,0,0,0,0,0,0,0
2.802198,2.806301,131,253,215,252,192,1,79,208,129,0,0,0,0,0,0,0
2.857143,2.872402,131,253,215,252,192,1,79,208,129,0,0,0,0,0,0,0
2.912088,2.910890,131,253,215,252,192,1,79,208,129,0,0,0,0,0,0,0
2.912088,2.922019,131,253,215,252,192,1,79,208,129,0,0,0,0,0,0,0
2.967033,2.960562,131,253,215,252,192,0,63,208,1,0,0,0,0,0,0,0
3.021978,3.027175,131,253,215,252,192,0,82,208,1,0,0,0,0,0,0,0
3.021978,3.035840,131,253,215,252,192,0,64,208,1,0,0,0,0,0,0,0
3.076923,3.072128,131,253,215,252,191,0,47,208,1,0,0,0,0,0,0,0
3.131868,3.136437,131,253,215,252,191,0,47,208,1,0,0,0,0,0,0,0
3.131868,3.145161,131,253,215,252,191,0,47,208,1,0,0,0,0,0,0,0
3.186813,3.181550,131,253,215,252,192,0,47,208,1,0,0,0,0,0,0,0
3.241758,3.245245,131,253,215,252,192,0,35,208,129,0,0,0,0,0,0,0
3.241758,3.255044,131,253,215,252,192,0,35,208,129,0,0,0,0,0,0,0
3.296703,3.291282,131,253,214,252,191,1,76,208,129,0,0,0,0,0,0,0
3.351648,3.355028,131,253,214,252,191,1,76,208,129,0,0,0,0,0,0,0
3.351648,3.364007,131,253,214,252,191,1,76,208,129,0,0,0,0,0,0,0
3.406593,3.400343,131,253,214,252,191,1,76,208,129,0,0,0,0,0,0,0
3.461539,3.464556,131,253,214,252,191,1,76,208,129,0,0,0,0,0,0,0
3.461539,3.473887,131,253,214,252,191,1,76,208,129,0,0,0,0,0,0,0
3.516484,3.510176,131,253,215,252,192,0,56,208,1,0,0,0,0,0,0,0
3.571429,3.574590,131,253,215,252,191,0,63,208,1,0,0,0,0,0,0,0
3.571429,3.583871,131,253,215,252,192,0,90,208,1,0,0,0,0,0,0,0
3.626374,3.620159,131,253,215,252,192,0,90,208,1,0,0,0,0,0,0,0
3.681319,3.683857,131,253,215,252,192,0,90,208,1,0,0,0,0,0,0,0
3.681319,3.692938,131,253,215,252,191,0,47,208,1,0,0,0,0,0,0,0
3.736264,3.729278,131,253,215,252,191,0,47,208,1,0,0,0,0,0,0,0
3.791209,3.793075,131,253,215,252,191,1,76,208,129,0,0,0,0,0,0,0
3.791209,3.803075,131,253,215,252,191,0,56,208,129,0,0,0,0,0,0,0
3.846154,3.839363,131,253,215,252,191,0,56,208,129,0,0,0,0,0,0,0
3.901099,3.903057,131,253,215,252,191,0,56,208,129,0,0,0,0,0,0,0
3.901099,3.912139,131,253,215,252,191,0,56,208,129,0,0,0,0,0,0,0
3.956044,3.948477,131,253,215,252,191,0,56,208,129,0,0,0,0,0,0,0
4.010989,4.012327,131,253,215,252,192,1,56,208,129,0,0,0,0,0,0,0
4.010989,4.021561,131,253,215,252,192,1,56,208,129,0,0,0,0,0,0,0
4.065934,4.057951,131,253,215,252,192,1,56,208,129,0,0,0,0,0,0,0
4.120879,4.121697,131,253,215,252,192,1,56,208,129,0,0,0,0,0,0,0
4.120879,4.130674,131,253,215,252,192,1,56,208,129,0,0,0,0,0,0,0
4.175824,4.169161,131,253,215,252,192,1,56,208,129,0,0,0,0,0,0,0
4.230769,4.232862,131,253,215,252,192,1,56,208,129,0,0,0,0,0,0,0
4.230769,4.241841,131,253,215,252,192,1,56,208,129,0,0,0,0,0,0,0
4.285714,4.278075,131,253,215,252,192,1,56,208,129,0,0,0,0,0,0,0
4.340659,4.341975,131,253,214,252,192,1,56,208,129,0,0,0,0,0,0,0
4.340659,4.351108,131,253,214,252,192,0,56,208,1,0,0,0,0,0,0,0
4.395605,4.388060,131,253,214,252,192,0,56,208,1,0,0,0,0,0,0,0
4.450550,4.451808,131,253,214,252,191,1,75,208,129,0,0,0,0,0,0,0
4.450550,4.461500,131,253,214,252,191,1,75,208,129,0,0,0,0,0,0,0
4.505495,4.497890,131,253,214,252,191,1,75,208,129,0,0,0,0,0,0,0
4.560440,4.561740,131,253,214,252,191,1,75,208,129,0,0,0,0,0,0,0
4.560440,4.570923,131,253,214,252,191,1,75,208,129,0,0,0,0,0,0,0
4.615385,4.607263,131,253,214,252,191,1,75,208,129,0,0,0,0,0,0,0
4.670330,4.670959,131,253,214,252,191,1,75,208,129,0,0,0,0,0,0,0
4.670330,4.679986,131,253,214,252,191,1,75,208,129,0,0,0,0,0,0,0
4.725275,4.716276,131,253,214,252,191,1,75,208,129,0,0,0,0,0,0,0
4.780220,4.780024,131,253,214,252,191,1,75,208,129,0,0,0,0,0,0,0
4.780220,4.789101,131,253,214,252,191,1,75,208,129,0,0,0,0,0,0,0
4.835165,4.825449,131,253,214,252,191,1,75,208,129,0,0,0,0,0,0,0
4.890110,4.889189,131,253,214,252,191,1,75,208,129,0,0,0,0,0,0,0
4.890110,4.898269,131,253,214,252,191,0,64,208,1,0,0,0,0,0,0,0
4.945055,4.937472,131,253,214,252,191,0,64,208,1,0,0,0,0,0,0,0
5.000000,5.003467,131,253,214,252,191,0,64,208,1,0,0,0,0,0,0,0
5.000000,5.014700,131,253,214,252,191,0,64,208,1,0,0,0,0,0,0,0
5.054945,5.053496,131,253,214,252,191,0,64,208,1,0,0,0,0,0,0,0
5.109890,5.119549,131,253,214,252,191,0,64,208,1,0,0,0,0,0,0,0
5.164835,5.158036,131,253,214,252,191,0,64,208,1,0,0,0,0,0,0,0
5.164835,5.169363,131,253,214,252,191,0,64,208,1,0,0,0,0,0,0,0
5.219780,5.235265,131,253,214,252,191,0,64,208,1,0,0,0,0,0,0,0
5.274725,5.273700,131,253,214,252,192,1,80,208,1,0,0,0,0,0,0,0
5.274725,5.284876,131,253,214,252,192,1,80,208,1,0,0,0,0,0,0,0
5.329670,5.323264,131,253,214,252,192,1,80,208,1,0,0,0,0,0,0,0
5.384615,5.389267,131,253,214,252,192,1,80,208,1,0,0,0,0,0,0,0
5.439560,5.400340,131,253,214,252,192,1,80,208,1,0,0,0,0,0,0,0
5.439560,5.439132,131,253,214,252,192,1,84,208,1,0,0,0,0,0,0,0
5.494505,5.502937,131,253,214,252,192,1,64,208,1,0,0,0,0,0,0,0
5.549450,5.539379,131,253,214,252,192,1,64,208,1,0,0,0,0,0,0,0
5.549450,5.548501,131,253,214,252,192,1,64,208,1,0,0,0,0,0,0,0
5.604395,5.612204,131,253,214,252,191,0,75,207,1,0,0,0,0,0,0,0
5.604395,5.621127,131,253,214,252,191,0,75,207,129,0,0,0,0,0,0,0
5.659341,5.658439,131,253,214,252,191,0,75,207,129,0,0,0,0,0,0,0
5.714286,5.722603,131,253,214,252,191,0,75,207,129,0,0,0,0,0,0,0
5.769231,5.758840,131,253,214,252,191,0,75,207,129,0,0,0,0,0,0,0
5.769231,5.767809,131,253,214,252,191,0,75,207,129,0,0,0,0,0,0,0
5.824176,5.831573,131,253,214,252,191,0,75,207,129,0,0,0,0,0,0,0
5.824176,5.840432,131,253,214,252,192,0,64,207,129,0,0,0,0,0,0,0
5.879121,5.877078,131,253,214,252,192,0,64,208,1,0,0,0,0,0,0,0
5.934066,5.941597,131,253,214,252,192,0,64,208,1,0,0,0,0,0,0,0
5.934066,5.950366,131,253,214,252,192,0,64,208,1,0,0,0,0,0,0,0
5.989011,5.987115,131,254,214,252,191,0,86,208,1,0,0,0,0,0,0,0
6.043956,6.050914,131,254,214,252,191,0,86,208,1,0,0,0,0,0,0,0
6.043956,6.059637,131,254,214,252,191,0,86,208,1,0,0,0,0,0,0,0
6.098901,6.096228,131,254,214,252,191,0,86,208,1,0,0,0,0,0,0,0
6.153846,6.160081,131,253,214,252,191,0,86,208,1,0,0,0,0,0,0,0
6.153846,6.168849,131,253,214,252,192,1,79,208,129,0,0,0,0,0,0,0
6.208791,6.206163,131,253,214,252,192,1,76,208,129,0,0,0,0,0,0,0
6.263736,6.270269,131,253,214,252,191,0,48,208,129,0,0,0,0,0,0,0
6.263736,6.279092,131,253,214,252,191,0,48,208,129,0,0,0,0,0,0,0
6.318681,6.315379,131,253,214,252,191,0,48,208,129,0,0,0,0,0,0,0
6.373626,6.379234,131,253,214,252,191,0,48,208,129,0,0,0,0,0,0,0
6.373626,6.388054,131,253,214,252,191,0,48,208,129,0,0,0,0,0,0,0
6.428571,6.424340,131,253,214,252,191,0,48,208,129,0,0,0,0,0,0,0
6.483517,6.488245,131,253,214,252,191,0,47,208,1,0,0,0,0,0,0,0
6.483517,6.497837,131,253,214,252,191,0,47,208,1,0,0,0,0,0,0,0
6.538462,6.534172,131,253,214,252,191,0,47,208,1,0,0,0,0,0,0,0
6.593407,6.598024,131,253,214,252,191,0,47,208,1,0,0,0,0,0,0,0
6.593407,6.609206,131,253,214,252,191,0,47,208,1,0,0,0,0,0,0,0
6.648352,6.645541,131,253,214,252,191,0,47,208,1,0,0,0,0,0,0,0
6.703297,6.709286,131,253,214,252,191,0,47,208,1,0,0,0,0,0,0,0
6.703297,6.718318,131,253,214,252,192,1,85,208,129,0,0,0,0,0,0,0
6.758242,6.755372,131,253,214,252,192,0,64,208,129,0,0,0,0,0,0,0
6.813187,6.819117,131,253,214,252,192,0,64,208,129,0,0,0,0,0,0,0
6.813187,6.828301,131,253,214,252,192,0,64,208,129,0,0,0,0,0,0,0
6.868132,6.864539,131,253,214,252,192,0,64,208,129,0,0,0,0,0,0,0
6.923077,6.928285,131,253,214,252,192,0,64,208,129,0,0,0,0,0,0,0
6.923077,6.937315,131,253,214,252,191,0,64,208,1,0,0,0,0,0,0,0
6.978022,6.974318,131,253,214,252,191,0,64,208,1,0,0,0,0,0,0,0
7.032967,7.038066,131,253,214,252,191,0,64,208,1,0,0,0,0,0,0,0
7.032967,7.047145,131,253,214,252,191,0,64,208,1,0,0,0,0,0,0,0
7.087912,7.083434,131,253,214,252,191,0,64,208,1,0,0,0,0,0,0,0
7.142857,7.147233,131,253,214,252,191,0,64,208,1,0,0,0,0,0,0,0
7.142857,7.156468,131,253,214,252,192,1,48,208,1,0,0,0,0,0,0,0
7.197802,7.192853,131,254,213,252,192,1,55,208,1,0,0,0,0,0,0,0
7.252747,7.256552,131,254,213,252,192,1,55,208,1,0,0,0,0,0,0,0
7.252747,7.265584,131,254,213,252,192,1,55,208,1,0,0,0,0,0,0,0
7.307693,7.301816,131,253,213,252,192,1,55,208,1,0,0,0,0,0,0,0
7.362638,7.365520,131,253,213,252,191,1,48,208,129,0,0,0,0,0,0,0
7.362638,7.375464,131,253,213,252,191,1,48,208,129,0,0,0,0,0,0,0
7.417583,7.411800,131,253,213,252,191,1,48,208,129,0,0,0,0,0,0,0
7.472528,7.475556,131,253,213,252,191,1,48,208,129,0,0,0,0,0,0,0
7.472528,7.484681,131,253,213,252,192,1,48,208,129,0,0,0,0,0,0,0
7.527472,7.520965,131,253,213,252,192,0,48,208,1,0,0,0,0,0,0,0
7.582417,7.585388,131,253,213,252,192,0,48,208,1,0,0,0,0,0,0,0
7.582417,7.594411,131,253,213,252,192,0,48,208,1,0,0,0,0,0,0,0
7.637362,7.630748,131,253,213,252,192,0,48,208,1,0,0,0,0,0,0,0
7.692307,7.694495,131,253,213,252,192,0,48,208,1,0,0,0,0,0,0,0
7.692307,7.705880,131,253,213,252,192,0,48,208,1,0,0,0,0,0,0,0
7.747253,7.744366,131,253,213,252,192,0,48,208,1,0,0,0,0,0,0,0
7.802198,7.810215,131,253,213,252,192,0,48,208,1,0,0,0,0,0,0,0
7.857143,7.848856,131,253,213,252,191,0,80,208,129,0,0,0,0,0,0,0
7.857143,7.858291,131,253,213,252,191,0,56,208,129,0,0,0,0,0,0,0
7.912088,7.922090,131,253,213,252,191,0,47,208,129,0,0,0,0,0,0,0
7.967033,7.958892,131,253,213,252,191,0,47,208,129,0,0,0,0,0,0,0
7.967033,7.967662,131,253,213,252,192,1,47,208,129,0,0,0,0,0,0,0
8.021978,8.031412,131,253,213,252,192,1,80,208,129,0,0,0,0,0,0,0
8.076923,8.067903,131,253,213,252,191,1,64,208,129,0,0,0,0,0,0,0
8.076923,8.076674,131,253,213,252,191,1,64,208,129,0,0,0,0,0,0,0
8.131868,8.140424,131,253,213,252,191,1,64,208,129,0,0,0,0,0,0,0
8.186813,8.177018,131,253,213,252,191,1,64,208,129,0,0,0,0,0,0,0
8.186813,8.185943,131,253,213,252,191,1,64,208,129,0,0,0,0,0,0,0
8.241758,8.249692,131,253,213,252,191,1,64,208,129,0,0,0,0,0,0,0
8.296703,8.286337,131,253,213,252,191,1,64,208,129,0,0,0,0,0,0,0
8.296703,8.295110,131,253,213,252,191,1,64,208,129,0,0,0,0,0,0,0
8.351648,8.358809,131,253,213,252,191,1,64,208,129,0,0,0,0,0,0,0
8.406593,8.395308,131,253,213,252,191,1,64,208,129,0,0,0,0,0,0,0
8.406593,8.404073,131,253,213,252,191,1,64,208,129,0,0,0,0,0,0,0
8.461538,8.467820,131,253,213,252,191,1,64,208,129,0,0,0,0,0,0,0
8.461538,8.477105,131,253,213,252,191,0,39,208,129,0,0,0,0,0,0,0
8.516483,8.513647,131,253,213,252,191,0,39,208,129,0,0,0,0,0,0,0
8.571428,8.577346,131,253,213,252,191,0,39,208,129,0,0,0,0,0,0,0
8.571428,8.586372,131,253,213,252,192,0,56,208,129,0,0,0,0,0,0,0
8.626373,8.622708,131,253,213,252,192,0,56,208,129,0,0,0,0,0,0,0
8.681318,8.686408,131,253,213,252,192,0,56,208,129,0,0,0,0,0,0,0
8.681318,8.695489,131,253,213,252,192,0,56,208,129,0,0,0,0,0,0,0
8.736263,8.731724,131,253,213,252,192,0,79,208,1,0,0,0,0,0,0,0
8.791209,8.796136,131,253,213,252,192,0,79,208,1,0,0,0,0,0,0,0
8.791209,8.805218,131,253,213,252,192,0,79,208,1,0,0,0,0,0,0,0
8.846154,8.841605,131,253,213,252,191,0,43,208,1,0,0,0,0,0,0,0
8.901099,8.905354,131,253,213,252,191,0,43,208,1,0,0,0,0,0,0,0
8.901099,8.914385,131,253,213,252,191,0,43,208,1,0,0,0,0,0,0,0
8.956044,8.950619,131,253,213,252,191,0,43,208,1,0,0,0,0,0,0,0
9.010989,9.016463,131,253,213,252,191,0,43,208,1,0,0,0,0,0,0,0
9.010989,9.025650,131,253,213,252,191,0,43,208,1,0,0,0,0,0,0,0
9.065934,9.062036,131,253,213,252,191,0,43,208,1,0,0,0,0,0,0,0
9.120879,9.125785,131,253,213,252,191,0,43,208,1,0,0,0,0,0,0,0
9.120879,9.134967,131,253,213,252,191,0,43,208,1,0,0,0,0,0,0,0
9.175824,9.171355,131,253,213,252,191,0,43,208,1,0,0,0,0,0,0,0
9.230769,9.235051,131,253,213,252,192,1,38,208,129,0,0,0,0,0,0,0
9.230769,9.244799,131,253,213,252,191,1,43,208,1,0,0,0,0,0,0,0
9.285714,9.281853,131,253,213,252,192,0,63,208,1,0,0,0,0,0,0,0
9.340659,9.345701,131,253,213,252,191,0,80,208,1,0,0,0,0,0,0,0
9.340659,9.354935,131,253,213,252,191,0,80,208,1,0,0,0,0,0,0,0
9.395604,9.391278,131,253,213,252,191,0,80,208,1,0,0,0,0,0,0,0
9.450549,9.455123,131,253,213,252,191,0,80,208,1,0,0,0,0,0,0,0
9.450549,9.464514,131,253,213,252,191,0,80,208,1,0,0,0,0,0,0,0
9.505494,9.500797,131,253,213,252,191,0,80,208,1,0,0,0,0,0,0,0
9.560439,9.564599,131,253,213,252,191,1,68,208,1,0,0,0,0,0,0,0
9.560439,9.573676,131,253,213,252,191,1,68,208,129,0,0,0,0,0,0,0
9.615385,9.610631,131,253,213,252,191,1,68,208,129,0,0,0,0,0,0,0
9.670330,9.674479,131,253,213,252,191,1,68,208,129,0,0,0,0,0,0,0
9.670330,9.683611,131,253,213,252,191,1,68,208,129,0,0,0,0,0,0,0
9.725275,9.719898,131,253,213,252,191,1,68,208,129,0,0,0,0,0,0,0
9.780220,9.783750,131,253,213,252,191,0,72,208,129,0,0,0,0,0,0,0
9.780220,9.793036,131,253,213,252,191,0,72,208,129,0,0,0,0,0,0,0
9.835165,9.829370,131,253,213,252,191,0,72,208,129,0,0,0,0,0,0,0
9.890110,9.893069,131,253,213,252,191,0,72,208,129,0,0,0,0,0,0,0
9.890110,9.902351,131,253,213,252,191,0,72,208,129,0,0,0,0,0,0,0
9.945055,9.938691,131,253,213,252,191,0,72,208,129,0,0,0,0,0,0,0
10.000000,10.002595,131,253,213,252,191,0,72,208,129,0,0,0,0,0,0,0
10.000000,10.011621,131,253,213,252,191,0,72,208,129,0,0,0,0,0,0,0
10.054945,10.047956,131,253,213,252,191,0,72,208,129,0,0,0,0,0,0,0
10.109890,10.111761,131,253,213,252,191,0,72,208,129,0,0,0,0,0,0,0
10.164835,10.123039,131,253,213,252,191,0,72,208,129,0,0,0,0,0,0,0
10.164835,10.161580,131,253,213,252,191,0,72,208,129,0,0,0,0,0,0,0
10.219780,10.227423,131,253,213,252,191,0,72,208,129,0,0,0,0,0,0,0
10.274725,10.266168,131,253,213,252,191,0,72,208,129,0,0,0,0,0,0,0
10.274725,10.276986,131,253,213,252,191,0,72,208,129,0,0,0,0,0,0,0
10.329670,10.342987,131,253,213,252,191,0,72,208,129,0,0,0,0,0,0,0
10.384615,10.381679,131,253,213,252,191,0,72,208,129,0,0,0,0,0,0,0
10.384615,10.392654,131,253,213,252,191,0,72,208,129,0,0,0,0,0,0,0
10.439561,10.431143,131,253,213,252,192,0,64,208,1,0,0,0,0,0,0,0
10.494506,10.497705,131,253,213,252,192,0,64,208,1,0,0,0,0,0,0,0
10.494506,10.508986,131,253,213,252,191,0,43,208,1,0,0,0,0,0,0,0
10.549451,10.545423,131,253,213,252,191,0,43,208,1,0,0,0,0,0,0,0
10.604396,10.609224,131,253,213,252,191,0,81,208,1,0,0,0,0,0,0,0
10.604396,10.618253,131,253,213,252,191,0,81,208,1,0,0,0,0,0,0,0
10.659341,10.654695,131,253,213,252,191,0,81,208,1,0,0,0,0,0,0,0
10.714286,10.718390,131,253,213,252,191,0,81,208,1,0,0,0,0,0,0,0
10.714286,10.727625,131,253,213,252,191,0,81,208,1,0,0,0,0,0,0,0
10.769231,10.763959,131,253,213,252,191,0,81,208,1,0,0,0,0,0,0,0
10.824176,10.827761,131,253,213,252,191,0,81,208,1,0,0,0,0,0,0,0
10.824176,10.836740,131,253,212,252,192,0,81,208,1,0,0,0,0,0,0,0
10.879121,10.873077,131,253,213,252,192,0,64,208,134,0,0,0,0,0,0,0
10.934066,10.941022,131,253,213,252,191,1,32,208,134,0,0,0,0,0,0,0
10.989011,10.977464,131,253,213,252,191,1,32,208,134,0,0,0,0,0,0,0
10.989011,10.986337,131,253,213,252,192,1,63,208,6,0,0,0,0,0,0,0
11.043956,11.050857,131,253,213,252,192,1,76,208,6,0,0,0,0,0,0,0
11.098901,11.087296,131,253,212,252,191,1,64,208,6,0,0,0,0,0,0,0
11.098901,11.096066,131,253,212,252,191,1,64,208,0,0,0,0,0,0,0,0
11.153846,11.161094,131,253,212,252,191,1,64,208,0,0,0,0,0,0,0,0
11.208791,11.197536,131,253,212,252,191,1,64,208,0,0,0,0,0,0,0,0
11.208791,11.206306,131,253,212,252,191,1,64,208,0,0,0,0,0,0,0,0
11.263737,11.270004,131,253,212,252,191,1,64,208,0,0,0,0,0,0,0,0
11.318682,11.306652,131,253,213,252,191,1,64,208,0,0,0,0,0,0,0,0
11.318682,11.315424,131,253,213,252,191,1,64,208,0,0,0,0,0,0,0,0
11.373627,11.379328,131,253,212,252,191,1,64,208,0,0,0,0,0,0,0,0
11.373627,11.388250,131,253,212,252,192,0,59,208,134,0,0,0,0,0,0,0
11.428572,11.426636,131,253,212,252,192,0,59,208,134,0,0,0,0,0,0,0
11.483517,11.490434,131,253,212,252,192,0,59,208,134,0,0,0,0,0,0,0
11.538462,11.526980,131,253,212,252,192,0,59,208,134,0,0,0,0,0,0,0
11.538462,11.535804,131,254,212,252,192,1,39,208,134,0,0,0,0,0,0,0
11.593407,11.599600,131,254,212,252,192,1,39,208,6,0,0,0,0,0,0,0
11.648352,11.636818,131,254,212,252,192,1,39,208,6,0,0,0,0,0,0,0
11.648352,11.645530,131,254,212,252,191,0,79,208,0,0,0,0,0,0,0,0
11.703297,11.712914,131,254,212,252,191,0,79,208,0,0,0,0,0,0,0,0
11.758242,11.749406,131,254,212,252,191,0,79,208,0,0,0,0,0,0,0,0
11.758242,11.758282,131,254,212,252,191,0,79,208,0,0,0,0,0,0,0,0
11.813187,11.822077,131,254,212,252,191,0,79,208,0,0,0,0,0,0,0,0
11.868132,11.858727,131,254,212,252,191,0,79,208,0,0,0,0,0,0,0,0
11.868132,11.867500,131,254,212,252,191,0,79,208,0,0,0,0,0,0,0,0
11.923077,11.931193,131,254,212,252,191,0,79,208,0,0,0,0,0,0,0,0
11.978022,11.967636,131,254,212,252,191,0,79,208,0,0,0,0,0,0,0,0
11.978022,11.976406,131,254,212,252,191,0,79,208,0,0,0,0,0,0,0,0
12.032967,12.040104,131,254,212,252,191,0,79,208,0,0,0,0,0,0,0,0
12.087913,12.076702,131,254,212,252,191,0,79,208,0,0,0,0,0,0,0,0
12.087913,12.085522,131,254,212,252,191,0,79,208,0,0,0,0,0,0,0,0
12.142858,12.149272,131,254,212,252,191,0,79,208,0,0,0,0,0,0,0,0
12.197803,12.185814,131,254,212,252,191,0,79,208,0,0,0,0,0,0,0,0
12.197803,12.194583,131,254,212,252,191,0,79,208,0,0,0,0,0,0,0,0
12.252748,12.258487,131,254,212,252,191,0,79,208,0,0,0,0,0,0,0,0
12.307693,12.295042,131,254,212,252,191,0,79,208,0,0,0,0,0,0,0,0
12.307693,12.303855,131,254,212,252,191,0,79,208,0,0,0,0,0,0,0,0
12.362638,12.367651,131,254,212,252,191,0,79,208,0,0,0,0,0,0,0,0
12.362638,12.376936,131,254,212,252,191,0,79,208,0,0,0,0,0,0,0,0
12.417583,12.413379,131,254,212,252,191,0,79,208,0,0,0,0,0,0,0,0
12.472528,12.477026,131,253,212,252,53,1,77,208,0,0,0,0,0,0,0,0
12.472528,12.486156,131,253,213,252,47,0,77,208,128,0,0,0,0,0,0,0
12.527472,12.523210,131,253,213,252,47,0,95,208,128,0,0,0,0,0,0,0
12.582417,12.586907,131,253,213,252,47,0,95,208,128,0,0,0,0,0,0,0
12.582417,12.595935,131,253,213,252,47,0,95,208,128,0,0,0,0,0,0,0
12.637362,12.632326,131,253,213,252,33,0,96,208,128,0,0,0,0,0,0,0
12.692307,12.696073,131,253,213,252,33,0,96,208,128,0,0,0,0,0,0,0
12.692307,12.705205,131,253,213,252,33,0,96,208,128,0,0,0,0,0,0,0
12.747252,12.741593,131,253,213,252,33,0,96,208,128,0,0,0,0,0,0,0
12.802197,12.805289,131,253,213,252,33,0,96,208,128,0,0,0,0,0,0,0
12.857142,12.816519,131,253,213,252,33,0,96,208,128,0,0,0,0,0,0,0
12.857142,12.854958,131,253,213,252,33,0,96,208,128,0,0,0,0,0,0,0
12.912087,12.921007,131,253,213,252,33,0,96,208,128,0,0,0,0,0,0,0
12.967033,12.959750,131,253,213,252,33,0,96,208,128,0,0,0,0,0,0,0
12.967033,12.970675,131,253,213,252,33,0,96,208,128,0,0,0,0,0,0,0
13.021978,13.009237,131,253,213,252,33,0,96,208,128,0,0,0,0,0,0,0
13.076923,13.075110,131,253,213,252,32,0,96,208,128,0,0,0,0,0,0,0
13.076923,13.086341,131,253,213,252,32,0,95,208,128,0,0,0,0,0,0,0
13.131868,13.124826,131,253,213,252,32,0,95,208,128,0,0,0,0,0,0,0
13.186813,13.190776,131,253,213,252,32,0,95,208,128,0,0,0,0,0,0,0
13.241758,13.229519,131,253,213,252,32,0,95,208,128,0,0,0,0,0,0,0
13.241758,13.240494,131,253,213,252,32,0,95,208,128,0,0,0,0,0,0,0
13.296703,13.306494,131,253,213,252,32,0,95,208,128,0,0,0,0,0,0,0
13.351648,13.345238,131,253,213,252,32,0,95,208,128,0,0,0,0,0,0,0
13.351648,13.356107,131,253,213,252,32,0,95,208,128,0,0,0,0,0,0,0
13.406593,13.394699,131,253,213,252,32,0,95,208,128,0,0,0,0,0,0,0
13.461538,13.460546,131,253,213,252,32,0,95,208,128,0,0,0,0,0,0,0
13.461538,13.471721,131,253,213,252,32,0,95,208,128,0,0,0,0,0,0,0
13.516483,13.510314,131,253,213,252,32,0,95,208,128,0,0,0,0,0,0,0
13.571428,13.576313,131,253,213,252,32,0,95,208,128,0,0,0,0,0,0,0
13.626373,13.614953,131,253,213,252,32,0,95,208,128,0,0,0,0,0,0,0
13.626373,13.625825,131,253,213,252,32,0,95,208,128,0,0,0,0,0,0,0
13.681318,13.691773,131,254,212,252,33,0,67,208,128,0,0,0,0,0,0,0
13.736263,13.730366,131,254,212,252,33,0,67,208,128,0,0,0,0,0,0,0
13.736263,13.741337,131,254,212,252,33,0,67,208,128,0,0,0,0,0,0,0
13.791209,13.779976,131,253,212,252,33,0,67,208,128,0,0,0,0,0,0,0
13.846154,13.845929,131,253,212,252,33,1,79,208,128,0,0,0,0,0,0,0
13.846154,13.857615,131,253,212,252,33,1,79,208,128,0,0,0,0,0,0,0
13.901099,13.896105,131,253,212,252,33,0,100,208,0,0,0,0,0,0,0,0
13.956044,13.960517,131,253,212,252,33,0,100,208,0,0,0,0,0,0,0,0
13.956044,13.969599,131,253,212,252,33,0,84,208,0,0,0,0,0,0,0,0
14.010989,14.006089,131,253,212,252,33,0,84,208,0,0,0,0,0,0,0,0
14.065934,14.069840,131,253,212,252,33,0,84,208,0,0,0,0,0,0,0,0
14.065934,14.078916,131,253,212,252,33,0,84,208,0,0,0,0,0,0,0,0
14.120879,14.115357,131,253,212,252,33,0,84,208,0,0,0,0,0,0,0,0
14.175824,14.179105,131,253,212,252,33,0,84,208,0,0,0,0,0,0,0,0
14.175824,14.188187,131,253,212,252,33,0,84,208,0,0,0,0,0,0,0,0
14.230769,14.224520,131,253,212,252,33,1,84,208,0,0,0,0,0,0,0,0
14.285714,14.288270,131,253,212,252,33,1,87,208,128,0,0,0,0,0,0,0
14.285714,14.298017,131,253,212,252,33,1,87,208,128,0,0,0,0,0,0,0
14.340659,14.334405,131,253,212,252,33,1,87,208,128,0,0,0,0,0,0,0
14.395604,14.398101,131,253,212,252,33,1,87,208,128,0,0,0,0,0,0,0
14.395604,14.407335,131,253,212,252,33,1,87,208,128,0,0,0,0,0,0,0
14.450549,14.443673,131,253,212,252,33,1,87,208,128,0,0,0,0,0,0,0
14.505494,14.507423,131,253,212,252,33,1,87,208,128,0,0,0,0,0,0,0
14.505494,14.516451,131,253,212,252,33,1,87,208,128,0,0,0,0,0,0,0
14.560439,14.552736,131,253,212,252,33,1,87,208,128,0,0,0,0,0,0,0
14.615385,14.616486,131,253,212,252,33,1,87,208,128,0,0,0,0,0,0,0
14.615385,14.625721,131,253,212,252,33,1,87,208,128,0,0,0,0,0,0,0
14.670330,14.661904,131,253,212,252,33,1,87,208,128,0,0,0,0,0,0,0
14.725275,14.725657,131,253,212,252,33,1,87,208,128,0,0,0,0,0,0,0
14.725275,14.734787,131,253,212,252,33,1,87,208,128,0,0,0,0,0,0,0
14.780220,14.771070,131,253,212,252,33,1,87,208,128,0,0,0,0,0,0,0
14.835165,14.834816,131,253,212,252,33,1,87,208,128,0,0,0,0,0,0,0
14.835165,14.843953,131,253,212,252,33,1,87,208,128,0,0,0,0,0,0,0
14.890110,14.880285,131,253,211,252,33,0,87,208,128,0,0,0,0,0,0,0
14.945055,14.944138,131,253,211,252,33,0,59,208,128,0,0,0,0,0,0,0
14.945055,14.953526,131,253,212,252,33,0,59,208,128,0,0,0,0,0,0,0
15.000000,14.989760,131,253,212,252,33,0,78,208,128,0,0,0,0,0,0,0
15.054945,15.053510,131,253,212,252,33,0,78,208,128,0,0,0,0,0,0,0
15.054945,15.064790,131,253,212,252,33,0,78,208,128,0,0,0,0,0,0,0
15.109890,15.101076,131,253,212,251,33,0,56,208,128,0,0,0,0,0,0,0
15.164835,15.167077,131,253,212,251,33,0,56,208,0,0,0,0,0,0,0,0
15.219780,15.206486,131,253,211,252,33,0,56,208,0,0,0,0,0,0,0,0
15.219780,15.217458,131,253,211,252,33,1,71,209,0,0,0,0,0,0,0,0
15.274725,15.283665,131,253,211,252,33,1,71,209,0,0,0,0,0,0,0,0
15.329670,15.322358,131,253,211,252,33,1,71,209,0,0,0,0,0,0,0,0
15.329670,15.333277,131,253,211,252,33,1,71,209,0,0,0,0,0,0,0,0
15.384615,15.371869,131,253,211,252,33,1,71,209,0,0,0,0,0,0,0,0
15.439561,15.437764,131,253,212,252,33,1,71,209,0,0,0,0,0,0,0,0
15.439561,15.448945,131,253,212,252,33,1,71,209,0,0,0,0,0,0,0,0
15.494506,15.487378,131,253,212,252,33,1,71,209,0,0,0,0,0,0,0,0
15.549451,15.553229,131,253,212,252,33,1,71,209,0,0,0,0,0,0,0,0
15.604396,15.591920,131,253,212,252,33,1,71,209,0,0,0,0,0,0,0,0
15.604396,15.602838,131,253,212,252,33,1,71,209,0,0,0,0,0,0,0,0
15.659341,15.668841,131,253,212,252,33,1,71,209,0,0,0,0,0,0,0,0
15.714286,15.707536,131,253,212,252,33,1,71,209,0,0,0,0,0,0,0,0
15.714286,15.718404,131,253,212,252,33,1,71,209,0,0,0,0,0,0,0,0
15.769231,15.756944,131,253,212,252,33,1,71,209,0,0,0,0,0,0,0,0
15.824176,15.822889,131,253,212,252,33,1,71,209,0,0,0,0,0,0,0,0
15.824176,15.834275,131,253,212,252,33,1,71,209,0,0,0,0,0,0,0,0
15.879121,15.872761,131,253,212,252,33,1,71,209,0,0,0,0,0,0,0,0
15.934066,15.938609,131,253,212,252,33,1,71,209,0,0,0,0,0,0,0,0
15.989011,15.977404,131,253,212,252,33,1,71,209,0,0,0,0,0,0,0,0
15.989011,15.988325,131,253,212,252,33,1,71,209,0,0,0,0,0,0,0,0
16.043957,16.054327,131,253,212,252,33,1,71,209,0,0,0,0,0,0,0,0
16.098902,16.093325,131,253,212,252,33,1,71,209,0,0,0,0,0,0,0,0
16.098902,16.104195,131,253,212,252,33,1,71,209,0,0,0,0,0,0,0,0
16.153847,16.142784,131,253,212,252,33,1,71,209,0,0,0,0,0,0,0,0
16.208792,16.208637,131,253,212,252,33,1,71,209,0,0,0,0,0,0,0,0
16.263737,16.219759,131,253,212,252,33,1,71,209,0,0,0,0,0,0,0,0
16.263737,16.258354,131,253,211,252,33,1,71,209,0,0,0,0,0,0,0,0
16.318682,16.324247,131,253,211,252,33,1,71,209,0,0,0,0,0,0,0,0
16.373627,16.363144,131,253,211,252,33,1,71,209,0,0,0,0,0,0,0,0
16.373627,16.374119,131,253,211,252,33,1,71,209,0,0,0,0,0,0,0,0
16.428572,16.440119,131,253,211,252,33,1,71,209,0,0,0,0,0,0,0,0
16.483517,16.479015,131,253,211,252,33,1,71,209,0,0,0,0,0,0,0,0
16.483517,16.489889,131,253,211,252,33,1,71,209,0,0,0,0,0,0,0,0
16.538462,16.528376,131,253,211,252,33,1,71,209,0,0,0,0,0,0,0,0
16.593407,16.594322,131,253,210,252,33,1,71,209,0,0,0,0,0,0,0,0
16.648352,16.605501,131,253,210,252,33,0,78,208,128,0,0,0,0,0,0,0
16.648352,16.644703,131,253,210,252,33,0,78,208,128,0,0,0,0,0,0,0
16.703297,16.710653,131,253,210,252,33,0,78,208,128,0,0,0,0,0,0,0
16.758242,16.749294,131,253,210,252,33,0,78,208,128,0,0,0,0,0,0,0
16.758242,16.760218,131,253,210,252,33,0,78,208,128,0,0,0,0,0,0,0
16.813187,16.799070,131,253,210,252,33,0,78,208,128,0,0,0,0,0,0,0
16.868132,16.864962,131,253,210,252,33,0,78,208,128,0,0,0,0,0,0,0
16.868132,16.876137,131,253,210,252,33,0,78,208,128,0,0,0,0,0,0,0
16.923077,16.914625,131,253,210,252,33,0,78,208,128,0,0,0,0,0,0,0
16.978022,16.980471,131,253,210,252,33,0,78,208,128,0,0,0,0,0,0,0
17.032967,17.019163,131,253,210,252,33,0,78,208,128,0,0,0,0,0,0,0
17.032967,17.030239,131,253,210,252,32,0,64,208,128,0,0,0,0,0,0,0
17.087912,17.093988,131,253,210,252,32,0,64,208,128,0,0,0,0,0,0,0
17.142857,17.130632,131,253,210,252,32,0,64,208,128,0,0,0,0,0,0,0
17.142857,17.139509,131,253,210,252,32,0,64,208,128,0,0,0,0,0,0,0
17.197802,17.203308,131,253,210,252,32,0,64,208,128,0,0,0,0,0,0,0
17.252747,17.239849,131,253,210,252,33,0,64,208,128,0,0,0,0,0,0,0
17.252747,17.248569,131,253,210,252,33,0,64,208,128,0,0,0,0,0,0,0
17.307692,17.312267,131,253,210,252,33,0,47,208,128,0,0,0,0,0,0,0
17.362637,17.349018,131,253,210,252,33,0,47,208,128,0,0,0,0,0,0,0
17.362637,17.357941,131,253,210,252,33,0,47,208,128,0,0,0,0,0,0,0
17.417582,17.421638,131,253,210,252,33,0,47,208,128,0,0,0,0,0,0,0
17.472527,17.458195,131,253,210,252,33,0,47,208,128,0,0,0,0,0,0,0
17.472527,17.466854,131,253,210,252,33,0,47,208,128,0,0,0,0,0,0,0
17.527473,17.530500,131,253,210,252,33,0,47,208,128,0,0,0,0,0,0,0
17.527473,17.539530,131,253,210,252,33,0,47,208,128,0,0,0,0,0,0,0
17.582418,17.575869,131,253,210,252,33,0,47,208,128,0,0,0,0,0,0,0
17.637363,17.639666,131,253,210,252,33,0,47,208,128,0,0,0,0,0,0,0
17.637363,17.648912,131,253,210,252,33,0,47,208,128,0,0,0,0,0,0,0
17.692308,17.685236,131,253,210,252,33,0,47,208,128,0,0,0,0,0,0,0
17.747253,17.748985,131,253,210,252,33,0,68,208,128,0,0,0,0,0,0,0
17.747253,17.758116,131,253,210,252,33,0,68,208,128,0,0,0,0,0,0,0
17.802198,17.794455,131,253,210,252,33,0,68,208,128,0,0,0,0,0,0,0
17.857143,17.858101,131,253,210,252,33,0,68,208,128,0,0,0,0,0,0,0
17.857143,17.867435,131,253,210,252,33,0,68,208,128,0,0,0,0,0,0,0
17.912088,17.903772,131,253,210,252,33,1,72,208,0,0,0,0,0,0,0,0
17.967033,17.968136,131,253,210,252,33,1,72,208,0,0,0,0,0,0,0,0
17.967033,17.977058,131,253,210,252,33,1,72,208,0,0,0,0,0,0,0,0
18.021978,18.013453,131,253,210,252,33,0,47,208,0,0,0,0,0,0,0,0
18.076923,18.077404,131,253,210,252,33,0,47,208,0,0,0,0,0,0,0,0
18.076923,18.086279,131,253,210,252,33,0,47,208,0,0,0,0,0,0,0,0
18.131868,18.122618,131,253,210,252,33,0,47,208,0,0,0,0,0,0,0,0
18.186813,18.186724,131,253,210,252,33,1,32,208,0,0,0,0,0,0,0,0
18.186813,18.197746,131,253,210,252,33,1,32,208,0,0,0,0,0,0,0,0
18.241758,18.234087,131,253,210,252,33,0,63,208,0,0,0,0,0,0,0,0
18.296703,18.300190,131,253,210,252,33,0,63,208,128,0,0,0,0,0,0,0
18.351648,18.339293,131,253,210,252,33,0,63,208,128,0,0,0,0,0,0,0
18.351648,18.350693,131,253,210,252,33,0,63,208,128,0,0,0,0,0,0,0
18.406593,18.416725,131,253,210,252,33,0,63,208,128,0,0,0,0,0,0,0
18.461538,18.455727,131,253,210,252,33,0,63,208,128,0,0,0,0,0,0,0
18.461538,18.466644,131,253,210,252,33,0,63,208,128,0,0,0,0,0,0,0
18.516483,18.505135,131,253,210,252,33,0,48,208,0,0,0,0,0,0,0,0
18.571428,18.569754,131,253,210,252,33,0,48,208,0,0,0,0,0,0,0,0
18.571428,18.578783,131,253,210,252,33,0,48,208,0,0,0,0,0,0,0,0
18.626373,18.615015,131,253,210,252,33,0,48,208,0,0,0,0,0,0,0,0
18.681318,18.678919,131,253,210,252,33,0,48,208,0,0,0,0,0,0,0,0
18.681318,18.687847,131,253,210,252,33,0,48,208,0,0,0,0,0,0,0,0
18.736263,18.724230,131,253,210,252,33,0,48,208,0,0,0,0,0,0,0,0
18.791208,18.788288,131,253,210,252,33,0,48,208,0,0,0,0,0,0,0,0
18.791208,18.797066,131,253,210,252,33,0,48,208,0,0,0,0,0,0,0,0
18.846153,18.833502,131,253,210,252,33,0,48,208,0,0,0,0,0,0,0,0
18.901098,18.897406,131,253,210,252,33,0,64,208,128,0,0,0,0,0,0,0
18.901098,18.906946,131,253,210,252,33,0,64,208,128,0,0,0,0,0,0,0
18.956043,18.943232,131,253,210,252,33,0,64,208,128,0,0,0,0,0,0,0
19.010988,19.007286,131,253,210,252,33,0,64,208,128,0,0,0,0,0,0,0
19.010988,19.016008,131,253,210,252,33,0,64,208,128,0,0,0,0,0,0,0
19.065933,19.052446,131,253,210,252,32,0,64,208,128,0,0,0,0,0,0,0
19.120878,19.116350,131,253,210,252,33,0,34,208,0,0,0,0,0,0,0,0
19.120878,19.125893,131,253,210,252,33,1,31,208,0,0,0,0,0,0,0,0
19.175825,19.162176,131,253,210,252,33,1,31,208,0,0,0,0,0,0,0,0
19.230770,19.226080,131,253,210,252,33,1,31,208,0,0,0,0,0,0,0,0
19.230770,19.234964,131,253,210,252,33,1,31,208,0,0,0,0,0,0,0,0
19.285715,19.271240,131,253,210,252,33,1,31,208,0,0,0,0,0,0,0,0
19.340660,19.335197,131,253,210,252,33,1,31,208,0,0,0,0,0,0,0,0
19.340660,19.343967,131,253,210,252,33,1,31,208,0,0,0,0,0,0,0,0
19.395605,19.380363,131,253,210,252,33,1,31,208,0,0,0,0,0,0,0,0
19.450550,19.444361,131,253,210,252,33,1,31,208,0,0,0,0,0,0,0,0
19.450550,19.453135,131,253,210,252,33,1,31,208,0,0,0,0,0,0,0,0
19.505495,19.516987,131,253,210,252,33,1,31,208,0,0,0,0,0,0,0,0
19.560440,19.553783,131,253,210,252,33,1,31,208,0,0,0,0,0,0,0,0
19.560440,19.562555,131,253,210,252,33,1,31,208,0,0,0,0,0,0,0,0
19.615385,19.626354,131,253,210,252,33,1,31,208,0,0,0,0,0,0,0,0
19.670330,19.662897,131,253,210,252,33,1,31,208,0,0,0,0,0,0,0,0
19.670330,19.673767,131,253,210,252,33,1,31,208,0,0,0,0,0,0,0,0
19.725275,19.710218,131,253,210,252,33,1,31,208,0,0,0,0,0,0,0,0
19.780220,19.776413,131,253,210,252,33,1,64,208,0,0,0,0,0,0,0,0
19.780220,19.787439,131,253,210,252,33,1,64,208,0,0,0,0,0,0,0,0
19.835165,19.825926,131,253,210,252,33,1,64,208,0,0,0,0,0,0,0,0
19.890110,19.892084,131,253,210,252,33,1,64,208,0,0,0,0,0,0,0,0
19.945055,19.930519,131,253,210,252,33,1,64,208,0,0,0,0,0,0,0,0
19.945055,19.941441,131,253,210,252,33,1,64,208,0,0,0,0,0,0,0,0
20.000000,20.007645,131,253,210,252,33,1,64,208,0,0,0,0,0,0,0,0
20.054945,20.046030,131,253,210,252,33,1,64,208,0,0,0,0,0,0,0,0
20.054945,20.056900,131,253,210,252,33,1,64,208,0,0,0,0,0,0,0,0
20.109890,20.095490,131,253,209,252,32,0,64,208,0,0,0,0,0,0,0,0
20.164835,20.161592,131,253,209,252,32,0,64,208,128,0,0,0,0,0,0,0
20.164835,20.173178,131,253,209,252,32,0,64,208,128,0,0,0,0,0,0,0
20.219780,20.211824,131,253,209,252,32,0,64,208,128,0,0,0,0,0,0,0
20.274725,20.277922,131,253,209,252,32,0,64,208,128,0,0,0,0,0,0,0
20.329670,20.316362,131,253,209,252,32,0,64,208,128,0,0,0,0,0,0,0
20.329670,20.327333,131,253,209,252,33,1,39,208,0,0,0,0,0,0,0,0
20.384615,20.394356,131,253,209,252,33,1,39,208,0,0,0,0,0,0,0,0
20.439560,20.433203,131,253,209,252,33,1,39,208,0,0,0,0,0,0,0,0
20.439560,20.444178,131,253,209,252,33,1,39,208,0,0,0,0,0,0,0,0
20.494505,20.482664,131,253,209,252,33,1,39,208,0,0,0,0,0,0,0,0
20.549450,20.548716,131,253,209,252,33,1,39,208,0,0,0,0,0,0,0,0
20.604395,20.559687,131,253,209,252,33,1,39,208,0,0,0,0,0,0,0,0
20.604395,20.598377,131,253,209,252,33,1,39,208,0,0,0,0,0,0,0,0
20.659340,20.664381,131,253,209,252,33,1,39,208,0,0,0,0,0,0,0,0
20.714285,20.702766,131,253,209,252,33,1,39,208,0,0,0,0,0,0,0,0
20.714285,20.713741,131,253,209,252,33,1,39,208,0,0,0,0,0,0,0,0
20.769230,20.779840,131,253,209,252,33,1,39,208,0,0,0,0,0,0,0,0
20.824175,20.818533,131,253,209,252,33,1,39,208,0,0,0,0,0,0,0,0
20.824175,20.829403,131,253,209,252,33,1,39,208,0,0,0,0,0,0,0,0
20.879122,20.867996,131,253,209,252,33,1,39,208,0,0,0,0,0,0,0,0
20.934067,20.934042,131,253,209,252,33,1,39,208,0,0,0,0,0,0,0,0
20.989012,20.945072,131,253,209,252,33,1,39,208,0,0,0,0,0,0,0,0
20.989012,20.983658,131,253,210,252,32,0,47,208,0,0,0,0,0,0,0,0
21.043957,21.050018,131,253,210,252,32,0,47,208,0,0,0,0,0,0,0,0
21.098902,21.088505,131,253,210,252,32,0,47,208,0,0,0,0,0,0,0,0
21.098902,21.099531,131,253,210,252,33,0,48,209,0,0,0,0,0,0,0,0
21.153847,21.138025,131,253,209,252,32,1,48,209,128,0,0,0,0,0,0,0
21.208792,21.202585,131,253,209,252,32,1,63,208,128,0,0,0,0,0,0,0
21.208792,21.211308,131,253,209,252,32,1,63,208,128,0,0,0,0,0,0,0
21.263737,21.247820,131,253,209,252,32,1,63,208,128,0,0,0,0,0,0,0
21.318682,21.311701,131,253,209,252,32,1,63,208,128,0,0,0,0,0,0,0
21.318682,21.320475,131,253,209,252,32,1,63,208,128,0,0,0,0,0,0,0
21.373627,21.384272,131,253,209,252,32,1,63,208,128,0,0,0,0,0,0,0
21.428572,21.420868,131,253,209,252,32,1,63,208,128,0,0,0,0,0,0,0
21.428572,21.429638,131,253,209,252,32,1,63,208,128,0,0,0,0,0,0,0
21.483517,21.493492,131,253,209,252,32,1,63,208,128,0,0,0,0,0,0,0
21.538462,21.529730,131,253,209,252,32,1,63,208,128,0,0,0,0,0,0,0
21.538462,21.538551,131,253,210,252,33,1,53,208,0,0,0,0,0,0,0,0
21.593407,21.603117,131,253,210,252,33,1,53,208,0,0,0,0,0,0,0,0
21.648352,21.639355,131,253,210,252,33,1,53,208,0,0,0,0,0,0,0,0
21.648352,21.648127,131,253,210,252,33,1,53,208,0,0,0,0,0,0,0,0
21.703297,21.712027,131,253,210,252,32,0,51,209,128,0,0,0,0,0,0,0
21.758242,21.749031,131,253,210,252,32,0,51,209,128,0,0,0,0,0,0,0
21.758242,21.757856,131,253,210,252,32,0,51,209,128,0,0,0,0,0,0,0
21.813187,21.821754,131,253,210,252,32,0,51,209,128,0,0,0,0,0,0,0
21.868132,21.858095,131,253,210,252,33,1,51,209,128,0,0,0,0,0,0,0
21.868132,21.866867,131,253,210,252,33,1,75,208,128,0,0,0,0,0,0,0
21.923077,21.930666,131,253,210,252,33,1,75,208,128,0,0,0,0,0,0,0
21.978022,21.966906,131,253,210,252,33,1,75,208,128,0,0,0,0,0,0,0
21.978022,21.975750,131,253,210,252,33,1,75,208,128,0,0,0,0,0,0,0
22.032967,22.039522,131,253,210,252,33,1,75,208,128,0,0,0,0,0,0,0
22.087912,22.075762,131,253,210,252,33,1,75,208,128,0,0,0,0,0,0,0
22.087912,22.084890,131,253,209,252,33,1,75,208,128,0,0,0,0,0,0,0
22.142857,22.149099,131,253,209,252,33,0,75,208,0,0,0,0,0,0,0,0
22.197802,22.186312,131,253,209,252,33,0,75,208,0,0,0,0,0,0,0,0
22.197802,22.195028,131,253,209,252,33,0,75,208,0,0,0,0,0,0,0,0
22.252747,22.259087,131,253,209,252,33,0,75,208,0,0,0,0,0,0,0,0
22.307692,22.295324,131,253,209,252,33,0,75,208,0,0,0,0,0,0,0,0
22.307692,22.306192,131,253,210,252,33,0,75,208,0,0,0,0,0,0,0,0
22.362637,22.370041,131,253,210,252,33,1,63,208,128,0,0,0,0,0,0,0
22.417582,22.409657,131,254,210,252,32,1,80,209,128,0,0,0,0,0,0,0
22.417582,22.420631,131,254,210,252,33,0,56,208,128,0,0,0,0,0,0,0
22.472527,22.457016,131,254,210,252,33,0,56,208,128,0,0,0,0,0,0,0
22.527473,22.520922,131,254,210,252,33,0,56,208,128,0,0,0,0,0,0,0
22.527473,22.529642,131,254,210,252,33,0,56,208,128,0,0,0,0,0,0,0
22.582418,22.565987,131,253,210,252,32,0,56,208,128,0,0,0,0,0,0,0
22.637363,22.629913,131,253,210,252,32,0,77,208,0,0,0,0,0,0,0,0
22.637363,22.639782,131,253,210,252,32,0,77,208,0,0,0,0,0,0,0,0
22.692308,22.676180,131,253,210,252,32,0,77,208,0,0,0,0,0,0,0,0
22.747253,22.740074,131,253,210,252,32,0,77,208,0,0,0,0,0,0,0,0
22.747253,22.748896,131,253,209,252,33,1,53,208,0,0,0,0,0,0,0,0
22.802198,22.812744,131,253,209,252,33,1,53,208,0,0,0,0,0,0,0,0
22.857143,22.849239,131,253,209,252,33,1,53,208,0,0,0,0,0,0,0,0
22.857143,22.858011,131,253,209,252,33,1,53,208,0,0,0,0,0,0,0,0
22.912088,22.921860,131,253,209,252,33,1,53,208,0,0,0,0,0,0,0,0
22.967033,22.958504,131,253,209,252,33,1,53,208,0,0,0,0,0,0,0,0
22.967033,22.967176,131,253,209,252,33,1,53,208,0,0,0,0,0,0,0,0
23.021978,23.030975,131,253,209,252,33,1,53,208,0,0,0,0,0,0,0,0
23.076923,23.067379,131,253,209,252,33,1,53,208,0,0,0,0,0,0,0,0
23.076923,23.076084,131,253,209,252,32,0,68,208,128,0,0,0,0,0,0,0
23.131868,23.140602,131,253,209,252,32,0,68,208,128,0,0,0,0,0,0,0
23.186813,23.176945,131,253,209,252,32,0,68,208,128,0,0,0,0,0,0,0
23.186813,23.185970,131,253,209,252,32,0,68,208,128,0,0,0,0,0,0,0
23.241758,23.249769,131,253,209,252,32,0,68,208,128,0,0,0,0,0,0,0
23.296703,23.286058,131,253,209,252,32,0,68,208,128,0,0,0,0,0,0,0
23.296703,23.294830,131,253,209,252,32,0,68,208,128,0,0,0,0,0,0,0
23.351648,23.358625,131,253,209,252,32,0,68,208,128,0,0,0,0,0,0,0
23.406593,23.394966,131,253,209,252,32,0,68,208,128,0,0,0,0,0,0,0
23.406593,23.403812,131,253,209,252,32,0,68,208,128,0,0,0,0,0,0,0
23.461538,23.467743,131,253,209,252,32,0,68,208,128,0,0,0,0,0,0,0
23.516483,23.504032,131,253,209,252,32,0,68,208,128,0,0,0,0,0,0,0
23.516483,23.512802,131,253,209,252,32,0,68,208,128,0,0,0,0,0,0,0
23.571428,23.577009,131,253,209,252,32,0,68,208,128,0,0,0,0,0,0,0
23.626373,23.615398,131,253,209,252,32,0,68,208,128,0,0,0,0,0,0,0
23.626373,23.624273,131,253,209,252,32,0,68,208,128,0,0,0,0,0,0,0
23.681318,23.690222,131,253,209,252,32,0,68,208,128,0,0,0,0,0,0,0
23.736263,23.728861,131,253,209,252,32,0,68,208,128,0,0,0,0,0,0,0
23.736263,23.739733,131,253,210,252,32,0,68,208,128,0,0,0,0,0,0,0
23.791208,23.778320,131,253,209,252,32,1,73,208,0,0,0,0,0,0,0,0
23.846153,23.845295,131,253,209,252,32,1,80,208,0,0,0,0,0,0,0,0
23.901098,23.856266,131,253,210,252,32,0,59,208,0,0,0,0,0,0,0,0
23.901098,23.894857,131,253,210,252,32,0,59,208,0,0,0,0,0,0,0,0
23.956043,23.961061,131,253,210,252,33,0,51,208,128,0,0,0,0,0,0,0
24.010988,24.000114,131,253,210,252,33,0,51,208,128,0,0,0,0,0,0,0
24.010988,24.011036,131,253,210,252,33,0,51,208,128,0,0,0,0,0,0,0
24.065933,24.049578,131,253,210,252,33,0,51,208,128,0,0,0,0,0,0,0
24.120878,24.115728,131,253,210,252,33,0,51,208,128,0,0,0,0,0,0,0
24.120878,24.126648,131,253,210,252,33,0,51,208,128,0,0,0,0,0,0,0
24.175825,24.165089,131,253,210,252,33,0,51,208,128,0,0,0,0,0,0,0
24.230770,24.231136,131,253,210,252,33,0,51,208,128,0,0,0,0,0,0,0
24.285715,24.269629,131,253,210,252,33,0,51,208,128,0,0,0,0,0,0,0
24.285715,24.280598,131,253,210,252,33,0,51,208,128,0,0,0,0,0,0,0
24.340660,24.346907,131,253,210,252,33,0,51,208,128,0,0,0,0,0,0,0
24.395605,24.385344,131,253,210,252,33,0,51,208,128,0,0,0,0,0,0,0
24.395605,24.396263,131,253,210,252,33,0,51,208,128,0,0,0,0,0,0,0
24.450550,24.434801,131,253,210,252,33,0,51,208,128,0,0,0,0,0,0,0
24.505495,24.500908,131,253,210,252,33,0,51,208,128,0,0,0,0,0,0,0
24.505495,24.512133,131,253,210,252,33,0,51,208,128,0,0,0,0,0,0,0
24.560440,24.550621,131,253,210,252,33,0,51,208,128,0,0,0,0,0,0,0
24.615385,24.616676,131,253,210,252,33,0,51,208,128,0,0,0,0,0,0,0
24.670330,24.655113,131,253,210,252,33,0,51,208,128,0,0,0,0,0,0,0
24.670330,24.666033,131,253,210,252,33,0,51,208,128,0,0,0,0,0,0,0
24.725275,24.732286,131,253,210,252,33,0,51,208,128,0,0,0,0,0,0,0
24.780220,24.770981,131,253,210,252,33,0,51,208,128,0,0,0,0,0,0,0
24.780220,24.782160,131,253,209,252,32,0,51,208,128,0,0,0,0,0,0,0
24.835165,24.820696,131,253,209,252,32,0,64,208,0,0,0,0,0,0,0,0
24.890110,24.885315,131,253,209,252,32,0,64,208,0,0,0,0,0,0,0,0
24.890110,24.894041,131,253,209,252,32,0,64,208,0,0,0,0,0,0,0,0
24.945055,24.930477,131,253,209,252,32,0,64,208,0,0,0,0,0,0,0,0
25.000000,24.994480,131,253,209,252,32,0,64,208,0,0,0,0,0,0,0,0
25.000000,25.003252,131,253,209,252,32,0,64,208,0,0,0,0,0,0,0,0
25.054945,25.039644,131,253,209,252,32,0,64,208,0,0,0,0,0,0,0,0
25.109890,25.103544,131,253,209,252,32,0,64,208,0,0,0,0,0,0,0,0
25.109890,25.112318,131,253,209,252,32,0,64,208,0,0,0,0,0,0,0,0
25.164835,25.148758,131,253,209,252,32,0,64,208,0,0,0,0,0,0,0,0
25.219780,25.212866,131,253,209,252,32,0,64,208,0,0,0,0,0,0,0,0
25.219780,25.221586,131,253,209,252,32,0,64,208,0,0,0,0,0,0,0,0
25.274725,25.257975,131,253,209,252,32,0,77,208,128,0,0,0,0,0,0,0
25.329670,25.322544,131,253,209,252,32,0,77,208,128,0,0,0,0,0,0,0
25.329670,25.331367,131,253,209,252,32,0,77,208,128,0,0,0,0,0,0,0
25.384615,25.367706,131,253,209,252,32,0,77,208,128,0,0,0,0,0,0,0
25.439560,25.431814,131,253,209,252,32,0,77,208,128,0,0,0,0,0,0,0
25.439560,25.440636,131,253,209,252,32,0,77,208,128,0,0,0,0,0,0,0
25.494505,25.477087,131,253,209,252,32,0,77,208,128,0,0,0,0,0,0,0
25.549450,25.541080,131,253,209,252,32,0,77,208,128,0,0,0,0,0,0,0
25.549450,25.549805,131,253,209,252,32,0,77,208,128,0,0,0,0,0,0,0
25.604395,25.613653,131,253,209,252,32,0,77,208,128,0,0,0,0,0,0,0
25.659340,25.650145,131,253,209,252,33,1,64,208,128,0,0,0,0,0,0,0
25.659340,25.658968,131,253,209,252,33,1,64,208,0,0,0,0,0,0,0,0
25.714285,25.723585,131,253,209,252,33,1,64,208,0,0,0,0,0,0,0,0
25.769230,25.760181,131,253,209,252,33,1,64,208,0,0,0,0,0,0,0,0
25.769230,25.769310,131,253,209,252,33,1,64,208,0,0,0,0,0,0,0,0
25.824175,25.833111,131,253,209,252,33,0,64,208,128,0,0,0,0,0,0,0
25.879122,25.870422,131,253,209,252,33,0,64,208,128,0,0,0,0,0,0,0
25.879122,25.879139,131,253,209,252,33,0,64,208,128,0,0,0,0,0,0,0
25.934067,25.943045,131,253,209,252,33,0,64,208,128,0,0,0,0,0,0,0
25.989012,25.979589,131,253,209,252,33,1,71,208,128,0,0,0,0,0,0,0
25.989012,25.990459,131,253,209,252,33,1,56,208,0,0,0,0,0,0,0,0
26.043957,26.027514,131,253,209,252,33,1,56,208,0,0,0,0,0,0,0,0
26.098902,26.093615,131,253,209,252,33,1,56,208,0,0,0,0,0,0,0,0
26.098902,26.104589,131,253,209,252,33,1,56,208,0,0,0,0,0,0,0,0
26.153847,26.143076,131,253,209,252,33,1,56,208,0,0,0,0,0,0,0,0
26.208792,26.209078,131,253,209,252,33,1,56,208,0,0,0,0,0,0,0,0
26.263737,26.247463,131,253,209,252,33,1,56,208,0,0,0,0,0,0,0,0
26.263737,26.258436,131,253,209,252,33,1,56,208,0,0,0,0,0,0,0,0
26.318682,26.324795,131,253,209,252,33,1,56,208,0,0,0,0,0,0,0,0
26.373627,26.363283,131,253,209,252,33,0,59,208,128,0,0,0,0,0,0,0
26.373627,26.374918,131,253,209,252,33,0,72,208,128,0,0,0,0,0,0,0
26.428572,26.413509,131,253,209,252,33,0,59,208,128,0,0,0,0,0,0,0
26.483517,26.477512,131,253,209,252,33,1,64,208,128,0,0,0,0,0,0,0
26.483517,26.486238,131,253,209,252,33,1,64,208,128,0,0,0,0,0,0,0
26.538462,26.522623,131,253,209,252,33,1,64,208,128,0,0,0,0,0,0,0
26.593407,26.586527,131,253,209,252,33,1,64,208,128,0,0,0,0,0,0,0
26.593407,26.595655,131,253,209,252,33,1,64,208,128,0,0,0,0,0,0,0
26.648352,26.632145,131,253,209,252,33,1,64,208,128,0,0,0,0,0,0,0
26.703297,26.696255,131,253,209,252,33,1,64,208,128,0,0,0,0,0,0,0
26.703297,26.704977,131,253,209,252,33,1,64,208,128,0,0,0,0,0,0,0
26.758242,26.741312,131,253,209,252,33,1,64,208,128,0,0,0,0,0,0,0
26.813187,26.805265,131,253,209,252,33,1,64,208,128,0,0,0,0,0,0,0
26.813187,26.814093,131,253,209,252,33,1,64,208,128,0,0,0,0,0,0,0
26.868132,26.850380,131,253,209,252,33,1,64,208,128,0,0,0,0,0,0,0
26.923077,26.914383,131,253,209,252,33,1,64,208,128,0,0,0,0,0,0,0
26.923077,26.923260,131,253,209,252,33,1,64,208,128,0,0,0,0,0,0,0
26.978022,26.987005,131,253,209,252,33,1,64,208,128,0,0,0,0,0,0,0
27.032967,27.023447,131,253,209,252,33,1,63,209,128,0,0,0,0,0,0,0
27.032967,27.032221,131,253,209,252,33,1,63,209,128,0,0,0,0,0,0,0
27.087912,27.096018,131,253,209,252,33,1,75,208,128,0,0,0,0,0,0,0
27.142857,27.132206,131,253,209,252,33,1,75,208,128,0,0,0,0,0,0,0
27.142857,27.141386,131,253,209,252,33,1,75,208,128,0,0,0,0,0,0,0
27.197802,27.205235,131,253,209,252,33,1,75,208,128,0,0,0,0,0,0,0
27.252747,27.241524,131,253,209,252,33,1,51,209,0,0,0,0,0,0,0,0
27.252747,27.251274,131,253,209,252,33,1,51,209,0,0,0,0,0,0,0,0
27.307692,27.315016,131,253,209,252,33,1,55,209,0,0,0,0,0,0,0,0
27.362637,27.351252,131,253,209,252,33,1,55,209,0,0,0,0,0,0,0,0
27.362637,27.360023,131,253,209,252,33,1,55,209,0,0,0,0,0,0,0,0
27.417582,27.423822,131,253,209,252,33,1,55,209,0,0,0,0,0,0,0,0
27.472527,27.460058,131,253,209,252,33,1,55,209,0,0,0,0,0,0,0,0
27.472527,27.468937,131,253,209,252,33,1,55,209,0,0,0,0,0,0,0,0
27.527473,27.532785,131,253,209,252,33,1,55,209,0,0,0,0,0,0,0,0
27.582418,27.569073,131,253,209,252,33,1,55,209,0,0,0,0,0,0,0,0
27.582418,27.579994,131,253,209,252,33,1,55,209,0,0,0,0,0,0,0,0
27.637363,27.643793,131,253,209,252,33,1,55,209,0,0,0,0,0,0,0,0
27.692308,27.682436,131,253,209,252,33,1,55,209,0,0,0,0,0,0,0,0
27.692308,27.693665,131,253,209,252,33,1,55,209,0,0,0,0,0,0,0,0
27.747253,27.732098,131,253,209,252,33,1,55,209,0,0,0,0,0,0,0,0
27.802198,27.798157,131,253,209,252,33,1,55,209,0,0,0,0,0,0,0,0
27.857143,27.809072,131,253,209,252,33,1,55,209,0,0,0,0,0,0,0,0
27.857143,27.847610,131,253,209,252,33,0,71,209,0,0,0,0,0,0,0,0
27.912088,27.913715,131,253,209,252,33,0,71,209,0,0,0,0,0,0,0,0
27.967033,27.952099,131,253,209,252,33,0,71,209,0,0,0,0,0,0,0,0
27.967033,27.963432,131,253,209,252,33,0,71,209,0,0,0,0,0,0,0,0
28.021978,28.029329,131,253,209,252,33,0,71,209,0,0,0,0,0,0,0,0
28.076923,28.068029,131,253,209,252,33,0,71,209,0,0,0,0,0,0,0,0
28.076923,28.079046,131,253,209,252,33,0,71,209,0,0,0,0,0,0,0,0
28.131868,28.117586,131,253,209,252,33,0,71,209,0,0,0,0,0,0,0,0
28.186813,28.183741,131,253,209,252,33,0,71,209,0,0,0,0,0,0,0,0
28.241758,28.194815,131,253,209,252,33,0,71,209,0,0,0,0,0,0,0,0
28.241758,28.233759,131,253,209,252,33,0,71,209,0,0,0,0,0,0,0,0
28.296703,28.300070,131,253,209,252,33,0,71,209,0,0,0,0,0,0,0,0
28.351648,28.338408,131,253,209,252,33,0,71,209,0,0,0,0,0,0,0,0
28.351648,28.349428,131,253,209,252,33,0,71,209,0,0,0,0,0,0,0,0
28.406593,28.415325,131,253,209,252,33,0,55,208,0,0,0,0,0,0,0,0
28.461538,28.454069,131,253,209,252,33,0,55,208,0,0,0,0,0,0,0,0
28.461538,28.465092,131,253,209,252,33,0,55,208,0,0,0,0,0,0,0,0
28.516483,28.503578,131,253,209,252,33,0,55,208,0,0,0,0,0,0,0,0
28.571428,28.569838,131,253,209,252,33,0,55,208,0,0,0,0,0,0,0,0
28.626373,28.608326,131,253,209,252,33,0,55,208,0,0,0,0,0,0,0,0
28.626373,28.619194,131,253,209,252,33,0,55,208,0,0,0,0,0,0,0,0
28.681318,28.685352,131,253,209,252,33,0,55,208,0,0,0,0,0,0,0,0
28.736263,28.723787,131,253,209,252,33,0,55,208,0,0,0,0,0,0,0,0
28.736263,28.734760,131,253,209,252,33,0,64,208,128,0,0,0,0,0,0,0
28.791208,28.799274,131,253,209,252,33,1,63,208,128,0,0,0,0,0,0,0
28.846153,28.835918,131,253,209,252,33,1,63,208,128,0,0,0,0,0,0,0
28.846153,28.844795,131,253,209,252,33,1,63,208,128,0,0,0,0,0,0,0
28.901098,28.908592,131,253,209,252,33,1,63,208,128,0,0,0,0,0,0,0
28.956043,28.945137,131,253,209,252,33,1,63,208,128,0,0,0,0,0,0,0
28.956043,28.953911,131,253,209,252,33,1,63,208,128,0,0,0,0,0,0,0
29.010988,29.017763,131,253,209,252,33,1,63,208,128,0,0,0,0,0,0,0
29.065933,29.054152,131,253,209,252,33,1,63,208,128,0,0,0,0,0,0,0
29.065933,29.063280,131,253,209,252,33,1,63,208,128,0,0,0,0,0,0,0
29.120878,29.127182,131,253,209,252,33,1,63,208,128,0,0,0,0,0,0,0
29.175825,29.163523,131,253,209,252,33,1,63,208,128,0,0,0,0,0,0,0
29.175825,29.172346,131,253,209,252,33,1,63,208,128,0,0,0,0,0,0,0
29.230770,29.236145,131,253,209,252,33,1,63,208,128,0,0,0,0,0,0,0
29.285715,29.272432,131,253,209,252,33,1,63,208,128,0,0,0,0,0,0,0
29.285715,29.281204,131,253,209,252,33,1,63,208,128,0,0,0,0,0,0,0
29.340660,29.345516,131,253,209,252,32,1,64,208,128,0,0,0,0,0,0,0
29.395605,29.381958,131,253,209,252,32,1,64,208,128,0,0,0,0,0,0,0
29.395605,29.390734,131,253,209,252,32,1,64,208,128,0,0,0,0,0,0,0
29.450550,29.454784,131,253,209,252,32,1,64,208,128,0,0,0,0,0,0,0
29.505495,29.491121,131,253,209,252,32,1,64,208,128,0,0,0,0,0,0,0
29.505495,29.499945,131,253,209,252,32,1,64,208,128,0,0,0,0,0,0,0
29.560440,29.564461,131,253,209,252,32,1,64,208,128,0,0,0,0,0,0,0
29.615385,29.600800,131,253,209,252,32,1,64,208,128,0,0,0,0,0,0,0
29.615385,29.609571,131,254,209,252,33,1,64,208,128,0,0,0,0,0,0,0
29.670330,29.673679,131,253,209,252,33,1,56,208,0,0,0,0,0,0,0,0
29.725275,29.710680,132,253,209,252,32,0,78,209,0,0,0,0,0,0,0,0
29.725275,29.719402,132,253,209,252,32,0,63,209,128,0,0,0,0,0,0,0
29.780220,29.784279,132,253,209,252,32,0,63,209,128,0,0,0,0,0,0,0
29.835165,29.820719,131,253,209,252,33,0,75,208,128,0,0,0,0,0,0,0
29.835165,29.829548,131,253,209,252,32,0,75,208,128,0,0,0,0,0,0,0
29.890110,29.893702,131,253,210,252,32,0,64,209,128,0,0,0,0,0,0,0
29.945055,29.932135,131,253,210,252,33,0,85,209,128,0,0,0,0,0,0,0
29.945055,29.940960,131,253,210,252,33,1,63,208,128,0,0,0,0,0,0,0
30.000000,30.005066,131,253,210,252,33,1,63,208,128,0,0,0,0,0,0,0
30.054945,30.041405,131,253,209,252,33,0,75,208,0,0,0,0,0,0,0,0
30.054945,30.050894,131,253,209,252,33,0,75,208,0,0,0,0,0,0,0,0
30.109890,30.115105,131,253,209,252,32,0,75,208,0,0,0,0,0,0,0,0
30.164835,30.151339,131,253,209,252,32,0,78,208,0,0,0,0,0,0,0,0
30.164835,30.160109,131,253,209,252,32,0,78,208,0,0,0,0,0,0,0,0
30.219780,30.224426,131,253,209,252,32,0,78,208,0,0,0,0,0,0,0,0
30.274725,30.260658,131,253,209,252,32,0,75,208,0,0,0,0,0,0,0,0
30.274725,30.269384,131,253,209,252,32,0,75,208,0,0,0,0,0,0,0,0
30.329670,30.333485,131,253,209,252,32,0,75,208,0,0,0,0,0,0,0,0
30.384615,30.369825,131,253,209,252,32,0,75,208,0,0,0,0,0,0,0,0
30.384615,30.378595,131,253,209,252,32,0,75,208,0,0,0,0,0,0,0,0
30.439560,30.442806,131,253,209,252,32,0,75,208,0,0,0,0,0,0,0,0
30.494505,30.479198,131,253,209,252,32,0,75,208,0,0,0,0,0,0,0,0
30.494505,30.487965,131,253,209,252,32,0,75,208,0,0,0,0,0,0,0,0
30.549450,30.552225,131,253,209,252,32,0,75,208,0,0,0,0,0,0,0,0
30.604395,30.588463,131,253,209,252,32,0,75,208,0,0,0,0,0,0,0,0
30.604395,30.597338,131,253,209,252,32,0,75,208,0,0,0,0,0,0,0,0
30.659340,30.661034,131,253,209,252,32,0,75,208,0,0,0,0,0,0,0,0
30.714285,30.697786,131,253,209,252,32,0,75,208,0,0,0,0,0,0,0,0
30.714285,30.706657,131,253,210,252,33,0,64,209,0,0,0,0,0,0,0,0
30.769230,30.770359,131,253,210,252,33,0,64,209,0,0,0,0,0,0,0,0
30.824175,30.806692,131,253,210,252,33,0,64,209,0,0,0,0,0,0,0,0
30.824175,30.815569,131,253,210,252,33,0,64,209,0,0,0,0,0,0,0,0
30.879122,30.879265,131,253,210,252,33,0,64,209,0,0,0,0,0,0,0,0
30.934067,30.915554,131,253,210,252,33,0,64,209,0,0,0,0,0,0,0,0
30.934067,30.924377,131,253,210,252,33,1,64,209,0,0,0,0,0,0,0,0
30.989012,30.988127,131,253,210,252,33,1,64,209,128,0,0,0,0,0,0,0
31.043957,31.025146,131,253,210,252,33,1,64,209,128,0,0,0,0,0,0,0
31.043957,31.033951,131,253,210,252,33,1,64,209,128,0,0,0,0,0,0,0
31.098902,31.097649,131,253,210,252,33,1,64,209,128,0,0,0,0,0,0,0
31.153847,31.106625,131,253,210,252,33,1,64,209,128,0,0,0,0,0,0,0
31.153847,31.145315,131,253,210,252,32,0,59,208,0,0,0,0,0,0,0,0
31.208792,31.212290,131,253,210,252,32,0,59,208,0,0,0,0,0,0,0,0
31.263737,31.250677,131,253,210,252,32,0,59,208,0,0,0,0,0,0,0,0
31.263737,31.261597,131,253,210,252,32,0,59,208,0,0,0,0,0,0,0,0
31.318682,31.300390,131,253,209,252,32,0,59,208,0,0,0,0,0,0,0,0
31.373627,31.366186,131,253,209,252,33,0,84,209,0,0,0,0,0,0,0,0
31.373627,31.375010,131,253,209,252,33,0,84,209,0,0,0,0,0,0,0,0
31.428572,31.411556,131,253,209,252,33,0,84,209,0,0,0,0,0,0,0,0
31.483517,31.475304,131,253,209,252,33,0,84,209,0,0,0,0,0,0,0,0
31.483517,31.484076,131,253,209,252,33,0,84,209,0,0,0,0,0,0,0,0
31.538462,31.520723,131,253,209,252,33,0,84,209,0,0,0,0,0,0,0,0
31.593407,31.584469,131,253,210,252,33,0,84,209,0,0,0,0,0,0,0,0
31.593407,31.593189,131,253,210,252,33,0,75,208,128,0,0,0,0,0,0,0
31.648352,31.630400,131,253,209,252,33,0,64,208,128,0,0,0,0,0,0,0
31.703297,31.694044,131,253,209,252,33,0,64,208,128,0,0,0,0,0,0,0
31.703297,31.702868,131,253,209,252,33,0,64,208,128,0,0,0,0,0,0,0
31.758242,31.739460,131,253,209,252,33,0,64,208,128,0,0,0,0,0,0,0
31.813187,31.803160,131,253,209,252,33,0,64,208,128,0,0,0,0,0,0,0
31.813187,31.811983,131,253,209,252,33,0,64,208,128,0,0,0,0,0,0,0
31.868132,31.848742,131,253,209,252,33,0,64,208,128,0,0,0,0,0,0,0
31.923077,31.912481,131,253,209,252,33,0,64,208,128,0,0,0,0,0,0,0
31.923077,31.921251,131,253,209,252,33,0,64,208,128,0,0,0,0,0,0,0
31.978022,31.985155,131,253,209,252,33,0,64,208,128,0,0,0,0,0,0,0
32.032967,32.021496,131,253,209,252,33,0,64,208,128,0,0,0,0,0,0,0
32.032967,32.030312,131,253,209,252,33,0,64,208,128,0,0,0,0,0,0,0
32.087914,32.094269,131,253,209,252,33,0,64,208,128,0,0,0,0,0,0,0
32.142857,32.130917,131,253,209,252,33,0,64,208,128,0,0,0,0,0,0,0
32.142857,32.139637,131,253,209,252,33,0,64,208,128,0,0,0,0,0,0,0
32.197803,32.203636,131,253,209,252,33,0,64,208,128,0,0,0,0,0,0,0
32.252747,32.239925,131,253,209,252,33,0,64,208,128,0,0,0,0,0,0,0
32.252747,32.248749,131,253,209,252,33,0,64,208,128,0,0,0,0,0,0,0
32.307693,32.312702,131,253,209,252,33,0,64,208,128,0,0,0,0,0,0,0
32.362637,32.348991,131,253,209,252,33,0,64,208,128,0,0,0,0,0,0,0
32.362637,32.357819,131,253,209,252,33,0,64,208,128,0,0,0,0,0,0,0
32.417583,32.421921,131,253,209,252,33,0,64,208,128,0,0,0,0,0,0,0
32.472527,32.458309,131,253,209,252,33,0,64,208,128,0,0,0,0,0,0,0
32.472527,32.467133,131,253,209,252,33,0,64,208,128,0,0,0,0,0,0,0
32.527473,32.533287,131,253,209,252,33,0,64,208,128,0,0,0,0,0,0,0
32.582417,32.569679,131,253,209,252,33,0,64,208,128,0,0,0,0,0,0,0
32.582417,32.580597,131,253,209,252,33,0,64,208,128,0,0,0,0,0,0,0
32.637363,32.619347,131,253,209,252,33,0,64,208,128,0,0,0,0,0,0,0
32.692307,32.685432,131,253,209,252,33,0,64,208,128,0,0,0,0,0,0,0
32.692307,32.696419,131,253,209,252,33,0,64,208,128,0,0,0,0,0,0,0
32.747253,32.735367,131,253,209,252,33,0,64,208,128,0,0,0,0,0,0,0
32.802197,32.801266,131,253,209,252,33,0,64,208,128,0,0,0,0,0,0,0
32.857143,32.839752,131,253,209,252,33,0,64,208,128,0,0,0,0,0,0,0
32.857143,32.850719,131,253,209,252,33,0,64,208,128,0,0,0,0,0,0,0
32.912086,32.916882,131,253,209,252,33,0,64,208,128,0,0,0,0,0,0,0
32.967033,32.955318,131,253,210,252,32,0,61,208,0,0,0,0,0,0,0,0
32.967033,32.966904,131,253,210,252,32,0,61,208,0,0,0,0,0,0,0,0
33.021976,33.005695,131,253,209,252,33,0,75,208,0,0,0,0,0,0,0,0
33.076923,33.071545,131,253,209,252,33,0,75,209,0,0,0,0,0,0,0,0
33.131866,33.082466,131,253,209,252,33,0,75,209,0,0,0,0,0,0,0,0
33.131866,33.121208,131,253,209,252,33,0,75,209,0,0,0,0,0,0,0,0
33.186813,33.187004,131,253,209,252,33,0,75,209,0,0,0,0,0,0,0,0
33.241756,33.225445,131,253,209,252,33,0,75,209,0,0,0,0,0,0,0,0
33.241756,33.236416,131,253,209,252,33,0,75,209,0,0,0,0,0,0,0,0
33.296703,33.302776,131,253,209,252,33,0,75,209,0,0,0,0,0,0,0,0
33.351650,33.341412,131,253,209,252,33,0,75,209,0,0,0,0,0,0,0,0
33.351650,33.352386,131,253,209,252,33,0,75,209,0,0,0,0,0,0,0,0
33.406593,33.391129,131,253,209,252,33,0,75,209,0,0,0,0,0,0,0,0
33.461540,33.457027,131,253,209,252,33,0,75,209,0,0,0,0,0,0,0,0
33.516483,33.468002,131,253,209,252,33,0,75,209,0,0,0,0,0,0,0,0
33.516483,33.506950,131,253,209,252,33,0,75,209,0,0,0,0,0,0,0,0
33.571430,33.573257,131,253,209,252,33,0,75,209,0,0,0,0,0,0,0,0
33.626373,33.611591,131,253,209,252,33,0,75,209,0,0,0,0,0,0,0,0
33.626373,33.622513,131,253,209,252,33,0,75,209,0,0,0,0,0,0,0,0
33.681320,33.661163,131,253,209,252,33,0,75,209,0,0,0,0,0,0,0,0
33.736263,33.726952,131,253,209,252,33,0,75,209,0,0,0,0,0,0,0,0
33.736263,33.738026,131,253,209,252,33,0,75,209,0,0,0,0,0,0,0,0
33.791210,33.776974,131,253,209,252,33,0,75,209,0,0,0,0,0,0,0,0
33.846153,33.842819,131,253,209,252,33,0,75,209,0,0,0,0,0,0,0,0
33.901100,33.881279,131,253,209,252,33,0,75,209,0,0,0,0,0,0,0,0
33.901100,33.892391,131,253,209,252,33,0,75,209,0,0,0,0,0,0,0,0
33.956043,33.958694,131,253,209,252,33,0,75,209,0,0,0,0,0,0,0,0
34.010990,33.997231,131,253,209,252,33,0,75,209,0,0,0,0,0,0,0,0
34.010990,34.008255,131,253,209,252,32,0,61,208,0,0,0,0,0,0,0,0
34.065933,34.047203,131,253,209,252,32,0,61,208,128,0,0,0,0,0,0,0
34.120880,34.113865,131,253,209,252,33,0,61,208,128,0,0,0,0,0,0,0
34.120880,34.124943,131,253,209,252,33,0,79,208,0,0,0,0,0,0,0,0
34.175823,34.164402,131,253,209,252,33,0,79,208,0,0,0,0,0,0,0,0
34.230770,34.230305,131,253,209,252,32,0,64,209,0,0,0,0,0,0,0,0
34.285713,34.268684,131,253,209,252,32,0,64,209,0,0,0,0,0,0,0,0
34.285713,34.279610,131,253,209,252,32,0,64,209,0,0,0,0,0,0,0,0
34.340660,34.346020,131,253,209,252,32,0,64,209,0,0,0,0,0,0,0,0
34.395603,34.384453,131,253,209,252,32,0,64,209,0,0,0,0,0,0,0,0
34.395603,34.395374,131,253,209,252,32,0,64,209,0,0,0,0,0,0,0,0
34.450550,34.434067,131,253,209,252,32,0,64,209,0,0,0,0,0,0,0,0
34.505493,34.499916,131,253,209,252,32,0,64,209,0,0,0,0,0,0,0,0
34.560440,34.510990,131,253,209,252,32,0,64,209,0,0,0,0,0,0,0,0
34.560440,34.549786,131,253,209,252,32,0,64,209,0,0,0,0,0,0,0,0
34.615383,34.615639,131,253,209,252,32,0,64,209,0,0,0,0,0,0,0,0
34.670330,34.654285,131,253,209,252,32,0,64,209,0,0,0,0,0,0,0,0
34.670330,34.665195,131,253,209,252,32,0,64,209,0,0,0,0,0,0,0,0
34.725273,34.731400,131,253,209,252,32,0,64,209,0,0,0,0,0,0,0,0
34.780220,34.769939,131,253,209,252,32,0,64,209,0,0,0,0,0,0,0,0
34.780220,34.780964,131,253,209,252,32,0,64,209,0,0,0,0,0,0,0,0
34.835163,34.819656,131,253,209,252,32,0,64,209,0,0,0,0,0,0,0,0
34.890110,34.885506,131,253,209,252,32,0,64,209,0,0,0,0,0,0,0,0
34.945053,34.896423,131,253,209,252,32,0,64,209,0,0,0,0,0,0,0,0
34.945053,34.935272,131,253,209,252,32,0,64,209,0,0,0,0,0,0,0,0
35.000000,35.001526,131,253,209,252,32,0,64,209,0,0,0,0,0,0,0,0
35.054947,35.039909,131,253,209,252,32,0,64,209,0,0,0,0,0,0,0,0
35.054947,35.050827,131,253,209,252,32,0,64,209,0,0,0,0,0,0,0,0
35.109890,35.089680,131,253,209,252,32,0,64,209,0,0,0,0,0,0,0,0
35.164837,35.155525,131,253,209,252,32,0,64,209,0,0,0,0,0,0,0,0
35.164837,35.166550,131,253,209,252,32,0,64,209,0,0,0,0,0,0,0,0
35.219780,35.205296,131,253,209,252,32,0,64,209,0,0,0,0,0,0,0,0
35.274727,35.271141,131,253,209,252,32,0,64,209,0,0,0,0,0,0,0,0
35.329670,35.309628,131,253,209,252,32,0,64,209,0,0,0,0,0,0,0,0
35.329670,35.320648,131,253,209,252,32,0,64,209,0,0,0,0,0,0,0,0
35.384617,35.386959,131,253,209,252,32,0,64,209,0,0,0,0,0,0,0,0
35.439560,35.425343,131,253,209,252,32,1,63,209,0,0,0,0,0,0,0,0
35.439560,35.436268,131,253,209,252,33,1,63,208,0,0,0,0,0,0,0,0
35.494507,35.500320,131,253,209,252,33,1,57,208,0,0,0,0,0,0,0,0
35.549450,35.536659,131,253,209,252,33,1,57,208,0,0,0,0,0,0,0,0
35.549450,35.545536,131,253,209,252,33,1,57,208,0,0,0,0,0,0,0,0
35.604397,35.609493,131,253,209,252,33,1,63,209,128,0,0,0,0,0,0,0
35.659340,35.646599,131,253,209,252,33,1,63,209,128,0,0,0,0,0,0,0
35.659340,35.655315,131,253,209,252,33,1,63,209,128,0,0,0,0,0,0,0
35.714287,35.719574,131,253,209,252,33,1,63,209,128,0,0,0,0,0,0,0
35.769230,35.755974,131,253,209,252,33,1,63,209,128,0,0,0,0,0,0,0
35.769230,35.764740,131,253,209,252,33,1,63,209,128,0,0,0,0,0,0,0
35.824177,35.828693,131,253,209,252,33,1,63,209,128,0,0,0,0,0,0,0
35.879120,35.864975,131,253,209,252,33,1,63,209,128,0,0,0,0,0,0,0
35.879120,35.873753,131,253,209,252,33,1,63,209,128,0,0,0,0,0,0,0
35.934067,35.937756,131,253,209,252,33,1,63,209,128,0,0,0,0,0,0,0
35.989010,35.974148,131,253,209,252,33,1,63,209,128,0,0,0,0,0,0,0
35.989010,35.982964,131,253,209,252,33,1,63,209,128,0,0,0,0,0,0,0
36.043957,36.047024,131,253,209,252,33,1,63,209,128,0,0,0,0,0,0,0
36.098900,36.083309,131,253,209,252,33,0,73,208,128,0,0,0,0,0,0,0
36.098900,36.092136,131,253,209,252,33,1,63,208,128,0,0,0,0,0,0,0
36.153847,36.156139,131,253,209,252,33,1,63,208,128,0,0,0,0,0,0,0
36.208790,36.192425,131,253,209,252,33,1,63,208,128,0,0,0,0,0,0,0
36.208790,36.201256,131,253,209,252,33,1,63,208,128,0,0,0,0,0,0,0
36.263737,36.265511,131,253,209,252,33,1,63,208,128,0,0,0,0,0,0,0
36.318680,36.301849,131,253,209,252,33,1,63,208,128,0,0,0,0,0,0,0
36.318680,36.310722,131,253,209,252,33,1,63,208,128,0,0,0,0,0,0,0
36.373627,36.374725,131,253,209,252,32,0,63,208,128,0,0,0,0,0,0,0
36.428570,36.411011,131,253,209,252,32,0,88,209,0,0,0,0,0,0,0,0
36.428570,36.420502,131,253,209,252,32,0,71,209,0,0,0,0,0,0,0,0
36.483517,36.484608,131,253,209,252,32,0,71,209,0,0,0,0,0,0,0,0
36.538460,36.520901,131,253,209,252,32,0,71,209,0,0,0,0,0,0,0,0
36.538460,36.529720,131,253,209,252,32,0,71,209,0,0,0,0,0,0,0,0
36.593407,36.593826,131,253,209,252,32,0,71,209,0,0,0,0,0,0,0,0
36.648350,36.632210,131,253,209,252,33,0,75,208,0,0,0,0,0,0,0,0
36.648350,36.640991,131,253,209,252,33,1,64,209,128,0,0,0,0,0,0,0
36.703297,36.705605,131,253,209,252,33,1,72,209,128,0,0,0,0,0,0,0
36.758244,36.741890,131,254,208,252,32,0,78,209,128,0,0,0,0,0,0,0
36.758244,36.750721,131,253,208,252,33,0,59,208,128,0,0,0,0,0,0,0
36.813187,36.814922,131,253,208,252,33,0,59,208,128,0,0,0,0,0,0,0
36.868134,36.851311,131,253,208,252,33,0,59,208,128,0,0,0,0,0,0,0
36.868134,36.860222,131,253,208,252,33,0,59,208,128,0,0,0,0,0,0,0
36.923077,36.924191,131,253,208,252,33,0,59,208,128,0,0,0,0,0,0,0
36.978024,36.960529,131,253,208,252,33,0,59,208,128,0,0,0,0,0,0,0
36.978024,36.969353,131,253,208,252,32,1,59,209,0,0,0,0,0,0,0,0
37.032967,37.034077,131,253,208,252,32,1,59,209,0,0,0,0,0,0,0,0
37.087914,37.070362,131,253,208,252,32,1,59,209,0,0,0,0,0,0,0,0
37.087914,37.079182,131,253,209,252,32,1,59,209,0,0,0,0,0,0,0,0
37.142857,37.143341,131,253,209,252,33,0,73,208,0,0,0,0,0,0,0,0
37.197803,37.179832,131,253,208,252,33,0,67,208,0,0,0,0,0,0,0,0
37.197803,37.188862,131,253,208,252,33,0,67,208,0,0,0,0,0,0,0,0
37.252747,37.253021,131,253,209,252,33,0,88,209,0,0,0,0,0,0,0,0
37.307693,37.289410,131,253,209,252,33,0,88,209,128,0,0,0,0,0,0,0
37.307693,37.299000,131,253,209,252,33,0,88,209,128,0,0,0,0,0,0,0
37.362637,37.363415,131,253,209,252,33,0,88,209,128,0,0,0,0,0,0,0
37.417583,37.399853,131,253,209,252,33,0,88,209,128,0,0,0,0,0,0,0
37.417583,37.408783,131,253,208,252,31,1,64,209,128,0,0,0,0,0,0,0
37.472527,37.473042,131,253,208,252,31,1,64,209,128,0,0,0,0,0,0,0
37.527473,37.509480,131,253,208,252,31,1,64,209,128,0,0,0,0,0,0,0
37.527473,37.518406,131,253,208,252,31,1,64,209,128,0,0,0,0,0,0,0
37.582417,37.582668,131,253,208,252,31,1,64,209,128,0,0,0,0,0,0,0
37.637363,37.619263,131,254,208,252,31,1,64,209,128,0,0,0,0,0,0,0
37.637363,37.628342,131,254,208,252,33,1,78,209,0,0,0,0,0,0,0,0
37.692307,37.693420,131,253,208,252,33,1,71,209,0,0,0,0,0,0,0,0
37.747253,37.729858,131,253,208,252,33,1,71,209,0,0,0,0,0,0,0,0
37.747253,37.738789,131,253,208,252,33,1,71,209,0,0,0,0,0,0,0,0
37.802197,37.803005,131,253,208,252,33,1,71,209,0,0,0,0,0,0,0,0
37.857143,37.839436,131,253,208,252,33,1,71,209,0,0,0,0,0,0,0,0
37.857143,37.848362,131,253,208,252,33,1,71,209,0,0,0,0,0,0,0,0
37.912086,37.912727,131,253,208,252,33,1,71,209,0,0,0,0,0,0,0,0
37.967033,37.949062,131,253,208,252,33,1,71,209,0,0,0,0,0,0,0,0
37.967033,37.958042,131,253,208,252,33,1,71,209,0,0,0,0,0,0,0,0
38.021976,38.022305,131,253,208,252,33,1,71,209,0,0,0,0,0,0,0,0
