0.000000,0.000000,122,253,41,252,30,248,73,198,0,0,0,0,0,0,0,0
0.054945,0.063734,122,253,41,252,30,248,71,194,0,0,0,0,0,0,0,0
0.054945,0.072608,122,253,41,252,30,248,71,194,0,0,0,0,0,0,0,0
0.109890,0.109573,122,253,41,252,30,248,71,194,0,0,0,0,0,0,0,0
0.164835,0.173364,122,253,41,252,30,248,71,194,0,0,0,0,0,0,0,0
0.164835,0.182233,122,253,41,252,30,248,71,194,0,0,0,0,0,0,0,0
0.219780,0.246344,122,253,41,252,30,248,71,194,0,0,0,0,0,0,0,0
0.274725,0.282627,122,253,41,252,30,248,71,194,0,0,0,0,0,0,0,0
0.274725,0.291451,122,253,41,252,30,248,71,194,0,0,0,0,0,0,0,0
0.329670,0.355612,122,253,41,252,30,248,71,194,0,0,0,0,0,0,0,0
0.384615,0.391846,122,253,41,252,30,248,71,194,0,0,0,0,0,0,0,0
0.384615,0.400669,122,253,41,252,30,248,71,194,0,0,0,0,0,0,0,0
0.439560,0.464932,122,253,41,252,30,248,71,194,0,0,0,0,0,0,0,0
0.494505,0.501167,122,253,41,252,30,248,71,194,0,0,0,0,0,0,0,0
0.494505,0.510039,122,253,41,252,30,248,71,194,0,0,0,0,0,0,0,0
0.549451,0.574146,122,253,41,252,30,248,71,194,0,0,0,0,0,0,0,0
0.604396,0.610487,122,253,41,252,30,248,71,194,0,0,0,0,0,0,0,0
0.604396,0.619361,122,253,41,252,30,248,71,194,0,0,0,0,0,0,0,0
0.659341,0.683571,122,253,41,252,30,248,71,194,0,0,0,0,0,0,0,0
0.714286,0.719804,120,253,40,252,30,248,71,194,0,0,0,0,0,0,0,0
0.714286,0.728730,120,253,40,252,30,249,72,189,0,0,0,0,0,0,0,0
0.769231,0.792891,120,253,40,252,30,249,72,189,0,0,0,0,0,0,0,0
0.824176,0.829126,120,253,40,252,30,249,72,189,0,0,0,0,0,0,0,0
0.824176,0.838102,120,253,40,252,30,249,72,189,0,0,0,0,0,0,0,0
0.879121,0.902362,120,253,40,252,30,249,72,189,0,0,0,0,0,0,0,0
0.934066,0.938650,122,253,39,252,29,249,72,189,0,0,0,0,0,0,0,0
0.934066,0.947475,122,253,39,252,29,249,86,194,128,0,0,0,0,0,0,0
0.989011,1.012193,122,253,39,252,29,249,86,194,128,0,0,0,0,0,0,0
1.043956,1.050785,122,253,39,252,29,249,86,194,128,0,0,0,0,0,0,0
1.043956,1.059609,122,253,39,252,29,249,86,194,128,0,0,0,0,0,0,0
1.098901,1.098603,122,253,39,252,29,249,86,194,128,0,0,0,0,0,0,0
1.153846,1.164400,122,253,39,252,29,249,86,194,128,0,0,0,0,0,0,0
1.153846,1.175937,122,253,39,252,29,249,86,194,128,0,0,0,0,0,0,0
1.208791,1.214888,122,253,39,252,29,249,86,194,128,0,0,0,0,0,0,0
1.263736,1.281093,122,253,39,252,29,249,86,194,128,0,0,0,0,0,0,0
1.318681,1.319424,122,253,39,252,29,249,86,194,128,0,0,0,0,0,0,0
1.318681,1.330398,122,253,39,252,29,249,86,194,128,0,0,0,0,0,0,0
1.373626,1.396656,122,253,39,252,29,249,86,194,128,0,0,0,0,0,0,0
1.428571,1.435034,122,253,39,252,29,249,86,194,128,0,0,0,0,0,0,0
1.428571,1.446015,122,253,39,252,29,249,86,194,128,0,0,0,0,0,0,0
1.483516,1.484858,122,253,39,252,29,249,86,194,128,0,0,0,0,0,0,0
1.538462,1.550860,122,253,39,252,29,249,86,194,128,0,0,0,0,0,0,0
1.538462,1.561936,122,253,39,252,29,249,86,194,128,0,0,0,0,0,0,0
1.593407,1.600727,122,253,39,252,29,249,86,194,128,0,0,0,0,0,0,0
1.648352,1.666578,122,253,39,252,29,249,86,194,128,0,0,0,0,0,0,0
1.703297,1.705011,122,253,39,252,29,249,86,194,128,0,0,0,0,0,0,0
1.703297,1.716034,122,253,39,252,29,249,86,194,128,0,0,0,0,0,0,0
1.758242,1.782242,122,253,39,252,29,249,86,194,128,0,0,0,0,0,0,0
1.813187,1.820728,122,253,39,252,29,249,86,194,128,0,0,0,0,0,0,0
1.813187,1.831804,122,253,39,252,29,249,86,194,128,0,0,0,0,0,0,0
1.868132,1.870548,122,253,39,252,29,249,86,194,128,0,0,0,0,0,0,0
1.923077,1.936450,122,253,39,252,29,249,86,194,128,0,0,0,0,0,0,0
1.923077,1.947367,125,253,35,252,29,249,86,194,128,0,0,0,0,0,0,0
1.978022,1.986217,125,253,35,252,29,249,83,192,128,0,0,0,0,0,0,0
2.032967,2.052113,125,253,35,252,29,249,83,192,128,0,0,0,0,0,0,0
2.087912,2.090601,125,253,35,252,29,249,83,192,128,0,0,0,0,0,0,0
2.087912,2.101727,125,253,35,252,29,249,83,192,128,0,0,0,0,0,0,0
2.142857,2.167983,125,253,35,252,29,249,83,192,128,0,0,0,0,0,0,0
2.197802,2.206520,125,253,35,252,29,249,83,192,128,0,0,0,0,0,0,0
2.197802,2.217495,125,253,35,252,29,249,83,192,128,0,0,0,0,0,0,0
2.252747,2.256188,125,253,35,252,29,249,83,192,128,0,0,0,0,0,0,0
2.307692,2.322188,125,253,35,252,29,249,83,192,128,0,0,0,0,0,0,0
2.362637,2.333158,125,253,35,252,29,249,83,192,128,0,0,0,0,0,0,0
2.362637,2.372005,125,253,35,252,29,249,83,192,128,0,0,0,0,0,0,0
2.417583,2.438313,125,253,35,252,29,249,83,192,128,0,0,0,0,0,0,0
2.472528,2.476696,125,253,35,252,29,249,83,192,128,0,0,0,0,0,0,0
2.472528,2.487618,125,253,35,252,29,249,83,192,128,0,0,0,0,0,0,0
2.527472,2.526744,125,253,35,252,29,249,83,192,128,0,0,0,0,0,0,0
2.582417,2.592671,125,253,35,252,29,249,83,192,128,0,0,0,0,0,0,0
2.582417,2.603697,123,253,33,252,29,249,83,192,128,0,0,0,0,0,0,0
2.637363,2.642438,123,253,33,252,29,249,83,192,128,0,0,0,0,0,0,0
2.692308,2.708339,123,253,33,252,29,249,83,192,128,0,0,0,0,0,0,0
2.747253,2.746845,123,253,33,252,29,249,83,192,128,0,0,0,0,0,0,0
2.747253,2.758001,123,253,33,252,29,249,83,192,128,0,0,0,0,0,0,0
2.802198,2.824311,123,253,33,252,29,249,83,192,128,0,0,0,0,0,0,0
2.857143,2.863308,123,253,33,252,29,249,83,192,128,0,0,0,0,0,0,0
2.857143,2.874435,123,253,33,252,29,249,83,192,128,0,0,0,0,0,0,0
2.912088,2.913129,123,253,33,252,29,249,83,192,128,0,0,0,0,0,0,0
2.967033,2.979025,123,253,33,252,29,249,83,192,128,0,0,0,0,0,0,0
2.967033,2.990099,123,253,33,252,29,249,83,192,128,0,0,0,0,0,0,0
3.021978,3.028844,123,253,33,252,30,249,73,196,0,0,0,0,0,0,0,0
3.076923,3.095357,123,253,33,252,30,249,73,196,0,0,0,0,0,0,0,0
3.131868,3.134204,123,253,33,252,30,249,73,196,0,0,0,0,0,0,0,0
3.131868,3.145173,123,253,33,252,30,249,73,196,0,0,0,0,0,0,0,0
3.186813,3.211279,123,253,33,252,30,249,73,196,0,0,0,0,0,0,0,0
3.241758,3.249818,131,253,33,252,29,249,68,204,0,0,0,0,0,0,0,0
3.241758,3.260894,125,253,33,252,29,250,68,204,128,0,0,0,0,0,0,0
3.296703,3.300246,125,253,33,252,29,250,72,194,128,0,0,0,0,0,0,0
3.351648,3.364096,125,253,33,252,29,250,72,194,128,0,0,0,0,0,0,0
3.351648,3.373436,125,253,33,252,29,250,72,194,128,0,0,0,0,0,0,0
3.406593,3.410185,125,253,33,252,29,250,72,194,128,0,0,0,0,0,0,0
3.461539,3.473990,125,253,33,252,29,250,72,194,128,0,0,0,0,0,0,0
3.461539,3.482806,125,253,33,252,29,250,72,194,128,0,0,0,0,0,0,0
3.516484,3.519299,125,253,33,252,29,250,72,194,128,0,0,0,0,0,0,0
3.571429,3.583047,125,253,33,252,29,250,72,194,128,0,0,0,0,0,0,0
3.571429,3.591923,125,253,33,252,29,250,72,194,128,0,0,0,0,0,0,0
3.626374,3.628464,125,253,33,252,29,250,72,194,128,0,0,0,0,0,0,0
3.681319,3.692419,125,253,33,252,29,250,72,194,128,0,0,0,0,0,0,0
3.681319,3.701396,125,253,33,252,29,250,72,194,128,0,0,0,0,0,0,0
3.736264,3.738143,125,253,33,252,29,250,72,194,128,0,0,0,0,0,0,0
3.791209,3.801942,125,253,33,252,29,250,72,194,128,0,0,0,0,0,0,0
3.791209,3.810816,124,249,31,252,29,250,72,194,128,0,0,0,0,0,0,0
3.846154,3.847257,124,249,31,242,27,250,66,198,128,0,0,0,0,0,0,0
3.901099,3.910951,124,247,29,238,28,249,79,202,128,0,0,0,0,0,0,0
3.901099,3.919676,124,245,29,231,29,250,72,196,128,0,0,0,0,0,0,0
3.956044,3.956323,124,245,29,231,29,250,72,196,0,0,0,0,0,0,0,0
4.010989,4.020632,124,245,29,231,29,250,72,196,0,0,0,0,0,0,0,0
4.010989,4.029456,123,243,30,231,29,250,72,196,0,0,0,0,0,0,0,0
4.065934,4.065896,122,243,30,232,30,250,65,191,0,0,0,0,0,0,0,0
4.120879,4.129543,122,242,29,236,29,249,65,200,0,0,0,0,0,0,0,0
4.120879,4.138211,122,242,29,236,29,249,65,200,0,0,0,0,0,0,0,0
4.175824,4.174658,122,242,29,236,29,249,65,200,0,0,0,0,0,0,0,0
4.230769,4.238455,122,242,29,236,29,249,65,200,0,0,0,0,0,0,0,0
4.230769,4.247176,122,242,29,236,29,249,65,200,0,0,0,0,0,0,0,0
4.285714,4.311130,122,242,29,236,29,249,65,200,0,0,0,0,0,0,0,0
4.340659,4.347363,122,242,29,236,29,249,65,200,0,0,0,0,0,0,0,0
4.340659,4.356084,122,242,29,236,29,249,65,200,0,0,0,0,0,0,0,0
4.395605,4.420039,122,242,29,236,29,249,65,200,0,0,0,0,0,0,0,0
4.450550,4.456071,122,242,29,236,29,249,65,200,0,0,0,0,0,0,0,0
4.450550,4.466890,122,242,29,236,29,249,65,200,0,0,0,0,0,0,0,0
4.505495,4.531050,122,242,29,236,29,249,65,200,0,0,0,0,0,0,0,0
4.560440,4.569330,122,242,29,236,29,249,65,200,0,0,0,0,0,0,0,0
4.560440,4.580354,122,242,29,236,29,249,65,200,0,0,0,0,0,0,0,0
4.615385,4.618896,122,242,29,236,29,249,65,200,0,0,0,0,0,0,0,0
4.670330,4.684640,123,228,27,225,29,250,64,193,0,0,0,0,0,0,0,0
4.725275,4.695508,123,228,27,225,29,250,64,193,0,0,0,0,0,0,0,0
4.725275,4.734352,123,228,27,225,29,250,64,193,0,0,0,0,0,0,0,0
4.780220,4.800816,123,228,27,225,29,250,64,193,0,0,0,0,0,0,0,0
4.835165,4.839046,123,228,27,225,29,250,64,193,0,0,0,0,0,0,0,0
4.835165,4.850019,123,228,27,225,29,250,64,193,0,0,0,0,0,0,0,0
4.890110,4.888713,123,228,27,225,29,250,64,193,0,0,0,0,0,0,0,0
4.945055,4.954456,123,223,26,213,29,249,61,195,128,0,0,0,0,0,0,0
4.945055,4.966042,123,223,26,213,29,249,61,195,128,0,0,0,0,0,0,0
5.000000,5.004528,123,223,26,213,29,249,61,195,128,0,0,0,0,0,0,0
5.054945,5.070326,123,223,26,213,29,249,61,195,128,0,0,0,0,0,0,0
5.109890,5.108579,125,218,27,210,28,249,61,195,128,0,0,0,0,0,0,0
5.109890,5.119478,125,218,27,210,28,249,61,195,128,0,0,0,0,0,0,0
5.164835,5.185688,122,213,24,210,28,249,61,195,128,0,0,0,0,0,0,0
5.219780,5.223919,121,213,24,197,29,249,60,194,0,0,0,0,0,0,0,0
5.219780,5.233304,121,211,24,199,29,249,60,194,0,0,0,0,0,0,0,0
5.274725,5.297155,121,211,24,199,29,249,60,194,0,0,0,0,0,0,0,0
5.329670,5.333391,121,211,24,199,29,249,60,194,0,0,0,0,0,0,0,0
5.329670,5.342213,123,207,25,195,30,249,60,194,0,0,0,0,0,0,0,0
5.384615,5.406425,123,207,26,195,30,249,68,195,128,0,0,0,0,0,0,0
5.439560,5.443225,123,207,26,204,30,249,63,196,128,0,0,0,0,0,0,0
5.439560,5.451840,123,207,26,204,30,249,63,196,128,0,0,0,0,0,0,0
5.494505,5.515691,123,207,26,204,30,249,63,196,128,0,0,0,0,0,0,0
5.549450,5.551826,123,207,26,204,30,249,63,196,128,0,0,0,0,0,0,0
5.549450,5.560544,123,207,26,204,30,249,63,196,128,0,0,0,0,0,0,0
5.604395,5.624705,123,207,26,204,30,249,63,196,128,0,0,0,0,0,0,0
5.659341,5.660839,124,202,26,204,30,249,63,196,128,0,0,0,0,0,0,0
5.659341,5.669557,124,202,24,197,30,249,70,195,0,0,0,0,0,0,0,0
5.714286,5.734180,124,202,24,197,30,249,70,195,0,0,0,0,0,0,0,0
5.769231,5.770260,124,202,24,197,30,249,70,195,0,0,0,0,0,0,0,0
5.769231,5.778981,124,202,24,197,30,249,70,195,0,0,0,0,0,0,0,0
5.824176,5.842526,124,202,24,197,30,249,70,195,0,0,0,0,0,0,0,0
5.879121,5.878764,124,202,24,197,30,249,70,195,0,0,0,0,0,0,0,0
5.879121,5.887478,124,202,24,197,30,249,70,195,0,0,0,0,0,0,0,0
5.934066,5.951234,124,202,24,197,30,249,70,195,0,0,0,0,0,0,0,0
5.989011,5.987334,124,202,24,197,30,249,70,195,0,0,0,0,0,0,0,0
5.989011,5.996034,124,202,24,197,30,249,70,195,0,0,0,0,0,0,0,0
6.043956,6.059630,124,202,24,197,30,249,70,195,0,0,0,0,0,0,0,0
6.043956,6.068451,124,202,24,197,30,249,70,195,0,0,0,0,0,0,0,0
6.098901,6.104941,124,202,24,197,30,249,70,195,0,0,0,0,0,0,0,0
6.153846,6.168543,124,202,24,197,30,249,70,195,0,0,0,0,0,0,0,0
6.153846,6.177516,124,202,24,197,30,249,70,195,0,0,0,0,0,0,0,0
6.208791,6.214109,124,202,24,197,30,249,70,195,0,0,0,0,0,0,0,0
6.263736,6.277707,124,202,24,197,30,249,70,195,0,0,0,0,0,0,0,0
6.263736,6.286374,122,203,24,197,30,249,70,195,0,0,0,0,0,0,0,0
6.318681,6.322814,122,203,26,213,28,249,63,194,0,0,0,0,0,0,0,0
6.373626,6.388566,122,203,26,213,28,249,63,194,0,0,0,0,0,0,0,0
6.428571,6.397280,122,203,26,213,28,249,63,194,0,0,0,0,0,0,0,0
6.428571,6.436025,122,203,26,213,28,249,63,194,0,0,0,0,0,0,0,0
6.483517,6.501771,123,206,28,219,29,250,63,194,0,0,0,0,0,0,0,0
6.538462,6.540000,123,206,28,219,29,250,77,193,128,0,0,0,0,0,0,0
6.538462,6.551484,123,206,28,219,29,250,77,193,128,0,0,0,0,0,0,0
6.593407,6.617691,123,206,28,219,29,250,77,193,128,0,0,0,0,0,0,0
6.648352,6.656075,123,206,28,219,29,250,77,193,128,0,0,0,0,0,0,0
6.648352,6.666894,123,206,28,219,29,250,77,193,128,0,0,0,0,0,0,0
6.703297,6.705486,123,206,28,219,29,250,77,193,128,0,0,0,0,0,0,0
6.758242,6.771346,123,206,28,219,29,250,77,193,128,0,0,0,0,0,0,0
6.813187,6.782152,123,206,28,219,29,250,77,193,128,0,0,0,0,0,0,0
6.813187,6.820998,123,206,28,219,29,250,77,193,128,0,0,0,0,0,0,0
6.868132,6.887252,123,206,28,219,29,250,77,193,128,0,0,0,0,0,0,0
6.923077,6.925588,123,206,28,219,29,250,77,193,128,0,0,0,0,0,0,0
6.923077,6.936457,123,206,28,219,29,250,77,193,128,0,0,0,0,0,0,0
6.978022,7.002560,123,206,28,219,29,250,77,193,128,0,0,0,0,0,0,0
7.032967,7.040846,123,206,28,219,29,250,77,193,128,0,0,0,0,0,0,0
7.032967,7.051712,123,206,28,219,29,250,77,193,128,0,0,0,0,0,0,0
7.087912,7.090409,123,206,28,219,29,250,77,193,128,0,0,0,0,0,0,0
7.142857,7.156152,123,206,28,219,29,250,77,193,128,0,0,0,0,0,0,0
7.197802,7.166919,123,206,28,219,29,250,77,193,128,0,0,0,0,0,0,0
7.197802,7.205716,123,206,28,219,29,250,77,193,128,0,0,0,0,0,0,0
7.252747,7.271872,123,206,28,219,29,250,77,193,128,0,0,0,0,0,0,0
7.307693,7.310205,123,206,28,219,29,250,77,193,128,0,0,0,0,0,0,0
7.307693,7.321122,123,206,28,219,29,250,77,193,128,0,0,0,0,0,0,0
7.362638,7.359922,128,186,22,181,29,249,85,201,0,0,0,0,0,0,0,0
7.417583,7.426428,128,186,22,181,29,249,85,201,0,0,0,0,0,0,0,0
7.417583,7.437610,128,186,22,181,29,249,85,201,0,0,0,0,0,0,0,0
7.472528,7.476147,128,186,22,181,29,249,85,201,0,0,0,0,0,0,0,0
7.527472,7.541894,128,186,22,181,29,249,85,201,0,0,0,0,0,0,0,0
7.582417,7.580255,128,186,22,181,29,249,85,201,0,0,0,0,0,0,0,0
7.582417,7.591096,128,186,22,181,29,249,85,201,0,0,0,0,0,0,0,0
7.637362,7.657353,128,186,22,181,29,249,85,201,0,0,0,0,0,0,0,0
7.692307,7.695737,128,186,22,181,29,249,85,201,0,0,0,0,0,0,0,0
7.692307,7.706557,128,186,22,181,29,249,85,201,0,0,0,0,0,0,0,0
7.747253,7.745150,128,186,22,181,29,249,85,201,0,0,0,0,0,0,0,0
7.802198,7.810992,128,186,22,181,29,249,85,201,0,0,0,0,0,0,0,0
7.802198,7.821864,122,185,23,185,29,249,85,201,0,0,0,0,0,0,0,0
7.857143,7.860659,122,185,23,185,29,249,98,196,128,0,0,0,0,0,0,0
7.912088,7.927172,122,185,23,185,29,249,98,196,128,0,0,0,0,0,0,0
7.967033,7.965559,122,185,23,185,29,249,98,196,128,0,0,0,0,0,0,0
7.967033,7.976476,122,185,23,185,29,249,98,196,128,0,0,0,0,0,0,0
8.021978,8.042531,122,185,23,185,29,249,98,196,128,0,0,0,0,0,0,0
8.076923,8.080865,122,185,23,185,29,249,98,196,128,0,0,0,0,0,0,0
8.076923,8.091682,126,187,24,192,30,249,79,194,128,0,0,0,0,0,0,0
8.131868,8.130481,126,187,24,192,30,249,79,194,0,0,0,0,0,0,0,0
8.186813,8.194791,126,187,24,192,30,249,79,194,0,0,0,0,0,0,0,0
8.186813,8.203511,126,187,24,192,30,249,79,194,0,0,0,0,0,0,0,0
8.241758,8.239948,126,187,24,192,30,249,79,194,0,0,0,0,0,0,0,0
8.296703,8.303647,126,187,24,192,30,249,79,194,0,0,0,0,0,0,0,0
8.296703,8.312372,126,187,24,192,30,249,79,194,0,0,0,0,0,0,0,0
8.351648,8.348871,126,187,24,192,30,249,79,194,0,0,0,0,0,0,0,0
8.406593,8.412564,126,187,24,192,30,249,79,194,0,0,0,0,0,0,0,0
8.406593,8.421227,126,187,24,192,30,249,79,194,0,0,0,0,0,0,0,0
8.461538,8.485288,126,187,24,192,30,249,79,194,0,0,0,0,0,0,0,0
8.516483,8.521524,126,187,24,192,30,249,79,194,0,0,0,0,0,0,0,0
8.516483,8.530140,126,187,24,192,30,249,79,194,0,0,0,0,0,0,0,0
8.571428,8.594143,126,187,24,192,30,249,79,194,0,0,0,0,0,0,0,0
8.626373,8.630332,126,187,24,192,30,249,79,194,0,0,0,0,0,0,0,0
8.626373,8.639049,126,187,24,192,30,249,79,194,0,0,0,0,0,0,0,0
8.681318,8.703004,126,187,24,192,30,249,79,194,0,0,0,0,0,0,0,0
8.736263,8.739444,126,187,24,192,30,249,79,194,0,0,0,0,0,0,0,0
8.736263,8.748167,126,187,24,192,30,249,79,194,0,0,0,0,0,0,0,0
8.791209,8.812017,126,187,24,192,30,249,79,194,0,0,0,0,0,0,0,0
8.846154,8.848200,126,187,24,192,30,249,79,194,0,0,0,0,0,0,0,0
8.846154,8.856929,126,187,24,192,30,249,79,194,0,0,0,0,0,0,0,0
8.901099,8.920825,126,187,24,192,30,249,79,194,0,0,0,0,0,0,0,0
8.956044,8.956858,126,187,24,192,30,249,79,194,0,0,0,0,0,0,0,0
8.956044,8.965574,126,187,24,192,30,249,79,194,0,0,0,0,0,0,0,0
9.010989,9.029584,126,187,24,192,30,249,79,194,0,0,0,0,0,0,0,0
9.065934,9.065715,124,172,21,174,30,249,79,194,0,0,0,0,0,0,0,0
9.065934,9.074535,123,172,21,175,30,249,80,196,128,0,0,0,0,0,0,0
9.120879,9.139212,123,172,21,175,30,249,84,194,0,0,0,0,0,0,0,0
9.175824,9.176210,123,172,21,175,30,249,84,194,0,0,0,0,0,0,0,0
9.175824,9.184934,123,172,21,175,30,249,84,194,0,0,0,0,0,0,0,0
9.230769,9.248481,123,172,21,175,30,249,84,194,0,0,0,0,0,0,0,0
9.285714,9.284917,123,172,21,175,30,249,84,194,0,0,0,0,0,0,0,0
9.285714,9.295787,123,172,21,175,30,249,84,194,0,0,0,0,0,0,0,0
9.340659,9.359691,123,172,21,175,30,249,84,194,0,0,0,0,0,0,0,0
9.395604,9.397920,123,172,21,175,30,249,84,194,0,0,0,0,0,0,0,0
9.395604,9.408792,123,172,21,175,30,249,84,194,0,0,0,0,0,0,0,0
9.450549,9.447592,123,172,21,175,30,249,84,194,0,0,0,0,0,0,0,0
9.505494,9.513381,123,172,21,175,30,249,84,194,0,0,0,0,0,0,0,0
9.505494,9.524560,123,172,21,175,30,249,84,194,0,0,0,0,0,0,0,0
9.560439,9.563251,123,172,21,175,30,249,84,194,0,0,0,0,0,0,0,0
9.615385,9.629101,123,172,21,175,30,249,84,194,0,0,0,0,0,0,0,0
9.670330,9.667351,124,168,22,174,30,249,84,194,0,0,0,0,0,0,0,0
9.670330,9.678251,124,168,22,174,77,249,83,195,0,0,0,0,0,0,0,0
9.725275,9.744457,124,168,22,174,77,249,83,195,0,0,0,0,0,0,0,0
9.780220,9.782691,124,168,22,174,77,249,83,195,0,0,0,0,0,0,0,0
9.780220,9.793609,124,168,22,174,77,249,83,195,0,0,0,0,0,0,0,0
9.835165,9.832405,124,168,22,174,77,249,83,195,0,0,0,0,0,0,0,0
9.890110,9.898098,124,168,22,174,77,249,83,195,0,0,0,0,0,0,0,0
9.890110,9.908969,124,168,22,174,77,249,83,195,0,0,0,0,0,0,0,0
9.945055,9.947562,124,168,22,174,77,249,83,195,0,0,0,0,0,0,0,0
10.000000,10.013304,124,168,22,174,77,249,83,195,0,0,0,0,0,0,0,0
10.054945,10.051661,124,168,22,174,77,249,83,195,0,0,0,0,0,0,0,0
10.054945,10.062713,124,168,22,174,77,249,83,195,0,0,0,0,0,0,0,0
10.109890,10.129175,124,168,22,174,77,249,83,195,0,0,0,0,0,0,0,0
10.164835,10.167406,124,168,22,174,77,249,83,195,0,0,0,0,0,0,0,0
10.164835,10.178329,124,168,22,174,77,249,83,195,0,0,0,0,0,0,0,0
10.219780,10.216920,124,168,22,174,77,249,83,195,0,0,0,0,0,0,0,0
10.274725,10.282660,124,168,22,174,77,249,83,195,0,0,0,0,0,0,0,0
10.274725,10.293585,124,168,22,174,77,249,83,195,0,0,0,0,0,0,0,0
10.329670,10.332223,124,168,22,174,77,249,83,195,0,0,0,0,0,0,0,0
10.384615,10.398074,124,168,22,174,77,249,83,195,0,0,0,0,0,0,0,0
10.439561,10.436479,124,168,22,174,77,249,83,195,0,0,0,0,0,0,0,0
10.439561,10.447384,124,168,22,174,77,249,83,195,0,0,0,0,0,0,0,0
10.494506,10.513533,124,168,22,174,77,249,83,195,0,0,0,0,0,0,0,0
10.549451,10.551971,124,168,22,174,77,249,83,195,0,0,0,0,0,0,0,0
10.549451,10.562889,124,168,22,174,77,249,83,195,0,0,0,0,0,0,0,0
10.604396,10.601480,124,168,22,174,77,249,83,195,0,0,0,0,0,0,0,0
10.659341,10.667226,124,168,22,174,77,249,83,195,0,0,0,0,0,0,0,0
10.659341,10.678248,124,168,22,174,77,249,83,195,0,0,0,0,0,0,0,0
10.714286,10.716890,124,168,22,174,77,249,83,195,0,0,0,0,0,0,0,0
10.769231,10.782582,124,168,22,174,77,249,83,195,0,0,0,0,0,0,0,0
10.824176,10.821126,124,168,22,174,77,249,83,195,0,0,0,0,0,0,0,0
10.824176,10.831993,124,168,22,174,77,249,83,195,0,0,0,0,0,0,0,0
10.879121,10.897995,124,168,22,174,77,249,83,195,0,0,0,0,0,0,0,0
10.934066,10.936379,124,168,22,174,77,249,83,195,0,0,0,0,0,0,0,0
10.934066,10.947197,124,168,22,174,77,249,83,195,0,0,0,0,0,0,0,0
10.989011,10.985942,124,168,22,174,77,249,83,195,0,0,0,0,0,0,0,0
11.043956,11.051737,124,168,22,174,77,249,83,195,0,0,0,0,0,0,0,0
11.043956,11.062813,124,168,22,174,77,249,83,195,0,0,0,0,0,0,0,0
11.098901,11.101458,124,168,22,174,77,249,83,195,0,0,0,0,0,0,0,0
11.153846,11.167148,124,168,22,174,77,249,83,195,0,0,0,0,0,0,0,0
11.208791,11.205482,124,168,22,174,77,249,83,195,0,0,0,0,0,0,0,0
11.208791,11.216763,124,168,22,174,77,249,83,195,0,0,0,0,0,0,0,0
11.263737,11.282608,124,168,22,174,77,249,83,195,0,0,0,0,0,0,0,0
11.318682,11.321046,124,168,22,174,77,249,83,195,0,0,0,0,0,0,0,0
11.318682,11.332070,124,168,22,174,77,249,83,195,0,0,0,0,0,0,0,0
11.373627,11.370406,124,168,22,174,77,249,83,195,0,0,0,0,0,0,0,0
11.428572,11.436252,124,168,22,174,77,249,83,195,0,0,0,0,0,0,0,0
11.428572,11.447432,124,168,22,174,77,249,83,195,0,0,0,0,0,0,0,0
11.483517,11.485765,124,168,22,174,77,249,83,195,0,0,0,0,0,0,0,0
11.538462,11.551661,124,168,22,174,77,249,83,195,0,0,0,0,0,0,0,0
11.593407,11.590048,124,168,22,174,77,249,83,195,0,0,0,0,0,0,0,0
11.593407,11.601069,124,168,22,174,77,249,83,195,0,0,0,0,0,0,0,0
11.648352,11.666967,124,168,22,174,77,249,83,195,0,0,0,0,0,0,0,0
11.703297,11.705299,124,168,22,174,77,249,83,195,0,0,0,0,0,0,0,0
11.703297,11.716376,124,168,22,174,77,249,83,195,0,0,0,0,0,0,0,0
11.758242,11.754764,124,168,22,174,77,249,83,195,0,0,0,0,0,0,0,0
11.813187,11.820508,124,168,22,174,77,249,83,195,0,0,0,0,0,0,0,0
11.813187,11.831683,124,168,22,174,77,249,83,195,0,0,0,0,0,0,0,0
11.868132,11.869967,124,168,22,174,77,249,83,195,0,0,0,0,0,0,0,0
11.923077,11.935662,124,168,22,174,77,249,83,195,0,0,0,0,0,0,0,0
11.978022,11.974049,124,168,22,174,77,249,83,195,0,0,0,0,0,0,0,0
11.978022,11.985173,124,168,22,174,77,249,83,195,0,0,0,0,0,0,0,0
12.032967,12.051224,128,162,22,174,77,249,83,195,0,0,0,0,0,0,0,0
12.087913,12.089509,128,162,16,119,86,249,69,197,0,0,0,0,0,0,0,0
12.087913,12.100684,128,162,16,119,86,249,69,197,0,0,0,0,0,0,0,0
12.142858,12.139071,128,162,16,119,86,249,69,197,0,0,0,0,0,0,0,0
12.197803,12.204815,128,162,16,119,86,249,69,197,0,0,0,0,0,0,0,0
12.197803,12.215992,128,162,16,119,86,249,69,197,0,0,0,0,0,0,0,0
12.252748,12.254376,128,162,16,119,86,249,69,197,0,0,0,0,0,0,0,0
12.307693,12.320122,128,162,16,119,86,249,69,197,0,0,0,0,0,0,0,0
12.362638,12.358515,128,162,16,119,86,249,69,197,0,0,0,0,0,0,0,0
12.362638,12.369687,122,132,16,119,86,249,69,197,0,0,0,0,0,0,0,0
12.417583,12.435429,122,132,13,99,226,250,22,194,128,0,0,0,0,0,0,0
12.472528,12.474326,122,132,13,99,226,250,22,194,128,0,0,0,0,0,0,0
12.472528,12.485349,122,132,13,99,226,250,22,194,128,0,0,0,0,0,0,0
12.527472,12.523737,122,132,13,99,226,250,22,194,128,0,0,0,0,0,0,0
12.582417,12.589326,122,132,13,99,226,250,22,194,128,0,0,0,0,0,0,0
12.582417,12.600451,122,132,13,99,226,250,22,194,128,0,0,0,0,0,0,0
12.637362,12.638582,122,132,13,99,226,250,22,194,128,0,0,0,0,0,0,0
12.692307,12.704172,122,132,13,99,226,250,22,194,128,0,0,0,0,0,0,0
12.747252,12.714787,122,132,13,99,226,250,22,194,128,0,0,0,0,0,0,0
12.747252,12.753275,122,132,13,99,226,250,22,194,128,0,0,0,0,0,0,0
12.802197,12.819074,122,132,13,99,226,250,22,194,128,0,0,0,0,0,0,0
12.857142,12.857253,122,132,13,99,226,250,22,194,128,0,0,0,0,0,0,0
12.857142,12.868480,125,116,13,112,229,249,20,194,128,0,0,0,0,0,0,0
12.912087,12.934381,125,116,13,112,229,249,20,197,128,0,0,0,0,0,0,0
12.967033,12.972558,125,114,14,109,229,249,20,197,128,0,0,0,0,0,0,0
12.967033,12.983431,125,114,14,109,230,249,19,199,128,0,0,0,0,0,0,0
13.021978,13.021613,125,114,14,109,230,249,19,199,128,0,0,0,0,0,0,0
13.076923,13.087205,125,114,14,109,230,249,19,199,128,0,0,0,0,0,0,0
13.131868,13.098023,125,114,14,109,230,249,19,199,128,0,0,0,0,0,0,0
13.131868,13.136765,125,114,14,109,230,249,19,199,128,0,0,0,0,0,0,0
13.186813,13.202354,125,114,14,109,230,249,19,199,128,0,0,0,0,0,0,0
13.241758,13.240485,125,114,14,109,230,249,19,199,128,0,0,0,0,0,0,0
13.241758,13.251508,125,114,14,109,230,249,19,199,128,0,0,0,0,0,0,0
13.296703,13.317203,125,114,14,109,230,249,19,199,128,0,0,0,0,0,0,0
13.351648,13.355433,125,114,14,109,230,249,19,199,128,0,0,0,0,0,0,0
13.351648,13.366357,125,114,14,109,230,249,19,199,128,0,0,0,0,0,0,0
13.406593,13.404588,125,114,14,109,230,249,19,199,128,0,0,0,0,0,0,0
13.461538,13.470586,125,114,14,109,230,249,19,199,128,0,0,0,0,0,0,0
13.461538,13.481406,125,114,14,109,230,249,19,199,128,0,0,0,0,0,0,0
13.516483,13.519846,125,114,14,109,230,249,19,199,128,0,0,0,0,0,0,0
13.571428,13.585436,125,114,14,109,230,249,19,199,128,0,0,0,0,0,0,0
13.626373,13.623565,121,115,16,117,230,249,19,199,128,0,0,0,0,0,0,0
13.626373,13.634486,122,115,16,117,92,249,19,199,128,0,0,0,0,0,0,0
13.681318,13.700283,122,115,16,117,92,249,19,199,128,0,0,0,0,0,0,0
13.736263,13.738359,122,115,16,117,92,249,19,199,128,0,0,0,0,0,0,0
13.736263,13.749331,122,115,16,117,92,249,19,199,128,0,0,0,0,0,0,0
13.791209,13.787718,128,122,18,146,113,250,110,196,128,0,0,0,0,0,0,0
13.846154,13.853361,128,122,18,146,113,250,110,196,0,0,0,0,0,0,0,0
13.846154,13.862901,128,122,18,146,113,250,110,196,0,0,0,0,0,0,0,0
13.901099,13.899136,128,122,18,146,113,250,110,196,0,0,0,0,0,0,0,0
13.956044,13.962627,128,122,18,146,113,250,110,196,0,0,0,0,0,0,0,0
13.956044,13.971605,128,122,18,146,113,250,110,196,0,0,0,0,0,0,0,0
14.010989,14.007535,128,122,18,146,113,250,110,196,0,0,0,0,0,0,0,0
14.065934,14.071026,128,122,18,146,113,250,110,196,0,0,0,0,0,0,0,0
14.065934,14.079799,128,122,18,146,113,250,110,196,0,0,0,0,0,0,0,0
14.120879,14.115941,128,122,18,146,113,250,110,196,0,0,0,0,0,0,0,0
14.175824,14.179426,128,122,18,146,113,250,110,196,0,0,0,0,0,0,0,0
14.175824,14.188196,128,122,18,146,113,250,110,196,0,0,0,0,0,0,0,0
14.230769,14.251691,128,122,18,146,113,250,110,196,0,0,0,0,0,0,0,0
14.285714,14.287775,128,122,18,146,113,250,110,196,0,0,0,0,0,0,0,0
14.285714,14.296544,128,122,18,146,113,250,110,196,0,0,0,0,0,0,0,0
14.340659,14.360087,128,122,18,146,113,250,110,196,0,0,0,0,0,0,0,0
14.395604,14.396018,128,122,18,146,113,250,110,196,0,0,0,0,0,0,0,0
14.395604,14.404844,128,122,18,146,113,250,110,196,0,0,0,0,0,0,0,0
14.450549,14.468336,128,122,18,146,113,250,110,196,0,0,0,0,0,0,0,0
14.505494,14.504416,129,166,20,155,54,249,114,196,0,0,0,0,0,0,0,0
14.505494,14.513650,129,166,20,155,54,249,114,206,0,0,0,0,0,0,0,0
14.560439,14.577396,129,166,20,155,54,249,114,206,0,0,0,0,0,0,0,0
14.615385,14.613430,129,166,20,155,54,249,114,206,0,0,0,0,0,0,0,0
14.615385,14.622302,129,166,20,155,54,249,114,206,0,0,0,0,0,0,0,0
14.670330,14.685901,129,166,20,155,54,249,114,206,0,0,0,0,0,0,0,0
14.725275,14.722031,129,166,20,155,54,249,114,206,0,0,0,0,0,0,0,0
14.725275,14.731010,129,166,20,155,54,249,114,206,0,0,0,0,0,0,0,0
14.780220,14.794659,129,166,20,155,54,249,114,206,0,0,0,0,0,0,0,0
14.835165,14.830839,129,166,20,155,54,249,114,206,0,0,0,0,0,0,0,0
14.835165,14.839815,129,166,20,155,54,249,114,206,0,0,0,0,0,0,0,0
14.890110,14.903565,129,166,20,155,54,249,114,206,0,0,0,0,0,0,0,0
14.945055,14.939711,129,166,20,155,54,249,114,206,0,0,0,0,0,0,0,0
14.945055,14.948624,129,166,20,155,54,249,114,206,0,0,0,0,0,0,0,0
15.000000,15.014322,129,166,20,155,54,249,114,206,0,0,0,0,0,0,0,0
15.054945,15.050354,129,166,20,155,54,249,114,206,0,0,0,0,0,0,0,0
15.054945,15.061372,129,166,20,155,54,249,114,206,0,0,0,0,0,0,0,0
15.109890,15.127681,129,166,20,155,54,249,114,206,0,0,0,0,0,0,0,0
15.164835,15.165913,129,166,20,155,54,249,114,206,0,0,0,0,0,0,0,0
15.164835,15.176937,129,166,20,155,54,249,114,206,0,0,0,0,0,0,0,0
15.219780,15.215371,129,166,20,155,54,249,114,206,0,0,0,0,0,0,0,0
15.274725,15.281117,129,166,20,155,54,249,114,206,0,0,0,0,0,0,0,0
15.274725,15.292244,129,166,20,155,54,249,114,206,0,0,0,0,0,0,0,0
15.329670,15.330604,129,166,20,155,54,249,114,206,0,0,0,0,0,0,0,0
15.384615,15.396681,129,166,20,155,54,249,114,206,0,0,0,0,0,0,0,0
15.439561,15.435069,129,166,20,155,54,249,114,206,0,0,0,0,0,0,0,0
15.439561,15.446195,124,124,14,111,195,249,46,194,0,0,0,0,0,0,0,0
15.494506,15.511886,122,122,13,111,214,249,39,196,0,0,0,0,0,0,0,0
15.549451,15.550117,122,122,15,109,228,250,40,203,0,0,0,0,0,0,0,0
15.549451,15.561040,122,122,15,109,228,250,40,203,0,0,0,0,0,0,0,0
15.604396,15.599226,122,122,15,109,228,250,40,203,0,0,0,0,0,0,0,0
15.659341,15.665271,126,120,17,133,228,250,40,203,0,0,0,0,0,0,0,0
15.659341,15.676295,126,120,17,133,229,249,23,205,0,0,0,0,0,0,0,0
15.714286,15.714426,126,120,17,133,229,249,23,205,0,0,0,0,0,0,0,0
15.769231,15.780172,126,120,17,133,229,249,23,205,0,0,0,0,0,0,0,0
15.824176,15.818383,126,120,17,133,229,249,23,205,0,0,0,0,0,0,0,0
15.824176,15.829374,126,120,17,133,229,249,23,205,0,0,0,0,0,0,0,0
15.879121,15.895273,129,134,21,163,193,250,25,205,0,0,0,0,0,0,0,0
15.934066,15.933352,129,134,21,163,193,250,25,202,128,0,0,0,0,0,0,0
15.934066,15.945043,129,134,21,163,193,250,25,202,128,0,0,0,0,0,0,0
15.989011,15.983427,129,134,21,163,193,250,25,202,128,0,0,0,0,0,0,0
16.043957,16.049017,126,145,21,163,193,250,25,202,128,0,0,0,0,0,0,0
16.043957,16.059988,126,145,23,177,181,250,60,198,0,0,0,0,0,0,0,0
16.098902,16.098835,126,145,23,177,181,250,60,198,0,0,0,0,0,0,0,0
16.153847,16.164427,126,145,23,177,181,250,60,198,0,0,0,0,0,0,0,0
16.208792,16.175140,126,145,23,177,181,250,60,198,0,0,0,0,0,0,0,0
16.208792,16.213684,126,145,23,177,181,250,60,198,0,0,0,0,0,0,0,0
16.263737,16.279377,126,145,23,177,181,250,60,198,0,0,0,0,0,0,0,0
16.318682,16.317659,126,145,23,177,181,250,60,198,0,0,0,0,0,0,0,0
16.318682,16.328783,123,173,24,177,181,250,60,198,0,0,0,0,0,0,0,0
16.373627,16.394581,123,173,24,192,62,249,103,196,128,0,0,0,0,0,0,0
16.428572,16.431480,123,173,24,192,62,249,103,196,128,0,0,0,0,0,0,0
16.428572,16.440416,123,172,21,172,34,250,110,197,128,0,0,0,0,0,0,0
16.483517,16.504002,123,172,21,172,34,250,110,197,128,0,0,0,0,0,0,0
16.538462,16.540291,123,172,21,172,34,250,110,197,128,0,0,0,0,0,0,0
16.538462,16.549265,123,172,21,172,34,250,110,197,128,0,0,0,0,0,0,0
16.593407,16.612915,123,172,21,172,34,250,110,197,128,0,0,0,0,0,0,0
16.648352,16.649199,123,172,21,172,34,250,110,197,128,0,0,0,0,0,0,0
16.648352,16.658125,123,172,21,172,34,250,110,197,128,0,0,0,0,0,0,0
16.703297,16.721821,123,172,21,172,34,250,110,197,128,0,0,0,0,0,0,0
16.758242,16.757959,123,172,21,172,34,250,110,197,128,0,0,0,0,0,0,0
16.758242,16.767086,123,172,21,172,34,250,110,197,128,0,0,0,0,0,0,0
16.813187,16.830887,123,172,21,172,34,250,110,197,128,0,0,0,0,0,0,0
16.868132,16.867022,123,172,21,172,34,250,110,197,128,0,0,0,0,0,0,0
16.868132,16.876110,123,172,21,172,34,250,110,197,128,0,0,0,0,0,0,0
16.923077,16.939745,123,172,21,172,34,250,110,197,128,0,0,0,0,0,0,0
16.978022,16.975933,123,172,21,172,34,250,110,197,128,0,0,0,0,0,0,0
16.978022,16.984751,123,172,21,172,34,250,110,197,128,0,0,0,0,0,0,0
17.032967,17.048555,123,172,21,172,34,250,110,197,128,0,0,0,0,0,0,0
17.087912,17.084845,123,172,21,172,34,250,110,197,128,0,0,0,0,0,0,0
17.087912,17.093767,120,152,17,135,23,249,108,190,128,0,0,0,0,0,0,0
17.142857,17.157211,120,152,17,135,23,249,108,190,128,0,0,0,0,0,0,0
17.197802,17.193239,127,149,18,144,23,249,108,190,128,0,0,0,0,0,0,0
17.197802,17.202164,130,149,18,148,23,250,99,205,0,0,0,0,0,0,0,0
17.252747,17.266272,130,149,18,148,23,250,91,196,0,0,0,0,0,0,0,0
17.307692,17.302303,130,149,18,148,23,250,91,196,0,0,0,0,0,0,0,0
17.307692,17.311382,130,149,18,148,23,250,91,196,0,0,0,0,0,0,0,0
17.362637,17.374821,130,149,18,148,23,250,91,196,0,0,0,0,0,0,0,0
17.362637,17.383392,130,149,18,148,23,250,91,196,0,0,0,0,0,0,0,0
17.417582,17.419781,130,149,18,148,23,250,91,196,0,0,0,0,0,0,0,0
17.472527,17.483252,130,149,18,148,23,250,91,196,0,0,0,0,0,0,0,0
17.527473,17.491741,130,149,18,148,23,250,91,196,0,0,0,0,0,0,0,0
17.527473,17.530176,130,149,18,148,23,250,91,196,0,0,0,0,0,0,0,0
17.582418,17.593670,130,149,18,148,23,250,91,196,0,0,0,0,0,0,0,0
17.637363,17.631905,130,149,18,148,23,250,91,196,0,0,0,0,0,0,0,0
17.637363,17.642923,130,149,18,148,23,250,91,196,0,0,0,0,0,0,0,0
17.692308,17.708721,130,149,18,148,23,250,91,196,0,0,0,0,0,0,0,0
17.747253,17.746952,130,149,18,148,23,250,91,196,0,0,0,0,0,0,0,0
17.747253,17.757824,130,149,18,148,23,250,91,196,0,0,0,0,0,0,0,0
17.802198,17.796061,130,149,18,148,23,250,91,196,0,0,0,0,0,0,0,0
17.857143,17.861694,130,149,18,148,23,250,91,196,0,0,0,0,0,0,0,0
17.857143,17.872824,130,149,18,148,23,250,91,196,0,0,0,0,0,0,0,0
17.912088,17.911106,130,149,18,148,23,250,91,196,0,0,0,0,0,0,0,0
17.967033,17.976746,125,169,21,170,65,248,91,196,0,0,0,0,0,0,0,0
18.021978,17.987518,125,169,21,170,65,248,95,195,0,0,0,0,0,0,0,0
18.021978,18.026140,125,169,21,170,65,248,95,195,0,0,0,0,0,0,0,0
18.076923,18.092052,125,169,21,170,65,248,95,195,0,0,0,0,0,0,0,0
18.131868,18.130386,125,169,21,170,65,248,95,195,0,0,0,0,0,0,0,0
18.131868,18.141720,125,169,21,170,65,248,95,195,0,0,0,0,0,0,0,0
18.186813,18.180069,125,169,21,170,65,248,95,195,0,0,0,0,0,0,0,0
18.241758,18.245852,125,169,21,170,65,248,95,195,0,0,0,0,0,0,0,0
18.241758,18.257027,125,169,21,170,65,248,95,195,0,0,0,0,0,0,0,0
18.296703,18.295309,125,169,21,170,65,248,95,195,0,0,0,0,0,0,0,0
18.351648,18.361053,125,169,21,170,65,248,95,195,0,0,0,0,0,0,0,0
18.406593,18.371872,125,169,21,170,65,248,95,195,0,0,0,0,0,0,0,0
18.406593,18.410667,125,169,21,170,65,248,95,195,0,0,0,0,0,0,0,0
18.461538,18.476517,125,169,21,170,65,248,95,195,0,0,0,0,0,0,0,0
18.516483,18.514748,125,169,21,170,65,248,95,195,0,0,0,0,0,0,0,0
18.516483,18.525822,125,169,21,170,65,248,95,195,0,0,0,0,0,0,0,0
18.571428,18.591669,124,145,15,115,70,250,83,195,0,0,0,0,0,0,0,0
18.626373,18.630054,124,145,15,115,70,250,83,189,0,0,0,0,0,0,0,0
18.626373,18.640976,124,145,15,115,70,250,83,189,0,0,0,0,0,0,0,0
18.681318,18.679159,130,136,14,115,70,250,83,189,0,0,0,0,0,0,0,0
18.736263,18.744905,130,136,14,109,72,250,69,202,128,0,0,0,0,0,0,0
18.791208,18.756231,130,136,14,109,72,250,69,202,128,0,0,0,0,0,0,0
18.791208,18.794771,130,136,14,109,72,250,69,202,128,0,0,0,0,0,0,0
18.846153,18.860415,130,136,14,109,72,250,69,202,128,0,0,0,0,0,0,0
18.901098,18.898439,130,136,14,109,72,250,69,202,128,0,0,0,0,0,0,0
18.901098,18.909313,130,136,14,109,72,250,69,202,128,0,0,0,0,0,0,0
18.956043,18.974955,130,136,14,109,72,250,69,202,128,0,0,0,0,0,0,0
19.010988,19.013239,130,136,14,109,72,250,69,202,128,0,0,0,0,0,0,0
19.010988,19.024313,130,136,14,109,72,250,69,202,128,0,0,0,0,0,0,0
19.065933,19.062492,130,136,14,109,72,250,69,202,128,0,0,0,0,0,0,0
19.120878,19.128309,130,136,14,109,72,250,69,202,128,0,0,0,0,0,0,0
19.120878,19.139006,130,136,14,109,72,250,69,202,128,0,0,0,0,0,0,0
19.175825,19.177597,118,108,13,102,231,249,14,197,128,0,0,0,0,0,0,0
19.230770,19.241201,118,108,13,102,231,249,14,197,128,0,0,0,0,0,0,0
19.230770,19.249710,124,107,13,97,229,249,14,197,128,0,0,0,0,0,0,0
19.285715,19.285740,124,107,13,97,229,250,5,194,128,0,0,0,0,0,0,0
19.340660,19.349232,124,107,13,97,229,250,5,194,128,0,0,0,0,0,0,0
19.340660,19.357800,124,107,13,97,229,250,5,194,128,0,0,0,0,0,0,0
19.395605,19.393831,124,107,13,97,229,250,5,194,128,0,0,0,0,0,0,0
19.450550,19.457436,124,107,13,97,229,250,5,194,128,0,0,0,0,0,0,0
19.450550,19.466045,124,107,13,97,229,250,5,194,128,0,0,0,0,0,0,0
19.505495,19.502077,124,107,13,97,229,250,5,194,128,0,0,0,0,0,0,0
19.560440,19.565668,124,107,13,97,229,250,5,194,128,0,0,0,0,0,0,0
19.560440,19.574697,124,107,13,97,229,250,5,194,128,0,0,0,0,0,0,0
19.615385,19.610729,124,107,13,97,229,250,5,194,128,0,0,0,0,0,0,0
19.670330,19.674221,124,107,13,97,229,250,5,194,128,0,0,0,0,0,0,0
19.670330,19.682999,124,107,13,97,229,250,5,194,128,0,0,0,0,0,0,0
19.725275,19.718922,124,107,13,97,229,250,5,194,128,0,0,0,0,0,0,0
19.780220,19.782366,124,107,13,97,229,250,5,194,128,0,0,0,0,0,0,0
19.780220,19.791292,124,107,13,97,229,250,5,194,128,0,0,0,0,0,0,0
19.835165,19.854837,124,107,13,97,229,250,5,194,128,0,0,0,0,0,0,0
19.890110,19.890917,124,107,13,97,229,250,5,194,128,0,0,0,0,0,0,0
19.890110,19.899895,124,107,13,97,229,250,5,194,128,0,0,0,0,0,0,0
19.945055,19.963387,124,107,13,97,229,250,5,194,128,0,0,0,0,0,0,0
20.000000,19.999418,124,107,13,97,229,250,5,194,128,0,0,0,0,0,0,0
20.000000,20.008139,119,107,17,141,214,249,47,191,128,0,0,0,0,0,0,0
20.054945,20.071785,119,107,17,141,214,249,47,191,128,0,0,0,0,0,0,0
20.109890,20.107763,119,107,17,141,214,249,47,191,128,0,0,0,0,0,0,0
20.109890,20.116594,119,107,17,141,214,249,47,191,128,0,0,0,0,0,0,0
20.164835,20.180185,119,107,17,141,214,249,47,191,128,0,0,0,0,0,0,0
20.219780,20.216164,119,107,17,141,214,249,47,191,128,0,0,0,0,0,0,0
20.219780,20.225040,119,107,17,141,214,249,47,191,128,0,0,0,0,0,0,0
20.274725,20.288536,119,107,17,141,214,249,47,191,128,0,0,0,0,0,0,0
20.329670,20.324409,119,107,17,141,214,249,47,191,128,0,0,0,0,0,0,0
20.329670,20.335329,119,107,17,141,214,249,47,191,128,0,0,0,0,0,0,0
20.384615,20.398872,119,107,17,141,214,249,47,191,128,0,0,0,0,0,0,0
20.439560,20.436953,119,107,17,141,214,249,47,191,128,0,0,0,0,0,0,0
20.439560,20.448187,119,107,17,141,214,249,47,191,128,0,0,0,0,0,0,0
20.494505,20.513926,119,107,17,141,214,249,47,191,128,0,0,0,0,0,0,0
20.549450,20.552210,129,151,26,200,214,249,47,191,128,0,0,0,0,0,0,0
20.549450,20.563232,129,151,26,200,214,249,47,191,128,0,0,0,0,0,0,0
20.604395,20.601360,129,151,26,200,214,249,47,191,128,0,0,0,0,0,0,0
20.659340,20.666958,129,151,26,200,214,249,47,191,128,0,0,0,0,0,0,0
20.714285,20.677719,129,151,26,200,214,249,47,191,128,0,0,0,0,0,0,0
20.714285,20.716412,124,183,26,200,214,249,47,191,128,0,0,0,0,0,0,0
20.769230,20.782156,124,183,41,251,23,249,107,194,0,0,0,0,0,0,0,0
20.824175,20.821310,124,183,41,251,23,249,107,194,0,0,0,0,0,0,0,0
20.824175,20.832541,124,183,41,251,23,249,107,194,0,0,0,0,0,0,0,0
20.879122,20.898439,124,183,41,251,23,249,107,194,0,0,0,0,0,0,0,0
20.934067,20.937031,124,183,41,251,23,249,107,194,0,0,0,0,0,0,0,0
20.934067,20.948256,124,183,41,251,23,249,107,194,0,0,0,0,0,0,0,0
20.989012,20.986746,124,183,41,251,23,249,107,194,0,0,0,0,0,0,0,0
21.043957,21.052744,124,183,41,251,23,249,107,194,0,0,0,0,0,0,0,0
21.098902,21.091305,124,183,41,251,23,249,107,194,0,0,0,0,0,0,0,0
21.098902,21.102669,124,183,41,251,23,249,107,194,0,0,0,0,0,0,0,0
21.153847,21.168667,124,183,41,251,23,249,107,194,0,0,0,0,0,0,0,0
21.208792,21.207052,130,184,20,159,23,250,116,206,128,0,0,0,0,0,0,0
21.208792,21.218792,130,184,20,159,23,250,116,206,128,0,0,0,0,0,0,0
21.263737,21.257227,130,184,20,159,23,250,116,206,128,0,0,0,0,0,0,0
21.318682,21.322971,130,184,20,159,23,250,116,206,128,0,0,0,0,0,0,0
21.318682,21.334152,130,184,20,159,23,250,116,206,128,0,0,0,0,0,0,0
21.373627,21.372534,130,184,20,159,23,250,116,206,128,0,0,0,0,0,0,0
21.428572,21.438332,130,184,20,159,23,250,116,206,128,0,0,0,0,0,0,0
21.483517,21.476665,130,184,20,159,23,250,116,206,128,0,0,0,0,0,0,0
21.483517,21.487741,130,184,20,159,23,250,116,206,128,0,0,0,0,0,0,0
21.538462,21.553589,130,184,20,159,23,250,116,206,128,0,0,0,0,0,0,0
21.593407,21.591972,130,184,20,159,23,250,116,206,128,0,0,0,0,0,0,0
21.593407,21.603199,130,184,20,159,23,250,116,206,128,0,0,0,0,0,0,0
21.648352,21.641588,130,184,20,159,23,250,116,206,128,0,0,0,0,0,0,0
21.703297,21.707384,130,184,20,159,23,250,116,206,128,0,0,0,0,0,0,0
21.703297,21.718664,123,200,35,159,23,250,116,206,128,0,0,0,0,0,0,0
21.758242,21.757204,123,200,35,251,24,249,91,195,128,0,0,0,0,0,0,0
21.813187,21.823101,123,200,35,251,24,249,91,195,128,0,0,0,0,0,0,0
21.868132,21.861486,123,228,37,251,24,249,84,194,0,0,0,0,0,0,0,0
21.868132,21.873428,123,228,37,251,24,249,84,194,0,0,0,0,0,0,0,0
21.923077,21.939381,123,228,37,251,24,249,84,194,0,0,0,0,0,0,0,0
21.978022,21.977919,123,228,37,251,24,249,84,194,0,0,0,0,0,0,0,0
21.978022,21.989096,123,228,37,251,24,249,84,194,0,0,0,0,0,0,0,0
22.032967,22.027531,123,228,37,251,24,249,84,194,0,0,0,0,0,0,0,0
22.087912,22.093382,123,228,37,251,24,249,84,194,0,0,0,0,0,0,0,0
22.087912,22.104662,123,228,37,251,24,249,84,194,0,0,0,0,0,0,0,0
22.142857,22.143665,123,228,37,251,24,249,84,194,0,0,0,0,0,0,0,0
22.197802,22.209608,124,222,25,198,25,250,84,195,128,0,0,0,0,0,0,0
22.252747,22.248711,124,222,25,198,25,250,84,195,128,0,0,0,0,0,0,0
22.252747,22.259888,124,222,25,198,25,250,84,195,128,0,0,0,0,0,0,0
22.307692,22.325733,124,222,25,198,25,250,84,195,128,0,0,0,0,0,0,0
22.362637,22.364119,126,244,38,252,24,250,84,195,128,0,0,0,0,0,0,0
22.362637,22.375298,126,244,38,252,24,249,81,199,0,0,0,0,0,0,0,0
22.417582,22.412352,125,233,38,252,24,249,81,199,0,0,0,0,0,0,0,0
22.472527,22.476151,125,233,28,222,24,250,87,201,0,0,0,0,0,0,0,0
22.472527,22.485027,125,233,28,222,24,250,87,201,0,0,0,0,0,0,0,0
22.527473,22.521263,125,233,28,222,24,250,87,201,0,0,0,0,0,0,0,0
22.582418,22.584959,125,233,28,222,24,250,87,201,0,0,0,0,0,0,0,0
22.582418,22.593632,125,233,28,222,24,250,87,201,0,0,0,0,0,0,0,0
22.637363,22.629890,125,233,28,222,24,250,87,201,0,0,0,0,0,0,0,0
22.692308,22.693508,125,233,28,222,24,250,87,201,0,0,0,0,0,0,0,0
22.692308,22.702179,125,233,28,222,24,250,87,201,0,0,0,0,0,0,0,0
22.747253,22.765827,125,233,28,222,24,250,87,201,0,0,0,0,0,0,0,0
22.802198,22.802370,125,233,28,222,24,250,87,201,0,0,0,0,0,0,0,0
22.802198,22.811043,125,253,91,251,24,250,87,201,0,0,0,0,0,0,0,0
22.857143,22.874840,125,253,91,251,26,249,73,196,128,0,0,0,0,0,0,0
22.912088,22.912098,125,253,91,251,26,249,73,196,128,0,0,0,0,0,0,0
22.912088,22.920921,125,253,91,251,26,249,73,196,128,0,0,0,0,0,0,0
22.967033,22.984776,125,253,91,251,26,249,73,196,128,0,0,0,0,0,0,0
23.021978,23.021420,125,253,91,251,26,249,73,196,128,0,0,0,0,0,0,0
23.021978,23.030293,125,253,91,251,26,249,73,196,128,0,0,0,0,0,0,0
23.076923,23.094095,125,253,91,251,26,249,73,196,128,0,0,0,0,0,0,0
23.131868,23.130585,125,253,91,251,26,249,73,196,128,0,0,0,0,0,0,0
23.131868,23.139410,125,253,91,251,26,249,73,196,128,0,0,0,0,0,0,0
23.186813,23.203362,122,253,98,252,25,249,79,195,128,0,0,0,0,0,0,0
23.241758,23.240110,122,253,98,252,25,249,79,195,0,0,0,0,0,0,0,0
23.241758,23.249601,123,253,93,252,25,249,79,195,0,0,0,0,0,0,0,0
23.296703,23.313501,123,253,93,252,25,249,74,197,128,0,0,0,0,0,0,0
23.351648,23.350870,123,253,93,252,25,249,74,197,128,0,0,0,0,0,0,0
23.351648,23.359585,123,253,93,252,25,249,74,197,128,0,0,0,0,0,0,0
23.406593,23.423384,123,253,93,252,25,249,74,197,128,0,0,0,0,0,0,0
23.461538,23.459879,123,253,93,252,25,249,74,197,128,0,0,0,0,0,0,0
23.461538,23.468699,123,253,93,252,25,249,74,197,128,0,0,0,0,0,0,0
23.516483,23.532600,123,253,93,252,25,249,74,197,128,0,0,0,0,0,0,0
23.571428,23.571447,123,253,93,252,25,249,74,197,128,0,0,0,0,0,0,0
23.571428,23.580271,122,253,93,252,25,249,74,197,128,0,0,0,0,0,0,0
23.626373,23.618860,122,253,64,251,24,249,70,193,0,0,0,0,0,0,0,0
23.681318,23.685526,122,253,64,251,24,249,70,193,0,0,0,0,0,0,0,0
23.681318,23.696859,122,253,64,251,24,249,70,193,0,0,0,0,0,0,0,0
23.736263,23.735651,122,253,64,251,24,249,70,193,0,0,0,0,0,0,0,0
23.791208,23.801550,122,253,64,251,24,249,70,193,0,0,0,0,0,0,0,0
23.846153,23.840343,122,253,64,251,24,249,70,193,0,0,0,0,0,0,0,0
23.846153,23.851274,122,253,64,251,24,249,70,193,0,0,0,0,0,0,0,0
23.901098,23.917318,122,253,64,251,24,249,70,193,0,0,0,0,0,0,0,0
23.956043,23.956011,122,253,64,251,24,249,70,193,0,0,0,0,0,0,0,0
23.956043,23.966930,122,253,64,251,24,249,70,193,0,0,0,0,0,0,0,0
24.010988,24.005470,122,253,64,251,24,249,70,193,0,0,0,0,0,0,0,0
24.065933,24.071421,122,253,64,251,24,249,70,193,0,0,0,0,0,0,0,0
24.120878,24.082649,122,253,64,251,24,249,70,193,0,0,0,0,0,0,0,0
24.120878,24.121185,122,253,64,251,24,249,70,193,0,0,0,0,0,0,0,0
24.175825,24.187088,122,253,64,251,24,249,70,193,0,0,0,0,0,0,0,0
24.230770,24.225988,122,253,64,251,24,249,70,193,0,0,0,0,0,0,0,0
24.230770,24.236956,122,253,64,251,24,249,70,193,0,0,0,0,0,0,0,0
24.285715,24.303007,122,253,64,251,24,249,70,193,0,0,0,0,0,0,0,0
24.340660,24.342009,122,253,64,251,24,249,70,193,0,0,0,0,0,0,0,0
24.340660,24.352980,122,253,64,251,24,249,70,193,0,0,0,0,0,0,0,0
24.395605,24.391621,122,253,64,251,24,249,70,193,0,0,0,0,0,0,0,0
24.450550,24.457520,122,253,64,251,24,249,70,193,0,0,0,0,0,0,0,0
24.505495,24.468748,122,253,64,251,24,249,70,193,0,0,0,0,0,0,0,0
24.505495,24.507284,122,253,64,251,24,249,70,193,0,0,0,0,0,0,0,0
24.560440,24.573387,122,253,64,251,24,249,70,193,0,0,0,0,0,0,0,0
24.615385,24.612185,122,253,64,251,24,249,70,193,0,0,0,0,0,0,0,0
24.615385,24.623104,122,253,64,251,24,249,70,193,0,0,0,0,0,0,0,0
24.670330,24.661772,122,253,64,251,24,249,70,193,0,0,0,0,0,0,0,0
24.725275,24.727642,127,253,40,252,89,250,65,204,1,0,0,0,0,0,0,0
24.725275,24.741177,127,253,40,252,89,250,65,204,1,0,0,0,0,0,0,0
24.780220,24.779715,120,253,38,252,127,249,57,204,1,0,0,0,0,0,0,0
24.835165,24.845562,120,253,38,252,127,249,57,188,1,0,0,0,0,0,0,0
24.890110,24.884562,120,253,38,252,127,249,57,188,1,0,0,0,0,0,0,0
24.890110,24.895584,128,253,35,252,127,249,57,188,1,0,0,0,0,0,0,0
24.945055,24.961531,118,253,35,252,179,249,50,193,1,0,0,0,0,0,0,0
25.000000,24.998127,118,253,38,252,192,250,39,191,129,0,0,0,0,0,0,0
25.000000,25.007566,118,253,38,252,192,250,39,191,129,0,0,0,0,0,0,0
25.054945,25.071363,118,253,38,252,192,250,39,191,129,0,0,0,0,0,0,0
25.109890,25.107908,118,253,38,252,192,250,39,191,129,0,0,0,0,0,0,0
25.109890,25.116835,118,253,27,221,193,250,39,191,129,0,0,0,0,0,0,0
25.164835,25.180582,118,253,27,221,193,249,10,189,129,0,0,0,0,0,0,0
25.219780,25.217075,130,253,27,221,193,249,10,189,129,0,0,0,0,0,0,0
25.219780,25.225746,130,253,34,252,189,250,19,206,1,0,0,0,0,0,0,0
25.274725,25.290262,128,253,33,252,191,250,30,194,1,0,0,0,0,0,0,0
25.329670,25.326960,119,253,33,252,191,249,31,194,1,0,0,0,0,0,0,0
25.329670,25.335730,119,253,33,252,191,249,31,187,1,0,0,0,0,0,0,0
25.384615,25.399633,119,253,33,252,191,249,31,187,1,0,0,0,0,0,0,0
25.439560,25.436382,119,253,33,252,191,249,31,187,1,0,0,0,0,0,0,0
25.439560,25.445204,119,253,33,252,191,249,31,187,1,0,0,0,0,0,0,0
25.494505,25.509155,119,253,33,252,191,249,31,187,1,0,0,0,0,0,0,0
25.549450,25.545752,119,253,33,252,191,249,31,187,1,0,0,0,0,0,0,0
25.549450,25.554575,119,253,33,252,191,249,31,187,1,0,0,0,0,0,0,0
25.604395,25.618423,119,253,33,252,191,249,31,187,1,0,0,0,0,0,0,0
25.659340,25.654970,119,253,33,252,191,249,31,187,1,0,0,0,0,0,0,0
25.659340,25.663797,119,253,33,252,191,249,31,187,1,0,0,0,0,0,0,0
25.714285,25.727644,119,253,33,252,191,249,31,187,1,0,0,0,0,0,0,0
25.769230,25.764288,119,253,33,252,191,249,31,187,1,0,0,0,0,0,0,0
25.769230,25.773111,119,253,33,252,191,249,31,187,1,0,0,0,0,0,0,0
25.824175,25.837065,119,253,33,252,191,249,31,187,1,0,0,0,0,0,0,0
25.879122,25.873659,119,253,33,252,191,249,31,187,1,0,0,0,0,0,0,0
25.879122,25.882431,119,253,33,252,191,249,31,187,1,0,0,0,0,0,0,0
25.934067,25.946280,119,253,33,252,191,249,31,187,1,0,0,0,0,0,0,0
25.989012,25.983028,119,253,33,252,191,249,31,187,1,0,0,0,0,0,0,0
25.989012,25.991955,118,253,57,252,191,249,31,187,1,0,0,0,0,0,0,0
26.043957,26.055653,118,253,57,252,191,249,39,189,1,0,0,0,0,0,0,0
26.098902,26.092247,118,253,57,252,191,249,39,189,1,0,0,0,0,0,0,0
26.098902,26.103226,118,253,57,252,191,249,39,189,1,0,0,0,0,0,0,0
26.153847,26.167070,118,253,57,252,191,249,39,189,1,0,0,0,0,0,0,0
26.208792,26.205711,118,253,57,252,191,249,39,189,1,0,0,0,0,0,0,0
26.208792,26.216688,118,253,57,252,191,249,39,189,1,0,0,0,0,0,0,0
26.263737,26.255226,118,253,57,252,191,249,39,189,1,0,0,0,0,0,0,0
26.318682,26.321070,118,253,57,252,191,249,39,189,1,0,0,0,0,0,0,0
26.318682,26.332298,118,253,57,252,191,249,39,189,1,0,0,0,0,0,0,0
26.373627,26.370787,118,253,57,252,191,249,39,189,1,0,0,0,0,0,0,0
26.428572,26.436687,118,253,57,252,191,249,39,189,1,0,0,0,0,0,0,0
26.483517,26.475430,118,253,57,252,191,249,39,189,1,0,0,0,0,0,0,0
26.483517,26.486452,118,253,57,252,191,249,39,189,1,0,0,0,0,0,0,0
26.538462,26.552658,118,253,57,252,191,249,39,189,1,0,0,0,0,0,0,0
26.593407,26.591452,128,253,36,252,191,249,39,189,1,0,0,0,0,0,0,0
26.593407,26.602322,128,253,36,252,191,249,39,189,1,0,0,0,0,0,0,0
26.648352,26.640862,128,253,36,252,191,249,39,189,1,0,0,0,0,0,0,0
26.703297,26.706808,128,253,36,252,191,249,39,189,1,0,0,0,0,0,0,0
26.703297,26.718039,128,253,36,252,191,249,39,189,1,0,0,0,0,0,0,0
26.758242,26.756632,128,253,36,252,191,249,39,189,1,0,0,0,0,0,0,0
26.813187,26.822477,128,253,36,252,191,249,39,189,1,0,0,0,0,0,0,0
26.868132,26.861221,128,253,36,252,191,249,39,189,1,0,0,0,0,0,0,0
26.868132,26.872248,128,253,36,252,191,249,39,189,1,0,0,0,0,0,0,0
26.923077,26.938246,128,253,36,252,191,249,39,189,1,0,0,0,0,0,0,0
26.978022,26.977039,128,253,36,252,191,249,39,189,1,0,0,0,0,0,0,0
26.978022,26.988016,128,253,36,252,191,249,39,189,1,0,0,0,0,0,0,0
27.032967,27.026503,119,253,49,252,191,249,39,189,1,0,0,0,0,0,0,0
27.087912,27.092451,119,253,49,252,192,249,70,191,1,0,0,0,0,0,0,0
27.142857,27.103781,119,253,49,252,192,249,70,191,1,0,0,0,0,0,0,0
27.142857,27.142370,119,253,49,252,192,249,70,191,1,0,0,0,0,0,0,0
27.197802,27.208370,119,253,49,252,192,249,70,191,1,0,0,0,0,0,0,0
27.252747,27.246962,119,253,49,252,192,249,70,191,1,0,0,0,0,0,0,0
27.252747,27.257935,119,253,49,252,192,249,70,191,1,0,0,0,0,0,0,0
27.307692,27.323883,128,253,48,252,190,250,70,191,1,0,0,0,0,0,0,0
27.362637,27.362831,128,253,48,252,190,250,56,197,129,0,0,0,0,0,0,0
27.362637,27.372419,128,253,48,252,190,250,56,197,129,0,0,0,0,0,0,0
27.417582,27.408865,124,253,48,252,190,250,56,197,129,0,0,0,0,0,0,0
27.472527,27.472612,124,253,37,252,189,250,70,195,129,0,0,0,0,0,0,0
27.472527,27.481384,124,253,37,252,189,250,70,195,129,0,0,0,0,0,0,0
27.527473,27.517799,124,253,37,252,189,250,70,195,129,0,0,0,0,0,0,0
27.582418,27.581572,124,253,37,252,189,250,70,195,129,0,0,0,0,0,0,0
27.582418,27.590397,124,253,37,252,189,250,70,195,129,0,0,0,0,0,0,0
27.637363,27.654247,124,253,37,252,189,250,70,195,129,0,0,0,0,0,0,0
27.692308,27.690941,124,253,37,252,189,250,70,195,129,0,0,0,0,0,0,0
27.692308,27.699717,124,253,37,252,189,250,70,195,129,0,0,0,0,0,0,0
27.747253,27.763569,124,253,37,252,189,250,70,195,129,0,0,0,0,0,0,0
27.802198,27.800110,124,253,37,252,189,250,70,195,129,0,0,0,0,0,0,0
27.802198,27.808882,124,253,37,252,189,250,70,195,129,0,0,0,0,0,0,0
27.857143,27.872835,124,253,37,252,189,250,70,195,129,0,0,0,0,0,0,0
27.912088,27.909840,124,253,37,252,189,250,70,195,129,0,0,0,0,0,0,0
27.912088,27.918610,128,253,43,252,189,249,65,195,129,0,0,0,0,0,0,0
27.967033,27.982462,120,253,52,252,191,249,62,187,129,0,0,0,0,0,0,0
28.021978,28.019157,121,253,46,252,191,250,62,187,129,0,0,0,0,0,0,0
28.021978,28.027927,127,253,54,252,191,250,73,199,129,0,0,0,0,0,0,0
28.076923,28.091782,127,253,54,252,189,249,82,206,129,0,0,0,0,0,0,0
28.131868,28.128275,127,253,54,252,189,249,82,206,129,0,0,0,0,0,0,0
28.131868,28.137047,127,253,54,252,189,249,82,206,129,0,0,0,0,0,0,0
28.186813,28.200998,127,253,54,252,189,249,82,206,129,0,0,0,0,0,0,0
28.241758,28.237644,127,253,54,252,189,249,82,206,129,0,0,0,0,0,0,0
28.241758,28.246418,127,253,54,252,189,249,82,206,129,0,0,0,0,0,0,0
28.296703,28.310265,127,253,54,252,189,249,82,206,129,0,0,0,0,0,0,0
28.351648,28.346760,127,253,54,252,189,249,82,206,129,0,0,0,0,0,0,0
28.351648,28.355532,127,253,54,252,189,249,82,206,129,0,0,0,0,0,0,0
28.406593,28.419277,127,253,54,252,189,249,82,206,129,0,0,0,0,0,0,0
28.461538,28.455925,127,253,54,252,189,249,82,206,129,0,0,0,0,0,0,0
28.461538,28.464750,128,253,55,252,189,249,82,206,129,0,0,0,0,0,0,0
28.516483,28.530800,128,253,55,252,189,249,82,206,129,0,0,0,0,0,0,0
28.571428,28.567345,128,253,55,252,189,249,82,206,129,0,0,0,0,0,0,0
28.571428,28.578213,128,253,55,252,189,249,82,206,129,0,0,0,0,0,0,0
28.626373,28.616959,128,253,55,252,189,249,82,206,129,0,0,0,0,0,0,0
28.681318,28.682753,130,253,48,252,189,249,86,205,129,0,0,0,0,0,0,0
28.681318,28.694185,128,253,48,252,189,249,78,198,129,0,0,0,0,0,0,0
28.736263,28.732670,122,253,50,252,191,249,85,198,1,0,0,0,0,0,0,0
28.791208,28.799185,122,253,50,252,191,249,85,193,1,0,0,0,0,0,0,0
28.846153,28.835890,127,253,57,252,191,249,85,193,1,0,0,0,0,0,0,0
28.846153,28.844603,127,253,57,252,189,249,84,205,1,0,0,0,0,0,0,0
28.901098,28.908300,127,253,57,252,189,249,84,205,1,0,0,0,0,0,0,0
28.901098,28.917328,127,253,57,252,189,249,84,205,1,0,0,0,0,0,0,0
28.956043,28.953770,127,253,57,252,189,249,84,205,1,0,0,0,0,0,0,0
29.010988,29.017572,127,253,57,252,189,249,84,205,1,0,0,0,0,0,0,0
29.010988,29.027016,127,253,57,252,189,249,84,205,1,0,0,0,0,0,0,0
29.065933,29.063345,127,253,57,252,189,249,84,205,1,0,0,0,0,0,0,0
29.120878,29.127146,127,253,57,252,189,249,84,205,1,0,0,0,0,0,0,0
29.120878,29.136435,127,253,57,252,189,249,84,205,1,0,0,0,0,0,0,0
29.175825,29.172714,127,253,57,252,189,249,84,205,1,0,0,0,0,0,0,0
29.230770,29.236414,127,253,57,252,189,249,84,205,1,0,0,0,0,0,0,0
29.230770,29.245758,127,253,57,252,189,249,84,205,1,0,0,0,0,0,0,0
29.285715,29.282034,121,253,50,252,189,249,84,205,1,0,0,0,0,0,0,0
29.340660,29.345734,121,253,50,252,191,249,97,191,1,0,0,0,0,0,0,0
29.340660,29.354967,121,253,50,252,191,249,97,191,1,0,0,0,0,0,0,0
29.395605,29.391356,121,253,50,252,191,249,97,191,1,0,0,0,0,0,0,0
29.450550,29.455105,121,253,50,252,191,249,97,191,1,0,0,0,0,0,0,0
29.450550,29.464285,121,253,50,252,191,249,97,191,1,0,0,0,0,0,0,0
29.505495,29.500677,128,253,53,252,191,249,97,191,1,0,0,0,0,0,0,0
29.560440,29.564375,128,253,53,252,191,249,92,201,1,0,0,0,0,0,0,0
29.560440,29.573503,128,253,53,252,191,249,92,201,1,0,0,0,0,0,0,0
29.615385,29.609842,128,253,53,252,191,249,92,201,1,0,0,0,0,0,0,0
29.670330,29.673645,126,253,51,252,191,250,87,201,1,0,0,0,0,0,0,0
29.670330,29.682720,126,253,51,252,191,250,87,195,129,0,0,0,0,0,0,0
29.725275,29.719774,126,253,51,252,191,250,87,195,129,0,0,0,0,0,0,0
29.780220,29.783527,126,253,51,252,191,250,87,195,129,0,0,0,0,0,0,0
29.780220,29.792862,126,253,51,252,191,250,87,195,129,0,0,0,0,0,0,0
29.835165,29.829195,126,253,51,252,191,250,87,195,129,0,0,0,0,0,0,0
29.890110,29.892893,126,253,51,252,191,250,87,195,129,0,0,0,0,0,0,0
29.890110,29.902184,126,253,51,252,191,250,87,195,129,0,0,0,0,0,0,0
29.945055,29.940720,126,253,51,252,191,250,87,195,129,0,0,0,0,0,0,0
30.000000,30.004465,126,253,51,252,191,250,87,195,129,0,0,0,0,0,0,0
30.054945,30.015539,126,253,51,252,191,250,87,195,129,0,0,0,0,0,0,0
30.054945,30.054077,126,253,51,252,191,250,87,195,129,0,0,0,0,0,0,0
30.109890,30.119978,126,253,51,252,191,250,87,195,129,0,0,0,0,0,0,0
30.164835,30.158876,126,253,51,252,191,250,87,195,129,0,0,0,0,0,0,0
30.164835,30.169798,126,253,51,252,191,250,87,195,129,0,0,0,0,0,0,0
30.219780,30.235746,126,253,51,252,191,250,87,195,129,0,0,0,0,0,0,0
30.274725,30.274439,126,253,51,252,191,250,87,195,129,0,0,0,0,0,0,0
30.274725,30.285614,126,253,51,252,191,250,87,195,129,0,0,0,0,0,0,0
30.329670,30.324055,126,253,51,252,191,250,87,195,129,0,0,0,0,0,0,0
30.384615,30.389900,126,253,51,252,191,250,87,195,129,0,0,0,0,0,0,0
30.439560,30.428705,126,253,51,252,191,250,87,195,129,0,0,0,0,0,0,0
30.439560,30.439772,126,253,51,252,191,250,87,195,129,0,0,0,0,0,0,0
30.494505,30.505924,126,253,51,252,191,250,87,195,129,0,0,0,0,0,0,0
30.549450,30.544565,126,253,51,252,191,250,87,195,129,0,0,0,0,0,0,0
30.549450,30.555538,122,253,29,235,190,249,87,195,129,0,0,0,0,0,0,0
30.604395,30.594099,122,253,29,235,190,249,82,195,1,0,0,0,0,0,0,0
30.659340,30.660538,124,253,30,236,190,249,82,195,1,0,0,0,0,0,0,0
30.659340,30.671818,124,253,30,236,191,250,79,195,1,0,0,0,0,0,0,0
30.714285,30.710207,124,253,30,236,191,250,79,195,1,0,0,0,0,0,0,0
30.769230,30.775949,124,253,30,236,191,250,79,195,1,0,0,0,0,0,0,0
30.824175,30.814589,124,253,30,236,191,250,79,195,1,0,0,0,0,0,0,0
30.824175,30.825304,124,253,30,236,191,250,79,195,1,0,0,0,0,0,0,0
30.879122,30.891151,123,253,27,222,189,250,75,195,1,0,0,0,0,0,0,0
30.934067,30.929848,123,253,27,222,189,250,75,203,129,0,0,0,0,0,0,0
30.934067,30.941383,122,253,29,229,190,250,75,203,129,0,0,0,0,0,0,0
30.989012,30.979769,122,253,29,229,190,249,78,195,129,0,0,0,0,0,0,0
31.043957,31.043310,122,253,29,229,190,249,78,195,129,0,0,0,0,0,0,0
31.043957,31.051928,122,253,29,229,190,249,78,195,129,0,0,0,0,0,0,0
31.098902,31.088236,122,253,29,229,190,249,78,195,129,0,0,0,0,0,0,0
31.153847,31.151863,122,253,29,229,190,249,78,195,129,0,0,0,0,0,0,0
31.153847,31.160486,122,253,29,229,190,249,78,195,129,0,0,0,0,0,0,0
31.208792,31.224127,122,253,29,229,190,249,78,195,129,0,0,0,0,0,0,0
31.263737,31.260567,122,253,29,229,190,249,78,195,129,0,0,0,0,0,0,0
31.263737,31.269239,122,253,29,229,190,249,78,195,129,0,0,0,0,0,0,0
31.318682,31.332933,122,253,29,229,190,249,78,195,129,0,0,0,0,0,0,0
31.373627,31.369272,122,253,29,229,190,249,78,195,129,0,0,0,0,0,0,0
31.373627,31.377941,122,253,29,229,190,249,78,195,129,0,0,0,0,0,0,0
31.428572,31.441692,122,253,29,229,190,249,78,195,129,0,0,0,0,0,0,0
31.483517,31.478338,122,253,29,229,190,249,78,195,129,0,0,0,0,0,0,0
31.483517,31.486956,122,253,29,229,190,249,78,195,129,0,0,0,0,0,0,0
31.538462,31.550652,122,253,29,229,190,249,78,195,129,0,0,0,0,0,0,0
31.593407,31.587093,122,253,29,229,190,249,78,195,129,0,0,0,0,0,0,0
31.593407,31.595734,122,253,29,229,190,249,78,195,129,0,0,0,0,0,0,0
31.648352,31.659513,122,253,29,229,190,249,78,195,129,0,0,0,0,0,0,0
31.703297,31.695953,122,253,29,229,190,249,78,195,129,0,0,0,0,0,0,0
31.703297,31.704622,122,253,29,229,190,249,78,195,129,0,0,0,0,0,0,0
31.758242,31.768370,122,253,29,229,190,249,78,195,129,0,0,0,0,0,0,0
31.813187,31.804811,122,253,29,229,190,249,78,195,129,0,0,0,0,0,0,0
31.813187,31.813328,122,253,29,229,190,249,78,195,129,0,0,0,0,0,0,0
31.868132,31.876873,122,253,29,229,190,249,78,195,129,0,0,0,0,0,0,0
31.923077,31.913210,122,253,29,229,190,249,78,195,129,0,0,0,0,0,0,0
31.923077,31.921879,122,253,29,229,190,249,78,195,129,0,0,0,0,0,0,0
31.978022,31.985476,122,253,29,229,190,249,78,195,129,0,0,0,0,0,0,0
32.032967,32.022072,122,253,29,229,190,249,78,195,129,0,0,0,0,0,0,0
32.032967,32.030685,122,253,29,229,190,249,78,195,129,0,0,0,0,0,0,0
32.087914,32.094234,122,253,29,229,190,249,78,195,129,0,0,0,0,0,0,0
32.142857,32.103260,122,253,29,229,190,249,78,195,129,0,0,0,0,0,0,0
32.142857,32.141644,122,253,29,229,190,249,78,195,129,0,0,0,0,0,0,0
32.197803,32.205189,122,253,29,229,190,249,78,195,129,0,0,0,0,0,0,0
32.252747,32.243778,122,253,29,229,190,249,78,195,129,0,0,0,0,0,0,0
32.252747,32.254547,122,253,29,229,190,249,78,195,129,0,0,0,0,0,0,0
32.307693,32.320446,122,253,29,229,190,249,78,195,129,0,0,0,0,0,0,0
32.362637,32.359138,122,253,29,229,190,249,78,195,129,0,0,0,0,0,0,0
32.362637,32.370010,122,253,29,229,190,249,78,195,129,0,0,0,0,0,0,0
32.417583,32.408543,122,253,29,229,190,249,78,195,129,0,0,0,0,0,0,0
32.472527,32.474586,122,253,29,229,190,249,78,195,129,0,0,0,0,0,0,0
32.472527,32.485569,122,253,29,229,190,249,78,195,129,0,0,0,0,0,0,0
32.527473,32.524010,122,253,29,229,190,249,78,195,129,0,0,0,0,0,0,0
32.582417,32.589855,122,253,29,229,190,249,78,195,129,0,0,0,0,0,0,0
32.637363,32.628391,122,253,29,229,190,249,78,195,129,0,0,0,0,0,0,0
32.637363,32.639320,122,253,29,229,190,249,78,195,129,0,0,0,0,0,0,0
32.692307,32.705368,122,253,29,229,190,249,78,195,129,0,0,0,0,0,0,0
32.747253,32.743904,122,253,29,229,190,249,78,195,129,0,0,0,0,0,0,0
32.747253,32.754726,122,253,29,229,190,249,78,195,129,0,0,0,0,0,0,0
32.802197,32.793114,122,253,29,229,190,249,78,195,129,0,0,0,0,0,0,0
32.857143,32.859077,129,253,36,229,190,249,78,195,129,0,0,0,0,0,0,0
32.912086,32.870392,129,253,36,229,190,249,78,195,129,0,0,0,0,0,0,0
32.912086,32.909031,129,253,36,229,190,249,78,195,129,0,0,0,0,0,0,0
32.967033,32.974983,129,253,36,229,190,249,78,195,129,0,0,0,0,0,0,0
33.021976,33.013775,129,253,36,229,190,249,78,195,129,0,0,0,0,0,0,0
33.021976,33.024647,129,253,36,229,190,249,78,195,129,0,0,0,0,0,0,0
33.076923,33.090649,129,253,36,229,190,249,78,195,129,0,0,0,0,0,0,0
33.131866,33.129490,129,253,36,229,190,249,78,195,129,0,0,0,0,0,0,0
33.131866,33.140465,129,253,36,229,190,249,78,195,129,0,0,0,0,0,0,0
33.186813,33.179005,129,253,36,229,190,249,78,195,129,0,0,0,0,0,0,0
33.241756,33.244850,129,253,36,229,190,249,78,195,129,0,0,0,0,0,0,0
33.296703,33.255978,129,253,36,229,190,249,78,195,129,0,0,0,0,0,0,0
33.296703,33.294567,129,253,36,229,190,249,78,195,129,0,0,0,0,0,0,0
33.351650,33.360413,129,253,36,229,190,249,78,195,129,0,0,0,0,0,0,0
33.406593,33.399364,129,253,36,229,190,249,78,195,129,0,0,0,0,0,0,0
33.406593,33.410336,129,253,36,229,190,249,78,195,129,0,0,0,0,0,0,0
33.461540,33.476337,129,253,36,229,190,249,78,195,129,0,0,0,0,0,0,0
33.516483,33.515232,129,253,36,229,190,249,78,195,129,0,0,0,0,0,0,0
33.516483,33.526516,129,253,36,229,190,249,78,195,129,0,0,0,0,0,0,0
33.571430,33.565102,129,253,36,229,190,249,78,195,129,0,0,0,0,0,0,0
33.626373,33.631203,131,253,39,252,190,248,46,203,129,0,0,0,0,0,0,0
33.681320,33.670101,130,253,38,252,190,248,46,203,129,0,0,0,0,0,0,0
33.681320,33.681023,131,253,39,252,190,248,41,209,129,0,0,0,0,0,0,0
33.736263,33.747128,128,253,40,252,190,249,48,206,129,0,0,0,0,0,0,0
33.791210,33.785717,128,253,39,252,190,248,56,206,129,0,0,0,0,0,0,0
33.791210,33.796642,127,253,39,252,191,249,64,200,129,0,0,0,0,0,0,0
33.846153,33.835182,127,253,39,252,191,248,68,203,129,0,0,0,0,0,0,0
33.901100,33.901024,130,253,39,252,191,248,63,206,1,0,0,0,0,0,0,0
33.901100,33.913071,129,253,40,252,189,248,55,205,1,0,0,0,0,0,0,0
33.956043,33.949463,131,253,40,252,190,249,47,205,1,0,0,0,0,0,0,0
34.010990,34.013416,131,253,40,252,190,249,47,209,1,0,0,0,0,0,0,0
34.010990,34.022186,131,253,40,252,190,249,47,209,1,0,0,0,0,0,0,0
34.065933,34.058685,131,253,40,252,190,249,47,209,1,0,0,0,0,0,0,0
34.120880,34.122589,131,253,40,252,190,249,47,209,1,0,0,0,0,0,0,0
34.120880,34.131355,131,253,40,252,190,249,47,209,1,0,0,0,0,0,0,0
34.175823,34.167793,131,253,40,252,190,249,47,209,1,0,0,0,0,0,0,0
34.230770,34.231903,131,253,40,252,190,249,47,209,1,0,0,0,0,0,0,0
34.230770,34.240776,128,253,42,252,190,249,47,209,1,0,0,0,0,0,0,0
34.285713,34.277428,128,253,42,252,190,249,47,203,129,0,0,0,0,0,0,0
34.340660,34.342106,128,253,42,252,190,249,47,203,129,0,0,0,0,0,0,0
34.340660,34.350914,128,253,42,252,190,249,47,203,129,0,0,0,0,0,0,0
34.395603,34.387306,128,253,42,252,190,249,47,203,129,0,0,0,0,0,0,0
34.450550,34.451256,128,253,42,252,190,249,47,203,129,0,0,0,0,0,0,0
34.450550,34.460133,123,253,43,252,190,249,47,203,129,0,0,0,0,0,0,0
34.505493,34.496521,123,253,43,252,191,248,80,202,1,0,0,0,0,0,0,0
34.560440,34.561192,123,253,43,252,191,248,80,202,1,0,0,0,0,0,0,0
34.560440,34.570015,123,253,43,252,191,248,80,202,1,0,0,0,0,0,0,0
34.615383,34.606403,123,253,43,252,191,248,80,202,1,0,0,0,0,0,0,0
34.670330,34.670410,123,253,43,252,191,248,80,202,1,0,0,0,0,0,0,0
34.670330,34.679283,123,253,43,252,191,248,80,202,1,0,0,0,0,0,0,0
34.725273,34.715721,128,253,47,252,191,248,80,202,1,0,0,0,0,0,0,0
34.780220,34.779881,128,253,47,252,191,248,80,202,1,0,0,0,0,0,0,0
34.780220,34.788757,128,253,47,252,191,248,80,202,1,0,0,0,0,0,0,0
34.835163,34.825348,128,253,47,252,191,248,80,202,1,0,0,0,0,0,0,0
34.890110,34.889301,128,253,47,252,191,248,80,202,1,0,0,0,0,0,0,0
34.890110,34.898232,128,253,47,252,191,248,80,202,1,0,0,0,0,0,0,0
34.945053,34.934669,128,253,47,252,191,248,80,202,1,0,0,0,0,0,0,0
35.000000,34.998627,128,253,47,252,191,248,80,202,1,0,0,0,0,0,0,0
35.000000,35.007446,128,253,47,252,191,248,80,202,1,0,0,0,0,0,0,0
35.054947,35.043835,131,253,48,252,190,249,64,204,1,0,0,0,0,0,0,0
35.109890,35.109940,128,253,48,252,190,249,80,205,1,0,0,0,0,0,0,0
35.109890,35.118710,128,253,48,252,190,249,80,205,1,0,0,0,0,0,0,0
35.164837,35.157249,128,253,50,252,190,249,80,205,1,0,0,0,0,0,0,0
35.219780,35.223354,128,253,50,252,190,248,63,203,1,0,0,0,0,0,0,0
35.274727,35.234276,128,253,50,252,190,248,63,203,1,0,0,0,0,0,0,0
35.274727,35.272865,128,253,50,252,190,248,63,203,1,0,0,0,0,0,0,0
35.329670,35.339325,128,253,50,252,190,248,63,203,1,0,0,0,0,0,0,0
35.384617,35.377712,128,253,50,252,190,248,63,203,1,0,0,0,0,0,0,0
35.384617,35.388840,128,253,50,252,190,248,63,203,1,0,0,0,0,0,0,0
35.439560,35.427479,128,253,50,252,190,248,63,203,1,0,0,0,0,0,0,0
35.494507,35.493584,128,253,50,252,190,248,63,203,1,0,0,0,0,0,0,0
35.494507,35.504658,128,253,50,252,190,248,63,203,1,0,0,0,0,0,0,0
35.549450,35.543350,128,253,52,252,190,248,63,203,1,0,0,0,0,0,0,0
35.604397,35.609615,130,253,52,252,189,248,63,204,129,0,0,0,0,0,0,0
35.659340,35.648827,130,253,52,252,190,248,51,208,1,0,0,0,0,0,0,0
35.659340,35.658295,130,253,52,252,190,248,51,208,1,0,0,0,0,0,0,0
35.714287,35.722198,130,253,52,252,190,248,51,208,1,0,0,0,0,0,0,0
35.769230,35.758488,132,253,53,252,189,248,60,208,1,0,0,0,0,0,0,0
35.769230,35.767208,132,253,53,252,189,248,60,208,1,0,0,0,0,0,0,0
35.824177,35.831165,132,253,53,252,189,248,60,208,1,0,0,0,0,0,0,0
35.879120,35.867592,132,253,53,252,189,248,60,208,1,0,0,0,0,0,0,0
35.879120,35.876320,132,253,53,252,189,248,60,208,1,0,0,0,0,0,0,0
35.934067,35.940277,132,253,53,252,189,248,60,208,1,0,0,0,0,0,0,0
35.989010,35.976620,130,253,56,252,189,248,44,208,1,0,0,0,0,0,0,0
35.989010,35.985538,129,254,56,252,191,248,44,204,129,0,0,0,0,0,0,0
36.043957,36.050159,129,254,56,252,191,249,48,206,129,0,0,0,0,0,0,0
36.098900,36.086399,129,253,56,252,191,249,48,206,129,0,0,0,0,0,0,0
36.098900,36.095112,129,253,55,252,191,249,48,206,129,0,0,0,0,0,0,0
36.153847,36.159222,129,253,55,252,191,249,48,206,129,0,0,0,0,0,0,0
36.208790,36.195820,129,253,55,252,191,249,48,206,129,0,0,0,0,0,0,0
36.208790,36.204536,130,253,57,252,191,249,48,206,129,0,0,0,0,0,0,0
36.263737,36.268440,130,253,57,252,191,249,48,206,129,0,0,0,0,0,0,0
36.263737,36.277317,129,253,57,252,191,249,48,206,129,0,0,0,0,0,0,0
36.318680,36.313702,129,253,58,252,190,249,44,209,1,0,0,0,0,0,0,0
36.373627,36.378376,131,253,58,252,190,248,48,203,1,0,0,0,0,0,0,0
36.373627,36.387150,127,253,58,252,190,248,56,199,1,0,0,0,0,0,0,0
36.428570,36.423534,127,253,58,252,190,248,56,199,1,0,0,0,0,0,0,0
36.483517,36.487698,130,253,61,252,190,248,56,199,1,0,0,0,0,0,0,0
36.483517,36.496521,130,253,61,252,191,249,63,204,129,0,0,0,0,0,0,0
36.538460,36.533775,130,253,61,252,191,249,63,204,129,0,0,0,0,0,0,0
36.593407,36.597733,130,253,61,252,191,249,63,204,129,0,0,0,0,0,0,0
36.593407,36.606552,130,253,61,252,191,249,63,204,129,0,0,0,0,0,0,0
36.648350,36.642990,130,253,61,252,191,249,63,204,129,0,0,0,0,0,0,0
36.703297,36.707203,128,253,61,252,191,249,63,204,129,0,0,0,0,0,0,0
36.703297,36.715977,128,253,61,252,191,249,63,204,129,0,0,0,0,0,0,0
36.758244,36.752365,128,253,61,252,191,249,63,204,129,0,0,0,0,0,0,0
36.813187,36.818520,128,253,61,252,191,249,63,204,129,0,0,0,0,0,0,0
36.868134,36.855034,128,253,61,252,191,249,63,204,129,0,0,0,0,0,0,0
36.868134,36.865978,128,253,61,252,191,249,63,204,129,0,0,0,0,0,0,0
36.923077,36.932240,122,253,65,252,190,248,61,204,129,0,0,0,0,0,0,0
36.978024,36.970783,122,253,65,252,190,248,61,197,1,0,0,0,0,0,0,0
36.978024,36.980267,122,253,65,252,190,248,61,197,1,0,0,0,0,0,0,0
37.032967,37.044170,122,253,65,252,190,248,61,197,1,0,0,0,0,0,0,0
37.087914,37.080509,122,253,65,252,190,248,61,197,1,0,0,0,0,0,0,0
37.087914,37.089539,122,253,65,252,190,248,61,197,1,0,0,0,0,0,0,0
37.142857,37.153389,129,253,66,252,191,248,64,207,1,0,0,0,0,0,0,0
37.197803,37.189674,129,253,66,252,191,248,64,207,129,0,0,0,0,0,0,0
37.197803,37.199268,128,253,67,252,191,248,64,207,129,0,0,0,0,0,0,0
37.252747,37.263214,128,253,67,252,191,248,80,204,129,0,0,0,0,0,0,0
37.307693,37.299458,129,253,67,252,191,248,80,204,129,0,0,0,0,0,0,0
37.307693,37.308296,129,253,67,252,189,248,59,203,129,0,0,0,0,0,0,0
37.362637,37.372128,129,254,68,252,191,249,51,209,129,0,0,0,0,0,0,0
37.417583,37.408623,129,254,68,252,191,249,51,209,1,0,0,0,0,0,0,0
37.417583,37.418266,126,253,69,252,190,249,51,209,1,0,0,0,0,0,0,0
37.472527,37.482113,126,253,69,252,190,248,56,200,1,0,0,0,0,0,0,0
37.527473,37.518456,123,253,69,252,190,248,56,200,1,0,0,0,0,0,0,0
37.527473,37.528008,123,253,71,252,191,248,66,197,1,0,0,0,0,0,0,0
37.582417,37.591946,123,253,71,252,191,248,66,197,1,0,0,0,0,0,0,0
37.637363,37.628334,123,253,71,252,191,248,66,197,1,0,0,0,0,0,0,0
37.637363,37.637363,123,253,71,252,191,248,66,197,1,0,0,0,0,0,0,0
37.692307,37.701725,131,253,73,252,191,248,66,197,1,0,0,0,0,0,0,0
37.747253,37.738064,131,253,73,252,189,248,53,203,129,0,0,0,0,0,0,0
37.747253,37.747780,131,253,73,252,189,248,53,203,129,0,0,0,0,0,0,0
37.802197,37.811710,131,253,73,252,189,248,53,203,129,0,0,0,0,0,0,0
37.857143,37.848148,131,253,73,252,189,248,53,203,129,0,0,0,0,0,0,0
37.857143,37.857559,131,253,73,252,189,248,53,203,129,0,0,0,0,0,0,0
37.912086,37.921593,131,253,73,252,189,248,53,203,129,0,0,0,0,0,0,0
37.967033,37.957981,131,253,73,252,189,248,53,203,129,0,0,0,0,0,0,0
37.967033,37.966988,131,253,73,252,189,248,53,203,129,0,0,0,0,0,0,0
38.021976,38.031322,131,253,73,252,189,248,53,203,129,0,0,0,0,0,0,0
38.076923,38.067711,125,253,77,252,190,248,45,200,129,0,0,0,0,0,0,0
38.076923,38.076790,124,253,77,252,192,248,64,200,1,0,0,0,0,0,0,0
38.131866,38.144119,124,253,77,252,192,248,64,194,1,0,0,0,0,0,0,0
38.186813,38.180462,124,253,77,252,192,248,64,194,1,0,0,0,0,0,0,0
38.186813,38.189487,124,253,77,252,192,248,64,194,1,0,0,0,0,0,0,0
38.241756,38.253494,124,253,77,252,192,248,64,194,1,0,0,0,0,0,0,0
38.296703,38.289883,124,253,77,252,192,248,64,194,1,0,0,0,0,0,0,0
38.296703,38.298809,124,253,77,252,192,248,64,194,1,0,0,0,0,0,0,0
38.351650,38.362709,124,253,77,252,192,248,64,194,1,0,0,0,0,0,0,0
38.406593,38.399105,124,253,77,252,192,248,64,194,1,0,0,0,0,0,0,0
