0.000000,0.000000,130,254,50,252,24,1,64,207,0,0,0,0,0,0,0,0
0.164835,0.168307,131,253,49,252,25,1,72,207,128,0,0,0,0,0,0,0
0.274725,0.281618,131,253,50,252,24,1,87,207,128,0,0,0,0,0,0,0
0.439560,0.449134,131,253,47,252,25,0,87,207,128,0,0,0,0,0,0,0
0.549451,0.562258,131,253,47,252,25,0,87,207,0,0,0,0,0,0,0,0
0.714286,0.730007,131,253,47,252,25,0,87,207,0,0,0,0,0,0,0,0
0.879121,0.842264,131,253,47,252,25,0,87,207,0,0,0,0,0,0,0,0
0.989011,0.982599,131,253,46,252,24,1,87,207,0,0,0,0,0,0,0,0
1.098901,1.115768,131,253,46,252,24,1,71,207,0,0,0,0,0,0,0,0
1.263736,1.274867,131,253,46,252,24,1,71,207,0,0,0,0,0,0,0,0
1.373626,1.378727,131,253,46,252,24,1,71,207,0,0,0,0,0,0,0,0
1.538462,1.537978,131,253,46,252,24,1,71,207,0,0,0,0,0,0,0,0
1.648352,1.641844,131,253,46,252,24,1,71,207,0,0,0,0,0,0,0,0
1.758242,1.772655,131,253,46,252,24,1,71,207,0,0,0,0,0,0,0,0
1.923077,1.932010,131,253,46,252,24,1,71,207,0,0,0,0,0,0,0,0
2.032967,2.035974,131,253,46,252,24,1,71,207,0,0,0,0,0,0,0,0
2.197802,2.202189,131,253,41,252,24,0,80,208,128,0,0,0,0,0,0,0
2.307692,2.314802,131,253,41,252,24,0,80,208,128,0,0,0,0,0,0,0
2.472528,2.482090,131,253,39,252,24,0,80,208,128,0,0,0,0,0,0,0
2.582417,2.594448,131,253,39,252,25,0,78,207,128,0,0,0,0,0,0,0
2.747253,2.762194,131,253,39,252,25,0,78,208,128,0,0,0,0,0,0,0
2.857143,2.874450,131,253,39,252,25,0,78,208,128,0,0,0,0,0,0,0
3.021978,3.015144,131,253,39,252,25,0,78,208,128,0,0,0,0,0,0,0
3.186813,3.182531,131,253,34,252,25,0,63,207,128,0,0,0,0,0,0,0
3.296703,3.295506,131,253,34,252,25,0,63,207,128,0,0,0,0,0,0,0
3.461539,3.463099,131,253,34,252,25,0,63,207,128,0,0,0,0,0,0,0
3.571429,3.575564,131,253,34,252,25,0,63,207,128,0,0,0,0,0,0,0
3.736264,3.743204,131,253,34,252,25,0,63,207,128,0,0,0,0,0,0,0
3.846154,3.855718,131,253,34,252,25,0,63,207,128,0,0,0,0,0,0,0
4.010989,4.023874,131,253,32,252,25,0,64,207,0,0,0,0,0,0,0,0
4.120879,4.136491,131,253,32,252,25,0,64,207,0,0,0,0,0,0,0,0
4.285714,4.304236,131,253,32,252,25,0,64,207,0,0,0,0,0,0,0,0
4.450550,4.444572,131,253,32,252,25,0,64,207,0,0,0,0,0,0,0,0
4.560440,4.557238,131,253,32,252,25,0,64,207,0,0,0,0,0,0,0,0
4.725275,4.724626,131,242,28,225,25,0,63,208,0,0,0,0,0,0,0,0
4.835165,4.836574,131,235,28,224,25,1,64,208,128,0,0,0,0,0,0,0
5.000000,4.995570,131,230,27,218,24,1,52,207,128,0,0,0,0,0,0,0
5.109890,5.126549,131,230,27,218,24,1,52,207,128,0,0,0,0,0,0,0
5.219780,5.230093,131,228,28,225,24,0,56,208,0,0,0,0,0,0,0,0
5.384615,5.388116,131,228,28,225,24,0,56,208,0,0,0,0,0,0,0,0
5.494505,5.491266,131,228,28,225,24,0,56,208,0,0,0,0,0,0,0,0
5.604395,5.622234,131,228,28,225,24,0,56,208,0,0,0,0,0,0,0,0
5.769231,5.780309,131,228,28,225,24,0,56,208,0,0,0,0,0,0,0,0
5.879121,5.885349,131,212,25,208,24,0,76,208,128,0,0,0,0,0,0,0
6.043956,6.050590,131,212,25,208,24,0,76,208,128,0,0,0,0,0,0,0
6.153846,6.162690,131,212,25,208,24,0,76,208,128,0,0,0,0,0,0,0
6.318681,6.329258,131,212,25,208,24,0,76,208,128,0,0,0,0,0,0,0
6.428571,6.440953,131,212,25,208,24,0,76,208,128,0,0,0,0,0,0,0
6.593407,6.608136,131,212,25,208,24,0,76,208,128,0,0,0,0,0,0,0
6.758242,6.719985,131,193,25,195,25,0,54,207,128,0,0,0,0,0,0,0
6.868132,6.860062,131,194,23,181,25,0,72,208,0,0,0,0,0,0,0,0
7.032967,7.027042,131,194,23,181,25,0,72,208,0,0,0,0,0,0,0,0
7.142857,7.138893,131,194,23,181,25,0,72,208,0,0,0,0,0,0,0,0
7.307693,7.305308,131,194,23,181,25,0,72,208,0,0,0,0,0,0,0,0
7.417583,7.417766,131,194,23,181,25,0,72,208,0,0,0,0,0,0,0,0
7.582417,7.584388,131,194,23,181,25,0,72,208,0,0,0,0,0,0,0,0
7.692307,7.696656,131,172,22,179,26,1,76,208,128,0,0,0,0,0,0,0
7.857143,7.864137,131,172,22,179,26,1,76,208,128,0,0,0,0,0,0,0
7.967033,7.972453,131,175,20,168,25,1,63,207,0,0,0,0,0,0,0,0
8.131868,8.130169,131,174,22,171,25,0,64,207,0,0,0,0,0,0,0,0
8.241758,8.233315,131,172,21,167,24,0,71,207,0,0,0,0,0,0,0,0
8.351648,8.364182,131,172,21,167,24,0,71,207,0,0,0,0,0,0,0,0
8.516483,8.522258,131,172,21,167,24,0,71,207,0,0,0,0,0,0,0,0
8.626373,8.625504,131,172,21,167,24,0,71,207,0,0,0,0,0,0,0,0
8.791209,8.783578,131,172,21,167,24,0,71,207,0,0,0,0,0,0,0,0
8.901099,8.914699,131,172,21,167,24,0,71,207,0,0,0,0,0,0,0,0
9.010989,9.022453,131,172,21,167,24,0,71,207,0,0,0,0,0,0,0,0
9.175824,9.189391,131,172,21,167,24,0,71,207,0,0,0,0,0,0,0,0
9.340659,9.301331,131,161,21,170,81,0,79,208,0,0,0,0,0,0,0,0
9.450549,9.441613,131,162,21,167,81,0,72,208,128,0,0,0,0,0,0,0
9.615385,9.608389,131,162,21,167,81,0,72,208,128,0,0,0,0,0,0,0
9.725275,9.720389,131,162,21,167,81,0,72,208,128,0,0,0,0,0,0,0
9.890110,9.887776,131,154,19,155,81,0,64,208,0,0,0,0,0,0,0,0
10.000000,10.000035,131,154,19,155,81,0,64,208,0,0,0,0,0,0,0,0
10.164835,10.166707,131,148,19,155,81,0,64,208,0,0,0,0,0,0,0,0
10.274725,10.279277,131,148,18,142,82,0,72,211,128,0,0,0,0,0,0,0
10.439561,10.445538,131,148,18,142,82,0,72,211,128,0,0,0,0,0,0,0
10.549451,10.557023,131,148,18,142,82,0,72,211,128,0,0,0,0,0,0,0
10.714286,10.723286,131,148,18,142,82,0,72,211,128,0,0,0,0,0,0,0
10.824176,10.834520,131,148,18,142,82,0,72,211,128,0,0,0,0,0,0,0
10.989011,11.000832,131,148,18,142,82,0,72,211,128,0,0,0,0,0,0,0
11.098901,11.112323,131,148,18,142,82,0,72,211,128,0,0,0,0,0,0,0
11.263737,11.278687,131,148,18,142,82,0,72,211,128,0,0,0,0,0,0,0
11.373627,11.388540,131,138,17,136,94,1,90,207,0,0,0,0,0,0,0,0
11.538462,11.546051,131,138,17,136,94,1,90,207,0,0,0,0,0,0,0,0
11.648352,11.648533,131,139,18,145,97,0,66,207,128,0,0,0,0,0,0,0
11.813187,11.806551,131,138,18,141,97,1,59,207,128,0,0,0,0,0,0,0
11.923077,11.936753,131,141,18,147,102,0,63,207,128,0,0,0,0,0,0,0
12.032967,12.039542,131,141,18,147,102,0,63,207,128,0,0,0,0,0,0,0
12.197803,12.197000,131,141,18,147,102,0,63,207,128,0,0,0,0,0,0,0
12.307693,12.299741,131,141,18,147,102,0,63,207,128,0,0,0,0,0,0,0
12.472528,12.432243,131,141,18,147,102,0,63,207,128,0,0,0,0,0,0,0
12.582417,12.571509,131,139,18,147,102,0,63,207,128,0,0,0,0,0,0,0
12.747252,12.738636,131,140,19,144,114,0,66,201,0,0,0,0,0,0,0,0
12.857142,12.850587,131,140,19,147,84,1,64,208,128,0,0,0,0,0,0,0
13.021978,13.016694,131,140,19,147,84,1,64,208,128,0,0,0,0,0,0,0
13.131868,13.127927,131,140,19,147,84,1,64,208,128,0,0,0,0,0,0,0
13.296703,13.294035,131,140,19,147,84,1,64,208,128,0,0,0,0,0,0,0
13.406593,13.406039,131,140,19,147,84,1,64,208,128,0,0,0,0,0,0,0
13.571428,13.572042,131,140,19,147,84,1,64,208,128,0,0,0,0,0,0,0
13.681318,13.683596,131,140,19,147,84,1,64,208,128,0,0,0,0,0,0,0
13.846154,13.849951,131,140,19,147,84,1,64,208,128,0,0,0,0,0,0,0
13.956044,13.961390,131,150,19,160,85,0,77,208,128,0,0,0,0,0,0,0
14.120879,14.121050,131,151,16,140,85,0,95,208,128,0,0,0,0,0,0,0
14.230769,14.223838,131,148,19,142,85,1,87,208,128,0,0,0,0,0,0,0
14.340659,14.354192,131,148,19,142,85,1,87,208,128,0,0,0,0,0,0,0
14.505494,14.511599,131,148,19,142,85,1,87,208,128,0,0,0,0,0,0,0
14.615385,14.614491,131,148,19,142,85,1,87,208,128,0,0,0,0,0,0,0
14.780220,14.771745,131,148,19,142,85,1,87,208,128,0,0,0,0,0,0,0
14.890110,14.901638,131,148,19,142,85,1,87,208,128,0,0,0,0,0,0,0
15.000000,15.004941,131,148,19,142,85,1,87,208,128,0,0,0,0,0,0,0
15.164835,15.170229,131,154,18,152,74,0,72,208,0,0,0,0,0,0,0,0
15.274725,15.282127,131,154,18,152,74,0,72,208,0,0,0,0,0,0,0,0
15.439561,15.449160,131,152,19,150,75,1,59,208,128,0,0,0,0,0,0,0
15.549451,15.560698,131,152,19,150,75,1,59,208,128,0,0,0,0,0,0,0
15.714286,15.727218,131,152,19,150,75,1,59,208,128,0,0,0,0,0,0,0
15.879121,15.838553,131,144,18,142,77,0,63,207,128,0,0,0,0,0,0,0
15.989011,15.977455,131,144,18,142,77,0,63,207,128,0,0,0,0,0,0,0
16.153847,16.144026,131,144,18,142,77,0,63,207,128,0,0,0,0,0,0,0
16.263737,16.255259,131,144,18,142,77,0,63,207,128,0,0,0,0,0,0,0
16.428572,16.421265,131,144,18,142,77,0,63,207,128,0,0,0,0,0,0,0
16.538462,16.532446,131,144,18,142,77,0,63,207,128,0,0,0,0,0,0,0
16.703297,16.698502,131,143,18,152,97,0,84,207,0,0,0,0,0,0,0,0
16.813187,16.803852,131,143,18,152,97,0,64,206,0,0,0,0,0,0,0,0
16.923077,16.934258,131,143,18,152,97,0,64,206,0,0,0,0,0,0,0,0
17.087912,17.091923,131,140,17,152,97,0,64,206,0,0,0,0,0,0,0,0
17.197802,17.194662,131,140,17,152,97,0,64,206,0,0,0,0,0,0,0,0
17.362637,17.351915,131,140,17,152,97,0,64,206,0,0,0,0,0,0,0,0
17.472527,17.481859,131,140,17,152,97,0,64,206,0,0,0,0,0,0,0,0
17.582418,17.584553,131,140,17,152,97,0,64,206,0,0,0,0,0,0,0,0
17.747253,17.741854,131,140,17,152,97,0,64,206,0,0,0,0,0,0,0,0
17.857143,17.851042,130,128,16,122,161,0,63,205,0,0,0,0,0,0,0,0
18.021978,18.017200,130,128,16,122,161,0,63,205,0,0,0,0,0,0,0,0
18.131868,18.129559,130,128,15,120,164,1,31,207,128,0,0,0,0,0,0,0
18.296703,18.296024,130,128,15,120,164,1,31,207,128,0,0,0,0,0,0,0
18.406593,18.407513,131,127,16,124,144,1,49,207,0,0,0,0,0,0,0,0
18.571428,18.574390,131,127,16,124,144,1,49,207,0,0,0,0,0,0,0,0
18.681318,18.686447,131,126,16,127,131,0,55,207,128,0,0,0,0,0,0,0
18.846153,18.852398,131,126,16,127,131,0,55,207,128,0,0,0,0,0,0,0
18.956043,18.963581,131,126,16,127,131,0,55,207,128,0,0,0,0,0,0,0
19.120878,19.129740,130,117,13,112,131,0,55,207,128,0,0,0,0,0,0,0
19.230770,19.241079,130,117,13,112,166,1,52,208,128,0,0,0,0,0,0,0
19.395605,19.407234,130,117,13,112,166,1,52,208,128,0,0,0,0,0,0,0
19.560440,19.518879,130,117,13,112,166,1,52,208,128,0,0,0,0,0,0,0
19.670330,19.658602,131,123,17,135,174,1,63,207,0,0,0,0,0,0,0,0
19.835165,19.824963,131,123,16,130,174,1,63,207,0,0,0,0,0,0,0,0
19.945055,19.937172,130,130,18,142,124,1,75,207,128,0,0,0,0,0,0,0
20.109890,20.103281,130,130,18,142,124,1,75,207,128,0,0,0,0,0,0,0
20.219780,20.214821,130,130,18,142,124,1,75,207,128,0,0,0,0,0,0,0
20.384615,20.381081,130,130,18,142,124,1,75,207,128,0,0,0,0,0,0,0
20.494505,20.492521,130,130,18,142,124,1,75,207,128,0,0,0,0,0,0,0
20.659340,20.658680,130,130,18,142,124,1,75,207,128,0,0,0,0,0,0,0
20.769230,20.769966,130,130,18,142,124,1,75,207,128,0,0,0,0,0,0,0
20.934067,20.936483,131,182,26,200,69,1,76,207,128,0,0,0,0,0,0,0
21.043957,21.039583,131,172,21,154,68,0,85,208,128,0,0,0,0,0,0,0
21.208792,21.198322,131,172,21,154,68,0,85,208,128,0,0,0,0,0,0,0
21.318682,21.328569,131,172,21,154,68,0,85,208,128,0,0,0,0,0,0,0
21.428572,21.431667,131,172,21,154,68,0,85,208,128,0,0,0,0,0,0,0
21.593407,21.589844,131,172,21,154,68,0,85,208,128,0,0,0,0,0,0,0
21.703297,21.693348,131,172,21,154,68,0,85,208,128,0,0,0,0,0,0,0
21.813187,21.824265,131,172,21,154,68,0,85,208,128,0,0,0,0,0,0,0
21.978022,21.984129,131,159,15,129,69,0,80,208,0,0,0,0,0,0,0,0
22.087912,22.094341,131,159,15,129,69,0,80,208,0,0,0,0,0,0,0,0
22.252747,22.260910,131,159,15,129,69,0,80,208,0,0,0,0,0,0,0,0
22.417582,22.373116,131,159,15,129,69,0,80,208,0,0,0,0,0,0,0,0
22.527473,22.539583,131,151,21,161,130,1,74,207,0,0,0,0,0,0,0,0
22.692308,22.678791,131,151,21,161,130,1,74,207,0,0,0,0,0,0,0,0
22.802198,22.790077,131,151,21,161,130,1,74,207,0,0,0,0,0,0,0,0
22.967033,22.956747,131,151,21,161,130,1,74,207,0,0,0,0,0,0,0,0
23.076923,23.068186,131,202,17,140,79,1,87,207,0,0,0,0,0,0,0,0
23.241758,23.234911,131,175,16,135,80,1,78,208,128,0,0,0,0,0,0,0
23.351648,23.348034,131,175,16,135,80,1,78,208,128,0,0,0,0,0,0,0
23.516483,23.514807,131,175,16,135,80,1,78,208,128,0,0,0,0,0,0,0
23.626373,23.627222,131,175,16,135,80,1,78,208,128,0,0,0,0,0,0,0
23.791208,23.793839,131,175,16,135,80,1,78,208,128,0,0,0,0,0,0,0
23.901098,23.905846,131,172,23,184,106,1,79,208,128,0,0,0,0,0,0,0
24.065933,24.072617,131,172,23,184,106,1,79,208,128,0,0,0,0,0,0,0
24.175825,24.185028,131,172,23,184,106,1,79,208,128,0,0,0,0,0,0,0
24.340660,24.351801,131,172,23,184,106,1,79,208,128,0,0,0,0,0,0,0
24.505495,24.491674,131,179,26,203,106,1,79,208,128,0,0,0,0,0,0,0
24.615385,24.603319,131,179,26,203,106,1,79,208,128,0,0,0,0,0,0,0
24.780220,24.770145,131,217,26,203,106,1,79,208,128,0,0,0,0,0,0,0
24.890110,24.876566,131,227,32,251,37,0,72,208,0,0,0,0,0,0,0,0
25.000000,25.008249,131,227,27,208,37,0,63,207,128,0,0,0,0,0,0,0
25.164835,25.166323,131,210,26,203,36,0,64,208,128,0,0,0,0,0,0,0
25.274725,25.269625,131,210,26,203,36,0,64,208,128,0,0,0,0,0,0,0
25.439560,25.427851,131,210,26,203,36,0,64,208,128,0,0,0,0,0,0,0
25.549450,25.558311,131,163,17,203,36,0,64,208,128,0,0,0,0,0,0,0
25.659340,25.661715,131,160,18,144,34,0,63,208,128,0,0,0,0,0,0,0
25.824175,25.820143,131,160,18,144,34,0,63,208,128,0,0,0,0,0,0,0
25.934067,25.930916,130,162,28,226,104,0,76,207,0,0,0,0,0,0,0,0
26.098902,26.095898,131,171,21,163,155,1,48,208,0,0,0,0,0,0,0,0
26.208792,26.199251,131,171,21,163,155,1,48,208,0,0,0,0,0,0,0,0
26.373627,26.357481,131,177,23,186,68,1,67,207,0,0,0,0,0,0,0,0
26.483517,26.487991,131,173,19,155,50,1,80,208,0,0,0,0,0,0,0,0
26.593407,26.591494,131,173,19,155,50,1,80,208,0,0,0,0,0,0,0,0
26.758242,26.749823,131,199,34,251,43,0,80,208,0,0,0,0,0,0,0,0
26.868132,26.854555,131,214,38,251,43,0,71,207,128,0,0,0,0,0,0,0
26.978022,26.985575,131,214,38,251,43,0,71,207,128,0,0,0,0,0,0,0
27.142857,27.147026,131,251,38,251,39,1,79,208,0,0,0,0,0,0,0,0
27.252747,27.259695,131,252,33,251,36,1,91,208,128,0,0,0,0,0,0,0
27.417582,27.427591,131,252,33,251,36,1,91,208,128,0,0,0,0,0,0,0
27.582418,27.568033,131,252,33,251,36,1,91,208,128,0,0,0,0,0,0,0
27.692308,27.680542,131,253,33,251,36,1,91,208,128,0,0,0,0,0,0,0
27.857143,27.847778,131,250,33,251,34,1,91,207,128,0,0,0,0,0,0,0
27.967033,27.951899,131,250,33,251,34,1,91,207,128,0,0,0,0,0,0,0
28.076923,28.082916,131,250,33,251,34,1,91,207,128,0,0,0,0,0,0,0
28.241758,28.242115,131,253,34,251,35,0,79,207,0,0,0,0,0,0,0,0
28.351648,28.345827,131,253,34,251,35,0,79,207,0,0,0,0,0,0,0,0
28.516483,28.504515,131,253,34,251,35,0,79,207,0,0,0,0,0,0,0,0
28.626373,28.636147,131,253,34,251,35,0,79,207,0,0,0,0,0,0,0,0
28.736263,28.739910,131,253,34,251,35,0,79,207,0,0,0,0,0,0,0,0
28.901098,28.900593,131,253,34,251,35,0,79,207,0,0,0,0,0,0,0,0
29.010988,29.011063,131,253,34,251,35,0,79,207,0,0,0,0,0,0,0,0
29.175825,29.178141,131,253,34,251,35,0,79,207,0,0,0,0,0,0,0,0
29.285715,29.291166,131,253,29,227,34,1,88,207,128,0,0,0,0,0,0,0
29.450550,29.457888,131,242,29,233,35,1,72,208,0,0,0,0,0,0,0,0
29.615385,29.598288,131,242,29,233,35,1,72,208,0,0,0,0,0,0,0,0
29.725275,29.710125,131,242,29,233,35,1,72,208,0,0,0,0,0,0,0,0
29.890110,29.876999,131,242,29,233,35,1,72,208,0,0,0,0,0,0,0,0
30.000000,29.988693,131,242,29,233,35,1,72,208,0,0,0,0,0,0,0,0
30.164835,30.155775,131,228,24,194,34,0,74,208,128,0,0,0,0,0,0,0
30.274725,30.268286,131,228,24,194,34,0,74,208,128,0,0,0,0,0,0,0
30.439560,30.435366,131,228,24,194,34,0,74,208,128,0,0,0,0,0,0,0
30.549450,30.548290,131,180,15,115,34,1,77,208,0,0,0,0,0,0,0,0
30.714285,30.714914,131,180,15,115,34,1,77,208,0,0,0,0,0,0,0,0
30.824175,30.826860,131,180,15,115,34,1,77,208,0,0,0,0,0,0,0,0
30.989012,30.993788,130,142,15,120,123,0,63,207,0,0,0,0,0,0,0,0
31.098902,31.105227,130,142,15,120,123,0,63,207,0,0,0,0,0,0,0,0
31.263737,31.271742,131,130,14,111,230,0,21,207,0,0,0,0,0,0,0,0
31.373627,31.377247,131,130,14,111,230,0,21,207,128,0,0,0,0,0,0,0
31.538462,31.535221,131,130,14,111,230,0,21,207,128,0,0,0,0,0,0,0
31.648352,31.637495,131,130,14,111,230,0,21,207,128,0,0,0,0,0,0,0
31.813187,31.795177,131,130,14,111,230,0,21,207,128,0,0,0,0,0,0,0
31.923077,31.925463,131,130,14,111,230,0,21,207,128,0,0,0,0,0,0,0
32.032967,32.028149,131,151,16,135,88,0,95,207,128,0,0,0,0,0,0,0
32.197803,32.186329,131,147,20,159,50,0,111,208,0,0,0,0,0,0,0,0
32.307693,32.316395,131,147,20,159,50,0,111,208,0,0,0,0,0,0,0,0
32.472527,32.425453,131,147,20,159,50,0,111,208,0,0,0,0,0,0,0,0
32.582417,32.564667,131,147,20,159,50,0,111,208,0,0,0,0,0,0,0,0
32.747253,32.731133,131,165,25,159,50,0,111,208,0,0,0,0,0,0,0,0
32.857143,32.843132,131,165,25,159,50,0,111,208,0,0,0,0,0,0,0,0
33.021976,33.010010,131,165,25,159,50,0,111,208,0,0,0,0,0,0,0,0
33.131866,33.121754,131,165,25,159,50,0,111,208,0,0,0,0,0,0,0,0
33.296703,33.288685,131,163,25,159,50,0,111,208,0,0,0,0,0,0,0,0
33.406593,33.400631,131,163,18,151,29,0,81,208,0,0,0,0,0,0,0,0
33.571430,33.567612,131,163,18,151,29,0,81,208,0,0,0,0,0,0,0,0
33.681320,33.679459,131,163,18,151,29,0,81,208,0,0,0,0,0,0,0,0
33.846153,33.846439,131,163,18,151,29,0,81,208,0,0,0,0,0,0,0,0
33.956043,33.958542,131,163,18,151,29,0,81,208,0,0,0,0,0,0,0,0
34.120880,34.125622,131,163,18,151,29,0,81,208,0,0,0,0,0,0,0,0
34.285713,34.237831,131,118,16,123,229,1,20,208,0,0,0,0,0,0,0,0
34.395603,34.377499,131,118,16,123,229,1,20,208,128,0,0,0,0,0,0,0
34.560440,34.544991,131,136,28,215,229,0,21,208,0,0,0,0,0,0,0,0
34.670330,34.655968,131,136,28,215,229,0,21,208,0,0,0,0,0,0,0,0
34.835163,34.822689,131,158,20,157,117,0,74,207,128,0,0,0,0,0,0,0
34.945053,34.934998,131,158,20,157,117,0,74,207,128,0,0,0,0,0,0,0
35.109890,35.097878,131,146,22,177,40,0,80,208,0,0,0,0,0,0,0,0
35.219780,35.227570,131,146,22,177,40,0,80,208,0,0,0,0,0,0,0,0
35.329670,35.330715,131,170,26,208,35,1,111,208,128,0,0,0,0,0,0,0
35.494507,35.489559,131,166,17,133,34,0,104,208,128,0,0,0,0,0,0,0
35.604397,35.592758,131,166,17,133,34,0,104,208,128,0,0,0,0,0,0,0
35.769230,35.750832,131,166,17,133,34,0,104,208,128,0,0,0,0,0,0,0
35.879120,35.881443,130,142,15,126,60,1,107,207,128,0,0,0,0,0,0,0
35.989010,35.984547,130,142,15,126,60,1,107,207,128,0,0,0,0,0,0,0
36.153847,36.146858,130,136,14,112,142,0,96,207,128,0,0,0,0,0,0,0
36.263737,36.258202,130,136,14,112,142,0,96,207,128,0,0,0,0,0,0,0
36.428570,36.424816,130,136,14,112,142,0,96,207,128,0,0,0,0,0,0,0
36.538460,36.536354,130,136,14,112,142,0,96,207,128,0,0,0,0,0,0,0
36.703297,36.702667,130,136,14,112,142,0,96,207,128,0,0,0,0,0,0,0
36.813187,36.813850,130,136,14,112,142,0,96,207,128,0,0,0,0,0,0,0
36.978024,36.980164,130,136,14,112,142,0,96,207,128,0,0,0,0,0,0,0
37.087914,37.091194,131,140,13,108,45,1,98,207,128,0,0,0,0,0,0,0
37.252747,37.257507,131,140,13,108,45,1,98,207,128,0,0,0,0,0,0,0
37.417583,37.368839,131,140,13,108,45,1,98,207,128,0,0,0,0,0,0,0
37.527473,37.507751,131,140,13,108,45,1,98,207,128,0,0,0,0,0,0,0
37.692307,37.674007,131,140,13,108,45,1,98,207,128,0,0,0,0,0,0,0
37.802197,37.783348,131,119,14,118,230,0,16,208,128,0,0,0,0,0,0,0
37.912086,37.913803,131,119,14,118,230,0,16,208,128,0,0,0,0,0,0,0
38.076923,38.071571,131,119,14,118,230,0,16,208,128,0,0,0,0,0,0,0
38.186813,38.173897,131,119,14,118,230,0,16,208,128,0,0,0,0,0,0,0
38.351650,38.331619,131,119,14,118,230,0,16,208,128,0,0,0,0,0,0,0
38.461540,38.461811,131,119,14,118,230,0,16,208,128,0,0,0,0,0,0,0
38.571430,38.564293,130,175,29,245,101,0,104,208,0,0,0,0,0,0,0,0
38.736263,38.723854,131,175,41,251,78,0,103,208,0,0,0,0,0,0,0,0
38.846153,38.829556,131,175,41,251,78,0,103,208,0,0,0,0,0,0,0,0
39.010990,38.997002,131,175,41,251,78,0,103,208,0,0,0,0,0,0,0,0
39.120880,39.109409,131,175,41,251,78,0,103,208,0,0,0,0,0,0,0,0
39.285713,39.276699,131,194,22,163,33,0,84,208,0,0,0,0,0,0,0,0
39.395603,39.388340,131,186,16,125,33,0,98,208,0,0,0,0,0,0,0,0
39.560440,39.555828,131,172,19,146,31,1,95,208,128,0,0,0,0,0,0,0
39.670330,39.664665,131,165,14,114,32,0,87,208,0,0,0,0,0,0,0,0
39.835163,39.822784,131,165,14,114,32,0,87,208,0,0,0,0,0,0,0,0
39.945053,39.925728,130,128,12,102,90,0,87,208,0,0,0,0,0,0,0,0
40.054947,40.056694,130,128,13,94,127,1,80,207,128,0,0,0,0,0,0,0
40.219780,40.214870,130,128,13,94,127,1,80,207,128,0,0,0,0,0,0,0
40.329670,40.317146,130,128,13,94,127,1,80,207,128,0,0,0,0,0,0,0
40.494507,40.475582,131,130,15,117,229,0,36,208,0,0,0,0,0,0,0,0
40.604397,40.606098,131,130,15,117,229,0,36,208,0,0,0,0,0,0,0,0
40.714287,40.713379,131,130,15,117,229,0,36,208,0,0,0,0,0,0,0,0
40.879120,40.879612,131,166,23,179,141,0,72,208,0,0,0,0,0,0,0,0
40.989010,40.991386,131,166,23,179,141,0,72,208,0,0,0,0,0,0,0,0
41.153847,41.158520,131,144,15,114,47,1,98,208,128,0,0,0,0,0,0,0
41.318680,41.298035,131,144,15,114,47,1,98,208,128,0,0,0,0,0,0,0
41.428570,41.409267,131,144,15,114,47,1,98,208,128,0,0,0,0,0,0,0
41.593407,41.575684,131,144,15,114,47,1,98,208,128,0,0,0,0,0,0,0
41.703297,41.686970,131,144,15,114,47,1,98,208,128,0,0,0,0,0,0,0
41.868134,41.853588,131,144,15,114,47,1,98,208,128,0,0,0,0,0,0,0
41.978024,41.965076,131,150,14,112,29,0,107,208,0,0,0,0,0,0,0,0
42.142857,42.132416,131,150,14,112,29,0,107,208,0,0,0,0,0,0,0,0
42.252747,42.243851,131,150,14,112,29,0,107,208,0,0,0,0,0,0,0,0
42.417583,42.411297,130,113,12,94,183,0,77,206,128,0,0,0,0,0,0,0
42.527473,42.522526,130,113,12,94,183,0,77,206,128,0,0,0,0,0,0,0
42.692307,42.689205,130,113,12,94,183,0,77,206,128,0,0,0,0,0,0,0
42.802197,42.800125,130,113,12,94,183,0,77,206,128,0,0,0,0,0,0,0
42.967033,42.966747,130,113,12,94,183,0,77,206,128,0,0,0,0,0,0,0
43.076923,43.075726,131,79,8,73,229,0,27,208,128,0,0,0,0,0,0,0
43.241756,43.234520,131,80,13,93,229,1,32,208,0,0,0,0,0,0,0,0
43.351650,43.337666,131,93,13,112,228,0,21,208,0,0,0,0,0,0,0,0
43.516483,43.496983,131,93,13,112,228,0,21,208,0,0,0,0,0,0,0,0
43.626373,43.627525,131,93,13,112,228,0,21,208,0,0,0,0,0,0,0,0
43.736263,43.730671,131,93,13,112,228,0,21,208,0,0,0,0,0,0,0,0
43.901100,43.888798,131,169,36,251,104,0,95,207,0,0,0,0,0,0,0,0
44.010990,43.993225,131,169,36,251,104,0,95,207,0,0,0,0,0,0,0,0
44.175823,44.154137,131,169,36,251,104,0,95,207,0,0,0,0,0,0,0,0
44.285713,44.267494,131,253,51,251,34,0,99,208,128,0,0,0,0,0,0,0
44.450550,44.434635,131,253,51,251,34,0,99,208,128,0,0,0,0,0,0,0
44.560440,44.547298,131,253,32,251,31,1,111,208,128,0,0,0,0,0,0,0
44.725273,44.714939,131,253,32,251,31,1,95,208,128,0,0,0,0,0,0,0
44.835163,44.827503,131,253,39,252,30,0,91,208,128,0,0,0,0,0,0,0
45.000000,44.991516,131,253,41,251,28,0,107,208,0,0,0,0,0,0,0,0
45.109890,45.095375,131,253,41,251,30,1,96,208,0,0,0,0,0,0,0,0
45.274727,45.254631,131,253,41,251,30,1,96,208,0,0,0,0,0,0,0,0
45.384617,45.386105,131,253,32,252,28,0,84,207,128,0,0,0,0,0,0,0
45.494507,45.490177,131,253,32,252,28,0,84,207,128,0,0,0,0,0,0,0
45.659340,45.648712,131,253,35,251,28,0,84,207,128,0,0,0,0,0,0,0
45.769230,45.753803,131,253,35,251,28,0,77,208,0,0,0,0,0,0,0,0
45.934067,45.912491,131,253,35,251,28,0,77,208,0,0,0,0,0,0,0,0
46.043957,46.047913,131,253,35,251,28,0,77,208,0,0,0,0,0,0,0,0
46.208790,46.187939,131,253,35,251,28,0,77,208,0,0,0,0,0,0,0,0
46.318680,46.300762,131,253,35,251,28,0,77,208,0,0,0,0,0,0,0,0
46.483517,46.468151,130,135,10,79,98,0,59,207,128,0,0,0,0,0,0,0
46.593407,46.579948,130,135,10,79,98,0,59,207,128,0,0,0,0,0,0,0
46.758244,46.746105,130,135,10,79,98,0,59,207,128,0,0,0,0,0,0,0
46.868134,46.859333,131,101,10,77,230,0,32,208,128,0,0,0,0,0,0,0
47.032967,47.017406,131,92,7,56,230,0,11,207,128,0,0,0,0,0,0,0
47.142857,47.120964,131,81,7,51,229,1,8,207,128,0,0,0,0,0,0,0
47.252747,47.251270,131,81,7,51,229,1,8,207,128,0,0,0,0,0,0,0
47.417583,47.410316,131,69,6,48,228,1,39,208,0,0,0,0,0,0,0,0
47.527473,47.513615,131,69,6,48,228,1,39,208,0,0,0,0,0,0,0,0
47.692307,47.671791,131,69,6,48,228,1,39,208,0,0,0,0,0,0,0,0
47.802197,47.802608,131,69,6,48,228,1,39,208,0,0,0,0,0,0,0,0
47.912086,47.907852,131,69,6,48,228,1,39,208,0,0,0,0,0,0,0,0
48.076923,48.073246,124,57,8,62,230,1,47,198,128,0,0,0,0,0,0,0
48.186813,48.185040,124,57,8,62,230,1,47,198,128,0,0,0,0,0,0,0
48.351650,48.353809,124,71,12,93,229,249,32,197,0,0,0,0,0,0,0,0
48.516483,48.493534,124,71,12,93,229,249,32,197,0,0,0,0,0,0,0,0
48.626373,48.605377,126,71,12,93,229,249,32,197,0,0,0,0,0,0,0,0
48.791210,48.772358,126,71,12,93,229,249,32,197,0,0,0,0,0,0,0,0
48.901100,48.884411,126,71,12,93,229,249,32,197,0,0,0,0,0,0,0,0
49.065933,49.051285,126,71,12,93,229,249,32,197,0,0,0,0,0,0,0,0
49.175823,49.163441,126,71,12,93,229,249,32,197,0,0,0,0,0,0,0,0
49.340660,49.330166,126,71,12,93,229,249,32,197,0,0,0,0,0,0,0,0
49.450550,49.442726,126,71,12,93,229,249,32,197,0,0,0,0,0,0,0,0
49.615383,49.609398,126,71,12,93,229,249,32,197,0,0,0,0,0,0,0,0
49.725273,49.720940,126,71,12,93,229,249,32,197,0,0,0,0,0,0,0,0
49.890110,49.888020,126,71,12,93,229,249,32,197,0,0,0,0,0,0,0,0
50.000000,49.999920,126,71,12,93,229,249,32,197,0,0,0,0,0,0,0,0
50.164837,50.167152,126,71,12,93,229,249,32,197,0,0,0,0,0,0,0,0
50.329670,50.306877,126,71,12,93,229,249,32,197,0,0,0,0,0,0,0,0
50.439560,50.418724,126,71,12,93,229,249,32,197,0,0,0,0,0,0,0,0
50.604397,50.585648,126,71,12,93,229,249,32,197,0,0,0,0,0,0,0,0
50.714287,50.697601,126,71,12,93,229,249,32,197,0,0,0,0,0,0,0,0
50.879120,50.864529,126,71,12,93,229,249,32,197,0,0,0,0,0,0,0,0
50.989010,50.976475,126,71,12,93,229,249,32,197,0,0,0,0,0,0,0,0
51.153847,51.143814,126,71,12,93,229,249,32,197,0,0,0,0,0,0,0,0
51.263737,51.255764,126,71,12,93,229,249,32,197,0,0,0,0,0,0,0,0
51.428570,51.422691,126,71,12,93,229,249,32,197,0,0,0,0,0,0,0,0
51.538460,51.534332,126,71,12,93,229,249,32,197,0,0,0,0,0,0,0,0
51.703297,51.701572,126,71,12,93,229,249,32,197,0,0,0,0,0,0,0,0
51.868134,51.813263,126,71,12,93,229,249,32,197,0,0,0,0,0,0,0,0
51.978024,51.953342,125,220,17,136,29,249,80,198,0,0,0,0,0,0,0,0
52.142857,52.120220,125,220,17,136,29,249,80,198,0,0,0,0,0,0,0,0
52.252747,52.232170,125,220,17,136,29,249,80,198,0,0,0,0,0,0,0,0
52.417583,52.398792,125,220,17,136,29,249,80,198,0,0,0,0,0,0,0,0
52.527473,52.511097,120,206,24,192,96,249,79,201,0,0,0,0,0,0,0,0
52.692307,52.677620,120,206,24,192,96,249,79,201,0,0,0,0,0,0,0,0
52.802197,52.789974,120,206,24,192,96,249,79,201,0,0,0,0,0,0,0,0
52.967033,52.957008,120,206,24,192,96,249,79,201,0,0,0,0,0,0,0,0
53.076923,53.064247,123,123,11,75,210,249,23,192,0,0,0,0,0,0,0,0
53.241756,53.221760,123,123,11,75,210,249,23,192,0,0,0,0,0,0,0,0
53.351650,53.352058,123,123,11,75,210,249,23,192,0,0,0,0,0,0,0,0
53.461540,53.455009,121,77,7,62,228,2,30,194,0,0,0,0,0,0,0,0
53.626373,53.614521,121,77,7,62,228,2,30,194,0,0,0,0,0,0,0,0
53.736263,53.717556,123,73,10,76,229,2,16,195,128,0,0,0,0,0,0,0
53.901100,53.876396,123,73,10,76,229,2,16,195,128,0,0,0,0,0,0,0
54.010990,54.007008,123,73,10,76,229,2,16,195,128,0,0,0,0,0,0,0
54.120880,54.115017,123,73,10,76,229,2,16,195,128,0,0,0,0,0,0,0
54.285713,54.281788,123,73,10,76,229,2,16,195,128,0,0,0,0,0,0,0
54.395603,54.394096,123,73,10,76,229,2,16,195,128,0,0,0,0,0,0,0
54.560440,54.560974,123,73,10,76,229,2,16,195,128,0,0,0,0,0,0,0
54.725273,54.700439,123,73,10,76,229,2,16,195,128,0,0,0,0,0,0,0
54.835163,54.812542,123,73,10,76,229,2,16,195,128,0,0,0,0,0,0,0
55.000000,54.979111,123,73,10,76,229,2,16,195,128,0,0,0,0,0,0,0
55.109890,55.091366,123,73,10,76,229,2,16,195,128,0,0,0,0,0,0,0
55.274727,55.258041,123,73,10,76,229,2,16,195,128,0,0,0,0,0,0,0
55.384617,55.370094,123,73,10,76,229,2,16,195,128,0,0,0,0,0,0,0
55.549450,55.537109,123,73,10,76,229,2,16,195,128,0,0,0,0,0,0,0
55.659340,55.649021,123,73,10,76,229,2,16,195,128,0,0,0,0,0,0,0
55.824177,55.816051,127,253,76,252,26,2,16,195,128,0,0,0,0,0,0,0
55.934067,55.929028,127,253,76,252,26,2,96,197,0,0,0,0,0,0,0,0
56.098900,56.097031,127,253,76,252,26,2,96,197,0,0,0,0,0,0,0,0
56.263737,56.209290,127,253,76,252,26,2,96,197,0,0,0,0,0,0,0,0
56.373627,56.349724,127,253,76,252,26,2,96,197,0,0,0,0,0,0,0,0
56.538460,56.516701,127,253,76,252,26,2,96,197,0,0,0,0,0,0,0,0
56.648350,56.629520,127,253,76,252,26,2,96,197,0,0,0,0,0,0,0,0
56.813187,56.796604,124,253,42,252,23,249,86,196,128,0,0,0,0,0,0,0
56.923077,56.910755,129,253,49,252,23,249,86,196,128,0,0,0,0,0,0,0
57.087914,57.078655,129,253,49,252,25,249,70,201,0,0,0,0,0,0,0,0
57.197803,57.191372,129,253,49,252,25,249,70,201,0,0,0,0,0,0,0,0
57.362637,57.358860,125,253,43,252,25,249,86,196,128,0,0,0,0,0,0,0
57.527473,57.472298,125,253,43,252,25,249,86,196,128,0,0,0,0,0,0,0
57.637363,57.612324,125,253,43,252,25,249,86,196,128,0,0,0,0,0,0,0
57.802197,57.780479,124,254,43,252,26,249,87,193,0,0,0,0,0,0,0,0
57.912086,57.893353,124,254,43,252,26,249,87,193,0,0,0,0,0,0,0,0
58.076923,58.060284,124,254,43,252,26,249,87,193,0,0,0,0,0,0,0,0
58.186813,58.173206,124,254,43,252,26,249,87,193,0,0,0,0,0,0,0,0
58.351650,58.340900,124,253,44,252,25,249,79,197,0,0,0,0,0,0,0,0
58.461540,58.445374,125,253,29,233,25,249,82,194,128,0,0,0,0,0,0,0
58.626373,58.603348,125,253,29,233,25,249,64,197,128,0,0,0,0,0,0,0
58.736263,58.734825,125,253,24,194,25,249,84,197,0,0,0,0,0,0,0,0
58.846153,58.838436,125,253,24,194,25,249,84,200,0,0,0,0,0,0,0,0
59.010990,58.996555,125,253,24,194,25,249,84,200,0,0,0,0,0,0,0,0
59.120880,59.099808,124,177,12,88,62,249,55,200,0,0,0,0,0,0,0,0
59.285713,59.258141,124,177,12,88,62,249,55,195,128,0,0,0,0,0,0,0
59.395603,59.391411,122,119,7,57,168,249,57,193,128,0,0,0,0,0,0,0
59.505493,59.501160,122,119,7,57,168,249,57,193,0,0,0,0,0,0,0,0
59.670330,59.667831,122,96,6,48,232,249,20,192,0,0,0,0,0,0,0,0
59.835163,59.807297,122,96,6,48,232,249,20,192,0,0,0,0,0,0,0,0
59.945053,59.919399,122,96,6,48,232,249,20,192,0,0,0,0,0,0,0,0
60.109890,60.086273,122,96,6,48,232,249,20,192,0,0,0,0,0,0,0,0
60.219780,60.198273,122,96,6,48,232,249,20,192,0,0,0,0,0,0,0,0
60.384617,60.364693,122,96,6,48,232,249,20,192,0,0,0,0,0,0,0,0
60.494507,60.477306,122,96,6,48,232,249,20,192,0,0,0,0,0,0,0,0
60.659340,60.643826,122,96,6,48,232,249,20,192,0,0,0,0,0,0,0,0
60.769230,60.756393,122,96,6,48,232,249,20,192,0,0,0,0,0,0,0,0
60.934067,60.923218,122,96,6,48,232,249,20,192,0,0,0,0,0,0,0,0
61.043957,61.034958,122,96,6,48,232,249,20,192,0,0,0,0,0,0,0,0
61.208790,61.202095,122,96,6,48,232,249,20,192,0,0,0,0,0,0,0,0
61.318680,61.314095,122,96,6,48,232,249,20,192,0,0,0,0,0,0,0,0
61.483517,61.481224,122,96,6,48,232,249,20,192,0,0,0,0,0,0,0,0
61.648350,61.620537,122,96,6,48,232,249,20,192,0,0,0,0,0,0,0,0
61.758244,61.732590,122,96,6,48,232,249,20,192,0,0,0,0,0,0,0,0
61.923077,61.899261,122,96,6,48,232,249,20,192,0,0,0,0,0,0,0,0
62.032967,62.011112,122,96,6,48,232,249,20,192,0,0,0,0,0,0,0,0
62.197803,62.177677,122,96,6,48,232,249,20,192,0,0,0,0,0,0,0,0
62.307693,62.289936,122,96,6,48,232,249,20,192,0,0,0,0,0,0,0,0
62.472527,62.456455,122,96,6,48,232,249,20,192,0,0,0,0,0,0,0,0
62.582417,62.569016,122,96,6,48,232,249,20,192,0,0,0,0,0,0,0,0
62.747253,62.735741,122,96,6,48,232,249,20,192,0,0,0,0,0,0,0,0
62.857143,62.847790,122,96,6,48,232,249,20,192,0,0,0,0,0,0,0,0
63.021976,63.014725,122,96,6,48,232,249,20,192,0,0,0,0,0,0,0,0
63.131866,63.126568,122,96,6,48,232,249,20,192,0,0,0,0,0,0,0,0
63.296703,63.293545,122,96,6,48,232,249,20,192,0,0,0,0,0,0,0,0
63.461540,63.432964,122,96,6,48,232,249,20,192,0,0,0,0,0,0,0,0
63.571430,63.545116,122,96,6,48,232,249,20,192,0,0,0,0,0,0,0,0
63.736263,63.711685,122,96,6,48,232,249,20,192,0,0,0,0,0,0,0,0
63.846153,63.823483,122,96,6,48,232,249,20,192,0,0,0,0,0,0,0,0
64.010986,63.990356,122,96,6,48,232,249,20,192,0,0,0,0,0,0,0,0
64.120880,64.102310,122,96,6,48,232,249,20,192,0,0,0,0,0,0,0,0
64.285713,64.269081,122,96,6,48,232,249,20,192,0,0,0,0,0,0,0,0
64.395607,64.381081,122,96,6,48,232,249,20,192,0,0,0,0,0,0,0,0
64.560440,64.547806,122,96,6,48,232,249,20,192,0,0,0,0,0,0,0,0
64.670326,64.659706,122,96,6,48,232,249,20,192,0,0,0,0,0,0,0,0
64.835167,64.826271,122,96,6,48,232,249,20,192,0,0,0,0,0,0,0,0
64.945053,64.938477,122,96,6,48,232,249,20,192,0,0,0,0,0,0,0,0
65.109894,65.105156,122,96,6,48,232,249,20,192,0,0,0,0,0,0,0,0
65.274727,65.244835,122,96,6,48,232,249,20,192,0,0,0,0,0,0,0,0
65.384613,65.356819,122,96,6,48,232,249,20,192,0,0,0,0,0,0,0,0
65.549454,65.523750,122,96,6,48,232,249,20,192,0,0,0,0,0,0,0,0
65.659340,65.635757,122,96,6,48,232,249,20,192,0,0,0,0,0,0,0,0
65.824173,65.802727,122,96,6,48,232,249,20,192,0,0,0,0,0,0,0,0
65.934067,65.914780,122,96,6,48,232,249,20,192,0,0,0,0,0,0,0,0
66.098900,66.081604,188,96,6,48,232,249,20,192,0,0,0,0,0,0,0,0
66.208794,66.193710,188,96,6,48,232,249,20,192,0,0,0,0,0,0,0,0
66.373627,66.360481,188,96,6,48,232,249,20,192,0,0,0,0,0,0,0,0
66.483513,66.472282,188,96,6,48,232,249,20,192,0,0,0,0,0,0,0,0
66.648354,66.638802,188,96,6,48,232,249,20,192,0,0,0,0,0,0,0,0
66.758240,66.751060,188,96,6,48,232,249,20,192,0,0,0,0,0,0,0,0
66.923080,66.917725,188,96,6,48,232,249,20,192,0,0,0,0,0,0,0,0
67.087914,67.057457,188,96,6,48,232,249,20,192,0,0,0,0,0,0,0,0
67.197800,67.170120,43,96,6,48,232,249,20,192,0,0,0,0,0,0,0,0
67.362640,67.337044,43,96,6,48,232,249,20,192,0,0,0,0,0,0,0,0
67.472527,67.448891,43,96,6,48,232,249,20,192,0,0,0,0,0,0,0,0
67.637360,67.615662,43,96,6,48,232,249,20,192,0,0,0,0,0,0,0,0
67.747253,67.727768,43,96,6,48,232,249,20,192,0,0,0,0,0,0,0,0
67.912086,67.894691,43,96,6,48,232,249,20,192,0,0,0,0,0,0,0,0
68.021980,68.006752,43,96,6,48,232,249,20,192,0,0,0,0,0,0,0,0
68.186813,68.173523,43,96,6,48,232,249,20,192,0,0,0,0,0,0,0,0
68.296700,68.285316,43,96,6,48,232,249,20,192,0,0,0,0,0,0,0,0
68.461540,68.451935,43,96,6,48,232,249,20,192,0,0,0,0,0,0,0,0
68.571426,68.564194,43,96,6,48,232,249,20,192,0,0,0,0,0,0,0,0
68.736267,68.730919,43,96,6,48,232,249,20,192,0,0,0,0,0,0,0,0
68.901100,68.870590,43,96,6,48,232,249,20,192,0,0,0,0,0,0,0,0
69.010986,68.982796,43,96,6,48,232,249,20,192,0,0,0,0,0,0,0,0
69.175827,69.149467,43,96,6,48,232,249,20,192,0,0,0,0,0,0,0,0
69.285713,69.261620,43,96,6,48,232,249,20,192,0,0,0,0,0,0,0,0
69.450546,69.428246,43,96,6,48,232,249,20,192,0,0,0,0,0,0,0,0
69.560440,69.540398,43,96,6,48,232,249,20,192,0,0,0,0,0,0,0,0
69.725273,69.707397,43,96,6,48,232,249,20,192,0,0,0,0,0,0,0,0
69.835167,69.819534,43,96,6,48,232,249,20,192,0,0,0,0,0,0,0,0
70.000000,69.986458,43,96,6,48,232,249,20,192,0,0,0,0,0,0,0,0
70.109894,70.098312,43,96,6,48,232,249,20,192,0,0,0,0,0,0,0,0
70.274727,70.264832,43,96,6,48,232,249,20,192,0,0,0,0,0,0,0,0
70.384613,70.377136,43,96,6,48,232,249,20,192,0,0,0,0,0,0,0,0
70.549454,70.543755,43,96,6,48,232,249,20,192,0,0,0,0,0,0,0,0
70.714287,70.683731,43,96,6,48,232,249,20,192,0,0,0,0,0,0,0,0
70.824173,70.795731,43,96,6,48,232,249,20,192,0,0,0,0,0,0,0,0
70.989014,70.962761,43,96,6,48,232,249,20,192,0,0,0,0,0,0,0,0
71.098900,71.074814,43,96,6,48,232,249,20,192,0,0,0,0,0,0,0,0
71.263733,71.241486,43,96,6,48,232,249,20,192,0,0,0,0,0,0,0,0
71.373627,71.353638,43,96,6,48,232,249,20,192,0,0,0,0,0,0,0,0
71.538460,71.520462,58,96,6,48,232,249,20,192,0,0,0,0,0,0,0,0
71.648354,71.632469,58,96,6,48,232,249,20,192,0,0,0,0,0,0,0,0
71.813187,71.799339,58,96,6,48,232,249,20,192,0,0,0,0,0,0,0,0
71.923080,71.911240,58,96,6,48,232,249,20,192,0,0,0,0,0,0,0,0
72.087914,72.078018,58,96,6,48,232,249,20,192,0,0,0,0,0,0,0,0
72.197800,72.189911,58,96,6,48,232,249,20,192,0,0,0,0,0,0,0,0
72.362640,72.330460,205,96,6,48,232,249,20,192,0,0,0,0,0,0,0,0
72.527473,72.497383,205,96,6,48,232,249,20,192,0,0,0,0,0,0,0,0
72.637360,72.609482,205,96,6,48,232,249,20,192,0,0,0,0,0,0,0,0
72.802200,72.776360,205,96,6,48,232,249,20,192,0,0,0,0,0,0,0,0
72.912086,72.888260,222,96,6,48,232,249,20,192,0,0,0,0,0,0,0,0
73.076920,73.055290,222,96,6,48,232,249,20,192,0,0,0,0,0,0,0,0
73.186813,73.167084,222,96,6,48,232,249,20,192,0,0,0,0,0,0,0,0
73.351646,73.334061,222,96,6,48,232,249,20,192,0,0,0,0,0,0,0,0
73.461540,73.446526,222,96,6,48,232,249,20,192,0,0,0,0,0,0,0,0
73.626373,73.613091,222,96,6,48,232,249,20,192,0,0,0,0,0,0,0,0
73.736267,73.725555,222,96,6,48,232,249,20,192,0,0,0,0,0,0,0,0
73.901100,73.892181,222,96,6,48,232,249,20,192,0,0,0,0,0,0,0,0
74.065933,74.004486,222,96,6,48,232,249,20,192,0,0,0,0,0,0,0,0
74.175827,74.144005,222,96,6,48,232,249,20,192,0,0,0,0,0,0,0,0
74.340660,74.311035,222,96,6,48,232,249,20,192,0,0,0,0,0,0,0,0
74.450546,74.422981,222,96,6,48,232,249,20,192,0,0,0,0,0,0,0,0
74.615387,74.589706,222,96,6,48,232,249,20,192,0,0,0,0,0,0,0,0
74.725273,74.701660,222,96,6,48,232,249,20,192,0,0,0,0,0,0,0,0
74.890106,74.868530,222,96,6,48,232,249,20,192,0,0,0,0,0,0,0,0
75.000000,74.980553,222,96,6,48,232,249,20,192,0,0,0,0,0,0,0,0
75.164833,75.147461,222,96,6,48,232,249,20,192,0,0,0,0,0,0,0,0
75.274727,75.259361,222,96,6,48,232,249,20,192,0,0,0,0,0,0,0,0
75.439560,75.426186,222,96,6,48,232,249,20,192,0,0,0,0,0,0,0,0
75.549454,75.538033,222,96,6,48,232,249,20,192,0,0,0,0,0,0,0,0
75.714287,75.705009,222,96,6,48,232,249,20,192,0,0,0,0,0,0,0,0
75.879120,75.817062,81,96,6,48,232,249,20,192,0,0,0,0,0,0,0,0
75.989014,75.956589,81,96,6,48,232,249,20,192,0,0,0,0,0,0,0,0
76.153847,76.123505,81,96,6,48,232,249,20,192,0,0,0,0,0,0,0,0
76.263733,76.235199,81,96,6,48,232,249,20,192,0,0,0,0,0,0,0,0
76.428574,76.401978,81,96,6,48,232,249,20,192,0,0,0,0,0,0,0,0
76.538460,76.513977,81,96,6,48,232,249,20,192,0,0,0,0,0,0,0,0
76.703300,76.681114,81,96,6,48,232,249,20,192,0,0,0,0,0,0,0,0
76.813187,76.793175,81,96,6,48,232,249,20,192,0,0,0,0,0,0,0,0
76.978020,76.960144,81,96,6,48,232,249,20,192,0,0,0,0,0,0,0,0
77.087914,77.072403,81,96,6,48,232,249,20,192,0,0,0,0,0,0,0,0
77.252747,77.239479,81,96,6,48,232,249,20,192,0,0,0,0,0,0,0,0
77.362640,77.351273,81,96,6,48,232,249,20,192,0,0,0,0,0,0,0,0
77.527473,77.518303,81,96,6,48,232,249,20,192,0,0,0,0,0,0,0,0
77.692307,77.630150,81,96,6,48,232,249,20,192,0,0,0,0,0,0,0,0
77.802200,77.769669,81,96,6,48,232,249,20,192,0,0,0,0,0,0,0,0
77.967033,77.936699,81,96,6,48,232,249,20,192,0,0,0,0,0,0,0,0
78.076920,78.048393,81,96,6,48,232,249,20,192,0,0,0,0,0,0,0,0
78.241760,78.215782,81,96,6,48,232,249,20,192,0,0,0,0,0,0,0,0
78.351646,78.327423,81,96,6,48,232,249,20,192,0,0,0,0,0,0,0,0
78.516487,78.494560,81,96,6,48,232,249,20,192,0,0,0,0,0,0,0,0
78.626373,78.606766,81,96,6,48,232,249,20,192,0,0,0,0,0,0,0,0
78.791206,78.773689,81,96,6,48,232,249,20,192,0,0,0,0,0,0,0,0
78.901100,78.885437,81,96,6,48,232,249,20,192,0,0,0,0,0,0,0,0
79.065933,79.052155,81,96,6,48,232,249,20,192,0,0,0,0,0,0,0,0
79.175827,79.163956,81,96,6,48,232,249,20,192,0,0,0,0,0,0,0,0
79.340660,79.330933,81,96,6,48,232,249,20,192,0,0,0,0,0,0,0,0
79.505493,79.442726,122,96,6,48,232,249,20,192,0,0,0,0,0,0,0,0
79.615387,79.582245,122,96,6,48,232,249,20,192,0,0,0,0,0,0,0,0
79.780220,79.749428,122,96,6,48,232,249,20,192,0,0,0,0,0,0,0,0
79.890106,79.861023,122,96,6,48,232,249,20,192,0,0,0,0,0,0,0,0
80.054947,80.028206,122,96,6,48,232,249,20,192,0,0,0,0,0,0,0,0
80.164833,80.139900,122,96,6,48,232,249,20,192,0,0,0,0,0,0,0,0
80.329674,80.306877,122,96,6,48,232,249,20,192,0,0,0,0,0,0,0,0
80.439560,80.419342,172,96,6,48,232,249,20,192,0,0,0,0,0,0,0,0
80.604393,80.586052,172,96,6,48,232,249,20,192,0,0,0,0,0,0,0,0
80.714287,80.698120,172,96,6,48,232,249,20,192,0,0,0,0,0,0,0,0
80.879120,80.865097,204,96,6,48,232,249,20,192,0,0,0,0,0,0,0,0
80.989014,80.977150,204,96,6,48,232,249,20,192,0,0,0,0,0,0,0,0
81.153847,81.144073,204,96,6,48,232,249,20,192,0,0,0,0,0,0,0,0
81.318680,81.283340,204,96,6,48,232,249,20,192,0,0,0,0,0,0,0,0
81.428574,81.395439,204,96,6,48,232,249,20,192,0,0,0,0,0,0,0,0
81.593407,81.562111,204,96,6,48,232,249,20,192,0,0,0,0,0,0,0,0
81.703300,81.673805,204,96,6,48,232,249,20,192,0,0,0,0,0,0,0,0
81.868134,81.841095,204,96,6,48,232,249,20,192,0,0,0,0,0,0,0,0
81.978020,81.952629,204,96,6,48,232,249,20,192,0,0,0,0,0,0,0,0
82.142860,82.119812,204,96,6,48,232,249,20,192,0,0,0,0,0,0,0,0
82.252747,82.231766,204,96,6,48,232,249,20,192,0,0,0,0,0,0,0,0
82.417580,82.398651,204,96,6,48,232,249,20,192,0,0,0,0,0,0,0,0
82.527473,82.510490,204,96,6,48,232,249,20,192,0,0,0,0,0,0,0,0
82.692307,82.677567,204,96,6,48,232,249,20,192,0,0,0,0,0,0,0,0
82.802200,82.789368,204,96,6,48,232,249,20,192,0,0,0,0,0,0,0,0
82.967033,82.956444,204,96,6,48,232,249,20,192,0,0,0,0,0,0,0,0
83.131866,83.095764,204,96,6,48,232,249,20,192,0,0,0,0,0,0,0,0
83.241760,83.207962,204,96,6,48,232,249,20,192,0,0,0,0,0,0,0,0
83.406593,83.374741,204,96,6,48,232,249,20,192,0,0,0,0,0,0,0,0
83.516487,83.486633,204,96,6,48,232,249,20,192,0,0,0,0,0,0,0,0
83.681320,83.653770,204,96,6,48,232,249,20,192,0,0,0,0,0,0,0,0
83.791206,83.765411,204,96,6,48,232,249,20,192,0,0,0,0,0,0,0,0
83.956047,83.932442,204,96,6,48,232,249,20,192,0,0,0,0,0,0,0,0
84.065933,84.044441,204,96,6,48,232,249,20,192,0,0,0,0,0,0,0,0
84.230766,84.211426,204,96,6,48,232,249,20,192,0,0,0,0,0,0,0,0
84.340660,84.323265,204,96,6,48,232,249,20,192,0,0,0,0,0,0,0,0
84.505493,84.490555,204,96,6,48,232,249,20,192,0,0,0,0,0,0,0,0
84.615387,84.602554,204,96,6,48,232,249,20,192,0,0,0,0,0,0,0,0
84.780220,84.769737,204,96,6,48,232,249,20,192,0,0,0,0,0,0,0,0
84.945053,84.909256,204,96,6,48,232,249,20,192,0,0,0,0,0,0,0,0
85.054947,85.021408,204,96,6,48,232,249,20,192,0,0,0,0,0,0,0,0
85.219780,85.187988,204,96,6,48,232,249,20,192,0,0,0,0,0,0,0,0
85.329674,85.299828,204,96,6,48,232,249,20,192,0,0,0,0,0,0,0,0
85.494507,85.466858,204,96,6,48,232,249,20,192,0,0,0,0,0,0,0,0
85.604393,85.578705,204,96,6,48,232,249,20,192,0,0,0,0,0,0,0,0
85.769234,85.745895,204,96,6,48,232,249,20,192,0,0,0,0,0,0,0,0
85.879120,85.857841,204,96,6,48,232,249,20,192,0,0,0,0,0,0,0,0
86.043953,86.024712,204,96,6,48,232,249,20,192,0,0,0,0,0,0,0,0
86.153847,86.136566,204,96,6,48,232,249,20,192,0,0,0,0,0,0,0,0
86.318680,86.303642,204,96,6,48,232,249,20,192,0,0,0,0,0,0,0,0
86.428574,86.415390,204,96,6,48,232,249,20,192,0,0,0,0,0,0,0,0
86.593407,86.582268,204,96,6,48,232,249,20,192,0,0,0,0,0,0,0,0
86.758240,86.722092,204,96,6,48,232,249,20,192,0,0,0,0,0,0,0,0
86.868134,86.834091,204,96,6,48,232,249,20,192,0,0,0,0,0,0,0,0
87.032967,87.000816,204,96,6,48,232,249,20,192,0,0,0,0,0,0,0,0
87.142860,87.112915,204,96,6,48,232,249,20,192,0,0,0,0,0,0,0,0
87.307693,87.279999,204,96,6,48,232,249,20,192,0,0,0,0,0,0,0,0
87.417580,87.391945,204,96,6,48,232,249,20,192,0,0,0,0,0,0,0,0
87.582420,87.559334,204,96,6,48,232,249,20,192,0,0,0,0,0,0,0,0
87.692307,87.671333,204,96,6,48,232,249,20,192,0,0,0,0,0,0,0,0
87.857140,87.838264,204,96,6,48,232,249,20,192,0,0,0,0,0,0,0,0
87.967033,87.949814,204,96,6,48,232,249,20,192,0,0,0,0,0,0,0,0
88.131866,88.117294,204,96,6,48,232,249,20,192,0,0,0,0,0,0,0,0
88.296700,88.228783,204,96,6,48,232,249,20,192,0,0,0,0,0,0,0,0
88.406593,88.368919,204,96,6,48,232,249,20,192,0,0,0,0,0,0,0,0
88.571426,88.535591,204,96,6,48,232,249,20,192,0,0,0,0,0,0,0,0
88.681320,88.647537,204,96,6,48,232,249,20,192,0,0,0,0,0,0,0,0
88.846153,88.814316,204,96,6,48,232,249,20,192,0,0,0,0,0,0,0,0
88.956047,88.926163,204,96,6,48,232,249,20,192,0,0,0,0,0,0,0,0
89.120880,89.093140,204,96,6,48,232,249,20,192,0,0,0,0,0,0,0,0
89.230766,89.205757,204,96,6,48,232,249,20,192,0,0,0,0,0,0,0,0
89.395607,89.372681,204,96,6,48,232,249,20,192,0,0,0,0,0,0,0,0
89.505493,89.484940,204,96,6,48,232,249,20,192,0,0,0,0,0,0,0,0
89.670326,89.651611,204,96,6,48,232,249,20,192,0,0,0,0,0,0,0,0
89.780220,89.763351,204,96,6,48,232,249,20,192,0,0,0,0,0,0,0,0
89.945053,89.930466,204,96,6,48,232,249,20,192,0,0,0,0,0,0,0,0
90.109894,90.042381,204,96,6,48,232,249,20,192,0,0,0,0,0,0,0,0
90.219780,90.182106,204,96,6,48,232,249,20,192,0,0,0,0,0,0,0,0
90.384613,90.348984,204,96,6,48,232,249,20,192,0,0,0,0,0,0,0,0
90.494507,90.460930,204,96,6,48,232,249,20,192,0,0,0,0,0,0,0,0
90.659340,90.627907,204,96,6,48,232,249,20,192,0,0,0,0,0,0,0,0
90.769234,90.739960,204,96,6,48,232,249,20,192,0,0,0,0,0,0,0,0
90.934067,90.906837,204,96,6,48,232,249,20,192,0,0,0,0,0,0,0,0
91.043953,91.018997,204,96,6,48,232,249,20,192,0,0,0,0,0,0,0,0
91.208794,91.186073,204,96,6,48,232,249,20,192,0,0,0,0,0,0,0,0
91.318680,91.297821,204,96,6,48,232,249,20,192,0,0,0,0,0,0,0,0
91.483513,91.465004,204,96,6,48,232,249,20,192,0,0,0,0,0,0,0,0
91.593407,91.576546,204,96,6,48,232,249,20,192,0,0,0,0,0,0,0,0
91.758240,91.743782,204,96,6,48,232,249,20,192,0,0,0,0,0,0,0,0
91.923080,91.855530,248,96,6,48,232,249,20,192,0,0,0,0,0,0,0,0
92.032967,91.995605,248,96,6,48,232,249,20,192,0,0,0,0,0,0,0,0
92.197800,92.162590,248,96,6,48,232,249,20,192,0,0,0,0,0,0,0,0
92.307693,92.274635,248,96,6,48,232,249,20,192,0,0,0,0,0,0,0,0
92.472527,92.441566,248,96,6,48,232,249,20,192,0,0,0,0,0,0,0,0
92.582420,92.553764,248,96,6,48,232,249,20,192,0,0,0,0,0,0,0,0
92.747253,92.720543,248,96,6,48,232,249,20,192,0,0,0,0,0,0,0,0
92.857140,92.832649,248,96,6,48,232,249,20,192,0,0,0,0,0,0,0,0
93.021980,92.999527,248,96,6,48,232,249,20,192,0,0,0,0,0,0,0,0
93.131866,93.111015,248,96,6,48,232,249,20,192,0,0,0,0,0,0,0,0
93.296700,93.277840,248,96,6,48,232,249,20,192,0,0,0,0,0,0,0,0
93.406593,93.389427,248,96,6,48,232,249,20,192,0,0,0,0,0,0,0,0
93.571426,93.556923,248,96,6,48,232,249,20,192,0,0,0,0,0,0,0,0
93.736267,93.668465,248,96,6,48,232,249,20,192,0,0,0,0,0,0,0,0
93.846153,93.808441,248,96,6,48,232,249,20,192,0,0,0,0,0,0,0,0
94.010986,93.975365,248,96,6,48,232,249,20,192,0,0,0,0,0,0,0,0
94.120880,94.087318,248,96,6,48,232,249,20,192,0,0,0,0,0,0,0,0
94.285713,94.254189,248,96,6,48,232,249,20,192,0,0,0,0,0,0,0,0
94.395607,94.366241,248,96,6,48,232,249,20,192,0,0,0,0,0,0,0,0
94.560440,94.533325,65,96,6,48,232,249,20,192,0,0,0,0,0,0,0,0
94.670326,94.645325,65,96,6,48,232,249,20,192,0,0,0,0,0,0,0,0
94.835167,94.812202,65,96,6,48,232,249,20,192,0,0,0,0,0,0,0,0
94.945053,94.923798,65,96,6,48,232,249,20,192,0,0,0,0,0,0,0,0
95.109894,95.091133,65,96,6,48,232,249,20,192,0,0,0,0,0,0,0,0
95.219780,95.202621,65,96,6,48,232,249,20,192,0,0,0,0,0,0,0,0
95.384613,95.370056,65,96,6,48,232,249,20,192,0,0,0,0,0,0,0,0
95.549454,95.509453,65,96,6,48,232,249,20,192,0,0,0,0,0,0,0,0
95.659340,95.621475,65,96,6,48,232,249,20,192,0,0,0,0,0,0,0,0
95.824173,95.788254,65,96,6,48,232,249,20,192,0,0,0,0,0,0,0,0
95.934067,95.900200,65,96,6,48,232,249,20,192,0,0,0,0,0,0,0,0
96.098900,96.067230,65,96,6,48,232,249,20,192,0,0,0,0,0,0,0,0
96.208794,96.179230,65,96,6,48,232,249,20,192,0,0,0,0,0,0,0,0
96.373627,96.346321,65,96,6,48,232,249,20,192,0,0,0,0,0,0,0,0
96.483513,96.458321,65,96,6,48,232,249,20,192,0,0,0,0,0,0,0,0
96.648354,96.625496,65,96,6,48,232,249,20,192,0,0,0,0,0,0,0,0
96.758240,96.737038,65,96,6,48,232,249,20,192,0,0,0,0,0,0,0,0
96.923080,96.904320,68,96,6,48,232,249,20,192,0,0,0,0,0,0,0,0
97.032967,97.015961,68,96,6,48,232,249,20,192,0,0,0,0,0,0,0,0
97.197800,97.183357,68,96,6,48,232,249,20,192,0,0,0,0,0,0,0,0
97.362640,97.322922,75,96,6,48,232,249,20,192,0,0,0,0,0,0,0,0
97.472527,97.435005,75,96,6,48,232,249,20,192,0,0,0,0,0,0,0,0
97.637360,97.601593,75,96,6,48,232,249,20,192,0,0,0,0,0,0,0,0
97.747253,97.713539,75,96,6,48,232,249,20,192,0,0,0,0,0,0,0,0
97.912086,97.880318,75,96,6,48,232,249,20,192,0,0,0,0,0,0,0,0
98.021980,97.992729,125,96,6,48,232,249,20,192,0,0,0,0,0,0,0,0
98.186813,98.159554,125,96,6,48,232,249,20,192,0,0,0,0,0,0,0,0
98.296700,98.271553,125,96,6,48,232,249,20,192,0,0,0,0,0,0,0,0
98.461540,98.438332,125,96,6,48,232,249,20,192,0,0,0,0,0,0,0,0
98.571426,98.550278,125,96,6,48,232,249,20,192,0,0,0,0,0,0,0,0
98.736267,98.717308,147,96,6,48,232,249,20,192,0,0,0,0,0,0,0,0
98.846153,98.829109,147,96,6,48,232,249,20,192,0,0,0,0,0,0,0,0
99.010986,98.995979,147,96,6,48,232,249,20,192,0,0,0,0,0,0,0,0
99.175827,99.135651,147,96,6,48,232,249,20,192,0,0,0,0,0,0,0,0
99.285713,99.247513,147,96,6,48,232,249,20,192,0,0,0,0,0,0,0,0
99.450546,99.414223,147,96,6,48,232,249,20,192,0,0,0,0,0,0,0,0
99.560440,99.526688,147,96,6,48,232,249,20,192,0,0,0,0,0,0,0,0
99.725273,99.693306,147,96,6,48,232,249,20,192,0,0,0,0,0,0,0,0
99.835167,99.805458,147,96,6,48,232,249,20,192,0,0,0,0,0,0,0,0
100.000000,99.972290,147,96,6,48,232,249,20,192,0,0,0,0,0,0,0,0
100.109894,100.084236,158,96,6,48,232,249,20,192,0,0,0,0,0,0,0,0
100.274727,100.251114,158,96,6,48,232,249,20,192,0,0,0,0,0,0,0,0
100.384613,100.362907,158,96,6,48,232,249,20,192,0,0,0,0,0,0,0,0
100.549454,100.529984,158,96,6,48,232,249,20,192,0,0,0,0,0,0,0,0
100.659340,100.641785,158,96,6,48,232,249,20,192,0,0,0,0,0,0,0,0
100.824173,100.808762,158,96,6,48,232,249,20,192,0,0,0,0,0,0,0,0
100.989014,100.948227,158,96,6,48,232,249,20,192,0,0,0,0,0,0,0,0
101.098900,101.060242,158,96,6,48,232,249,20,192,0,0,0,0,0,0,0,0
101.263733,101.227005,158,96,6,48,232,249,20,192,0,0,0,0,0,0,0,0
101.373627,101.339569,158,96,6,48,232,249,20,192,0,0,0,0,0,0,0,0
101.538460,101.506088,158,96,6,48,232,249,20,192,0,0,0,0,0,0,0,0
101.648354,101.618652,158,96,6,48,232,249,20,192,0,0,0,0,0,0,0,0
101.813187,101.785431,158,96,6,48,232,249,20,192,0,0,0,0,0,0,0,0
101.923080,101.897476,158,96,6,48,232,249,20,192,0,0,0,0,0,0,0,0
102.087914,102.064102,158,96,6,48,232,249,20,192,0,0,0,0,0,0,0,0
102.197800,102.176300,184,96,6,48,232,249,20,192,0,0,0,0,0,0,0,0
102.362640,102.343178,184,96,6,48,232,249,20,192,0,0,0,0,0,0,0,0
102.527473,102.455078,184,96,6,48,232,249,20,192,0,0,0,0,0,0,0,0
102.637360,102.594597,184,96,6,48,232,249,20,192,0,0,0,0,0,0,0,0
102.802200,102.764282,184,96,6,48,232,249,20,192,0,0,0,0,0,0,0,0
102.912086,102.876030,184,96,6,48,232,249,20,192,0,0,0,0,0,0,0,0
103.076920,103.043114,184,96,6,48,232,249,20,192,0,0,0,0,0,0,0,0
103.186813,103.155319,184,96,6,48,232,249,20,192,0,0,0,0,0,0,0,0
103.351646,103.322815,184,96,6,48,232,249,20,192,0,0,0,0,0,0,0,0
103.461540,103.434761,184,96,6,48,232,249,20,192,0,0,0,0,0,0,0,0
103.626373,103.602043,184,96,6,48,232,249,20,192,0,0,0,0,0,0,0,0
103.736267,103.713737,99,96,6,48,232,249,20,192,0,0,0,0,0,0,0,0
103.901100,103.880768,99,96,6,48,232,249,20,192,0,0,0,0,0,0,0,0
104.065933,103.992569,99,96,6,48,232,249,20,192,0,0,0,0,0,0,0,0
104.175827,104.132492,99,96,6,48,232,249,20,192,0,0,0,0,0,0,0,0
104.340660,104.299469,99,96,6,48,232,249,20,192,0,0,0,0,0,0,0,0
104.450546,104.411316,99,96,6,48,232,249,20,192,0,0,0,0,0,0,0,0
104.615387,104.577782,99,96,6,48,232,249,20,192,0,0,0,0,0,0,0,0
104.725273,104.690193,99,96,6,48,232,249,20,192,0,0,0,0,0,0,0,0
104.890106,104.856712,99,96,6,48,232,249,20,192,0,0,0,0,0,0,0,0
105.000000,104.969177,99,96,6,48,232,249,20,192,0,0,0,0,0,0,0,0
105.164833,105.136055,182,96,6,48,232,249,20,192,0,0,0,0,0,0,0,0
105.274727,105.247902,182,96,6,48,232,249,20,192,0,0,0,0,0,0,0,0
105.439560,105.414825,182,96,6,48,232,249,20,192,0,0,0,0,0,0,0,0
105.549454,105.526672,182,96,6,48,232,249,20,192,0,0,0,0,0,0,0,0
105.714287,105.693756,182,96,6,48,232,249,20,192,0,0,0,0,0,0,0,0
105.879120,105.805603,182,96,6,48,232,249,20,192,0,0,0,0,0,0,0,0
105.989014,105.945015,182,96,6,48,232,249,20,192,0,0,0,0,0,0,0,0
106.153847,106.112000,76,96,6,48,232,249,20,192,0,0,0,0,0,0,0,0
106.263733,106.223686,76,96,6,48,232,249,20,192,0,0,0,0,0,0,0,0
106.428574,106.390160,76,96,6,48,232,249,20,192,0,0,0,0,0,0,0,0
106.538460,106.502518,76,96,6,48,232,249,20,192,0,0,0,0,0,0,0,0
106.703300,106.668983,76,96,6,48,232,249,20,192,0,0,0,0,0,0,0,0
106.813187,106.781395,76,96,6,48,232,249,20,192,0,0,0,0,0,0,0,0
106.978020,106.948372,76,96,6,48,232,249,20,192,0,0,0,0,0,0,0,0
107.087914,107.060524,76,96,6,48,232,249,20,192,0,0,0,0,0,0,0,0
107.252747,107.227409,76,96,6,48,232,249,20,192,0,0,0,0,0,0,0,0
107.362640,107.338943,76,96,6,48,232,249,20,192,0,0,0,0,0,0,0,0
107.527473,107.506233,76,96,6,48,232,249,20,192,0,0,0,0,0,0,0,0
107.692307,107.617973,86,96,6,48,232,249,20,192,0,0,0,0,0,0,0,0
107.802200,107.757545,86,96,6,48,232,249,20,192,0,0,0,0,0,0,0,0
107.967033,107.924522,86,96,6,48,232,249,20,192,0,0,0,0,0,0,0,0
108.076920,108.036316,86,96,6,48,232,249,20,192,0,0,0,0,0,0,0,0
108.241760,108.203094,86,96,6,48,232,249,20,192,0,0,0,0,0,0,0,0
108.351646,108.315346,86,96,6,48,232,249,20,192,0,0,0,0,0,0,0,0
108.516487,108.481972,86,96,6,48,232,249,20,192,0,0,0,0,0,0,0,0
108.626373,108.594231,86,96,6,48,232,249,20,192,0,0,0,0,0,0,0,0
108.791206,108.761414,86,96,6,48,232,249,20,192,0,0,0,0,0,0,0,0
108.901100,108.873260,86,96,6,48,232,249,20,192,0,0,0,0,0,0,0,0
109.065933,109.040291,86,96,6,48,232,249,20,192,0,0,0,0,0,0,0,0
109.175827,109.152084,86,96,6,48,232,249,20,192,0,0,0,0,0,0,0,0
109.340660,109.319214,86,96,6,48,232,249,20,192,0,0,0,0,0,0,0,0
109.505493,109.431267,86,96,6,48,232,249,20,192,0,0,0,0,0,0,0,0
109.615387,109.570938,86,96,6,48,232,249,20,192,0,0,0,0,0,0,0,0
109.780220,109.737816,86,96,6,48,232,249,20,192,0,0,0,0,0,0,0,0
109.890106,109.849716,86,96,6,48,232,249,20,192,0,0,0,0,0,0,0,0
110.054947,110.016739,86,96,6,48,232,249,20,192,0,0,0,0,0,0,0,0
110.164833,110.128845,86,96,6,48,232,249,20,192,0,0,0,0,0,0,0,0
110.329674,110.295822,86,96,6,48,232,249,20,192,0,0,0,0,0,0,0,0
110.439560,110.407677,86,96,6,48,232,249,20,192,0,0,0,0,0,0,0,0
110.604393,110.574501,86,96,6,48,232,249,20,192,0,0,0,0,0,0,0,0
110.714287,110.686409,215,96,6,48,232,249,20,192,0,0,0,0,0,0,0,0
110.879120,110.853020,215,96,6,48,232,249,20,192,0,0,0,0,0,0,0,0
110.989014,110.965431,215,96,6,48,232,249,20,192,0,0,0,0,0,0,0,0
111.153847,111.132050,215,96,6,48,232,249,20,192,0,0,0,0,0,0,0,0
111.318680,111.244209,215,96,6,48,232,249,20,192,0,0,0,0,0,0,0,0
111.428574,111.383820,215,96,6,48,232,249,20,192,0,0,0,0,0,0,0,0
111.593407,111.550751,179,96,6,48,232,249,20,192,0,0,0,0,0,0,0,0
111.703300,111.662758,179,96,6,48,232,249,20,192,0,0,0,0,0,0,0,0
111.868134,111.829681,179,96,6,48,232,249,20,192,0,0,0,0,0,0,0,0
111.978020,111.941528,179,96,6,48,232,249,20,192,0,0,0,0,0,0,0,0
112.142860,112.108398,179,96,6,48,232,249,20,192,0,0,0,0,0,0,0,0
112.252747,112.220253,179,96,6,48,232,249,20,192,0,0,0,0,0,0,0,0
112.417580,112.387428,179,96,6,48,232,249,20,192,0,0,0,0,0,0,0,0
112.527473,112.499237,179,96,6,48,232,249,20,192,0,0,0,0,0,0,0,0
112.692307,112.665848,179,96,6,48,232,249,20,192,0,0,0,0,0,0,0,0
112.802200,112.778107,179,96,6,48,232,249,20,192,0,0,0,0,0,0,0,0
112.967033,112.945343,50,96,6,48,232,249,20,192,0,0,0,0,0,0,0,0
113.131866,113.085373,50,96,6,48,232,249,20,192,0,0,0,0,0,0,0,0
113.241760,113.197319,50,96,6,48,232,249,20,192,0,0,0,0,0,0,0,0
113.406593,113.364197,50,96,6,48,232,249,20,192,0,0,0,0,0,0,0,0
113.516487,113.476250,50,96,6,48,232,249,20,192,0,0,0,0,0,0,0,0
113.681320,113.643440,50,96,6,48,232,249,20,192,0,0,0,0,0,0,0,0
113.791206,113.755585,50,96,6,48,232,249,20,192,0,0,0,0,0,0,0,0
113.956047,113.922424,50,96,6,48,232,249,20,192,0,0,0,0,0,0,0,0
114.065933,114.034523,50,96,6,48,232,249,20,192,0,0,0,0,0,0,0,0
114.230766,114.201393,50,96,6,48,232,249,20,192,0,0,0,0,0,0,0,0
114.340660,114.313347,50,96,6,48,232,249,20,192,0,0,0,0,0,0,0,0
114.505493,114.480064,50,96,6,48,232,249,20,192,0,0,0,0,0,0,0,0
114.615387,114.592323,50,96,6,48,232,249,20,192,0,0,0,0,0,0,0,0
114.780220,114.759354,50,96,6,48,232,249,20,192,0,0,0,0,0,0,0,0
114.945053,114.899590,50,96,6,48,232,249,20,192,0,0,0,0,0,0,0,0
115.054947,115.011482,50,96,6,48,232,249,20,192,0,0,0,0,0,0,0,0
115.219780,115.178772,50,96,6,48,232,249,20,192,0,0,0,0,0,0,0,0
115.329674,115.290871,50,96,6,48,232,249,20,192,0,0,0,0,0,0,0,0
115.494507,115.457542,50,96,6,48,232,249,20,192,0,0,0,0,0,0,0,0
115.604393,115.569344,50,96,6,48,232,249,20,192,0,0,0,0,0,0,0,0
115.769234,115.736320,50,96,6,48,232,249,20,192,0,0,0,0,0,0,0,0
115.879120,115.848167,50,96,6,48,232,249,20,192,0,0,0,0,0,0,0,0
116.043953,116.014687,50,96,6,48,232,249,20,192,0,0,0,0,0,0,0,0
116.153847,116.126633,50,96,6,48,232,249,20,192,0,0,0,0,0,0,0,0
116.318680,116.293358,50,96,6,48,232,249,20,192,0,0,0,0,0,0,0,0
116.483513,116.405617,50,96,6,48,232,249,20,192,0,0,0,0,0,0,0,0
116.593407,116.572235,50,96,6,48,232,249,20,192,0,0,0,0,0,0,0,0
116.758240,116.712212,50,96,6,48,232,249,20,192,0,0,0,0,0,0,0,0
116.868134,116.824165,121,96,6,48,232,249,20,192,0,0,0,0,0,0,0,0
117.032967,116.991806,121,96,6,48,232,249,20,192,0,0,0,0,0,0,0,0
117.142860,117.103859,121,96,6,48,232,249,20,192,0,0,0,0,0,0,0,0
117.307693,117.270630,179,96,6,48,232,249,20,192,0,0,0,0,0,0,0,0
117.417580,117.382790,179,96,6,48,232,249,20,192,0,0,0,0,0,0,0,0
117.582420,117.549614,179,96,6,48,232,249,20,192,0,0,0,0,0,0,0,0
117.692307,117.661621,179,96,6,48,232,249,20,192,0,0,0,0,0,0,0,0
117.857140,117.828133,179,96,6,48,232,249,20,192,0,0,0,0,0,0,0,0
117.967033,117.940292,179,96,6,48,232,249,20,192,0,0,0,0,0,0,0,0
118.131866,118.107010,179,96,6,48,232,249,20,192,0,0,0,0,0,0,0,0
118.296700,118.219269,179,96,6,48,232,249,20,192,0,0,0,0,0,0,0,0
118.406593,118.358681,179,96,6,48,232,249,20,192,0,0,0,0,0,0,0,0
118.571426,118.525818,179,96,6,48,232,249,20,192,0,0,0,0,0,0,0,0
118.681320,118.637665,179,96,6,48,232,249,20,192,0,0,0,0,0,0,0,0
118.846153,118.804382,179,96,6,48,232,249,20,192,0,0,0,0,0,0,0,0
118.956047,118.916336,179,96,6,48,232,249,20,192,0,0,0,0,0,0,0,0
119.120880,119.083107,179,96,6,48,232,249,20,192,0,0,0,0,0,0,0,0
119.230766,119.195198,179,96,6,48,232,249,20,192,0,0,0,0,0,0,0,0
119.395607,119.361992,179,96,6,48,232,249,20,192,0,0,0,0,0,0,0,0
119.505493,119.473839,179,96,6,48,232,249,20,192,0,0,0,0,0,0,0,0
119.670326,119.640404,179,96,6,48,232,249,20,192,0,0,0,0,0,0,0,0
119.780220,119.752609,179,96,6,48,232,249,20,192,0,0,0,0,0,0,0,0
119.945053,119.919434,179,96,6,48,232,249,20,192,0,0,0,0,0,0,0,0
120.109894,120.031487,179,96,6,48,232,249,20,192,0,0,0,0,0,0,0,0
120.219780,120.171112,179,96,6,48,232,249,20,192,0,0,0,0,0,0,0,0
120.384613,120.338081,179,96,6,48,232,249,20,192,0,0,0,0,0,0,0,0
120.494507,120.450241,179,96,6,48,232,249,20,192,0,0,0,0,0,0,0,0
120.659340,120.617119,179,96,6,48,232,249,20,192,0,0,0,0,0,0,0,0
120.769234,120.729164,179,96,6,48,232,249,20,192,0,0,0,0,0,0,0,0
120.934067,120.896095,179,96,6,48,232,249,20,192,0,0,0,0,0,0,0,0
121.043953,121.008377,179,96,6,48,232,249,20,192,0,0,0,0,0,0,0,0
121.208794,121.175026,179,96,6,48,232,249,20,192,0,0,0,0,0,0,0,0
121.318680,121.287338,179,96,6,48,232,249,20,192,0,0,0,0,0,0,0,0
121.483513,121.454315,179,96,6,48,232,249,20,192,0,0,0,0,0,0,0,0
121.593407,121.566261,179,96,6,48,232,249,20,192,0,0,0,0,0,0,0,0
121.758240,121.733086,179,96,6,48,232,249,20,192,0,0,0,0,0,0,0,0
121.923080,121.844887,179,96,6,48,232,249,20,192,0,0,0,0,0,0,0,0
122.032967,121.984505,179,96,6,48,232,249,20,192,0,0,0,0,0,0,0,0
122.197800,122.151123,179,96,6,48,232,249,20,192,0,0,0,0,0,0,0,0
122.307693,122.262718,179,96,6,48,232,249,20,192,0,0,0,0,0,0,0,0
122.472527,122.429535,179,96,6,48,232,249,20,192,0,0,0,0,0,0,0,0
122.582420,122.541382,179,96,6,48,232,249,20,192,0,0,0,0,0,0,0,0
122.747253,122.708572,179,96,6,48,232,249,20,192,0,0,0,0,0,0,0,0
122.857140,122.820648,179,96,6,48,232,249,20,192,0,0,0,0,0,0,0,0
123.021980,122.987755,179,96,6,48,232,249,20,192,0,0,0,0,0,0,0,0
123.131866,123.099808,179,96,6,48,232,249,20,192,0,0,0,0,0,0,0,0
123.296700,123.266891,179,96,6,48,232,249,20,192,0,0,0,0,0,0,0,0
123.406593,123.379044,179,96,6,48,232,249,20,192,0,0,0,0,0,0,0,0
123.571426,123.546333,179,96,6,48,232,249,20,192,0,0,0,0,0,0,0,0
123.736267,123.685905,179,96,6,48,232,249,20,192,0,0,0,0,0,0,0,0
123.846153,123.797897,179,96,6,48,232,249,20,192,0,0,0,0,0,0,0,0
124.010986,123.964676,179,96,6,48,232,249,20,192,0,0,0,0,0,0,0,0
124.120880,124.076416,179,96,6,48,232,249,20,192,0,0,0,0,0,0,0,0
124.285713,124.243401,179,96,6,48,232,249,20,192,0,0,0,0,0,0,0,0
124.395607,124.355087,93,96,6,48,232,249,20,192,0,0,0,0,0,0,0,0
124.560440,124.522171,93,96,6,48,232,249,20,192,0,0,0,0,0,0,0,0
124.670326,124.634323,93,96,6,48,232,249,20,192,0,0,0,0,0,0,0,0
124.835167,124.801308,93,96,6,48,232,249,20,192,0,0,0,0,0,0,0,0
124.945053,124.913261,93,96,6,48,232,249,20,192,0,0,0,0,0,0,0,0
125.109894,125.080338,93,96,6,48,232,249,20,192,0,0,0,0,0,0,0,0
125.219780,125.192238,93,96,6,48,232,249,20,192,0,0,0,0,0,0,0,0
125.384613,125.359009,93,96,6,48,232,249,20,192,0,0,0,0,0,0,0,0
125.549454,125.498474,98,96,6,48,232,249,20,192,0,0,0,0,0,0,0,0
125.659340,125.610474,98,96,6,48,232,249,20,192,0,0,0,0,0,0,0,0
125.824173,125.777328,98,96,6,48,232,249,20,192,0,0,0,0,0,0,0,0
125.934067,125.888992,98,96,6,48,232,249,20,192,0,0,0,0,0,0,0,0
126.098900,126.056023,98,96,6,48,232,249,20,192,0,0,0,0,0,0,0,0
126.208794,126.167870,98,96,6,48,232,249,20,192,0,0,0,0,0,0,0,0
126.373627,126.334900,98,96,6,48,232,249,20,192,0,0,0,0,0,0,0,0
126.483513,126.446953,98,96,6,48,232,249,20,192,0,0,0,0,0,0,0,0
126.648354,126.613930,98,96,6,48,232,249,20,192,0,0,0,0,0,0,0,0
126.758240,126.725578,98,96,6,48,232,249,20,192,0,0,0,0,0,0,0,0
126.923080,126.892807,98,96,6,48,232,249,20,192,0,0,0,0,0,0,0,0
127.032967,127.004707,98,96,6,48,232,249,20,192,0,0,0,0,0,0,0,0
127.197800,127.171638,98,96,6,48,232,249,20,192,0,0,0,0,0,0,0,0
127.362640,127.311104,98,96,6,48,232,249,20,192,0,0,0,0,0,0,0,0
127.472527,127.423767,9,96,6,48,232,249,20,192,0,0,0,0,0,0,0,0
127.637360,127.590599,9,96,6,48,232,249,20,192,0,0,0,0,0,0,0,0
127.747253,127.702232,9,96,6,48,232,249,20,192,0,0,0,0,0,0,0,0
127.912086,127.869370,9,96,6,48,232,249,20,192,0,0,0,0,0,0,0,0
128.021973,127.981064,9,96,6,48,232,249,20,192,0,0,0,0,0,0,0,0
128.186813,128.148087,9,96,6,48,232,249,20,192,0,0,0,0,0,0,0,0
128.296707,128.260345,9,96,6,48,232,249,20,192,0,0,0,0,0,0,0,0
128.461533,128.427124,9,96,6,48,232,249,20,192,0,0,0,0,0,0,0,0
128.571426,128.538818,9,96,6,48,232,249,20,192,0,0,0,0,0,0,0,0
128.736267,128.705750,9,96,6,48,232,249,20,192,0,0,0,0,0,0,0,0
128.846161,128.817902,9,96,6,48,232,249,20,192,0,0,0,0,0,0,0,0
129.010986,128.958282,157,96,6,48,232,249,20,192,0,0,0,0,0,0,0,0
129.175827,129.125412,157,96,6,48,232,249,20,192,0,0,0,0,0,0,0,0
129.285721,129.237473,157,96,6,48,232,249,20,192,0,0,0,0,0,0,0,0
129.450546,129.404251,157,96,6,48,232,249,20,192,0,0,0,0,0,0,0,0
129.560440,129.515839,157,96,6,48,232,249,20,192,0,0,0,0,0,0,0,0
129.725281,129.682968,157,96,6,48,232,249,20,192,0,0,0,0,0,0,0,0
129.835159,129.794708,157,96,6,48,232,249,20,192,0,0,0,0,0,0,0,0
130.000000,129.962158,157,96,6,48,232,249,20,192,0,0,0,0,0,0,0,0
130.109894,130.073944,157,96,6,48,232,249,20,192,0,0,0,0,0,0,0,0
130.274719,130.240921,157,96,6,48,232,249,20,192,0,0,0,0,0,0,0,0
130.384613,130.352829,157,96,6,48,232,249,20,192,0,0,0,0,0,0,0,0
130.549454,130.519699,157,96,6,48,232,249,20,192,0,0,0,0,0,0,0,0
130.714279,130.631714,157,96,6,48,232,249,20,192,0,0,0,0,0,0,0,0
130.824173,130.771423,157,96,6,48,232,249,20,192,0,0,0,0,0,0,0,0
130.989014,130.938248,157,96,6,48,232,249,20,192,0,0,0,0,0,0,0,0
131.098907,131.050400,157,96,6,48,232,249,20,192,0,0,0,0,0,0,0,0
131.263733,131.217026,157,96,6,48,232,249,20,192,0,0,0,0,0,0,0,0
131.373627,131.328873,157,96,6,48,232,249,20,192,0,0,0,0,0,0,0,0
131.538467,131.495804,157,96,6,48,232,249,20,192,0,0,0,0,0,0,0,0
131.648346,131.607758,157,96,6,48,232,249,20,192,0,0,0,0,0,0,0,0
131.813187,131.774933,157,96,6,48,232,249,20,192,0,0,0,0,0,0,0,0
131.923080,131.886948,157,96,6,48,232,249,20,192,0,0,0,0,0,0,0,0
132.087906,132.053711,157,96,6,48,232,249,20,192,0,0,0,0,0,0,0,0
132.197800,132.165863,157,96,6,48,232,249,20,192,0,0,0,0,0,0,0,0
132.362640,132.332687,157,96,6,48,232,249,20,192,0,0,0,0,0,0,0,0
132.527466,132.444489,157,96,6,48,232,249,20,192,0,0,0,0,0,0,0,0
132.637360,132.584305,157,96,6,48,232,249,20,192,0,0,0,0,0,0,0,0
132.802200,132.751450,157,96,6,48,232,249,20,192,0,0,0,0,0,0,0,0
132.912094,132.863129,157,96,6,48,232,249,20,192,0,0,0,0,0,0,0,0
133.076920,133.029968,157,96,6,48,232,249,20,192,0,0,0,0,0,0,0,0
133.186813,133.141968,157,96,6,48,232,249,20,192,0,0,0,0,0,0,0,0
133.351654,133.308731,157,96,6,48,232,249,20,192,0,0,0,0,0,0,0,0
133.461533,133.420959,157,96,6,48,232,249,20,192,0,0,0,0,0,0,0,0
133.626373,133.588028,157,96,6,48,232,249,20,192,0,0,0,0,0,0,0,0
133.736267,133.700180,239,96,6,48,232,249,20,192,0,0,0,0,0,0,0,0
133.901093,133.867264,239,96,6,48,232,249,20,192,0,0,0,0,0,0,0,0
134.010986,133.979004,239,96,6,48,232,249,20,192,0,0,0,0,0,0,0,0
134.175827,134.146393,239,96,6,48,232,249,20,192,0,0,0,0,0,0,0,0
134.340652,134.257935,239,96,6,48,232,249,20,192,0,0,0,0,0,0,0,0
134.450546,134.398788,41,96,6,48,232,249,20,192,0,0,0,0,0,0,0,0
134.615387,134.565659,41,96,6,48,232,249,20,192,0,0,0,0,0,0,0,0
134.725281,134.677765,41,96,6,48,232,249,20,192,0,0,0,0,0,0,0,0
134.890106,134.844482,41,96,6,48,232,249,20,192,0,0,0,0,0,0,0,0
135.000000,134.956589,41,96,6,48,232,249,20,192,0,0,0,0,0,0,0,0
135.164841,135.123520,41,96,6,48,232,249,20,192,0,0,0,0,0,0,0,0
135.274719,135.235977,41,96,6,48,232,249,20,192,0,0,0,0,0,0,0,0
135.439560,135.402863,41,96,6,48,232,249,20,192,0,0,0,0,0,0,0,0
135.549454,135.514450,41,96,6,48,232,249,20,192,0,0,0,0,0,0,0,0
135.714279,135.681473,41,96,6,48,232,249,20,192,0,0,0,0,0,0,0,0
135.824173,135.793213,41,96,6,48,232,249,20,192,0,0,0,0,0,0,0,0
135.989014,135.960312,41,96,6,48,232,249,20,192,0,0,0,0,0,0,0,0
136.153839,136.099976,41,96,6,48,232,249,20,192,0,0,0,0,0,0,0,0
136.263733,136.211975,41,96,6,48,232,249,20,192,0,0,0,0,0,0,0,0
136.428574,136.378845,41,96,6,48,232,249,20,192,0,0,0,0,0,0,0,0
136.538467,136.490997,41,96,6,48,232,249,20,192,0,0,0,0,0,0,0,0
136.703293,136.657822,41,96,6,48,232,249,20,192,0,0,0,0,0,0,0,0
136.813187,136.769989,41,96,6,48,232,249,20,192,0,0,0,0,0,0,0,0
136.978027,136.937119,41,96,6,48,232,249,20,192,0,0,0,0,0,0,0,0
137.087906,137.049164,41,96,6,48,232,249,20,192,0,0,0,0,0,0,0,0
137.252747,137.216156,41,96,6,48,232,249,20,192,0,0,0,0,0,0,0,0
137.362640,137.327682,41,96,6,48,232,249,20,192,0,0,0,0,0,0,0,0
137.527466,137.495224,41,96,6,48,232,249,20,192,0,0,0,0,0,0,0,0
137.692307,137.606766,41,96,6,48,232,249,20,192,0,0,0,0,0,0,0,0
137.802200,137.746948,41,96,6,48,232,249,20,192,0,0,0,0,0,0,0,0
137.967026,137.913681,231,96,6,48,232,249,20,192,0,0,0,0,0,0,0,0
138.076920,138.026398,231,96,6,48,232,249,20,192,0,0,0,0,0,0,0,0
138.241760,138.193268,231,96,6,48,232,249,20,192,0,0,0,0,0,0,0,0
138.351654,138.305374,231,96,6,48,232,249,20,192,0,0,0,0,0,0,0,0
138.516479,138.472565,231,96,6,48,232,249,20,192,0,0,0,0,0,0,0,0
138.626373,138.585114,231,96,6,48,232,249,20,192,0,0,0,0,0,0,0,0
138.791214,138.752258,231,96,6,48,232,249,20,192,0,0,0,0,0,0,0,0
138.901093,138.865067,6,96,6,48,232,249,20,192,0,0,0,0,0,0,0,0
139.065933,139.033020,142,96,6,48,232,249,20,192,0,0,0,0,0,0,0,0
139.230774,139.145233,142,96,6,48,232,249,20,192,0,0,0,0,0,0,0,0
139.340652,139.285461,142,96,6,48,232,249,20,192,0,0,0,0,0,0,0,0
139.505493,139.452484,142,96,6,48,232,249,20,192,0,0,0,0,0,0,0,0
139.615387,139.564438,142,96,6,48,232,249,20,192,0,0,0,0,0,0,0,0
139.780212,139.731781,142,96,6,48,232,249,20,192,0,0,0,0,0,0,0,0
139.890106,139.843933,142,96,6,48,232,249,20,192,0,0,0,0,0,0,0,0
140.054947,140.011063,142,96,6,48,232,249,20,192,0,0,0,0,0,0,0,0
140.164841,140.124298,58,96,6,48,232,249,20,192,0,0,0,0,0,0,0,0
140.329666,140.291321,58,96,6,48,232,249,20,192,0,0,0,0,0,0,0,0
140.439560,140.403168,58,96,6,48,232,249,20,192,0,0,0,0,0,0,0,0
140.604401,140.570404,58,96,6,48,232,249,20,192,0,0,0,0,0,0,0,0
140.714279,140.682404,58,96,6,48,232,249,20,192,0,0,0,0,0,0,0,0
140.879120,140.822388,58,96,6,48,232,249,20,192,0,0,0,0,0,0,0,0
141.043961,140.989471,58,96,6,48,232,249,20,192,0,0,0,0,0,0,0,0
141.153839,141.101410,58,96,6,48,232,249,20,192,0,0,0,0,0,0,0,0
141.318680,141.268860,58,96,6,48,232,249,20,192,0,0,0,0,0,0,0,0
141.428574,141.381729,219,96,6,48,232,249,20,192,0,0,0,0,0,0,0,0
