0.000000,0.000000,110,255,238,255,192,6,65,172,1,0,0,0,0,0,0,0
0.054945,0.033572,110,255,238,255,192,6,65,172,1,0,0,0,0,0,0,0
0.054945,0.067147,111,255,238,255,192,6,65,172,1,0,0,0,0,0,0,0
0.109890,0.100820,111,254,238,255,192,6,65,172,1,0,0,0,0,0,0,0
0.109890,0.134396,111,254,238,255,192,6,66,172,1,0,0,0,0,0,0,0
0.164835,0.168019,111,254,238,255,192,6,66,172,1,0,0,0,0,0,0,0
0.219780,0.201592,111,254,238,255,192,6,66,172,1,0,0,0,0,0,0,0
0.219780,0.235169,111,254,238,255,192,6,66,172,1,0,0,0,0,0,0,0
0.274725,0.268791,111,255,238,255,192,6,66,172,1,0,0,0,0,0,0,0
0.329670,0.302366,111,255,238,255,192,6,66,172,1,0,0,0,0,0,0,0
0.329670,0.335991,111,255,238,255,192,6,66,172,129,0,0,0,0,0,0,0
0.384615,0.370334,111,255,238,255,192,6,66,172,129,0,0,0,0,0,0,0
0.384615,0.403907,111,254,238,255,192,6,66,172,129,0,0,0,0,0,0,0
0.439560,0.437533,111,254,238,255,192,6,66,172,129,0,0,0,0,0,0,0
0.494505,0.471106,111,254,238,255,192,6,66,172,129,0,0,0,0,0,0,0
0.494505,0.506881,111,254,238,255,192,6,66,172,129,0,0,0,0,0,0,0
0.549451,0.540606,111,255,238,255,192,6,66,172,129,0,0,0,0,0,0,0
0.549451,0.576330,111,255,238,255,192,6,66,172,1,0,0,0,0,0,0,0
0.604396,0.610622,111,254,238,255,192,6,64,172,1,0,0,0,0,0,0,0
0.659341,0.644195,111,254,238,255,192,6,64,172,1,0,0,0,0,0,0,0
0.659341,0.677769,111,255,238,255,192,6,64,172,1,0,0,0,0,0,0,0
0.714286,0.711394,111,255,238,255,192,6,64,172,1,0,0,0,0,0,0,0
0.769231,0.745121,111,255,238,255,192,6,64,172,1,0,0,0,0,0,0,0
0.769231,0.778747,111,254,238,255,191,5,61,172,1,0,0,0,0,0,0,0
0.824176,0.812319,111,255,238,255,192,6,61,172,129,0,0,0,0,0,0,0
0.824176,0.846559,111,255,238,255,192,6,62,173,129,0,0,0,0,0,0,0
0.879121,0.880184,111,254,238,255,192,6,62,173,129,0,0,0,0,0,0,0
0.934066,0.913758,111,254,238,255,192,6,62,173,129,0,0,0,0,0,0,0
0.934066,0.947340,111,254,238,255,192,6,62,173,129,0,0,0,0,0,0,0
0.989011,0.980905,111,254,238,255,192,6,62,173,129,0,0,0,0,0,0,0
0.989011,1.014478,111,254,238,255,192,6,62,173,129,0,0,0,0,0,0,0
1.043956,1.048103,111,254,237,255,192,6,62,173,129,0,0,0,0,0,0,0
1.098901,1.081678,111,254,237,255,192,6,62,173,129,0,0,0,0,0,0,0
1.098901,1.115250,111,255,238,255,192,6,60,172,1,0,0,0,0,0,0,0
1.153846,1.149645,111,255,238,255,192,6,60,172,1,0,0,0,0,0,0,0
1.208791,1.183319,111,254,237,255,191,5,62,172,1,0,0,0,0,0,0,0
1.208791,1.216894,111,255,237,255,191,5,62,172,1,0,0,0,0,0,0,0
1.263736,1.250467,111,255,237,255,191,5,62,172,1,0,0,0,0,0,0,0
1.263736,1.284141,111,255,237,255,191,5,62,172,1,0,0,0,0,0,0,0
1.318681,1.317767,111,254,237,255,191,5,62,172,1,0,0,0,0,0,0,0
1.373626,1.351341,111,254,237,255,191,5,62,172,1,0,0,0,0,0,0,0
1.373626,1.384913,111,254,237,255,191,5,62,172,1,0,0,0,0,0,0,0
1.428571,1.418643,111,255,238,255,191,5,62,172,1,0,0,0,0,0,0,0
1.428571,1.452420,111,254,238,255,191,6,60,172,129,0,0,0,0,0,0,0
1.483516,1.486709,111,254,237,255,192,5,58,172,129,0,0,0,0,0,0,0
1.538462,1.520286,111,254,237,255,192,5,58,172,129,0,0,0,0,0,0,0
1.538462,1.553908,111,254,237,255,192,5,58,172,129,0,0,0,0,0,0,0
1.593407,1.587534,111,254,238,255,192,5,58,172,129,0,0,0,0,0,0,0
1.648352,1.621107,111,254,238,255,192,6,61,172,1,0,0,0,0,0,0,0
1.648352,1.657651,111,255,238,255,192,6,61,172,1,0,0,0,0,0,0,0
1.703297,1.691224,111,255,237,255,192,6,61,172,1,0,0,0,0,0,0,0
1.703297,1.724798,111,255,237,255,192,6,61,172,1,0,0,0,0,0,0,0
1.758242,1.758475,111,254,238,255,192,6,61,172,1,0,0,0,0,0,0,0
1.813187,1.792048,111,255,238,255,192,6,61,172,1,0,0,0,0,0,0,0
1.813187,1.825828,111,254,237,255,192,6,61,172,1,0,0,0,0,0,0,0
1.868132,1.859501,111,254,237,255,192,6,62,172,129,0,0,0,0,0,0,0
1.868132,1.893844,111,254,237,255,191,6,61,172,129,0,0,0,0,0,0,0
1.923077,1.927469,110,255,237,255,191,6,61,172,129,0,0,0,0,0,0,0
1.978022,1.961043,110,255,237,255,191,6,61,172,129,0,0,0,0,0,0,0
1.978022,1.994668,111,255,237,255,191,6,61,172,129,0,0,0,0,0,0,0
2.032967,2.028290,110,254,237,255,191,6,61,172,129,0,0,0,0,0,0,0
2.087912,2.061867,110,254,237,255,191,6,61,172,129,0,0,0,0,0,0,0
2.087912,2.095442,110,255,237,255,191,6,61,172,129,0,0,0,0,0,0,0
2.142857,2.129063,110,254,237,255,191,6,61,172,129,0,0,0,0,0,0,0
2.142857,2.162639,110,254,237,255,191,6,61,172,129,0,0,0,0,0,0,0
2.197802,2.196365,111,254,237,255,191,6,61,172,129,0,0,0,0,0,0,0
2.252747,2.229939,111,254,237,255,192,6,58,172,1,0,0,0,0,0,0,0
2.252747,2.264179,111,254,237,255,192,6,58,172,1,0,0,0,0,0,0,0
2.307692,2.297751,111,255,237,255,191,6,67,172,1,0,0,0,0,0,0,0
2.307692,2.331378,111,255,237,255,191,6,67,172,1,0,0,0,0,0,0,0
2.362637,2.365003,111,254,237,255,191,6,67,172,1,0,0,0,0,0,0,0
2.417583,2.398626,111,254,237,255,191,6,67,172,1,0,0,0,0,0,0,0
2.417583,2.432204,111,254,237,255,191,6,67,172,1,0,0,0,0,0,0,0
2.472528,2.465876,111,254,237,255,191,6,67,172,1,0,0,0,0,0,0,0
2.527472,2.499451,111,255,237,255,192,6,59,172,1,0,0,0,0,0,0,0
2.527472,2.533023,111,255,237,255,192,6,59,172,129,0,0,0,0,0,0,0
2.582417,2.567262,110,254,237,255,192,6,59,172,129,0,0,0,0,0,0,0
2.582417,2.600837,110,254,237,255,193,6,57,172,129,0,0,0,0,0,0,0
2.637363,2.636560,110,255,237,255,192,6,59,172,1,0,0,0,0,0,0,0
2.692308,2.670901,110,255,237,255,192,6,59,172,1,0,0,0,0,0,0,0
2.692308,2.704475,110,255,237,255,192,6,59,172,1,0,0,0,0,0,0,0
2.747253,2.738100,110,254,237,255,192,6,59,172,1,0,0,0,0,0,0,0
2.747253,2.771674,110,254,237,255,192,6,59,172,1,0,0,0,0,0,0,0
2.802198,2.805299,110,254,237,255,192,6,59,172,1,0,0,0,0,0,0,0
2.857143,2.838976,110,254,237,255,192,6,59,172,1,0,0,0,0,0,0,0
2.857143,2.872650,110,254,237,255,192,6,59,172,1,0,0,0,0,0,0,0
2.912088,2.906276,110,255,237,255,192,6,59,172,1,0,0,0,0,0,0,0
2.967033,2.939850,110,254,237,255,192,6,59,172,1,0,0,0,0,0,0,0
2.967033,2.973422,110,255,237,255,192,6,59,172,1,0,0,0,0,0,0,0
3.021978,3.006996,110,255,237,255,192,6,59,172,1,0,0,0,0,0,0,0
3.021978,3.040673,110,255,237,255,192,6,59,172,1,0,0,0,0,0,0,0
3.076923,3.074299,110,255,237,255,192,6,59,172,1,0,0,0,0,0,0,0
3.131868,3.107924,110,255,237,255,192,6,59,172,1,0,0,0,0,0,0,0
3.131868,3.141546,110,255,237,255,192,6,59,172,1,0,0,0,0,0,0,0
3.186813,3.175123,110,255,237,255,193,6,53,171,1,0,0,0,0,0,0,0
3.186813,3.208697,110,254,237,255,193,6,53,171,1,0,0,0,0,0,0,0
3.241758,3.242319,110,255,237,255,193,6,53,171,1,0,0,0,0,0,0,0
3.296703,3.275896,110,255,237,255,193,6,53,171,1,0,0,0,0,0,0,0
3.296703,3.309470,110,255,237,255,193,6,54,171,1,0,0,0,0,0,0,0
3.351648,3.343196,110,255,237,255,193,6,54,171,1,0,0,0,0,0,0,0
3.351648,3.376768,110,255,237,255,193,6,54,171,1,0,0,0,0,0,0,0
3.406593,3.410394,110,255,237,255,193,6,54,171,1,0,0,0,0,0,0,0
3.461539,3.443968,110,255,237,255,193,6,54,171,1,0,0,0,0,0,0,0
3.461539,3.477593,110,255,237,255,192,6,54,171,1,0,0,0,0,0,0,0
3.516484,3.511318,110,254,237,255,192,6,51,171,129,0,0,0,0,0,0,0
3.571429,3.545558,110,254,237,255,192,6,51,171,129,0,0,0,0,0,0,0
3.571429,3.579236,110,254,237,255,192,6,51,171,129,0,0,0,0,0,0,0
3.626374,3.612809,110,254,237,255,193,6,55,171,129,0,0,0,0,0,0,0
3.626374,3.646383,110,254,237,255,193,6,55,171,129,0,0,0,0,0,0,0
3.681319,3.680008,110,254,237,255,193,6,55,171,129,0,0,0,0,0,0,0
3.736264,3.715683,110,254,237,255,193,6,55,171,129,0,0,0,0,0,0,0
3.736264,3.749254,110,254,237,255,193,6,55,171,129,0,0,0,0,0,0,0
3.791209,3.784976,110,255,237,255,193,6,55,171,1,0,0,0,0,0,0,0
3.846154,3.821467,110,254,237,255,192,6,56,171,1,0,0,0,0,0,0,0
3.846154,3.857192,110,254,237,255,192,6,56,171,1,0,0,0,0,0,0,0
3.901099,3.892915,110,254,237,255,192,6,56,171,1,0,0,0,0,0,0,0
3.956044,3.928586,110,254,237,255,192,6,56,171,1,0,0,0,0,0,0,0
3.956044,3.964261,110,254,237,255,192,6,56,171,1,0,0,0,0,0,0,0
4.010989,3.999984,110,254,237,255,193,6,54,171,129,0,0,0,0,0,0,0
4.010989,4.034324,110,254,237,255,193,6,54,171,129,0,0,0,0,0,0,0
4.065934,4.067950,110,254,237,255,193,6,54,171,129,0,0,0,0,0,0,0
4.120879,4.101522,110,254,237,255,193,6,54,171,129,0,0,0,0,0,0,0
4.120879,4.135097,110,255,236,255,193,6,54,171,129,0,0,0,0,0,0,0
4.175824,4.168723,110,255,236,255,193,5,54,171,129,0,0,0,0,0,0,0
4.230769,4.202395,110,255,236,255,193,5,54,171,129,0,0,0,0,0,0,0
4.230769,4.236073,110,255,236,255,193,5,54,171,129,0,0,0,0,0,0,0
4.285714,4.269698,110,255,236,255,193,5,54,171,129,0,0,0,0,0,0,0
4.285714,4.303273,110,254,237,255,193,5,54,171,129,0,0,0,0,0,0,0
4.340659,4.336899,110,255,237,255,193,5,54,171,129,0,0,0,0,0,0,0
4.395605,4.370522,110,254,237,255,193,5,54,171,129,0,0,0,0,0,0,0
4.395605,4.404096,110,254,237,255,193,5,54,171,129,0,0,0,0,0,0,0
4.450550,4.437672,110,255,237,255,193,5,54,171,129,0,0,0,0,0,0,0
4.450550,4.471294,110,254,237,255,193,5,54,171,129,0,0,0,0,0,0,0
4.505495,4.505075,110,254,236,255,193,5,54,171,129,0,0,0,0,0,0,0
4.560440,4.538645,110,254,236,255,193,6,58,171,1,0,0,0,0,0,0,0
4.560440,4.572886,110,254,236,255,193,6,58,171,1,0,0,0,0,0,0,0
4.615385,4.606460,110,254,237,255,193,6,58,171,1,0,0,0,0,0,0,0
4.615385,4.640084,110,254,237,255,193,6,58,171,1,0,0,0,0,0,0,0
4.670330,4.673707,110,254,237,255,193,6,58,171,1,0,0,0,0,0,0,0
4.725275,4.707332,110,254,237,255,193,6,58,171,1,0,0,0,0,0,0,0
4.725275,4.740958,110,255,237,255,193,6,58,171,1,0,0,0,0,0,0,0
4.780220,4.774583,110,255,237,255,193,6,58,171,1,0,0,0,0,0,0,0
4.835165,4.808208,110,255,237,255,193,6,58,171,1,0,0,0,0,0,0,0
4.835165,4.841783,110,254,236,255,192,6,58,171,1,0,0,0,0,0,0,0
4.890110,4.875355,110,254,236,255,192,6,58,171,1,0,0,0,0,0,0,0
4.890110,4.908929,110,254,236,255,192,6,58,171,1,0,0,0,0,0,0,0
4.945055,4.942655,110,254,236,255,192,6,59,171,1,0,0,0,0,0,0,0
5.000000,4.976228,110,254,236,255,192,6,59,171,1,0,0,0,0,0,0,0
5.000000,5.009854,110,255,237,255,192,6,58,171,1,0,0,0,0,0,0,0
5.054945,5.043427,109,255,237,255,193,6,58,171,1,0,0,0,0,0,0,0
5.054945,5.079152,110,254,237,255,193,6,57,171,1,0,0,0,0,0,0,0
5.109890,5.112777,110,255,237,255,193,6,57,171,1,0,0,0,0,0,0,0
5.164835,5.148451,110,255,237,255,193,6,57,171,1,0,0,0,0,0,0,0
5.164835,5.184171,110,254,237,255,193,6,57,171,1,0,0,0,0,0,0,0
5.219780,5.219997,110,255,237,255,193,6,57,171,1,0,0,0,0,0,0,0
5.274725,5.255722,110,255,237,255,193,6,57,171,1,0,0,0,0,0,0,0
5.274725,5.291446,110,255,237,255,193,6,57,171,1,0,0,0,0,0,0,0
5.329670,5.327219,110,255,237,255,193,6,57,171,1,0,0,0,0,0,0,0
5.384615,5.362944,110,254,237,255,193,6,57,171,1,0,0,0,0,0,0,0
5.384615,5.398665,110,254,237,255,191,6,57,171,1,0,0,0,0,0,0,0
5.439560,5.434492,110,254,237,255,191,6,57,171,1,0,0,0,0,0,0,0
5.494505,5.470316,109,255,236,255,191,6,57,171,1,0,0,0,0,0,0,0
5.494505,5.506040,109,255,236,255,191,6,57,171,1,0,0,0,0,0,0,0
5.549450,5.541767,110,255,236,255,191,6,57,171,1,0,0,0,0,0,0,0
5.604395,5.577538,110,254,236,255,191,6,57,171,1,0,0,0,0,0,0,0
5.604395,5.613363,110,255,236,255,191,6,57,171,1,0,0,0,0,0,0,0
5.659341,5.649087,110,255,236,255,192,6,61,171,1,0,0,0,0,0,0,0
5.714286,5.684862,110,255,236,255,192,6,61,171,1,0,0,0,0,0,0,0
5.714286,5.720583,110,255,237,255,192,6,55,171,129,0,0,0,0,0,0,0
5.769231,5.754822,109,254,237,255,192,6,55,171,129,0,0,0,0,0,0,0
5.769231,5.788395,109,254,237,255,192,6,55,171,129,0,0,0,0,0,0,0
5.824176,5.822021,109,255,237,255,192,6,55,171,129,0,0,0,0,0,0,0
5.879121,5.855595,109,255,237,255,192,6,55,171,129,0,0,0,0,0,0,0
5.879121,5.889168,110,255,237,255,192,6,55,171,129,0,0,0,0,0,0,0
5.934066,5.922793,110,255,237,255,192,6,55,171,129,0,0,0,0,0,0,0
5.934066,5.956523,110,255,237,255,192,6,55,171,129,0,0,0,0,0,0,0
5.989011,5.990145,110,254,237,255,192,6,55,171,129,0,0,0,0,0,0,0
6.043956,6.023722,110,254,237,255,192,6,55,171,129,0,0,0,0,0,0,0
6.043956,6.057295,110,255,237,255,192,6,55,171,129,0,0,0,0,0,0,0
6.098901,6.090920,110,255,237,255,192,6,55,171,129,0,0,0,0,0,0,0
6.153846,6.124595,110,255,237,255,192,6,55,171,129,0,0,0,0,0,0,0
6.153846,6.158170,110,255,237,255,192,6,55,171,129,0,0,0,0,0,0,0
6.208791,6.191796,110,255,237,255,192,6,55,171,129,0,0,0,0,0,0,0
6.208791,6.225419,110,255,237,255,192,6,55,171,129,0,0,0,0,0,0,0
6.263736,6.259044,110,255,237,255,192,6,55,171,129,0,0,0,0,0,0,0
6.318681,6.292617,110,255,237,255,192,6,55,171,129,0,0,0,0,0,0,0
6.318681,6.326191,110,254,236,255,192,6,59,171,129,0,0,0,0,0,0,0
6.373626,6.359817,110,255,236,255,192,6,59,171,129,0,0,0,0,0,0,0
6.373626,6.393444,110,255,236,255,192,6,59,171,129,0,0,0,0,0,0,0
6.428571,6.427168,110,254,236,255,192,6,59,171,129,0,0,0,0,0,0,0
6.483517,6.460794,110,254,236,255,192,6,58,171,129,0,0,0,0,0,0,0
6.483517,6.494419,110,255,236,255,192,6,58,171,129,0,0,0,0,0,0,0
6.538462,6.527992,110,254,236,255,192,6,58,171,129,0,0,0,0,0,0,0
6.538462,6.561566,110,255,236,255,192,6,58,171,129,0,0,0,0,0,0,0
6.593407,6.595294,110,255,236,255,192,6,58,171,129,0,0,0,0,0,0,0
6.648352,6.628865,110,255,236,255,192,6,58,171,129,0,0,0,0,0,0,0
6.648352,6.662441,110,254,236,255,192,6,58,171,129,0,0,0,0,0,0,0
6.703297,6.696065,110,255,236,255,192,6,58,171,129,0,0,0,0,0,0,0
6.758242,6.729638,110,255,236,255,192,6,58,171,129,0,0,0,0,0,0,0
6.758242,6.763214,110,255,236,255,192,6,58,171,129,0,0,0,0,0,0,0
6.813187,6.798885,110,254,236,255,192,6,58,171,129,0,0,0,0,0,0,0
6.813187,6.832509,110,254,236,255,192,6,58,171,129,0,0,0,0,0,0,0
6.868132,6.868235,110,255,236,255,192,6,57,171,129,0,0,0,0,0,0,0
6.923077,6.903903,110,254,236,255,192,6,62,171,129,0,0,0,0,0,0,0
6.923077,6.939628,110,254,236,255,192,6,62,171,129,0,0,0,0,0,0,0
6.978022,6.975352,110,255,236,255,192,6,62,171,129,0,0,0,0,0,0,0
7.032967,7.011027,110,255,236,255,192,6,62,171,129,0,0,0,0,0,0,0
7.032967,7.046799,110,255,236,255,192,6,62,171,129,0,0,0,0,0,0,0
7.087912,7.082520,110,255,236,255,192,6,62,171,129,0,0,0,0,0,0,0
7.142857,7.118245,110,255,236,255,192,6,62,171,129,0,0,0,0,0,0,0
7.142857,7.154019,110,255,236,255,192,6,62,171,129,0,0,0,0,0,0,0
7.197802,7.189744,110,255,236,255,192,6,62,171,129,0,0,0,0,0,0,0
7.252747,7.225467,110,254,236,255,192,6,62,171,129,0,0,0,0,0,0,0
7.252747,7.261189,110,254,236,255,192,6,62,171,129,0,0,0,0,0,0,0
7.307693,7.296861,110,254,236,255,192,6,62,171,129,0,0,0,0,0,0,0
7.362638,7.332585,110,255,236,255,192,6,62,171,129,0,0,0,0,0,0,0
7.362638,7.368307,110,255,236,255,192,6,62,171,129,0,0,0,0,0,0,0
7.417583,7.404086,110,255,236,255,192,6,62,171,129,0,0,0,0,0,0,0
7.417583,7.439805,110,254,236,255,192,6,62,171,129,0,0,0,0,0,0,0
7.472528,7.475533,110,254,236,255,192,6,62,171,129,0,0,0,0,0,0,0
7.527472,7.511251,110,254,236,255,192,6,62,171,129,0,0,0,0,0,0,0
7.527472,7.546978,110,254,236,255,192,6,62,171,129,0,0,0,0,0,0,0
7.582417,7.582701,110,254,236,255,192,6,62,171,129,0,0,0,0,0,0,0
7.637362,7.618369,110,254,236,255,192,6,62,171,129,0,0,0,0,0,0,0
7.637362,7.654145,110,254,236,255,192,6,62,171,129,0,0,0,0,0,0,0
7.692307,7.689867,110,254,236,255,192,6,62,171,129,0,0,0,0,0,0,0
7.747253,7.725593,110,254,236,255,192,6,62,171,129,0,0,0,0,0,0,0
7.747253,7.761418,110,255,236,255,192,6,62,171,129,0,0,0,0,0,0,0
7.802198,7.797141,110,255,236,255,192,6,62,171,129,0,0,0,0,0,0,0
7.857143,7.832814,110,255,236,255,192,6,62,171,129,0,0,0,0,0,0,0
7.857143,7.868536,110,254,236,255,192,6,62,171,129,0,0,0,0,0,0,0
7.912088,7.904260,110,255,236,255,192,6,62,171,129,0,0,0,0,0,0,0
7.967033,7.939933,110,255,236,255,192,6,62,171,129,0,0,0,0,0,0,0
7.967033,7.975654,110,255,236,255,192,6,62,171,129,0,0,0,0,0,0,0
8.021978,8.011432,110,255,236,255,192,6,62,171,129,0,0,0,0,0,0,0
8.076923,8.047153,110,255,236,255,192,6,62,171,129,0,0,0,0,0,0,0
8.076923,8.082878,110,255,236,255,192,6,62,171,129,0,0,0,0,0,0,0
8.131868,8.118650,110,255,236,255,192,6,62,171,129,0,0,0,0,0,0,0
8.131868,8.154375,110,255,236,255,192,6,62,171,129,0,0,0,0,0,0,0
8.186813,8.190098,110,255,236,255,192,6,62,171,129,0,0,0,0,0,0,0
8.241758,8.225821,110,255,236,255,192,6,62,171,129,0,0,0,0,0,0,0
8.241758,8.261544,110,255,236,255,192,6,62,171,129,0,0,0,0,0,0,0
8.296703,8.297267,110,254,235,255,192,5,61,171,129,0,0,0,0,0,0,0
8.351648,8.332991,110,255,235,255,192,5,61,171,1,0,0,0,0,0,0,0
8.351648,8.369328,110,254,236,255,192,5,61,171,1,0,0,0,0,0,0,0
8.406593,8.405050,110,254,236,255,192,6,57,171,1,0,0,0,0,0,0,0
8.461538,8.440825,110,254,236,255,192,6,57,171,1,0,0,0,0,0,0,0
8.461538,8.476497,110,254,236,255,192,6,57,171,1,0,0,0,0,0,0,0
8.516483,8.512223,110,254,236,255,192,6,57,171,1,0,0,0,0,0,0,0
8.571428,8.547942,110,255,236,255,192,6,60,171,129,0,0,0,0,0,0,0
8.571428,8.584333,110,254,236,255,192,6,60,171,129,0,0,0,0,0,0,0
8.626373,8.620056,110,254,236,255,192,6,60,171,129,0,0,0,0,0,0,0
8.681318,8.655780,110,254,236,255,192,6,60,171,129,0,0,0,0,0,0,0
8.681318,8.691503,110,254,236,255,192,6,60,171,129,0,0,0,0,0,0,0
8.736263,8.727225,110,254,236,255,192,6,60,171,129,0,0,0,0,0,0,0
8.791209,8.762949,110,254,236,255,192,6,60,171,129,0,0,0,0,0,0,0
8.791209,8.798778,110,254,236,255,192,6,60,171,129,0,0,0,0,0,0,0
8.846154,8.834496,110,254,236,255,192,6,60,171,129,0,0,0,0,0,0,0
8.901099,8.870223,110,254,236,255,192,6,60,171,129,0,0,0,0,0,0,0
8.901099,8.905942,110,254,236,255,192,6,60,171,129,0,0,0,0,0,0,0
8.956044,8.941615,110,254,236,255,192,6,60,171,129,0,0,0,0,0,0,0
8.956044,8.977340,110,255,236,255,192,6,60,171,129,0,0,0,0,0,0,0
9.010989,9.013061,110,255,236,255,192,6,60,171,129,0,0,0,0,0,0,0
9.065934,9.048839,110,255,236,255,192,6,60,171,129,0,0,0,0,0,0,0
9.065934,9.084558,110,254,236,255,193,6,62,171,129,0,0,0,0,0,0,0
9.120879,9.118184,110,254,236,255,193,6,62,171,129,0,0,0,0,0,0,0
9.175824,9.151757,110,254,236,255,192,6,62,171,129,0,0,0,0,0,0,0
9.175824,9.185487,110,254,236,255,192,6,59,171,129,0,0,0,0,0,0,0
9.230769,9.219062,110,254,236,255,192,6,59,171,129,0,0,0,0,0,0,0
9.230769,9.252687,110,254,236,255,192,6,59,171,129,0,0,0,0,0,0,0
9.285714,9.286308,110,254,236,255,192,6,59,171,129,0,0,0,0,0,0,0
9.340659,9.319884,110,254,236,255,192,6,59,171,129,0,0,0,0,0,0,0
9.340659,9.353458,110,254,236,255,192,6,59,171,129,0,0,0,0,0,0,0
9.395604,9.387085,110,254,236,255,192,6,59,171,129,0,0,0,0,0,0,0
9.450549,9.420657,110,254,236,255,192,6,59,171,129,0,0,0,0,0,0,0
9.450549,9.454279,110,254,236,255,192,6,59,171,129,0,0,0,0,0,0,0
9.505494,9.487856,110,254,236,255,192,6,59,171,129,0,0,0,0,0,0,0
9.505494,9.521429,110,255,236,255,192,6,59,171,129,0,0,0,0,0,0,0
9.560439,9.555051,110,255,236,255,192,6,59,171,129,0,0,0,0,0,0,0
9.615385,9.588628,110,254,236,255,192,6,59,171,129,0,0,0,0,0,0,0
9.615385,9.622251,110,254,235,255,192,5,66,171,129,0,0,0,0,0,0,0
9.670330,9.655929,110,254,235,255,192,5,66,171,129,0,0,0,0,0,0,0
9.670330,9.689501,110,255,235,255,192,5,66,171,129,0,0,0,0,0,0,0
9.725275,9.723126,110,254,236,255,192,5,66,171,129,0,0,0,0,0,0,0
9.780220,9.756701,110,255,236,255,192,6,66,171,129,0,0,0,0,0,0,0
9.780220,9.790378,110,255,236,255,192,6,66,171,129,0,0,0,0,0,0,0
9.835165,9.824052,110,254,235,255,192,6,66,171,129,0,0,0,0,0,0,0
9.835165,9.857626,110,255,235,255,192,6,58,171,129,0,0,0,0,0,0,0
9.890110,9.891252,109,255,235,255,192,6,58,171,1,0,0,0,0,0,0,0
9.945055,9.925591,109,254,235,255,192,6,58,171,1,0,0,0,0,0,0,0
9.945055,9.959167,109,255,235,255,192,6,57,171,1,0,0,0,0,0,0,0
10.000000,9.992790,109,255,235,255,191,6,58,171,1,0,0,0,0,0,0,0
10.054945,10.026366,110,255,235,255,191,6,58,171,1,0,0,0,0,0,0,0
10.054945,10.059940,109,254,235,255,191,6,58,171,1,0,0,0,0,0,0,0
10.109890,10.093616,109,254,235,255,191,6,58,171,1,0,0,0,0,0,0,0
10.109890,10.127188,109,254,236,255,191,6,58,171,1,0,0,0,0,0,0,0
10.164835,10.162912,109,254,236,255,193,6,55,170,129,0,0,0,0,0,0,0
10.219780,10.197151,109,254,236,255,193,6,55,170,129,0,0,0,0,0,0,0
10.219780,10.232874,109,254,236,255,193,6,55,170,129,0,0,0,0,0,0,0
10.274725,10.268598,109,254,236,255,193,6,54,170,129,0,0,0,0,0,0,0
10.329670,10.304270,109,254,235,255,194,5,54,170,129,0,0,0,0,0,0,0
10.329670,10.337843,109,254,235,255,194,5,55,170,129,0,0,0,0,0,0,0
10.384615,10.371417,109,255,235,255,194,5,55,170,129,0,0,0,0,0,0,0
10.384615,10.405043,109,255,235,255,193,6,56,170,1,0,0,0,0,0,0,0
10.439561,10.439436,109,254,235,255,193,6,56,170,1,0,0,0,0,0,0,0
10.494506,10.473008,109,255,236,255,192,6,56,170,1,0,0,0,0,0,0,0
10.494506,10.506582,109,254,236,255,192,6,56,170,1,0,0,0,0,0,0,0
10.549451,10.540209,109,255,236,255,192,6,56,170,1,0,0,0,0,0,0,0
10.604396,10.573833,109,255,236,255,192,6,56,170,1,0,0,0,0,0,0,0
10.604396,10.607407,109,255,236,255,192,6,56,170,1,0,0,0,0,0,0,0
10.659341,10.640980,109,254,235,255,193,6,57,170,1,0,0,0,0,0,0,0
10.659341,10.674604,109,254,235,255,193,6,57,170,129,0,0,0,0,0,0,0
10.714286,10.708945,109,254,235,255,193,6,57,170,129,0,0,0,0,0,0,0
10.769231,10.742623,109,255,235,255,193,6,57,170,129,0,0,0,0,0,0,0
10.769231,10.776196,109,255,235,255,193,6,56,170,129,0,0,0,0,0,0,0
10.824176,10.809822,109,255,235,255,193,6,56,170,129,0,0,0,0,0,0,0
10.824176,10.843498,109,254,236,255,193,5,54,170,129,0,0,0,0,0,0,0
10.879121,10.877122,109,254,236,255,193,5,54,170,129,0,0,0,0,0,0,0
10.934066,10.910799,109,254,235,255,193,5,54,170,129,0,0,0,0,0,0,0
10.934066,10.944528,109,254,235,255,193,5,54,170,129,0,0,0,0,0,0,0
10.989011,10.978202,109,254,235,255,193,5,54,170,129,0,0,0,0,0,0,0
10.989011,11.011877,109,254,236,255,193,6,54,170,1,0,0,0,0,0,0,0
11.043956,11.046170,109,254,236,255,193,6,54,170,1,0,0,0,0,0,0,0
11.098901,11.079843,109,254,235,255,193,6,54,170,1,0,0,0,0,0,0,0
11.098901,11.113416,109,254,235,255,193,6,54,170,1,0,0,0,0,0,0,0
11.153846,11.147040,109,254,235,255,193,6,54,170,1,0,0,0,0,0,0,0
11.208791,11.180666,109,254,235,255,193,6,54,170,1,0,0,0,0,0,0,0
11.208791,11.214241,109,254,235,255,193,6,54,170,1,0,0,0,0,0,0,0
11.263737,11.247917,109,254,235,255,193,6,54,170,1,0,0,0,0,0,0,0
11.263737,11.281491,109,254,235,255,193,6,54,170,1,0,0,0,0,0,0,0
11.318682,11.315118,109,254,235,255,193,6,54,170,1,0,0,0,0,0,0,0
11.373627,11.348689,109,254,235,255,193,6,54,170,1,0,0,0,0,0,0,0
11.373627,11.384515,109,254,235,255,193,6,54,170,1,0,0,0,0,0,0,0
11.428572,11.418140,109,254,235,255,193,6,54,170,1,0,0,0,0,0,0,0
11.483517,11.453813,109,255,235,255,194,6,54,170,1,0,0,0,0,0,0,0
11.483517,11.489534,109,254,235,255,194,6,57,170,1,0,0,0,0,0,0,0
11.538462,11.523108,109,255,235,255,194,6,57,170,1,0,0,0,0,0,0,0
11.538462,11.556786,109,255,235,255,194,6,57,170,1,0,0,0,0,0,0,0
11.593407,11.590410,109,254,235,255,194,6,57,170,1,0,0,0,0,0,0,0
11.648352,11.624085,109,255,235,255,191,6,61,170,1,0,0,0,0,0,0,0
11.648352,11.657762,109,255,235,255,191,6,61,170,1,0,0,0,0,0,0,0
11.703297,11.691440,109,255,235,255,191,6,61,170,1,0,0,0,0,0,0,0
11.703297,11.725114,109,254,235,255,191,6,61,170,1,0,0,0,0,0,0,0
11.758242,11.758739,109,254,235,255,191,6,60,170,129,0,0,0,0,0,0,0
11.813187,11.792980,109,254,235,255,191,6,60,170,129,0,0,0,0,0,0,0
11.813187,11.826604,109,255,235,255,192,6,58,170,129,0,0,0,0,0,0,0
11.868132,11.860231,109,255,235,255,192,6,58,170,129,0,0,0,0,0,0,0
11.923077,11.893803,109,255,235,255,192,6,58,170,129,0,0,0,0,0,0,0
11.923077,11.927478,109,255,235,255,192,6,58,170,129,0,0,0,0,0,0,0
11.978022,11.961155,109,255,235,255,192,6,58,170,129,0,0,0,0,0,0,0
11.978022,11.994727,109,255,235,255,192,6,58,170,129,0,0,0,0,0,0,0
12.032967,12.028354,109,255,235,255,192,6,58,170,129,0,0,0,0,0,0,0
12.087913,12.061928,109,254,235,255,192,6,58,170,129,0,0,0,0,0,0,0
12.087913,12.095554,109,254,235,255,192,6,58,170,129,0,0,0,0,0,0,0
12.142858,12.129176,109,254,235,255,192,6,58,170,129,0,0,0,0,0,0,0
12.142858,12.162751,109,254,235,255,192,6,58,170,129,0,0,0,0,0,0,0
12.197803,12.196374,109,254,235,255,192,6,59,170,129,0,0,0,0,0,0,0
12.252748,12.230103,109,254,235,255,192,6,59,170,1,0,0,0,0,0,0,0
12.252748,12.264394,109,254,235,255,192,6,59,170,1,0,0,0,0,0,0,0
12.307693,12.298017,109,254,235,255,192,6,59,170,1,0,0,0,0,0,0,0
12.362638,12.331642,109,254,235,255,193,6,62,170,129,0,0,0,0,0,0,0
12.362638,12.365882,109,254,235,255,193,6,62,170,129,0,0,0,0,0,0,0
12.417583,12.399456,109,254,235,255,193,6,62,170,129,0,0,0,0,0,0,0
12.417583,12.433083,109,254,235,255,193,6,62,170,129,0,0,0,0,0,0,0
12.472528,12.466808,109,254,235,255,193,6,62,170,129,0,0,0,0,0,0,0
12.527472,12.500380,109,254,235,255,193,6,62,170,129,0,0,0,0,0,0,0
12.527472,12.534006,109,254,235,255,193,6,62,170,129,0,0,0,0,0,0,0
12.582417,12.569731,109,254,235,255,193,6,62,170,129,0,0,0,0,0,0,0
12.637362,12.603456,109,255,235,255,193,6,62,170,129,0,0,0,0,0,0,0
12.637362,12.639184,109,255,235,255,193,6,62,170,129,0,0,0,0,0,0,0
12.692307,12.674850,109,255,235,255,193,6,62,170,129,0,0,0,0,0,0,0
12.692307,12.710524,109,255,235,255,193,6,62,170,129,0,0,0,0,0,0,0
12.747252,12.746247,109,255,235,255,193,6,62,170,129,0,0,0,0,0,0,0
12.802197,12.781920,109,254,235,255,192,5,66,170,1,0,0,0,0,0,0,0
12.802197,12.818307,109,254,235,255,192,5,66,170,1,0,0,0,0,0,0,0
12.857142,12.854081,109,254,235,255,192,5,66,170,1,0,0,0,0,0,0,0
12.912087,12.889910,109,254,235,255,193,5,66,170,1,0,0,0,0,0,0,0
12.912087,12.925683,109,254,235,255,193,6,66,170,129,0,0,0,0,0,0,0
12.967033,12.962070,109,254,235,255,193,6,66,170,129,0,0,0,0,0,0,0
13.021978,12.997895,109,254,235,255,193,6,66,170,129,0,0,0,0,0,0,0
13.021978,13.033620,109,254,235,255,193,6,66,170,129,0,0,0,0,0,0,0
13.076923,13.069345,109,255,235,255,192,6,62,170,129,0,0,0,0,0,0,0
13.131868,13.102967,109,255,235,255,192,6,62,170,129,0,0,0,0,0,0,0
13.131868,13.136541,109,254,235,255,192,6,62,170,129,0,0,0,0,0,0,0
13.186813,13.170167,109,254,235,255,192,6,62,170,129,0,0,0,0,0,0,0
13.186813,13.203897,109,254,235,255,192,6,62,170,129,0,0,0,0,0,0,0
13.241758,13.237521,109,254,235,255,192,6,62,170,129,0,0,0,0,0,0,0
13.296703,13.271195,109,254,235,255,192,6,62,170,129,0,0,0,0,0,0,0
13.296703,13.304873,109,254,235,255,193,6,63,170,129,0,0,0,0,0,0,0
13.351648,13.338547,109,255,235,255,192,6,63,170,1,0,0,0,0,0,0,0
13.351648,13.372787,109,255,235,255,192,6,62,170,1,0,0,0,0,0,0,0
13.406593,13.406414,109,255,235,255,192,6,62,170,1,0,0,0,0,0,0,0
13.461538,13.439984,109,254,235,255,192,6,62,170,1,0,0,0,0,0,0,0
13.461538,13.473610,109,254,235,255,192,6,62,170,1,0,0,0,0,0,0,0
13.516483,13.507183,109,254,235,255,192,6,62,170,1,0,0,0,0,0,0,0
13.571428,13.540860,109,254,235,255,192,6,62,170,1,0,0,0,0,0,0,0
13.571428,13.574484,109,254,235,255,192,6,62,170,1,0,0,0,0,0,0,0
13.626373,13.608061,109,254,235,255,192,6,62,170,1,0,0,0,0,0,0,0
13.626373,13.641682,109,254,235,255,192,6,62,170,1,0,0,0,0,0,0,0
13.681318,13.675307,109,255,235,255,193,6,62,170,1,0,0,0,0,0,0,0
13.736263,13.708984,109,255,235,255,193,6,62,170,1,0,0,0,0,0,0,0
13.736263,13.742558,109,254,235,255,193,6,62,170,1,0,0,0,0,0,0,0
13.791209,13.776132,109,254,235,255,193,6,62,170,1,0,0,0,0,0,0,0
13.791209,13.809758,109,254,235,255,193,6,62,170,1,0,0,0,0,0,0,0
13.846154,13.843431,109,254,235,255,191,6,60,170,1,0,0,0,0,0,0,0
13.901099,13.877009,109,254,235,255,191,6,60,170,1,0,0,0,0,0,0,0
13.901099,13.910582,109,254,235,255,191,6,60,170,1,0,0,0,0,0,0,0
13.956044,13.944156,109,254,235,255,191,6,60,170,1,0,0,0,0,0,0,0
13.956044,13.977781,109,254,235,255,191,6,60,170,1,0,0,0,0,0,0,0
14.010989,14.011455,109,254,235,255,191,6,60,170,1,0,0,0,0,0,0,0
14.065934,14.045028,109,255,235,255,193,6,62,170,1,0,0,0,0,0,0,0
14.065934,14.078605,109,255,235,255,193,6,62,170,129,0,0,0,0,0,0,0
14.120879,14.112894,109,254,235,255,193,6,62,170,129,0,0,0,0,0,0,0
14.175824,14.148770,109,254,235,255,193,6,62,170,129,0,0,0,0,0,0,0
14.175824,14.182344,109,255,235,255,192,6,63,170,129,0,0,0,0,0,0,0
14.230769,14.218017,109,255,235,255,192,6,63,170,129,0,0,0,0,0,0,0
14.285714,14.253737,109,255,235,255,192,6,63,170,129,0,0,0,0,0,0,0
14.285714,14.289463,109,255,235,255,192,6,63,170,129,0,0,0,0,0,0,0
14.340659,14.325135,109,255,235,255,192,6,62,170,1,0,0,0,0,0,0,0
14.340659,14.359376,109,254,235,255,192,6,62,170,1,0,0,0,0,0,0,0
14.395604,14.392998,109,254,235,255,192,6,62,170,1,0,0,0,0,0,0,0
14.450549,14.426622,109,254,235,255,192,6,62,170,1,0,0,0,0,0,0,0
14.450549,14.460198,109,254,235,255,192,6,62,170,1,0,0,0,0,0,0,0
14.505494,14.493873,109,254,235,255,192,6,62,170,1,0,0,0,0,0,0,0
14.505494,14.527447,109,255,235,255,192,6,62,170,1,0,0,0,0,0,0,0
14.560439,14.561073,109,255,235,255,192,6,62,170,1,0,0,0,0,0,0,0
14.615385,14.594646,109,255,235,255,192,6,62,170,1,0,0,0,0,0,0,0
14.615385,14.628219,109,255,235,255,192,6,62,170,1,0,0,0,0,0,0,0
14.670330,14.661944,109,255,235,255,192,6,62,170,1,0,0,0,0,0,0,0
14.725275,14.695622,109,255,235,255,192,6,62,170,1,0,0,0,0,0,0,0
14.725275,14.729248,109,255,235,255,192,6,62,170,1,0,0,0,0,0,0,0
14.780220,14.762821,109,255,235,255,192,6,62,170,1,0,0,0,0,0,0,0
14.780220,14.796394,109,255,235,255,192,6,62,170,1,0,0,0,0,0,0,0
14.835165,14.830022,110,255,235,255,192,6,62,170,1,0,0,0,0,0,0,0
14.890110,14.863647,109,254,235,255,194,6,62,170,1,0,0,0,0,0,0,0
14.890110,14.897272,109,255,235,255,194,6,63,170,1,0,0,0,0,0,0,0
14.945055,14.930844,109,255,235,255,193,6,66,171,1,0,0,0,0,0,0,0
14.945055,14.964418,109,255,235,255,193,6,62,170,1,0,0,0,0,0,0,0
15.000000,14.998044,109,255,235,255,193,6,62,170,1,0,0,0,0,0,0,0
15.054945,15.031616,109,255,235,255,193,6,62,170,1,0,0,0,0,0,0,0
15.054945,15.065191,109,254,235,255,193,6,62,170,1,0,0,0,0,0,0,0
15.109890,15.098817,109,254,235,255,193,6,63,170,129,0,0,0,0,0,0,0
15.164835,15.133158,109,254,235,255,193,6,63,170,129,0,0,0,0,0,0,0
15.164835,15.166783,109,255,235,255,193,6,63,170,129,0,0,0,0,0,0,0
15.219780,15.200407,109,254,235,255,192,5,62,170,129,0,0,0,0,0,0,0
15.219780,15.233980,109,254,235,255,191,6,62,170,129,0,0,0,0,0,0,0
15.274725,15.267606,109,254,235,255,191,6,61,170,129,0,0,0,0,0,0,0
15.329670,15.301179,109,254,235,255,192,6,63,170,129,0,0,0,0,0,0,0
15.329670,15.334752,109,254,235,255,192,6,63,170,129,0,0,0,0,0,0,0
15.384615,15.368326,109,254,235,255,191,5,63,171,1,0,0,0,0,0,0,0
15.384615,15.404661,109,255,235,255,192,6,61,171,1,0,0,0,0,0,0,0
15.439561,15.438287,109,254,235,255,192,6,61,171,1,0,0,0,0,0,0,0
15.494506,15.471964,109,254,235,255,192,6,61,171,1,0,0,0,0,0,0,0
15.494506,15.505639,109,255,235,255,191,6,63,171,1,0,0,0,0,0,0,0
15.549451,15.539368,109,255,235,255,191,6,63,171,1,0,0,0,0,0,0,0
15.604396,15.572993,109,254,235,255,191,6,63,171,1,0,0,0,0,0,0,0
15.604396,15.606566,110,255,235,255,192,6,63,171,1,0,0,0,0,0,0,0
15.659341,15.640140,109,255,235,255,192,6,63,170,129,0,0,0,0,0,0,0
15.659341,15.674379,109,255,235,255,192,6,63,170,129,0,0,0,0,0,0,0
15.714286,15.708006,109,255,235,255,192,6,63,170,129,0,0,0,0,0,0,0
15.769231,15.741579,109,255,235,255,192,6,63,170,129,0,0,0,0,0,0,0
15.769231,15.775252,109,255,235,255,193,6,61,171,129,0,0,0,0,0,0,0
15.824176,15.808929,110,255,235,255,193,6,61,171,129,0,0,0,0,0,0,0
15.824176,15.842556,110,255,235,255,193,6,61,171,129,0,0,0,0,0,0,0
15.879121,15.876178,110,255,235,255,193,6,61,171,129,0,0,0,0,0,0,0
15.934066,15.909757,110,255,235,255,193,6,61,171,129,0,0,0,0,0,0,0
15.934066,15.943328,110,255,235,255,193,6,61,171,129,0,0,0,0,0,0,0
15.989011,15.977003,109,255,235,255,193,5,57,171,129,0,0,0,0,0,0,0
15.989011,16.010576,109,254,235,255,193,5,57,170,1,0,0,0,0,0,0,0
16.043957,16.044970,109,254,235,255,193,5,57,170,1,0,0,0,0,0,0,0
16.098902,16.078545,109,254,235,255,192,5,58,170,1,0,0,0,0,0,0,0
16.098902,16.112118,109,254,235,255,192,5,58,170,1,0,0,0,0,0,0,0
16.153847,16.145742,109,254,235,255,192,5,58,170,1,0,0,0,0,0,0,0
16.208792,16.179317,109,254,235,255,192,5,58,170,1,0,0,0,0,0,0,0
16.208792,16.212938,109,255,235,255,192,5,61,170,129,0,0,0,0,0,0,0
16.263737,16.247179,109,254,235,255,192,5,61,170,129,0,0,0,0,0,0,0
16.263737,16.280752,109,254,235,255,192,5,61,170,129,0,0,0,0,0,0,0
16.318682,16.314482,109,255,235,255,192,5,61,170,129,0,0,0,0,0,0,0
16.373627,16.348106,109,255,235,255,192,5,61,170,129,0,0,0,0,0,0,0
16.373627,16.381680,109,255,235,255,193,5,61,170,129,0,0,0,0,0,0,0
16.428572,16.415255,109,255,235,255,193,6,61,170,129,0,0,0,0,0,0,0
16.428572,16.448830,109,255,235,255,193,6,61,170,129,0,0,0,0,0,0,0
16.483517,16.482502,109,254,235,255,193,6,61,170,129,0,0,0,0,0,0,0
16.538462,16.516077,109,254,235,255,193,6,61,170,129,0,0,0,0,0,0,0
16.538462,16.549652,109,254,235,255,193,6,61,170,129,0,0,0,0,0,0,0
16.593407,16.583275,109,254,235,255,193,6,61,170,129,0,0,0,0,0,0,0
16.648352,16.616850,109,254,235,255,193,6,61,170,129,0,0,0,0,0,0,0
16.648352,16.650473,109,254,235,255,193,6,61,170,129,0,0,0,0,0,0,0
16.703297,16.684048,109,255,235,255,193,6,61,170,129,0,0,0,0,0,0,0
16.703297,16.717623,109,255,235,255,193,6,61,170,129,0,0,0,0,0,0,0
16.758242,16.751245,109,255,235,255,192,6,61,170,129,0,0,0,0,0,0,0
16.813187,16.784819,109,255,235,255,192,6,66,170,129,0,0,0,0,0,0,0
16.813187,16.818600,109,255,235,255,192,6,66,170,129,0,0,0,0,0,0,0
16.868132,16.852222,109,254,235,255,192,6,66,170,129,0,0,0,0,0,0,0
16.868132,16.885796,109,254,235,255,192,6,66,170,129,0,0,0,0,0,0,0
16.923077,16.919422,109,254,234,255,192,6,66,170,129,0,0,0,0,0,0,0
16.978022,16.952995,109,254,234,255,192,6,66,170,129,0,0,0,0,0,0,0
16.978022,16.986776,109,254,234,255,192,6,66,170,129,0,0,0,0,0,0,0
17.032967,17.020350,109,254,234,255,192,6,66,170,129,0,0,0,0,0,0,0
17.032967,17.053923,109,254,234,255,192,6,66,170,129,0,0,0,0,0,0,0
17.087912,17.087547,109,255,235,255,192,6,66,170,129,0,0,0,0,0,0,0
17.142857,17.121122,109,254,235,255,192,6,66,170,129,0,0,0,0,0,0,0
17.142857,17.154797,109,254,235,255,192,6,66,170,129,0,0,0,0,0,0,0
17.197802,17.188473,109,254,235,255,192,6,66,170,129,0,0,0,0,0,0,0
17.252747,17.222097,109,254,235,255,192,6,66,170,129,0,0,0,0,0,0,0
17.252747,17.255774,109,254,235,255,192,6,66,170,129,0,0,0,0,0,0,0
17.307692,17.289604,109,254,235,255,192,6,66,170,129,0,0,0,0,0,0,0
17.307692,17.323175,109,254,235,255,192,6,56,170,129,0,0,0,0,0,0,0
17.362637,17.356905,109,254,235,255,192,6,56,170,129,0,0,0,0,0,0,0
17.417582,17.390482,109,255,235,255,192,6,57,170,129,0,0,0,0,0,0,0
17.417582,17.424103,109,255,235,255,192,6,57,170,129,0,0,0,0,0,0,0
17.472527,17.457678,109,255,235,255,192,6,57,170,129,0,0,0,0,0,0,0
17.472527,17.491251,109,255,235,255,192,6,57,170,129,0,0,0,0,0,0,0
17.527473,17.524876,109,255,235,255,192,6,57,170,129,0,0,0,0,0,0,0
17.582418,17.560547,109,255,234,255,192,6,57,170,129,0,0,0,0,0,0,0
17.582418,17.596270,109,255,234,255,192,6,57,170,129,0,0,0,0,0,0,0
17.637363,17.632046,109,255,235,255,192,6,57,170,129,0,0,0,0,0,0,0
17.692308,17.667768,109,255,235,255,192,6,57,170,129,0,0,0,0,0,0,0
17.692308,17.703543,109,255,235,255,192,6,57,170,129,0,0,0,0,0,0,0
17.747253,17.739267,109,255,235,255,193,6,57,170,129,0,0,0,0,0,0,0
17.802198,17.774988,109,254,235,255,193,6,55,169,1,0,0,0,0,0,0,0
17.802198,17.811329,109,254,235,255,193,6,58,170,129,0,0,0,0,0,0,0
17.857143,17.847820,109,254,235,255,193,6,58,170,129,0,0,0,0,0,0,0
17.912088,17.883539,109,255,235,255,193,6,58,170,129,0,0,0,0,0,0,0
17.912088,17.919264,109,255,235,255,193,6,58,170,129,0,0,0,0,0,0,0
17.967033,17.955091,109,254,235,255,193,6,58,170,129,0,0,0,0,0,0,0
18.021978,17.990814,109,254,235,255,193,6,58,170,129,0,0,0,0,0,0,0
18.021978,18.026537,109,255,234,255,193,6,58,170,129,0,0,0,0,0,0,0
18.076923,18.062260,109,254,234,255,193,5,54,169,129,0,0,0,0,0,0,0
18.131868,18.098085,109,254,234,255,193,5,54,169,129,0,0,0,0,0,0,0
18.131868,18.133810,109,255,234,255,193,5,54,169,129,0,0,0,0,0,0,0
18.186813,18.169531,109,254,235,255,193,5,54,169,129,0,0,0,0,0,0,0
18.186813,18.205357,109,254,235,255,193,5,54,169,129,0,0,0,0,0,0,0
18.241758,18.241081,109,255,235,255,193,5,54,169,1,0,0,0,0,0,0,0
18.296703,18.277523,109,255,235,255,193,5,54,169,1,0,0,0,0,0,0,0
18.296703,18.313246,109,255,235,255,193,5,54,169,1,0,0,0,0,0,0,0
18.351648,18.348969,109,255,235,255,193,5,54,169,1,0,0,0,0,0,0,0
18.406593,18.384691,109,255,235,255,193,5,54,169,1,0,0,0,0,0,0,0
18.406593,18.420364,109,255,235,255,193,5,54,169,1,0,0,0,0,0,0,0
18.461538,18.456085,109,254,235,255,193,5,54,169,1,0,0,0,0,0,0,0
18.516483,18.491810,109,254,235,255,193,5,54,169,1,0,0,0,0,0,0,0
18.516483,18.527584,109,255,235,255,193,5,54,169,1,0,0,0,0,0,0,0
18.571428,18.563307,109,255,235,255,193,5,54,169,1,0,0,0,0,0,0,0
18.626373,18.598980,109,255,235,255,193,5,54,169,1,0,0,0,0,0,0,0
18.626373,18.634806,109,255,235,255,193,5,54,169,1,0,0,0,0,0,0,0
18.681318,18.670631,109,255,235,255,193,5,54,169,1,0,0,0,0,0,0,0
18.736263,18.706305,109,254,235,255,193,5,54,169,1,0,0,0,0,0,0,0
18.736263,18.742025,109,254,235,255,193,5,54,169,1,0,0,0,0,0,0,0
18.791208,18.777697,109,254,235,255,193,5,59,169,1,0,0,0,0,0,0,0
18.846153,18.813423,109,255,235,255,193,5,59,170,1,0,0,0,0,0,0,0
18.846153,18.846996,109,254,235,255,193,5,59,170,1,0,0,0,0,0,0,0
18.901098,18.880621,109,255,235,255,193,5,59,170,1,0,0,0,0,0,0,0
18.901098,18.914194,109,255,235,255,193,6,53,169,129,0,0,0,0,0,0,0
18.956043,18.948483,109,254,234,255,192,6,55,169,129,0,0,0,0,0,0,0
19.010988,18.982058,109,254,234,255,192,6,55,169,129,0,0,0,0,0,0,0
19.010988,19.015635,109,255,235,255,193,6,55,169,129,0,0,0,0,0,0,0
19.065933,19.049307,109,254,235,255,193,5,64,169,129,0,0,0,0,0,0,0
19.065933,19.082880,109,254,235,255,193,5,64,169,129,0,0,0,0,0,0,0
19.120878,19.116505,109,255,235,255,194,6,61,169,129,0,0,0,0,0,0,0
19.175825,19.150131,109,254,235,255,194,6,61,169,129,0,0,0,0,0,0,0
19.175825,19.183704,109,255,235,255,194,6,61,169,129,0,0,0,0,0,0,0
19.230770,19.217278,109,255,235,255,194,6,61,169,129,0,0,0,0,0,0,0
19.230770,19.250956,109,255,235,255,194,6,61,169,129,0,0,0,0,0,0,0
19.285715,19.284582,109,254,235,255,194,6,61,169,129,0,0,0,0,0,0,0
19.340660,19.318203,109,255,235,255,194,6,61,169,129,0,0,0,0,0,0,0
19.340660,19.351980,109,254,234,255,192,5,59,169,129,0,0,0,0,0,0,0
19.395605,19.385607,109,255,234,255,192,5,59,169,1,0,0,0,0,0,0,0
19.450550,19.419950,109,255,234,255,192,5,59,169,1,0,0,0,0,0,0,0
19.450550,19.453577,109,255,234,255,192,5,59,169,1,0,0,0,0,0,0,0
19.505495,19.487200,109,255,235,255,193,6,63,169,129,0,0,0,0,0,0,0
19.505495,19.521488,109,255,235,255,193,6,63,169,129,0,0,0,0,0,0,0
19.560440,19.555115,109,254,235,255,193,6,63,169,129,0,0,0,0,0,0,0
19.615385,19.588688,109,255,235,255,193,6,63,169,129,0,0,0,0,0,0,0
19.615385,19.622261,109,254,235,255,193,6,63,169,129,0,0,0,0,0,0,0
19.670330,19.655834,109,254,234,255,192,6,66,169,129,0,0,0,0,0,0,0
19.670330,19.689514,109,255,234,255,192,6,66,169,129,0,0,0,0,0,0,0
19.725275,19.723135,109,254,235,255,192,6,66,169,129,0,0,0,0,0,0,0
19.780220,19.756712,109,254,235,255,192,6,66,169,129,0,0,0,0,0,0,0
19.780220,19.790335,109,255,234,255,192,6,66,169,129,0,0,0,0,0,0,0
19.835165,19.824064,109,255,234,255,192,6,66,169,129,0,0,0,0,0,0,0
19.890110,19.857738,109,254,234,255,192,6,66,169,129,0,0,0,0,0,0,0
19.890110,19.893412,109,254,234,255,192,6,66,169,129,0,0,0,0,0,0,0
19.945055,19.926983,109,255,235,255,192,6,66,169,129,0,0,0,0,0,0,0
19.945055,19.960558,109,255,235,255,192,6,66,169,129,0,0,0,0,0,0,0
20.000000,19.994286,109,254,235,255,192,6,66,169,129,0,0,0,0,0,0,0
20.054945,20.027960,109,254,235,255,192,6,66,169,129,0,0,0,0,0,0,0
20.054945,20.061533,109,254,235,255,192,6,66,169,129,0,0,0,0,0,0,0
20.109890,20.095110,109,254,235,255,192,6,66,169,129,0,0,0,0,0,0,0
20.109890,20.128683,109,255,235,255,192,6,66,169,129,0,0,0,0,0,0,0
20.164835,20.162306,109,255,235,255,192,6,66,169,129,0,0,0,0,0,0,0
20.219780,20.195984,109,255,235,255,192,6,66,169,129,0,0,0,0,0,0,0
20.219780,20.229557,109,254,235,255,192,6,66,169,129,0,0,0,0,0,0,0
20.274725,20.263184,109,254,235,255,192,6,66,169,129,0,0,0,0,0,0,0
20.329670,20.296755,109,254,235,255,192,6,66,169,129,0,0,0,0,0,0,0
20.329670,20.330330,109,255,235,255,192,6,66,169,129,0,0,0,0,0,0,0
20.384615,20.363903,109,255,235,255,192,6,66,169,129,0,0,0,0,0,0,0
20.384615,20.397476,109,255,235,255,192,6,66,169,129,0,0,0,0,0,0,0
20.439560,20.431154,109,254,234,255,192,6,66,169,129,0,0,0,0,0,0,0
20.494505,20.464729,109,254,234,255,192,6,66,169,129,0,0,0,0,0,0,0
20.494505,20.498354,109,254,234,255,192,6,66,169,129,0,0,0,0,0,0,0
20.549450,20.531925,109,254,234,255,192,6,66,169,129,0,0,0,0,0,0,0
20.549450,20.565502,109,254,234,255,192,6,66,169,129,0,0,0,0,0,0,0
20.604395,20.599125,109,254,235,255,192,6,60,169,129,0,0,0,0,0,0,0
20.659340,20.632698,109,254,234,255,192,6,60,169,129,0,0,0,0,0,0,0
20.659340,20.666376,109,254,234,255,192,6,60,169,129,0,0,0,0,0,0,0
20.714285,20.699949,109,254,234,255,192,6,60,169,129,0,0,0,0,0,0,0
20.714285,20.733522,109,254,234,255,192,6,60,169,129,0,0,0,0,0,0,0
20.769230,20.767149,109,254,234,255,192,6,60,169,129,0,0,0,0,0,0,0
20.824175,20.802973,109,254,234,255,192,6,60,169,129,0,0,0,0,0,0,0
20.824175,20.838694,109,254,234,255,192,6,60,169,129,0,0,0,0,0,0,0
20.879122,20.874418,109,255,234,255,192,6,60,169,129,0,0,0,0,0,0,0
20.934067,20.910091,109,255,234,255,192,6,60,169,129,0,0,0,0,0,0,0
20.934067,20.945765,109,255,234,255,192,6,60,169,129,0,0,0,0,0,0,0
20.989012,20.981487,109,255,234,255,191,6,70,169,1,0,0,0,0,0,0,0
21.043957,21.017925,109,255,234,255,191,6,70,169,1,0,0,0,0,0,0,0
21.043957,21.053650,109,255,234,255,193,6,67,169,1,0,0,0,0,0,0,0
21.098902,21.089371,109,255,234,255,193,6,67,169,1,0,0,0,0,0,0,0
21.153847,21.125149,109,255,234,255,193,6,67,169,1,0,0,0,0,0,0,0
21.153847,21.160921,109,255,234,255,193,6,67,169,1,0,0,0,0,0,0,0
21.208792,21.196646,109,253,234,255,193,6,67,169,1,0,0,0,0,0,0,0
21.263737,21.232317,109,255,234,255,193,6,67,169,1,0,0,0,0,0,0,0
21.263737,21.268040,109,255,234,255,193,6,67,169,1,0,0,0,0,0,0,0
21.318682,21.303764,109,255,234,255,193,6,67,169,1,0,0,0,0,0,0,0
21.373627,21.339485,109,255,234,255,193,6,67,169,1,0,0,0,0,0,0,0
21.373627,21.375158,109,255,234,255,193,6,67,169,1,0,0,0,0,0,0,0
21.428572,21.410936,109,254,234,255,193,6,67,169,1,0,0,0,0,0,0,0
21.483517,21.446604,109,254,234,255,193,6,67,169,1,0,0,0,0,0,0,0
21.483517,21.482533,109,254,234,255,193,6,67,169,1,0,0,0,0,0,0,0
21.538462,21.518307,109,254,234,255,192,6,65,169,1,0,0,0,0,0,0,0
21.538462,21.554085,109,254,234,255,192,6,65,169,1,0,0,0,0,0,0,0
21.593407,21.589811,109,254,234,255,192,6,65,169,1,0,0,0,0,0,0,0
21.648352,21.625530,109,255,234,255,193,5,66,169,1,0,0,0,0,0,0,0
21.648352,21.661255,109,254,235,255,193,5,66,169,1,0,0,0,0,0,0,0
21.703297,21.696978,109,254,235,255,193,5,66,169,1,0,0,0,0,0,0,0
21.758242,21.732851,109,254,234,255,193,5,66,169,1,0,0,0,0,0,0,0
21.758242,21.768524,109,254,234,255,192,6,72,169,129,0,0,0,0,0,0,0
21.813187,21.805017,109,254,234,255,192,6,72,169,129,0,0,0,0,0,0,0
21.868132,21.840738,109,255,234,255,192,6,72,169,129,0,0,0,0,0,0,0
21.868132,21.876410,109,255,234,255,192,6,72,169,129,0,0,0,0,0,0,0
21.923077,21.912235,109,254,234,255,192,6,72,169,129,0,0,0,0,0,0,0
21.978022,21.947960,109,254,234,255,192,6,72,169,129,0,0,0,0,0,0,0
21.978022,21.983633,109,254,234,255,192,6,72,169,129,0,0,0,0,0,0,0
22.032967,22.019356,109,254,234,255,192,6,72,169,129,0,0,0,0,0,0,0
22.087912,22.055079,109,255,234,255,192,6,72,169,129,0,0,0,0,0,0,0
22.087912,22.090801,109,255,234,255,192,5,69,169,1,0,0,0,0,0,0,0
22.142857,22.127192,109,255,234,255,192,5,65,169,1,0,0,0,0,0,0,0
22.142857,22.160818,109,255,234,255,192,5,65,169,1,0,0,0,0,0,0,0
22.197802,22.194441,109,255,234,255,193,6,65,169,1,0,0,0,0,0,0,0
22.252747,22.228016,109,254,234,255,193,6,68,169,1,0,0,0,0,0,0,0
22.252747,22.261591,109,254,234,255,193,6,68,169,1,0,0,0,0,0,0,0
22.307692,22.295315,109,254,234,255,193,6,68,169,1,0,0,0,0,0,0,0
22.362637,22.328888,108,255,235,255,193,6,68,169,1,0,0,0,0,0,0,0
22.362637,22.362461,109,254,234,255,193,5,69,169,1,0,0,0,0,0,0,0
22.417582,22.396034,109,254,234,255,193,5,69,169,1,0,0,0,0,0,0,0
22.417582,22.429607,109,255,234,255,193,5,69,169,1,0,0,0,0,0,0,0
22.472527,22.463337,109,255,234,255,193,5,69,169,1,0,0,0,0,0,0,0
22.527473,22.496914,109,255,234,255,193,5,69,169,1,0,0,0,0,0,0,0
22.527473,22.530539,109,255,234,255,193,5,69,169,1,0,0,0,0,0,0,0
22.582418,22.564110,109,255,234,255,193,5,69,169,1,0,0,0,0,0,0,0
22.582418,22.597683,109,255,234,255,193,5,69,169,1,0,0,0,0,0,0,0
22.637363,22.631310,109,255,234,255,193,5,69,169,1,0,0,0,0,0,0,0
22.692308,22.664883,109,255,234,255,193,5,69,169,1,0,0,0,0,0,0,0
22.692308,22.698456,109,255,234,255,193,6,66,169,1,0,0,0,0,0,0,0
22.747253,22.732029,109,255,234,255,193,6,66,169,1,0,0,0,0,0,0,0
22.747253,22.765602,108,254,234,255,193,6,66,169,1,0,0,0,0,0,0,0
22.802198,22.799229,108,254,234,255,192,6,66,169,129,0,0,0,0,0,0,0
22.857143,22.833467,108,254,234,255,192,6,66,169,129,0,0,0,0,0,0,0
22.857143,22.867043,109,254,234,255,192,6,66,169,129,0,0,0,0,0,0,0
22.912088,22.900667,109,254,234,255,192,6,66,169,129,0,0,0,0,0,0,0
22.967033,22.934340,109,254,234,255,192,6,66,169,129,0,0,0,0,0,0,0
22.967033,22.967915,109,254,234,255,192,6,66,169,129,0,0,0,0,0,0,0
23.021978,23.001488,109,254,234,255,192,6,66,169,129,0,0,0,0,0,0,0
23.021978,23.035067,109,254,234,255,192,6,66,169,129,0,0,0,0,0,0,0
23.076923,23.068687,109,254,234,255,192,6,66,169,129,0,0,0,0,0,0,0
23.131868,23.102259,109,255,234,255,192,6,66,169,129,0,0,0,0,0,0,0
23.131868,23.135836,109,255,234,255,192,6,66,169,129,0,0,0,0,0,0,0
23.186813,23.169411,109,255,234,255,192,6,66,169,129,0,0,0,0,0,0,0
23.186813,23.205132,109,255,235,255,193,6,66,169,1,0,0,0,0,0,0,0
23.241758,23.239424,109,254,235,255,194,5,66,169,1,0,0,0,0,0,0,0
23.296703,23.275198,109,255,234,255,192,6,64,169,1,0,0,0,0,0,0,0
23.296703,23.310921,109,255,234,255,192,6,64,169,1,0,0,0,0,0,0,0
23.351648,23.346748,109,254,234,255,192,6,64,169,1,0,0,0,0,0,0,0
23.406593,23.382418,109,254,234,255,192,6,64,169,129,0,0,0,0,0,0,0
23.406593,23.416759,109,254,234,255,192,6,64,169,129,0,0,0,0,0,0,0
23.461538,23.450384,109,254,234,255,192,6,64,169,129,0,0,0,0,0,0,0
23.516483,23.483957,109,254,234,255,192,6,64,169,129,0,0,0,0,0,0,0
23.516483,23.517584,109,254,234,255,192,6,64,169,129,0,0,0,0,0,0,0
23.571428,23.551157,109,255,234,255,192,6,64,169,129,0,0,0,0,0,0,0
23.571428,23.584782,109,255,234,255,192,6,64,169,129,0,0,0,0,0,0,0
23.626373,23.618408,109,255,234,255,192,6,64,169,129,0,0,0,0,0,0,0
23.681318,23.651983,109,255,234,255,192,6,64,169,129,0,0,0,0,0,0,0
23.681318,23.685610,109,255,234,255,192,6,64,169,129,0,0,0,0,0,0,0
23.736263,23.719332,109,255,234,255,192,6,64,169,129,0,0,0,0,0,0,0
23.736263,23.752907,109,255,234,255,192,6,64,169,129,0,0,0,0,0,0,0
23.791208,23.786633,109,255,234,255,192,6,64,169,129,0,0,0,0,0,0,0
23.846153,23.820206,109,254,234,255,192,6,64,169,129,0,0,0,0,0,0,0
23.846153,23.853785,109,254,234,255,192,6,64,169,129,0,0,0,0,0,0,0
23.901098,23.887562,109,255,234,255,193,6,64,169,129,0,0,0,0,0,0,0
23.956043,23.921133,109,255,234,255,193,5,70,169,129,0,0,0,0,0,0,0
23.956043,23.954708,109,255,234,255,193,5,70,169,129,0,0,0,0,0,0,0
24.010988,23.988335,109,255,234,255,193,5,70,169,129,0,0,0,0,0,0,0
24.010988,24.021906,109,255,234,255,193,5,70,169,129,0,0,0,0,0,0,0
24.065933,24.055531,109,254,234,255,192,6,70,169,129,0,0,0,0,0,0,0
24.120878,24.089153,109,254,234,255,192,6,66,169,129,0,0,0,0,0,0,0
24.120878,24.122730,109,254,234,255,192,6,66,169,129,0,0,0,0,0,0,0
24.175825,24.156303,109,254,234,255,192,6,66,169,129,0,0,0,0,0,0,0
24.175825,24.189926,109,254,234,255,192,6,66,169,129,0,0,0,0,0,0,0
24.230770,24.223551,109,254,234,255,192,6,66,169,129,0,0,0,0,0,0,0
24.285715,24.257126,109,254,234,255,192,6,66,169,129,0,0,0,0,0,0,0
24.285715,24.290697,108,254,234,255,192,6,66,169,129,0,0,0,0,0,0,0
24.340660,24.324276,108,254,234,255,192,6,66,169,129,0,0,0,0,0,0,0
24.340660,24.357950,108,254,234,255,192,6,66,169,129,0,0,0,0,0,0,0
24.395605,24.391628,108,254,234,255,192,6,61,169,129,0,0,0,0,0,0,0
24.450550,24.425203,108,254,234,255,192,6,61,169,1,0,0,0,0,0,0,0
24.450550,24.461590,109,255,234,255,192,6,61,169,1,0,0,0,0,0,0,0
24.505495,24.495214,109,254,234,255,192,6,61,169,1,0,0,0,0,0,0,0
24.560440,24.530987,108,254,234,255,192,6,61,169,1,0,0,0,0,0,0,0
24.560440,24.566763,108,255,234,255,192,6,61,169,1,0,0,0,0,0,0,0
24.615385,24.602486,109,255,234,255,192,6,61,169,1,0,0,0,0,0,0,0
24.670330,24.638157,109,255,234,255,192,6,61,169,1,0,0,0,0,0,0,0
24.670330,24.673830,108,255,234,255,192,6,61,169,1,0,0,0,0,0,0,0
24.725275,24.709555,108,255,234,255,192,6,61,169,1,0,0,0,0,0,0,0
24.780220,24.745224,108,255,234,255,192,6,61,169,1,0,0,0,0,0,0,0
24.780220,24.780897,108,255,234,255,192,6,61,169,1,0,0,0,0,0,0,0
24.835165,24.816568,108,254,234,255,192,6,58,169,1,0,0,0,0,0,0,0
24.890110,24.852396,108,254,234,255,192,6,58,169,1,0,0,0,0,0,0,0
24.890110,24.888119,108,254,234,255,192,6,58,169,1,0,0,0,0,0,0,0
24.945055,24.923792,108,254,234,255,192,6,58,169,1,0,0,0,0,0,0,0
24.945055,24.959513,108,254,234,255,192,6,58,169,1,0,0,0,0,0,0,0
25.000000,24.995237,108,254,234,255,192,6,58,169,1,0,0,0,0,0,0,0
25.054945,25.030962,108,254,234,255,193,6,55,169,129,0,0,0,0,0,0,0
25.054945,25.067350,108,254,234,255,193,6,55,169,129,0,0,0,0,0,0,0
25.109890,25.103071,108,254,234,255,193,6,54,169,129,0,0,0,0,0,0,0
25.164835,25.138796,108,254,234,255,193,6,54,169,129,0,0,0,0,0,0,0
25.164835,25.174620,109,254,234,255,193,6,54,169,129,0,0,0,0,0,0,0
25.219780,25.210346,109,254,234,255,193,6,54,169,129,0,0,0,0,0,0,0
25.274725,25.246065,108,255,234,255,193,6,54,169,129,0,0,0,0,0,0,0
25.274725,25.281790,108,255,234,255,193,6,54,169,129,0,0,0,0,0,0,0
25.329670,25.317516,109,255,234,255,193,6,54,169,129,0,0,0,0,0,0,0
25.384615,25.353186,109,255,234,255,193,6,54,169,129,0,0,0,0,0,0,0
25.384615,25.388910,109,255,234,255,193,6,54,169,129,0,0,0,0,0,0,0
25.439560,25.424788,108,255,234,255,193,6,54,169,129,0,0,0,0,0,0,0
25.494505,25.460508,108,255,234,255,192,6,54,169,129,0,0,0,0,0,0,0
25.494505,25.496181,108,254,233,255,192,6,57,169,1,0,0,0,0,0,0,0
25.549450,25.532520,108,255,233,255,194,6,59,169,1,0,0,0,0,0,0,0
25.549450,25.566092,108,255,233,255,194,6,59,169,1,0,0,0,0,0,0,0
25.604395,25.599718,108,254,233,255,194,6,59,169,1,0,0,0,0,0,0,0
25.659340,25.633392,108,255,234,255,192,5,58,169,1,0,0,0,0,0,0,0
25.659340,25.666969,108,254,234,255,192,5,58,169,129,0,0,0,0,0,0,0
25.714285,25.701260,108,255,234,255,192,5,59,169,129,0,0,0,0,0,0,0
25.769230,25.734831,108,255,234,255,192,5,59,169,129,0,0,0,0,0,0,0
25.769230,25.768406,108,255,234,255,192,5,59,169,129,0,0,0,0,0,0,0
25.824175,25.801977,108,254,234,255,192,5,59,169,129,0,0,0,0,0,0,0
25.824175,25.835552,108,254,234,255,192,5,59,169,129,0,0,0,0,0,0,0
25.879122,25.869179,108,254,234,255,192,5,59,169,129,0,0,0,0,0,0,0
25.934067,25.902906,108,254,234,255,192,5,59,169,129,0,0,0,0,0,0,0
25.934067,25.936583,108,254,234,255,192,5,59,169,129,0,0,0,0,0,0,0
25.989012,25.970154,108,254,234,255,192,5,59,169,129,0,0,0,0,0,0,0
25.989012,26.003729,108,254,234,255,192,5,59,169,129,0,0,0,0,0,0,0
26.043957,26.037355,108,255,233,255,192,5,59,169,129,0,0,0,0,0,0,0
26.098902,26.071030,108,255,233,255,192,5,59,169,129,0,0,0,0,0,0,0
26.098902,26.104656,108,255,233,255,192,5,59,169,129,0,0,0,0,0,0,0
26.153847,26.138229,108,254,233,255,193,6,61,169,129,0,0,0,0,0,0,0
26.153847,26.171803,108,254,233,255,193,6,61,169,129,0,0,0,0,0,0,0
26.208792,26.205427,108,254,233,255,193,5,61,169,129,0,0,0,0,0,0,0
26.263737,26.239002,108,255,233,255,193,5,61,169,129,0,0,0,0,0,0,0
26.263737,26.272573,108,255,233,255,191,6,62,169,129,0,0,0,0,0,0,0
26.318682,26.306200,108,255,233,255,193,6,61,169,129,0,0,0,0,0,0,0
26.373627,26.339775,108,255,233,255,193,6,61,169,129,0,0,0,0,0,0,0
26.373627,26.373400,108,255,233,255,193,6,61,169,129,0,0,0,0,0,0,0
26.428572,26.406973,108,255,233,255,192,6,61,169,129,0,0,0,0,0,0,0
26.428572,26.440548,108,254,233,255,192,6,63,169,1,0,0,0,0,0,0,0
26.483517,26.474834,108,254,233,255,192,6,63,169,1,0,0,0,0,0,0,0
26.538462,26.508564,108,254,233,255,192,6,63,169,1,0,0,0,0,0,0,0
26.538462,26.542139,108,254,233,255,192,6,63,169,1,0,0,0,0,0,0,0
26.593407,26.575813,108,254,233,255,192,5,63,169,1,0,0,0,0,0,0,0
26.593407,26.611536,108,255,233,255,192,5,65,169,1,0,0,0,0,0,0,0
26.648352,26.645262,108,254,233,255,192,6,63,169,1,0,0,0,0,0,0,0
26.703297,26.678841,108,254,233,255,192,6,63,169,1,0,0,0,0,0,0,0
26.703297,26.712412,108,255,233,255,193,5,67,169,129,0,0,0,0,0,0,0
26.758242,26.746807,108,254,233,255,193,5,67,169,129,0,0,0,0,0,0,0
26.813187,26.780378,108,254,233,255,193,5,67,169,129,0,0,0,0,0,0,0
26.813187,26.813953,108,254,233,255,193,6,63,169,129,0,0,0,0,0,0,0
26.868132,26.847525,108,254,233,255,193,6,63,169,129,0,0,0,0,0,0,0
26.868132,26.881100,108,254,233,255,193,6,63,169,129,0,0,0,0,0,0,0
26.923077,26.914824,108,255,233,255,193,6,63,169,129,0,0,0,0,0,0,0
26.978022,26.948450,108,255,233,255,193,6,63,169,129,0,0,0,0,0,0,0
26.978022,26.982075,108,255,233,255,193,6,63,169,129,0,0,0,0,0,0,0
27.032967,27.015701,108,255,233,255,193,6,63,169,129,0,0,0,0,0,0,0
27.032967,27.049276,108,255,233,255,193,6,63,169,129,0,0,0,0,0,0,0
27.087912,27.083000,108,254,233,255,193,6,62,169,1,0,0,0,0,0,0,0
27.142857,27.117239,108,254,233,255,193,6,66,169,1,0,0,0,0,0,0,0
27.142857,27.150866,108,254,233,255,193,6,66,169,1,0,0,0,0,0,0,0
27.197802,27.184591,108,255,233,255,193,6,66,169,1,0,0,0,0,0,0,0
27.252747,27.218321,108,255,233,255,193,6,66,169,1,0,0,0,0,0,0,0
27.252747,27.251894,108,255,233,255,193,6,66,169,1,0,0,0,0,0,0,0
27.307692,27.285469,108,255,233,255,193,6,66,169,1,0,0,0,0,0,0,0
27.307692,27.319040,108,254,234,255,193,6,66,169,1,0,0,0,0,0,0,0
27.362637,27.352667,108,254,234,255,193,6,66,169,129,0,0,0,0,0,0,0
27.417582,27.386906,108,254,234,255,193,6,66,169,129,0,0,0,0,0,0,0
27.417582,27.420479,108,255,233,255,192,5,67,169,129,0,0,0,0,0,0,0
27.472527,27.454153,108,255,233,255,192,6,57,169,129,0,0,0,0,0,0,0
27.472527,27.487728,108,255,233,255,192,6,57,169,129,0,0,0,0,0,0,0
27.527473,27.521353,108,255,233,255,192,6,57,169,129,0,0,0,0,0,0,0
27.582418,27.554926,108,254,233,255,192,6,57,169,129,0,0,0,0,0,0,0
27.582418,27.588503,108,254,233,255,192,5,57,169,1,0,0,0,0,0,0,0
27.637363,27.622740,108,254,233,255,192,5,57,169,1,0,0,0,0,0,0,0
27.692308,27.656313,108,254,233,255,192,5,57,169,1,0,0,0,0,0,0,0
27.692308,27.689938,108,254,233,255,192,5,57,169,1,0,0,0,0,0,0,0
27.747253,27.723616,108,254,233,255,192,5,57,169,1,0,0,0,0,0,0,0
27.747253,27.757240,108,254,233,255,192,5,57,169,1,0,0,0,0,0,0,0
27.802198,27.790867,108,254,233,255,192,5,57,169,1,0,0,0,0,0,0,0
27.857143,27.824442,108,254,234,255,193,6,66,169,1,0,0,0,0,0,0,0
27.857143,27.858068,108,255,233,255,193,6,66,169,129,0,0,0,0,0,0,0
27.912088,27.892302,108,255,233,255,193,6,63,169,129,0,0,0,0,0,0,0
27.912088,27.925875,108,255,233,255,193,6,63,169,129,0,0,0,0,0,0,0
27.967033,27.959499,108,255,233,255,193,6,63,169,129,0,0,0,0,0,0,0
28.021978,27.993177,109,255,233,255,193,6,63,169,129,0,0,0,0,0,0,0
28.021978,28.026752,108,254,233,255,192,6,62,169,129,0,0,0,0,0,0,0
28.076923,28.060324,108,254,233,255,192,6,62,169,1,0,0,0,0,0,0,0
28.131868,28.094666,108,255,233,255,192,6,62,169,1,0,0,0,0,0,0,0
28.131868,28.128241,108,255,233,255,192,6,62,169,1,0,0,0,0,0,0,0
28.186813,28.161814,108,255,233,255,192,6,62,169,1,0,0,0,0,0,0,0
28.186813,28.195389,108,255,233,255,192,6,62,169,1,0,0,0,0,0,0,0
28.241758,28.229013,108,255,233,255,192,6,62,169,1,0,0,0,0,0,0,0
28.296703,28.262688,109,255,233,255,192,6,62,169,1,0,0,0,0,0,0,0
28.296703,28.296263,109,255,233,255,192,6,62,169,1,0,0,0,0,0,0,0
28.351648,28.329834,109,255,233,255,192,6,62,169,1,0,0,0,0,0,0,0
28.351648,28.363461,108,255,233,255,192,6,62,169,1,0,0,0,0,0,0,0
28.406593,28.397085,108,255,233,255,192,6,62,169,1,0,0,0,0,0,0,0
28.461538,28.430662,108,254,233,255,192,6,62,169,1,0,0,0,0,0,0,0
28.461538,28.464233,108,254,233,255,193,5,66,169,129,0,0,0,0,0,0,0
28.516483,28.498524,108,254,233,255,193,5,66,169,129,0,0,0,0,0,0,0
28.516483,28.532200,108,255,233,255,193,5,66,169,129,0,0,0,0,0,0,0
28.571428,28.565826,108,255,233,255,193,5,66,169,129,0,0,0,0,0,0,0
28.626373,28.599451,109,254,233,255,192,5,66,169,129,0,0,0,0,0,0,0
28.626373,28.635176,109,254,233,255,192,5,65,169,1,0,0,0,0,0,0,0
28.681318,28.671562,109,255,233,255,192,5,65,169,1,0,0,0,0,0,0,0
28.736263,28.707235,109,255,233,255,192,6,66,169,1,0,0,0,0,0,0,0
28.736263,28.742954,109,255,233,255,192,6,66,169,1,0,0,0,0,0,0,0
28.791208,28.778679,109,255,233,255,192,6,66,169,1,0,0,0,0,0,0,0
28.846153,28.814352,109,255,233,255,192,6,66,169,1,0,0,0,0,0,0,0
28.846153,28.850126,109,255,233,255,192,6,66,169,1,0,0,0,0,0,0,0
28.901098,28.885904,109,255,233,255,192,6,65,169,1,0,0,0,0,0,0,0
28.956043,28.919476,109,254,233,255,192,6,65,169,1,0,0,0,0,0,0,0
28.956043,28.953051,109,254,233,255,193,6,61,169,129,0,0,0,0,0,0,0
29.010988,28.987442,109,254,233,255,193,6,61,169,129,0,0,0,0,0,0,0
29.010988,29.021015,109,254,233,255,193,6,61,169,129,0,0,0,0,0,0,0
29.065933,29.054640,109,255,233,255,193,6,61,169,129,0,0,0,0,0,0,0
29.120878,29.088215,109,255,233,255,193,6,61,169,129,0,0,0,0,0,0,0
29.120878,29.121788,108,255,233,255,193,6,61,169,129,0,0,0,0,0,0,0
29.175825,29.155466,108,254,233,255,193,6,66,169,1,0,0,0,0,0,0,0
29.175825,29.189701,108,254,233,255,193,6,66,169,1,0,0,0,0,0,0,0
29.230770,29.223379,108,254,233,255,193,6,66,169,1,0,0,0,0,0,0,0
29.285715,29.257004,108,255,233,255,193,6,66,169,1,0,0,0,0,0,0,0
29.285715,29.290579,109,255,233,255,193,6,66,169,1,0,0,0,0,0,0,0
29.340660,29.324150,109,255,232,255,193,6,66,169,1,0,0,0,0,0,0,0
29.340660,29.357777,109,255,232,255,193,6,67,169,1,0,0,0,0,0,0,0
29.395605,29.391401,109,255,232,255,193,6,67,169,1,0,0,0,0,0,0,0
29.450550,29.425028,109,255,232,255,193,6,67,169,1,0,0,0,0,0,0,0
29.450550,29.458700,109,254,233,255,193,6,67,169,1,0,0,0,0,0,0,0
29.505495,29.492327,109,254,233,255,193,6,64,169,129,0,0,0,0,0,0,0
29.560440,29.526619,109,254,233,255,193,6,64,169,129,0,0,0,0,0,0,0
29.560440,29.560192,109,255,233,255,193,6,61,169,129,0,0,0,0,0,0,0
29.615385,29.593767,109,255,233,255,193,6,61,169,129,0,0,0,0,0,0,0
29.615385,29.627390,109,255,233,255,193,6,61,169,129,0,0,0,0,0,0,0
29.670330,29.661013,109,255,233,255,193,6,61,169,129,0,0,0,0,0,0,0
29.725275,29.694590,109,255,233,255,193,6,61,169,129,0,0,0,0,0,0,0
29.725275,29.728163,108,255,233,255,192,6,62,169,129,0,0,0,0,0,0,0
29.780220,29.761736,108,255,233,255,192,6,62,169,1,0,0,0,0,0,0,0
29.780220,29.795977,108,255,233,255,192,6,62,169,1,0,0,0,0,0,0,0
29.835165,29.829597,108,255,233,255,192,6,62,169,1,0,0,0,0,0,0,0
29.890110,29.863174,108,255,233,255,192,6,62,169,1,0,0,0,0,0,0,0
29.890110,29.896749,108,255,233,255,192,6,62,169,1,0,0,0,0,0,0,0
29.945055,29.930370,109,254,232,255,192,5,59,169,1,0,0,0,0,0,0,0
30.000000,29.966043,109,254,232,255,192,5,59,169,1,0,0,0,0,0,0,0
30.000000,29.999619,109,255,232,255,192,5,59,169,1,0,0,0,0,0,0,0
30.054945,30.035290,109,255,232,255,192,5,59,169,1,0,0,0,0,0,0,0
30.109890,30.071115,109,255,232,255,192,5,59,169,1,0,0,0,0,0,0,0
30.109890,30.106892,109,254,232,255,192,5,59,169,1,0,0,0,0,0,0,0
30.164835,30.142563,109,254,232,255,192,5,59,169,1,0,0,0,0,0,0,0
30.164835,30.178286,109,254,232,255,194,5,53,169,1,0,0,0,0,0,0,0
30.219780,30.214111,109,254,232,255,194,5,53,169,129,0,0,0,0,0,0,0
30.274725,30.248350,109,254,232,255,194,5,53,169,129,0,0,0,0,0,0,0
30.274725,30.282028,109,254,232,255,192,5,57,169,1,0,0,0,0,0,0,0
30.329670,30.316317,109,254,232,255,192,5,57,169,1,0,0,0,0,0,0,0
30.384615,30.349888,109,255,232,255,193,6,56,169,1,0,0,0,0,0,0,0
30.384615,30.383461,109,254,233,255,192,5,53,169,1,0,0,0,0,0,0,0
30.439560,30.417088,109,255,233,255,192,5,53,169,1,0,0,0,0,0,0,0
30.439560,30.450661,109,255,233,255,192,5,53,169,1,0,0,0,0,0,0,0
30.494505,30.484339,109,255,233,255,192,5,53,169,1,0,0,0,0,0,0,0
30.549450,30.517912,109,254,232,255,193,6,54,169,1,0,0,0,0,0,0,0
30.549450,30.551640,109,254,232,255,193,6,54,169,1,0,0,0,0,0,0,0
30.604395,30.585213,108,255,232,255,193,6,54,169,1,0,0,0,0,0,0,0
30.604395,30.618788,108,255,232,255,193,6,54,169,1,0,0,0,0,0,0,0
30.659340,30.652411,108,255,232,255,193,6,54,169,1,0,0,0,0,0,0,0
30.714285,30.685989,108,254,233,255,193,5,56,169,129,0,0,0,0,0,0,0
30.714285,30.720224,108,254,233,255,193,5,56,169,129,0,0,0,0,0,0,0
30.769230,30.753851,108,254,233,255,193,5,56,169,129,0,0,0,0,0,0,0
30.824175,30.787476,108,254,233,255,193,5,56,169,129,0,0,0,0,0,0,0
30.824175,30.821102,108,254,233,255,193,5,56,169,129,0,0,0,0,0,0,0
30.879122,30.854725,108,254,233,255,193,5,56,169,129,0,0,0,0,0,0,0
30.879122,30.888298,108,255,233,255,193,5,56,169,129,0,0,0,0,0,0,0
30.934067,30.921925,108,255,233,255,193,5,56,169,129,0,0,0,0,0,0,0
30.989012,30.955498,108,255,233,255,193,5,56,169,129,0,0,0,0,0,0,0
30.989012,30.989172,108,255,232,255,193,5,56,169,129,0,0,0,0,0,0,0
31.043957,31.022745,108,255,232,255,193,6,54,169,1,0,0,0,0,0,0,0
31.043957,31.056984,108,254,232,255,193,6,59,169,1,0,0,0,0,0,0,0
31.098902,31.090611,108,255,232,255,193,6,59,169,1,0,0,0,0,0,0,0
31.153847,31.124186,108,255,232,255,193,6,59,169,1,0,0,0,0,0,0,0
31.153847,31.157757,108,255,232,255,193,6,59,169,1,0,0,0,0,0,0,0
31.208792,31.191383,108,255,232,255,193,6,59,169,1,0,0,0,0,0,0,0
31.208792,31.224957,108,255,232,255,193,6,59,169,1,0,0,0,0,0,0,0
31.263737,31.258686,108,255,232,255,193,6,59,169,1,0,0,0,0,0,0,0
31.318682,31.294407,108,255,232,255,193,6,52,169,1,0,0,0,0,0,0,0
31.318682,31.327980,108,255,232,255,193,6,52,169,129,0,0,0,0,0,0,0
31.373627,31.362373,108,255,233,255,193,6,52,169,129,0,0,0,0,0,0,0
31.428572,31.395947,108,255,233,255,194,6,50,169,1,0,0,0,0,0,0,0
31.428572,31.430185,108,254,233,255,194,6,50,169,1,0,0,0,0,0,0,0
31.483517,31.463863,108,255,233,255,193,6,50,169,1,0,0,0,0,0,0,0
31.483517,31.497488,108,255,233,255,193,6,50,169,1,0,0,0,0,0,0,0
31.538462,31.531115,108,255,233,255,193,6,50,169,1,0,0,0,0,0,0,0
31.593407,31.564688,108,255,233,255,193,6,50,169,1,0,0,0,0,0,0,0
31.593407,31.598261,108,255,233,255,193,6,50,169,1,0,0,0,0,0,0,0
31.648352,31.631987,108,254,233,255,192,6,52,169,1,0,0,0,0,0,0,0
31.703297,31.665560,108,254,233,255,192,6,52,169,1,0,0,0,0,0,0,0
31.703297,31.699133,108,254,232,255,193,6,52,169,1,0,0,0,0,0,0,0
31.758242,31.732708,108,255,232,255,193,6,49,169,129,0,0,0,0,0,0,0
31.758242,31.766949,108,255,232,255,193,6,49,169,129,0,0,0,0,0,0,0
31.813187,31.800573,108,255,232,255,193,6,49,169,129,0,0,0,0,0,0,0
31.868132,31.834146,108,255,232,255,193,6,49,169,129,0,0,0,0,0,0,0
31.868132,31.867722,108,255,232,255,193,6,49,169,129,0,0,0,0,0,0,0
31.923077,31.901396,108,255,232,255,193,6,49,169,129,0,0,0,0,0,0,0
31.923077,31.934969,108,255,232,255,193,6,49,169,129,0,0,0,0,0,0,0
31.978022,31.968596,108,255,232,255,192,5,49,169,1,0,0,0,0,0,0,0
32.032967,32.002937,108,255,232,255,192,5,49,169,1,0,0,0,0,0,0,0
32.032967,32.036560,108,254,232,255,192,6,49,169,1,0,0,0,0,0,0,0
32.087914,32.070137,108,255,232,255,192,6,48,169,1,0,0,0,0,0,0,0
32.087914,32.103706,108,254,232,255,192,6,49,169,1,0,0,0,0,0,0,0
32.142857,32.137333,108,254,232,255,192,6,49,169,1,0,0,0,0,0,0,0
32.197803,32.171013,108,255,232,255,192,6,49,169,1,0,0,0,0,0,0,0
32.197803,32.204586,108,255,232,255,192,6,49,169,1,0,0,0,0,0,0,0
32.252747,32.238213,108,255,232,255,193,6,49,169,1,0,0,0,0,0,0,0
32.307693,32.271832,108,254,232,255,193,5,47,168,129,0,0,0,0,0,0,0
32.307693,32.306122,108,254,232,255,194,6,45,168,129,0,0,0,0,0,0,0
32.362637,32.339699,108,254,232,255,192,6,46,168,129,0,0,0,0,0,0,0
32.362637,32.373272,108,255,232,255,192,5,51,169,129,0,0,0,0,0,0,0
32.417583,32.406895,108,254,231,255,193,5,51,169,129,0,0,0,0,0,0,0
32.472527,32.440575,108,255,232,255,193,5,49,169,129,0,0,0,0,0,0,0
32.472527,32.474148,108,255,232,255,193,6,54,169,129,0,0,0,0,0,0,0
32.527473,32.507721,108,255,232,255,193,6,54,169,129,0,0,0,0,0,0,0
32.527473,32.541294,108,255,232,255,193,6,54,169,129,0,0,0,0,0,0,0
32.582417,32.574921,108,255,232,255,193,6,49,169,129,0,0,0,0,0,0,0
32.637363,32.608543,108,255,232,255,193,6,49,168,1,0,0,0,0,0,0,0
32.637363,32.642834,108,255,232,255,193,6,49,168,1,0,0,0,0,0,0,0
32.692307,32.676559,108,255,232,255,193,6,49,168,1,0,0,0,0,0,0,0
32.747253,32.710236,108,254,232,255,193,6,49,168,1,0,0,0,0,0,0,0
32.747253,32.743809,108,255,232,255,193,6,49,168,1,0,0,0,0,0,0,0
32.802197,32.777489,108,254,232,255,192,6,49,168,1,0,0,0,0,0,0,0
32.802197,32.811111,108,255,232,255,192,5,47,168,129,0,0,0,0,0,0,0
32.857143,32.845402,108,255,232,255,194,6,47,168,129,0,0,0,0,0,0,0
32.912086,32.878975,108,255,232,255,194,6,47,168,129,0,0,0,0,0,0,0
32.912086,32.912548,108,255,232,255,194,6,47,168,129,0,0,0,0,0,0,0
32.967033,32.946175,108,255,232,255,194,6,47,168,129,0,0,0,0,0,0,0
32.967033,32.979851,108,255,232,255,194,6,47,168,129,0,0,0,0,0,0,0
33.021976,33.013477,108,254,232,255,194,6,47,168,129,0,0,0,0,0,0,0
33.076923,33.047050,108,254,232,255,194,6,47,168,129,0,0,0,0,0,0,0
33.076923,33.080624,108,255,232,255,194,6,47,168,129,0,0,0,0,0,0,0
33.131866,33.114250,108,254,232,255,194,6,47,168,129,0,0,0,0,0,0,0
33.186813,33.147823,108,255,232,255,193,6,47,168,129,0,0,0,0,0,0,0
33.186813,33.181396,108,255,232,255,193,6,50,168,1,0,0,0,0,0,0,0
33.241756,33.215683,108,255,232,255,193,6,50,168,1,0,0,0,0,0,0,0
33.241756,33.249363,108,255,232,255,194,6,54,168,1,0,0,0,0,0,0,0
33.296703,33.282986,108,254,232,255,193,6,56,168,1,0,0,0,0,0,0,0
33.351650,33.316559,108,254,232,255,193,6,56,168,1,0,0,0,0,0,0,0
33.351650,33.350185,108,254,232,255,193,6,56,168,1,0,0,0,0,0,0,0
33.406593,33.383759,108,254,232,255,193,6,56,168,1,0,0,0,0,0,0,0
33.406593,33.417385,108,254,232,255,193,6,56,168,1,0,0,0,0,0,0,0
33.461540,33.451012,108,255,232,255,193,6,56,168,1,0,0,0,0,0,0,0
33.516483,33.484585,108,255,232,255,193,6,56,168,1,0,0,0,0,0,0,0
33.516483,33.518158,108,255,232,255,193,6,56,168,1,0,0,0,0,0,0,0
33.571430,33.551731,108,255,232,255,193,6,56,168,1,0,0,0,0,0,0,0
33.571430,33.585354,108,255,232,255,193,6,56,168,1,0,0,0,0,0,0,0
33.626373,33.618980,108,254,232,255,193,6,55,168,1,0,0,0,0,0,0,0
33.681320,33.652554,108,255,232,255,194,6,54,168,1,0,0,0,0,0,0,0
33.681320,33.686127,108,254,232,255,194,6,54,168,1,0,0,0,0,0,0,0
33.736263,33.719852,108,255,232,255,194,6,54,168,1,0,0,0,0,0,0,0
33.791210,33.753479,108,255,232,255,193,6,53,168,1,0,0,0,0,0,0,0
33.791210,33.787052,108,255,232,255,193,6,53,168,1,0,0,0,0,0,0,0
33.846153,33.820625,108,255,232,255,193,6,53,168,1,0,0,0,0,0,0,0
33.846153,33.854202,108,255,232,255,193,6,53,168,1,0,0,0,0,0,0,0
33.901100,33.887928,108,255,232,255,193,6,53,168,1,0,0,0,0,0,0,0
33.956043,33.921505,108,254,232,255,193,6,53,168,1,0,0,0,0,0,0,0
33.956043,33.955074,108,254,232,255,194,6,59,168,129,0,0,0,0,0,0,0
34.010990,33.991409,108,254,232,255,194,6,59,168,129,0,0,0,0,0,0,0
34.065933,34.027084,108,255,232,255,194,6,59,168,129,0,0,0,0,0,0,0
34.065933,34.062862,108,254,232,255,194,6,59,168,129,0,0,0,0,0,0,0
34.120880,34.098530,108,255,232,255,194,6,58,168,129,0,0,0,0,0,0,0
34.120880,34.132107,108,255,232,255,194,6,58,168,129,0,0,0,0,0,0,0
34.175823,34.165730,108,255,232,255,194,6,58,168,129,0,0,0,0,0,0,0
34.230770,34.199459,108,254,232,255,192,6,58,168,1,0,0,0,0,0,0,0
34.230770,34.233852,108,255,232,255,192,6,58,168,1,0,0,0,0,0,0,0
34.285713,34.267628,108,254,232,255,192,6,58,168,1,0,0,0,0,0,0,0
34.340660,34.301353,108,254,232,255,192,6,58,168,1,0,0,0,0,0,0,0
34.340660,34.335236,108,254,232,255,192,6,58,168,1,0,0,0,0,0,0,0
34.395603,34.368961,108,254,232,255,192,6,58,168,1,0,0,0,0,0,0,0
34.395603,34.402691,108,255,232,255,192,6,58,168,1,0,0,0,0,0,0,0
34.450550,34.436420,108,255,232,255,193,6,62,168,1,0,0,0,0,0,0,0
34.505493,34.470146,108,255,232,255,193,6,62,168,129,0,0,0,0,0,0,0
34.505493,34.504536,108,255,232,255,193,6,62,168,129,0,0,0,0,0,0,0
34.560440,34.538269,108,255,232,255,193,6,62,168,129,0,0,0,0,0,0,0
34.560440,34.571991,108,254,232,255,193,6,62,168,129,0,0,0,0,0,0,0
34.615383,34.605770,108,255,232,255,193,6,62,168,129,0,0,0,0,0,0,0
34.670330,34.639603,108,254,232,255,193,6,62,168,129,0,0,0,0,0,0,0
34.670330,34.673328,108,254,232,255,193,6,62,168,129,0,0,0,0,0,0,0
34.725273,34.707058,108,254,232,255,193,6,62,168,129,0,0,0,0,0,0,0
34.780220,34.740784,108,254,232,255,194,5,54,168,1,0,0,0,0,0,0,0
34.780220,34.775227,108,254,232,255,194,5,54,168,1,0,0,0,0,0,0,0
34.835163,34.808952,108,255,232,255,194,5,54,168,1,0,0,0,0,0,0,0
34.835163,34.842678,108,255,232,255,194,5,54,168,1,0,0,0,0,0,0,0
34.890110,34.876461,108,255,232,255,194,5,54,168,1,0,0,0,0,0,0,0
34.945053,34.910187,108,255,232,255,194,5,54,168,1,0,0,0,0,0,0,0
34.945053,34.943913,108,254,232,255,194,5,54,168,1,0,0,0,0,0,0,0
35.000000,34.977745,108,255,232,255,194,6,62,168,1,0,0,0,0,0,0,0
