0.000000,0.000000,108,255,232,255,193,6,72,168,1,0,0,0,0,0,0,0
0.054945,0.035725,108,255,232,255,193,6,72,168,1,0,0,0,0,0,0,0
0.054945,0.071703,108,254,232,255,193,6,72,168,1,0,0,0,0,0,0,0
0.109890,0.107375,108,254,232,255,193,6,72,168,1,0,0,0,0,0,0,0
0.164835,0.143102,108,255,232,255,194,5,66,168,1,0,0,0,0,0,0,0
0.164835,0.176725,108,254,232,255,194,5,66,168,1,0,0,0,0,0,0,0
0.219780,0.210400,108,254,232,255,194,5,66,168,1,0,0,0,0,0,0,0
0.219780,0.244026,108,254,232,255,194,5,66,168,1,0,0,0,0,0,0,0
0.274725,0.277652,108,255,232,255,194,5,84,168,1,0,0,0,0,0,0,0
0.329670,0.311278,108,255,232,255,194,5,84,168,1,0,0,0,0,0,0,0
0.329670,0.344849,108,255,232,255,194,5,84,168,1,0,0,0,0,0,0,0
0.384615,0.378425,108,255,232,255,194,5,84,168,1,0,0,0,0,0,0,0
0.384615,0.411997,108,255,232,255,194,5,84,168,1,0,0,0,0,0,0,0
0.439560,0.445622,108,255,232,255,194,5,84,168,1,0,0,0,0,0,0,0
0.494505,0.479247,108,255,232,255,194,5,84,168,1,0,0,0,0,0,0,0
0.494505,0.513026,108,255,232,255,194,5,84,168,1,0,0,0,0,0,0,0
0.549451,0.546650,108,255,232,255,194,5,84,168,1,0,0,0,0,0,0,0
0.549451,0.580227,108,255,232,255,194,5,84,168,1,0,0,0,0,0,0,0
0.604396,0.613850,108,255,232,255,194,5,84,168,1,0,0,0,0,0,0,0
0.659341,0.647423,108,255,232,255,194,5,84,168,1,0,0,0,0,0,0,0
0.659341,0.681098,108,255,232,255,194,5,84,168,1,0,0,0,0,0,0,0
0.714286,0.714723,108,255,232,255,194,5,84,168,1,0,0,0,0,0,0,0
0.769231,0.748297,108,255,232,255,194,5,84,168,1,0,0,0,0,0,0,0
0.769231,0.781923,108,255,232,255,194,5,84,168,1,0,0,0,0,0,0,0
0.824176,0.815549,108,255,232,255,194,5,84,168,1,0,0,0,0,0,0,0
0.824176,0.849121,108,255,232,255,194,5,84,168,1,0,0,0,0,0,0,0
0.879121,0.882746,108,255,232,255,194,5,84,168,1,0,0,0,0,0,0,0
0.934066,0.916371,108,255,232,255,194,5,84,168,1,0,0,0,0,0,0,0
0.934066,0.949945,108,255,232,255,194,5,84,168,1,0,0,0,0,0,0,0
0.989011,0.983518,108,255,232,255,194,5,84,168,1,0,0,0,0,0,0,0
0.989011,1.017143,108,255,232,255,194,5,84,168,1,0,0,0,0,0,0,0
1.043956,1.050766,108,254,232,255,194,5,84,168,1,0,0,0,0,0,0,0
1.098901,1.084343,108,255,232,255,194,5,84,168,1,0,0,0,0,0,0,0
1.098901,1.117916,108,255,232,255,194,5,84,168,1,0,0,0,0,0,0,0
1.153846,1.151644,108,255,232,255,194,5,84,168,1,0,0,0,0,0,0,0
1.208791,1.185215,108,255,232,255,194,5,84,168,1,0,0,0,0,0,0,0
1.208791,1.220888,108,255,232,255,194,5,84,168,1,0,0,0,0,0,0,0
1.263736,1.254463,108,255,232,255,194,5,84,168,1,0,0,0,0,0,0,0
1.263736,1.290187,108,255,232,255,194,5,84,168,1,0,0,0,0,0,0,0
1.318681,1.325907,108,255,232,255,194,5,84,168,1,0,0,0,0,0,0,0
1.373626,1.361580,108,255,232,255,194,5,84,168,1,0,0,0,0,0,0,0
1.373626,1.397305,108,254,232,255,194,5,84,168,1,0,0,0,0,0,0,0
1.428571,1.433130,108,254,232,255,194,5,84,168,1,0,0,0,0,0,0,0
1.483516,1.468852,108,254,232,255,193,5,63,168,1,0,0,0,0,0,0,0
1.483516,1.504576,108,254,232,255,193,5,63,168,1,0,0,0,0,0,0,0
1.538462,1.540301,108,254,232,255,193,5,63,168,1,0,0,0,0,0,0,0
1.593407,1.576021,108,254,232,255,193,5,63,168,1,0,0,0,0,0,0,0
1.593407,1.611695,108,254,232,255,193,5,63,168,1,0,0,0,0,0,0,0
1.648352,1.647419,108,254,232,255,193,5,63,168,1,0,0,0,0,0,0,0
1.703297,1.683192,108,254,232,255,193,5,63,168,1,0,0,0,0,0,0,0
1.703297,1.718917,108,254,232,255,193,5,63,168,1,0,0,0,0,0,0,0
1.758242,1.754587,108,254,232,255,193,5,63,168,1,0,0,0,0,0,0,0
1.813187,1.790416,108,254,232,255,193,5,63,168,1,0,0,0,0,0,0,0
1.813187,1.826137,108,254,232,255,193,5,63,168,1,0,0,0,0,0,0,0
1.868132,1.861809,108,254,232,255,193,6,63,168,1,0,0,0,0,0,0,0
1.923077,1.897534,108,254,232,255,193,6,61,168,1,0,0,0,0,0,0,0
1.923077,1.933255,108,255,232,255,193,6,61,168,1,0,0,0,0,0,0,0
1.978022,1.968979,108,255,232,255,192,6,62,168,1,0,0,0,0,0,0,0
1.978022,2.004704,108,255,232,255,192,6,62,168,1,0,0,0,0,0,0,0
2.032967,2.040526,108,255,232,255,192,6,62,168,1,0,0,0,0,0,0,0
2.087912,2.076250,108,255,232,255,192,6,62,168,1,0,0,0,0,0,0,0
2.087912,2.111923,108,255,232,255,192,6,62,168,1,0,0,0,0,0,0,0
2.142857,2.147646,108,255,232,255,192,6,62,168,1,0,0,0,0,0,0,0
2.197802,2.183369,108,255,232,255,192,6,62,168,1,0,0,0,0,0,0,0
2.197802,2.219096,108,255,232,255,192,6,62,168,1,0,0,0,0,0,0,0
2.252747,2.254815,108,255,232,255,192,6,62,168,1,0,0,0,0,0,0,0
2.307692,2.290640,108,255,232,255,192,6,62,168,1,0,0,0,0,0,0,0
2.307692,2.326366,108,255,232,255,192,6,62,168,1,0,0,0,0,0,0,0
2.362637,2.362090,108,255,232,255,192,6,62,168,1,0,0,0,0,0,0,0
2.417583,2.397863,108,255,232,255,192,6,62,168,1,0,0,0,0,0,0,0
2.417583,2.433536,108,255,232,255,192,6,62,168,1,0,0,0,0,0,0,0
2.472528,2.469258,108,254,232,255,192,6,62,168,1,0,0,0,0,0,0,0
2.527472,2.504930,108,254,232,255,192,6,62,168,1,0,0,0,0,0,0,0
2.527472,2.540653,108,254,232,255,192,6,62,168,1,0,0,0,0,0,0,0
2.582417,2.576326,108,255,232,255,192,6,62,168,1,0,0,0,0,0,0,0
2.637363,2.612049,108,255,232,255,192,6,62,168,1,0,0,0,0,0,0,0
2.637363,2.647874,108,255,232,255,192,6,62,168,1,0,0,0,0,0,0,0
2.692308,2.683598,108,254,232,255,192,6,62,168,1,0,0,0,0,0,0,0
2.692308,2.719322,108,255,232,255,192,6,62,168,1,0,0,0,0,0,0,0
2.747253,2.755148,108,255,232,255,192,6,62,168,1,0,0,0,0,0,0,0
2.802198,2.790820,108,255,232,255,192,6,62,168,1,0,0,0,0,0,0,0
2.802198,2.826541,108,254,232,255,192,6,62,168,1,0,0,0,0,0,0,0
2.857143,2.862266,108,254,232,255,192,6,62,168,1,0,0,0,0,0,0,0
2.912088,2.898041,108,254,231,255,192,6,66,168,1,0,0,0,0,0,0,0
2.912088,2.933764,108,254,231,255,192,6,66,168,1,0,0,0,0,0,0,0
2.967033,2.969590,108,255,231,255,192,6,66,168,1,0,0,0,0,0,0,0
3.021978,3.005414,108,255,231,255,192,6,67,168,1,0,0,0,0,0,0,0
3.021978,3.041189,108,255,231,255,192,6,67,168,1,0,0,0,0,0,0,0
3.076923,3.076912,108,254,231,255,192,6,67,168,1,0,0,0,0,0,0,0
3.131868,3.112635,108,254,231,255,192,6,67,168,1,0,0,0,0,0,0,0
3.131868,3.148358,108,255,231,255,192,6,67,168,1,0,0,0,0,0,0,0
3.186813,3.184085,108,254,231,255,192,6,67,168,1,0,0,0,0,0,0,0
3.241758,3.219804,108,254,231,255,192,6,67,168,1,0,0,0,0,0,0,0
3.241758,3.255630,108,254,231,255,192,6,67,168,1,0,0,0,0,0,0,0
3.296703,3.291302,108,254,231,255,193,5,61,168,129,0,0,0,0,0,0,0
3.351648,3.327743,108,255,231,255,193,5,61,168,129,0,0,0,0,0,0,0
3.351648,3.363467,108,255,231,255,193,5,61,168,129,0,0,0,0,0,0,0
3.406593,3.399189,108,255,231,255,193,5,61,168,129,0,0,0,0,0,0,0
3.461539,3.435018,108,255,231,255,193,5,61,168,129,0,0,0,0,0,0,0
3.461539,3.470739,108,255,231,255,193,5,61,168,129,0,0,0,0,0,0,0
3.516484,3.506562,108,255,232,255,193,5,61,168,129,0,0,0,0,0,0,0
3.516484,3.542287,108,254,232,255,193,5,61,168,129,0,0,0,0,0,0,0
3.571429,3.578008,108,254,232,255,193,5,61,168,129,0,0,0,0,0,0,0
3.626374,3.613733,108,254,232,255,193,5,61,168,129,0,0,0,0,0,0,0
3.626374,3.649558,108,255,232,255,194,6,66,168,129,0,0,0,0,0,0,0
3.681319,3.685333,108,255,232,255,192,6,68,168,1,0,0,0,0,0,0,0
3.736264,3.719572,108,255,232,255,192,6,68,168,1,0,0,0,0,0,0,0
3.736264,3.753250,108,255,232,255,192,6,68,168,1,0,0,0,0,0,0,0
3.791209,3.786822,108,255,232,255,192,6,68,168,1,0,0,0,0,0,0,0
3.791209,3.820448,108,255,231,255,192,6,56,168,129,0,0,0,0,0,0,0
3.846154,3.854737,108,254,231,255,193,6,58,168,129,0,0,0,0,0,0,0
3.901099,3.888314,108,255,231,255,192,6,58,168,129,0,0,0,0,0,0,0
3.901099,3.921886,108,255,231,255,192,6,61,168,129,0,0,0,0,0,0,0
3.956044,3.955510,108,255,231,255,192,6,62,168,129,0,0,0,0,0,0,0
4.010989,3.989086,108,255,231,255,192,6,62,168,129,0,0,0,0,0,0,0
4.010989,4.022762,108,255,232,255,192,6,62,168,129,0,0,0,0,0,0,0
4.065934,4.056333,108,254,232,255,192,6,62,168,129,0,0,0,0,0,0,0
4.065934,4.089909,108,254,232,255,192,6,62,168,129,0,0,0,0,0,0,0
4.120879,4.123636,108,255,231,255,192,6,62,168,129,0,0,0,0,0,0,0
4.175824,4.157311,108,255,231,255,193,5,59,168,1,0,0,0,0,0,0,0
4.175824,4.191550,108,254,231,255,194,6,62,168,1,0,0,0,0,0,0,0
4.230769,4.225175,108,254,231,255,194,6,62,168,1,0,0,0,0,0,0,0
4.230769,4.258748,108,254,231,255,194,6,62,168,1,0,0,0,0,0,0,0
4.285714,4.292580,108,255,231,255,194,6,62,168,1,0,0,0,0,0,0,0
4.340659,4.326152,108,255,231,255,193,6,62,168,129,0,0,0,0,0,0,0
4.340659,4.360492,108,255,231,255,193,6,62,168,129,0,0,0,0,0,0,0
4.395605,4.394221,108,254,231,255,193,6,62,168,129,0,0,0,0,0,0,0
4.450550,4.427896,108,254,231,255,193,5,64,168,129,0,0,0,0,0,0,0
4.450550,4.461576,108,255,231,255,193,5,64,168,129,0,0,0,0,0,0,0
4.505495,4.495199,108,255,231,255,193,6,66,168,129,0,0,0,0,0,0,0
4.505495,4.528873,108,255,231,255,193,6,66,168,129,0,0,0,0,0,0,0
4.560440,4.562500,108,255,231,255,193,6,66,168,129,0,0,0,0,0,0,0
4.615385,4.596073,108,255,231,255,193,6,66,168,129,0,0,0,0,0,0,0
4.615385,4.629646,108,255,231,255,193,6,66,168,129,0,0,0,0,0,0,0
4.670330,4.663218,108,255,231,255,193,6,66,168,129,0,0,0,0,0,0,0
4.670330,4.696795,108,255,231,255,193,6,66,168,129,0,0,0,0,0,0,0
4.725275,4.730419,108,254,231,255,193,6,66,168,129,0,0,0,0,0,0,0
4.780220,4.766243,108,254,232,255,192,5,61,168,1,0,0,0,0,0,0,0
4.780220,4.800483,108,255,231,255,192,5,61,168,1,0,0,0,0,0,0,0
4.835165,4.834108,108,255,231,255,192,5,61,168,1,0,0,0,0,0,0,0
4.890110,4.867682,108,255,231,255,192,5,61,168,1,0,0,0,0,0,0,0
4.890110,4.901307,108,255,231,255,192,5,61,168,1,0,0,0,0,0,0,0
4.945055,4.935032,108,255,231,255,192,5,61,168,1,0,0,0,0,0,0,0
4.945055,4.968609,108,255,231,255,192,5,61,168,1,0,0,0,0,0,0,0
5.000000,5.002234,108,254,231,255,193,5,61,168,1,0,0,0,0,0,0,0
5.054945,5.035805,108,255,231,255,193,5,67,168,129,0,0,0,0,0,0,0
5.054945,5.070045,108,255,231,255,193,5,67,168,129,0,0,0,0,0,0,0
5.109890,5.103619,108,255,231,255,193,5,67,168,129,0,0,0,0,0,0,0
5.109890,5.137195,108,254,231,255,193,5,67,168,129,0,0,0,0,0,0,0
5.164835,5.170816,108,255,231,255,194,6,67,168,129,0,0,0,0,0,0,0
5.219780,5.204548,108,255,231,255,194,6,66,168,1,0,0,0,0,0,0,0
5.219780,5.238787,108,255,231,255,194,6,66,168,1,0,0,0,0,0,0,0
5.274725,5.272408,108,255,231,255,194,6,66,168,1,0,0,0,0,0,0,0
5.329670,5.306086,108,255,231,255,194,6,66,168,1,0,0,0,0,0,0,0
5.329670,5.339659,108,254,231,255,192,6,62,168,1,0,0,0,0,0,0,0
5.384615,5.373233,108,254,231,255,192,6,62,168,1,0,0,0,0,0,0,0
5.384615,5.406806,108,254,231,255,192,6,62,168,1,0,0,0,0,0,0,0
5.439560,5.440432,108,254,231,255,192,6,62,168,1,0,0,0,0,0,0,0
5.494505,5.474110,108,254,231,255,192,6,62,168,1,0,0,0,0,0,0,0
5.494505,5.507682,108,254,231,255,192,6,62,168,1,0,0,0,0,0,0,0
5.549450,5.541257,108,254,231,255,192,6,62,168,1,0,0,0,0,0,0,0
5.549450,5.574882,108,255,231,255,192,6,62,168,1,0,0,0,0,0,0,0
5.604395,5.608607,108,255,231,255,194,6,66,168,129,0,0,0,0,0,0,0
5.659341,5.642849,108,255,231,255,194,6,66,168,129,0,0,0,0,0,0,0
5.659341,5.676472,108,255,231,255,193,5,68,168,1,0,0,0,0,0,0,0
5.714286,5.710711,108,254,231,255,194,5,65,168,1,0,0,0,0,0,0,0
5.769231,5.744334,108,255,231,255,192,5,65,168,1,0,0,0,0,0,0,0
5.769231,5.777960,108,255,231,255,192,5,62,168,1,0,0,0,0,0,0,0
5.824176,5.811738,108,255,231,255,192,5,62,168,1,0,0,0,0,0,0,0
5.824176,5.845467,108,254,231,255,192,5,58,168,1,0,0,0,0,0,0,0
5.879121,5.879093,108,254,231,255,192,5,58,168,1,0,0,0,0,0,0,0
5.934066,5.912767,108,254,231,255,193,6,58,168,1,0,0,0,0,0,0,0
5.934066,5.946445,108,255,231,255,193,6,61,168,1,0,0,0,0,0,0,0
5.989011,5.980071,108,255,231,255,193,6,62,168,129,0,0,0,0,0,0,0
5.989011,6.014358,108,254,231,255,193,5,61,168,129,0,0,0,0,0,0,0
6.043956,6.047984,108,254,231,255,193,5,61,168,129,0,0,0,0,0,0,0
6.098901,6.081761,108,255,231,255,193,6,61,168,129,0,0,0,0,0,0,0
6.098901,6.115386,108,255,231,255,193,6,62,168,129,0,0,0,0,0,0,0
6.153846,6.148961,108,254,231,255,193,6,62,168,129,0,0,0,0,0,0,0
6.153846,6.182534,108,254,231,255,192,6,62,168,129,0,0,0,0,0,0,0
6.208791,6.216159,108,254,231,255,192,6,62,168,129,0,0,0,0,0,0,0
6.263736,6.249733,108,254,231,255,192,6,62,168,129,0,0,0,0,0,0,0
6.263736,6.283306,108,254,231,255,192,6,62,168,129,0,0,0,0,0,0,0
6.318681,6.316932,108,254,231,255,192,6,62,168,129,0,0,0,0,0,0,0
6.373626,6.350506,108,254,231,255,192,6,62,168,129,0,0,0,0,0,0,0
6.373626,6.384132,108,254,231,255,192,6,62,168,129,0,0,0,0,0,0,0
6.428571,6.417704,108,254,231,255,192,6,62,168,129,0,0,0,0,0,0,0
6.428571,6.451279,108,254,231,255,192,6,62,168,129,0,0,0,0,0,0,0
6.483517,6.484905,108,254,231,255,192,6,62,168,129,0,0,0,0,0,0,0
6.538462,6.518476,108,254,231,255,192,6,62,168,129,0,0,0,0,0,0,0
6.538462,6.552154,108,254,231,255,192,6,62,168,129,0,0,0,0,0,0,0
6.593407,6.585727,108,254,231,255,192,6,62,168,129,0,0,0,0,0,0,0
6.593407,6.619401,108,254,231,255,192,6,63,168,129,0,0,0,0,0,0,0
6.648352,6.653027,108,254,231,255,192,6,63,168,129,0,0,0,0,0,0,0
6.703297,6.686601,108,254,231,255,192,6,63,168,129,0,0,0,0,0,0,0
6.703297,6.720278,108,254,230,255,192,6,63,168,129,0,0,0,0,0,0,0
6.758242,6.753952,108,254,230,255,192,6,63,168,129,0,0,0,0,0,0,0
6.813187,6.787529,108,254,230,255,192,6,63,168,129,0,0,0,0,0,0,0
6.813187,6.821102,108,254,230,255,192,6,63,168,129,0,0,0,0,0,0,0
6.868132,6.854675,108,254,230,255,192,6,63,168,129,0,0,0,0,0,0,0
6.868132,6.888300,108,254,230,255,192,6,63,168,129,0,0,0,0,0,0,0
6.923077,6.921924,108,255,231,255,194,5,62,168,1,0,0,0,0,0,0,0
6.978022,6.956163,108,255,231,255,194,5,62,168,1,0,0,0,0,0,0,0
6.978022,6.989892,108,255,231,255,194,5,62,168,1,0,0,0,0,0,0,0
7.032967,7.023466,108,255,231,255,194,5,62,168,1,0,0,0,0,0,0,0
7.032967,7.057039,108,255,231,255,193,5,62,168,1,0,0,0,0,0,0,0
7.087912,7.090663,108,255,231,255,193,5,62,168,1,0,0,0,0,0,0,0
7.142857,7.124286,108,254,231,255,192,6,66,168,129,0,0,0,0,0,0,0
7.142857,7.160677,108,254,231,255,192,6,66,168,129,0,0,0,0,0,0,0
7.197802,7.196399,108,255,231,255,192,6,66,168,129,0,0,0,0,0,0,0
7.252747,7.232177,108,255,231,255,192,6,66,168,129,0,0,0,0,0,0,0
7.252747,7.267849,108,254,231,255,192,6,66,168,129,0,0,0,0,0,0,0
7.307693,7.303623,108,254,231,255,192,6,66,168,129,0,0,0,0,0,0,0
7.362638,7.339447,108,254,231,255,192,6,66,168,129,0,0,0,0,0,0,0
7.362638,7.375171,108,254,231,255,192,6,66,168,129,0,0,0,0,0,0,0
7.417583,7.410844,108,254,231,255,192,6,66,168,129,0,0,0,0,0,0,0
7.472528,7.446565,108,254,231,255,193,6,67,168,129,0,0,0,0,0,0,0
7.472528,7.482238,108,255,231,255,193,6,67,168,1,0,0,0,0,0,0,0
7.527472,7.518576,108,255,231,255,193,6,69,168,1,0,0,0,0,0,0,0
7.527472,7.552150,108,254,231,255,193,6,69,168,1,0,0,0,0,0,0,0
7.582417,7.585824,108,254,231,255,193,5,65,168,1,0,0,0,0,0,0,0
7.637362,7.619398,108,255,231,255,192,5,64,168,129,0,0,0,0,0,0,0
7.637362,7.653789,108,254,231,255,192,5,64,168,129,0,0,0,0,0,0,0
7.692307,7.687415,108,254,231,255,192,5,64,168,129,0,0,0,0,0,0,0
7.747253,7.720988,108,254,231,255,192,5,64,168,129,0,0,0,0,0,0,0
7.747253,7.754666,108,254,231,255,192,5,64,168,129,0,0,0,0,0,0,0
7.802198,7.788240,108,255,231,255,192,5,60,168,129,0,0,0,0,0,0,0
7.802198,7.821813,108,255,231,255,192,5,60,168,129,0,0,0,0,0,0,0
7.857143,7.855439,108,255,231,255,192,5,60,168,129,0,0,0,0,0,0,0
7.912088,7.889064,108,255,231,255,192,5,60,168,129,0,0,0,0,0,0,0
7.912088,7.922689,108,255,231,255,192,5,60,168,129,0,0,0,0,0,0,0
7.967033,7.956262,108,255,231,255,192,5,60,168,129,0,0,0,0,0,0,0
7.967033,7.989836,108,255,231,255,192,5,60,168,129,0,0,0,0,0,0,0
8.021978,8.023510,108,255,231,255,192,5,60,168,129,0,0,0,0,0,0,0
8.076923,8.057087,108,254,231,255,192,5,60,168,129,0,0,0,0,0,0,0
8.076923,8.090661,108,254,231,255,193,6,59,168,1,0,0,0,0,0,0,0
8.131868,8.125000,108,254,231,255,193,6,59,168,1,0,0,0,0,0,0,0
8.131868,8.158574,108,254,231,255,193,5,58,168,1,0,0,0,0,0,0,0
8.186813,8.192199,108,254,231,255,193,5,58,168,1,0,0,0,0,0,0,0
8.241758,8.225773,108,254,231,255,193,5,58,168,1,0,0,0,0,0,0,0
8.241758,8.259346,108,255,231,255,193,6,56,168,129,0,0,0,0,0,0,0
8.296703,8.293640,108,255,231,255,192,5,55,168,129,0,0,0,0,0,0,0
8.351648,8.327211,108,255,231,255,194,6,56,168,129,0,0,0,0,0,0,0
8.351648,8.360886,108,255,231,255,194,6,56,168,129,0,0,0,0,0,0,0
8.406593,8.394512,108,255,231,255,194,6,56,168,129,0,0,0,0,0,0,0
8.406593,8.428083,108,254,231,255,194,6,56,168,129,0,0,0,0,0,0,0
8.461538,8.461710,108,255,231,255,193,5,56,168,1,0,0,0,0,0,0,0
8.516483,8.495951,108,255,231,255,194,5,58,167,1,0,0,0,0,0,0,0
8.516483,8.529575,108,255,231,255,194,5,58,167,1,0,0,0,0,0,0,0
8.571428,8.563201,108,255,231,255,193,5,55,167,1,0,0,0,0,0,0,0
8.571428,8.598975,108,255,231,255,193,5,55,168,1,0,0,0,0,0,0,0
8.626373,8.632601,108,254,231,255,193,5,55,168,1,0,0,0,0,0,0,0
8.681318,8.666172,108,254,231,255,193,5,55,168,1,0,0,0,0,0,0,0
8.681318,8.699748,108,254,231,255,193,5,55,168,1,0,0,0,0,0,0,0
8.736263,8.733423,108,254,231,255,193,5,55,168,1,0,0,0,0,0,0,0
8.791209,8.767097,108,255,231,255,193,5,55,168,1,0,0,0,0,0,0,0
8.791209,8.800776,108,255,231,255,193,5,55,168,1,0,0,0,0,0,0,0
8.846154,8.834348,108,254,231,255,193,5,55,168,1,0,0,0,0,0,0,0
8.846154,8.867924,108,254,231,255,193,6,55,167,129,0,0,0,0,0,0,0
8.901099,8.902213,108,254,231,255,193,6,55,167,129,0,0,0,0,0,0,0
8.956044,8.935786,108,254,231,255,193,6,56,167,129,0,0,0,0,0,0,0
8.956044,8.969360,108,254,231,255,193,6,56,167,129,0,0,0,0,0,0,0
9.010989,9.002986,108,254,231,255,193,6,56,167,129,0,0,0,0,0,0,0
9.010989,9.036713,108,254,231,255,193,6,56,167,129,0,0,0,0,0,0,0
9.065934,9.070338,108,255,231,255,193,5,59,168,1,0,0,0,0,0,0,0
9.120879,9.104576,108,255,231,255,193,5,59,168,1,0,0,0,0,0,0,0
9.120879,9.138250,108,255,231,255,193,5,59,168,1,0,0,0,0,0,0,0
9.175824,9.171876,108,255,230,255,193,5,59,168,1,0,0,0,0,0,0,0
9.230769,9.205452,108,255,230,255,193,5,59,168,1,0,0,0,0,0,0,0
9.230769,9.239023,108,255,230,255,193,5,59,168,1,0,0,0,0,0,0,0
9.285714,9.272649,108,255,230,255,193,5,59,168,1,0,0,0,0,0,0,0
9.285714,9.306326,108,255,230,255,193,5,59,168,1,0,0,0,0,0,0,0
9.340659,9.339952,108,254,230,255,193,5,59,168,1,0,0,0,0,0,0,0
9.395604,9.373525,108,254,230,255,193,5,59,168,1,0,0,0,0,0,0,0
9.395604,9.407099,108,254,230,255,193,5,59,168,1,0,0,0,0,0,0,0
9.450549,9.440672,108,254,230,255,193,5,59,168,1,0,0,0,0,0,0,0
9.505494,9.476446,108,255,230,255,193,5,59,168,1,0,0,0,0,0,0,0
9.505494,9.512172,108,255,230,255,193,5,59,168,1,0,0,0,0,0,0,0
9.560439,9.547893,108,255,230,255,193,5,59,168,1,0,0,0,0,0,0,0
9.560439,9.583667,107,254,230,255,193,5,59,168,1,0,0,0,0,0,0,0
9.615385,9.619390,108,255,230,255,193,5,59,168,1,0,0,0,0,0,0,0
9.670330,9.655113,108,255,230,255,193,6,63,168,1,0,0,0,0,0,0,0
9.670330,9.690839,108,254,231,255,193,6,63,168,1,0,0,0,0,0,0,0
9.725275,9.726560,108,254,230,255,194,6,62,168,1,0,0,0,0,0,0,0
9.780220,9.762284,108,255,230,255,194,6,62,168,1,0,0,0,0,0,0,0
9.780220,9.795858,108,255,230,255,194,6,62,168,1,0,0,0,0,0,0,0
9.835165,9.829584,108,255,230,255,194,6,62,168,1,0,0,0,0,0,0,0
9.890110,9.863313,108,255,230,255,194,6,62,168,1,0,0,0,0,0,0,0
9.890110,9.896888,108,254,231,255,192,6,61,168,129,0,0,0,0,0,0,0
9.945055,9.931123,108,254,231,255,192,6,61,168,129,0,0,0,0,0,0,0
9.945055,9.964852,107,255,231,255,193,6,61,168,129,0,0,0,0,0,0,0
10.000000,9.998479,107,255,231,255,193,6,63,168,129,0,0,0,0,0,0,0
10.054945,10.032050,108,255,231,255,193,6,63,168,129,0,0,0,0,0,0,0
10.054945,10.065625,108,255,231,255,193,5,62,168,129,0,0,0,0,0,0,0
10.109890,10.099298,108,255,231,255,193,5,62,168,129,0,0,0,0,0,0,0
10.109890,10.132924,108,255,230,255,193,5,62,168,129,0,0,0,0,0,0,0
10.164835,10.166549,107,254,231,255,193,5,66,168,1,0,0,0,0,0,0,0
10.219780,10.200789,108,255,231,255,193,6,66,167,1,0,0,0,0,0,0,0
10.219780,10.234363,108,255,231,255,193,6,66,167,1,0,0,0,0,0,0,0
10.274725,10.267936,108,255,231,255,193,6,66,167,1,0,0,0,0,0,0,0
10.274725,10.301510,108,254,230,255,192,6,66,167,1,0,0,0,0,0,0,0
10.329670,10.335135,108,254,230,255,192,6,66,168,1,0,0,0,0,0,0,0
10.384615,10.368813,108,254,230,255,192,6,66,168,1,0,0,0,0,0,0,0
10.384615,10.402439,107,254,230,255,192,6,64,168,129,0,0,0,0,0,0,0
10.439561,10.436727,107,255,230,255,192,6,64,168,129,0,0,0,0,0,0,0
10.494506,10.470301,108,254,230,255,192,6,64,168,129,0,0,0,0,0,0,0
10.494506,10.503924,108,254,230,255,192,6,64,168,129,0,0,0,0,0,0,0
10.549451,10.537553,108,254,230,255,192,6,64,168,129,0,0,0,0,0,0,0
10.549451,10.571123,108,254,230,255,193,5,69,168,129,0,0,0,0,0,0,0
10.604396,10.604750,108,254,231,255,194,6,65,167,129,0,0,0,0,0,0,0
10.659341,10.638423,108,255,231,255,193,6,66,168,129,0,0,0,0,0,0,0
10.659341,10.672000,107,254,231,255,194,5,66,168,129,0,0,0,0,0,0,0
10.714286,10.705573,107,254,231,255,194,5,66,167,1,0,0,0,0,0,0,0
10.714286,10.739810,107,254,231,255,194,5,66,167,1,0,0,0,0,0,0,0
10.769231,10.773435,107,254,231,255,194,5,71,167,1,0,0,0,0,0,0,0
10.824176,10.807010,107,254,231,255,194,5,71,167,1,0,0,0,0,0,0,0
10.824176,10.842732,107,254,231,255,194,5,71,167,1,0,0,0,0,0,0,0
10.879121,10.876359,108,254,231,255,193,6,71,167,1,0,0,0,0,0,0,0
10.934066,10.909933,108,255,230,255,193,6,62,168,1,0,0,0,0,0,0,0
10.934066,10.943558,108,255,230,255,194,5,63,168,1,0,0,0,0,0,0,0
10.989011,10.977132,108,255,230,255,194,5,63,168,1,0,0,0,0,0,0,0
10.989011,11.010704,108,255,230,255,194,5,63,168,1,0,0,0,0,0,0,0
11.043956,11.044331,107,255,231,255,193,6,62,168,1,0,0,0,0,0,0,0
11.098901,11.077905,108,254,231,255,193,6,62,168,129,0,0,0,0,0,0,0
11.098901,11.112192,108,254,231,255,193,6,62,168,129,0,0,0,0,0,0,0
11.153846,11.145768,108,254,231,255,193,6,62,168,129,0,0,0,0,0,0,0
11.153846,11.179341,108,254,230,255,193,6,62,168,129,0,0,0,0,0,0,0
11.208791,11.213068,108,255,230,255,193,6,62,168,129,0,0,0,0,0,0,0
11.263737,11.246642,107,255,230,255,193,6,62,168,129,0,0,0,0,0,0,0
11.263737,11.280269,107,255,230,255,193,6,62,168,129,0,0,0,0,0,0,0
11.318682,11.313895,107,255,230,255,193,6,62,168,129,0,0,0,0,0,0,0
11.373627,11.347518,107,255,230,255,193,6,62,168,129,0,0,0,0,0,0,0
11.373627,11.381091,107,255,230,255,193,6,62,168,129,0,0,0,0,0,0,0
11.428572,11.414664,108,255,230,255,193,6,62,168,129,0,0,0,0,0,0,0
11.428572,11.448238,108,255,230,255,193,6,62,168,129,0,0,0,0,0,0,0
11.483517,11.481965,108,255,230,255,193,6,62,168,129,0,0,0,0,0,0,0
11.538462,11.515537,108,255,230,255,193,6,62,168,129,0,0,0,0,0,0,0
11.538462,11.549111,108,255,230,255,193,6,62,168,129,0,0,0,0,0,0,0
11.593407,11.582688,108,255,230,255,193,6,67,168,129,0,0,0,0,0,0,0
11.593407,11.616261,108,255,230,255,193,6,67,168,129,0,0,0,0,0,0,0
11.648352,11.649884,108,254,230,255,193,6,67,168,129,0,0,0,0,0,0,0
11.703297,11.683560,107,254,230,255,193,6,67,168,129,0,0,0,0,0,0,0
11.703297,11.717136,107,255,230,255,193,6,67,168,129,0,0,0,0,0,0,0
11.758242,11.750708,107,254,230,255,193,6,67,168,129,0,0,0,0,0,0,0
11.758242,11.784386,107,255,230,255,193,5,67,168,129,0,0,0,0,0,0,0
11.813187,11.818010,108,254,230,255,193,5,64,167,1,0,0,0,0,0,0,0
11.868132,11.852300,108,254,230,255,193,5,64,167,1,0,0,0,0,0,0,0
11.868132,11.885872,108,254,230,255,193,5,64,167,1,0,0,0,0,0,0,0
11.923077,11.919602,108,254,230,255,193,5,64,167,1,0,0,0,0,0,0,0
11.978022,11.953276,108,254,230,255,193,5,64,167,1,0,0,0,0,0,0,0
11.978022,11.986851,108,255,230,255,193,5,64,167,1,0,0,0,0,0,0,0
12.032967,12.020427,108,254,230,255,193,5,64,167,1,0,0,0,0,0,0,0
12.032967,12.054001,108,254,230,255,193,5,64,167,1,0,0,0,0,0,0,0
12.087913,12.087623,107,255,230,255,192,6,65,168,129,0,0,0,0,0,0,0
12.142858,12.121913,108,255,230,255,192,6,65,168,129,0,0,0,0,0,0,0
12.142858,12.155539,108,255,230,255,193,6,65,168,129,0,0,0,0,0,0,0
12.197803,12.189215,108,255,230,255,193,6,63,168,129,0,0,0,0,0,0,0
12.197803,12.222890,108,255,230,255,193,6,63,168,129,0,0,0,0,0,0,0
12.252748,12.256516,108,255,230,255,193,6,63,168,129,0,0,0,0,0,0,0
12.307693,12.290090,108,255,230,255,193,6,63,168,129,0,0,0,0,0,0,0
12.307693,12.323663,108,255,230,255,193,6,63,168,129,0,0,0,0,0,0,0
12.362638,12.357288,108,255,230,255,193,6,63,168,129,0,0,0,0,0,0,0
12.417583,12.390862,108,255,230,255,193,6,63,168,129,0,0,0,0,0,0,0
12.417583,12.424435,108,255,230,255,193,6,63,168,129,0,0,0,0,0,0,0
12.472528,12.458008,108,255,230,255,193,6,63,168,129,0,0,0,0,0,0,0
12.472528,12.491634,108,255,230,255,193,6,63,168,129,0,0,0,0,0,0,0
12.527472,12.525261,107,254,230,255,193,6,63,168,129,0,0,0,0,0,0,0
12.582417,12.558886,107,254,230,255,193,6,67,167,1,0,0,0,0,0,0,0
12.582417,12.593124,108,254,230,255,193,6,67,167,1,0,0,0,0,0,0,0
12.637362,12.626698,108,254,230,255,193,6,67,167,1,0,0,0,0,0,0,0
12.637362,12.660373,108,254,230,255,193,6,67,167,1,0,0,0,0,0,0,0
12.692307,12.693998,107,255,230,255,193,6,67,167,1,0,0,0,0,0,0,0
12.747252,12.727571,107,255,230,255,193,6,67,167,1,0,0,0,0,0,0,0
12.747252,12.763296,107,255,230,255,193,6,67,167,1,0,0,0,0,0,0,0
12.802197,12.799016,107,255,230,255,193,6,67,167,1,0,0,0,0,0,0,0
12.857142,12.834743,107,255,230,255,193,6,67,167,1,0,0,0,0,0,0,0
12.857142,12.870467,107,255,230,255,193,6,67,167,1,0,0,0,0,0,0,0
12.912087,12.906291,107,255,230,255,193,6,67,167,1,0,0,0,0,0,0,0
12.967033,12.942012,107,255,230,255,193,6,67,167,1,0,0,0,0,0,0,0
12.967033,12.977736,107,254,230,255,193,6,67,167,1,0,0,0,0,0,0,0
13.021978,13.013510,107,254,230,255,193,6,67,167,1,0,0,0,0,0,0,0
13.076923,13.049237,107,254,230,255,193,6,67,167,1,0,0,0,0,0,0,0
13.076923,13.084956,107,254,230,255,193,6,67,167,1,0,0,0,0,0,0,0
13.131868,13.120629,108,254,230,255,193,6,64,168,1,0,0,0,0,0,0,0
13.186813,13.156353,107,255,230,255,193,6,64,168,1,0,0,0,0,0,0,0
13.186813,13.192074,107,255,230,255,193,6,64,168,1,0,0,0,0,0,0,0
13.241758,13.227799,107,255,230,255,193,6,64,168,1,0,0,0,0,0,0,0
13.241758,13.263573,107,255,230,255,193,6,64,168,1,0,0,0,0,0,0,0
13.296703,13.299298,108,254,230,255,193,6,64,168,1,0,0,0,0,0,0,0
13.351648,13.335022,108,254,230,255,193,6,64,168,1,0,0,0,0,0,0,0
13.351648,13.370691,108,254,230,255,193,6,64,168,1,0,0,0,0,0,0,0
13.406593,13.406417,107,255,230,255,193,6,64,168,1,0,0,0,0,0,0,0
13.461538,13.442142,107,255,230,255,193,6,64,168,1,0,0,0,0,0,0,0
13.461538,13.477862,107,255,230,255,193,6,64,168,1,0,0,0,0,0,0,0
13.516483,13.513687,107,255,230,255,193,6,64,168,1,0,0,0,0,0,0,0
13.571428,13.549359,107,254,230,255,193,6,64,168,1,0,0,0,0,0,0,0
13.571428,13.585033,107,254,230,255,193,6,64,168,1,0,0,0,0,0,0,0
13.626373,13.620857,107,254,230,255,193,6,64,168,1,0,0,0,0,0,0,0
13.681318,13.656529,107,255,230,255,193,6,64,168,1,0,0,0,0,0,0,0
13.681318,13.692254,107,255,230,255,193,6,64,168,1,0,0,0,0,0,0,0
13.736263,13.727925,107,255,230,255,193,6,64,168,1,0,0,0,0,0,0,0
13.791209,13.763648,107,255,230,255,193,6,64,168,1,0,0,0,0,0,0,0
13.791209,13.799321,107,255,230,255,193,6,64,168,1,0,0,0,0,0,0,0
13.846154,13.834994,108,255,230,255,193,6,64,168,1,0,0,0,0,0,0,0
13.901099,13.870767,108,255,230,255,192,6,62,168,129,0,0,0,0,0,0,0
13.901099,13.907155,108,255,230,255,192,6,62,168,129,0,0,0,0,0,0,0
13.956044,13.942826,108,255,230,255,192,6,62,168,129,0,0,0,0,0,0,0
13.956044,13.978552,107,254,230,255,192,6,62,168,129,0,0,0,0,0,0,0
14.010989,14.014277,107,255,230,255,192,6,62,168,129,0,0,0,0,0,0,0
14.065934,14.049946,107,255,230,255,192,6,62,168,129,0,0,0,0,0,0,0
14.065934,14.085672,107,255,230,255,192,6,62,168,129,0,0,0,0,0,0,0
14.120879,14.121444,107,255,230,255,192,6,62,168,129,0,0,0,0,0,0,0
14.175824,14.157168,107,255,230,255,192,6,62,168,129,0,0,0,0,0,0,0
14.175824,14.192842,108,255,230,255,192,6,62,168,129,0,0,0,0,0,0,0
14.230769,14.228666,108,255,230,255,192,6,62,168,129,0,0,0,0,0,0,0
14.285714,14.264339,107,254,230,255,192,6,62,168,129,0,0,0,0,0,0,0
14.285714,14.300012,108,255,229,255,192,6,62,168,129,0,0,0,0,0,0,0
14.340659,14.335734,108,254,229,255,194,6,61,167,129,0,0,0,0,0,0,0
14.395604,14.371457,108,254,230,255,194,5,66,167,129,0,0,0,0,0,0,0
14.395604,14.405032,108,254,230,255,194,5,66,167,129,0,0,0,0,0,0,0
14.450549,14.438658,107,255,230,255,194,5,66,167,129,0,0,0,0,0,0,0
14.450549,14.472231,107,255,230,255,194,5,66,167,129,0,0,0,0,0,0,0
14.505494,14.505958,107,254,230,255,194,5,66,167,129,0,0,0,0,0,0,0
14.560439,14.539529,107,254,230,255,193,5,66,167,129,0,0,0,0,0,0,0
14.560439,14.573104,107,254,230,255,193,5,66,167,129,0,0,0,0,0,0,0
14.615385,14.606833,107,254,230,255,193,5,64,167,1,0,0,0,0,0,0,0
14.615385,14.641120,107,254,230,255,193,5,64,167,1,0,0,0,0,0,0,0
14.670330,14.674746,108,254,230,255,193,5,64,167,1,0,0,0,0,0,0,0
14.725275,14.708322,108,254,230,255,193,5,64,167,1,0,0,0,0,0,0,0
14.725275,14.741944,108,254,230,255,193,5,64,167,1,0,0,0,0,0,0,0
14.780220,14.775671,107,254,230,255,193,6,55,167,1,0,0,0,0,0,0,0
14.835165,14.809245,107,254,230,255,193,6,55,167,1,0,0,0,0,0,0,0
14.835165,14.842822,108,254,230,255,193,6,55,167,1,0,0,0,0,0,0,0
14.890110,14.876395,108,254,230,255,193,5,56,167,129,0,0,0,0,0,0,0
14.890110,14.910683,107,254,230,255,193,5,56,167,129,0,0,0,0,0,0,0
14.945055,14.944307,107,254,229,255,193,6,59,168,129,0,0,0,0,0,0,0
15.000000,14.977882,107,254,229,255,193,6,59,168,129,0,0,0,0,0,0,0
15.000000,15.011456,107,255,230,255,194,6,59,168,129,0,0,0,0,0,0,0
15.054945,15.045133,107,254,230,255,194,6,55,167,129,0,0,0,0,0,0,0
15.054945,15.078757,107,254,230,255,194,6,55,167,129,0,0,0,0,0,0,0
15.109890,15.112383,107,254,230,255,194,6,55,167,129,0,0,0,0,0,0,0
15.164835,15.145959,107,254,230,255,193,6,55,167,1,0,0,0,0,0,0,0
15.164835,15.180245,107,255,229,255,192,5,56,167,1,0,0,0,0,0,0,0
15.219780,15.213870,107,255,230,255,194,5,56,167,1,0,0,0,0,0,0,0
15.274725,15.247498,107,255,230,255,194,5,58,167,1,0,0,0,0,0,0,0
15.274725,15.281123,107,255,230,255,194,5,58,167,1,0,0,0,0,0,0,0
15.329670,15.314795,107,255,230,255,193,5,56,167,1,0,0,0,0,0,0,0
15.329670,15.348369,107,255,230,255,193,5,56,167,1,0,0,0,0,0,0,0
15.384615,15.381995,107,254,230,255,193,5,56,167,1,0,0,0,0,0,0,0
15.439561,15.415567,107,255,230,255,193,5,56,167,1,0,0,0,0,0,0,0
15.439561,15.451344,107,255,230,255,193,5,56,167,1,0,0,0,0,0,0,0
15.494506,15.484921,107,255,229,255,193,5,56,167,129,0,0,0,0,0,0,0
15.494506,15.519157,107,254,230,255,192,5,52,167,129,0,0,0,0,0,0,0
15.549451,15.552937,107,254,229,255,193,5,56,167,129,0,0,0,0,0,0,0
15.604396,15.586509,107,255,230,255,192,5,56,167,129,0,0,0,0,0,0,0
15.604396,15.620083,107,254,230,255,192,6,54,167,129,0,0,0,0,0,0,0
15.659341,15.653709,107,254,230,255,192,6,54,167,129,0,0,0,0,0,0,0
15.714286,15.687281,107,254,230,255,192,6,54,167,129,0,0,0,0,0,0,0
15.714286,15.720956,107,254,230,255,193,5,52,167,129,0,0,0,0,0,0,0
15.769231,15.754533,107,254,230,255,193,5,52,167,1,0,0,0,0,0,0,0
15.769231,15.788873,107,255,230,255,193,5,52,167,1,0,0,0,0,0,0,0
15.824176,15.822498,107,255,230,255,193,5,52,167,1,0,0,0,0,0,0,0
15.879121,15.856123,107,255,230,255,193,5,52,167,1,0,0,0,0,0,0,0
15.879121,15.889696,107,255,230,255,192,6,52,167,1,0,0,0,0,0,0,0
15.934066,15.923270,107,255,230,255,192,6,52,167,1,0,0,0,0,0,0,0
15.934066,15.956844,107,255,229,255,192,6,52,167,1,0,0,0,0,0,0,0
15.989011,15.990570,107,255,229,255,192,6,52,167,1,0,0,0,0,0,0,0
16.043957,16.024145,107,255,229,255,192,6,52,167,1,0,0,0,0,0,0,0
16.043957,16.057716,107,255,229,255,192,6,52,167,1,0,0,0,0,0,0,0
16.098902,16.091343,107,255,229,255,192,6,52,167,1,0,0,0,0,0,0,0
16.153847,16.124918,107,255,230,255,193,6,52,167,1,0,0,0,0,0,0,0
16.153847,16.158592,107,255,230,255,193,6,53,167,129,0,0,0,0,0,0,0
16.208792,16.192833,107,255,230,255,193,6,53,167,129,0,0,0,0,0,0,0
16.208792,16.226507,107,254,229,255,192,5,56,167,1,0,0,0,0,0,0,0
16.263737,16.260799,107,255,229,255,192,5,56,167,1,0,0,0,0,0,0,0
16.318682,16.294373,107,255,229,255,192,5,56,167,1,0,0,0,0,0,0,0
16.318682,16.328049,107,255,229,255,192,5,56,167,1,0,0,0,0,0,0,0
16.373627,16.361624,107,255,229,255,192,5,56,167,1,0,0,0,0,0,0,0
16.373627,16.395250,107,255,229,255,192,5,56,167,1,0,0,0,0,0,0,0
16.428572,16.428869,107,255,229,255,192,5,56,167,1,0,0,0,0,0,0,0
16.483517,16.462446,107,255,229,255,192,5,56,167,1,0,0,0,0,0,0,0
16.483517,16.496120,107,254,229,255,192,5,56,167,1,0,0,0,0,0,0,0
16.538462,16.529747,107,254,229,255,192,5,56,167,1,0,0,0,0,0,0,0
16.538462,16.563320,107,254,229,255,192,5,56,167,1,0,0,0,0,0,0,0
16.593407,16.596947,107,254,229,255,192,5,56,167,1,0,0,0,0,0,0,0
16.648352,16.630518,107,254,229,255,192,5,56,167,1,0,0,0,0,0,0,0
16.648352,16.664145,107,254,229,255,193,6,56,167,1,0,0,0,0,0,0,0
16.703297,16.697769,107,254,229,255,193,6,55,167,129,0,0,0,0,0,0,0
16.758242,16.732010,107,255,229,255,193,6,55,167,129,0,0,0,0,0,0,0
16.758242,16.765684,107,255,229,255,193,6,55,167,129,0,0,0,0,0,0,0
16.813187,16.799311,107,254,230,255,194,5,57,167,1,0,0,0,0,0,0,0
16.813187,16.833549,107,255,230,255,194,5,57,167,1,0,0,0,0,0,0,0
16.868132,16.867275,107,255,230,255,194,5,57,167,1,0,0,0,0,0,0,0
16.923077,16.900900,107,255,229,255,194,5,57,167,1,0,0,0,0,0,0,0
16.923077,16.934525,107,255,229,255,194,6,57,167,1,0,0,0,0,0,0,0
16.978022,16.968100,107,255,229,255,194,6,57,167,1,0,0,0,0,0,0,0
17.032967,17.001726,107,254,229,255,194,6,57,167,1,0,0,0,0,0,0,0
17.032967,17.037447,107,255,229,255,194,6,57,167,1,0,0,0,0,0,0,0
17.087912,17.073118,107,254,229,255,194,6,57,167,129,0,0,0,0,0,0,0
17.087912,17.109457,107,255,229,255,194,6,57,167,129,0,0,0,0,0,0,0
17.142857,17.145182,107,254,229,255,193,6,61,167,129,0,0,0,0,0,0,0
17.197802,17.180904,107,254,229,255,193,6,61,167,129,0,0,0,0,0,0,0
17.197802,17.216728,107,254,229,255,193,6,61,167,129,0,0,0,0,0,0,0
17.252747,17.252455,107,254,229,255,193,6,61,167,129,0,0,0,0,0,0,0
17.307692,17.288174,107,254,229,255,192,6,59,167,129,0,0,0,0,0,0,0
17.307692,17.323898,107,254,229,255,192,6,59,167,129,0,0,0,0,0,0,0
17.362637,17.357634,107,254,229,255,192,6,59,167,129,0,0,0,0,0,0,0
17.417582,17.391199,107,254,229,255,193,6,57,167,1,0,0,0,0,0,0,0
17.417582,17.425438,107,254,229,255,193,6,57,167,1,0,0,0,0,0,0,0
17.472527,17.459011,107,254,230,255,192,6,59,167,1,0,0,0,0,0,0,0
17.472527,17.492586,107,254,230,255,192,6,59,167,1,0,0,0,0,0,0,0
17.527473,17.526211,107,255,230,255,192,6,59,167,1,0,0,0,0,0,0,0
17.582418,17.559837,107,255,230,255,192,6,59,167,1,0,0,0,0,0,0,0
17.582418,17.593462,107,255,229,255,194,6,61,167,1,0,0,0,0,0,0,0
17.637363,17.627136,107,255,230,255,194,6,61,167,1,0,0,0,0,0,0,0
17.637363,17.660711,107,255,230,255,194,6,61,167,1,0,0,0,0,0,0,0
17.692308,17.694334,107,255,230,255,194,6,61,167,1,0,0,0,0,0,0,0
17.747253,17.727913,107,255,230,255,194,6,61,167,1,0,0,0,0,0,0,0
17.747253,17.761484,107,255,230,255,194,6,61,167,1,0,0,0,0,0,0,0
17.802198,17.795210,107,254,229,255,193,6,61,167,129,0,0,0,0,0,0,0
17.857143,17.829502,107,255,229,255,193,6,61,167,129,0,0,0,0,0,0,0
17.857143,17.863176,107,254,229,255,194,6,61,167,129,0,0,0,0,0,0,0
17.912088,17.896854,107,254,229,255,194,6,55,167,129,0,0,0,0,0,0,0
17.912088,17.930428,107,254,229,255,194,6,55,167,129,0,0,0,0,0,0,0
17.967033,17.964052,107,254,230,255,193,6,57,167,1,0,0,0,0,0,0,0
18.021978,17.998295,107,254,230,255,193,6,57,167,1,0,0,0,0,0,0,0
18.021978,18.031916,107,254,229,255,194,6,57,167,1,0,0,0,0,0,0,0
18.076923,18.065487,107,255,229,255,192,6,57,167,1,0,0,0,0,0,0,0
18.076923,18.099165,107,255,229,255,192,6,52,167,1,0,0,0,0,0,0,0
18.131868,18.132891,107,255,229,255,193,6,56,167,1,0,0,0,0,0,0,0
18.186813,18.166571,107,255,229,255,193,6,56,167,1,0,0,0,0,0,0,0
18.186813,18.200142,107,254,229,255,193,6,56,167,1,0,0,0,0,0,0,0
18.241758,18.233768,107,254,229,255,193,6,56,167,1,0,0,0,0,0,0,0
18.296703,18.267342,107,254,229,255,193,6,56,167,1,0,0,0,0,0,0,0
18.296703,18.300915,107,254,229,255,193,6,56,167,1,0,0,0,0,0,0,0
18.351648,18.334541,107,254,229,255,193,6,56,167,1,0,0,0,0,0,0,0
18.351648,18.368113,107,255,229,255,194,6,59,167,1,0,0,0,0,0,0,0
18.406593,18.403839,107,254,229,255,192,6,57,167,129,0,0,0,0,0,0,0
18.461538,18.438074,107,254,229,255,193,6,57,167,129,0,0,0,0,0,0,0
18.461538,18.471651,107,255,229,255,193,6,59,167,1,0,0,0,0,0,0,0
18.516483,18.505888,107,255,229,255,194,6,65,167,1,0,0,0,0,0,0,0
18.516483,18.539618,107,255,229,255,194,6,65,167,1,0,0,0,0,0,0,0
18.571428,18.573242,107,254,229,255,194,6,61,167,1,0,0,0,0,0,0,0
18.626373,18.606817,107,254,229,255,194,6,61,167,1,0,0,0,0,0,0,0
18.626373,18.640594,107,254,229,255,194,6,61,167,1,0,0,0,0,0,0,0
18.681318,18.674320,107,255,229,255,194,6,66,167,1,0,0,0,0,0,0,0
18.736263,18.707945,107,255,229,255,193,6,65,167,1,0,0,0,0,0,0,0
18.736263,18.741520,107,255,229,255,193,6,65,167,1,0,0,0,0,0,0,0
18.791208,18.775091,107,255,229,255,193,6,65,167,1,0,0,0,0,0,0,0
18.791208,18.808771,107,255,229,255,193,6,65,167,1,0,0,0,0,0,0,0
18.846153,18.842396,107,255,229,255,194,6,66,167,129,0,0,0,0,0,0,0
18.901098,18.876631,107,255,229,255,194,6,66,167,129,0,0,0,0,0,0,0
18.901098,18.910309,107,255,229,255,194,6,66,167,129,0,0,0,0,0,0,0
18.956043,18.943882,107,255,229,255,194,6,66,167,129,0,0,0,0,0,0,0
18.956043,18.977455,107,255,229,255,194,6,66,167,129,0,0,0,0,0,0,0
19.010988,19.011030,107,255,229,255,194,6,66,167,129,0,0,0,0,0,0,0
19.065933,19.044603,107,255,229,255,194,6,66,167,129,0,0,0,0,0,0,0
19.065933,19.078281,107,254,229,255,193,6,66,167,1,0,0,0,0,0,0,0
19.120878,19.112520,107,254,229,255,193,6,66,167,1,0,0,0,0,0,0,0
19.175825,19.146145,107,254,229,255,193,6,66,167,1,0,0,0,0,0,0,0
19.175825,19.179821,107,255,229,255,193,6,66,167,1,0,0,0,0,0,0,0
19.230770,19.213392,107,255,229,255,193,6,66,167,1,0,0,0,0,0,0,0
19.230770,19.246967,107,255,229,255,193,6,66,167,1,0,0,0,0,0,0,0
19.285715,19.280594,107,255,229,255,193,6,66,167,1,0,0,0,0,0,0,0
19.340660,19.314165,107,254,229,255,193,6,66,167,1,0,0,0,0,0,0,0
19.340660,19.347843,107,254,229,255,193,6,66,167,1,0,0,0,0,0,0,0
19.395605,19.381569,107,254,229,255,193,6,66,167,1,0,0,0,0,0,0,0
19.395605,19.415247,107,254,229,255,193,6,66,167,1,0,0,0,0,0,0,0
19.450550,19.448923,107,254,229,255,193,6,66,167,1,0,0,0,0,0,0,0
19.505495,19.482496,107,254,229,255,193,6,66,167,1,0,0,0,0,0,0,0
19.505495,19.516071,107,254,229,255,193,6,66,167,1,0,0,0,0,0,0,0
19.560440,19.549644,107,255,229,255,193,6,66,167,1,0,0,0,0,0,0,0
19.560440,19.583269,107,255,229,255,193,6,66,167,1,0,0,0,0,0,0,0
19.615385,19.616894,107,255,229,255,193,6,66,167,1,0,0,0,0,0,0,0
19.670330,19.650469,107,255,229,255,193,6,66,167,1,0,0,0,0,0,0,0
19.670330,19.684092,107,254,229,255,192,6,66,167,1,0,0,0,0,0,0,0
19.725275,19.717716,107,254,229,255,192,6,68,167,1,0,0,0,0,0,0,0
19.780220,19.751289,107,254,229,255,192,6,68,167,1,0,0,0,0,0,0,0
19.780220,19.784864,107,254,229,255,192,6,68,167,1,0,0,0,0,0,0,0
19.835165,19.818592,107,254,229,255,192,6,68,167,1,0,0,0,0,0,0,0
19.835165,19.854313,107,254,229,255,192,6,68,167,1,0,0,0,0,0,0,0
19.890110,19.890038,107,254,229,255,192,6,68,167,1,0,0,0,0,0,0,0
19.945055,19.925764,107,255,229,255,192,6,68,167,1,0,0,0,0,0,0,0
19.945055,19.961483,107,255,229,255,192,6,68,167,1,0,0,0,0,0,0,0
20.000000,19.997309,107,255,229,255,192,6,68,167,1,0,0,0,0,0,0,0
20.054945,20.033033,107,254,229,255,193,5,68,167,129,0,0,0,0,0,0,0
20.054945,20.069372,107,254,229,255,193,5,68,167,129,0,0,0,0,0,0,0
20.109890,20.105093,107,254,229,255,192,6,67,167,129,0,0,0,0,0,0,0
20.164835,20.140867,107,254,229,255,192,6,67,167,1,0,0,0,0,0,0,0
20.164835,20.177206,107,254,229,255,192,6,67,167,1,0,0,0,0,0,0,0
20.219780,20.213032,107,254,229,255,192,6,67,167,1,0,0,0,0,0,0,0
20.274725,20.248756,107,254,229,255,192,6,67,167,1,0,0,0,0,0,0,0
20.274725,20.284477,107,254,229,255,192,6,67,167,1,0,0,0,0,0,0,0
20.329670,20.320202,107,254,229,255,192,6,67,167,1,0,0,0,0,0,0,0
20.384615,20.355927,107,255,229,255,192,6,67,167,1,0,0,0,0,0,0,0
20.384615,20.391647,107,254,229,255,192,6,69,167,1,0,0,0,0,0,0,0
20.439560,20.427372,107,255,229,255,192,6,69,167,129,0,0,0,0,0,0,0
20.494505,20.463812,107,255,229,255,192,6,69,167,129,0,0,0,0,0,0,0
20.494505,20.499535,107,254,229,255,192,5,72,167,129,0,0,0,0,0,0,0
20.549450,20.535311,107,254,229,255,192,6,71,167,129,0,0,0,0,0,0,0
20.549450,20.568884,107,254,229,255,192,6,71,167,129,0,0,0,0,0,0,0
20.604395,20.602509,107,254,229,255,192,6,71,167,129,0,0,0,0,0,0,0
20.659340,20.636082,107,255,229,255,192,6,71,167,129,0,0,0,0,0,0,0
20.659340,20.669657,107,255,229,255,192,6,71,167,129,0,0,0,0,0,0,0
20.714285,20.703333,107,255,229,255,192,6,71,167,129,0,0,0,0,0,0,0
20.714285,20.736906,107,255,229,255,192,6,71,167,129,0,0,0,0,0,0,0
20.769230,20.770529,107,254,229,255,194,6,68,167,1,0,0,0,0,0,0,0
20.824175,20.804770,107,254,229,255,194,6,68,167,1,0,0,0,0,0,0,0
20.824175,20.838394,107,254,229,255,194,6,68,167,1,0,0,0,0,0,0,0
20.879122,20.872019,107,254,229,255,194,6,68,167,1,0,0,0,0,0,0,0
20.934067,20.905645,107,254,229,255,194,6,68,167,1,0,0,0,0,0,0,0
20.934067,20.939217,107,254,229,255,194,6,68,167,1,0,0,0,0,0,0,0
20.989012,20.972897,107,254,229,255,194,6,68,167,1,0,0,0,0,0,0,0
20.989012,21.006517,107,254,229,255,194,6,68,167,1,0,0,0,0,0,0,0
21.043957,21.040142,107,255,230,255,194,6,68,167,1,0,0,0,0,0,0,0
21.098902,21.073719,107,255,230,255,192,6,65,167,129,0,0,0,0,0,0,0
21.098902,21.107958,107,255,230,255,192,6,65,167,129,0,0,0,0,0,0,0
21.153847,21.141581,107,255,229,255,192,6,65,167,129,0,0,0,0,0,0,0
21.153847,21.175154,107,255,229,255,192,6,65,167,129,0,0,0,0,0,0,0
21.208792,21.208780,107,255,229,255,192,6,65,167,129,0,0,0,0,0,0,0
21.263737,21.242455,107,255,229,255,192,6,65,167,129,0,0,0,0,0,0,0
21.263737,21.276081,107,255,229,255,192,6,65,167,129,0,0,0,0,0,0,0
21.318682,21.309706,107,255,229,255,194,5,70,167,1,0,0,0,0,0,0,0
21.373627,21.343945,107,255,229,255,194,5,70,167,1,0,0,0,0,0,0,0
21.373627,21.377518,107,254,229,255,194,5,70,167,1,0,0,0,0,0,0,0
21.428572,21.411093,107,254,229,255,194,5,74,167,1,0,0,0,0,0,0,0
21.428572,21.444769,107,254,229,255,194,5,74,167,1,0,0,0,0,0,0,0
21.483517,21.478395,107,255,229,255,194,5,74,167,1,0,0,0,0,0,0,0
21.538462,21.512068,107,255,229,255,194,5,74,167,1,0,0,0,0,0,0,0
21.538462,21.545641,107,254,229,255,192,6,74,167,1,0,0,0,0,0,0,0
21.593407,21.579216,107,254,229,255,192,6,74,167,129,0,0,0,0,0,0,0
21.593407,21.615658,107,254,229,255,192,6,74,167,129,0,0,0,0,0,0,0
21.648352,21.649281,107,254,229,255,192,6,74,167,129,0,0,0,0,0,0,0
21.703297,21.684954,107,254,229,255,192,6,74,167,129,0,0,0,0,0,0,0
21.703297,21.720678,107,254,229,255,192,6,74,167,129,0,0,0,0,0,0,0
21.758242,21.756556,107,255,229,255,193,5,63,167,129,0,0,0,0,0,0,0
21.813187,21.792276,107,255,229,255,193,5,63,167,129,0,0,0,0,0,0,0
21.813187,21.828001,107,255,229,255,193,5,63,167,129,0,0,0,0,0,0,0
21.868132,21.863724,107,255,229,255,193,5,63,167,129,0,0,0,0,0,0,0
21.923077,21.899551,107,255,229,255,193,5,63,167,129,0,0,0,0,0,0,0
21.923077,21.935272,107,255,229,255,193,5,63,167,129,0,0,0,0,0,0,0
21.978022,21.970997,107,254,229,255,193,5,63,167,129,0,0,0,0,0,0,0
22.032967,22.006668,107,255,229,255,193,5,63,167,129,0,0,0,0,0,0,0
22.032967,22.042339,107,255,229,255,193,5,63,167,129,0,0,0,0,0,0,0
22.087912,22.078115,107,255,229,255,193,5,63,167,129,0,0,0,0,0,0,0
22.142857,22.113939,107,254,229,255,193,5,63,167,129,0,0,0,0,0,0,0
22.142857,22.149664,107,254,229,255,193,5,63,167,129,0,0,0,0,0,0,0
22.197802,22.185438,107,254,229,255,193,5,64,167,129,0,0,0,0,0,0,0
22.197802,22.219114,107,255,229,255,193,5,64,167,129,0,0,0,0,0,0,0
22.252747,22.252789,107,255,229,255,193,5,64,167,129,0,0,0,0,0,0,0
22.307692,22.286364,107,255,229,255,193,5,64,167,129,0,0,0,0,0,0,0
22.307692,22.319937,107,254,229,255,193,5,64,167,129,0,0,0,0,0,0,0
22.362637,22.353561,107,254,229,255,193,5,64,167,129,0,0,0,0,0,0,0
22.417582,22.387188,107,254,229,255,193,5,64,167,129,0,0,0,0,0,0,0
22.417582,22.420761,107,255,229,255,193,5,64,167,129,0,0,0,0,0,0,0
22.472527,22.454334,107,255,229,255,193,5,64,167,129,0,0,0,0,0,0,0
22.472527,22.487961,107,255,229,255,193,5,64,167,129,0,0,0,0,0,0,0
22.527473,22.521587,107,255,229,255,193,5,64,167,129,0,0,0,0,0,0,0
22.582418,22.555159,107,255,229,255,193,5,64,167,129,0,0,0,0,0,0,0
22.582418,22.588734,107,255,229,255,192,5,67,167,1,0,0,0,0,0,0,0
22.637363,22.622972,107,254,229,255,193,6,64,167,1,0,0,0,0,0,0,0
22.637363,22.656599,107,255,229,255,192,6,64,167,129,0,0,0,0,0,0,0
22.692308,22.690834,107,255,229,255,192,5,66,167,129,0,0,0,0,0,0,0
22.747253,22.724411,107,255,229,255,192,5,66,167,129,0,0,0,0,0,0,0
22.747253,22.758085,107,255,229,255,192,5,66,167,129,0,0,0,0,0,0,0
22.802198,22.791712,107,255,229,255,192,5,66,167,129,0,0,0,0,0,0,0
22.857143,22.825336,107,254,229,255,192,5,66,167,129,0,0,0,0,0,0,0
22.857143,22.858961,107,254,229,255,192,5,66,167,129,0,0,0,0,0,0,0
22.912088,22.892534,107,254,229,255,192,5,66,167,129,0,0,0,0,0,0,0
22.912088,22.926208,107,254,229,255,192,5,66,167,129,0,0,0,0,0,0,0
22.967033,22.959833,107,255,229,255,192,5,63,167,1,0,0,0,0,0,0,0
23.021978,22.994074,107,255,229,255,192,5,63,167,1,0,0,0,0,0,0,0
23.021978,23.027800,107,255,229,255,194,5,63,167,1,0,0,0,0,0,0,0
23.076923,23.061377,107,255,229,255,194,5,63,167,1,0,0,0,0,0,0,0
23.076923,23.095053,107,255,229,255,192,6,63,167,1,0,0,0,0,0,0,0
23.131868,23.128677,107,255,229,255,192,6,63,167,1,0,0,0,0,0,0,0
23.186813,23.162354,107,255,229,255,194,6,66,167,1,0,0,0,0,0,0,0
23.186813,23.196131,107,254,229,255,192,6,66,167,129,0,0,0,0,0,0,0
23.241758,23.230370,107,255,229,255,192,6,66,167,129,0,0,0,0,0,0,0
23.296703,23.266092,107,255,229,255,192,6,66,167,129,0,0,0,0,0,0,0
23.296703,23.299665,107,255,229,255,192,6,66,167,129,0,0,0,0,0,0,0
23.351648,23.333241,107,255,229,255,192,6,66,167,129,0,0,0,0,0,0,0
23.351648,23.366812,107,255,229,255,192,6,66,167,129,0,0,0,0,0,0,0
23.406593,23.400387,107,255,229,255,192,6,66,167,129,0,0,0,0,0,0,0
23.461538,23.434063,107,255,229,255,192,6,66,167,129,0,0,0,0,0,0,0
23.461538,23.467690,107,255,229,255,192,6,66,167,129,0,0,0,0,0,0,0
23.516483,23.501314,107,255,229,255,192,6,66,167,129,0,0,0,0,0,0,0
23.516483,23.534887,107,255,229,255,192,6,66,167,129,0,0,0,0,0,0,0
23.571428,23.568514,107,255,229,255,192,6,66,167,129,0,0,0,0,0,0,0
23.626373,23.602291,107,254,229,255,192,6,66,167,129,0,0,0,0,0,0,0
23.626373,23.635965,107,254,229,255,192,6,66,167,129,0,0,0,0,0,0,0
23.681318,23.669538,107,254,229,255,192,6,66,167,129,0,0,0,0,0,0,0
23.681318,23.703117,107,254,229,255,192,6,66,167,129,0,0,0,0,0,0,0
23.736263,23.736738,107,254,229,255,192,6,66,167,129,0,0,0,0,0,0,0
23.791208,23.770365,107,254,229,255,192,6,66,167,129,0,0,0,0,0,0,0
23.791208,23.803936,107,254,229,255,192,6,66,167,129,0,0,0,0,0,0,0
23.846153,23.837563,107,254,229,255,192,6,66,167,129,0,0,0,0,0,0,0
23.901098,23.871138,107,254,229,255,193,6,68,167,129,0,0,0,0,0,0,0
23.901098,23.904814,107,255,229,255,194,5,66,167,129,0,0,0,0,0,0,0
23.956043,23.938387,107,255,229,255,192,5,66,167,129,0,0,0,0,0,0,0
23.956043,23.972012,107,254,229,255,192,5,66,167,129,0,0,0,0,0,0,0
24.010988,24.005638,107,254,229,255,192,6,70,167,1,0,0,0,0,0,0,0
24.065933,24.039875,107,255,229,255,192,6,70,167,1,0,0,0,0,0,0,0
24.065933,24.073452,107,254,229,255,192,6,70,167,1,0,0,0,0,0,0,0
24.120878,24.107073,107,254,229,255,192,6,70,167,1,0,0,0,0,0,0,0
24.120878,24.140650,107,255,229,255,192,6,70,167,1,0,0,0,0,0,0,0
24.175825,24.174376,107,254,229,255,192,6,70,167,1,0,0,0,0,0,0,0
24.230770,24.207949,107,254,229,255,193,5,65,167,1,0,0,0,0,0,0,0
24.230770,24.241575,107,255,229,255,193,5,65,167,1,0,0,0,0,0,0,0
24.285715,24.275200,107,254,229,255,193,5,69,167,1,0,0,0,0,0,0,0
24.340660,24.308874,107,255,229,255,193,5,69,167,129,0,0,0,0,0,0,0
24.340660,24.343164,107,254,229,255,193,6,67,167,129,0,0,0,0,0,0,0
24.395605,24.378887,107,254,229,255,192,6,69,167,129,0,0,0,0,0,0,0
24.395605,24.412464,107,254,229,255,192,6,69,167,129,0,0,0,0,0,0,0
24.450550,24.446087,107,254,229,255,192,6,69,167,129,0,0,0,0,0,0,0
24.505495,24.479660,107,255,229,255,192,5,69,167,129,0,0,0,0,0,0,0
24.505495,24.513237,107,255,229,255,192,5,70,167,129,0,0,0,0,0,0,0
24.560440,24.546858,107,254,229,255,192,5,70,167,129,0,0,0,0,0,0,0
24.560440,24.580536,107,254,229,255,192,6,73,167,1,0,0,0,0,0,0,0
24.615385,24.614826,107,254,229,255,192,6,73,167,1,0,0,0,0,0,0,0
24.670330,24.648399,107,254,228,255,192,6,73,167,1,0,0,0,0,0,0,0
24.670330,24.681974,107,254,228,255,192,6,73,167,1,0,0,0,0,0,0,0
24.725275,24.715599,107,255,228,255,192,6,73,167,1,0,0,0,0,0,0,0
24.780220,24.749172,107,255,228,255,192,6,73,167,1,0,0,0,0,0,0,0
24.780220,24.782745,107,255,228,255,192,6,73,167,1,0,0,0,0,0,0,0
24.835165,24.816319,107,255,228,255,192,6,73,167,1,0,0,0,0,0,0,0
24.835165,24.850046,107,255,228,255,192,6,73,167,1,0,0,0,0,0,0,0
24.890110,24.883776,107,255,229,255,192,6,73,167,1,0,0,0,0,0,0,0
24.945055,24.917349,107,255,229,255,192,5,67,167,129,0,0,0,0,0,0,0
24.945055,24.951586,107,255,229,255,192,5,67,167,129,0,0,0,0,0,0,0
25.000000,24.985313,107,255,229,255,194,5,65,167,129,0,0,0,0,0,0,0
25.000000,25.018888,107,255,229,255,194,5,65,167,129,0,0,0,0,0,0,0
25.054945,25.052513,107,255,229,255,194,5,65,167,129,0,0,0,0,0,0,0
25.109890,25.086140,107,255,229,255,194,5,65,167,129,0,0,0,0,0,0,0
25.109890,25.119713,107,255,229,255,194,5,65,167,129,0,0,0,0,0,0,0
25.164835,25.153339,107,255,229,255,194,5,65,167,129,0,0,0,0,0,0,0
25.164835,25.186960,107,255,229,255,194,5,65,167,129,0,0,0,0,0,0,0
25.219780,25.220587,107,254,229,255,194,5,65,167,129,0,0,0,0,0,0,0
25.274725,25.254158,107,254,229,255,194,6,66,167,1,0,0,0,0,0,0,0
25.274725,25.288399,107,254,229,255,194,6,66,167,1,0,0,0,0,0,0,0
25.329670,25.322023,107,254,229,255,194,6,66,167,1,0,0,0,0,0,0,0
25.384615,25.355597,107,255,229,255,192,5,65,167,1,0,0,0,0,0,0,0
25.384615,25.389172,107,255,229,255,192,5,65,167,1,0,0,0,0,0,0,0
25.439560,25.422745,107,255,228,255,192,5,65,167,1,0,0,0,0,0,0,0
25.439560,25.458469,107,255,228,255,193,5,66,167,129,0,0,0,0,0,0,0
25.494505,25.492861,107,255,228,255,193,5,66,167,129,0,0,0,0,0,0,0
25.549450,25.528585,107,255,228,255,193,5,66,167,129,0,0,0,0,0,0,0
25.549450,25.564411,107,254,228,255,193,6,66,167,129,0,0,0,0,0,0,0
25.604395,25.598137,107,255,229,255,192,5,66,167,129,0,0,0,0,0,0,0
25.659340,25.631710,107,255,229,255,192,5,67,167,129,0,0,0,0,0,0,0
25.659340,25.665335,107,255,229,255,192,5,67,167,129,0,0,0,0,0,0,0
25.714285,25.698910,107,255,229,255,192,5,67,167,129,0,0,0,0,0,0,0
25.714285,25.732483,107,255,229,255,192,5,67,167,129,0,0,0,0,0,0,0
25.769230,25.766209,107,255,229,255,192,5,67,167,129,0,0,0,0,0,0,0
25.824175,25.799786,107,255,229,255,192,5,67,167,129,0,0,0,0,0,0,0
25.824175,25.833359,107,255,229,255,192,5,67,167,129,0,0,0,0,0,0,0
25.879122,25.866934,107,255,229,255,192,5,67,167,129,0,0,0,0,0,0,0
25.879122,25.900558,107,255,229,255,192,5,67,167,129,0,0,0,0,0,0,0
25.934067,25.934233,107,255,228,255,193,5,67,167,129,0,0,0,0,0,0,0
25.989012,25.967806,107,255,228,255,193,5,67,167,129,0,0,0,0,0,0,0
25.989012,26.001379,107,255,228,255,193,5,67,167,129,0,0,0,0,0,0,0
26.043957,26.035006,107,255,228,255,193,5,67,167,129,0,0,0,0,0,0,0
26.098902,26.068579,107,255,228,255,193,5,67,167,129,0,0,0,0,0,0,0
26.098902,26.102152,107,255,228,255,193,5,67,167,129,0,0,0,0,0,0,0
26.153847,26.135778,107,255,228,255,193,5,67,167,129,0,0,0,0,0,0,0
26.153847,26.169403,107,255,228,255,193,5,67,167,129,0,0,0,0,0,0,0
26.208792,26.203030,107,254,228,255,193,5,67,167,129,0,0,0,0,0,0,0
26.263737,26.236706,107,254,229,255,193,6,66,167,1,0,0,0,0,0,0,0
26.263737,26.270994,107,255,229,255,193,6,66,167,1,0,0,0,0,0,0,0
26.318682,26.304567,107,255,229,255,193,6,66,167,1,0,0,0,0,0,0,0
26.318682,26.338142,107,255,229,255,193,6,66,167,1,0,0,0,0,0,0,0
26.373627,26.371765,107,254,228,255,193,6,66,167,1,0,0,0,0,0,0,0
26.428572,26.405338,107,254,228,255,192,6,70,167,1,0,0,0,0,0,0,0
26.428572,26.438911,107,254,228,255,193,6,66,167,1,0,0,0,0,0,0,0
26.483517,26.472486,107,254,228,255,193,6,66,167,1,0,0,0,0,0,0,0
26.538462,26.506111,107,254,228,255,193,6,66,167,1,0,0,0,0,0,0,0
26.538462,26.539736,107,255,228,255,193,6,66,167,1,0,0,0,0,0,0,0
26.593407,26.573311,107,255,228,255,193,6,66,167,1,0,0,0,0,0,0,0
26.593407,26.606884,107,255,228,255,193,6,66,167,1,0,0,0,0,0,0,0
26.648352,26.642609,107,255,228,255,193,6,66,167,1,0,0,0,0,0,0,0
26.703297,26.676233,107,255,228,255,193,6,66,167,1,0,0,0,0,0,0,0
26.703297,26.711954,107,254,228,255,193,6,66,167,1,0,0,0,0,0,0,0
26.758242,26.747681,107,254,228,255,193,6,66,167,1,0,0,0,0,0,0,0
26.813187,26.783403,107,254,228,255,193,6,66,167,1,0,0,0,0,0,0,0
26.813187,26.819178,107,254,228,255,193,6,66,167,1,0,0,0,0,0,0,0
26.868132,26.854851,107,254,228,255,193,6,66,167,1,0,0,0,0,0,0,0
26.923077,26.890522,107,254,228,255,193,6,66,167,1,0,0,0,0,0,0,0
26.923077,26.926296,107,254,228,255,193,6,66,167,1,0,0,0,0,0,0,0
26.978022,26.961967,107,254,228,255,192,6,66,167,1,0,0,0,0,0,0,0
27.032967,26.997690,107,254,228,255,192,6,69,167,1,0,0,0,0,0,0,0
27.032967,27.033415,107,254,228,255,192,6,69,167,1,0,0,0,0,0,0,0
27.087912,27.069189,107,254,228,255,192,6,69,167,1,0,0,0,0,0,0,0
27.087912,27.104914,107,254,228,255,192,6,69,167,1,0,0,0,0,0,0,0
27.142857,27.140638,107,254,228,255,192,6,69,167,1,0,0,0,0,0,0,0
27.197802,27.176306,107,255,228,255,194,5,66,167,1,0,0,0,0,0,0,0
27.197802,27.212030,107,255,228,255,194,5,66,167,129,0,0,0,0,0,0,0
27.252747,27.248419,107,255,228,255,194,5,66,167,129,0,0,0,0,0,0,0
27.307692,27.284142,107,254,228,255,194,5,66,167,129,0,0,0,0,0,0,0
27.307692,27.319969,107,255,228,255,193,6,64,167,129,0,0,0,0,0,0,0
27.362637,27.353594,107,255,228,255,192,6,63,167,129,0,0,0,0,0,0,0
27.417582,27.387268,107,255,228,255,192,6,63,167,129,0,0,0,0,0,0,0
27.417582,27.420946,107,254,228,255,193,6,63,167,129,0,0,0,0,0,0,0
27.472527,27.454573,107,254,228,255,193,6,63,167,1,0,0,0,0,0,0,0
27.472527,27.488811,107,254,228,255,193,6,63,167,1,0,0,0,0,0,0,0
27.527473,27.522436,107,254,228,255,193,6,63,167,1,0,0,0,0,0,0,0
27.582418,27.556059,107,255,228,255,193,6,63,167,1,0,0,0,0,0,0,0
27.582418,27.589636,107,255,228,255,193,6,63,167,1,0,0,0,0,0,0,0
27.637363,27.623257,107,255,228,255,193,6,63,167,1,0,0,0,0,0,0,0
27.637363,27.656935,107,254,228,255,193,6,63,167,1,0,0,0,0,0,0,0
27.692308,27.690559,107,254,228,255,193,6,63,167,1,0,0,0,0,0,0,0
27.747253,27.724186,107,254,228,255,193,6,63,167,1,0,0,0,0,0,0,0
27.747253,27.757759,107,255,228,255,194,5,64,167,129,0,0,0,0,0,0,0
27.802198,27.792048,107,255,228,255,194,5,64,167,129,0,0,0,0,0,0,0
27.857143,27.825672,107,255,228,255,193,5,64,167,129,0,0,0,0,0,0,0
27.857143,27.859247,107,255,228,255,193,6,64,167,129,0,0,0,0,0,0,0
27.912088,27.892818,107,255,228,255,193,6,64,167,129,0,0,0,0,0,0,0
27.912088,27.926550,107,255,228,255,192,6,62,167,1,0,0,0,0,0,0,0
27.967033,27.960836,107,255,228,255,192,6,62,167,1,0,0,0,0,0,0,0
28.021978,27.994411,107,255,228,255,192,5,62,167,1,0,0,0,0,0,0,0
28.021978,28.027987,107,255,228,255,192,5,62,167,1,0,0,0,0,0,0,0
28.076923,28.061562,107,254,228,255,192,5,62,167,1,0,0,0,0,0,0,0
28.076923,28.095135,107,254,228,255,192,5,62,167,1,0,0,0,0,0,0,0
28.131868,28.128759,107,255,228,255,193,6,63,167,1,0,0,0,0,0,0,0
28.186813,28.162334,107,254,228,255,193,6,63,167,1,0,0,0,0,0,0,0
28.186813,28.195955,107,254,228,255,193,6,63,167,1,0,0,0,0,0,0,0
28.241758,28.229580,107,254,228,255,193,6,63,167,1,0,0,0,0,0,0,0
28.296703,28.263260,107,254,228,255,193,6,63,167,1,0,0,0,0,0,0,0
28.296703,28.296831,107,255,228,255,193,6,63,167,1,0,0,0,0,0,0,0
28.351648,28.330406,107,254,228,255,193,6,63,167,1,0,0,0,0,0,0,0
28.351648,28.364082,107,255,228,255,193,6,63,167,1,0,0,0,0,0,0,0
28.406593,28.399805,107,255,228,255,193,6,63,167,1,0,0,0,0,0,0,0
28.461538,28.433376,107,254,228,255,193,6,63,167,1,0,0,0,0,0,0,0
28.461538,28.469103,107,254,228,255,194,6,66,167,1,0,0,0,0,0,0,0
28.516483,28.504927,107,254,228,255,194,6,66,167,1,0,0,0,0,0,0,0
28.571428,28.540651,107,254,227,255,194,6,66,167,1,0,0,0,0,0,0,0
28.571428,28.576374,107,254,227,255,194,6,66,167,1,0,0,0,0,0,0,0
28.626373,28.612097,107,255,228,255,193,6,66,167,1,0,0,0,0,0,0,0
28.681318,28.647820,107,255,228,255,193,6,62,167,1,0,0,0,0,0,0,0
28.681318,28.681395,107,255,228,255,193,6,62,167,1,0,0,0,0,0,0,0
28.736263,28.715019,107,255,228,255,194,5,57,167,129,0,0,0,0,0,0,0
28.736263,28.749258,107,255,228,255,194,5,57,167,129,0,0,0,0,0,0,0
28.791208,28.782883,107,255,228,255,194,5,57,167,129,0,0,0,0,0,0,0
28.846153,28.816458,107,255,228,255,194,5,57,167,129,0,0,0,0,0,0,0
28.846153,28.850134,107,254,228,255,194,5,57,167,129,0,0,0,0,0,0,0
28.901098,28.883862,107,254,228,255,194,5,57,167,129,0,0,0,0,0,0,0
28.901098,28.917433,107,254,228,255,194,5,57,167,129,0,0,0,0,0,0,0
28.956043,28.951059,107,254,227,255,194,5,57,167,129,0,0,0,0,0,0,0
29.010988,28.984632,107,255,227,255,194,5,57,167,129,0,0,0,0,0,0,0
29.010988,29.018206,107,255,227,255,194,5,57,167,129,0,0,0,0,0,0,0
29.065933,29.051884,107,255,227,255,194,5,57,167,129,0,0,0,0,0,0,0
29.065933,29.085508,107,255,227,255,194,5,57,167,129,0,0,0,0,0,0,0
29.120878,29.119135,107,254,228,255,193,6,56,167,129,0,0,0,0,0,0,0
29.175825,29.152706,107,254,228,255,193,6,56,167,1,0,0,0,0,0,0,0
29.175825,29.186945,107,254,228,255,193,6,56,167,1,0,0,0,0,0,0,0
29.230770,29.220570,107,254,228,255,193,6,56,167,1,0,0,0,0,0,0,0
29.285715,29.254143,107,254,228,255,193,6,56,167,1,0,0,0,0,0,0,0
29.285715,29.287716,107,254,228,255,193,6,56,167,1,0,0,0,0,0,0,0
29.340660,29.321394,107,254,228,255,193,6,56,167,1,0,0,0,0,0,0,0
29.340660,29.355019,107,254,228,255,193,6,56,167,1,0,0,0,0,0,0,0
29.395605,29.388645,107,254,228,255,193,6,56,167,1,0,0,0,0,0,0,0
29.450550,29.422218,107,254,228,255,193,6,56,167,1,0,0,0,0,0,0,0
29.450550,29.455791,107,254,228,255,193,6,56,167,1,0,0,0,0,0,0,0
29.505495,29.489468,107,254,228,255,193,6,56,167,1,0,0,0,0,0,0,0
29.505495,29.523090,107,254,228,255,193,6,56,167,1,0,0,0,0,0,0,0
29.560440,29.556715,107,255,228,255,193,6,56,167,1,0,0,0,0,0,0,0
29.615385,29.590290,107,255,228,255,193,6,56,167,1,0,0,0,0,0,0,0
29.615385,29.623863,107,255,228,255,193,6,56,167,1,0,0,0,0,0,0,0
29.670330,29.657593,107,255,227,255,193,6,56,167,1,0,0,0,0,0,0,0
29.725275,29.691166,107,254,227,255,193,6,56,167,1,0,0,0,0,0,0,0
29.725275,29.726887,107,254,228,255,194,6,56,167,1,0,0,0,0,0,0,0
29.780220,29.760464,107,254,228,255,194,6,54,166,1,0,0,0,0,0,0,0
29.780220,29.796186,107,254,228,255,194,6,54,166,1,0,0,0,0,0,0,0
29.835165,29.831909,107,254,228,255,194,6,54,166,1,0,0,0,0,0,0,0
29.890110,29.867582,107,255,228,255,194,5,53,167,129,0,0,0,0,0,0,0
29.890110,29.903917,107,255,228,255,194,5,53,167,129,0,0,0,0,0,0,0
29.945055,29.939642,107,255,228,255,194,5,53,167,129,0,0,0,0,0,0,0
30.000000,29.975363,107,255,228,255,194,5,53,167,129,0,0,0,0,0,0,0
30.000000,30.011087,107,255,228,255,194,5,53,167,129,0,0,0,0,0,0,0
30.054945,30.046812,107,254,228,255,194,5,53,167,129,0,0,0,0,0,0,0
30.109890,30.082483,107,254,228,255,193,6,59,167,129,0,0,0,0,0,0,0
30.109890,30.118259,107,254,228,255,193,6,59,167,129,0,0,0,0,0,0,0
30.164835,30.153980,107,255,228,255,193,6,59,167,129,0,0,0,0,0,0,0
30.219780,30.189705,107,255,228,255,193,6,59,167,129,0,0,0,0,0,0,0
30.219780,30.225481,107,255,228,255,193,6,59,167,129,0,0,0,0,0,0,0
30.274725,30.261204,107,255,228,255,193,6,59,167,129,0,0,0,0,0,0,0
30.329670,30.297028,107,254,227,255,193,6,59,167,129,0,0,0,0,0,0,0
30.329670,30.332752,107,254,227,255,193,6,59,167,1,0,0,0,0,0,0,0
30.384615,30.369143,107,255,227,255,193,6,59,167,1,0,0,0,0,0,0,0
30.439560,30.404865,107,255,227,255,193,6,59,167,1,0,0,0,0,0,0,0
30.439560,30.440588,107,255,227,255,193,6,59,167,1,0,0,0,0,0,0,0
30.494505,30.476259,107,255,227,255,193,6,59,167,1,0,0,0,0,0,0,0
30.494505,30.511930,107,254,227,255,193,6,59,167,1,0,0,0,0,0,0,0
30.549450,30.547758,107,255,227,255,193,6,59,167,1,0,0,0,0,0,0,0
30.604395,30.583481,107,254,227,255,193,6,57,167,129,0,0,0,0,0,0,0
30.604395,30.617718,107,254,227,255,193,6,57,167,129,0,0,0,0,0,0,0
30.659340,30.651447,107,255,227,255,194,5,61,166,1,0,0,0,0,0,0,0
30.714285,30.685686,107,254,227,255,193,5,60,166,1,0,0,0,0,0,0,0
30.714285,30.719360,107,254,227,255,193,5,60,166,1,0,0,0,0,0,0,0
30.769230,30.753038,107,254,227,255,193,5,60,166,1,0,0,0,0,0,0,0
30.769230,30.786612,107,254,227,255,193,5,55,166,1,0,0,0,0,0,0,0
30.824175,30.820238,107,254,227,255,193,5,55,166,1,0,0,0,0,0,0,0
30.879122,30.853811,107,254,227,255,193,5,56,166,1,0,0,0,0,0,0,0
30.879122,30.887383,107,254,227,255,193,5,56,166,1,0,0,0,0,0,0,0
30.934067,30.921110,107,254,227,255,193,5,56,166,1,0,0,0,0,0,0,0
30.989012,30.954683,107,254,227,255,193,5,56,166,1,0,0,0,0,0,0,0
30.989012,30.988256,107,254,227,255,193,5,56,166,1,0,0,0,0,0,0,0
31.043957,31.021833,107,255,227,255,193,5,56,166,1,0,0,0,0,0,0,0
31.043957,31.055407,107,255,227,255,193,5,56,166,1,0,0,0,0,0,0,0
31.098902,31.089029,107,255,227,255,193,5,56,166,1,0,0,0,0,0,0,0
31.153847,31.122606,107,255,227,255,193,5,58,167,129,0,0,0,0,0,0,0
31.153847,31.156843,107,255,227,255,193,5,58,166,129,0,0,0,0,0,0,0
31.208792,31.190519,107,255,227,255,193,5,58,166,129,0,0,0,0,0,0,0
31.208792,31.224144,107,255,228,255,193,6,64,166,129,0,0,0,0,0,0,0
31.263737,31.257771,107,254,227,255,193,6,64,166,1,0,0,0,0,0,0,0
31.318682,31.292112,107,255,227,255,193,6,64,166,1,0,0,0,0,0,0,0
31.318682,31.325684,107,255,227,255,194,5,62,166,1,0,0,0,0,0,0,0
31.373627,31.359259,107,254,227,255,192,5,63,166,1,0,0,0,0,0,0,0
31.373627,31.392832,107,255,227,255,192,6,62,166,1,0,0,0,0,0,0,0
31.428572,31.426456,107,254,227,255,192,6,62,166,1,0,0,0,0,0,0,0
31.483517,31.460133,107,254,227,255,192,6,62,166,1,0,0,0,0,0,0,0
31.483517,31.493708,107,255,227,255,192,6,62,166,1,0,0,0,0,0,0,0
31.538462,31.527334,107,255,227,255,192,5,62,166,129,0,0,0,0,0,0,0
31.593407,31.561672,107,255,227,255,192,5,62,166,129,0,0,0,0,0,0,0
31.593407,31.595299,107,255,227,255,192,5,62,166,129,0,0,0,0,0,0,0
31.648352,31.628872,107,254,227,255,193,5,62,166,129,0,0,0,0,0,0,0
31.648352,31.664597,107,255,227,255,193,6,69,167,129,0,0,0,0,0,0,0
31.703297,31.698271,107,255,227,255,194,6,67,166,129,0,0,0,0,0,0,0
31.758242,31.731844,107,255,227,255,194,6,67,166,129,0,0,0,0,0,0,0
31.758242,31.765471,107,254,227,255,194,5,56,166,129,0,0,0,0,0,0,0
31.813187,31.799044,107,254,227,255,194,5,56,166,1,0,0,0,0,0,0,0
31.868132,31.833284,107,254,227,255,194,5,56,166,1,0,0,0,0,0,0,0
31.868132,31.866856,107,255,227,255,194,5,56,166,1,0,0,0,0,0,0,0
31.923077,31.900431,107,255,227,255,193,6,58,166,1,0,0,0,0,0,0,0
31.923077,31.934057,107,255,227,255,193,6,58,166,1,0,0,0,0,0,0,0
31.978022,31.967781,107,254,227,255,193,6,60,166,1,0,0,0,0,0,0,0
32.032967,32.001358,107,254,227,255,192,6,60,166,1,0,0,0,0,0,0,0
32.032967,32.034981,107,254,227,255,192,5,60,166,1,0,0,0,0,0,0,0
32.087914,32.068554,107,254,227,255,193,5,59,167,129,0,0,0,0,0,0,0
32.087914,32.102795,107,255,227,255,193,6,60,167,129,0,0,0,0,0,0,0
32.142857,32.136417,107,254,227,255,193,6,60,167,129,0,0,0,0,0,0,0
32.197803,32.170044,107,254,227,255,193,6,60,167,129,0,0,0,0,0,0,0
32.197803,32.203671,107,254,227,255,193,6,60,167,129,0,0,0,0,0,0,0
32.252747,32.237347,107,254,227,255,193,6,60,167,129,0,0,0,0,0,0,0
32.252747,32.270920,107,254,227,255,193,6,60,167,129,0,0,0,0,0,0,0
32.307693,32.304543,107,255,227,255,193,6,60,167,129,0,0,0,0,0,0,0
32.362637,32.338116,107,255,227,255,193,6,60,167,129,0,0,0,0,0,0,0
32.362637,32.371693,107,255,227,255,193,6,60,167,129,0,0,0,0,0,0,0
32.417583,32.405365,107,255,227,255,193,6,60,167,129,0,0,0,0,0,0,0
32.472527,32.438992,107,255,227,255,193,6,60,167,129,0,0,0,0,0,0,0
32.472527,32.472565,107,255,227,255,193,6,60,167,129,0,0,0,0,0,0,0
32.527473,32.506138,107,254,227,255,193,6,60,167,129,0,0,0,0,0,0,0
32.527473,32.539711,107,254,227,255,194,6,60,167,129,0,0,0,0,0,0,0
32.582417,32.573284,107,255,227,255,194,5,66,166,1,0,0,0,0,0,0,0
32.637363,32.607578,107,255,227,255,194,5,66,166,1,0,0,0,0,0,0,0
32.637363,32.641151,107,255,227,255,194,5,66,166,1,0,0,0,0,0,0,0
32.692307,32.674828,107,255,227,255,194,5,66,166,1,0,0,0,0,0,0,0
32.692307,32.708401,107,255,227,255,194,5,66,166,1,0,0,0,0,0,0,0
32.747253,32.742027,107,255,227,255,194,5,66,166,1,0,0,0,0,0,0,0
32.802197,32.775600,107,255,227,255,192,5,67,166,129,0,0,0,0,0,0,0
32.802197,32.809837,107,255,227,255,192,5,67,166,129,0,0,0,0,0,0,0
32.857143,32.843464,107,255,226,255,193,6,66,167,129,0,0,0,0,0,0,0
32.912086,32.877037,107,255,226,255,193,6,66,167,129,0,0,0,0,0,0,0
32.912086,32.910614,107,254,226,255,193,6,66,167,129,0,0,0,0,0,0,0
32.967033,32.944286,107,255,227,255,193,6,66,167,129,0,0,0,0,0,0,0
32.967033,32.977859,107,255,227,255,193,5,66,166,1,0,0,0,0,0,0,0
33.021976,33.012100,107,255,227,255,193,5,66,166,1,0,0,0,0,0,0,0
33.076923,33.045673,107,255,227,255,193,5,66,166,1,0,0,0,0,0,0,0
33.076923,33.079247,107,255,227,255,193,5,66,166,1,0,0,0,0,0,0,0
33.131866,33.112820,107,255,227,255,193,5,66,166,1,0,0,0,0,0,0,0
33.131866,33.148544,107,255,227,255,193,6,67,166,1,0,0,0,0,0,0,0
33.186813,33.182117,107,255,227,255,193,6,67,166,1,0,0,0,0,0,0,0
33.241756,33.215691,107,255,227,255,193,6,67,166,1,0,0,0,0,0,0,0
33.241756,33.249371,107,255,227,255,193,5,69,166,1,0,0,0,0,0,0,0
33.296703,33.282993,107,255,227,255,193,5,69,166,129,0,0,0,0,0,0,0
33.351650,33.317333,107,254,227,255,193,5,69,166,129,0,0,0,0,0,0,0
33.351650,33.351013,107,254,227,255,193,5,69,166,129,0,0,0,0,0,0,0
33.406593,33.384632,107,255,227,255,193,6,68,166,129,0,0,0,0,0,0,0
33.406593,33.418209,107,255,227,255,193,6,68,166,129,0,0,0,0,0,0,0
33.461540,33.451832,107,255,227,255,193,6,68,166,129,0,0,0,0,0,0,0
33.516483,33.485405,107,254,227,255,193,6,68,166,129,0,0,0,0,0,0,0
33.516483,33.519032,107,255,227,255,193,6,68,166,129,0,0,0,0,0,0,0
33.571430,33.552605,107,255,227,255,193,6,68,166,129,0,0,0,0,0,0,0
33.571430,33.586178,107,254,227,255,193,6,72,166,1,0,0,0,0,0,0,0
33.626373,33.620522,107,254,227,255,193,6,72,166,1,0,0,0,0,0,0,0
33.681320,33.654148,107,255,227,255,192,6,72,166,1,0,0,0,0,0,0,0
33.681320,33.687771,107,254,227,255,192,6,70,166,1,0,0,0,0,0,0,0
33.736263,33.721394,107,254,227,255,192,6,70,166,1,0,0,0,0,0,0,0
33.736263,33.754971,107,255,227,255,192,6,70,166,1,0,0,0,0,0,0,0
33.791210,33.788597,107,255,227,255,192,6,70,166,1,0,0,0,0,0,0,0
33.846153,33.822166,107,255,227,255,192,6,70,166,1,0,0,0,0,0,0,0
33.846153,33.855743,107,254,227,255,192,6,70,166,1,0,0,0,0,0,0,0
33.901100,33.889313,107,254,227,255,192,6,70,166,1,0,0,0,0,0,0,0
33.956043,33.922939,107,254,227,255,192,6,70,166,1,0,0,0,0,0,0,0
33.956043,33.956516,107,255,227,255,192,6,70,166,1,0,0,0,0,0,0,0
34.010990,33.990093,107,255,227,255,192,6,70,166,1,0,0,0,0,0,0,0
34.010990,34.023663,107,255,227,255,192,6,70,166,1,0,0,0,0,0,0,0
34.065933,34.057289,107,255,227,255,194,5,71,166,1,0,0,0,0,0,0,0
34.120880,34.090961,107,255,227,255,194,5,71,166,1,0,0,0,0,0,0,0
34.120880,34.124538,107,255,227,255,194,5,71,166,1,0,0,0,0,0,0,0
34.175823,34.158112,107,255,227,255,194,5,71,166,1,0,0,0,0,0,0,0
34.175823,34.191841,107,255,227,255,194,5,71,166,1,0,0,0,0,0,0,0
34.230770,34.227818,107,255,227,255,194,5,71,166,1,0,0,0,0,0,0,0
34.285713,34.261543,107,255,227,255,194,5,71,166,1,0,0,0,0,0,0,0
34.285713,34.297371,107,255,227,255,194,5,71,166,1,0,0,0,0,0,0,0
34.340660,34.333298,107,255,227,255,194,5,71,166,1,0,0,0,0,0,0,0
34.395603,34.369125,107,255,227,255,194,5,71,166,1,0,0,0,0,0,0,0
34.395603,34.404949,107,255,227,255,194,5,71,166,1,0,0,0,0,0,0,0
34.450550,34.440929,107,255,227,255,194,5,71,166,1,0,0,0,0,0,0,0
34.505493,34.476757,107,255,227,255,194,5,71,166,1,0,0,0,0,0,0,0
34.505493,34.512733,107,255,227,255,194,5,71,166,1,0,0,0,0,0,0,0
34.560440,34.548611,107,255,227,255,194,5,71,166,1,0,0,0,0,0,0,0
34.615383,34.584435,107,255,227,255,194,5,71,166,1,0,0,0,0,0,0,0
34.615383,34.620262,107,255,227,255,193,6,69,166,1,0,0,0,0,0,0,0
34.670330,34.656139,107,254,227,255,193,6,69,166,1,0,0,0,0,0,0,0
34.725273,34.691963,107,255,227,255,193,6,69,166,1,0,0,0,0,0,0,0
34.725273,34.727791,107,255,227,255,193,6,69,166,1,0,0,0,0,0,0,0
34.780220,34.763615,107,255,226,255,193,6,69,166,1,0,0,0,0,0,0,0
34.835163,34.799442,107,255,226,255,192,6,66,166,1,0,0,0,0,0,0,0
34.835163,34.835369,107,255,226,255,192,6,66,166,1,0,0,0,0,0,0,0
34.890110,34.871193,107,254,227,255,192,5,66,166,129,0,0,0,0,0,0,0
34.890110,34.905590,107,254,227,255,192,5,66,166,129,0,0,0,0,0,0,0
34.945053,34.939365,107,254,227,255,192,5,66,166,129,0,0,0,0,0,0,0
35.000000,34.973091,107,254,227,255,192,5,66,166,129,0,0,0,0,0,0,0
35.000000,35.006920,107,254,227,255,192,5,66,166,129,0,0,0,0,0,0,0
