0.000000,0.000000,108,254,232,255,192,5,70,168,129,151,127,125,145,192,207,0
0.164835,0.163906,108,254,232,255,192,6,75,168,1,151,127,125,145,192,207,0
0.329670,0.332063,108,255,232,255,192,5,84,168,1,151,127,125,145,192,207,0
0.494505,0.495564,108,255,232,255,193,5,73,168,129,151,127,125,145,192,207,0
0.659341,0.664125,108,255,232,255,192,6,69,168,129,151,127,125,145,192,207,0
0.824176,0.827539,108,254,232,255,194,6,66,168,1,151,127,125,145,192,207,0
0.989011,0.995616,108,254,232,255,194,5,67,168,129,151,127,125,145,192,207,0
1.153846,1.163720,108,254,232,255,193,6,64,168,129,151,127,125,145,192,207,0
1.318681,1.327209,108,255,232,255,192,6,66,168,1,151,127,125,145,192,207,0
1.483516,1.495229,108,254,232,255,193,5,62,168,129,151,127,125,145,192,207,0
1.648352,1.663240,108,254,231,255,192,6,64,168,129,151,127,125,145,192,207,0
1.813187,1.826771,108,254,232,255,192,6,61,168,1,151,127,125,145,192,207,0
1.978022,1.994873,108,254,232,255,192,6,62,168,1,151,127,125,145,192,207,0
2.142857,2.158466,108,254,232,255,193,5,62,168,129,151,127,125,145,192,207,0
2.307692,2.326616,108,255,232,255,193,5,69,168,1,151,127,125,145,192,207,0
2.472528,2.500510,108,255,231,255,194,6,63,168,1,151,127,125,145,192,207,0
2.637363,2.664452,108,254,232,255,193,5,63,168,129,151,127,125,145,192,207,0
2.802198,2.832385,108,254,232,255,193,6,64,168,129,151,127,125,145,192,207,0
2.967033,2.995892,108,254,232,255,193,6,64,168,129,151,127,125,145,192,207,0
3.131868,3.159471,108,254,232,255,193,6,64,168,129,151,127,125,145,192,207,0
3.296703,3.323073,108,254,231,255,193,5,61,168,129,151,127,125,145,192,207,0
3.461539,3.486591,108,255,232,255,193,6,67,168,1,151,127,125,145,192,207,0
3.626374,3.654706,108,255,232,255,192,6,67,168,1,151,127,125,145,192,207,0
3.791209,3.818136,108,255,231,255,192,6,56,168,129,151,127,125,145,192,207,0
3.956044,3.986012,108,255,232,255,193,6,59,168,1,151,127,125,145,192,207,0
4.120879,4.153981,108,254,231,255,194,6,62,168,1,151,127,125,145,192,207,0
4.285714,4.317230,108,254,232,255,192,6,59,168,1,151,127,125,145,192,207,0
4.450550,4.480483,108,254,231,255,193,5,64,168,129,151,127,125,145,192,207,0
4.670330,4.649055,108,254,231,255,193,6,60,168,1,151,127,125,145,192,207,0
4.835165,4.816916,108,254,231,255,193,6,63,168,1,151,127,125,145,192,207,0
5.000000,4.980213,108,254,231,255,193,5,67,168,129,151,127,125,145,192,207,0
5.164835,5.148141,108,254,232,255,193,6,64,168,1,151,127,125,145,192,207,0
5.329670,5.316038,108,254,231,255,192,6,62,168,1,151,127,125,145,192,207,0
5.494505,5.479373,108,254,231,255,193,6,66,168,129,151,127,125,145,192,207,0
5.659341,5.647435,108,254,231,255,194,5,68,168,1,151,127,125,145,192,207,0
5.824176,5.815361,108,254,231,255,193,5,60,168,1,151,127,125,145,192,207,0
5.989011,5.978653,108,254,231,255,192,6,61,168,1,151,127,125,145,192,207,0
6.153846,6.141989,108,254,231,255,192,6,62,168,129,151,127,125,145,192,207,0
6.318681,6.309896,108,254,231,255,193,6,62,168,1,151,127,125,145,192,207,0
6.483517,6.477860,108,255,231,255,193,6,60,168,1,151,127,125,145,192,207,0
6.648352,6.641676,108,254,231,255,192,6,63,168,129,151,127,125,145,192,207,0
6.813187,6.809789,108,254,231,255,193,6,61,168,1,151,127,125,145,192,207,0
6.978022,6.977872,108,255,231,255,193,5,64,168,1,151,127,125,145,192,207,0
7.142857,7.141175,108,254,231,255,192,6,67,168,129,151,127,125,145,192,207,0
7.307693,7.309169,108,255,231,255,193,6,64,168,129,151,127,125,145,192,207,0
7.472528,7.472640,108,255,231,255,193,5,69,168,1,151,127,125,145,192,207,0
7.637362,7.640728,108,255,231,255,193,5,60,168,129,151,127,125,145,192,207,0
7.802198,7.808836,108,255,231,255,193,5,58,168,129,151,127,125,145,192,207,0
7.967033,7.972227,108,254,231,255,193,6,60,168,1,151,127,125,145,192,207,0
8.131868,8.140274,108,255,231,255,193,6,59,168,1,151,127,125,145,192,207,0
8.296703,8.303747,108,255,231,255,192,6,56,168,129,151,127,125,145,192,207,0
8.461538,8.471917,108,255,231,255,194,5,58,167,1,151,127,125,145,192,207,0
8.626373,8.640442,108,255,230,255,192,6,59,168,1,151,127,125,145,192,207,0
8.791209,8.803951,108,254,231,255,193,6,55,168,129,151,127,125,145,192,207,0
8.956044,8.972069,108,254,231,255,193,6,56,167,129,151,127,125,145,192,207,0
9.120879,9.135566,108,255,230,255,193,6,56,168,1,151,127,125,145,192,207,0
9.285714,9.303742,108,254,230,255,193,6,57,168,129,151,127,125,145,192,207,0
9.450549,9.471847,108,254,230,255,192,5,60,168,129,151,127,125,145,192,207,0
9.615385,9.635435,107,254,230,255,194,5,62,168,1,151,127,125,145,192,207,0
9.780220,9.803523,108,255,231,255,193,6,66,168,1,151,127,125,145,192,207,0
9.945055,9.966986,108,255,231,255,193,6,66,168,1,151,127,125,145,192,207,0
10.109890,10.130461,108,254,230,255,194,5,65,167,129,151,127,125,145,192,207,0
10.274725,10.298547,107,255,230,255,193,6,68,168,1,151,127,125,145,192,207,0
10.439561,10.466460,107,254,230,255,194,5,67,167,129,151,127,125,145,192,207,0
10.604396,10.634997,107,254,231,255,194,5,66,167,1,151,127,125,145,192,207,0
10.824176,10.803099,108,254,231,255,193,6,65,168,1,151,127,125,145,192,207,0
10.989011,10.966311,108,255,230,255,192,5,62,168,1,151,127,125,145,192,207,0
11.098901,11.129347,108,254,230,255,193,5,64,167,129,151,127,125,145,192,207,0
11.318682,11.297370,108,254,231,255,193,6,62,167,1,151,127,125,145,192,207,0
11.483517,11.465337,107,254,230,255,194,5,67,167,1,151,127,125,145,192,207,0
11.648352,11.628562,108,255,230,255,192,5,68,167,129,151,127,125,145,192,207,0
11.813187,11.796435,108,254,231,255,193,6,66,168,1,151,127,125,145,192,207,0
11.978022,11.964211,108,255,230,255,194,6,66,167,1,151,127,125,145,192,207,0
12.142858,12.127381,108,255,230,255,193,6,63,168,129,151,127,125,145,192,207,0
12.307693,12.295141,107,254,230,255,193,6,68,168,1,151,127,125,145,192,207,0
12.472528,12.463484,108,255,230,255,193,6,66,168,1,151,127,125,145,192,207,0
12.637362,12.626717,108,255,230,255,193,6,66,167,129,151,127,125,145,192,207,0
12.802197,12.794566,107,254,230,255,192,6,63,168,129,151,127,125,145,192,207,0
12.967033,12.957819,108,255,230,255,193,6,66,168,1,151,127,125,145,192,207,0
13.131868,13.125867,107,255,230,255,192,5,65,167,129,151,127,125,145,192,207,0
13.296703,13.294001,107,255,230,255,193,6,63,167,129,151,127,125,145,192,207,0
13.461538,13.457513,107,254,230,255,192,6,66,167,1,151,127,125,145,192,207,0
13.626373,13.625694,107,255,230,255,193,5,64,167,1,151,127,125,145,192,207,0
13.791209,13.789131,107,255,230,255,193,5,59,167,129,151,127,125,145,192,207,0
13.956044,13.957233,107,254,230,255,192,6,66,167,129,151,127,125,145,192,207,0
14.120879,14.120829,107,255,230,255,193,5,64,167,1,151,127,125,145,192,207,0
14.285714,14.288877,108,255,229,255,194,6,61,167,129,151,127,125,145,192,207,0
14.450549,14.457615,107,254,230,255,193,5,65,167,129,151,127,125,145,192,207,0
14.615385,14.621027,108,255,230,255,193,6,62,167,1,151,127,125,145,192,207,0
14.780220,14.789122,107,254,230,255,193,6,55,167,1,151,127,125,145,192,207,0
14.945055,14.952581,107,254,229,255,193,6,59,168,129,151,127,125,145,192,207,0
15.109890,15.120668,107,255,230,255,193,6,53,167,1,151,127,125,145,192,207,0
15.274725,15.288754,107,255,230,255,193,5,56,167,1,151,127,125,145,192,207,0
15.439561,15.452228,107,255,229,255,193,5,56,167,129,151,127,125,145,192,207,0
15.604396,15.620333,107,254,229,255,193,5,56,167,129,151,127,125,145,192,207,0
15.769231,15.783685,108,255,229,255,194,6,54,167,1,151,127,125,145,192,207,0
15.934066,15.951653,107,255,229,255,193,6,53,167,129,151,127,125,145,192,207,0
16.098902,16.119740,107,254,230,255,193,5,52,167,129,151,127,125,145,192,207,0
16.263737,16.283144,107,255,230,255,193,6,53,167,1,151,127,125,145,192,207,0
16.428572,16.451668,107,255,230,255,192,6,52,167,1,151,127,125,145,192,207,0
16.593407,16.615143,107,255,230,255,194,6,56,167,129,151,127,125,145,192,207,0
16.758242,16.782999,107,255,230,255,193,6,53,167,129,151,127,125,145,192,207,0
16.923077,16.946405,107,255,230,255,192,5,59,167,1,151,127,125,145,192,207,0
17.087912,17.114323,107,255,229,255,193,6,61,167,129,151,127,125,145,192,207,0
17.307692,17.282393,107,255,230,255,193,5,55,167,129,151,127,125,145,192,207,0
17.417582,17.445610,107,254,230,255,192,6,59,167,1,151,127,125,145,192,207,0
17.637363,17.613853,107,255,230,255,194,6,65,167,129,151,127,125,145,192,207,0
17.802198,17.781858,107,254,229,255,193,6,61,167,129,151,127,125,145,192,207,0
17.967033,17.945185,107,255,229,255,192,5,58,167,1,151,127,125,145,192,207,0
18.131868,18.113186,107,255,229,255,193,6,56,167,1,151,127,125,145,192,207,0
18.296703,18.276579,107,254,229,255,193,5,60,167,129,151,127,125,145,192,207,0
18.461538,18.444935,107,254,229,255,193,6,59,167,1,151,127,125,145,192,207,0
18.626373,18.612957,107,255,229,255,193,6,64,167,1,151,127,125,145,192,207,0
18.791208,18.776354,107,255,229,255,194,6,65,167,129,151,127,125,145,192,207,0
18.956043,18.944324,107,254,229,255,193,6,66,167,129,151,127,125,145,192,207,0
19.120878,19.107590,107,255,229,255,192,6,66,167,1,151,127,125,145,192,207,0
19.285715,19.275536,107,255,229,255,193,5,67,167,129,151,127,125,145,192,207,0
19.450550,19.443609,107,254,229,255,194,5,68,167,129,151,127,125,145,192,207,0
19.615385,19.607025,107,254,229,255,193,6,67,167,1,151,127,125,145,192,207,0
19.780220,19.775084,107,255,229,255,192,6,67,167,1,151,127,125,145,192,207,0
19.945055,19.938452,107,255,229,255,193,6,70,167,129,151,127,125,145,192,207,0
20.109890,20.106493,107,254,229,255,192,6,67,167,1,151,127,125,145,192,207,0
20.274725,20.274532,107,255,229,255,192,6,70,167,1,151,127,125,145,192,207,0
20.439560,20.438528,107,255,229,255,192,5,70,167,129,151,127,125,145,192,207,0
20.604395,20.606615,107,255,229,255,192,5,70,167,129,151,127,125,145,192,207,0
20.769230,20.770090,107,254,229,255,194,6,68,167,1,151,127,125,145,192,207,0
20.934067,20.938156,107,254,229,255,193,5,71,167,129,151,127,125,145,192,207,0
21.098902,21.106171,107,254,229,255,194,6,69,167,129,151,127,125,145,192,207,0
21.263737,21.269722,107,255,229,255,192,6,74,167,1,151,127,125,145,192,207,0
21.428572,21.437778,107,255,229,255,194,5,72,167,1,151,127,125,145,192,207,0
21.593407,21.601328,107,255,229,255,192,6,74,167,129,151,127,125,145,192,207,0
21.758242,21.769548,107,255,229,255,193,5,63,167,129,151,127,125,145,192,207,0
21.923077,21.933069,107,255,229,255,193,5,66,167,1,151,127,125,145,192,207,0
22.087912,22.101189,107,255,229,255,194,6,63,167,129,151,127,125,145,192,207,0
22.252747,22.269325,107,254,229,255,193,6,64,167,129,151,127,125,145,192,207,0
22.417582,22.433485,107,254,229,255,193,6,62,167,1,151,127,125,145,192,207,0
22.582418,22.601675,107,254,229,255,192,5,67,167,1,151,127,125,145,192,207,0
22.747253,22.765194,107,255,229,255,192,6,62,167,129,151,127,125,145,192,207,0
22.912088,22.933474,107,254,229,255,194,5,63,167,1,151,127,125,145,192,207,0
23.076923,23.101450,107,255,229,255,192,6,63,167,1,151,127,125,145,192,207,0
23.241758,23.264898,107,255,229,255,193,6,64,167,129,151,127,125,145,192,207,0
23.406593,23.432878,107,255,229,255,193,6,62,167,129,151,127,125,145,192,207,0
23.571428,23.596170,107,254,229,255,193,6,66,167,1,151,127,125,145,192,207,0
23.791208,23.764244,107,254,229,255,194,5,66,167,129,151,127,125,145,192,207,0
23.956043,23.932117,107,255,229,255,194,5,66,167,129,151,127,125,145,192,207,0
24.120878,24.095398,107,255,229,255,193,5,69,167,1,151,127,125,145,192,207,0
24.285715,24.263205,107,254,229,255,193,5,65,167,1,151,127,125,145,192,207,0
24.450550,24.427050,107,254,229,255,193,6,68,167,129,151,127,125,145,192,207,0
24.615385,24.594975,107,254,229,255,192,5,70,167,129,151,127,125,145,192,207,0
24.780220,24.758343,107,255,228,255,193,6,70,167,1,151,127,125,145,192,207,0
24.945055,24.926291,107,254,229,255,193,6,63,167,129,151,127,125,145,192,207,0
25.109890,25.094273,107,255,228,255,193,6,64,167,129,151,127,125,145,192,207,0
25.274725,25.257633,107,254,229,255,194,6,66,167,1,151,127,125,145,192,207,0
25.439560,25.425564,107,255,228,255,193,5,65,167,129,151,127,125,145,192,207,0
25.604395,25.593691,107,254,228,255,193,6,66,167,129,151,127,125,145,192,207,0
25.769230,25.757080,107,254,229,255,194,5,69,167,1,151,127,125,145,192,207,0
25.934067,25.925148,107,255,228,255,193,5,69,167,1,151,127,125,145,192,207,0
26.098902,26.088488,107,255,228,255,193,6,67,167,129,151,127,125,145,192,207,0
26.263737,26.256577,107,255,228,255,193,6,68,167,129,151,127,125,145,192,207,0
26.428572,26.420494,107,254,228,255,192,6,66,167,1,151,127,125,145,192,207,0
26.593407,26.588398,107,255,228,255,192,5,69,167,129,151,127,125,145,192,207,0
26.758242,26.756340,107,255,228,255,193,6,68,167,129,151,127,125,145,192,207,0
26.923077,26.919794,107,254,228,255,194,6,66,167,1,151,127,125,145,192,207,0
27.087912,27.087820,107,255,228,255,193,6,64,167,129,151,127,125,145,192,207,0
27.252747,27.255804,107,255,228,255,193,5,66,167,129,151,127,125,145,192,207,0
27.417582,27.419291,107,254,228,255,193,5,65,167,1,151,127,125,145,192,207,0
27.582418,27.587368,107,254,228,255,194,6,62,167,1,151,127,125,145,192,207,0
27.747253,27.750944,107,255,228,255,192,6,63,167,129,151,127,125,145,192,207,0
27.912088,27.919073,107,255,228,255,194,5,63,167,1,151,127,125,145,192,207,0
28.076923,28.087135,107,254,228,255,192,5,62,167,1,151,127,125,145,192,207,0
28.241758,28.250610,107,254,228,255,192,5,63,167,129,151,127,125,145,192,207,0
28.406593,28.419273,107,255,228,255,192,5,68,167,129,151,127,125,145,192,207,0
28.571428,28.582733,107,254,227,255,193,6,63,167,1,151,127,125,145,192,207,0
28.736263,28.750948,107,254,228,255,194,5,57,167,129,151,127,125,145,192,207,0
28.901098,28.919010,107,254,228,255,192,5,59,167,129,151,127,125,145,192,207,0
29.065933,29.082649,107,255,228,255,192,6,53,167,1,151,127,125,145,192,207,0
29.230770,29.250788,107,254,227,255,193,6,57,167,1,151,127,125,145,192,207,0
29.395605,29.414215,107,254,227,255,194,5,55,167,129,151,127,125,145,192,207,0
29.560440,29.582193,107,255,227,255,192,6,56,166,129,151,127,125,145,192,207,0
29.725275,29.745544,107,254,228,255,193,5,59,167,1,151,127,125,145,192,207,0
29.890110,29.913502,107,255,228,255,194,5,53,167,129,151,127,125,145,192,207,0
30.109890,30.081671,107,255,227,255,192,6,56,166,129,151,127,125,145,192,207,0
30.274725,30.245705,107,255,227,255,192,6,57,166,1,151,127,125,145,192,207,0
30.439560,30.413666,107,254,227,255,193,6,59,167,1,151,127,125,145,192,207,0
30.604395,30.576948,107,255,227,255,193,6,54,167,129,151,127,125,145,192,207,0
30.769230,30.744926,107,255,228,255,193,5,60,166,1,151,127,125,145,192,207,0
30.934067,30.912876,107,254,227,255,193,5,56,166,1,151,127,125,145,192,207,0
31.098902,31.076113,107,255,227,255,193,5,62,166,129,151,127,125,145,192,207,0
31.263737,31.243946,107,255,228,255,193,5,58,166,129,151,127,125,145,192,207,0
31.428572,31.407354,107,255,227,255,192,5,63,166,1,151,127,125,145,192,207,0
31.593407,31.575350,107,255,227,255,192,6,62,166,129,151,127,125,145,192,207,0
31.758242,31.743280,107,255,227,255,194,6,69,167,129,151,127,125,145,192,207,0
31.923077,31.906607,107,254,227,255,193,5,59,166,1,151,127,125,145,192,207,0
32.087914,32.074673,107,254,227,255,192,5,60,166,1,151,127,125,145,192,207,0
32.252747,32.238468,107,254,227,255,193,5,63,166,129,151,127,125,145,192,207,0
32.417583,32.406483,107,255,227,255,193,5,61,166,129,151,127,125,145,192,207,0
32.582417,32.569931,107,254,227,255,193,6,67,166,1,151,127,125,145,192,207,0
32.747253,32.737923,107,255,227,255,193,5,67,166,129,151,127,125,145,192,207,0
32.912086,32.906002,107,255,227,255,192,6,66,166,129,151,127,125,145,192,207,0
33.076923,33.069359,107,255,227,255,192,6,66,166,1,151,127,125,145,192,207,0
33.241756,33.237408,107,254,227,255,193,6,65,166,129,151,127,125,145,192,207,0
33.406593,33.405403,107,255,227,255,193,5,67,166,129,151,127,125,145,192,207,0
33.571430,33.568851,107,255,227,255,193,6,66,166,1,151,127,125,145,192,207,0
33.736263,33.736870,107,254,227,255,192,6,70,166,1,151,127,125,145,192,207,0
33.901100,33.900291,107,254,227,255,194,6,69,166,129,151,127,125,145,192,207,0
34.065933,34.068321,107,255,227,255,194,5,69,166,129,151,127,125,145,192,207,0
34.230770,34.232517,107,255,226,255,194,6,63,166,1,151,127,125,145,192,207,0
34.395603,34.400646,107,254,227,255,193,6,69,166,129,151,127,125,145,192,207,0
34.560440,34.568626,107,254,226,255,193,5,67,166,129,151,127,125,145,192,207,0
34.725273,34.732052,107,255,227,255,194,6,66,166,1,151,127,125,145,192,207,0
34.890110,34.900143,107,255,226,255,192,6,66,166,1,151,127,125,145,192,207,0
35.054947,35.063713,107,255,226,255,193,5,71,166,129,151,127,125,145,192,207,0
35.219780,35.231930,107,255,226,255,193,5,66,166,1,151,127,125,145,192,207,0
35.384617,35.400028,107,254,226,255,193,6,68,166,1,151,127,125,145,192,207,0
35.549450,35.563560,107,255,226,255,192,5,65,166,129,151,127,125,145,192,207,0
35.714287,35.731678,107,255,226,255,193,6,64,166,129,151,127,125,145,192,207,0
35.879120,35.895187,107,255,226,255,193,5,61,166,1,151,127,125,145,192,207,0
36.043957,36.063309,107,254,226,255,193,6,58,166,129,151,127,125,145,192,207,0
36.373627,36.373787,107,254,226,255,193,6,61,166,1,151,127,125,145,192,207,0
36.538460,36.541824,107,254,226,255,193,6,61,166,1,151,127,125,145,192,207,0
36.703297,36.705120,107,255,226,255,192,5,54,166,129,151,127,125,145,192,207,0
36.868134,36.873291,107,254,226,255,193,5,58,166,1,151,127,125,145,192,207,0
37.032967,37.041245,107,254,226,255,193,6,53,166,1,151,127,125,145,192,207,0
37.197803,37.204655,107,255,226,255,193,5,57,166,129,151,127,125,145,192,207,0
37.362637,37.372730,107,255,226,255,193,5,54,166,1,151,127,125,145,192,207,0
37.527473,37.540718,107,255,226,255,193,5,58,166,1,151,127,125,145,192,207,0
37.692307,37.704304,107,254,226,255,192,5,56,166,129,151,127,125,145,192,207,0
37.857143,37.872459,107,255,226,255,193,5,58,166,129,151,127,125,145,192,207,0
38.021976,38.035969,106,254,226,255,194,5,57,166,1,151,127,125,145,192,207,0
38.186813,38.204231,107,254,226,255,193,6,59,166,1,151,127,125,145,192,207,0
38.351650,38.367752,107,255,226,255,193,5,62,166,129,151,127,125,145,192,207,0
38.516483,38.535637,106,255,226,255,194,5,66,166,1,151,127,125,145,192,207,0
38.736263,38.703716,106,255,225,255,194,6,56,166,1,151,127,125,145,192,207,0
38.846153,38.866890,107,255,226,255,192,6,56,166,129,151,127,125,145,192,207,0
39.065933,39.035118,107,254,225,255,193,6,57,166,129,151,127,125,145,192,207,0
39.230770,39.198425,107,255,226,255,194,6,59,166,1,151,127,125,145,192,207,0
39.395603,39.366409,106,254,226,255,194,6,62,166,129,151,127,125,145,192,207,0
39.560440,39.534451,106,254,225,255,193,6,66,166,129,151,127,125,145,192,207,0
39.725273,39.697727,107,254,225,255,194,5,63,166,1,151,127,125,145,192,207,0
39.890110,39.865601,106,255,225,255,193,5,68,166,1,151,127,125,145,192,207,0
40.054947,40.028919,107,255,226,255,192,6,64,166,129,151,127,125,145,192,207,0
40.219780,40.197018,107,255,225,255,192,5,68,166,1,151,127,125,145,192,207,0
40.384617,40.365005,107,255,225,255,193,5,69,166,1,151,127,125,145,192,207,0
40.549450,40.528370,107,254,225,255,193,5,68,166,129,151,127,125,145,192,207,0
40.714287,40.696426,107,254,225,255,193,6,66,166,129,151,127,125,145,192,207,0
40.879120,40.859783,107,254,225,255,194,5,65,166,1,151,127,125,145,192,207,0
41.043957,41.027851,107,255,225,255,192,5,68,166,1,151,127,125,145,192,207,0
41.208790,41.191380,107,255,225,255,193,6,66,166,129,151,127,125,145,192,207,0
41.373627,41.359623,107,254,225,255,192,6,67,166,1,151,127,125,145,192,207,0
41.538460,41.527729,106,255,225,255,194,5,67,166,1,151,127,125,145,192,207,0
41.703297,41.696949,107,254,225,255,193,5,67,166,129,151,127,125,145,192,207,0
41.868134,41.865070,107,255,225,255,193,5,67,166,1,151,127,125,145,192,207,0
42.032967,42.033100,107,255,225,255,192,5,68,166,1,151,127,125,145,192,207,0
42.197803,42.197094,107,254,225,255,194,6,64,166,1,151,127,125,145,192,207,0
42.362637,42.360680,107,254,225,255,193,5,70,166,129,151,127,125,145,192,207,0
42.527473,42.528893,107,255,225,255,193,6,70,166,1,151,127,125,145,192,207,0
42.692307,42.697029,106,254,225,255,192,6,62,166,1,151,127,125,145,192,207,0
42.857143,42.860577,106,254,225,255,193,6,62,166,1,151,127,125,145,192,207,0
43.021976,43.024078,106,255,224,255,192,5,61,166,1,151,127,125,145,192,207,0
43.186813,43.187565,106,255,225,255,192,6,56,166,1,151,127,125,145,192,207,0
43.351650,43.351074,106,254,224,255,192,6,55,166,129,151,127,125,145,192,207,0
43.516483,43.519226,106,254,225,255,193,5,59,166,1,151,127,125,145,192,207,0
43.681320,43.687241,106,255,224,255,192,6,61,166,1,151,127,125,145,192,207,0
43.846153,43.850742,107,254,225,255,193,5,59,166,129,151,127,125,145,192,207,0
44.010990,44.018864,107,255,224,255,193,5,56,166,129,151,127,125,145,192,207,0
44.175823,44.182926,107,255,225,255,193,5,56,166,1,151,127,125,145,192,207,0
44.340660,44.351074,106,255,224,255,194,5,61,166,129,151,127,125,145,192,207,0
44.505493,44.519272,106,254,224,255,193,6,59,166,129,151,127,125,145,192,207,0
44.670330,44.682735,106,255,225,255,193,6,61,166,1,151,127,125,145,192,207,0
44.835163,44.850662,107,255,225,255,193,5,60,166,1,151,127,125,145,192,207,0
45.000000,45.014042,106,254,224,255,193,6,58,166,129,151,127,125,145,192,207,0
45.164837,45.181911,106,254,225,255,193,5,59,166,129,151,127,125,145,192,207,0
45.329670,45.345253,106,255,225,255,192,6,62,166,1,151,127,125,145,192,207,0
45.549450,45.513260,106,254,224,255,193,5,66,166,129,151,127,125,145,192,207,0
45.714287,45.681404,106,254,224,255,193,5,54,166,129,151,127,125,145,192,207,0
45.879120,45.844692,106,255,224,255,193,6,61,166,1,151,127,125,145,192,207,0
46.043957,46.012707,106,255,224,255,193,5,59,166,129,151,127,125,145,192,207,0
46.208790,46.181412,106,254,224,255,194,5,56,166,129,151,127,125,145,192,207,0
46.373627,46.344780,106,255,224,255,192,5,67,166,1,151,127,125,145,192,207,0
46.538460,46.512802,106,255,224,255,193,6,64,166,1,151,127,125,145,192,207,0
46.703297,46.676151,106,255,224,255,193,5,67,166,129,151,127,125,145,192,207,0
46.868134,46.844509,106,255,224,255,193,5,70,166,129,151,127,125,145,192,207,0
47.032967,47.008129,106,255,224,255,193,5,68,166,1,151,127,125,145,192,207,0
47.197803,47.176453,106,255,224,255,194,5,69,166,129,151,127,125,145,192,207,0
47.362637,47.345005,106,254,224,255,193,5,66,166,129,151,127,125,145,192,207,0
47.527473,47.508945,106,254,224,255,193,5,74,166,1,151,127,125,145,192,207,0
47.692307,47.677475,107,255,224,255,193,6,70,166,1,151,127,125,145,192,207,0
47.857143,47.841366,106,254,224,255,193,5,73,166,129,151,127,125,145,192,207,0
48.021976,48.009842,106,254,224,255,194,5,69,166,1,151,127,125,145,192,207,0
48.186813,48.178982,106,254,224,255,193,5,72,166,1,151,127,125,145,192,207,0
48.351650,48.342793,106,255,224,255,193,5,68,166,129,151,127,125,145,192,207,0
48.516483,48.511261,106,255,224,255,193,5,70,166,129,151,127,125,145,192,207,0
48.681320,48.675144,106,254,224,255,194,5,72,166,1,151,127,125,145,192,207,0
48.846153,48.843601,106,255,224,255,194,6,68,166,129,151,127,125,145,192,207,0
49.010990,49.012157,106,254,224,255,193,6,71,166,129,151,127,125,145,192,207,0
49.175823,49.176022,106,255,224,255,193,6,69,166,1,151,127,125,145,192,207,0
49.340660,49.344563,106,254,224,255,194,5,66,166,1,151,127,125,145,192,207,0
49.505493,49.508457,106,255,224,255,194,6,65,166,129,151,127,125,145,192,207,0
49.670330,49.677002,106,255,224,255,193,5,60,166,1,151,127,125,145,192,207,0
49.835163,49.845524,106,254,224,255,193,5,60,166,1,151,127,125,145,192,207,0
50.000000,50.009434,106,255,223,255,193,5,61,166,129,151,127,125,145,192,207,0
50.164837,50.178326,106,254,223,255,192,5,60,166,129,151,127,125,145,192,207,0
50.329670,50.342159,106,255,224,255,193,5,61,166,1,151,127,125,145,192,207,0
50.494507,50.510395,106,255,224,255,194,5,59,166,1,151,127,125,145,192,207,0
50.659340,50.673923,106,255,223,255,193,6,61,165,129,151,127,125,145,192,207,0
50.879120,50.842384,106,254,224,255,194,6,58,166,1,151,127,125,145,192,207,0
51.043957,51.010735,106,255,223,255,193,5,61,166,1,151,127,125,145,192,207,0
51.208790,51.174339,106,255,223,255,193,5,60,166,129,151,127,125,145,192,207,0
51.373627,51.342567,106,255,223,255,193,5,62,166,1,151,127,125,145,192,207,0
51.538460,51.510799,106,254,223,255,194,6,62,166,1,151,127,125,145,192,207,0
51.703297,51.674301,106,255,224,255,193,6,66,166,129,151,127,125,145,192,207,0
51.868134,51.842625,106,255,223,255,194,5,63,166,1,151,127,125,145,192,207,0
52.032967,52.011490,106,254,223,255,193,6,63,166,1,151,127,125,145,192,207,0
52.197803,52.175098,106,254,223,255,193,5,62,166,129,151,127,125,145,192,207,0
52.362637,52.343353,106,255,223,255,193,5,66,166,129,151,127,125,145,192,207,0
52.527473,52.507175,106,255,223,255,192,5,57,166,1,151,127,125,145,192,207,0
52.692307,52.675545,106,254,223,255,194,5,57,166,1,151,127,125,145,192,207,0
52.857143,52.839283,106,254,223,255,193,5,61,165,129,151,127,125,145,192,207,0
53.021976,53.007591,106,254,223,255,193,4,58,166,1,151,127,125,145,192,207,0
53.186813,53.175995,106,255,223,255,193,5,65,166,1,151,127,125,145,192,207,0
53.351650,53.339722,106,255,223,255,193,5,64,166,129,151,127,125,145,192,207,0
53.516483,53.508068,106,255,223,255,192,5,65,166,129,151,127,125,145,192,207,0
53.681320,53.671764,106,255,223,255,193,6,66,166,1,151,127,125,145,192,207,0
53.846153,53.840099,106,254,222,255,194,5,66,166,129,151,127,125,145,192,207,0
54.010990,54.009083,106,255,223,255,193,5,66,166,129,151,127,125,145,192,207,0
54.175823,54.172897,106,255,222,255,193,5,65,166,1,151,127,125,145,192,207,0
54.340660,54.341377,106,254,223,255,193,5,65,166,1,151,127,125,145,192,207,0
54.505493,54.505196,106,255,223,255,193,5,69,166,129,151,127,125,145,192,207,0
54.670330,54.673779,106,254,223,255,193,5,66,166,129,151,127,125,145,192,207,0
54.835163,54.837559,106,254,223,255,193,6,66,166,1,151,127,125,145,192,207,0
55.000000,55.005985,106,254,222,255,193,5,66,166,129,151,127,125,145,192,207,0
55.164837,55.174397,106,254,223,255,193,6,67,166,129,151,127,125,145,192,207,0
55.329670,55.338261,106,254,223,255,193,5,67,166,1,151,127,125,145,192,207,0
55.494507,55.506454,107,255,222,255,193,6,67,166,1,151,127,125,145,192,207,0
55.659340,55.670162,106,255,223,255,193,5,64,166,129,151,127,125,145,192,207,0
55.824177,55.838390,106,254,223,255,192,5,61,166,1,151,127,125,145,192,207,0
56.153847,56.149158,106,255,222,255,193,5,65,166,129,151,127,125,145,192,207,0
56.318680,56.317757,106,254,221,255,194,5,57,166,129,151,127,125,145,192,207,0
56.483517,56.481651,106,255,222,255,192,5,55,166,1,151,127,125,145,192,207,0
56.648350,56.650200,106,254,222,255,194,5,52,166,129,151,127,125,145,192,207,0
56.813187,56.818691,106,255,222,255,192,5,54,165,129,151,127,125,145,192,207,0
56.978024,56.982548,106,254,222,255,193,5,57,166,1,151,127,125,145,192,207,0
57.142857,57.150879,106,254,222,255,192,6,56,166,1,151,127,125,145,192,207,0
57.307693,57.314686,106,254,222,255,193,5,52,166,129,151,127,125,145,192,207,0
57.472527,57.482925,106,254,222,255,193,5,51,166,1,151,127,125,145,192,207,0
57.637363,57.651207,106,255,222,255,194,5,55,166,1,151,127,125,145,192,207,0
57.802197,57.814777,106,255,222,255,193,5,52,165,129,151,127,125,145,192,207,0
58.131866,58.125473,106,255,222,255,193,5,55,166,1,151,127,125,145,192,207,0
58.296703,58.293922,106,254,222,255,193,5,59,166,129,151,127,125,145,192,207,0
58.461540,58.462467,106,255,222,255,193,5,54,166,129,151,127,125,145,192,207,0
58.626373,58.626400,106,255,222,255,193,5,57,166,1,151,127,125,145,192,207,0
58.791210,58.794888,106,254,222,255,193,5,57,166,1,151,127,125,145,192,207,0
58.956043,58.958755,106,254,222,255,193,6,60,165,129,151,127,125,145,192,207,0
59.120880,59.127228,106,255,222,255,193,5,61,166,129,151,127,125,145,192,207,0
59.285713,59.291065,106,255,222,255,194,5,55,166,1,151,127,125,145,192,207,0
59.450550,59.459538,106,255,222,255,194,6,55,166,129,151,127,125,145,192,207,0
59.615383,59.627937,106,255,222,255,192,5,58,166,129,151,127,125,145,192,207,0
59.780220,59.791630,106,255,221,255,193,5,55,166,1,151,127,125,145,192,207,0
60.000000,59.960194,106,254,222,255,192,5,59,166,129,151,127,125,145,192,207,0
60.164837,60.128510,106,255,221,255,193,5,62,166,129,151,127,125,145,192,207,0
60.329670,60.292210,106,255,222,255,193,5,64,166,1,151,127,125,145,192,207,0
60.494507,60.460545,106,254,222,255,193,5,63,166,1,151,127,125,145,192,207,0
60.659340,60.624115,106,255,222,255,193,5,68,166,129,151,127,125,145,192,207,0
60.824177,60.792442,106,255,221,255,193,6,71,166,1,151,127,125,145,192,207,0
60.989010,60.960701,106,254,221,255,194,6,67,166,1,151,127,125,145,192,207,0
61.153847,61.124382,106,255,221,255,192,5,71,166,1,151,127,125,145,192,207,0
61.318680,61.288021,106,254,222,255,194,6,74,166,129,151,127,125,145,192,207,0
61.483517,61.456314,106,255,222,255,192,5,75,166,129,151,127,125,145,192,207,0
61.648350,61.625607,106,255,222,255,192,5,70,166,1,151,127,125,145,192,207,0
61.813187,61.793976,106,255,221,255,193,5,74,166,129,151,127,125,145,192,207,0
61.978024,61.963066,106,255,222,255,193,6,71,166,129,151,127,125,145,192,207,0
62.142857,62.126842,106,255,221,255,193,4,69,166,1,151,127,125,145,192,207,0
62.307693,62.295235,106,254,222,255,193,5,71,166,129,151,127,125,145,192,207,0
62.472527,62.463581,106,255,222,255,193,5,74,166,1,151,127,125,145,192,207,0
62.637363,62.631927,106,255,222,255,193,5,80,166,1,151,127,125,145,192,207,0
62.802197,62.795681,106,255,221,255,194,5,77,166,1,151,127,125,145,192,207,0
62.967033,62.959435,106,254,221,255,193,6,69,165,129,151,127,125,145,192,207,0
63.131866,63.127666,106,254,222,255,194,6,63,166,1,151,127,125,145,192,207,0
63.296703,63.295967,106,254,222,255,194,5,62,166,1,151,127,125,145,192,207,0
63.461540,63.459713,106,255,221,255,194,5,63,166,129,151,127,125,145,192,207,0
63.626373,63.628021,106,255,221,255,192,5,60,165,1,151,127,125,145,192,207,0
63.791210,63.796509,106,255,221,255,193,5,58,166,1,151,127,125,145,192,207,0
63.956043,63.960976,106,255,221,255,194,5,56,166,129,151,127,125,145,192,207,0
64.120880,64.129272,106,254,221,255,192,5,61,165,1,151,127,125,145,192,207,0
64.285713,64.297562,106,255,221,255,192,5,61,166,1,151,127,125,145,192,207,0
64.450546,64.461166,106,255,221,255,193,5,60,165,129,151,127,125,145,192,207,0
64.670326,64.629524,106,254,221,255,193,5,55,165,129,151,127,125,145,192,207,0
64.835167,64.793144,106,255,221,255,194,5,60,166,1,151,127,125,145,192,207,0
65.000000,64.961380,106,254,221,255,193,5,65,166,129,151,127,125,145,192,207,0
65.164833,65.129700,106,255,221,255,192,5,63,166,129,151,127,125,145,192,207,0
65.329674,65.293358,106,255,221,255,193,6,58,166,1,151,127,125,145,192,207,0
65.494507,65.461632,106,255,221,255,194,6,67,166,1,151,127,125,145,192,207,0
65.659340,65.625320,106,255,221,255,193,5,59,165,129,151,127,125,145,192,207,0
65.824173,65.793594,106,255,221,255,194,5,70,166,129,151,127,125,145,192,207,0
65.989014,65.957825,106,254,221,255,193,5,55,165,1,151,127,125,145,192,207,0
66.153847,66.126175,106,254,221,255,193,5,55,165,1,151,127,125,145,192,207,0
66.318680,66.289818,106,254,221,255,193,4,55,166,129,151,127,125,145,192,207,0
66.483513,66.458313,106,254,221,255,193,5,59,165,1,151,127,125,145,192,207,0
66.648354,66.626793,106,254,221,255,193,5,62,165,129,151,127,125,145,192,207,0
66.813187,66.795158,106,255,221,255,193,5,57,165,129,151,127,125,145,192,207,0
66.978020,66.958992,106,254,220,255,194,5,63,165,1,151,127,125,145,192,207,0
67.142860,67.127380,106,254,221,255,192,5,68,165,1,151,127,125,145,192,207,0
67.307693,67.291222,106,255,221,255,193,5,63,166,129,151,127,125,145,192,207,0
67.472527,67.459618,106,254,221,255,193,5,62,166,129,151,127,125,145,192,207,0
67.637360,67.623344,106,254,221,255,192,5,59,165,1,151,127,125,145,192,207,0
67.802200,67.791771,106,254,220,255,193,5,58,165,129,151,127,125,145,192,207,0
67.967033,67.960739,106,255,220,255,192,5,60,165,129,151,127,125,145,192,207,0
68.131866,68.124573,106,254,220,255,193,5,70,166,1,151,127,125,145,192,207,0
68.296700,68.292915,106,254,220,255,194,5,60,166,1,151,127,125,145,192,207,0
68.461540,68.456604,106,254,221,255,194,5,61,166,129,151,127,125,145,192,207,0
68.626373,68.624878,106,255,220,255,194,5,70,166,1,151,127,125,145,192,207,0
68.791206,68.793312,106,255,220,255,192,5,68,165,1,151,127,125,145,192,207,0
68.956047,68.957092,106,255,221,255,193,5,65,166,129,151,127,125,145,192,207,0
69.120880,69.125587,106,254,220,255,193,5,63,165,1,151,127,125,145,192,207,0
69.285713,69.293915,106,255,220,255,193,5,63,165,1,151,127,125,145,192,207,0
69.450546,69.457527,106,255,221,255,193,5,70,166,129,151,127,125,145,192,207,0
69.670326,69.625969,106,254,220,255,193,5,67,165,129,151,127,125,145,192,207,0
69.780220,69.789421,106,254,221,255,193,5,56,166,1,151,127,125,145,192,207,0
70.000000,69.958626,106,255,220,255,193,5,60,165,1,151,127,125,145,192,207,0
70.164833,70.122246,106,254,220,255,193,5,58,166,129,151,127,125,145,192,207,0
70.329674,70.290588,106,254,220,255,192,5,59,165,1,151,127,125,145,192,207,0
70.494507,70.458992,106,255,220,255,193,5,55,165,1,151,127,125,145,192,207,0
70.659340,70.622757,106,255,220,255,194,5,57,165,129,151,127,125,145,192,207,0
70.824173,70.791138,106,255,220,255,193,4,53,165,129,151,127,125,145,192,207,0
70.989014,70.954918,106,254,220,255,193,5,63,165,1,151,127,125,145,192,207,0
71.153847,71.123238,106,254,220,255,194,5,60,166,129,151,127,125,145,192,207,0
71.318680,71.291649,106,254,220,255,193,5,60,165,129,151,127,125,145,192,207,0
71.483513,71.455490,106,254,220,255,193,5,62,165,1,151,127,125,145,192,207,0
71.648354,71.623970,106,254,220,255,193,5,60,165,1,151,127,125,145,192,207,0
71.813187,71.788490,106,255,220,255,193,5,65,165,129,151,127,125,145,192,207,0
71.978020,71.956917,106,254,220,255,194,5,65,166,129,151,127,125,145,192,207,0
72.142860,72.120659,106,254,220,255,194,5,67,165,1,151,127,125,145,192,207,0
72.307693,72.289063,106,254,220,255,193,5,66,165,129,151,127,125,145,192,207,0
72.472527,72.457451,106,254,220,255,193,5,66,165,129,151,127,125,145,192,207,0
72.637360,72.621284,106,254,220,255,194,5,58,165,1,151,127,125,145,192,207,0
72.802200,72.789536,106,255,220,255,192,5,59,165,1,151,127,125,145,192,207,0
72.967033,72.953300,106,255,220,255,192,5,62,165,129,151,127,125,145,192,207,0
73.131866,73.121544,106,254,220,255,193,5,57,165,1,151,127,125,145,192,207,0
73.296700,73.289886,106,255,220,255,192,5,66,165,1,151,127,125,145,192,207,0
73.461540,73.453773,106,254,220,255,192,5,62,165,129,151,127,125,145,192,207,0
73.626373,73.622177,106,255,220,255,193,5,68,166,1,151,127,125,145,192,207,0
73.791206,73.791382,106,254,220,255,194,5,67,165,1,151,127,125,145,192,207,0
73.956047,73.955307,106,255,219,255,193,5,66,165,129,151,127,125,145,192,207,0
74.120880,74.123878,106,254,220,255,193,5,62,165,129,151,127,125,145,192,207,0
74.285713,74.287697,106,255,219,255,194,5,62,165,1,151,127,125,145,192,207,0
74.450546,74.456139,106,255,219,255,192,5,59,165,129,151,127,125,145,192,207,0
74.670326,74.624657,106,255,220,255,192,5,62,165,129,151,127,125,145,192,207,0
74.780220,74.788139,106,254,220,255,193,4,60,165,1,151,127,125,145,192,207,0
75.000000,74.956711,106,254,220,255,194,5,60,165,129,151,127,125,145,192,207,0
75.164833,75.125069,106,255,220,255,194,5,57,165,129,151,127,125,145,192,207,0
75.329674,75.288643,106,254,220,255,193,4,59,165,1,151,127,125,145,192,207,0
75.494507,75.456955,106,255,219,255,194,5,57,165,1,151,127,125,145,192,207,0
75.659340,75.620522,106,254,219,255,194,4,61,165,129,151,127,125,145,192,207,0
75.824173,75.788765,106,255,219,255,193,5,63,166,129,151,127,125,145,192,207,0
75.989014,75.952438,106,254,219,255,194,6,64,165,1,151,127,125,145,192,207,0
76.153847,76.120659,106,255,219,255,193,5,65,165,129,151,127,125,145,192,207,0
76.318680,76.289001,106,255,219,255,193,5,56,165,129,151,127,125,145,192,207,0
76.483513,76.452629,106,255,219,255,193,5,54,165,1,151,127,125,145,192,207,0
76.648354,76.621101,106,255,219,255,193,5,54,165,1,151,127,125,145,192,207,0
76.813187,76.784744,106,255,219,255,193,5,53,165,129,151,127,125,145,192,207,0
76.978020,76.953194,106,255,219,255,194,4,50,165,1,151,127,125,145,192,207,0
77.142860,77.121590,106,255,219,255,193,5,50,165,1,151,127,125,145,192,207,0
77.307693,77.285492,106,254,219,255,193,5,56,165,129,151,127,125,145,192,207,0
77.472527,77.453850,106,255,219,255,194,4,53,165,129,151,127,125,145,192,207,0
77.637360,77.617676,106,254,219,255,193,5,54,165,1,151,127,125,145,192,207,0
77.802200,77.786812,106,254,219,255,193,5,55,165,1,151,127,125,145,192,207,0
77.967033,77.950691,106,255,219,255,193,5,53,165,129,151,127,125,145,192,207,0
78.131866,78.119186,106,255,219,255,193,5,58,165,1,151,127,125,145,192,207,0
78.296700,78.287865,106,255,219,255,194,5,64,165,1,151,127,125,145,192,207,0
78.461540,78.451759,106,255,219,255,193,5,61,165,129,151,127,125,145,192,207,0
78.626373,78.620316,106,255,219,255,193,5,64,165,129,151,127,125,145,192,207,0
78.791206,78.784142,106,255,219,255,193,5,66,165,1,151,127,125,145,192,207,0
78.956047,78.952690,106,254,219,255,192,5,68,165,129,151,127,125,145,192,207,0
79.120880,79.121223,106,254,219,255,192,5,70,165,129,151,127,125,145,192,207,0
79.285713,79.284981,106,255,219,255,193,5,66,165,1,151,127,125,145,192,207,0
79.450546,79.453354,106,254,219,255,193,5,63,165,1,151,127,125,145,192,207,0
79.615387,79.617119,106,255,219,255,194,5,66,165,129,151,127,125,145,192,207,0
79.780220,79.785889,106,255,219,255,194,5,67,165,1,151,127,125,145,192,207,0
80.000000,79.954262,106,254,219,255,194,5,73,165,1,151,127,125,145,192,207,0
80.164833,80.117798,106,254,219,255,194,5,74,165,129,151,127,125,145,192,207,0
80.329674,80.285957,106,254,219,255,194,5,72,165,129,151,127,125,145,192,207,0
80.494507,80.449501,106,255,220,255,192,5,74,165,1,151,127,125,145,192,207,0
80.659340,80.617706,106,254,219,255,192,5,68,165,129,151,127,125,145,192,207,0
80.824173,80.785942,106,255,219,255,192,5,78,165,129,151,127,125,145,192,207,0
80.989014,80.949493,106,254,219,255,194,4,70,165,1,151,127,125,145,192,207,0
81.153847,81.117584,106,254,219,255,194,5,72,165,1,151,127,125,145,192,207,0
81.318680,81.281158,106,255,219,255,193,5,73,165,129,151,127,125,145,192,207,0
81.483513,81.449463,106,255,219,255,193,5,76,165,1,151,127,125,145,192,207,0
81.648354,81.617897,106,255,219,255,193,5,71,166,1,151,127,125,145,192,207,0
81.813187,81.782280,106,255,219,255,192,5,72,166,129,151,127,125,145,192,207,0
81.978020,81.950691,106,255,219,255,192,5,72,166,129,151,127,125,145,192,207,0
82.142860,82.114502,106,254,219,255,193,5,73,166,1,151,127,125,145,192,207,0
82.307693,82.283089,106,254,219,255,192,5,69,166,1,151,127,125,145,192,207,0
82.472527,82.446945,106,254,219,255,194,5,71,165,129,151,127,125,145,192,207,0
82.637360,82.615425,106,255,219,255,193,5,78,165,1,151,127,125,145,192,207,0
82.802200,82.783958,106,255,219,255,193,5,70,165,129,151,127,125,145,192,207,0
82.967033,82.952385,106,254,219,255,192,5,57,165,129,151,127,125,145,192,207,0
83.131866,83.116150,106,255,219,255,194,5,60,165,1,151,127,125,145,192,207,0
83.296700,83.284584,106,255,219,255,193,5,59,165,1,151,127,125,145,192,207,0
83.461540,83.448463,106,255,219,255,193,5,56,165,129,151,127,125,145,192,207,0
83.626373,83.616943,106,254,219,255,193,5,58,165,129,151,127,125,145,192,207,0
83.791206,83.781181,106,255,218,255,193,5,61,165,1,151,127,125,145,192,207,0
83.956047,83.949547,106,254,218,255,192,5,61,165,1,151,127,125,145,192,207,0
84.120880,84.113327,106,255,218,255,192,5,54,165,129,151,127,125,145,192,207,0
84.285713,84.281746,106,255,218,255,192,5,57,165,1,151,127,125,145,192,207,0
84.450546,84.450073,106,254,218,255,194,5,60,165,1,151,127,125,145,192,207,0
84.615387,84.613853,106,254,218,255,193,5,53,165,129,151,127,125,145,192,207,0
84.780220,84.782097,106,254,218,255,193,4,59,165,1,151,127,125,145,192,207,0
85.000000,84.950493,106,255,218,255,194,5,66,165,1,151,127,125,145,192,207,0
85.109894,85.113968,106,255,218,255,192,5,68,165,129,151,127,125,145,192,207,0
85.329674,85.282387,106,254,218,255,193,5,69,165,129,151,127,125,145,192,207,0
85.494507,85.446014,106,255,218,255,194,5,66,165,1,151,127,125,145,192,207,0
85.659340,85.614868,106,255,218,255,193,5,73,165,129,151,127,125,145,192,207,0
85.824173,85.783218,106,254,218,255,193,5,56,165,129,151,127,125,145,192,207,0
85.989014,85.946861,106,254,218,255,192,5,63,165,1,151,127,125,145,192,207,0
86.153847,86.115311,106,254,218,255,193,6,65,165,1,151,127,125,145,192,207,0
86.318680,86.278961,106,254,218,255,193,5,63,165,129,151,127,125,145,192,207,0
86.483513,86.447334,106,254,218,255,193,4,67,165,129,151,127,125,145,192,207,0
86.648354,86.611084,106,255,218,255,192,5,75,165,1,151,127,125,145,192,207,0
86.813187,86.779709,106,254,218,255,192,5,69,166,129,151,127,125,145,192,207,0
86.978020,86.948265,106,254,218,255,193,4,62,165,129,151,127,125,145,192,207,0
87.142860,87.112076,106,254,218,255,193,5,67,165,1,151,127,125,145,192,207,0
87.307693,87.280571,106,254,217,255,192,4,62,165,129,151,127,125,145,192,207,0
87.472527,87.448982,106,255,218,255,193,5,66,166,129,151,127,125,145,192,207,0
87.637360,87.613358,106,254,218,255,193,4,66,166,1,151,127,125,145,192,207,0
87.802200,87.781860,106,255,217,255,194,5,59,166,129,151,127,125,145,192,207,0
87.967033,87.950386,106,255,217,255,192,5,66,166,129,151,127,125,145,192,207,0
88.131866,88.114059,106,255,218,255,193,5,62,166,1,151,127,125,145,192,207,0
88.296700,88.282394,106,255,218,255,193,5,63,166,1,151,127,125,145,192,207,0
88.461540,88.446121,106,254,217,255,192,5,60,166,1,151,127,125,145,192,207,0
88.626373,88.609833,106,254,217,255,193,5,57,165,1,151,127,125,145,192,207,0
88.791206,88.773491,106,255,217,255,192,5,58,165,1,151,127,125,145,192,207,0
88.956047,88.937294,106,254,217,255,193,4,59,166,1,151,127,125,145,192,207,0
89.120880,89.101067,106,255,217,255,193,5,71,165,129,151,127,125,145,192,207,0
89.285713,89.269447,106,254,217,255,193,5,67,165,1,151,127,125,145,192,207,0
89.450546,89.437958,106,254,217,255,193,5,55,165,1,151,127,125,145,192,207,0
89.615387,89.602364,106,255,217,255,194,5,51,165,129,151,127,125,145,192,207,0
89.780220,89.770721,106,254,217,255,193,5,47,165,129,151,127,125,145,192,207,0
89.945053,89.934540,106,254,217,255,192,5,50,165,1,151,127,125,145,192,207,0
90.109894,90.103050,106,254,217,255,194,5,42,165,129,151,127,125,145,192,207,0
90.274727,90.271568,106,255,217,255,192,5,48,165,129,151,127,125,145,192,207,0
90.439560,90.435478,106,255,217,255,193,5,48,165,1,151,127,125,145,192,207,0
90.604393,90.603836,106,254,217,255,192,5,50,165,129,151,127,125,145,192,207,0
90.824173,90.772362,106,254,217,255,194,5,48,165,129,151,127,125,145,192,207,0
90.934067,90.936020,106,255,217,255,193,5,44,165,1,151,127,125,145,192,207,0
91.153847,91.104538,106,254,217,255,194,5,50,165,1,151,127,125,145,192,207,0
91.318680,91.268188,106,255,217,255,193,5,51,165,129,151,127,125,145,192,207,0
91.483513,91.436508,106,254,217,255,193,5,54,165,1,151,127,125,145,192,207,0
91.648354,91.604774,106,254,217,255,193,5,50,165,1,151,127,125,145,192,207,0
91.813187,91.768326,106,254,217,255,193,5,58,165,129,151,127,125,145,192,207,0
91.978020,91.936592,106,254,217,255,193,5,62,165,129,151,127,125,145,192,207,0
92.142860,92.100235,106,255,217,255,193,5,61,165,1,151,127,125,145,192,207,0
92.307693,92.268448,106,255,217,255,193,5,62,165,1,151,127,125,145,192,207,0
92.472527,92.432091,106,254,217,255,193,5,60,165,129,151,127,125,145,192,207,0
92.637360,92.600235,106,254,217,255,192,5,59,165,1,151,127,125,145,192,207,0
92.802200,92.768730,106,255,217,255,194,5,64,165,1,151,127,125,145,192,207,0
92.967033,92.932503,106,255,217,255,193,5,66,165,129,151,127,125,145,192,207,0
93.131866,93.100960,106,254,217,255,194,4,62,165,1,151,127,125,145,192,207,0
93.296700,93.269463,106,255,217,255,192,5,75,165,1,151,127,125,145,192,207,0
93.461540,93.433311,106,255,217,255,193,5,76,165,1,151,127,125,145,192,207,0
93.626373,93.597740,106,254,217,255,193,5,74,165,129,151,127,125,145,192,207,0
93.791206,93.766235,106,255,217,255,193,5,77,165,1,151,127,125,145,192,207,0
93.956047,93.934692,106,255,217,255,194,5,76,165,129,151,127,125,145,192,207,0
94.120880,94.103165,106,255,217,255,192,5,72,165,129,151,127,125,145,192,207,0
94.285713,94.266937,106,254,217,255,193,5,77,165,1,151,127,125,145,192,207,0
94.450546,94.435364,106,254,217,255,192,5,74,165,1,151,127,125,145,192,207,0
94.615387,94.599152,106,254,217,255,193,5,74,165,129,151,127,125,145,192,207,0
94.780220,94.767593,106,254,217,255,193,5,71,165,1,151,127,125,145,192,207,0
94.945053,94.936043,106,255,217,255,193,5,68,165,1,151,127,125,145,192,207,0
95.109894,95.099800,106,254,217,255,193,5,65,165,129,151,127,125,145,192,207,0
95.274727,95.268280,106,255,217,255,194,4,70,165,129,151,127,125,145,192,207,0
95.439560,95.432083,106,255,217,255,193,5,77,165,1,151,127,125,145,192,207,0
95.604393,95.600876,106,254,217,255,193,5,76,165,1,151,127,125,145,192,207,0
95.769234,95.764618,106,254,217,255,193,5,70,165,129,151,127,125,145,192,207,0
95.934067,95.932846,106,255,217,255,194,5,64,165,129,151,127,125,145,192,207,0
96.098900,96.096436,106,255,217,255,192,5,61,165,1,151,127,125,145,192,207,0
96.318680,96.264885,106,254,217,255,192,5,58,165,129,151,127,125,145,192,207,0
96.483513,96.433197,106,255,217,255,193,5,62,165,1,151,127,125,145,192,207,0
96.648354,96.601563,106,255,217,255,193,5,62,165,1,151,127,125,145,192,207,0
96.813187,96.765266,106,255,216,255,193,5,54,165,129,151,127,125,145,192,207,0
96.978020,96.933578,106,254,216,255,193,4,52,165,129,151,127,125,145,192,207,0
97.142860,97.097275,106,255,216,255,193,4,58,165,1,151,127,125,145,192,207,0
97.307693,97.265602,106,254,216,255,194,4,56,165,129,151,127,125,145,192,207,0
97.472527,97.433884,106,254,216,255,193,4,50,165,129,151,127,125,145,192,207,0
97.637360,97.598145,106,254,216,255,193,4,49,165,1,151,127,125,145,192,207,0
97.802200,97.766685,106,255,216,255,193,5,51,165,1,151,127,125,145,192,207,0
97.967033,97.930458,106,254,216,255,192,5,58,165,129,151,127,125,145,192,207,0
98.131866,98.098877,106,254,217,255,194,4,54,165,129,151,127,125,145,192,207,0
98.296700,98.262665,106,254,216,255,193,5,58,165,1,151,127,125,145,192,207,0
98.461540,98.430992,106,255,216,255,192,5,57,165,129,151,127,125,145,192,207,0
98.626373,98.599358,106,254,216,255,192,4,52,165,129,151,127,125,145,192,207,0
98.791206,98.763092,106,254,216,255,194,5,60,165,1,151,127,125,145,192,207,0
98.956047,98.931351,106,254,217,255,194,5,55,165,1,151,127,125,145,192,207,0
99.120880,99.095100,106,254,217,255,193,5,52,165,129,151,127,125,145,192,207,0
99.285713,99.263458,106,254,217,255,193,4,51,165,1,151,127,125,145,192,207,0
99.450546,99.431854,106,254,216,255,192,5,63,165,1,151,127,125,145,192,207,0
99.615387,99.596375,106,255,216,255,192,5,61,165,129,151,127,125,145,192,207,0
99.780220,99.764915,106,254,216,255,193,5,63,165,129,151,127,125,145,192,207,0
99.945053,99.928719,106,254,216,255,193,5,62,165,1,151,127,125,145,192,207,0
100.109894,100.097145,106,254,216,255,192,5,71,165,1,151,127,125,145,192,207,0
100.274727,100.260887,106,254,216,255,192,5,70,165,129,151,127,125,145,192,207,0
100.439560,100.429428,106,255,216,255,194,5,66,165,1,151,127,125,145,192,207,0
100.604393,100.597847,106,255,216,255,193,4,69,165,1,151,127,125,145,192,207,0
100.769234,100.761665,106,255,216,255,193,4,69,165,129,151,127,125,145,192,207,0
100.934067,100.929955,106,255,217,255,192,5,69,166,1,151,127,125,145,192,207,0
101.153847,101.098320,106,254,216,255,192,5,68,166,1,151,127,125,145,192,207,0
101.263733,101.261787,106,255,217,255,192,5,72,166,129,151,127,125,145,192,207,0
101.483513,101.430717,106,255,216,255,193,5,66,166,129,151,127,125,145,192,207,0
101.648354,101.594376,106,255,216,255,192,4,66,166,1,151,127,125,145,192,207,0
101.813187,101.762451,106,254,216,255,193,5,70,166,129,151,127,125,145,192,207,0
101.978020,101.930801,106,254,216,255,192,5,67,166,129,151,127,125,145,192,207,0
102.142860,102.094330,106,254,216,255,193,4,74,166,1,151,127,125,145,192,207,0
102.307693,102.262527,106,255,216,255,192,5,72,166,1,151,127,125,145,192,207,0
102.472527,102.426163,106,255,216,255,194,5,60,165,129,151,127,125,145,192,207,0
102.637360,102.594460,106,254,216,255,193,5,61,165,1,151,127,125,145,192,207,0
102.802200,102.762939,106,255,216,255,194,5,57,165,1,151,127,125,145,192,207,0
102.967033,102.926483,106,254,216,255,193,5,57,165,129,151,127,125,145,192,207,0
103.131866,103.094917,106,254,216,255,194,4,55,165,1,151,127,125,145,192,207,0
103.296700,103.263397,106,254,216,255,193,5,58,165,1,151,127,125,145,192,207,0
103.461540,103.427742,106,255,216,255,193,5,59,165,129,151,127,125,145,192,207,0
103.626373,103.596191,106,254,216,255,193,5,50,165,129,151,127,125,145,192,207,0
103.791206,103.760040,106,255,216,255,193,4,52,165,1,151,127,125,145,192,207,0
103.956047,103.928497,106,255,216,255,193,5,54,165,129,151,127,125,145,192,207,0
104.120880,104.096893,106,254,216,255,193,5,54,165,129,151,127,125,145,192,207,0
104.285713,104.260689,106,254,216,255,193,5,56,165,1,151,127,125,145,192,207,0
104.450546,104.429062,106,255,216,255,192,5,57,165,1,151,127,125,145,192,207,0
104.615387,104.592804,106,254,216,255,194,4,56,165,129,151,127,125,145,192,207,0
104.780220,104.761177,106,254,216,255,193,4,56,165,129,151,127,125,145,192,207,0
104.945053,104.924957,106,255,216,255,192,5,55,165,1,151,127,125,145,192,207,0
105.109894,105.093391,106,254,216,255,193,4,64,165,129,151,127,125,145,192,207,0
105.274727,105.261871,106,254,216,255,193,5,53,165,129,151,127,125,145,192,207,0
105.439560,105.426254,106,255,216,255,193,5,50,165,1,151,127,125,145,192,207,0
105.604393,105.594627,106,254,216,255,192,4,53,165,1,151,127,125,145,192,207,0
105.769234,105.758385,106,254,216,255,194,4,56,165,129,151,127,125,145,192,207,0
105.934067,105.926773,106,255,216,255,192,5,62,165,1,151,127,125,145,192,207,0
106.098900,106.095070,106,254,216,255,193,5,58,165,1,151,127,125,145,192,207,0
106.263733,106.258682,106,254,216,255,193,5,58,165,1,151,127,125,145,192,207,0
106.428574,106.422333,106,255,216,255,194,4,70,165,129,151,127,125,145,192,207,0
106.648354,106.590775,106,254,217,255,193,4,69,165,1,151,127,125,145,192,207,0
106.813187,106.759193,106,255,216,255,193,5,66,165,129,151,127,125,145,192,207,0
106.978020,106.927383,106,254,216,255,193,5,70,165,129,151,127,125,145,192,207,0
107.142860,107.091133,106,254,216,255,192,5,70,165,1,151,127,125,145,192,207,0
107.307693,107.259346,106,255,216,255,193,5,71,165,1,151,127,125,145,192,207,0
107.472527,107.423203,106,254,216,255,193,5,69,165,129,151,127,125,145,192,207,0
107.637360,107.591408,106,255,216,255,192,5,72,165,1,151,127,125,145,192,207,0
107.802200,107.759506,106,254,216,255,193,5,70,165,1,151,127,125,145,192,207,0
107.967033,107.922966,106,254,216,255,193,4,71,165,129,151,127,125,145,192,207,0
108.131866,108.091423,106,254,216,255,193,4,71,165,129,151,127,125,145,192,207,0
108.296700,108.254852,106,255,216,255,192,5,75,166,1,151,127,125,145,192,207,0
108.461540,108.423347,106,255,216,255,192,4,74,165,1,151,127,125,145,192,207,0
108.626373,108.587029,106,254,216,255,192,5,76,165,129,151,127,125,145,192,207,0
108.791206,108.755424,106,255,216,255,192,5,69,165,1,151,127,125,145,192,207,0
108.956047,108.923889,106,255,216,255,192,5,69,165,1,151,127,125,145,192,207,0
109.120880,109.087723,106,255,216,255,193,5,60,165,129,151,127,125,145,192,207,0
109.285713,109.256142,106,255,216,255,193,5,61,165,1,151,127,125,145,192,207,0
109.450546,109.425133,106,255,216,255,193,5,58,165,1,151,127,125,145,192,207,0
109.615387,109.589111,106,255,216,255,192,5,61,165,1,151,127,125,145,192,207,0
109.780220,109.752945,106,254,216,255,193,5,63,165,129,151,127,125,145,192,207,0
109.945053,109.921463,106,254,216,255,192,5,63,165,1,151,127,125,145,192,207,0
110.109894,110.090004,106,255,216,255,193,5,61,165,129,151,127,125,145,192,207,0
110.274727,110.258453,106,255,216,255,193,5,58,165,129,151,127,125,145,192,207,0
110.439560,110.422256,106,254,216,255,192,5,62,165,1,151,127,125,145,192,207,0
110.604393,110.590652,106,254,216,255,193,4,62,165,1,151,127,125,145,192,207,0
110.769234,110.754486,106,254,216,255,193,4,60,165,129,151,127,125,145,192,207,0
110.934067,110.922882,106,254,216,255,193,5,59,165,1,151,127,125,145,192,207,0
111.098900,111.091049,106,255,216,255,192,5,64,165,1,151,127,125,145,192,207,0
111.263733,111.254585,106,254,216,255,193,5,64,165,129,151,127,125,145,192,207,0
111.428574,111.423431,106,255,216,255,193,5,65,165,129,151,127,125,145,192,207,0
111.593407,111.586906,106,255,216,255,193,5,58,165,1,151,127,125,145,192,207,0
111.813187,111.755264,106,254,216,255,193,5,60,165,1,151,127,125,145,192,207,0
111.978020,111.918808,106,255,216,255,193,4,63,165,129,151,127,125,145,192,207,0
112.142860,112.087074,106,255,216,255,194,5,61,165,1,151,127,125,145,192,207,0
112.307693,112.255379,106,255,216,255,194,5,61,165,1,151,127,125,145,192,207,0
112.472527,112.418938,106,254,216,255,193,5,64,165,129,151,127,125,145,192,207,0
112.637360,112.587372,106,254,216,255,193,5,65,165,129,151,127,125,145,192,207,0
112.802200,112.750824,106,255,216,255,193,5,69,165,1,151,127,125,145,192,207,0
112.967033,112.919121,106,254,216,255,192,5,73,165,129,151,127,125,145,192,207,0
113.131866,113.087425,106,255,216,255,194,4,68,165,129,151,127,125,145,192,207,0
113.296700,113.251022,106,255,216,255,193,5,72,165,1,151,127,125,145,192,207,0
113.461540,113.420143,106,254,216,255,193,4,72,165,1,151,127,125,145,192,207,0
113.626373,113.583939,106,254,216,255,193,5,72,165,129,151,127,125,145,192,207,0
113.791206,113.752434,106,255,216,255,192,5,70,166,1,151,127,125,145,192,207,0
113.956047,113.920670,106,255,216,255,193,4,69,165,1,151,127,125,145,192,207,0
114.120880,114.084351,106,254,216,255,192,4,67,166,129,151,127,125,145,192,207,0
114.285713,114.252693,106,254,216,255,193,4,68,166,129,151,127,125,145,192,207,0
114.450546,114.416367,106,255,216,255,194,5,68,166,1,151,127,125,145,192,207,0
114.615387,114.584724,106,255,216,255,193,4,70,165,129,151,127,125,145,192,207,0
114.780220,114.753273,106,254,216,255,193,5,71,165,129,151,127,125,145,192,207,0
114.945053,114.917160,106,254,216,255,193,5,74,166,1,151,127,125,145,192,207,0
115.109894,115.085693,106,255,215,255,192,4,65,165,129,151,127,125,145,192,207,0
115.274727,115.254288,106,255,215,255,193,5,65,165,129,151,127,125,145,192,207,0
115.439560,115.418747,106,255,215,255,192,5,58,165,1,151,127,125,145,192,207,0
115.604393,115.587189,106,254,216,255,194,4,59,165,1,151,127,125,145,192,207,0
115.769234,115.751038,106,255,216,255,193,4,58,165,129,151,127,125,145,192,207,0
115.934067,115.919495,106,255,216,255,193,5,56,165,129,151,127,125,145,192,207,0
116.098900,116.083237,106,254,215,255,193,5,52,165,1,151,127,125,145,192,207,0
116.263733,116.251701,106,255,216,255,193,5,53,165,1,151,127,125,145,192,207,0
116.428574,116.415382,106,254,216,255,192,4,56,165,129,151,127,125,145,192,207,0
116.593407,116.583481,106,254,215,255,193,4,56,165,1,151,127,125,145,192,207,0
116.813187,116.751717,106,255,215,255,193,5,55,165,1,151,127,125,145,192,207,0
116.923080,116.915222,106,255,215,255,193,5,58,165,129,151,127,125,145,192,207,0
117.142860,117.083656,106,255,215,255,192,4,53,165,1,151,127,125,145,192,207,0
117.307693,117.252548,106,254,215,255,192,5,57,165,1,151,127,125,145,192,207,0
117.472527,117.416267,106,255,215,255,192,5,59,165,129,151,127,125,145,192,207,0
117.637360,117.584587,106,255,215,255,192,4,60,165,1,151,127,125,145,192,207,0
117.802200,117.752945,106,255,215,255,193,4,57,165,1,151,127,125,145,192,207,0
117.967033,117.916687,106,254,215,255,193,5,57,165,129,151,127,125,145,192,207,0
118.131866,118.085030,106,255,215,255,193,5,58,165,129,151,127,125,145,192,207,0
118.296700,118.248711,106,255,215,255,193,5,56,165,1,151,127,125,145,192,207,0
118.461540,118.417313,106,254,215,255,193,5,60,165,129,151,127,125,145,192,207,0
118.626373,118.585770,106,254,215,255,193,5,63,165,129,151,127,125,145,192,207,0
118.791206,118.749557,106,255,216,255,192,5,65,165,1,151,127,125,145,192,207,0
118.956047,118.917953,106,254,215,255,193,5,67,165,1,151,127,125,145,192,207,0
119.120880,119.081757,106,254,215,255,193,5,69,165,129,151,127,125,145,192,207,0
119.285713,119.250633,106,254,215,255,192,5,72,165,129,151,127,125,145,192,207,0
119.450546,119.414391,106,255,215,255,193,5,72,165,1,151,127,125,145,192,207,0
119.615387,119.582802,106,255,215,255,192,5,73,165,129,151,127,125,145,192,207,0
119.780220,119.751221,106,254,215,255,193,5,75,165,129,151,127,125,145,192,207,0
119.945053,119.915039,106,255,215,255,192,5,72,166,1,151,127,125,145,192,207,0
120.109894,120.083443,106,255,215,255,192,5,72,166,1,151,127,125,145,192,207,0
120.274727,120.247276,106,254,215,255,193,4,68,166,129,151,127,125,145,192,207,0
120.439560,120.415688,106,254,215,255,193,4,70,166,1,151,127,125,145,192,207,0
120.604393,120.584282,106,254,215,255,194,5,68,165,1,151,127,125,145,192,207,0
120.769234,120.748062,106,255,215,255,193,5,74,166,129,151,127,125,145,192,207,0
120.934067,120.916534,106,255,215,255,193,5,67,165,129,151,127,125,145,192,207,0
121.098900,121.080376,106,254,215,255,192,4,70,166,1,151,127,125,145,192,207,0
121.263733,121.249489,106,254,215,255,192,4,73,166,1,151,127,125,145,192,207,0
121.428574,121.413208,106,255,215,255,193,5,68,166,129,151,127,125,145,192,207,0
121.593407,121.581467,106,255,214,255,192,5,58,165,1,151,127,125,145,192,207,0
121.758240,121.749702,106,255,215,255,192,4,63,165,1,151,127,125,145,192,207,0
121.923080,121.913383,106,255,215,255,194,4,57,165,129,151,127,125,145,192,207,0
122.142860,122.081825,106,255,215,255,192,5,57,165,1,151,127,125,145,192,207,0
122.307693,122.250107,106,254,215,255,193,4,58,165,1,151,127,125,145,192,207,0
122.472527,122.413811,106,254,214,255,192,4,56,165,129,151,127,125,145,192,207,0
122.637360,122.582130,106,255,215,255,193,4,53,165,129,151,127,125,145,192,207,0
122.802200,122.745811,106,255,215,255,193,5,56,165,1,151,127,125,145,192,207,0
122.967033,122.914146,106,254,215,255,193,4,56,165,1,151,127,125,145,192,207,0
123.131866,123.077797,106,254,215,255,192,5,56,165,129,151,127,125,145,192,207,0
123.296700,123.246368,106,255,215,255,192,4,58,165,1,151,127,125,145,192,207,0
123.461540,123.414864,106,255,214,255,193,4,53,165,1,151,127,125,145,192,207,0
123.626373,123.578568,106,254,214,255,194,4,56,165,129,151,127,125,145,192,207,0
123.791206,123.747131,106,255,215,255,193,5,57,165,1,151,127,125,145,192,207,0
123.956047,123.915474,106,255,214,255,192,4,59,165,1,151,127,125,145,192,207,0
124.120880,124.079308,106,254,214,255,193,5,62,165,129,151,127,125,145,192,207,0
124.285713,124.247551,106,254,215,255,193,4,62,165,129,151,127,125,145,192,207,0
124.450546,124.411362,106,254,215,255,192,5,59,165,1,151,127,125,145,192,207,0
124.615387,124.579720,106,255,214,255,192,5,53,165,1,151,127,125,145,192,207,0
124.780220,124.743523,106,254,214,255,192,5,57,165,129,151,127,125,145,192,207,0
124.945053,124.911896,106,254,215,255,193,5,60,165,1,151,127,125,145,192,207,0
125.109894,125.080414,106,255,214,255,194,5,63,165,1,151,127,125,145,192,207,0
125.274727,125.244781,106,255,214,255,193,4,67,165,129,151,127,125,145,192,207,0
125.439560,125.413208,106,255,214,255,193,5,64,165,1,151,127,125,145,192,207,0
125.604393,125.581802,106,255,214,255,193,5,69,165,1,151,127,125,145,192,207,0
125.769234,125.745689,106,255,214,255,192,5,70,165,1,151,127,125,145,192,207,0
125.934067,125.909500,106,255,214,255,193,5,66,165,129,151,127,125,145,192,207,0
126.098900,126.078003,106,254,214,255,193,5,68,165,1,151,127,125,145,192,207,0
126.263733,126.246513,106,254,214,255,193,5,70,165,129,151,127,125,145,192,207,0
126.428574,126.414772,106,255,214,255,194,4,69,165,129,151,127,125,145,192,207,0
126.593407,126.578598,106,255,214,255,194,4,69,165,129,151,127,125,145,192,207,0
126.758240,126.742485,106,254,214,255,192,4,70,165,1,151,127,125,145,192,207,0
126.923080,126.910698,106,254,214,255,193,4,66,165,129,151,127,125,145,192,207,0
127.142860,127.079109,106,254,214,255,193,5,66,165,129,151,127,125,145,192,207,0
127.307693,127.243393,106,255,214,255,193,5,70,165,1,151,127,125,145,192,207,0
127.472527,127.411728,106,254,214,255,194,5,78,165,129,151,127,125,145,192,207,0
127.637360,127.579987,106,254,214,255,192,4,75,165,129,151,127,125,145,192,207,0
127.802200,127.743660,106,255,214,255,193,4,64,165,1,151,127,125,145,192,207,0
127.967033,127.911934,106,255,214,255,193,5,60,165,1,151,127,125,145,192,207,0
128.131866,128.075638,106,254,214,255,192,5,58,165,129,151,127,125,145,192,207,0
128.296707,128.243958,106,255,213,255,194,4,58,165,1,151,127,125,145,192,207,0
128.461533,128.412247,106,255,214,255,193,5,57,165,1,151,127,125,145,192,207,0
128.626373,128.575851,106,254,214,255,194,4,55,165,129,151,127,125,145,192,207,0
128.791214,128.744278,106,254,214,255,194,4,57,165,1,151,127,125,145,192,207,0
128.956039,128.912659,106,255,214,255,193,4,51,165,1,151,127,125,145,192,207,0
129.120880,129.076416,106,254,214,255,193,5,55,165,129,151,127,125,145,192,207,0
129.285721,129.245392,105,254,214,255,193,5,56,165,129,151,127,125,145,192,207,0
129.450546,129.409119,106,254,214,255,193,4,53,165,1,151,127,125,145,192,207,0
129.615387,129.577454,105,255,214,255,193,4,59,165,1,151,127,125,145,192,207,0
129.780212,129.741241,106,255,214,255,193,4,60,165,129,151,127,125,145,192,207,0
129.945053,129.909698,106,254,213,255,194,5,59,165,1,151,127,125,145,192,207,0
130.109894,130.078171,105,254,214,255,193,5,61,165,1,151,127,125,145,192,207,0
130.274719,130.242081,106,255,214,255,193,5,61,165,129,151,127,125,145,192,207,0
130.439560,130.410583,105,254,213,255,193,4,63,165,1,151,127,125,145,192,207,0
130.604401,130.579056,105,254,214,255,193,5,59,165,1,151,127,125,145,192,207,0
130.769226,130.743027,106,254,213,255,193,4,57,165,129,151,127,125,145,192,207,0
130.934067,130.911652,106,254,214,255,194,5,59,165,129,151,127,125,145,192,207,0
131.098907,131.075409,105,255,213,255,193,5,63,165,1,151,127,125,145,192,207,0
131.263733,131.244278,106,255,214,255,193,5,60,165,1,151,127,125,145,192,207,0
131.428574,131.408020,105,255,213,255,193,4,62,165,129,151,127,125,145,192,207,0
131.593399,131.576263,106,255,214,255,193,5,71,165,1,151,127,125,145,192,207,0
131.758240,131.744614,106,255,214,255,192,5,68,165,1,151,127,125,145,192,207,0
131.923080,131.908173,106,255,214,255,193,5,69,165,129,151,127,125,145,192,207,0
132.142853,132.076660,106,254,214,255,194,4,64,165,129,151,127,125,145,192,207,0
132.252747,132.240051,106,254,213,255,193,5,70,164,1,151,127,125,145,192,207,0
132.472534,132.408508,106,255,214,255,193,5,69,165,129,151,127,125,145,192,207,0
132.637360,132.576813,106,255,213,255,193,4,72,165,129,151,127,125,145,192,207,0
132.802200,132.740433,106,255,213,255,193,5,69,165,1,151,127,125,145,192,207,0
132.967026,132.908844,106,255,213,255,193,5,68,165,129,151,127,125,145,192,207,0
133.131866,133.077713,106,254,213,255,193,5,68,165,129,151,127,125,145,192,207,0
133.296707,133.241302,105,254,214,255,193,4,64,165,1,151,127,125,145,192,207,0
133.461533,133.409454,106,255,213,255,193,5,71,165,1,151,127,125,145,192,207,0
133.626373,133.572998,106,255,213,255,194,5,67,165,129,151,127,125,145,192,207,0
133.791214,133.741348,106,255,213,255,193,4,77,165,129,151,127,125,145,192,207,0
133.956039,133.904922,106,254,213,255,193,5,71,165,1,151,127,125,145,192,207,0
134.120880,134.073318,105,254,213,255,193,5,70,165,129,151,127,125,145,192,207,0
134.285721,134.241852,105,255,213,255,193,5,63,165,129,151,127,125,145,192,207,0
134.450546,134.405685,106,254,213,255,193,5,59,165,1,151,127,125,145,192,207,0
134.615387,134.574234,105,254,213,255,193,5,59,164,1,151,127,125,145,192,207,0
134.780212,134.738037,106,254,213,255,192,5,60,165,129,151,127,125,145,192,207,0
134.945053,134.906601,106,255,213,255,193,5,56,165,1,151,127,125,145,192,207,0
135.109894,135.075592,106,255,213,255,194,5,55,165,1,151,127,125,145,192,207,0
135.274719,135.239502,106,255,213,255,192,5,57,165,129,151,127,125,145,192,207,0
135.439560,135.407959,105,255,213,255,193,4,57,165,129,151,127,125,145,192,207,0
135.604401,135.571716,105,255,213,255,193,5,58,164,1,151,127,125,145,192,207,0
135.769226,135.740097,106,254,213,255,193,4,53,165,129,151,127,125,145,192,207,0
135.934067,135.908417,106,254,213,255,193,5,57,165,129,151,127,125,145,192,207,0
136.098907,136.072159,105,254,213,255,193,5,56,165,1,151,127,125,145,192,207,0
136.263733,136.240570,106,255,213,255,194,5,56,165,1,151,127,125,145,192,207,0
136.428574,136.404419,106,254,213,255,193,5,59,165,129,151,127,125,145,192,207,0
136.593399,136.572937,106,254,213,255,192,4,59,165,1,151,127,125,145,192,207,0
136.758240,136.741287,106,255,213,255,193,5,58,165,1,151,127,125,145,192,207,0
136.923080,136.905029,106,255,212,255,192,4,56,165,129,151,127,125,145,192,207,0
137.087906,137.073334,106,255,213,255,192,4,51,165,129,151,127,125,145,192,207,0
137.252747,137.237045,105,254,213,255,193,5,52,165,1,151,127,125,145,192,207,0
137.472534,137.405472,106,255,213,255,193,4,55,165,129,151,127,125,145,192,207,0
137.637360,137.573608,106,254,213,255,193,5,59,165,129,151,127,125,145,192,207,0
137.802200,137.737137,105,255,213,255,194,5,56,165,1,151,127,125,145,192,207,0
137.967026,137.905426,105,254,213,255,194,5,61,165,1,151,127,125,145,192,207,0
138.131866,138.068985,106,255,213,255,194,5,60,165,129,151,127,125,145,192,207,0
138.296707,138.237228,106,254,213,255,194,5,58,164,1,151,127,125,145,192,207,0
138.461533,138.405502,105,254,213,255,194,4,60,165,1,151,127,125,145,192,207,0
138.626373,138.569199,105,255,213,255,193,4,61,165,129,151,127,125,145,192,207,0
138.791214,138.737518,106,254,213,255,193,5,59,165,129,151,127,125,145,192,207,0
138.956039,138.901291,106,254,213,255,193,5,61,164,129,151,127,125,145,192,207,0
139.120880,139.064926,106,255,213,255,193,4,64,164,1,151,127,125,145,192,207,0
139.285721,139.233337,105,255,213,255,194,4,59,165,129,151,127,125,145,192,207,0
139.450546,139.401749,106,255,213,255,193,5,63,164,1,151,127,125,145,192,207,0
139.615387,139.570099,105,254,213,255,192,5,63,165,1,151,127,125,145,192,207,0
139.780212,139.733841,105,255,213,255,194,5,63,164,129,151,127,125,145,192,207,0
139.945053,139.902145,106,254,213,255,194,5,68,164,1,151,127,125,145,192,207,0
140.109894,140.070496,105,254,213,255,193,5,67,165,1,151,127,125,145,192,207,0
140.274719,140.234192,106,254,213,255,193,5,74,165,129,151,127,125,145,192,207,0
140.439560,140.402618,106,254,213,255,193,4,68,165,129,151,127,125,145,192,207,0
140.604401,140.566437,105,254,213,255,193,5,63,165,1,151,127,125,145,192,207,0
140.769226,140.734924,106,255,213,255,194,5,63,164,129,151,127,125,145,192,207,0
140.934067,140.903442,105,254,213,255,192,4,62,165,129,151,127,125,145,192,207,0
141.098907,141.067963,105,255,213,255,194,4,66,164,1,151,127,125,145,192,207,0
141.263733,141.236526,105,255,213,255,192,5,62,165,1,151,127,125,145,192,207,0
141.428574,141.400375,106,255,213,255,193,5,64,165,129,151,127,125,145,192,207,0
141.593399,141.568802,105,255,213,255,192,5,56,165,1,151,127,125,145,192,207,0
141.758240,141.737289,105,254,213,255,193,5,63,165,1,151,127,125,145,192,207,0
141.923080,141.901077,106,255,213,255,193,5,63,165,129,151,127,125,145,192,207,0
142.087906,142.069260,105,255,213,255,193,5,61,165,129,151,127,125,145,192,207,0
142.252747,142.232788,105,254,213,255,194,5,63,165,1,151,127,125,145,192,207,0
142.417587,142.401154,105,254,212,255,192,5,59,164,1,151,127,125,145,192,207,0
142.582413,142.564667,105,254,213,255,193,5,58,165,129,151,127,125,145,192,207,0
142.802200,142.733139,106,254,213,255,193,5,56,165,1,151,127,125,145,192,207,0
142.967026,142.901398,106,254,213,255,193,5,56,165,1,151,127,125,145,192,207,0
143.131866,143.065613,105,255,212,255,194,5,61,164,129,151,127,125,145,192,207,0
143.296707,143.233978,105,255,212,255,193,5,59,165,1,151,127,125,145,192,207,0
143.461533,143.402222,106,255,212,255,193,5,61,165,1,151,127,125,145,192,207,0
143.626373,143.565826,105,254,213,255,194,5,44,164,129,151,127,125,145,192,207,0
143.791214,143.734085,105,255,213,255,194,4,50,164,129,151,127,125,145,192,207,0
143.956039,143.897659,106,255,212,255,193,5,54,165,1,151,127,125,145,192,207,0
144.120880,144.065872,106,255,213,255,194,5,56,164,1,151,127,125,145,192,207,0
144.285721,144.229462,106,255,212,255,192,5,55,165,129,151,127,125,145,192,207,0
144.450546,144.397949,105,254,213,255,193,4,57,165,1,151,127,125,145,192,207,0
144.615387,144.566376,105,255,213,255,192,4,63,165,1,151,127,125,145,192,207,0
144.780212,144.730148,106,254,213,255,193,5,63,164,129,151,127,125,145,192,207,0
144.945053,144.898605,106,254,213,255,193,4,63,165,1,151,127,125,145,192,207,0
145.109894,145.067688,106,254,213,255,193,4,63,165,1,151,127,125,145,192,207,0
145.274719,145.231613,105,255,213,255,194,5,61,164,129,151,127,125,145,192,207,0
145.439560,145.400070,106,255,213,255,193,5,61,165,129,151,127,125,145,192,207,0
145.604401,145.563858,105,254,213,255,194,5,58,165,1,151,127,125,145,192,207,0
145.769226,145.732239,105,254,213,255,193,5,60,164,129,151,127,125,145,192,207,0
145.934067,145.900696,106,255,213,255,193,5,55,164,129,151,127,125,145,192,207,0
146.098907,146.064423,105,255,212,255,194,5,59,165,1,151,127,125,145,192,207,0
146.263733,146.232834,105,255,212,255,192,4,55,164,1,151,127,125,145,192,207,0
146.428574,146.396637,105,254,213,255,193,5,60,165,129,151,127,125,145,192,207,0
146.593399,146.565079,105,254,213,255,193,5,59,164,129,151,127,125,145,192,207,0
146.758240,146.728989,105,255,213,255,194,5,63,165,1,151,127,125,145,192,207,0
146.923080,146.897461,105,254,213,255,193,4,64,164,129,151,127,125,145,192,207,0
147.087906,147.066345,105,254,213,255,192,4,61,165,129,151,127,125,145,192,207,0
147.252747,147.230103,105,254,212,255,192,4,55,165,1,151,127,125,145,192,207,0
147.417587,147.398346,105,254,213,255,195,5,56,165,1,151,127,125,145,192,207,0
147.582413,147.562012,105,254,213,255,194,5,50,164,129,151,127,125,145,192,207,0
147.802200,147.730453,105,254,213,255,194,4,54,164,1,151,127,125,145,192,207,0
147.967026,147.898666,106,254,213,255,194,5,48,165,1,151,127,125,145,192,207,0
148.131866,148.062271,106,254,213,255,193,5,49,164,1,151,127,125,145,192,207,0
148.296707,148.225815,105,254,213,255,193,4,51,165,129,151,127,125,145,192,207,0
148.461533,148.394104,105,255,213,255,194,5,51,165,1,151,127,125,145,192,207,0
148.626373,148.562393,105,255,213,255,193,4,50,164,129,151,127,125,145,192,207,0
148.791214,148.730667,105,254,213,255,192,4,52,165,129,151,127,125,145,192,207,0
148.956039,148.894943,105,254,213,255,193,5,48,164,1,151,127,125,145,192,207,0
149.120880,149.063370,105,254,213,255,194,4,55,164,1,151,127,125,145,192,207,0
149.285721,149.227112,105,255,213,255,193,5,53,164,129,151,127,125,145,192,207,0
149.450546,149.395676,106,254,213,255,194,5,51,165,1,151,127,125,145,192,207,0
149.615387,149.564117,105,255,213,255,193,5,49,164,1,151,127,125,145,192,207,0
149.780212,149.728043,106,255,213,255,194,5,56,164,129,151,127,125,145,192,207,0
149.945053,149.896378,105,255,213,255,194,4,54,164,129,151,127,125,145,192,207,0
150.109894,150.060226,106,255,213,255,193,5,55,165,1,151,127,125,145,192,207,0
150.274719,150.228668,105,255,213,255,193,5,59,165,1,151,127,125,145,192,207,0
150.439560,150.392426,105,254,213,255,194,4,54,165,129,151,127,125,145,192,207,0
150.604401,150.560898,106,254,213,255,193,5,56,165,1,151,127,125,145,192,207,0
150.769226,150.729340,105,255,213,255,194,5,55,164,1,151,127,125,145,192,207,0
150.934067,150.893906,105,254,213,255,193,5,56,164,129,151,127,125,145,192,207,0
151.098907,151.062241,105,255,213,255,193,5,60,164,1,151,127,125,145,192,207,0
151.263733,151.230606,106,255,213,255,193,4,64,164,1,151,127,125,145,192,207,0
151.428574,151.394501,105,254,214,255,194,5,63,165,129,151,127,125,145,192,207,0
151.593399,151.562790,105,255,214,255,194,5,69,164,1,151,127,125,145,192,207,0
151.758240,151.731232,106,255,213,255,194,5,67,164,1,151,127,125,145,192,207,0
151.923080,151.895004,105,254,214,255,193,5,68,165,129,151,127,125,145,192,207,0
152.087906,152.063507,105,255,214,255,192,4,65,165,129,151,127,125,145,192,207,0
152.252747,152.227371,106,254,213,255,194,4,68,165,1,151,127,125,145,192,207,0
152.417587,152.395691,106,255,213,255,193,5,63,164,129,151,127,125,145,192,207,0
152.637360,152.564194,105,255,214,255,192,4,67,164,129,151,127,125,145,192,207,0
152.747253,152.727798,105,254,214,255,193,5,68,164,1,151,127,125,145,192,207,0
152.967026,152.896240,105,255,213,255,193,5,66,164,1,151,127,125,145,192,207,0
153.131866,153.059830,105,255,214,255,193,5,66,164,129,151,127,125,145,192,207,0
153.296707,153.228088,105,254,214,255,194,5,68,165,1,151,127,125,145,192,207,0
153.461533,153.396347,105,254,214,255,194,4,65,164,1,151,127,125,145,192,207,0
153.626373,153.560059,105,255,214,255,193,5,65,165,129,151,127,125,145,192,207,0
153.791214,153.728271,105,255,214,255,194,5,66,164,129,151,127,125,145,192,207,0
153.956039,153.891968,106,255,214,255,193,4,62,164,1,151,127,125,145,192,207,0
154.120880,154.060287,105,254,214,255,193,4,54,165,129,151,127,125,145,192,207,0
154.285721,154.228821,105,254,213,255,194,5,50,164,129,151,127,125,145,192,207,0
154.450546,154.392548,105,254,214,255,193,5,50,164,1,151,127,125,145,192,207,0
154.615387,154.561127,105,255,214,255,193,4,49,164,1,151,127,125,145,192,207,0
154.780212,154.724991,105,254,214,255,193,5,46,164,129,151,127,125,145,192,207,0
154.945053,154.894073,105,255,213,255,193,5,48,164,129,151,127,125,145,192,207,0
155.109894,155.057678,105,255,214,255,194,5,49,164,1,151,127,125,145,192,207,0
155.274719,155.226059,105,255,214,255,194,5,53,164,129,151,127,125,145,192,207,0
155.439560,155.394455,105,255,214,255,193,5,53,165,129,151,127,125,145,192,207,0
155.604401,155.558182,105,254,214,255,194,5,50,164,1,151,127,125,145,192,207,0
155.769226,155.726624,105,254,214,255,194,4,55,164,1,151,127,125,145,192,207,0
155.934067,155.890396,105,254,214,255,195,5,56,165,129,151,127,125,145,192,207,0
156.098907,156.058823,105,255,214,255,193,5,58,164,1,151,127,125,145,192,207,0
156.263733,156.227310,105,254,214,255,193,5,59,164,1,151,127,125,145,192,207,0
156.428574,156.391098,105,255,214,255,193,4,55,164,129,151,127,125,145,192,207,0
156.593399,156.559708,105,254,214,255,193,5,63,165,129,151,127,125,145,192,207,0
156.758240,156.723557,105,255,214,255,194,4,63,164,1,151,127,125,145,192,207,0
156.923080,156.892532,105,254,214,255,193,4,64,164,129,151,127,125,145,192,207,0
157.087906,157.060944,105,255,214,255,194,4,53,164,129,151,127,125,145,192,207,0
157.252747,157.224838,105,255,215,255,193,5,56,165,1,151,127,125,145,192,207,0
157.417587,157.393158,105,254,214,255,194,5,58,164,1,151,127,125,145,192,207,0
157.582413,157.556793,105,254,214,255,193,5,59,164,129,151,127,125,145,192,207,0
157.747253,157.725189,105,254,214,255,192,4,59,164,1,151,127,125,145,192,207,0
157.967026,157.893677,105,254,214,255,193,5,63,164,1,151,127,125,145,192,207,0
158.131866,158.057510,105,255,214,255,193,4,67,164,129,151,127,125,145,192,207,0
158.296707,158.225876,105,254,214,255,193,5,62,164,129,151,127,125,145,192,207,0
158.461533,158.389511,105,254,214,255,193,5,63,165,1,151,127,125,145,192,207,0
158.626373,158.557755,105,255,215,255,193,5,67,164,129,151,127,125,145,192,207,0
158.791214,158.726105,105,254,215,255,192,4,67,164,129,151,127,125,145,192,207,0
158.956039,158.890213,105,254,214,255,193,5,64,165,129,151,127,125,145,192,207,0
159.120880,159.053848,105,254,215,255,193,4,67,164,1,151,127,125,145,192,207,0
159.285721,159.222031,105,255,215,255,193,4,65,164,129,151,127,125,145,192,207,0
159.450546,159.390396,105,255,215,255,193,4,67,164,129,151,127,125,145,192,207,0
159.615387,159.554001,105,255,215,255,194,5,66,164,1,151,127,125,145,192,207,0
159.780212,159.722534,105,254,215,255,193,5,68,165,1,151,127,125,145,192,207,0
159.945053,159.886398,105,255,215,255,193,5,69,164,129,151,127,125,145,192,207,0
160.109894,160.054825,105,255,215,255,193,4,69,164,129,151,127,125,145,192,207,0
160.274719,160.218582,105,254,215,255,194,4,70,164,129,151,127,125,145,192,207,0
160.439560,160.382324,105,255,215,255,193,5,66,164,129,151,127,125,145,192,207,0
160.604401,160.545975,105,255,215,255,193,5,67,164,129,151,127,125,145,192,207,0
160.769226,160.709869,105,255,215,255,193,5,67,164,1,151,127,125,145,192,207,0
160.934067,160.878876,105,254,215,255,193,4,58,164,129,151,127,125,145,192,207,0
161.098907,161.047211,105,255,215,255,192,4,54,164,1,151,127,125,145,192,207,0
161.263733,161.215546,105,254,215,255,193,5,50,164,1,151,127,125,145,192,207,0
161.428574,161.379303,105,254,215,255,193,4,51,164,129,151,127,125,145,192,207,0
161.593399,161.547821,105,254,215,255,194,5,48,164,129,151,127,125,145,192,207,0
161.758240,161.711655,105,255,215,255,193,5,49,165,1,151,127,125,145,192,207,0
161.923080,161.880188,105,255,215,255,194,5,52,164,129,151,127,125,145,192,207,0
162.087906,162.048599,105,255,215,255,194,5,56,164,129,151,127,125,145,192,207,0
162.252747,162.212372,105,254,215,255,193,4,55,164,1,151,127,125,145,192,207,0
162.417587,162.380783,105,254,215,255,193,5,59,164,1,151,127,125,145,192,207,0
162.582413,162.544540,105,254,215,255,193,5,55,164,129,151,127,125,145,192,207,0
162.747253,162.712982,105,254,215,255,193,5,57,164,129,151,127,125,145,192,207,0
162.912094,162.877487,105,254,215,255,192,4,59,164,1,151,127,125,145,192,207,0
163.076920,163.045959,105,254,215,255,194,5,56,164,129,151,127,125,145,192,207,0
163.241760,163.214249,106,255,215,255,193,4,55,164,129,151,127,125,145,192,207,0
163.406601,163.378189,105,254,215,255,193,5,57,164,1,151,127,125,145,192,207,0
163.571426,163.546600,105,254,215,255,193,5,61,165,1,151,127,125,145,192,207,0
163.736267,163.710098,105,254,215,255,193,5,64,164,129,151,127,125,145,192,207,0
163.956039,163.878571,105,254,215,255,194,5,47,164,1,151,127,125,145,192,207,0
164.120880,164.046783,105,255,215,255,194,4,55,164,1,151,127,125,145,192,207,0
164.285721,164.210281,105,255,215,255,194,4,50,164,129,151,127,125,145,192,207,0
164.450546,164.378464,105,255,215,255,193,5,55,164,129,151,127,125,145,192,207,0
164.615387,164.542114,105,254,215,255,194,4,55,164,1,151,127,125,145,192,207,0
164.780212,164.711136,105,255,215,255,193,5,58,164,129,151,127,125,145,192,207,0
164.945053,164.879395,105,254,216,255,194,5,63,164,129,151,127,125,145,192,207,0
165.109894,165.043030,105,255,216,255,193,4,64,164,1,151,127,125,145,192,207,0
165.274719,165.211243,105,255,215,255,192,4,68,164,1,151,127,125,145,192,207,0
165.439560,165.374863,105,254,215,255,192,4,60,164,129,151,127,125,145,192,207,0
165.604401,165.543320,105,254,215,255,194,4,67,164,129,151,127,125,145,192,207,0
165.769226,165.706924,105,255,216,255,192,5,65,164,1,151,127,125,145,192,207,0
165.934067,165.875351,105,255,215,255,193,5,66,164,129,151,127,125,145,192,207,0
166.098907,166.043732,105,254,215,255,194,4,64,164,129,151,127,125,145,192,207,0
166.263733,166.207489,105,254,215,255,194,5,64,164,1,151,127,125,145,192,207,0
166.428574,166.375916,105,255,216,255,193,4,64,164,129,151,127,125,145,192,207,0
166.593399,166.544418,105,254,215,255,193,4,64,164,129,151,127,125,145,192,207,0
166.758240,166.708786,105,255,216,255,194,5,68,164,1,151,127,125,145,192,207,0
166.923080,166.877609,105,255,216,255,193,5,65,164,129,151,127,125,145,192,207,0
167.087906,167.046371,105,255,216,255,193,5,66,164,129,151,127,125,145,192,207,0
167.252747,167.210526,105,255,215,255,194,4,69,164,1,151,127,125,145,192,207,0
167.417587,167.379227,105,254,216,255,193,5,67,164,1,151,127,125,145,192,207,0
167.582413,167.543320,105,254,216,255,193,5,56,164,129,151,127,125,145,192,207,0
167.747253,167.712082,105,255,216,255,193,4,57,164,1,151,127,125,145,192,207,0
167.912094,167.880905,105,254,216,255,193,4,53,164,1,151,127,125,145,192,207,0
168.076920,168.045151,105,255,216,255,193,5,56,164,129,151,127,125,145,192,207,0
168.241760,168.213959,105,255,215,255,194,5,49,164,129,151,127,125,145,192,207,0
168.406601,168.378067,105,254,216,255,193,4,59,164,1,151,127,125,145,192,207,0
168.626373,168.546875,105,255,215,255,193,5,51,164,1,151,127,125,145,192,207,0
168.901093,168.853165,105,254,216,255,194,4,55,164,1,151,127,125,145,192,207,0
169.065933,169.017365,105,255,215,255,193,4,61,164,1,151,127,125,145,192,207,0
169.230774,169.181549,105,255,216,255,193,5,60,164,129,151,127,125,145,192,207,0
169.395599,169.350296,105,255,216,255,193,5,60,164,129,151,127,125,145,192,207,0
169.560440,169.514450,105,255,216,255,194,5,62,164,1,151,127,125,145,192,207,0
169.725281,169.683258,105,255,216,255,193,5,62,164,1,151,127,125,145,192,207,0
169.890106,169.847473,105,255,215,255,194,4,61,164,129,151,127,125,145,192,207,0
170.054947,170.016342,105,254,216,255,194,5,60,164,1,151,127,125,145,192,207,0
170.219788,170.185181,105,255,215,255,194,4,61,164,1,151,127,125,145,192,207,0
170.384613,170.349350,105,255,216,255,194,5,61,164,129,151,127,125,145,192,207,0
170.549454,170.518158,105,254,216,255,194,5,59,164,129,151,127,125,145,192,207,0
170.714279,170.682861,105,255,216,255,193,5,52,164,1,151,127,125,145,192,207,0
170.879120,170.851517,105,255,216,255,193,4,51,164,129,151,127,125,145,192,207,0
