0.000000,0.000000,105,254,216,255,192,4,68,164,129,151,127,125,145,192,207,0
0.164835,0.168312,105,255,216,255,194,4,65,164,129,151,127,125,145,192,207,0
0.329670,0.332005,105,254,215,255,192,4,65,164,1,151,127,125,145,192,207,0
0.494505,0.500353,105,254,215,255,193,5,69,164,1,151,127,125,145,192,207,0
0.659341,0.663873,105,255,215,255,194,5,63,164,129,151,127,125,145,192,207,0
0.824176,0.832174,105,255,215,255,194,4,64,164,1,151,127,125,145,192,207,0
0.989011,1.000693,105,254,215,255,194,5,64,164,1,151,127,125,145,192,207,0
1.153846,1.164393,105,255,216,255,193,4,64,164,129,151,127,125,145,192,207,0
1.318681,1.332806,105,255,216,255,193,4,64,164,129,151,127,125,145,192,207,0
1.483516,1.496662,105,254,215,255,193,4,67,164,1,151,127,125,145,192,207,0
1.648352,1.665123,105,254,216,255,192,4,62,164,1,151,127,125,145,192,207,0
1.813187,1.829140,105,254,216,255,193,5,66,164,129,151,127,125,145,192,207,0
1.978022,1.997662,105,255,216,255,192,4,69,164,1,151,127,125,145,192,207,0
2.142857,2.165967,105,255,216,255,193,5,67,164,1,151,127,125,145,192,207,0
2.307692,2.329867,105,254,215,255,193,4,55,164,129,151,127,125,145,192,207,0
2.472528,2.498164,105,255,216,255,193,4,57,164,1,151,127,125,145,192,207,0
2.637363,2.666701,105,255,216,255,193,5,51,164,1,151,127,125,145,192,207,0
2.802198,2.830323,105,255,216,255,193,5,56,164,129,151,127,125,145,192,207,0
2.967033,2.999363,105,254,216,255,193,5,54,164,129,151,127,125,145,192,207,0
3.131868,3.163038,105,255,216,255,193,4,59,164,1,151,127,125,145,192,207,0
3.296703,3.331378,105,255,215,255,193,5,51,164,1,151,127,125,145,192,207,0
3.461539,3.495225,105,255,216,255,192,4,57,164,129,151,127,125,145,192,207,0
3.626374,3.669394,105,255,215,255,194,4,55,164,129,151,127,125,145,192,207,0
3.791209,3.833365,105,255,215,255,194,4,55,164,1,151,127,125,145,192,207,0
3.956044,4.001702,105,254,215,255,193,4,56,164,129,151,127,125,145,192,207,0
4.120879,4.170000,105,254,216,255,194,5,58,164,129,151,127,125,145,192,207,0
4.285714,4.333675,105,254,216,255,193,5,62,164,1,151,127,125,145,192,207,0
4.505495,4.502055,105,255,216,255,194,5,56,164,129,151,127,125,145,192,207,0
4.670330,4.670373,105,255,216,255,194,5,59,164,129,151,127,125,145,192,207,0
4.835165,4.833867,105,254,216,255,194,4,59,164,1,151,127,125,145,192,207,0
5.000000,5.002835,105,255,215,255,194,5,61,164,129,151,127,125,145,192,207,0
5.164835,5.171098,105,255,216,255,194,5,60,164,129,151,127,125,145,192,207,0
5.329670,5.334644,105,255,215,255,193,4,59,164,129,151,127,125,145,192,207,0
5.494505,5.498309,105,255,216,255,193,5,50,164,1,151,127,125,145,192,207,0
5.659341,5.666488,105,254,216,255,193,5,56,164,129,151,127,125,145,192,207,0
5.824176,5.834781,105,254,216,255,194,4,55,164,1,151,127,125,145,192,207,0
5.989011,6.003117,105,255,216,255,193,5,56,164,1,151,127,125,145,192,207,0
6.153846,6.166939,105,255,216,255,194,5,60,164,129,151,127,125,145,192,207,0
6.318681,6.335335,105,254,216,255,193,5,65,164,129,151,127,125,145,192,207,0
6.483517,6.499233,105,254,216,255,193,5,62,164,1,151,127,125,145,192,207,0
6.648352,6.667746,105,254,216,255,192,4,66,164,129,151,127,125,145,192,207,0
6.813187,6.836222,105,255,215,255,193,5,60,164,129,151,127,125,145,192,207,0
6.978022,7.000607,105,255,215,255,193,5,60,164,129,151,127,125,145,192,207,0
7.142857,7.164357,105,254,216,255,193,5,62,164,1,151,127,125,145,192,207,0
7.307693,7.332910,105,255,216,255,192,4,65,164,129,151,127,125,145,192,207,0
7.472528,7.501382,105,254,216,255,192,4,60,164,1,151,127,125,145,192,207,0
7.637362,7.669883,105,255,216,255,193,5,63,164,1,151,127,125,145,192,207,0
7.802198,7.833808,105,255,216,255,193,5,62,164,129,151,127,125,145,192,207,0
7.967033,8.002260,105,254,216,255,193,4,62,164,129,151,127,125,145,192,207,0
8.131868,8.166084,105,255,215,255,193,4,60,164,1,151,127,125,145,192,207,0
8.296703,8.334542,105,255,215,255,193,5,64,164,129,151,127,125,145,192,207,0
8.461538,8.503098,105,255,216,255,193,4,61,164,129,151,127,125,145,192,207,0
8.626373,8.666795,105,254,216,255,193,5,67,164,1,151,127,125,145,192,207,0
8.791209,8.835305,105,255,216,255,193,4,64,164,1,151,127,125,145,192,207,0
8.956044,8.999636,105,255,216,255,193,5,63,164,129,151,127,125,145,192,207,0
9.120879,9.167916,105,254,216,255,194,5,51,164,1,151,127,125,145,192,207,0
9.340659,9.336425,105,254,216,255,194,5,51,164,1,151,127,125,145,192,207,0
9.505494,9.499879,105,254,216,255,193,5,50,164,129,151,127,125,145,192,207,0
9.670330,9.668154,105,254,216,255,193,5,52,164,129,151,127,125,145,192,207,0
9.835165,9.831725,105,255,216,255,193,4,51,164,1,151,127,125,145,192,207,0
10.000000,10.000023,105,255,216,255,194,5,49,164,1,151,127,125,145,192,207,0
10.164835,10.163648,105,255,216,255,193,4,55,164,129,151,127,125,145,192,207,0
10.329670,10.331967,105,255,216,255,194,4,55,164,1,151,127,125,145,192,207,0
10.494506,10.500220,105,255,216,255,194,5,59,164,1,151,127,125,145,192,207,0
10.659341,10.663818,105,254,216,255,193,5,56,164,129,151,127,125,145,192,207,0
10.824176,10.832726,105,255,216,255,193,4,55,164,129,151,127,125,145,192,207,0
10.989011,10.996305,105,254,216,255,193,5,57,164,1,151,127,125,145,192,207,0
11.153846,11.164796,105,255,216,255,193,4,59,164,129,151,127,125,145,192,207,0
11.318682,11.333315,105,255,215,255,193,4,56,164,129,151,127,125,145,192,207,0
11.483517,11.497263,105,255,216,255,193,4,56,164,129,151,127,125,145,192,207,0
11.648352,11.661075,105,255,216,255,193,5,56,164,1,151,127,125,145,192,207,0
11.813187,11.829658,105,254,216,255,193,5,63,164,129,151,127,125,145,192,207,0
11.978022,11.998125,105,254,216,255,194,4,57,164,1,151,127,125,145,192,207,0
12.142858,12.166597,105,255,216,255,194,4,53,164,1,151,127,125,145,192,207,0
12.307693,12.330489,105,255,216,255,193,4,51,164,129,151,127,125,145,192,207,0
12.472528,12.498783,105,254,216,255,193,5,59,164,129,151,127,125,145,192,207,0
12.637362,12.662665,105,254,216,255,193,5,57,164,1,151,127,125,145,192,207,0
12.802197,12.831776,105,255,216,255,192,4,65,164,129,151,127,125,145,192,207,0
12.967033,13.000166,105,255,216,255,193,5,60,164,129,151,127,125,145,192,207,0
13.131868,13.163931,105,254,216,255,193,5,62,164,1,151,127,125,145,192,207,0
13.296703,13.332228,105,254,216,255,193,4,64,164,1,151,127,125,145,192,207,0
13.461538,13.496067,105,255,216,255,193,4,68,164,129,151,127,125,145,192,207,0
13.626373,13.664370,105,255,216,255,193,5,66,164,129,151,127,125,145,192,207,0
13.791209,13.828127,105,254,216,255,193,4,69,164,1,151,127,125,145,192,207,0
13.956044,13.996519,105,254,216,255,193,4,68,164,129,151,127,125,145,192,207,0
14.120879,14.164948,105,254,216,255,193,5,64,164,1,151,127,125,145,192,207,0
14.340659,14.333484,105,254,216,255,193,5,67,164,1,151,127,125,145,192,207,0
14.505494,14.497110,105,254,216,255,193,5,63,164,129,151,127,125,145,192,207,0
14.670330,14.665504,105,254,216,255,194,5,66,164,129,151,127,125,145,192,207,0
14.945055,14.971208,105,255,216,255,193,5,63,164,1,151,127,125,145,192,207,0
15.109890,15.139611,105,254,216,255,194,4,65,164,129,151,127,125,145,192,207,0
15.274725,15.308095,105,254,216,255,193,4,61,164,129,151,127,125,145,192,207,0
15.439561,15.471830,105,255,215,255,193,5,64,164,1,151,127,125,145,192,207,0
15.604396,15.640216,105,254,215,255,193,4,59,164,129,151,127,125,145,192,207,0
15.769231,15.808672,105,255,215,255,193,4,59,164,129,151,127,125,145,192,207,0
15.934066,15.972516,105,254,216,255,193,5,52,164,129,151,127,125,145,192,207,0
16.098902,16.136360,105,255,216,255,193,5,52,164,129,151,127,125,145,192,207,0
16.263737,16.300158,105,255,216,255,193,5,51,164,129,151,127,125,145,192,207,0
16.428572,16.463966,105,254,216,255,192,4,50,164,1,151,127,125,145,192,207,0
16.593407,16.632423,105,254,216,255,193,4,52,164,1,151,127,125,145,192,207,0
16.758242,16.796825,105,255,216,255,193,5,52,164,129,151,127,125,145,192,207,0
16.923077,16.965073,105,255,216,255,194,5,56,164,129,151,127,125,145,192,207,0
17.087912,17.128716,105,254,216,255,193,5,56,164,1,151,127,125,145,192,207,0
17.252747,17.296917,105,255,216,255,192,4,56,164,129,151,127,125,145,192,207,0
17.472527,17.465351,105,255,216,255,194,4,55,164,129,151,127,125,145,192,207,0
17.637363,17.629011,105,255,216,255,193,4,57,164,1,151,127,125,145,192,207,0
17.802198,17.797308,105,254,216,255,194,4,57,164,1,151,127,125,145,192,207,0
17.967033,17.960932,105,254,216,255,193,5,52,164,129,151,127,125,145,192,207,0
18.131868,18.129236,105,254,216,255,192,4,58,164,1,151,127,125,145,192,207,0
18.296703,18.297398,105,254,215,255,193,5,52,164,1,151,127,125,145,192,207,0
18.461538,18.461128,105,255,216,255,193,5,56,164,129,151,127,125,145,192,207,0
18.626373,18.629320,105,254,216,255,194,5,58,164,129,151,127,125,145,192,207,0
18.791208,18.792963,105,255,216,255,193,4,55,164,1,151,127,125,145,192,207,0
18.956043,18.961184,105,255,216,255,193,4,51,164,129,151,127,125,145,192,207,0
19.120878,19.129520,105,255,216,255,193,4,50,164,129,151,127,125,145,192,207,0
19.285715,19.293283,105,254,216,255,194,5,56,164,1,151,127,125,145,192,207,0
19.450550,19.461687,105,254,216,255,192,5,56,164,1,151,127,125,145,192,207,0
19.615385,19.625513,105,254,216,255,193,5,59,164,129,151,127,125,145,192,207,0
19.780220,19.793976,105,255,216,255,192,5,60,164,129,151,127,125,145,192,207,0
19.945055,19.957830,105,254,216,255,192,4,59,164,1,151,127,125,145,192,207,0
20.109890,20.126261,105,255,216,255,194,5,64,164,129,151,127,125,145,192,207,0
20.274725,20.300541,105,255,216,255,193,5,66,164,129,151,127,125,145,192,207,0
20.439560,20.464382,105,254,216,255,193,5,66,164,1,151,127,125,145,192,207,0
20.604395,20.632874,105,254,216,255,193,5,66,164,129,151,127,125,145,192,207,0
20.769230,20.801880,105,254,216,255,192,4,67,164,129,151,127,125,145,192,207,0
20.934067,20.965708,105,255,216,255,193,5,64,164,1,151,127,125,145,192,207,0
21.098902,21.134024,105,255,216,255,193,5,66,164,1,151,127,125,145,192,207,0
21.263737,21.297918,105,255,216,255,193,5,60,164,129,151,127,125,145,192,207,0
21.428572,21.466465,105,255,216,255,193,4,64,164,1,151,127,125,145,192,207,0
21.593407,21.634827,105,255,216,255,193,4,64,164,1,151,127,125,145,192,207,0
21.758242,21.798552,105,255,216,255,193,5,63,164,129,151,127,125,145,192,207,0
21.978022,21.967045,105,255,216,255,193,5,63,164,129,151,127,125,145,192,207,0
22.087912,22.130634,105,254,216,255,193,5,63,164,1,151,127,125,145,192,207,0
22.307692,22.299040,105,255,216,255,193,5,64,164,129,151,127,125,145,192,207,0
22.472527,22.467335,105,254,216,255,192,4,66,164,129,151,127,125,145,192,207,0
22.637363,22.631063,105,254,216,255,193,5,55,164,1,151,127,125,145,192,207,0
22.802198,22.799829,105,254,216,255,193,4,55,164,129,151,127,125,145,192,207,0
22.967033,22.968204,105,255,216,255,193,5,48,164,129,151,127,125,145,192,207,0
23.131868,23.131798,105,254,216,255,193,4,51,164,1,151,127,125,145,192,207,0
23.296703,23.300081,105,255,215,255,193,4,52,164,1,151,127,125,145,192,207,0
23.461538,23.463673,105,254,216,255,193,4,51,164,129,151,127,125,145,192,207,0
23.626373,23.632185,105,254,216,255,193,5,49,164,1,151,127,125,145,192,207,0
23.791208,23.800680,105,254,216,255,194,5,51,164,1,151,127,125,145,192,207,0
23.956043,23.964300,105,255,215,255,193,4,55,164,129,151,127,125,145,192,207,0
24.120878,24.132914,105,254,216,255,194,4,51,164,129,151,127,125,145,192,207,0
24.285715,24.296743,105,255,216,255,193,5,58,164,1,151,127,125,145,192,207,0
24.450550,24.465130,105,255,216,255,194,4,55,164,1,151,127,125,145,192,207,0
24.615385,24.628960,105,254,216,255,194,4,59,164,129,151,127,125,145,192,207,0
24.780220,24.798035,105,254,216,255,193,4,55,164,1,151,127,125,145,192,207,0
24.945055,24.966621,105,255,216,255,193,5,62,164,1,151,127,125,145,192,207,0
25.109890,25.130383,105,255,216,255,193,4,55,164,129,151,127,125,145,192,207,0
25.274725,25.298914,105,254,216,255,194,5,62,164,129,151,127,125,145,192,207,0
25.439560,25.462822,105,254,216,255,194,4,61,164,1,151,127,125,145,192,207,0
25.604395,25.631310,105,255,215,255,194,4,59,164,129,151,127,125,145,192,207,0
25.769230,25.799881,105,254,216,255,193,4,51,164,129,151,127,125,145,192,207,0
25.934067,25.963615,105,255,215,255,193,4,53,164,1,151,127,125,145,192,207,0
26.098902,26.132097,105,255,216,255,193,4,54,164,1,151,127,125,145,192,207,0
26.263737,26.295828,105,254,216,255,194,5,58,164,129,151,127,125,145,192,207,0
26.428572,26.464306,105,254,216,255,194,4,57,164,1,151,127,125,145,192,207,0
26.593407,26.632679,105,255,216,255,194,4,60,164,1,151,127,125,145,192,207,0
26.758242,26.796782,105,255,216,255,193,5,64,164,129,151,127,125,145,192,207,0
26.978022,26.965336,105,255,216,255,193,5,69,164,129,151,127,125,145,192,207,0
27.087912,27.128752,105,255,216,255,193,5,69,164,129,151,127,125,145,192,207,0
27.252747,27.292402,105,255,216,255,194,4,66,164,1,151,127,125,145,192,207,0
27.472527,27.460861,105,255,216,255,193,4,67,164,129,151,127,125,145,192,207,0
27.637363,27.629196,105,254,216,255,193,4,67,164,1,151,127,125,145,192,207,0
27.802198,27.797470,105,255,215,255,194,5,64,164,1,151,127,125,145,192,207,0
27.967033,27.961048,105,255,215,255,193,5,64,164,129,151,127,125,145,192,207,0
28.131868,28.129278,105,255,216,255,194,5,66,164,129,151,127,125,145,192,207,0
28.296703,28.292883,105,254,216,255,193,4,65,164,1,151,127,125,145,192,207,0
28.461538,28.461126,105,254,215,255,193,5,60,164,129,151,127,125,145,192,207,0
28.626373,28.629953,105,255,216,255,193,5,60,164,129,151,127,125,145,192,207,0
28.791208,28.793547,105,255,215,255,193,5,62,164,1,151,127,125,145,192,207,0
28.956043,28.962070,105,255,216,255,193,5,62,164,129,151,127,125,145,192,207,0
29.120878,29.130589,105,254,216,255,194,5,65,164,129,151,127,125,145,192,207,0
29.285715,29.294537,105,255,216,255,193,4,59,164,1,151,127,125,145,192,207,0
29.450550,29.462961,105,255,215,255,193,4,57,164,1,151,127,125,145,192,207,0
29.615385,29.626709,105,255,216,255,195,4,58,164,129,151,127,125,145,192,207,0
29.780220,29.795183,105,254,216,255,194,4,50,164,1,151,127,125,145,192,207,0
29.945055,29.963657,105,255,215,255,193,4,53,164,1,151,127,125,145,192,207,0
30.109890,30.127501,105,254,216,255,193,5,49,164,129,151,127,125,145,192,207,0
30.274725,30.296061,105,254,216,255,194,4,51,164,129,151,127,125,145,192,207,0
30.439560,30.459974,105,254,216,255,193,5,48,164,1,151,127,125,145,192,207,0
30.604395,30.629110,105,255,216,255,192,5,50,164,129,151,127,125,145,192,207,0
30.769230,30.797594,105,255,215,255,193,4,52,164,129,151,127,125,145,192,207,0
30.934067,30.961292,105,255,215,255,193,4,52,164,1,151,127,125,145,192,207,0
31.098902,31.129757,105,255,215,255,194,5,54,164,1,151,127,125,145,192,207,0
31.263737,31.293442,105,254,216,255,193,5,51,164,129,151,127,125,145,192,207,0
31.428572,31.461983,105,254,215,255,193,5,54,164,129,151,127,125,145,192,207,0
31.593407,31.625727,105,255,215,255,194,5,49,164,1,151,127,125,145,192,207,0
31.758242,31.794010,105,254,216,255,193,5,55,164,129,151,127,125,145,192,207,0
31.923077,31.962334,105,255,216,255,193,4,55,164,129,151,127,125,145,192,207,0
32.087914,32.125908,105,255,216,255,193,5,59,164,1,151,127,125,145,192,207,0
32.307693,32.294502,105,255,216,255,193,5,56,164,129,151,127,125,145,192,207,0
32.472527,32.462830,105,254,216,255,193,5,50,164,129,151,127,125,145,192,207,0
32.747253,32.768814,105,254,215,255,193,4,52,164,1,151,127,125,145,192,207,0
32.912086,32.937145,105,255,216,255,192,4,56,164,129,151,127,125,145,192,207,0
33.076923,33.105713,105,254,216,255,194,4,60,164,129,151,127,125,145,192,207,0
33.241756,33.269451,105,254,216,255,193,4,59,164,1,151,127,125,145,192,207,0
33.406593,33.437969,105,255,216,255,194,4,61,164,129,151,127,125,145,192,207,0
33.571430,33.606323,105,254,216,255,193,5,62,164,129,151,127,125,145,192,207,0
33.736263,33.770027,105,254,216,255,192,5,64,164,1,151,127,125,145,192,207,0
33.901100,33.938339,105,255,215,255,193,4,66,164,1,151,127,125,145,192,207,0
34.065933,34.101986,105,254,216,255,193,5,62,164,129,151,127,125,145,192,207,0
34.285713,34.270355,105,255,216,255,193,5,63,164,129,151,127,125,145,192,207,0
34.395603,34.433907,105,254,216,255,193,5,64,164,1,151,127,125,145,192,207,0
34.725273,34.744492,105,255,215,255,193,4,63,164,129,151,127,125,145,192,207,0
34.890110,34.913025,105,255,215,255,193,4,63,164,129,151,127,125,145,192,207,0
35.054947,35.076836,105,255,215,255,193,4,66,164,1,151,127,125,145,192,207,0
35.219780,35.245415,105,255,216,255,194,4,61,164,129,151,127,125,145,192,207,0
35.384617,35.413872,105,254,216,255,194,5,68,164,1,151,127,125,145,192,207,0
35.549450,35.582310,105,254,216,255,194,5,64,164,1,151,127,125,145,192,207,0
35.714287,35.746078,105,255,215,255,193,4,67,164,129,151,127,125,145,192,207,0
35.879120,35.914345,105,255,216,255,193,4,70,164,1,151,127,125,145,192,207,0
36.098900,36.082764,105,255,216,255,193,4,66,164,1,151,127,125,145,192,207,0
36.208790,36.246304,105,255,216,255,193,4,66,164,1,151,127,125,145,192,207,0
36.373627,36.409863,105,254,215,255,194,5,57,164,129,151,127,125,145,192,207,0
36.593407,36.578362,105,254,215,255,193,5,51,164,1,151,127,125,145,192,207,0
36.758244,36.746487,105,255,216,255,193,4,52,164,129,151,127,125,145,192,207,0
36.923077,36.914845,105,254,215,255,193,4,46,164,129,151,127,125,145,192,207,0
37.087914,37.078430,105,255,215,255,193,4,53,164,1,151,127,125,145,192,207,0
37.252747,37.246685,105,255,216,255,194,5,50,164,1,151,127,125,145,192,207,0
37.417583,37.410336,105,255,216,255,194,4,56,164,129,151,127,125,145,192,207,0
37.582417,37.578529,105,255,216,255,193,4,56,164,129,151,127,125,145,192,207,0
37.747253,37.742146,105,254,215,255,193,4,57,164,1,151,127,125,145,192,207,0
37.912086,37.910400,105,255,216,255,194,5,58,164,1,151,127,125,145,192,207,0
38.076923,38.073956,105,255,215,255,193,5,59,164,129,151,127,125,145,192,207,0
38.241756,38.248142,105,254,216,255,194,4,60,164,1,151,127,125,145,192,207,0
38.406593,38.416649,105,255,216,255,193,4,62,164,129,151,127,125,145,192,207,0
38.571430,38.585644,105,254,216,255,193,5,59,164,129,151,127,125,145,192,207,0
38.736263,38.749481,105,254,216,255,194,4,59,164,1,151,127,125,145,192,207,0
38.901100,38.917885,105,255,215,255,193,4,62,164,1,151,127,125,145,192,207,0
39.065933,39.081745,105,254,216,255,192,4,60,164,129,151,127,125,145,192,207,0
39.230770,39.250328,105,254,216,255,194,5,52,164,1,151,127,125,145,192,207,0
39.395603,39.418636,105,254,216,255,192,4,57,164,1,151,127,125,145,192,207,0
39.560440,39.582470,105,254,216,255,192,4,53,164,1,151,127,125,145,192,207,0
39.725273,39.746166,105,255,215,255,193,4,56,164,129,151,127,125,145,192,207,0
39.890110,39.914722,105,255,216,255,194,5,58,164,1,151,127,125,145,192,207,0
40.054947,40.083141,105,254,216,255,193,4,61,164,1,151,127,125,145,192,207,0
40.219780,40.246849,105,255,216,255,193,4,56,164,129,151,127,125,145,192,207,0
40.384617,40.415359,105,255,216,255,193,4,63,164,1,151,127,125,145,192,207,0
40.549450,40.584232,105,255,216,255,193,5,60,164,1,151,127,125,145,192,207,0
40.714287,40.748005,105,255,216,255,194,5,64,164,129,151,127,125,145,192,207,0
40.934067,40.916515,105,254,215,255,193,4,60,164,129,151,127,125,145,192,207,0
41.043957,41.079945,105,254,216,255,193,5,63,164,1,151,127,125,145,192,207,0
41.263737,41.248470,105,255,216,255,193,5,59,164,129,151,127,125,145,192,207,0
41.428570,41.416729,105,254,216,255,193,5,64,164,129,151,127,125,145,192,207,0
41.593407,41.580486,105,255,216,255,194,5,62,164,1,151,127,125,145,192,207,0
41.758244,41.748829,105,255,216,255,194,5,59,164,1,151,127,125,145,192,207,0
41.923077,41.912498,105,254,216,255,194,5,59,164,129,151,127,125,145,192,207,0
42.087914,42.080837,105,254,215,255,192,4,64,164,1,151,127,125,145,192,207,0
42.252747,42.249153,105,254,216,255,194,4,62,164,1,151,127,125,145,192,207,0
42.417583,42.412838,105,254,215,255,193,4,63,164,129,151,127,125,145,192,207,0
42.582417,42.581902,105,254,215,255,193,4,72,164,129,151,127,125,145,192,207,0
42.747253,42.745834,105,253,216,255,193,4,64,164,1,151,127,125,145,192,207,0
42.912086,42.914276,105,254,215,255,193,4,59,164,129,151,127,125,145,192,207,0
43.076923,43.082752,105,255,216,255,194,4,56,164,129,151,127,125,145,192,207,0
43.241756,43.246517,105,254,215,255,192,4,51,164,1,151,127,125,145,192,207,0
43.406593,43.414974,105,254,215,255,193,5,52,164,129,151,127,125,145,192,207,0
43.571430,43.583393,105,254,215,255,194,4,50,164,129,151,127,125,145,192,207,0
43.736263,43.747135,105,255,215,255,193,4,53,164,1,151,127,125,145,192,207,0
43.901100,43.915516,105,254,215,255,193,4,52,163,1,151,127,125,145,192,207,0
44.065933,44.079208,105,255,215,255,194,4,51,164,129,151,127,125,145,192,207,0
44.230770,44.247673,105,254,215,255,194,4,56,164,1,151,127,125,145,192,207,0
44.395603,44.416183,105,255,216,255,193,4,55,164,1,151,127,125,145,192,207,0
44.560440,44.580578,105,254,215,255,193,4,59,164,129,151,127,125,145,192,207,0
44.725273,44.749115,105,254,215,255,194,5,58,164,129,151,127,125,145,192,207,0
44.890110,44.912907,105,254,215,255,194,4,60,164,1,151,127,125,145,192,207,0
45.054947,45.081348,105,255,216,255,193,4,57,164,1,151,127,125,145,192,207,0
45.219780,45.245174,105,254,215,255,193,5,55,164,129,151,127,125,145,192,207,0
45.384617,45.413677,105,255,215,255,193,5,59,164,1,151,127,125,145,192,207,0
45.549450,45.582024,105,254,215,255,194,4,55,164,1,151,127,125,145,192,207,0
45.714287,45.745697,105,254,215,255,194,4,57,164,129,151,127,125,145,192,207,0
45.879120,45.914051,105,254,215,255,194,5,59,164,129,151,127,125,145,192,207,0
46.043957,46.077744,105,255,215,255,194,4,51,164,1,151,127,125,145,192,207,0
46.263737,46.246113,105,255,216,255,194,5,50,164,1,151,127,125,145,192,207,0
46.428570,46.410324,105,255,215,255,194,4,55,164,129,151,127,125,145,192,207,0
46.593407,46.578514,105,255,215,255,193,4,58,164,1,151,127,125,145,192,207,0
46.758244,46.746838,105,255,215,255,192,4,58,164,1,151,127,125,145,192,207,0
46.923077,46.910355,105,255,215,255,193,4,56,164,129,151,127,125,145,192,207,0
47.087914,47.078484,105,254,215,255,193,5,62,164,1,151,127,125,145,192,207,0
47.252747,47.246777,105,255,215,255,193,4,60,164,1,151,127,125,145,192,207,0
47.417583,47.410351,105,255,215,255,194,4,68,164,129,151,127,125,145,192,207,0
47.582417,47.578598,105,254,215,255,193,4,64,164,129,151,127,125,145,192,207,0
47.747253,47.742207,105,254,215,255,193,5,65,164,1,151,127,125,145,192,207,0
47.912086,47.910553,105,255,215,255,194,5,64,164,129,151,127,125,145,192,207,0
48.076923,48.079105,105,254,215,255,193,4,67,164,129,151,127,125,145,192,207,0
48.241756,48.242847,105,255,215,255,194,4,64,164,1,151,127,125,145,192,207,0
48.406593,48.411892,105,254,215,255,192,4,63,164,1,151,127,125,145,192,207,0
48.571430,48.575657,105,255,215,255,194,5,59,164,129,151,127,125,145,192,207,0
48.736263,48.743935,105,255,215,255,193,4,60,164,129,151,127,125,145,192,207,0
48.901100,48.907764,105,254,215,255,193,5,62,164,1,151,127,125,145,192,207,0
49.065933,49.076138,105,255,215,255,193,4,59,164,129,151,127,125,145,192,207,0
49.230770,49.244633,105,254,215,255,193,4,62,164,129,151,127,125,145,192,207,0
49.395603,49.408543,105,254,215,255,193,5,63,164,1,151,127,125,145,192,207,0
49.560440,49.576962,105,255,215,255,193,4,60,164,1,151,127,125,145,192,207,0
49.725273,49.740723,105,255,215,255,193,4,60,164,1,151,127,125,145,192,207,0
49.890110,49.904659,105,254,215,255,193,4,52,164,1,151,127,125,145,192,207,0
50.054947,50.068565,105,254,215,255,193,4,51,164,1,151,127,125,145,192,207,0
50.219780,50.232380,105,255,215,255,192,4,52,164,129,151,127,125,145,192,207,0
50.384617,50.401363,105,255,215,255,193,4,54,164,129,151,127,125,145,192,207,0
50.549450,50.565319,105,255,215,255,193,4,54,164,129,151,127,125,145,192,207,0
50.714287,50.729156,105,255,215,255,192,5,52,164,129,151,127,125,145,192,207,0
50.879120,50.893120,105,255,215,255,194,5,49,164,129,151,127,125,145,192,207,0
51.043957,51.056896,105,254,215,255,193,5,51,164,1,151,127,125,145,192,207,0
51.208790,51.225426,105,255,215,255,193,4,49,164,1,151,127,125,145,192,207,0
51.373627,51.389229,105,254,215,255,193,4,54,164,129,151,127,125,145,192,207,0
51.538460,51.557743,105,255,215,255,193,4,52,164,1,151,127,125,145,192,207,0
51.703297,51.726284,105,255,215,255,194,5,58,164,1,151,127,125,145,192,207,0
51.868134,51.890091,105,254,215,255,193,5,55,164,129,151,127,125,145,192,207,0
52.032967,52.058651,105,254,215,255,193,5,59,164,129,151,127,125,145,192,207,0
52.197803,52.222420,105,255,215,255,193,5,56,163,1,151,127,125,145,192,207,0
52.362637,52.391434,105,254,215,255,194,4,64,164,129,151,127,125,145,192,207,0
52.527473,52.559746,105,255,215,255,193,4,62,164,129,151,127,125,145,192,207,0
52.692307,52.723335,105,254,215,255,193,5,59,164,1,151,127,125,145,192,207,0
52.912086,52.891823,105,255,215,255,194,5,59,164,1,151,127,125,145,192,207,0
53.076923,53.055424,105,255,215,255,193,5,55,164,129,151,127,125,145,192,207,0
53.241756,53.223618,105,254,215,255,194,4,62,164,129,151,127,125,145,192,207,0
53.406593,53.387260,105,254,215,255,193,5,63,163,1,151,127,125,145,192,207,0
53.571430,53.555573,105,254,215,255,193,5,61,164,1,151,127,125,145,192,207,0
53.736263,53.719143,105,255,215,255,193,5,61,164,1,151,127,125,145,192,207,0
53.901100,53.882820,105,255,215,255,193,4,65,164,1,151,127,125,145,192,207,0
54.065933,54.046482,105,255,215,255,193,5,64,163,1,151,127,125,145,192,207,0
54.230770,54.210125,105,254,215,255,194,5,67,164,129,151,127,125,145,192,207,0
54.395603,54.378368,105,255,215,255,193,4,60,164,1,151,127,125,145,192,207,0
54.560440,54.546734,105,254,215,255,194,4,65,164,1,151,127,125,145,192,207,0
54.725273,54.710480,105,254,215,255,193,4,59,164,129,151,127,125,145,192,207,0
54.890110,54.878761,105,255,215,255,193,4,69,163,1,151,127,125,145,192,207,0
55.054947,55.047161,105,255,215,255,193,5,61,164,1,151,127,125,145,192,207,0
55.219780,55.210815,105,255,215,255,193,5,59,164,129,151,127,125,145,192,207,0
55.384617,55.379223,105,255,215,255,193,4,61,164,129,151,127,125,145,192,207,0
55.549450,55.542995,105,254,215,255,193,5,58,163,1,151,127,125,145,192,207,0
55.714287,55.711319,105,254,215,255,194,5,59,164,129,151,127,125,145,192,207,0
55.879120,55.879875,105,254,215,255,193,4,60,164,129,151,127,125,145,192,207,0
56.043957,56.043583,105,255,215,255,194,5,66,164,1,151,127,125,145,192,207,0
56.208790,56.211941,105,255,215,255,193,4,68,163,1,151,127,125,145,192,207,0
56.373627,56.376411,105,254,215,255,194,5,62,164,129,151,127,125,145,192,207,0
56.538460,56.544773,105,255,214,255,193,4,54,164,129,151,127,125,145,192,207,0
56.703297,56.708611,105,255,215,255,194,5,54,164,1,151,127,125,145,192,207,0
56.868134,56.877106,105,254,215,255,193,4,52,164,129,151,127,125,145,192,207,0
57.032967,57.045521,105,254,215,255,193,5,46,163,129,151,127,125,145,192,207,0
57.197803,57.209385,105,254,215,255,193,4,49,164,1,151,127,125,145,192,207,0
57.362637,57.377888,105,255,214,255,195,5,48,163,129,151,127,125,145,192,207,0
57.527473,57.546272,105,255,214,255,193,4,47,164,129,151,127,125,145,192,207,0
57.692307,57.710125,105,255,214,255,193,5,48,164,129,151,127,125,145,192,207,0
57.857143,57.873943,105,255,215,255,194,4,52,164,1,151,127,125,145,192,207,0
58.021976,58.042454,105,255,215,255,193,4,51,164,129,151,127,125,145,192,207,0
58.186813,58.210979,105,255,215,255,194,5,54,164,129,151,127,125,145,192,207,0
58.351650,58.375420,105,254,215,255,193,5,52,164,1,151,127,125,145,192,207,0
58.516483,58.543732,105,255,214,255,194,5,54,164,129,151,127,125,145,192,207,0
58.736263,58.712185,105,255,215,255,194,5,58,164,129,151,127,125,145,192,207,0
58.846153,58.875511,105,255,214,255,193,4,58,164,1,151,127,125,145,192,207,0
59.065933,59.043964,105,255,215,255,194,5,57,164,129,151,127,125,145,192,207,0
59.230770,59.212257,105,254,214,255,193,4,55,163,129,151,127,125,145,192,207,0
59.395603,59.375904,105,255,215,255,194,5,61,164,1,151,127,125,145,192,207,0
59.560440,59.544273,105,255,215,255,194,4,51,163,1,151,127,125,145,192,207,0
59.725273,59.707718,105,255,215,255,193,5,52,163,129,151,127,125,145,192,207,0
59.890110,59.876163,105,254,215,255,193,4,51,164,129,151,127,125,145,192,207,0
60.054947,60.039700,105,254,215,255,194,4,56,164,1,151,127,125,145,192,207,0
60.219780,60.207836,105,255,215,255,193,4,55,163,1,151,127,125,145,192,207,0
60.384617,60.372044,105,254,215,255,192,4,63,164,129,151,127,125,145,192,207,0
60.549450,60.540283,105,255,215,255,193,4,62,164,1,151,127,125,145,192,207,0
60.714287,60.708595,105,255,215,255,194,5,65,164,1,151,127,125,145,192,207,0
60.879120,60.872383,105,254,215,255,194,4,65,164,129,151,127,125,145,192,207,0
61.043957,61.040688,105,254,215,255,194,5,65,164,1,151,127,125,145,192,207,0
61.208790,61.209122,105,254,215,255,194,5,65,164,1,151,127,125,145,192,207,0
61.373627,61.372868,105,255,215,255,193,5,70,164,129,151,127,125,145,192,207,0
61.538460,61.541222,105,255,215,255,194,5,67,164,129,151,127,125,145,192,207,0
61.703297,61.705162,105,255,215,255,194,4,68,164,1,151,127,125,145,192,207,0
61.868134,61.873573,105,255,215,255,193,5,66,163,129,151,127,125,145,192,207,0
62.032967,62.041965,105,254,215,255,194,4,66,164,129,151,127,125,145,192,207,0
62.197803,62.205864,105,255,215,255,194,5,69,164,1,151,127,125,145,192,207,0
62.362637,62.374836,105,254,215,255,193,4,63,164,1,151,127,125,145,192,207,0
62.527473,62.538746,105,255,215,255,193,4,62,163,129,151,127,125,145,192,207,0
62.692307,62.707394,105,255,215,255,193,5,69,164,129,151,127,125,145,192,207,0
62.857143,62.871246,105,254,215,255,193,5,70,163,1,151,127,125,145,192,207,0
63.021976,63.039772,105,255,214,255,193,4,66,164,129,151,127,125,145,192,207,0
63.186813,63.208195,105,254,215,255,194,4,63,164,129,151,127,125,145,192,207,0
63.351650,63.371922,105,254,215,255,192,4,56,164,1,151,127,125,145,192,207,0
63.516483,63.540440,105,255,214,255,193,4,55,163,129,151,127,125,145,192,207,0
63.681320,63.708721,105,255,215,255,193,5,55,163,129,151,127,125,145,192,207,0
63.846153,63.872192,105,255,214,255,194,4,51,163,1,151,127,125,145,192,207,0
64.065933,64.040741,105,254,215,255,194,4,51,163,129,151,127,125,145,192,207,0
64.230766,64.209534,105,254,215,255,195,5,49,163,129,151,127,125,145,192,207,0
64.395607,64.373199,105,255,214,255,194,4,51,164,1,151,127,125,145,192,207,0
64.560440,64.541557,105,255,214,255,193,4,54,164,1,151,127,125,145,192,207,0
64.725273,64.705231,105,255,215,255,192,4,56,164,129,151,127,125,145,192,207,0
64.890106,64.873573,105,254,214,255,194,4,61,164,1,151,127,125,145,192,207,0
65.054947,65.041946,105,254,214,255,193,4,55,164,1,151,127,125,145,192,207,0
65.219780,65.205452,105,254,214,255,193,4,59,163,129,151,127,125,145,192,207,0
65.384613,65.373741,105,255,215,255,193,4,53,164,129,151,127,125,145,192,207,0
65.549454,65.537514,105,255,215,255,194,4,56,164,1,151,127,125,145,192,207,0
65.714287,65.705719,105,254,215,255,194,4,57,164,1,151,127,125,145,192,207,0
65.879120,65.869545,105,255,215,255,195,4,56,163,129,151,127,125,145,192,207,0
66.043953,66.037910,105,255,214,255,193,5,58,164,1,151,127,125,145,192,207,0
66.208794,66.206940,105,254,214,255,194,4,55,164,1,151,127,125,145,192,207,0
66.373627,66.370850,105,254,215,255,195,4,49,164,129,151,127,125,145,192,207,0
66.538460,66.539253,105,255,214,255,193,4,52,163,129,151,127,125,145,192,207,0
66.703300,66.703133,105,255,215,255,194,4,55,164,1,151,127,125,145,192,207,0
66.868134,66.871620,105,255,214,255,194,5,56,164,129,151,127,125,145,192,207,0
67.032967,67.039948,105,255,214,255,193,4,59,163,129,151,127,125,145,192,207,0
67.197800,67.203842,105,254,214,255,193,4,59,164,1,151,127,125,145,192,207,0
67.362640,67.372337,105,254,215,255,193,4,61,164,1,151,127,125,145,192,207,0
67.527473,67.536110,105,254,214,255,194,4,60,164,129,151,127,125,145,192,207,0
67.692307,67.704475,105,255,214,255,194,4,66,163,1,151,127,125,145,192,207,0
67.857140,67.872963,105,254,215,255,193,4,67,164,1,151,127,125,145,192,207,0
68.021980,68.036636,105,255,214,255,193,4,67,164,1,151,127,125,145,192,207,0
68.186813,68.200912,105,254,215,255,192,4,64,164,129,151,127,125,145,192,207,0
68.351646,68.369286,105,255,215,255,194,5,66,164,1,151,127,125,145,192,207,0
68.516487,68.537743,105,254,214,255,194,4,60,164,129,151,127,125,145,192,207,0
68.681320,68.706070,105,254,215,255,193,5,67,164,129,151,127,125,145,192,207,0
68.846153,68.869629,105,255,214,255,194,5,59,164,1,151,127,125,145,192,207,0
69.065933,69.037849,105,255,214,255,193,4,61,164,1,151,127,125,145,192,207,0
69.175827,69.201637,105,255,215,255,193,5,63,164,129,151,127,125,145,192,207,0
69.395607,69.369919,105,255,214,255,193,4,62,163,129,151,127,125,145,192,207,0
69.560440,69.533569,105,255,214,255,194,5,65,164,1,151,127,125,145,192,207,0
69.725273,69.701820,105,255,214,255,194,4,72,164,129,151,127,125,145,192,207,0
69.890106,69.870049,105,255,214,255,193,4,66,163,129,151,127,125,145,192,207,0
70.054947,70.033691,105,254,214,255,194,4,60,164,1,151,127,125,145,192,207,0
70.219780,70.202141,105,254,214,255,192,4,53,163,129,151,127,125,145,192,207,0
70.384613,70.370384,105,254,214,255,194,4,55,163,129,151,127,125,145,192,207,0
70.549454,70.534126,105,254,214,255,194,4,51,163,1,151,127,125,145,192,207,0
70.714287,70.702301,105,254,214,255,193,4,54,163,1,151,127,125,145,192,207,0
70.879120,70.866013,105,254,214,255,193,4,51,164,129,151,127,125,145,192,207,0
71.043953,71.034508,105,254,214,255,194,4,49,163,1,151,127,125,145,192,207,0
71.208794,71.202896,105,255,214,255,194,4,50,163,1,151,127,125,145,192,207,0
71.373627,71.366722,105,254,214,255,194,4,53,164,129,151,127,125,145,192,207,0
71.538460,71.535210,105,255,214,255,194,4,55,163,129,151,127,125,145,192,207,0
71.703300,71.698921,105,255,214,255,193,4,54,163,1,151,127,125,145,192,207,0
71.868134,71.867493,105,255,214,255,193,4,57,163,129,151,127,125,145,192,207,0
72.032967,72.035973,105,254,214,255,194,4,57,164,129,151,127,125,145,192,207,0
72.197800,72.200340,105,255,214,255,194,4,55,163,1,151,127,125,145,192,207,0
72.362640,72.368744,105,255,214,255,193,4,52,164,1,151,127,125,145,192,207,0
72.527473,72.532516,105,255,214,255,194,5,58,163,129,151,127,125,145,192,207,0
72.692307,72.700966,105,254,214,255,193,5,58,163,129,151,127,125,145,192,207,0
72.857140,72.864777,105,255,214,255,193,4,58,163,1,151,127,125,145,192,207,0
73.021980,73.033188,105,254,214,255,193,5,52,163,129,151,127,125,145,192,207,0
73.186813,73.201675,105,254,214,255,194,5,52,163,129,151,127,125,145,192,207,0
73.351646,73.365456,105,254,214,255,193,4,52,163,1,151,127,125,145,192,207,0
73.516487,73.533760,105,255,214,255,193,4,55,163,129,151,127,125,145,192,207,0
73.681320,73.702003,105,255,214,255,193,4,55,164,129,151,127,125,145,192,207,0
73.846153,73.865829,105,255,214,255,194,4,56,163,1,151,127,125,145,192,207,0
74.010986,74.033989,105,254,214,255,193,4,59,164,1,151,127,125,145,192,207,0
74.175827,74.198433,105,255,214,255,195,4,64,163,129,151,127,125,145,192,207,0
74.395607,74.366905,105,255,214,255,193,4,65,163,1,151,127,125,145,192,207,0
74.560440,74.535141,105,255,214,255,194,5,62,164,1,151,127,125,145,192,207,0
74.725273,74.698830,105,255,214,255,194,4,66,164,129,151,127,125,145,192,207,0
74.890106,74.867149,105,255,214,255,194,4,66,163,129,151,127,125,145,192,207,0
75.054947,75.030693,105,254,214,255,193,5,64,163,1,151,127,125,145,192,207,0
75.219780,75.199043,105,255,214,255,193,5,66,163,129,151,127,125,145,192,207,0
75.384613,75.367424,105,254,214,255,192,4,64,164,129,151,127,125,145,192,207,0
75.549454,75.531067,105,254,214,255,194,4,62,163,129,151,127,125,145,192,207,0
75.714287,75.694817,105,255,214,255,194,4,65,163,1,151,127,125,145,192,207,0
75.879120,75.863068,105,255,214,255,193,4,63,163,129,151,127,125,145,192,207,0
76.043953,76.031631,105,254,214,255,194,4,59,163,1,151,127,125,145,192,207,0
76.208794,76.200684,105,255,214,255,193,5,66,164,1,151,127,125,145,192,207,0
76.373627,76.364548,105,255,213,255,194,5,67,163,129,151,127,125,145,192,207,0
76.538460,76.532890,105,255,214,255,194,5,67,163,129,151,127,125,145,192,207,0
76.703300,76.696739,105,254,214,255,193,4,62,163,1,151,127,125,145,192,207,0
76.868134,76.865173,105,255,214,255,194,4,57,163,129,151,127,125,145,192,207,0
77.032967,77.033562,104,255,213,255,194,4,54,163,129,151,127,125,145,192,207,0
77.197800,77.197441,105,254,214,255,193,4,55,163,1,151,127,125,145,192,207,0
77.362640,77.365776,105,255,213,255,194,4,51,163,1,151,127,125,145,192,207,0
77.527473,77.529572,105,254,214,255,193,4,53,164,129,151,127,125,145,192,207,0
77.692307,77.698097,105,254,213,255,195,4,48,164,1,151,127,125,145,192,207,0
77.857140,77.866547,105,255,213,255,193,4,51,164,1,151,127,125,145,192,207,0
78.021980,78.030327,105,254,214,255,193,4,51,164,129,151,127,125,145,192,207,0
78.186813,78.199463,105,255,214,255,194,4,55,163,129,151,127,125,145,192,207,0
78.351646,78.363289,105,255,214,255,194,4,56,164,1,151,127,125,145,192,207,0
78.516487,78.531754,105,254,213,255,195,5,59,163,129,151,127,125,145,192,207,0
78.681320,78.700134,105,254,214,255,194,5,56,163,129,151,127,125,145,192,207,0
78.846153,78.863976,105,255,214,255,194,4,59,163,1,151,127,125,145,192,207,0
79.010986,79.032333,105,255,214,255,194,4,59,163,1,151,127,125,145,192,207,0
79.175827,79.196144,105,254,214,255,194,5,60,164,129,151,127,125,145,192,207,0
79.395607,79.364601,105,254,213,255,194,4,57,164,1,151,127,125,145,192,207,0
79.560440,79.532814,105,255,214,255,194,4,58,163,1,151,127,125,145,192,207,0
79.725273,79.696548,105,254,213,255,193,4,61,164,129,151,127,125,145,192,207,0
79.890106,79.864716,105,255,213,255,194,5,56,163,129,151,127,125,145,192,207,0
80.054947,80.028999,105,255,213,255,194,4,54,163,1,151,127,125,145,192,207,0
80.219780,80.197319,105,255,213,255,195,4,58,163,1,151,127,125,145,192,207,0
80.384613,80.360779,105,255,214,255,194,5,52,163,129,151,127,125,145,192,207,0
80.549454,80.529167,105,255,213,255,193,4,62,163,1,151,127,125,145,192,207,0
80.714287,80.697556,105,254,214,255,194,4,59,164,1,151,127,125,145,192,207,0
80.879120,80.861061,105,254,214,255,193,5,64,163,129,151,127,125,145,192,207,0
81.043953,81.029579,105,255,214,255,194,4,62,164,129,151,127,125,145,192,207,0
81.208794,81.193169,105,255,213,255,193,4,64,163,1,151,127,125,145,192,207,0
81.373627,81.361580,105,255,213,255,193,4,67,163,1,151,127,125,145,192,207,0
81.538460,81.525391,105,254,214,255,193,4,62,164,129,151,127,125,145,192,207,0
81.703300,81.693779,105,255,213,255,194,4,62,164,1,151,127,125,145,192,207,0
81.868134,81.862106,105,255,214,255,194,4,64,163,1,151,127,125,145,192,207,0
82.032967,82.026619,105,255,213,255,193,4,68,163,129,151,127,125,145,192,207,0
82.197800,82.194984,105,255,214,255,194,4,66,163,1,151,127,125,145,192,207,0
82.362640,82.363342,105,255,213,255,194,5,62,163,1,151,127,125,145,192,207,0
82.527473,82.527214,105,255,214,255,193,4,62,163,129,151,127,125,145,192,207,0
82.692307,82.695770,105,255,213,255,194,5,66,163,129,151,127,125,145,192,207,0
82.857140,82.859558,105,255,213,255,193,5,68,164,1,151,127,125,145,192,207,0
83.021980,83.028091,105,254,213,255,193,4,69,163,129,151,127,125,145,192,207,0
83.186813,83.196503,105,255,213,255,193,5,76,163,129,151,127,125,145,192,207,0
83.351646,83.360291,105,254,213,255,194,4,69,163,1,151,127,125,145,192,207,0
83.516487,83.528793,105,254,213,255,194,4,58,163,1,151,127,125,145,192,207,0
83.681320,83.692558,105,255,213,255,194,4,60,163,129,151,127,125,145,192,207,0
83.846153,83.861008,105,254,213,255,193,4,57,164,129,151,127,125,145,192,207,0
84.010986,84.025612,105,255,213,255,193,4,57,163,1,151,127,125,145,192,207,0
84.175827,84.193779,105,255,213,255,194,4,56,163,129,151,127,125,145,192,207,0
84.395607,84.362335,105,255,213,255,194,4,51,163,1,151,127,125,145,192,207,0
84.560440,84.530632,105,254,213,255,193,4,56,164,1,151,127,125,145,192,207,0
84.725273,84.694191,105,255,213,255,194,5,48,163,129,151,127,125,145,192,207,0
84.890106,84.862457,105,254,213,255,194,4,59,163,129,151,127,125,145,192,207,0
85.054947,85.026131,105,254,213,255,194,4,56,163,1,151,127,125,145,192,207,0
85.219780,85.194397,105,255,213,255,193,4,59,164,1,151,127,125,145,192,207,0
85.384613,85.358025,105,254,213,255,194,4,56,164,129,151,127,125,145,192,207,0
85.549454,85.526253,105,255,213,255,194,5,58,163,1,151,127,125,145,192,207,0
85.714287,85.694496,105,255,213,255,193,4,55,164,1,151,127,125,145,192,207,0
85.879120,85.858131,105,255,213,255,193,4,56,163,129,151,127,125,145,192,207,0
86.043953,86.026428,105,254,213,255,193,4,59,164,129,151,127,125,145,192,207,0
86.208794,86.190002,105,254,213,255,194,4,55,163,1,151,127,125,145,192,207,0
86.373627,86.358482,105,255,213,255,194,4,60,163,129,151,127,125,145,192,207,0
86.538460,86.526909,105,255,213,255,193,4,55,164,129,151,127,125,145,192,207,0
86.703300,86.690628,105,255,213,255,194,4,49,163,1,151,127,125,145,192,207,0
86.868134,86.859016,105,254,213,255,194,4,55,163,1,151,127,125,145,192,207,0
87.032967,87.022789,105,255,213,255,194,4,51,163,129,151,127,125,145,192,207,0
87.197800,87.191177,105,255,213,255,194,4,52,163,129,151,127,125,145,192,207,0
87.362640,87.355034,105,254,213,255,194,4,57,163,1,151,127,125,145,192,207,0
87.527473,87.523567,105,255,213,255,194,4,56,164,1,151,127,125,145,192,207,0
87.692307,87.687386,105,255,212,255,193,5,60,163,129,151,127,125,145,192,207,0
87.857140,87.855957,105,254,213,255,193,4,61,163,1,151,127,125,145,192,207,0
88.021980,88.025040,105,255,213,255,194,4,60,163,129,151,127,125,145,192,207,0
88.186813,88.193375,105,255,213,255,194,4,60,163,129,151,127,125,145,192,207,0
88.351646,88.357132,105,254,213,255,193,4,63,164,1,151,127,125,145,192,207,0
88.516487,88.525513,105,255,213,255,194,4,62,163,1,151,127,125,145,192,207,0
88.681320,88.689224,105,255,213,255,193,4,59,164,129,151,127,125,145,192,207,0
88.846153,88.857681,105,255,213,255,193,4,59,164,129,151,127,125,145,192,207,0
89.010986,89.021477,105,255,213,255,194,4,61,164,1,151,127,125,145,192,207,0
89.175827,89.189774,105,255,213,255,194,4,59,164,129,151,127,125,145,192,207,0
89.340660,89.358162,105,254,213,255,195,4,60,163,129,151,127,125,145,192,207,0
89.505493,89.521767,105,255,213,255,193,4,58,163,1,151,127,125,145,192,207,0
89.725273,89.690277,105,255,213,255,193,4,59,164,1,151,127,125,145,192,207,0
89.835167,89.853790,105,255,213,255,194,5,67,163,129,151,127,125,145,192,207,0
90.054947,90.022888,105,255,212,255,193,4,66,163,1,151,127,125,145,192,207,0
90.219780,90.191177,105,255,213,255,194,5,66,163,1,151,127,125,145,192,207,0
90.384613,90.354828,105,255,213,255,195,4,56,164,129,151,127,125,145,192,207,0
90.549454,90.523010,105,255,213,255,193,4,56,163,129,151,127,125,145,192,207,0
90.714287,90.686592,105,255,213,255,193,4,56,163,129,151,127,125,145,192,207,0
90.879120,90.850243,105,254,213,255,194,4,54,163,129,151,127,125,145,192,207,0
91.043953,91.013794,105,255,212,255,194,5,48,163,129,151,127,125,145,192,207,0
91.208794,91.177452,105,254,213,255,194,4,49,163,1,151,127,125,145,192,207,0
91.373627,91.345642,105,254,213,255,194,4,50,163,129,151,127,125,145,192,207,0
91.538460,91.513885,105,254,213,255,194,4,50,164,129,151,127,125,145,192,207,0
91.703300,91.677582,105,255,212,255,194,4,51,163,1,151,127,125,145,192,207,0
91.868134,91.845764,105,254,212,255,194,5,55,164,1,151,127,125,145,192,207,0
92.032967,92.009956,105,254,212,255,194,5,52,164,129,151,127,125,145,192,207,0
92.197800,92.178375,105,255,213,255,194,4,54,164,1,151,127,125,145,192,207,0
92.362640,92.346703,105,254,212,255,193,4,49,163,1,151,127,125,145,192,207,0
92.527473,92.510437,105,254,212,255,194,4,55,163,1,151,127,125,145,192,207,0
92.692307,92.674225,105,254,212,255,193,4,56,164,129,151,127,125,145,192,207,0
92.857140,92.842712,105,255,212,255,195,5,55,164,1,151,127,125,145,192,207,0
93.021980,93.011078,105,254,212,255,194,4,59,164,129,151,127,125,145,192,207,0
93.186813,93.179543,105,254,213,255,195,4,56,163,129,151,127,125,145,192,207,0
93.351646,93.343285,105,255,213,255,194,4,50,163,1,151,127,125,145,192,207,0
93.516487,93.511620,105,255,212,255,194,4,47,163,1,151,127,125,145,192,207,0
93.681320,93.675400,105,255,213,255,193,4,53,164,129,151,127,125,145,192,207,0
93.846153,93.843773,105,254,213,255,194,4,51,163,129,151,127,125,145,192,207,0
94.010986,94.008224,105,254,213,255,194,4,53,164,1,151,127,125,145,192,207,0
94.175827,94.176826,105,254,213,255,193,4,56,163,129,151,127,125,145,192,207,0
94.340660,94.345284,105,254,213,255,194,5,61,163,129,151,127,125,145,192,207,0
94.505493,94.509186,105,254,212,255,193,4,56,163,1,151,127,125,145,192,207,0
94.670326,94.677696,105,254,213,255,193,4,56,164,1,151,127,125,145,192,207,0
94.835167,94.841530,105,255,213,255,194,4,63,164,129,151,127,125,145,192,207,0
95.000000,95.009865,105,255,213,255,194,5,57,163,1,151,127,125,145,192,207,0
95.164833,95.178139,105,254,212,255,195,4,58,164,1,151,127,125,145,192,207,0
95.329674,95.341919,105,254,212,255,194,4,60,164,129,151,127,125,145,192,207,0
95.494507,95.510178,105,254,213,255,195,4,62,164,129,151,127,125,145,192,207,0
95.659340,95.673805,105,255,212,255,194,4,56,164,1,151,127,125,145,192,207,0
95.879120,95.842880,105,255,213,255,194,5,61,164,129,151,127,125,145,192,207,0
96.043953,96.011032,105,254,213,255,193,5,59,164,129,151,127,125,145,192,207,0
96.208794,96.174675,105,255,212,255,195,4,62,164,1,151,127,125,145,192,207,0
96.373627,96.342834,105,255,212,255,194,4,60,164,1,151,127,125,145,192,207,0
96.538460,96.506371,105,255,212,255,194,4,62,164,129,151,127,125,145,192,207,0
96.703300,96.674820,105,254,212,255,194,4,70,164,1,151,127,125,145,192,207,0
96.868134,96.843040,105,254,212,255,193,4,67,164,1,151,127,125,145,192,207,0
97.032967,97.006706,105,255,213,255,194,4,64,164,129,151,127,125,145,192,207,0
97.197800,97.174995,105,255,212,255,195,4,57,164,129,151,127,125,145,192,207,0
97.362640,97.338669,105,255,212,255,194,4,59,164,1,151,127,125,145,192,207,0
97.527473,97.507042,105,255,212,255,194,4,53,163,129,151,127,125,145,192,207,0
97.692307,97.675514,105,254,212,255,193,4,53,164,129,151,127,125,145,192,207,0
97.857140,97.839813,105,254,213,255,194,4,51,164,1,151,127,125,145,192,207,0
98.021980,98.008240,105,255,212,255,194,5,56,164,1,151,127,125,145,192,207,0
98.186813,98.172050,105,255,212,255,194,4,50,164,129,151,127,125,145,192,207,0
98.351646,98.340454,105,255,212,255,194,4,51,164,1,151,127,125,145,192,207,0
98.516487,98.508896,105,255,213,255,193,4,55,164,1,151,127,125,145,192,207,0
98.681320,98.672852,105,255,213,255,193,4,59,164,129,151,127,125,145,192,207,0
98.846153,98.841293,105,255,213,255,193,4,57,164,1,151,127,125,145,192,207,0
99.010986,99.009666,105,255,213,255,193,5,59,164,1,151,127,125,145,192,207,0
99.175827,99.173576,105,255,213,255,191,4,56,163,129,151,127,125,145,192,207,0
99.340660,99.341972,105,255,212,255,191,5,60,163,129,151,127,125,145,192,207,0
99.505493,99.505684,105,255,212,255,191,4,56,163,1,151,127,125,145,192,207,0
99.670326,99.674255,105,254,212,255,191,4,59,163,129,151,127,125,145,192,207,0
99.835167,99.843384,104,254,213,255,191,4,55,163,129,151,127,125,145,192,207,0
100.000000,100.007103,104,254,213,255,191,5,57,163,1,151,127,125,145,192,207,0
100.164833,100.175476,104,255,212,255,190,4,52,163,1,151,127,125,145,192,207,0
100.329674,100.339211,105,255,213,255,190,4,52,163,129,151,127,125,145,192,207,0
100.494507,100.507385,104,255,212,255,190,4,54,163,129,151,127,125,145,192,207,0
100.659340,100.671051,105,254,212,255,191,4,53,163,1,151,127,125,145,192,207,0
100.824173,100.839401,105,255,212,255,191,5,55,163,129,151,127,125,145,192,207,0
101.043953,101.007858,105,255,212,255,192,4,54,164,129,151,127,125,145,192,207,0
101.208794,101.171455,105,255,213,255,192,4,52,164,1,151,127,125,145,192,207,0
101.373627,101.339729,105,254,212,255,191,4,58,164,1,151,127,125,145,192,207,0
101.538460,101.503311,105,254,212,255,191,4,58,164,129,151,127,125,145,192,207,0
101.703300,101.671555,105,255,212,255,191,4,60,163,1,151,127,125,145,192,207,0
101.868134,101.839890,105,255,212,255,191,4,56,163,1,151,127,125,145,192,207,0
102.032967,102.003456,105,254,212,255,191,4,56,164,129,151,127,125,145,192,207,0
102.197800,102.171638,105,254,212,255,192,4,56,164,129,151,127,125,145,192,207,0
102.362640,102.335304,105,255,212,255,192,4,56,164,1,151,127,125,145,192,207,0
102.527473,102.503479,105,255,212,255,192,4,56,164,129,151,127,125,145,192,207,0
102.692307,102.671768,105,254,213,255,190,4,58,164,129,151,127,125,145,192,207,0
102.857140,102.835609,105,255,212,255,191,5,55,163,1,151,127,125,145,192,207,0
103.021980,103.004028,105,255,212,255,192,4,58,164,1,151,127,125,145,192,207,0
103.186813,103.167709,105,255,212,255,191,4,57,163,129,151,127,125,145,192,207,0
103.351646,103.336243,105,255,212,255,191,4,56,164,129,151,127,125,145,192,207,0
103.516487,103.500000,105,254,212,255,191,5,68,164,1,151,127,125,145,192,207,0
103.681320,103.668365,105,255,212,255,191,4,60,164,129,151,127,125,145,192,207,0
103.846153,103.837585,105,254,212,255,191,4,54,164,129,151,127,125,145,192,207,0
104.010986,104.001389,105,254,212,255,192,4,59,164,1,151,127,125,145,192,207,0
104.175827,104.169777,105,254,212,255,192,4,51,164,129,151,127,125,145,192,207,0
104.340660,104.338341,105,254,212,255,191,5,55,164,129,151,127,125,145,192,207,0
104.505493,104.502106,105,255,212,255,192,5,51,164,1,151,127,125,145,192,207,0
104.670326,104.670517,105,255,212,255,191,5,46,164,1,151,127,125,145,192,207,0
104.835167,104.834373,105,255,212,255,192,4,47,164,129,151,127,125,145,192,207,0
105.000000,105.002838,105,255,212,255,192,4,45,164,1,151,127,125,145,192,207,0
105.164833,105.171303,105,255,212,255,192,4,51,164,1,151,127,125,145,192,207,0
105.329674,105.335136,105,254,212,255,192,5,51,164,129,151,127,125,145,192,207,0
105.494507,105.503586,105,254,212,255,191,4,51,164,129,151,127,125,145,192,207,0
105.659340,105.667313,105,254,212,255,192,4,49,163,1,151,127,125,145,192,207,0
105.824173,105.836143,105,254,212,255,192,4,52,164,1,151,127,125,145,192,207,0
105.989014,105.999886,105,254,212,255,191,4,54,164,129,151,127,125,145,192,207,0
106.208794,106.168297,105,255,212,255,191,4,54,164,1,151,127,125,145,192,207,0
106.373627,106.336464,105,255,212,255,192,5,55,164,1,151,127,125,145,192,207,0
106.538460,106.500153,105,254,212,255,191,4,56,164,129,151,127,125,145,192,207,0
106.703300,106.668419,105,255,212,255,191,4,56,163,1,151,127,125,145,192,207,0
106.868134,106.836647,105,255,212,255,191,5,44,164,1,151,127,125,145,192,207,0
107.032967,107.000298,105,254,212,255,191,4,44,164,1,151,127,125,145,192,207,0
107.197800,107.163834,105,254,212,255,192,4,46,164,129,151,127,125,145,192,207,0
107.362640,107.332001,105,255,212,255,191,4,47,164,1,151,127,125,145,192,207,0
107.527473,107.500259,105,255,212,255,192,4,52,164,129,151,127,125,145,192,207,0
107.692307,107.668831,105,255,212,255,192,4,55,164,129,151,127,125,145,192,207,0
107.857140,107.833290,105,255,212,255,192,4,56,164,1,151,127,125,145,192,207,0
108.021980,108.001686,105,255,212,255,192,5,56,164,1,151,127,125,145,192,207,0
108.186813,108.165543,105,254,212,255,191,4,55,164,1,151,127,125,145,192,207,0
108.351646,108.329247,105,255,212,255,191,4,56,164,129,151,127,125,145,192,207,0
108.516487,108.497650,105,254,212,255,192,5,59,164,1,151,127,125,145,192,207,0
108.681320,108.666153,105,254,212,255,192,4,61,164,1,151,127,125,145,192,207,0
108.846153,108.829956,105,255,212,255,191,4,60,164,129,151,127,125,145,192,207,0
109.010986,108.998375,105,255,212,255,193,4,59,164,129,151,127,125,145,192,207,0
109.175827,109.162285,105,255,212,255,192,4,61,164,1,151,127,125,145,192,207,0
109.340660,109.330711,105,254,212,255,191,4,57,164,129,151,127,125,145,192,207,0
109.505493,109.499046,105,255,213,255,192,4,59,164,129,151,127,125,145,192,207,0
109.670326,109.662956,105,255,212,255,192,4,58,164,1,151,127,125,145,192,207,0
109.835167,109.831947,105,255,212,255,192,5,60,164,1,151,127,125,145,192,207,0
110.000000,109.995659,105,254,212,255,191,4,62,164,129,151,127,125,145,192,207,0
110.164833,110.164169,105,254,212,255,191,4,70,164,1,151,127,125,145,192,207,0
110.329674,110.332619,105,255,212,255,191,4,67,164,129,151,127,125,145,192,207,0
110.494507,110.501022,105,255,212,255,191,5,60,164,129,151,127,125,145,192,207,0
110.659340,110.664764,105,255,212,255,192,4,57,164,1,151,127,125,145,192,207,0
110.824173,110.833168,105,255,212,255,191,5,60,164,1,151,127,125,145,192,207,0
110.989014,110.996887,105,255,212,255,192,4,56,164,129,151,127,125,145,192,207,0
111.153847,111.165092,105,255,212,255,191,4,55,164,129,151,127,125,145,192,207,0
111.318680,111.328819,105,255,212,255,191,4,53,164,1,151,127,125,145,192,207,0
111.538460,111.497330,105,254,212,255,191,4,51,164,1,151,127,125,145,192,207,0
111.703300,111.661522,105,255,212,255,192,4,54,164,129,151,127,125,145,192,207,0
111.868134,111.829887,105,254,212,255,191,4,53,164,1,151,127,125,145,192,207,0
112.032967,111.998299,105,255,212,255,192,4,52,164,1,151,127,125,145,192,207,0
112.197800,112.161858,105,255,212,255,192,4,52,164,1,151,127,125,145,192,207,0
112.362640,112.325584,105,255,212,255,191,4,55,164,1,151,127,125,145,192,207,0
112.527473,112.489250,105,255,212,255,191,4,55,164,1,151,127,125,145,192,207,0
112.692307,112.652870,105,255,212,255,191,4,53,164,1,151,127,125,145,192,207,0
112.857140,112.816536,105,254,212,255,192,4,58,164,129,151,127,125,145,192,207,0
113.021980,112.984665,105,255,212,255,191,4,57,164,1,151,127,125,145,192,207,0
113.186813,113.152908,105,255,212,255,192,4,58,164,129,151,127,125,145,192,207,0
113.351646,113.321312,105,255,212,255,191,5,58,164,129,151,127,125,145,192,207,0
113.516487,113.484886,105,255,212,255,191,4,57,164,1,151,127,125,145,192,207,0
113.681320,113.653770,105,255,212,255,192,4,48,164,1,151,127,125,145,192,207,0
113.846153,113.817505,105,255,211,255,191,4,46,164,129,151,127,125,145,192,207,0
114.010986,113.985947,105,255,212,255,192,4,50,164,1,151,127,125,145,192,207,0
114.175827,114.154335,105,254,212,255,191,4,51,164,1,151,127,125,145,192,207,0
114.340660,114.318192,105,254,212,255,191,4,54,164,129,151,127,125,145,192,207,0
114.505493,114.486664,105,255,212,255,192,4,55,164,129,151,127,125,145,192,207,0
114.670326,114.650436,105,255,212,255,191,4,51,164,1,151,127,125,145,192,207,0
114.835167,114.818916,105,254,212,255,192,4,59,164,129,151,127,125,145,192,207,0
115.000000,114.987442,105,255,211,255,191,4,56,164,129,151,127,125,145,192,207,0
115.164833,115.151245,105,255,212,255,192,4,59,164,1,151,127,125,145,192,207,0
115.329674,115.319649,105,255,212,255,191,4,56,164,1,151,127,125,145,192,207,0
115.494507,115.483467,105,254,212,255,192,5,56,164,129,151,127,125,145,192,207,0
115.659340,115.652481,105,254,212,255,191,4,58,164,1,151,127,125,145,192,207,0
115.824173,115.820801,105,255,212,255,191,4,58,164,1,151,127,125,145,192,207,0
115.989014,115.984642,105,255,212,255,192,4,57,164,129,151,127,125,145,192,207,0
116.153847,116.153160,105,254,212,255,192,4,56,164,129,151,127,125,145,192,207,0
116.318680,116.316910,105,254,212,255,193,4,59,164,1,151,127,125,145,192,207,0
116.483513,116.485268,105,254,212,255,192,4,55,164,1,151,127,125,145,192,207,0
116.648354,116.649048,105,254,212,255,192,4,59,164,129,151,127,125,145,192,207,0
116.813187,116.817360,105,255,212,255,192,4,63,164,1,151,127,125,145,192,207,0
116.978020,116.985657,105,255,212,255,192,4,68,164,1,151,127,125,145,192,207,0
117.142860,117.149475,105,255,212,255,191,4,64,164,129,151,127,125,145,192,207,0
117.362640,117.317879,105,254,212,255,192,4,52,164,1,151,127,125,145,192,207,0
117.527473,117.486153,105,254,211,255,191,4,55,164,1,151,127,125,145,192,207,0
117.692307,117.649895,105,255,212,255,192,4,51,164,129,151,127,125,145,192,207,0
117.857140,117.818253,105,254,212,255,191,4,51,164,129,151,127,125,145,192,207,0
118.021980,117.981934,105,254,212,255,192,4,49,164,1,151,127,125,145,192,207,0
118.186813,118.150444,105,255,211,255,191,4,50,164,1,151,127,125,145,192,207,0
118.351646,118.314140,105,255,211,255,191,5,48,164,129,151,127,125,145,192,207,0
118.516487,118.482368,105,255,212,255,192,4,52,164,1,151,127,125,145,192,207,0
118.681320,118.650681,105,255,211,255,192,4,48,164,1,151,127,125,145,192,207,0
118.846153,118.814301,105,255,211,255,192,4,51,164,129,151,127,125,145,192,207,0
119.010986,118.982796,105,254,212,255,192,4,51,164,129,151,127,125,145,192,207,0
119.175827,119.146461,105,254,212,255,192,5,49,164,1,151,127,125,145,192,207,0
119.340660,119.314995,105,254,211,255,192,4,51,164,129,151,127,125,145,192,207,0
119.505493,119.483498,105,255,212,255,192,4,50,164,129,151,127,125,145,192,207,0
119.670326,119.647835,105,254,211,255,192,4,50,164,1,151,127,125,145,192,207,0
119.835167,119.816292,105,254,212,255,192,4,52,164,129,151,127,125,145,192,207,0
120.000000,119.984734,105,255,211,255,191,4,51,164,129,151,127,125,145,192,207,0
120.164833,120.148506,105,255,211,255,191,4,56,164,1,151,127,125,145,192,207,0
120.329674,120.316887,105,255,212,255,192,4,52,164,1,151,127,125,145,192,207,0
120.494507,120.480606,105,254,212,255,191,4,44,164,129,151,127,125,145,192,207,0
120.659340,120.649101,105,254,211,255,192,4,49,164,1,151,127,125,145,192,207,0
120.824173,120.817398,105,255,211,255,191,4,48,164,1,151,127,125,145,192,207,0
120.989014,120.981224,105,255,212,255,191,4,55,164,129,151,127,125,145,192,207,0
121.153847,121.149590,105,254,212,255,192,5,56,164,129,151,127,125,145,192,207,0
121.318680,121.313293,105,255,211,255,191,5,56,164,129,151,127,125,145,192,207,0
121.483513,121.477089,105,254,211,255,191,4,55,164,1,151,127,125,145,192,207,0
121.648354,121.646141,105,255,211,255,191,4,56,164,129,151,127,125,145,192,207,0
121.813187,121.814545,105,254,212,255,192,4,56,164,129,151,127,125,145,192,207,0
121.978020,121.978462,105,254,212,255,191,4,58,164,129,151,127,125,145,192,207,0
122.142860,122.142319,105,254,211,255,192,4,58,164,1,151,127,125,145,192,207,0
122.307693,122.310730,105,254,211,255,191,4,55,164,129,151,127,125,145,192,207,0
122.472527,122.479118,105,255,211,255,192,4,61,164,129,151,127,125,145,192,207,0
122.637360,122.642845,105,255,211,255,192,4,55,164,129,151,127,125,145,192,207,0
122.802200,122.806458,105,254,211,255,192,4,58,164,129,151,127,125,145,192,207,0
122.967033,122.970169,105,254,211,255,192,4,58,164,1,151,127,125,145,192,207,0
123.131866,123.138542,105,255,211,255,191,4,58,164,1,151,127,125,145,192,207,0
123.296700,123.302155,105,255,211,255,191,5,56,164,129,151,127,125,145,192,207,0
123.516487,123.470650,105,254,211,255,192,4,62,164,129,151,127,125,145,192,207,0
123.681320,123.634964,105,255,211,255,191,4,62,164,1,151,127,125,145,192,207,0
123.846153,123.803246,105,254,211,255,191,4,65,164,129,151,127,125,145,192,207,0
124.010986,123.971458,105,254,212,255,191,4,61,164,129,151,127,125,145,192,207,0
124.175827,124.135254,105,255,211,255,192,4,55,164,1,151,127,125,145,192,207,0
124.340660,124.303513,105,255,212,255,191,4,55,164,129,151,127,125,145,192,207,0
124.505493,124.471863,105,255,211,255,191,4,53,164,129,151,127,125,145,192,207,0
124.670326,124.635567,105,254,211,255,192,4,48,164,1,151,127,125,145,192,207,0
124.835167,124.803848,105,254,211,255,192,4,51,164,1,151,127,125,145,192,207,0
125.000000,124.967522,105,255,211,255,191,4,45,164,129,151,127,125,145,192,207,0
125.164833,125.136040,105,255,211,255,192,4,46,164,129,151,127,125,145,192,207,0
125.329674,125.299919,105,255,211,255,191,4,49,164,1,151,127,125,145,192,207,0
125.494507,125.468224,105,254,211,255,191,4,50,164,129,151,127,125,145,192,207,0
125.659340,125.637260,105,254,211,255,191,4,51,164,129,151,127,125,145,192,207,0
125.824173,125.801003,105,254,211,255,192,4,55,164,129,151,127,125,145,192,207,0
125.989014,125.964645,105,254,211,255,191,4,50,164,129,151,127,125,145,192,207,0
126.153847,126.128387,105,254,211,255,192,4,53,164,129,151,127,125,145,192,207,0
126.318680,126.292290,105,255,211,255,192,4,49,164,129,151,127,125,145,192,207,0
126.483513,126.456078,105,255,211,255,192,4,52,164,129,151,127,125,145,192,207,0
126.648354,126.619919,105,254,211,255,192,4,52,164,129,151,127,125,145,192,207,0
126.813187,126.783699,105,255,211,255,192,4,56,164,129,151,127,125,145,192,207,0
126.978020,126.947556,105,255,211,255,192,5,52,164,129,151,127,125,145,192,207,0
127.142860,127.111458,105,254,211,255,191,4,45,164,129,151,127,125,145,192,207,0
127.307693,127.275116,105,254,211,255,192,4,43,164,129,151,127,125,145,192,207,0
127.472527,127.438812,105,254,211,255,191,4,52,164,129,151,127,125,145,192,207,0
127.637360,127.602997,105,255,211,255,192,4,51,164,129,151,127,125,145,192,207,0
127.802200,127.766708,105,255,211,255,192,4,53,164,129,151,127,125,145,192,207,0
127.967033,127.930313,105,255,210,255,191,4,54,164,129,151,127,125,145,192,207,0
128.131866,128.093765,105,254,211,255,192,4,54,164,129,151,127,125,145,192,207,0
128.296707,128.257492,105,254,211,255,191,4,53,164,129,151,127,125,145,192,207,0
128.461533,128.421173,105,254,211,255,191,4,53,164,129,151,127,125,145,192,207,0
128.626373,128.584839,105,254,211,255,191,4,56,164,129,151,127,125,145,192,207,0
128.791214,128.748535,105,254,211,255,192,4,60,164,129,151,127,125,145,192,207,0
128.956039,128.912201,105,255,211,255,192,4,59,164,129,151,127,125,145,192,207,0
129.120880,129.075958,105,254,211,255,191,4,53,164,129,151,127,125,145,192,207,0
129.285721,129.239471,105,255,211,255,191,4,58,164,129,151,127,125,145,192,207,0
129.450546,129.403183,105,254,211,255,191,4,57,164,129,151,127,125,145,192,207,0
129.615387,129.567352,105,254,211,255,191,4,57,164,129,151,127,125,145,192,207,0
129.780212,129.730942,105,255,211,255,192,4,58,163,129,151,127,125,145,192,207,0
129.890106,129.894363,105,255,211,255,191,4,56,164,129,151,127,125,145,192,207,0
130.054947,130.057983,105,254,211,255,191,5,57,164,129,151,127,125,145,192,207,0
130.219788,130.221786,105,255,211,255,191,4,61,164,129,151,127,125,145,192,207,0
130.384613,130.385391,105,254,211,255,192,4,64,164,129,151,127,125,145,192,207,0
130.549454,130.549240,105,255,211,255,192,4,73,163,129,151,127,125,145,192,207,0
130.714279,130.713104,105,254,211,255,191,4,59,164,129,151,127,125,145,192,207,0
130.879120,130.876938,105,255,211,255,192,4,56,164,129,151,127,125,145,192,207,0
131.043961,131.040787,105,254,211,255,191,5,57,164,129,151,127,125,145,192,207,0
131.208786,131.204620,105,255,211,255,192,4,55,164,129,151,127,125,145,192,207,0
131.373627,131.368439,105,255,211,255,192,4,52,164,129,151,127,125,145,192,207,0
131.538467,131.532822,105,254,211,255,192,4,58,164,129,151,127,125,145,192,207,0
131.703293,131.696503,105,254,211,255,192,4,51,163,129,151,127,125,145,192,207,0
131.868134,131.860367,105,255,211,255,191,4,56,164,129,151,127,125,145,192,207,0
132.032974,132.024048,105,255,211,255,191,5,57,163,129,151,127,125,145,192,207,0
132.197800,132.187897,105,254,211,255,192,4,48,164,129,151,127,125,145,192,207,0
132.362640,132.351578,105,254,211,255,192,4,59,164,129,151,127,125,145,192,207,0
132.527466,132.515411,105,255,211,255,191,4,60,164,129,151,127,125,145,192,207,0
132.692307,132.679337,105,255,211,255,191,4,56,164,129,151,127,125,145,192,207,0
132.857147,132.843155,105,254,210,255,192,4,56,164,129,151,127,125,145,192,207,0
133.021973,133.007050,105,254,211,255,191,4,56,164,129,151,127,125,145,192,207,0
133.186813,133.170868,105,254,211,255,191,4,58,164,129,151,127,125,145,192,207,0
133.351654,133.334610,105,255,210,255,192,4,56,164,129,151,127,125,145,192,207,0
133.516479,133.499054,105,255,210,255,191,4,52,163,129,151,127,125,145,192,207,0
133.681320,133.662781,105,255,211,255,191,4,54,163,129,151,127,125,145,192,207,0
133.846161,133.826569,105,254,211,255,192,4,42,163,129,151,127,125,145,192,207,0
134.010986,133.990387,105,255,211,255,191,4,44,164,129,151,127,125,145,192,207,0
134.175827,134.154099,105,255,211,255,191,4,42,163,129,151,127,125,145,192,207,0
134.340652,134.317917,105,254,210,255,192,3,46,163,129,151,127,125,145,192,207,0
134.505493,134.481735,105,255,211,255,191,4,45,164,129,151,127,125,145,192,207,0
134.670334,134.645508,105,255,210,255,192,4,46,163,129,151,127,125,145,192,207,0
134.835159,134.809311,105,255,211,255,190,4,48,163,129,151,127,125,145,192,207,0
135.000000,134.973053,105,255,211,255,192,4,49,163,129,151,127,125,145,192,207,0
135.164841,135.136795,105,254,211,255,191,4,49,163,129,151,127,125,145,192,207,0
135.329666,135.300613,105,254,211,255,191,4,51,163,129,151,127,125,145,192,207,0
135.494507,135.465012,105,254,211,255,191,4,51,163,129,151,127,125,145,192,207,0
135.659348,135.628815,105,255,210,255,192,5,52,163,129,151,127,125,145,192,207,0
135.824173,135.792694,105,255,211,255,191,4,53,163,129,151,127,125,145,192,207,0
135.989014,135.956635,105,254,211,255,192,4,51,163,129,151,127,125,145,192,207,0
136.153839,136.120422,105,255,210,255,191,4,45,163,129,151,127,125,145,192,207,0
136.318680,136.284210,105,255,210,255,191,4,45,163,129,151,127,125,145,192,207,0
136.483521,136.447922,105,255,210,255,192,3,46,163,1,151,127,125,145,192,207,0
136.648346,136.616409,105,255,210,255,191,4,48,163,1,151,127,125,145,192,207,0
136.813187,136.780258,105,255,210,255,191,4,48,163,1,151,127,125,145,192,207,0
136.978027,136.944107,105,255,210,255,192,3,50,163,1,151,127,125,145,192,207,0
137.142853,137.107956,105,255,210,255,191,4,55,163,1,151,127,125,145,192,207,0
137.307693,137.271698,105,255,210,255,192,4,53,163,1,151,127,125,145,192,207,0
137.472534,137.435593,105,255,210,255,192,4,52,163,1,151,127,125,145,192,207,0
137.637360,137.599136,105,255,210,255,191,4,42,163,1,151,127,125,145,192,207,0
137.802200,137.762680,105,255,210,255,192,4,42,163,1,151,127,125,145,192,207,0
137.967026,137.926147,105,255,210,255,192,4,43,163,1,151,127,125,145,192,207,0
138.131866,138.089828,105,254,210,255,191,4,42,163,1,151,127,125,145,192,207,0
138.296707,138.253571,105,255,210,255,191,4,41,163,129,151,127,125,145,192,207,0
138.461533,138.421844,105,255,211,255,191,4,38,163,129,151,127,125,145,192,207,0
138.626373,138.585541,105,255,210,255,192,4,40,163,1,151,127,125,145,192,207,0
138.791214,138.753891,105,254,210,255,191,4,41,163,129,151,127,125,145,192,207,0
138.956039,138.922195,105,255,210,255,192,4,41,163,129,151,127,125,145,192,207,0
139.120880,139.085922,105,255,210,255,192,4,44,163,1,151,127,125,145,192,207,0
139.285721,139.254562,105,255,210,255,191,4,45,163,129,151,127,125,145,192,207,0
139.450546,139.423630,105,254,211,255,191,4,48,163,129,151,127,125,145,192,207,0
139.615387,139.587372,105,254,210,255,192,4,46,163,1,151,127,125,145,192,207,0
139.780212,139.755737,105,254,211,255,191,4,48,163,1,151,127,125,145,192,207,0
139.945053,139.919556,104,255,211,255,192,4,46,163,129,151,127,125,145,192,207,0
140.109894,140.088074,105,255,210,255,191,4,47,163,1,151,127,125,145,192,207,0
140.274719,140.256516,105,254,211,255,192,4,46,163,1,151,127,125,145,192,207,0
140.439560,140.420349,105,254,211,255,191,4,47,163,129,151,127,125,145,192,207,0
140.604401,140.588837,105,255,210,255,191,4,43,163,129,151,127,125,145,192,207,0
140.769226,140.752686,104,254,210,255,191,4,41,163,1,151,127,125,145,192,207,0
140.934067,140.921173,105,255,211,255,191,4,52,163,1,151,127,125,145,192,207,0
141.098907,141.085052,104,255,210,255,191,5,45,163,129,151,127,125,145,192,207,0
141.263733,141.253616,104,255,211,255,191,4,51,163,1,151,127,125,145,192,207,0
141.428574,141.422699,105,255,210,255,191,4,47,163,1,151,127,125,145,192,207,0
141.593399,141.586319,105,255,210,255,191,4,53,163,129,151,127,125,145,192,207,0
141.758240,141.754639,105,253,211,255,191,4,53,163,129,151,127,125,145,192,207,0
141.923080,141.918365,105,254,211,255,191,4,57,163,1,151,127,125,145,192,207,0
142.087906,142.086548,105,255,211,255,191,4,53,163,129,151,127,125,145,192,207,0
142.307693,142.254990,104,254,211,255,192,4,61,163,129,151,127,125,145,192,207,0
142.472534,142.418747,104,254,211,255,192,4,61,163,129,151,127,125,145,192,207,0
142.582413,142.582123,105,254,211,255,192,4,51,163,1,151,127,125,145,192,207,0
142.802200,142.750427,104,255,211,255,192,4,54,163,129,151,127,125,145,192,207,0
142.967026,142.918701,105,255,211,255,192,4,54,163,1,151,127,125,145,192,207,0
143.131866,143.087006,104,255,211,255,191,4,57,163,1,151,127,125,145,192,207,0
143.296707,143.250565,104,255,211,255,191,4,50,163,129,151,127,125,145,192,207,0
143.461533,143.419449,105,254,211,255,192,4,54,163,129,151,127,125,145,192,207,0
143.626373,143.583176,104,254,211,255,191,4,51,163,1,151,127,125,145,192,207,0
143.791214,143.751434,105,255,211,255,191,4,51,163,129,151,127,125,145,192,207,0
143.956039,143.919861,105,255,211,255,192,4,53,163,129,151,127,125,145,192,207,0
144.120880,144.083710,104,255,211,255,191,4,57,163,1,151,127,125,145,192,207,0
144.285721,144.252243,105,255,211,255,191,4,49,163,1,151,127,125,145,192,207,0
144.450546,144.416031,105,255,211,255,191,4,49,163,1,151,127,125,145,192,207,0
144.615387,144.579727,105,255,211,255,191,4,48,163,1,151,127,125,145,192,207,0
144.780212,144.743546,105,254,211,255,191,4,45,163,1,151,127,125,145,192,207,0
144.945053,144.907303,105,255,211,255,192,3,44,163,129,151,127,125,145,192,207,0
145.109894,145.075775,105,255,211,255,191,4,41,163,129,151,127,125,145,192,207,0
145.274719,145.239517,105,255,211,255,192,4,43,163,1,151,127,125,145,192,207,0
145.439560,145.408707,105,255,211,255,191,4,45,163,129,151,127,125,145,192,207,0
145.604401,145.577118,105,254,211,255,192,4,45,163,129,151,127,125,145,192,207,0
145.769226,145.740906,105,255,211,255,192,4,46,163,1,151,127,125,145,192,207,0
145.934067,145.909409,105,255,211,255,192,4,48,163,1,151,127,125,145,192,207,0
146.098907,146.073227,105,255,211,255,192,4,45,163,129,151,127,125,145,192,207,0
146.263733,146.241699,105,255,211,255,190,4,51,163,1,151,127,125,145,192,207,0
146.428574,146.410126,105,254,211,255,191,4,49,163,1,151,127,125,145,192,207,0
146.593399,146.574051,104,254,211,255,191,4,53,163,129,151,127,125,145,192,207,0
146.758240,146.742538,105,255,211,255,191,4,52,163,129,151,127,125,145,192,207,0
146.923080,146.906296,105,254,211,255,192,4,53,163,1,151,127,125,145,192,207,0
147.087906,147.074661,104,254,211,255,190,4,55,163,129,151,127,125,145,192,207,0
147.252747,147.243225,104,255,211,255,192,4,55,163,129,151,127,125,145,192,207,0
147.417587,147.407654,104,254,212,255,191,4,47,163,1,151,127,125,145,192,207,0
147.582413,147.576035,104,254,212,255,191,4,48,163,1,151,127,125,145,192,207,0
147.747253,147.739899,105,254,212,255,191,4,53,163,129,151,127,125,145,192,207,0
147.912094,147.908112,104,254,212,255,191,4,52,163,1,151,127,125,145,192,207,0
148.131866,148.076553,104,254,212,255,192,4,59,163,1,151,127,125,145,192,207,0
148.241760,148.239960,104,254,212,255,191,4,53,163,129,151,127,125,145,192,207,0
148.461533,148.408401,104,255,212,255,191,4,57,163,129,151,127,125,145,192,207,0
148.626373,148.572052,104,255,212,255,192,4,56,163,1,151,127,125,145,192,207,0
148.791214,148.740326,105,254,212,255,191,4,56,163,1,151,127,125,145,192,207,0
148.956039,148.903854,104,254,212,255,192,4,55,163,129,151,127,125,145,192,207,0
149.120880,149.072159,104,254,212,255,191,4,59,163,129,151,127,125,145,192,207,0
149.285721,149.236450,104,255,212,255,192,4,63,163,1,151,127,125,145,192,207,0
149.450546,149.404617,105,255,212,255,191,4,60,163,129,151,127,125,145,192,207,0
149.615387,149.572937,105,255,212,255,190,4,60,163,129,151,127,125,145,192,207,0
149.780212,149.736603,104,255,212,255,191,4,62,163,1,151,127,125,145,192,207,0
149.945053,149.904907,104,254,212,255,192,4,55,163,1,151,127,125,145,192,207,0
150.109894,150.068527,104,254,212,255,191,4,59,163,129,151,127,125,145,192,207,0
150.274719,150.236938,104,254,212,255,192,4,63,163,129,151,127,125,145,192,207,0
150.439560,150.400696,104,254,212,255,191,4,62,163,1,151,127,125,145,192,207,0
150.604401,150.569107,104,254,212,255,190,4,62,163,129,151,127,125,145,192,207,0
150.769226,150.737579,105,254,212,255,192,4,62,163,129,151,127,125,145,192,207,0
150.934067,150.901459,105,255,212,255,190,4,62,163,1,151,127,125,145,192,207,0
151.098907,151.069901,104,255,212,255,191,4,53,163,1,151,127,125,145,192,207,0
151.263733,151.234222,104,255,212,255,192,4,55,163,129,151,127,125,145,192,207,0
151.428574,151.402527,104,254,212,255,192,4,50,163,1,151,127,125,145,192,207,0
151.593399,151.570969,104,254,212,255,191,4,52,163,1,151,127,125,145,192,207,0
151.758240,151.734787,105,254,212,255,191,4,51,163,129,151,127,125,145,192,207,0
151.923080,151.903076,104,254,212,255,191,4,51,163,129,151,127,125,145,192,207,0
152.087906,152.066910,104,254,212,255,192,4,50,163,1,151,127,125,145,192,207,0
152.252747,152.235413,1,255,212,255,191,5,51,163,1,151,127,125,145,192,207,0
152.417587,152.399216,105,254,212,255,190,4,50,163,129,151,127,125,145,192,207,0
152.582413,152.567596,104,255,212,255,191,4,52,163,129,151,127,125,145,192,207,0
152.747253,152.731354,104,255,213,255,192,4,57,163,1,151,127,125,145,192,207,0
152.912094,152.899796,105,254,212,255,191,4,57,163,129,151,127,125,145,192,207,0
153.076920,153.068192,104,255,212,255,190,4,59,163,1,151,127,125,145,192,207,0
153.241760,153.236435,104,255,212,255,192,4,55,163,1,151,127,125,145,192,207,0
153.406601,153.400024,104,255,213,255,191,4,58,163,129,151,127,125,145,192,207,0
153.626373,153.568451,105,255,212,255,191,4,60,163,129,151,127,125,145,192,207,0
153.736267,153.731918,104,255,212,255,191,3,62,163,1,151,127,125,145,192,207,0
153.956039,153.900391,104,255,213,255,191,4,63,163,1,151,127,125,145,192,207,0
154.120880,154.064117,104,255,212,255,192,4,64,163,129,151,127,125,145,192,207,0
154.285721,154.232330,104,254,212,255,191,4,57,163,1,151,127,125,145,192,207,0
154.450546,154.400528,104,255,213,255,191,4,56,163,1,151,127,125,145,192,207,0
154.615387,154.564194,105,255,212,255,191,4,58,163,129,151,127,125,145,192,207,0
154.780212,154.732559,105,255,213,255,191,4,64,163,1,151,127,125,145,192,207,0
154.945053,154.900925,105,254,213,255,191,4,66,164,1,151,127,125,145,192,207,0
155.109894,155.064560,105,255,213,255,191,4,66,164,129,151,127,125,145,192,207,0
155.274719,155.233154,105,255,213,255,190,4,67,164,129,151,127,125,145,192,207,0
155.439560,155.396759,106,255,213,255,192,4,54,165,1,151,127,125,145,192,207,0
155.604401,155.565186,107,254,212,255,191,4,0,166,129,151,127,125,145,192,207,0
155.769226,155.733643,108,255,212,255,190,4,0,169,129,151,127,125,145,192,207,0
155.934067,155.897476,113,254,213,255,191,4,24,176,1,151,127,125,145,192,207,0
156.098907,156.065948,116,255,213,255,190,4,63,182,1,151,127,125,145,192,207,0
156.263733,156.229797,120,255,212,255,191,4,76,184,129,151,127,125,145,192,207,0
156.428574,156.398270,122,255,213,255,192,4,89,190,1,151,127,125,145,192,207,0
156.593399,156.566757,124,255,213,255,189,4,99,194,1,151,127,125,145,192,207,0
156.758240,156.730743,125,254,212,255,190,4,107,194,129,151,127,125,145,192,207,0
156.923080,156.899185,126,255,213,255,189,4,112,195,129,151,127,125,145,192,207,0
157.087906,157.062973,127,255,212,255,190,4,112,198,1,151,127,125,145,192,207,0
157.252747,157.231979,64,0,213,255,191,5,106,198,1,151,127,125,145,192,207,0
157.417587,157.395676,129,255,213,255,191,5,98,199,129,151,127,125,145,192,207,0
157.582413,157.564224,127,255,212,255,191,5,30,199,1,151,127,125,145,192,207,0
157.747253,157.732590,128,254,213,255,192,5,147,200,1,151,127,125,145,192,207,0
157.912094,157.896515,128,255,213,255,191,4,147,200,129,151,127,125,145,192,207,0
158.076920,158.065002,128,255,213,255,192,5,147,199,129,151,127,125,145,192,207,0
158.241760,158.228729,128,255,212,255,192,3,146,200,1,151,127,125,145,192,207,0
158.406601,158.397018,128,255,212,255,192,5,146,199,1,151,127,125,145,192,207,0
158.571426,158.560867,127,255,212,255,191,4,146,199,129,151,127,125,145,192,207,0
158.736267,158.729187,127,255,211,255,192,5,146,199,1,151,127,125,145,192,207,0
158.956039,158.897675,124,255,211,255,192,3,146,194,1,151,127,125,145,192,207,0
159.120880,159.061264,111,255,210,255,193,4,146,180,129,151,127,125,145,192,207,0
159.285721,159.230240,107,255,210,255,195,3,146,166,1,151,127,125,145,192,207,0
159.450546,159.398666,106,254,210,255,194,4,146,165,1,151,127,125,145,192,207,0
159.615387,159.562424,106,254,209,255,194,4,146,165,134,151,127,125,145,192,207,0
159.780212,159.744675,105,255,208,255,194,4,146,164,0,151,127,125,145,192,207,0
159.945053,159.922272,105,254,208,255,194,4,146,164,0,151,127,125,145,192,207,0
160.109894,160.086136,105,255,207,255,194,3,146,164,134,151,127,125,145,192,207,0
160.274719,160.263779,105,255,206,255,194,4,146,164,128,151,127,125,145,192,207,0
160.494507,160.436905,105,255,206,255,193,4,146,164,128,151,127,125,145,192,207,0
160.659348,160.600586,105,255,205,255,194,4,146,164,0,151,127,125,145,192,207,0
160.824173,160.768768,105,255,204,255,178,4,146,164,128,151,127,125,145,192,207,0
160.989014,160.937210,105,255,203,255,108,4,146,164,128,151,127,125,145,192,207,0
161.153839,161.101532,105,254,203,255,52,4,146,164,0,151,127,125,145,192,207,0
161.318680,161.269897,105,255,201,255,23,4,146,164,128,151,127,125,145,192,207,0
161.483521,161.438156,105,255,200,255,23,4,146,163,128,151,127,125,145,192,207,0
161.648346,161.601700,105,255,199,255,24,4,146,163,0,151,127,125,145,192,207,0
161.813187,161.770203,105,254,198,255,23,4,146,163,128,151,127,125,145,192,207,0
161.978027,161.938599,105,255,198,255,24,4,146,164,128,151,127,125,145,192,207,0
162.142853,162.102417,105,255,196,255,23,4,146,163,0,151,127,125,145,192,207,0
162.307693,162.270798,105,254,195,255,24,3,146,164,0,151,127,125,145,192,207,0
162.472534,162.434616,105,255,194,255,24,3,146,164,128,151,127,125,145,192,207,0
162.637360,162.602997,105,254,192,255,24,4,146,164,0,151,127,125,145,192,207,0
162.802200,162.771423,105,255,192,255,25,4,146,163,0,151,127,125,145,192,207,0
162.967026,162.935028,105,255,190,255,24,4,146,164,128,151,127,125,145,192,207,0
163.131866,163.104111,105,254,189,255,25,3,146,164,0,151,127,125,145,192,207,0
163.296707,163.272614,105,255,189,255,25,3,146,164,0,151,127,125,145,192,207,0
163.461533,163.436417,105,254,186,255,25,4,145,164,128,151,127,125,145,192,207,0
163.626373,163.604706,105,254,186,255,25,4,146,164,128,151,127,125,145,192,207,0
163.791214,163.768494,105,254,186,255,25,4,146,164,128,151,127,125,145,192,207,0
163.956039,163.932266,105,254,183,255,25,4,145,164,0,151,127,125,145,192,207,0
164.120880,164.100616,105,255,182,255,25,3,145,164,128,151,127,125,145,192,207,0
164.285721,164.269150,105,255,180,255,25,4,145,164,0,151,127,125,145,192,207,0
164.450546,164.437592,105,254,179,255,26,3,145,164,0,151,127,125,145,192,207,0
164.615387,164.601486,105,255,178,255,25,3,145,164,128,151,127,125,145,192,207,0
164.780212,164.769897,105,255,175,255,26,4,145,164,0,151,127,125,145,192,207,0
165.000000,164.938293,105,255,173,255,26,4,145,164,0,151,127,125,145,192,207,0
165.109894,165.101761,105,254,172,255,26,4,145,164,128,151,127,125,145,192,207,0
165.329666,165.270218,105,254,170,255,25,4,145,164,128,151,127,125,145,192,207,0
165.494507,165.433945,105,255,168,255,28,4,145,164,0,151,127,125,145,192,207,0
165.659348,165.602158,105,254,167,255,28,4,145,164,128,151,127,125,145,192,207,0
165.824173,165.770477,105,254,166,255,27,4,145,164,128,151,127,125,145,192,207,0
165.989014,165.934174,105,255,164,255,27,4,145,164,0,151,127,125,145,192,207,0
166.153839,166.102646,105,255,162,255,27,4,145,164,0,151,127,125,145,192,207,0
166.318680,166.266312,105,255,155,255,27,4,145,164,128,151,127,125,145,192,207,0
166.483521,166.434570,105,255,141,255,27,4,145,164,0,151,127,125,145,192,207,0
166.648346,166.602921,105,254,137,255,28,3,145,164,0,151,127,125,145,192,207,0
166.813187,166.766891,105,255,134,255,28,4,145,164,0,151,127,125,145,192,207,0
166.978027,166.930817,105,255,119,255,27,4,145,164,128,151,127,125,145,192,207,0
167.142853,167.100159,105,255,108,255,28,4,145,164,0,151,127,125,145,192,207,0
167.307693,167.268982,105,254,95,255,28,4,145,164,0,151,127,125,145,192,207,0
167.472534,167.433258,105,254,91,255,27,4,145,164,128,151,127,125,145,192,207,0
167.637360,167.602020,105,255,71,255,27,4,145,164,0,151,127,125,145,192,207,0
167.802200,167.770782,105,254,65,255,28,3,145,164,0,151,127,125,145,192,207,0
167.967026,167.934906,0,254,53,255,27,4,145,164,0,151,127,125,145,192,207,0
168.131866,168.099060,127,255,46,255,78,4,145,163,129,151,127,125,145,192,207,0
168.296707,168.272507,127,255,38,255,125,4,145,163,1,151,127,125,145,192,207,0
168.461533,168.441330,0,254,28,214,185,3,145,163,0,151,127,125,145,192,207,0
168.626373,168.610138,0,254,26,202,193,4,145,164,128,151,127,125,145,192,207,0
168.791214,168.778625,127,254,18,141,193,4,145,163,0,151,127,125,145,192,207,0
169.010986,168.947495,127,254,18,141,193,4,145,163,0,151,127,125,145,192,207,0
169.175827,169.112015,127,254,18,141,193,4,145,163,0,151,127,125,145,192,207,0
169.285721,169.276001,127,254,18,141,193,4,145,163,0,151,127,125,145,192,207,0
169.450546,169.439850,127,254,18,141,193,4,145,163,0,151,127,125,145,192,207,0
169.615387,169.603851,127,254,18,141,193,4,145,163,0,151,127,125,145,192,207,0
169.780212,169.767868,127,254,18,141,193,4,145,163,0,151,127,125,145,192,207,0
169.945053,169.931793,70,254,18,141,193,4,145,163,0,151,127,125,145,192,207,0
170.109894,170.095947,70,254,18,141,193,4,145,163,0,151,127,125,145,192,207,0
170.274719,170.260101,70,254,18,141,193,4,145,163,0,151,127,125,145,192,207,0
170.439560,170.424225,70,254,18,141,193,4,145,163,0,151,127,125,145,192,207,0
170.604401,170.588318,70,254,18,141,193,4,145,163,0,151,127,125,145,192,207,0
