0.000000,0.000000,124,255,255,255,192,8,72,200,129,151,127,125,145,192,207,0
0.219780,0.191606,124,255,255,255,192,8,72,200,129,151,127,125,145,192,207,0
0.384615,0.382299,124,255,255,255,192,8,72,200,129,151,127,125,145,192,207,0
0.604396,0.573399,124,255,255,255,192,8,72,200,129,151,127,125,145,192,207,0
0.769231,0.764207,124,255,255,255,192,8,72,200,129,151,127,125,145,192,207,0
0.989011,0.955230,124,255,255,255,192,8,72,200,129,151,127,125,145,192,207,0
1.153846,1.146084,124,255,255,255,192,8,72,200,129,151,127,125,145,192,207,0
1.373626,1.337089,124,255,255,255,192,8,72,200,129,151,127,125,145,192,207,0
1.538462,1.527953,124,255,255,255,192,8,72,200,129,151,127,125,145,192,207,0
1.703297,1.718925,124,255,255,255,192,8,72,200,129,151,127,125,145,192,207,0
1.923077,1.909907,124,255,255,255,192,8,72,200,129,151,127,125,145,192,207,0
2.087912,2.101442,124,255,255,255,192,8,72,200,129,151,127,125,145,192,207,0
2.307692,2.292465,124,255,255,255,192,8,72,200,129,151,127,125,145,192,207,0
2.472528,2.483301,217,255,255,255,192,8,72,200,129,151,127,125,145,192,207,0
2.692308,2.674246,217,255,255,255,192,8,72,200,129,151,127,125,145,192,207,0
2.857143,2.864942,217,255,255,255,192,8,72,200,129,151,127,125,145,192,207,0
3.076923,3.055796,217,255,255,255,192,8,72,200,129,151,127,125,145,192,207,0
3.241758,3.246657,217,255,255,255,192,8,72,200,129,151,127,125,145,192,207,0
3.461539,3.437748,217,255,255,255,192,8,72,200,129,151,127,125,145,192,207,0
3.626374,3.628509,217,255,255,255,192,8,72,200,129,151,127,125,145,192,207,0
3.846154,3.819582,217,255,255,255,192,8,72,200,129,151,127,125,145,192,207,0
4.010989,4.010370,217,255,255,255,192,8,72,200,129,151,127,125,145,192,207,0
4.230769,4.202093,217,255,255,255,192,8,72,200,129,151,127,125,145,192,207,0
4.395605,4.392932,217,255,255,255,192,8,72,200,129,151,127,125,145,192,207,0
4.615385,4.584023,217,255,255,255,192,8,72,200,129,151,127,125,145,192,207,0
4.780220,4.774660,217,255,255,255,192,8,72,200,129,151,127,125,145,192,207,0
5.000000,4.965667,115,0,8,62,193,7,148,179,1,151,127,125,145,192,207,0
5.164835,5.133901,127,255,8,63,193,7,148,179,129,151,127,125,145,192,207,0
5.329670,5.302108,115,255,27,223,188,7,118,180,1,151,127,125,145,192,207,0
5.494505,5.470336,0,254,236,255,192,8,74,179,1,151,127,125,145,192,207,0
5.659341,5.633930,129,254,255,255,192,7,96,199,129,151,127,125,145,192,207,0
5.824176,5.802231,127,255,255,255,194,8,24,198,129,151,127,125,145,192,207,0
5.989011,5.965881,0,254,255,255,193,7,89,199,1,151,127,125,145,192,207,0
6.153846,6.134893,0,254,255,255,192,7,69,201,1,151,127,125,145,192,207,0
6.318681,6.298540,127,255,255,255,192,7,82,199,129,151,127,125,145,192,207,0
6.483517,6.467119,127,255,255,255,193,7,86,200,1,151,127,125,145,192,207,0
6.648352,6.635452,0,254,255,255,191,7,71,199,1,151,127,125,145,192,207,0
6.813187,6.799172,127,254,255,255,190,8,73,199,129,151,127,125,145,192,207,0
6.978022,6.967571,0,255,255,255,191,8,59,199,129,151,127,125,145,192,207,0
7.142857,7.131390,127,253,255,255,190,7,72,199,1,151,127,125,145,192,207,0
7.307693,7.299774,0,254,255,255,192,7,64,199,129,151,127,125,145,192,207,0
7.472528,7.468245,127,250,255,255,192,6,62,199,129,151,127,125,145,192,207,0
7.637362,7.632009,0,219,255,255,192,6,62,199,129,151,127,125,145,192,207,0
7.802198,7.795778,0,186,255,255,192,8,73,198,1,151,127,125,145,192,207,0
7.967033,7.964241,0,178,255,255,192,8,80,199,129,151,127,125,145,192,207,0
8.131868,8.133417,0,161,255,255,192,6,55,200,1,151,127,125,145,192,207,0
8.296703,8.302003,127,155,255,255,192,8,62,199,1,151,127,125,145,192,207,0
8.461538,8.465824,127,155,255,255,192,8,62,199,1,151,127,125,145,192,207,0
8.626373,8.629627,127,142,255,255,192,7,76,200,129,151,127,125,145,192,207,0
8.791209,8.798067,0,137,255,255,193,7,75,200,1,151,127,125,145,192,207,0
8.956044,8.966438,0,134,255,255,192,7,67,200,129,151,127,125,145,192,207,0
9.120879,9.134727,127,133,255,255,192,7,64,200,129,151,127,125,145,192,207,0
9.285714,9.298214,0,130,255,255,191,6,66,200,1,151,127,125,145,192,207,0
9.505494,9.466634,0,129,255,255,191,7,55,200,129,151,127,125,145,192,207,0
9.670330,9.634910,127,127,255,255,192,8,51,199,129,151,127,125,145,192,207,0
9.835165,9.798514,127,128,255,255,193,7,50,199,1,151,127,125,145,192,207,0
10.000000,9.967404,0,127,255,255,192,7,51,200,1,151,127,125,145,192,207,0
10.164835,10.131095,128,127,255,255,192,7,62,200,129,151,127,125,145,192,207,0
10.329670,10.305173,128,126,255,255,192,7,65,199,1,151,127,125,145,192,207,0
10.494506,10.473599,128,127,255,255,191,7,66,199,1,151,127,125,145,192,207,0
10.659341,10.637521,128,127,255,255,191,7,66,199,1,151,127,125,145,192,207,0
10.824176,10.801365,128,127,255,255,192,6,60,200,129,151,127,125,145,192,207,0
10.989011,10.969862,129,127,255,255,192,6,45,199,1,151,127,125,145,192,207,0
11.153846,11.138205,128,127,255,255,192,7,41,199,129,151,127,125,145,192,207,0
11.318682,11.306642,128,127,255,255,192,7,41,199,129,151,127,125,145,192,207,0
11.483517,11.470340,191,127,255,255,191,6,45,200,1,151,127,125,145,192,207,0
11.648352,11.638733,128,127,255,255,192,7,50,200,1,151,127,125,145,192,207,0
11.813187,11.802450,128,127,255,255,192,6,49,200,129,151,127,125,145,192,207,0
11.978022,11.971482,128,127,255,255,191,6,54,200,1,151,127,125,145,192,207,0
12.142858,12.139903,128,127,255,255,192,6,50,199,1,151,127,125,145,192,207,0
12.307693,12.303741,129,127,255,255,192,6,50,199,129,151,127,125,145,192,207,0
12.472528,12.472188,128,127,255,255,191,7,54,199,129,151,127,125,145,192,207,0
12.637362,12.636047,128,127,255,255,191,6,50,200,1,151,127,125,145,192,207,0
12.802197,12.804566,128,127,255,255,191,6,50,200,1,151,127,125,145,192,207,0
12.967033,12.968514,128,127,255,255,192,7,49,200,129,151,127,125,145,192,207,0
13.131868,13.136911,128,127,255,255,191,6,54,200,1,151,127,125,145,192,207,0
13.296703,13.305358,64,127,255,255,192,7,53,198,1,151,127,125,145,192,207,0
13.461538,13.469163,64,127,255,255,192,7,53,198,1,151,127,125,145,192,207,0
13.626373,13.632918,64,127,255,255,192,7,53,198,1,151,127,125,145,192,207,0
13.791209,13.796793,128,127,255,255,192,7,66,200,1,151,127,125,145,192,207,0
13.956044,13.961258,128,127,255,255,191,6,68,199,129,151,127,125,145,192,207,0
14.120879,14.129647,129,127,255,255,194,7,73,199,129,151,127,125,145,192,207,0
14.285714,14.293544,128,127,255,255,192,7,68,199,1,151,127,125,145,192,207,0
14.450549,14.461843,128,127,255,255,192,7,68,199,1,151,127,125,145,192,207,0
14.615385,14.625482,127,127,255,255,192,6,61,198,129,151,127,125,145,192,207,0
14.835165,14.793899,128,126,255,255,192,7,58,199,1,151,127,125,145,192,207,0
15.000000,14.962183,64,127,255,255,193,7,57,198,1,151,127,125,145,192,207,0
15.164835,15.125756,127,127,255,255,192,7,55,198,129,151,127,125,145,192,207,0
15.329670,15.294090,128,127,255,255,192,7,57,199,129,151,127,125,145,192,207,0
15.494506,15.457732,127,127,255,255,191,6,58,197,1,151,127,125,145,192,207,0
15.659341,15.625970,127,127,255,255,191,7,63,198,129,151,127,125,145,192,207,0
15.824176,15.794371,127,126,255,255,192,6,65,198,129,151,127,125,145,192,207,0
15.989011,15.958110,127,127,255,255,192,7,67,197,1,151,127,125,145,192,207,0
16.153847,16.126419,126,127,255,255,192,7,68,196,129,151,127,125,145,192,207,0
16.318682,16.294823,125,127,255,255,192,6,68,195,129,151,127,125,145,192,207,0
16.483517,16.458643,124,127,255,255,191,7,69,192,1,151,127,125,145,192,207,0
16.648352,16.627039,119,127,255,255,191,7,69,192,1,151,127,125,145,192,207,0
16.813187,16.790777,117,127,255,255,194,7,67,182,129,151,127,125,145,192,207,0
16.978022,16.959291,116,127,255,255,194,7,67,182,129,151,127,125,145,192,207,0
17.142857,17.123102,116,127,255,255,194,7,65,181,1,151,127,125,145,192,207,0
17.307692,17.291595,116,127,255,255,194,7,64,181,129,151,127,125,145,192,207,0
17.472527,17.459991,116,127,255,255,194,6,63,181,129,151,127,125,145,192,207,0
17.637363,17.623741,116,127,255,255,194,7,64,180,1,151,127,125,145,192,207,0
17.802198,17.792154,116,127,255,255,192,7,64,180,129,151,127,125,145,192,207,0
17.967033,17.961189,116,127,255,255,192,7,64,180,129,151,127,125,145,192,207,0
18.131868,18.125069,116,127,255,255,192,7,60,180,1,151,127,125,145,192,207,0
18.296703,18.293640,116,127,255,255,192,7,64,180,1,151,127,125,145,192,207,0
18.461538,18.457441,116,127,255,255,192,7,56,180,129,151,127,125,145,192,207,0
18.626373,18.625868,116,127,255,255,192,7,61,180,1,151,127,125,145,192,207,0
18.791208,18.794380,116,126,255,255,191,6,56,180,1,151,127,125,145,192,207,0
18.956043,18.958120,116,127,255,255,191,6,56,180,1,151,127,125,145,192,207,0
19.120878,19.121964,116,126,255,255,191,7,60,180,129,151,127,125,145,192,207,0
19.285715,19.290470,116,126,255,255,191,7,60,180,129,151,127,125,145,192,207,0
19.450550,19.454304,116,127,255,255,191,7,61,180,1,151,127,125,145,192,207,0
19.615385,19.622606,116,127,255,255,192,6,62,180,129,151,127,125,145,192,207,0
19.780220,19.790831,116,127,255,255,191,7,61,180,129,151,127,125,145,192,207,0
19.945055,19.955139,116,127,255,255,190,7,63,180,1,151,127,125,145,192,207,0
20.164835,20.123648,116,127,255,255,191,7,63,180,1,151,127,125,145,192,207,0
20.329670,20.287144,115,127,255,255,192,7,63,179,129,151,127,125,145,192,207,0
20.494505,20.455301,115,127,255,255,190,7,62,179,1,151,127,125,145,192,207,0
20.659340,20.623667,115,127,255,255,191,7,63,179,129,151,127,125,145,192,207,0
20.824175,20.791941,115,127,255,255,190,6,58,179,129,151,127,125,145,192,207,0
20.989012,20.955563,115,127,255,255,190,7,61,179,1,151,127,125,145,192,207,0
21.153847,21.123848,115,127,255,255,191,6,58,179,1,151,127,125,145,192,207,0
21.318682,21.287462,115,127,255,255,190,7,55,179,129,151,127,125,145,192,207,0
21.483517,21.455759,115,127,255,255,190,7,57,179,1,151,127,125,145,192,207,0
21.648352,21.624186,115,127,255,255,191,7,56,178,1,151,127,125,145,192,207,0
21.813187,21.788034,115,127,255,255,190,6,54,179,129,151,127,125,145,192,207,0
21.978022,21.957127,115,127,255,255,191,7,54,179,129,151,127,125,145,192,207,0
22.142857,22.120901,115,127,255,255,192,7,57,178,1,151,127,125,145,192,207,0
22.307692,22.289490,115,127,255,255,190,7,57,178,129,151,127,125,145,192,207,0
22.472527,22.457956,115,126,255,255,191,7,63,178,129,151,127,125,145,192,207,0
22.637363,22.622021,115,127,255,255,191,7,62,178,1,151,127,125,145,192,207,0
22.802198,22.790451,115,127,255,255,191,7,58,178,1,151,127,125,145,192,207,0
22.967033,22.954279,114,127,255,255,191,6,54,178,129,151,127,125,145,192,207,0
23.131868,23.122789,114,127,255,255,192,7,57,178,1,151,127,125,145,192,207,0
23.296703,23.291153,114,127,255,255,191,7,56,178,1,151,127,125,145,192,207,0
23.461538,23.454948,114,127,255,255,191,7,57,177,129,151,127,125,145,192,207,0
23.626373,23.623356,114,127,255,255,191,6,57,177,1,151,127,125,145,192,207,0
23.791208,23.791836,114,127,255,255,190,7,58,177,1,151,127,125,145,192,207,0
23.956043,23.956238,114,127,255,255,192,7,57,177,129,151,127,125,145,192,207,0
24.120878,24.124588,114,127,255,255,192,7,57,177,129,151,127,125,145,192,207,0
24.285715,24.288425,114,127,255,255,191,6,60,177,1,151,127,125,145,192,207,0
24.450550,24.456619,114,127,255,255,192,7,57,177,1,151,127,125,145,192,207,0
24.615385,24.620447,114,127,255,255,192,6,60,177,129,151,127,125,145,192,207,0
24.780220,24.788654,114,127,254,255,191,7,59,177,1,151,127,125,145,192,207,0
25.000000,24.957058,114,126,255,255,192,6,63,177,1,151,127,125,145,192,207,0
25.164835,25.120684,114,127,255,255,192,7,61,177,129,151,127,125,145,192,207,0
25.329670,25.288960,114,127,254,255,192,6,66,177,129,151,127,125,145,192,207,0
25.494505,25.452572,114,127,254,255,191,7,63,177,1,151,127,125,145,192,207,0
25.659340,25.620783,114,126,254,255,192,7,66,177,129,151,127,125,145,192,207,0
25.824175,25.789549,114,127,254,255,190,7,65,177,129,151,127,125,145,192,207,0
25.989012,25.953127,114,127,254,255,192,6,62,177,1,151,127,125,145,192,207,0
26.153847,26.121492,114,127,254,255,192,7,68,177,1,151,127,125,145,192,207,0
26.318682,26.285088,114,127,254,255,192,6,62,177,129,151,127,125,145,192,207,0
26.483517,26.453463,114,127,254,255,192,7,66,177,1,151,127,125,145,192,207,0
26.648352,26.621983,114,127,255,255,192,7,59,177,1,151,127,125,145,192,207,0
26.813187,26.785782,114,127,253,255,190,6,62,177,129,151,127,125,145,192,207,0
26.978022,26.954235,114,127,254,255,191,7,57,177,129,151,127,125,145,192,207,0
27.142857,27.118013,114,127,254,255,192,6,62,177,1,151,127,125,145,192,207,0
27.307692,27.286469,114,127,254,255,192,6,62,177,1,151,127,125,145,192,207,0
27.472527,27.450251,114,127,254,255,192,6,61,177,129,151,127,125,145,192,207,0
27.637363,27.618757,114,126,254,255,190,7,62,177,1,151,127,125,145,192,207,0
27.802198,27.787846,114,126,254,255,190,7,62,177,1,151,127,125,145,192,207,0
27.967033,27.951538,114,127,254,255,191,7,64,178,129,151,127,125,145,192,207,0
28.131868,28.119942,114,127,254,255,191,7,63,177,1,151,127,125,145,192,207,0
28.296703,28.288357,114,127,254,255,192,6,61,177,1,151,127,125,145,192,207,0
28.461538,28.452208,114,127,254,255,192,7,66,177,129,151,127,125,145,192,207,0
28.626373,28.620676,114,127,254,255,191,7,62,177,129,151,127,125,145,192,207,0
28.791208,28.784428,114,127,253,255,191,7,63,178,1,151,127,125,145,192,207,0
28.956043,28.952858,114,126,254,255,191,6,61,177,129,151,127,125,145,192,207,0
29.120878,29.121305,114,127,253,255,192,7,60,177,129,151,127,125,145,192,207,0
29.285715,29.285034,114,127,253,255,191,7,60,177,1,151,127,125,145,192,207,0
29.450550,29.453503,114,127,253,255,191,7,59,177,1,151,127,125,145,192,207,0
29.615385,29.617329,114,126,253,255,192,7,64,177,129,151,127,125,145,192,207,0
29.945055,29.928137,114,127,253,255,192,7,63,177,1,151,127,125,145,192,207,0
30.109890,30.096712,114,127,253,255,191,7,58,177,129,151,127,125,145,192,207,0
30.274725,30.265047,114,127,253,255,191,7,66,177,129,151,127,125,145,192,207,0
30.439560,30.428787,114,127,253,255,191,6,62,177,1,151,127,125,145,192,207,0
30.604395,30.597263,114,126,253,255,190,7,64,177,1,151,127,125,145,192,207,0
30.769230,30.761009,114,127,253,255,191,7,67,177,129,151,127,125,145,192,207,0
30.934067,30.929380,114,127,253,255,190,7,66,177,1,151,127,125,145,192,207,0
31.098902,31.097862,114,127,253,255,192,7,61,177,1,151,127,125,145,192,207,0
31.263737,31.261595,114,128,253,255,191,7,62,177,129,151,127,125,145,192,207,0
31.428572,31.430021,114,127,253,255,191,6,57,177,1,151,127,125,145,192,207,0
31.593407,31.598368,114,127,253,255,192,7,62,177,1,151,127,125,145,192,207,0
31.758242,31.761957,114,127,253,255,191,7,59,177,129,151,127,125,145,192,207,0
31.978022,31.930439,113,126,253,255,191,6,60,176,129,151,127,125,145,192,207,0
32.087914,32.093903,113,127,253,255,192,6,64,176,1,151,127,125,145,192,207,0
32.307693,32.262379,113,127,253,255,191,7,67,176,6,151,127,125,145,192,207,0
32.472527,32.439854,113,127,253,255,192,6,63,176,134,151,127,125,145,192,207,0
32.637363,32.608391,113,127,252,255,191,6,64,176,0,151,127,125,145,192,207,0
32.802197,32.786163,113,126,252,255,192,7,67,176,6,151,127,125,145,192,207,0
32.967033,32.959160,113,126,252,255,192,7,67,176,6,151,127,125,145,192,207,0
33.131866,33.122929,113,126,252,255,191,7,69,177,0,151,127,125,145,192,207,0
33.296703,33.295971,114,127,253,255,192,7,68,177,0,151,127,125,145,192,207,0
33.461540,33.459595,114,127,252,255,190,6,68,177,128,151,127,125,145,192,207,0
33.626373,33.628162,114,127,252,255,158,6,78,177,128,151,127,125,145,192,207,0
33.791210,33.792561,114,127,252,255,128,6,89,177,0,151,127,125,145,192,207,0
33.956043,33.960857,115,127,252,255,136,6,115,178,128,151,127,125,145,192,207,0
34.175823,34.129364,114,127,253,255,139,7,109,178,128,151,127,125,145,192,207,0
34.340660,34.292953,115,127,252,255,155,7,88,178,0,151,127,125,145,192,207,0
34.505493,34.461117,115,127,252,255,159,7,77,178,0,151,127,125,145,192,207,0
34.670330,34.624706,115,127,252,255,166,7,73,178,128,151,127,125,145,192,207,0
34.835163,34.792923,115,126,252,255,166,7,72,179,0,151,127,125,145,192,207,0
35.000000,34.961205,115,127,252,255,164,6,62,179,0,151,127,125,145,192,207,0
35.164837,35.124775,115,127,252,255,162,6,67,179,0,151,127,125,145,192,207,0
35.329670,35.294102,115,126,252,255,149,6,69,179,128,151,127,125,145,192,207,0
35.494507,35.462532,116,127,252,255,145,7,76,179,0,151,127,125,145,192,207,0
35.659340,35.631031,115,127,252,255,164,7,68,180,129,151,127,125,145,192,207,0
35.824177,35.804703,116,127,251,255,194,6,60,180,129,151,127,125,145,192,207,0
35.989010,35.968445,116,127,251,255,193,6,33,180,1,151,127,125,145,192,207,0
36.153847,36.136837,116,127,251,255,193,7,37,180,1,151,127,125,145,192,207,0
36.318680,36.300549,116,127,251,255,193,6,37,180,129,151,127,125,145,192,207,0
36.483517,36.468880,116,127,251,255,192,7,48,180,1,151,127,125,145,192,207,0
36.648350,36.637325,115,127,251,255,190,7,43,180,1,151,127,125,145,192,207,0
36.813187,36.801033,115,127,251,255,192,7,45,180,129,151,127,125,145,192,207,0
36.978024,36.969498,115,127,251,255,191,6,46,179,129,151,127,125,145,192,207,0
37.142857,37.133293,115,127,251,255,192,6,43,179,1,151,127,125,145,192,207,0
37.307693,37.301857,115,127,251,255,191,7,43,179,1,151,127,125,145,192,207,0
37.472527,37.465740,115,127,250,255,191,7,40,179,129,151,127,125,145,192,207,0
37.637363,37.634243,115,127,251,255,191,7,39,178,1,151,127,125,145,192,207,0
37.802197,37.803162,114,127,251,255,192,7,43,178,1,151,127,125,145,192,207,0
37.967033,37.966949,114,127,251,255,192,7,42,178,129,151,127,125,145,192,207,0
38.131866,38.135155,114,127,251,255,192,7,48,177,1,151,127,125,145,192,207,0
38.351650,38.303627,114,127,250,255,191,6,46,178,1,151,127,125,145,192,207,0
38.516483,38.467255,114,127,251,255,193,7,49,177,129,151,127,125,145,192,207,0
38.681320,38.635551,114,126,251,255,192,6,55,177,129,151,127,125,145,192,207,0
38.846153,38.799160,114,127,250,255,191,7,54,177,1,151,127,125,145,192,207,0
39.010990,38.967400,114,127,251,255,192,7,60,177,1,151,127,125,145,192,207,0
39.175823,39.131172,113,127,250,255,191,7,59,177,129,151,127,125,145,192,207,0
39.340660,39.299477,113,127,250,255,191,6,62,176,1,151,127,125,145,192,207,0
39.505493,39.467762,113,126,250,255,191,6,59,176,1,151,127,125,145,192,207,0
39.670330,39.632092,113,126,251,255,192,6,66,176,129,151,127,125,145,192,207,0
39.835163,39.800411,113,127,251,255,193,7,62,176,1,151,127,125,145,192,207,0
40.000000,39.968895,113,127,251,255,193,7,68,176,1,151,127,125,145,192,207,0
40.164837,40.132698,113,127,250,255,191,6,67,176,1,151,127,125,145,192,207,0
40.329670,40.296341,113,127,250,255,192,6,69,176,129,151,127,125,145,192,207,0
40.494507,40.464756,113,127,250,255,192,6,72,176,1,151,127,125,145,192,207,0
40.659340,40.633144,113,127,250,255,192,7,78,176,129,151,127,125,145,192,207,0
40.824177,40.801559,114,126,250,255,192,7,73,177,129,151,127,125,145,192,207,0
40.989010,40.965294,114,127,250,255,191,7,77,177,1,151,127,125,145,192,207,0
41.153847,41.133698,114,127,250,255,192,6,79,177,1,151,127,125,145,192,207,0
41.318680,41.297302,114,127,250,255,191,6,80,177,129,151,127,125,145,192,207,0
41.483517,41.465725,114,127,250,255,191,7,79,178,1,151,127,125,145,192,207,0
41.648350,41.634819,114,127,250,255,191,7,84,178,1,151,127,125,145,192,207,0
41.813187,41.798782,114,127,250,255,192,6,81,178,129,151,127,125,145,192,207,0
41.978024,41.967319,115,127,250,255,190,7,85,178,129,151,127,125,145,192,207,0
42.142857,42.131184,115,127,250,255,190,7,85,178,129,151,127,125,145,192,207,0
42.307693,42.295010,115,127,250,255,191,7,82,179,129,151,127,125,145,192,207,0
42.472527,42.458733,115,127,250,255,190,6,80,179,129,151,127,125,145,192,207,0
42.637363,42.622620,115,127,250,255,191,7,80,179,1,151,127,125,145,192,207,0
42.802197,42.791027,115,126,250,255,191,6,73,179,1,151,127,125,145,192,207,0
42.967033,42.954895,115,127,250,255,191,7,70,179,129,151,127,125,145,192,207,0
43.131866,43.123440,115,127,249,255,191,7,68,179,129,151,127,125,145,192,207,0
43.296703,43.287292,115,127,250,255,190,6,70,180,1,151,127,125,145,192,207,0
43.461540,43.455849,116,127,249,255,191,7,65,180,129,151,127,125,145,192,207,0
43.626373,43.624901,116,127,250,255,190,7,65,180,129,151,127,125,145,192,207,0
43.791210,43.788704,116,126,249,255,191,6,69,180,1,151,127,125,145,192,207,0
43.956043,43.956890,116,127,249,255,191,7,66,180,129,151,127,125,145,192,207,0
44.175823,44.125412,116,127,249,255,192,6,63,180,129,151,127,125,145,192,207,0
44.340660,44.289089,116,127,249,255,189,7,62,180,1,151,127,125,145,192,207,0
44.505493,44.457279,116,127,249,255,191,6,64,180,1,151,127,125,145,192,207,0
44.670330,44.620872,116,126,249,255,191,6,63,180,129,151,127,125,145,192,207,0
44.835163,44.789112,116,127,249,255,191,7,58,180,1,151,127,125,145,192,207,0
45.000000,44.957439,116,127,249,255,191,7,58,180,1,151,127,125,145,192,207,0
45.164837,45.121124,116,127,249,255,191,7,58,180,1,151,127,125,145,192,207,0
45.329670,45.284794,116,127,249,255,190,7,60,180,129,151,127,125,145,192,207,0
45.494507,45.453072,116,127,249,255,190,7,54,180,1,151,127,125,145,192,207,0
45.659340,45.621574,116,127,249,255,192,7,58,180,1,151,127,125,145,192,207,0
45.824177,45.785187,116,127,249,255,191,6,57,180,129,151,127,125,145,192,207,0
45.989010,45.953651,116,127,248,255,191,7,54,180,129,151,127,125,145,192,207,0
46.153847,46.117306,116,127,248,255,190,6,55,179,1,151,127,125,145,192,207,0
46.318680,46.285717,116,127,248,255,190,7,56,180,129,151,127,125,145,192,207,0
46.483517,46.454300,115,127,248,255,191,7,59,180,129,151,127,125,145,192,207,0
46.648350,46.618069,115,127,248,255,192,7,59,180,1,151,127,125,145,192,207,0
46.813187,46.786438,115,127,248,255,192,7,54,179,129,151,127,125,145,192,207,0
46.978024,46.954868,115,127,248,255,192,7,58,179,129,151,127,125,145,192,207,0
47.142857,47.118729,115,127,247,255,190,7,55,179,1,151,127,125,145,192,207,0
47.307693,47.287102,115,127,247,255,191,6,57,179,1,151,127,125,145,192,207,0
47.472527,47.451000,115,127,247,255,191,6,57,179,1,151,127,125,145,192,207,0
47.637363,47.615471,115,127,248,255,191,7,53,179,1,151,127,125,145,192,207,0
47.802197,47.779282,115,127,247,255,190,6,50,178,1,151,127,125,145,192,207,0
47.967033,47.943081,114,127,247,255,191,7,57,178,129,151,127,125,145,192,207,0
48.131866,48.111591,115,127,247,255,192,6,53,178,129,151,127,125,145,192,207,0
48.296703,48.275414,115,127,247,255,191,7,56,178,1,151,127,125,145,192,207,0
48.461540,48.443855,114,127,247,255,191,7,50,178,1,151,127,125,145,192,207,0
48.626373,48.607662,114,127,247,255,190,7,55,178,129,151,127,125,145,192,207,0
48.791210,48.776112,115,127,247,255,192,7,54,178,1,151,127,125,145,192,207,0
48.956043,48.944584,115,127,247,255,192,6,61,178,1,151,127,125,145,192,207,0
49.120880,49.108463,114,126,247,255,190,6,57,178,129,151,127,125,145,192,207,0
49.285713,49.276855,114,127,247,255,192,7,60,178,1,151,127,125,145,192,207,0
49.450550,49.445313,115,127,247,255,191,7,64,178,1,151,127,125,145,192,207,0
49.615383,49.609734,114,127,247,255,191,6,61,178,129,151,127,125,145,192,207,0
49.780220,49.778011,114,127,247,255,191,6,61,178,129,151,127,125,145,192,207,0
49.945053,49.941639,114,127,247,255,191,6,61,178,1,151,127,125,145,192,207,0
50.109890,50.109890,114,127,247,255,192,6,61,178,129,151,127,125,145,192,207,0
50.329670,50.278366,115,127,247,255,191,6,59,178,129,151,127,125,145,192,207,0
50.494507,50.441898,115,127,247,255,192,6,67,178,1,151,127,125,145,192,207,0
50.659340,50.610050,115,127,247,255,191,7,61,178,1,151,127,125,145,192,207,0
50.824177,50.773602,114,127,247,255,191,7,54,178,129,151,127,125,145,192,207,0
50.989010,50.942310,115,127,247,255,191,7,60,178,129,151,127,125,145,192,207,0
134.285721,134.201950,109,255,234,255,191,6,66,169,129,151,127,125,145,192,207,0
134.450546,134.370728,109,255,234,255,193,6,66,169,129,151,127,125,145,192,207,0
134.615387,134.534927,109,255,234,255,193,5,65,169,1,151,127,125,145,192,207,0
134.780212,134.703201,109,255,234,255,193,5,66,169,1,151,127,125,145,192,207,0
134.945053,134.866806,108,253,234,255,192,6,69,169,129,151,127,125,145,192,207,0
135.109894,135.035141,109,254,234,255,191,6,68,169,129,151,127,125,145,192,207,0
135.274719,135.198761,109,255,234,255,192,5,65,169,1,151,127,125,145,192,207,0
135.439560,135.366928,108,255,234,255,193,6,68,169,1,151,127,125,145,192,207,0
135.604401,135.530502,109,255,234,255,192,6,66,169,129,151,127,125,145,192,207,0
135.769226,135.698837,109,255,234,255,192,6,66,169,129,151,127,125,145,192,207,0
135.934067,135.862289,109,255,234,255,192,6,66,169,129,151,127,125,145,192,207,0
136.098907,136.025940,109,254,235,255,192,6,67,169,129,151,127,125,145,192,207,0
136.263733,136.189651,109,255,234,255,193,6,67,169,1,151,127,125,145,192,207,0
136.428574,136.358002,109,254,235,255,194,5,66,169,1,151,127,125,145,192,207,0
136.593399,136.522385,109,254,234,255,192,6,62,169,129,151,127,125,145,192,207,0
136.758240,136.690918,109,255,234,255,192,5,64,170,129,151,127,125,145,192,207,0
136.923080,136.854523,109,255,234,255,193,5,68,169,1,151,127,125,145,192,207,0
137.087906,137.023010,109,254,234,255,194,5,68,169,129,151,127,125,145,192,207,0
137.252747,137.191467,109,254,234,255,192,6,66,169,129,151,127,125,145,192,207,0
137.417587,137.355301,108,255,234,255,194,6,62,169,1,151,127,125,145,192,207,0
137.582413,137.523727,109,255,234,255,192,6,61,169,1,151,127,125,145,192,207,0
137.747253,137.687515,109,255,234,255,193,5,60,169,129,151,127,125,145,192,207,0
137.912094,137.856003,108,254,234,255,192,5,60,169,1,151,127,125,145,192,207,0
138.076920,138.030151,108,254,234,255,192,5,60,169,1,151,127,125,145,192,207,0
138.241760,138.194077,108,254,234,255,193,6,55,169,129,151,127,125,145,192,207,0
138.406601,138.362442,109,254,234,255,193,6,57,169,129,151,127,125,145,192,207,0
138.571426,138.526886,108,255,233,255,192,5,59,169,1,151,127,125,145,192,207,0
138.736267,138.695328,108,255,234,255,194,5,59,169,129,151,127,125,145,192,207,0
138.901093,138.863708,108,254,233,255,192,6,57,169,129,151,127,125,145,192,207,0
139.065933,139.027557,108,254,234,255,193,6,63,169,1,151,127,125,145,192,207,0
139.230774,139.195862,108,254,233,255,192,5,59,169,129,151,127,125,145,192,207,0
139.395599,139.364151,108,254,233,255,192,6,59,169,129,151,127,125,145,192,207,0
139.560440,139.527802,108,254,233,255,192,5,61,169,129,151,127,125,145,192,207,0
139.725281,139.691452,108,254,233,255,192,5,65,169,1,151,127,125,145,192,207,0
139.945053,139.859909,108,254,233,255,193,6,65,169,129,151,127,125,145,192,207,0
140.109894,140.028290,108,254,233,255,191,5,62,169,129,151,127,125,145,192,207,0
140.274719,140.192017,108,254,233,255,193,5,64,169,1,151,127,125,145,192,207,0
140.439560,140.360306,108,255,234,255,193,6,68,169,129,151,127,125,145,192,207,0
140.604401,140.528702,108,255,233,255,192,6,57,169,129,151,127,125,145,192,207,0
140.769226,140.692383,108,255,233,255,192,6,57,169,129,151,127,125,145,192,207,0
140.934067,140.856110,108,255,233,255,192,6,62,169,1,151,127,125,145,192,207,0
141.098907,141.024368,108,255,233,255,193,6,63,169,129,151,127,125,145,192,207,0
141.263733,141.192688,108,255,233,255,194,5,57,169,129,151,127,125,145,192,207,0
141.428574,141.356384,108,254,233,255,192,6,60,169,1,151,127,125,145,192,207,0
141.593399,141.524857,109,255,233,255,192,5,63,169,129,151,127,125,145,192,207,0
141.758240,141.693329,108,255,233,255,193,6,68,169,129,151,127,125,145,192,207,0
141.923080,141.857132,109,254,233,255,192,6,65,169,1,151,127,125,145,192,207,0
142.087906,142.025543,109,254,233,255,193,6,61,169,129,151,127,125,145,192,207,0
142.252747,142.194000,109,255,233,255,193,5,65,169,129,151,127,125,145,192,207,0
142.417587,142.357849,108,255,233,255,192,5,65,169,1,151,127,125,145,192,207,0
142.582413,142.526917,109,254,232,255,192,6,66,169,1,151,127,125,145,192,207,0
142.747253,142.690643,109,254,232,255,193,5,61,169,129,151,127,125,145,192,207,0
142.912094,142.858963,109,254,233,255,192,6,62,169,1,151,127,125,145,192,207,0
143.076920,143.027420,109,254,232,255,192,5,59,169,1,151,127,125,145,192,207,0
143.241760,143.191269,109,254,232,255,193,5,61,169,129,151,127,125,145,192,207,0
143.406601,143.359665,109,254,232,255,192,5,57,169,1,151,127,125,145,192,207,0
143.571426,143.528091,109,255,232,255,193,6,56,169,1,151,127,125,145,192,207,0
143.736267,143.691833,108,255,232,255,193,6,55,169,129,151,127,125,145,192,207,0
143.901093,143.860306,108,254,233,255,192,6,62,169,129,151,127,125,145,192,207,0
144.065933,144.024063,108,255,233,255,192,6,54,169,1,151,127,125,145,192,207,0
144.230774,144.192490,108,254,232,255,193,6,59,169,1,151,127,125,145,192,207,0
144.395599,144.356171,108,254,232,255,193,6,62,168,129,151,127,125,145,192,207,0
144.560440,144.525070,108,255,233,255,194,6,50,169,1,151,127,125,145,192,207,0
144.780212,144.693558,108,255,233,255,194,6,50,169,1,151,127,125,145,192,207,0
144.945053,144.857269,108,255,232,255,193,6,53,168,129,151,127,125,145,192,207,0
145.109894,145.025482,108,255,232,255,192,6,52,169,129,151,127,125,145,192,207,0
145.274719,145.189041,108,255,232,255,192,6,49,169,1,151,127,125,145,192,207,0
145.439560,145.357346,108,255,232,255,193,6,46,168,129,151,127,125,145,192,207,0
145.604401,145.525650,108,254,231,255,193,5,49,169,129,151,127,125,145,192,207,0
145.769226,145.689270,108,255,232,255,193,6,49,168,1,151,127,125,145,192,207,0
145.934067,145.857513,108,255,232,255,193,6,49,168,1,151,127,125,145,192,207,0
146.098907,146.021149,108,254,232,255,193,6,49,168,129,151,127,125,145,192,207,0
146.263733,146.189438,108,255,232,255,193,6,51,168,1,151,127,125,145,192,207,0
146.428574,146.357910,108,255,232,255,194,6,54,168,1,151,127,125,145,192,207,0
146.593399,146.522385,108,254,232,255,193,6,56,168,129,151,127,125,145,192,207,0
146.758240,146.690842,108,255,232,255,193,6,55,168,129,151,127,125,145,192,207,0
146.923080,146.854599,108,255,232,255,193,6,53,168,1,151,127,125,145,192,207,0
147.087906,147.022964,108,255,232,255,193,6,55,168,1,151,127,125,145,192,207,0
147.252747,147.186798,108,254,232,255,194,6,58,168,129,151,127,125,145,192,207,0
147.417587,147.355194,108,255,232,255,193,5,56,168,129,151,127,125,145,192,207,0
147.582413,147.518936,108,255,232,255,193,6,59,168,1,151,127,125,145,192,207,0
147.747253,147.687408,108,255,232,255,193,6,64,168,129,151,127,125,145,192,207,0
147.912094,147.855850,108,254,232,255,192,6,55,168,129,151,127,125,145,192,207,0
148.076920,148.019745,108,254,232,255,193,6,61,168,1,151,127,125,145,192,207,0
148.241760,148.188095,108,254,232,255,193,6,63,168,129,151,127,125,145,192,207,0
148.406601,148.356598,108,254,232,255,193,6,63,168,129,151,127,125,145,192,207,0
148.571426,148.520996,108,255,232,255,193,5,60,168,1,151,127,125,145,192,207,0
148.736267,148.689377,108,254,232,255,192,6,69,168,1,151,127,125,145,192,207,0
148.901093,148.853241,108,255,232,255,193,5,66,168,129,151,127,125,145,192,207,0
149.065933,149.021774,108,255,232,255,193,6,66,168,1,151,127,125,145,192,207,0
149.230774,149.190186,108,255,232,255,194,6,71,168,1,151,127,125,145,192,207,0
149.395599,149.354019,108,255,232,255,192,6,69,168,129,151,127,125,145,192,207,0
149.560440,149.522385,108,254,232,255,193,6,67,168,129,151,127,125,145,192,207,0
149.725281,149.686142,108,254,232,255,192,6,67,168,1,151,127,125,145,192,207,0
149.890106,149.854507,108,254,232,255,192,6,71,168,129,151,127,125,145,192,207,0
150.109894,150.022964,108,254,232,255,193,6,71,168,129,151,127,125,145,192,207,0
150.274719,150.186737,108,254,232,255,193,6,68,168,1,151,127,125,145,192,207,0
150.439560,150.355637,108,255,232,255,193,5,68,168,1,151,127,125,145,192,207,0
150.604401,150.519211,108,255,232,255,193,5,68,168,129,151,127,125,145,192,207,0
150.769226,150.687408,108,254,232,255,193,5,72,168,1,151,127,125,145,192,207,0
150.934067,150.855743,108,255,232,255,192,5,72,168,1,151,127,125,145,192,207,0
151.098907,151.019409,108,255,232,255,193,6,69,168,129,151,127,125,145,192,207,0
151.263733,151.187790,108,254,232,255,193,5,66,168,1,151,127,125,145,192,207,0
151.428574,151.356232,108,255,232,255,193,6,84,168,1,151,127,125,145,192,207,0
151.593399,151.520065,108,254,232,255,193,6,75,168,129,151,127,125,145,192,207,0
151.758240,151.688507,108,255,232,255,192,6,69,168,129,151,127,125,145,192,207,0
151.923080,151.852386,108,254,232,255,194,6,67,168,1,151,127,125,145,192,207,0
152.087906,152.020844,108,255,232,255,194,5,66,168,129,151,127,125,145,192,207,0
152.252747,152.189270,108,255,232,255,192,6,66,168,129,151,127,125,145,192,207,0
152.417587,152.353653,108,254,232,255,193,5,66,168,129,151,127,125,145,192,207,0
152.582413,152.517426,108,254,232,255,193,6,62,168,1,151,127,125,145,192,207,0
152.747253,152.685883,108,254,232,255,194,6,60,168,129,151,127,125,145,192,207,0
152.912094,152.854355,108,255,232,255,193,5,61,168,1,151,127,125,145,192,207,0
153.076920,153.022858,108,255,232,255,193,5,61,168,1,151,127,125,145,192,207,0
153.241760,153.186752,108,255,232,255,193,5,63,168,129,151,127,125,145,192,207,0
153.406601,153.355209,108,255,232,255,193,6,66,168,129,151,127,125,145,192,207,0
153.571426,153.519089,108,254,232,255,194,5,63,168,1,151,127,125,145,192,207,0
153.736267,153.687500,108,254,232,255,192,6,59,168,129,151,127,125,145,192,207,0
153.901093,153.856033,108,254,232,255,193,6,64,168,129,151,127,125,145,192,207,0
154.065933,154.019821,108,255,231,255,192,6,67,168,1,151,127,125,145,192,207,0
154.230774,154.188202,108,255,231,255,192,5,57,168,1,151,127,125,145,192,207,0
154.395599,154.352615,108,255,232,255,193,6,62,168,129,151,127,125,145,192,207,0
154.560440,154.520920,108,255,232,255,193,6,67,168,1,151,127,125,145,192,207,0
154.780212,154.689468,108,254,232,255,193,6,68,168,1,151,127,125,145,192,207,0
154.890106,154.853058,108,255,231,255,192,6,56,168,129,151,127,125,145,192,207,0
155.109894,155.021561,108,254,231,255,192,5,60,168,129,151,127,125,145,192,207,0
155.274719,155.185318,108,255,232,255,193,6,59,168,1,151,127,125,145,192,207,0
155.439560,155.353607,108,254,231,255,194,6,61,168,1,151,127,125,145,192,207,0
155.604401,155.517242,108,255,231,255,193,6,66,168,129,151,127,125,145,192,207,0
155.769226,155.685547,108,254,231,255,193,6,60,168,1,151,127,125,145,192,207,0
155.934067,155.853882,108,254,231,255,193,6,60,168,1,151,127,125,145,192,207,0
156.098907,156.017609,108,255,231,255,194,5,60,168,129,151,127,125,145,192,207,0
156.263733,156.186035,108,254,231,255,193,6,64,168,1,151,127,125,145,192,207,0
156.428574,156.355103,108,254,231,255,192,6,64,168,1,151,127,125,145,192,207,0
156.593399,156.519012,108,255,232,255,194,5,66,168,129,151,127,125,145,192,207,0
156.758240,156.687485,108,255,231,255,192,6,65,168,129,151,127,125,145,192,207,0
156.923080,156.851288,108,254,231,255,193,5,60,168,1,151,127,125,145,192,207,0
157.087906,157.019852,108,254,231,255,192,5,58,168,1,151,127,125,145,192,207,0
157.252747,157.183502,108,254,231,255,194,6,61,168,129,151,127,125,145,192,207,0
157.417587,157.351913,108,254,231,255,193,5,62,168,1,151,127,125,145,192,207,0
157.582413,157.520309,108,254,231,255,193,5,62,168,1,151,127,125,145,192,207,0
157.747253,157.684113,108,254,231,255,192,6,63,168,129,151,127,125,145,192,207,0
157.912094,157.852539,108,255,231,255,193,5,60,168,129,151,127,125,145,192,207,0
158.076920,158.016266,108,254,231,255,192,6,66,168,1,151,127,125,145,192,207,0
158.241760,158.184723,108,254,231,255,192,6,66,168,129,151,127,125,145,192,207,0
158.406601,158.353760,108,254,231,255,193,6,62,168,129,151,127,125,145,192,207,0
158.571426,158.517548,108,254,231,255,193,6,67,168,1,151,127,125,145,192,207,0
158.736267,158.686096,108,255,231,255,192,5,64,168,129,151,127,125,145,192,207,0
158.901093,158.854477,108,255,231,255,193,5,60,168,129,151,127,125,145,192,207,0
159.065933,159.018326,108,254,231,255,193,6,60,168,1,151,127,125,145,192,207,0
159.230774,159.186752,108,254,231,255,193,6,59,168,1,151,127,125,145,192,207,0
159.395599,159.350815,108,255,231,255,192,5,55,168,129,151,127,125,145,192,207,0
159.560440,159.519104,108,255,231,255,194,6,56,168,129,151,127,125,145,192,207,0
159.725281,159.682709,107,255,231,255,193,6,61,168,1,151,127,125,145,192,207,0
159.890106,159.850998,108,254,231,255,193,6,58,168,129,151,127,125,145,192,207,0
160.109894,160.019424,108,254,231,255,193,6,56,167,129,151,127,125,145,192,207,0
160.274719,160.183167,107,254,231,255,194,5,59,168,1,151,127,125,145,192,207,0
160.439560,160.351883,108,255,231,255,192,6,56,168,1,151,127,125,145,192,207,0
160.604401,160.515518,108,254,230,255,193,6,57,168,129,151,127,125,145,192,207,0
160.769226,160.683655,108,255,230,255,194,5,62,168,1,151,127,125,145,192,207,0
160.934067,160.851837,108,254,231,255,193,6,66,168,1,151,127,125,145,192,207,0
161.098907,161.015427,107,255,231,255,193,6,61,168,129,151,127,125,145,192,207,0
161.263733,161.183670,108,255,230,255,193,5,62,168,129,151,127,125,145,192,207,0
161.428574,161.347351,108,254,230,255,192,6,66,168,1,151,127,125,145,192,207,0
161.593399,161.515625,107,255,230,255,194,6,66,167,129,151,127,125,145,192,207,0
161.758240,161.683990,108,255,231,255,193,6,65,167,129,151,127,125,145,192,207,0
161.923080,161.847794,108,254,231,255,193,5,71,167,1,151,127,125,145,192,207,0
162.087906,162.016357,108,254,231,255,193,5,63,168,1,151,127,125,145,192,207,0
162.252747,162.179993,107,255,231,255,194,6,62,168,129,151,127,125,145,192,207,0
162.417587,162.348999,108,255,230,255,192,5,66,167,1,151,127,125,145,192,207,0
162.582413,162.517395,107,254,230,255,194,5,62,168,1,151,127,125,145,192,207,0
162.747253,162.681213,108,255,230,255,192,5,67,168,129,151,127,125,145,192,207,0
162.912094,162.849625,107,255,230,255,193,5,67,168,129,151,127,125,145,192,207,0
163.076920,163.013397,108,255,230,255,193,6,67,167,1,151,127,125,145,192,207,0
163.241760,163.181747,108,255,230,255,192,6,67,167,1,151,127,125,145,192,207,0
163.406601,163.345444,107,255,230,255,192,6,68,167,129,151,127,125,145,192,207,0
163.571426,163.513885,108,254,230,255,192,5,69,168,1,151,127,125,145,192,207,0
163.736267,163.682373,108,254,230,255,192,5,67,167,1,151,127,125,145,192,207,0
163.901093,163.846207,108,255,230,255,193,6,68,168,129,151,127,125,145,192,207,0
164.065933,164.014679,108,255,230,255,193,6,66,168,129,151,127,125,145,192,207,0
164.230774,164.178543,108,254,230,255,193,6,64,167,1,151,127,125,145,192,207,0
164.395599,164.347580,107,255,230,255,193,6,63,167,129,151,127,125,145,192,207,0
164.560440,164.515747,107,255,230,255,192,5,67,167,129,151,127,125,145,192,207,0
164.725281,164.679596,108,254,230,255,193,6,64,168,1,151,127,125,145,192,207,0
164.890106,164.847855,108,254,230,255,194,6,60,168,129,151,127,125,145,192,207,0
165.109894,165.016388,108,255,230,255,192,6,62,168,129,151,127,125,145,192,207,0
165.274719,165.179916,107,255,230,255,194,6,63,167,1,151,127,125,145,192,207,0
165.439560,165.348068,107,254,230,255,193,6,63,167,129,151,127,125,145,192,207,0
165.604401,165.516296,107,255,230,255,193,5,66,167,129,151,127,125,145,192,207,0
165.769226,165.679810,107,254,230,255,193,5,64,167,1,151,127,125,145,192,207,0
165.934067,165.848129,107,254,230,255,193,6,55,167,1,151,127,125,145,192,207,0
166.098907,166.011749,107,254,229,255,193,6,59,168,129,151,127,125,145,192,207,0
166.263733,166.180679,107,255,230,255,193,6,53,167,1,151,127,125,145,192,207,0
166.428574,166.348892,107,255,229,255,192,5,56,167,1,151,127,125,145,192,207,0
166.593399,166.512482,107,255,229,255,192,5,56,167,1,151,127,125,145,192,207,0
166.758240,166.676102,107,254,230,255,192,5,52,167,129,151,127,125,145,192,207,0
166.923080,166.844559,107,254,230,255,193,5,52,167,1,151,127,125,145,192,207,0
167.087906,167.012985,107,255,230,255,192,6,52,167,1,151,127,125,145,192,207,0
167.252747,167.176773,107,254,230,255,193,5,52,167,129,151,127,125,145,192,207,0
167.417587,167.345169,107,255,230,255,193,6,52,167,1,151,127,125,145,192,207,0
222.912094,222.822006,106,255,220,255,193,5,65,165,129,151,127,125,145,192,207,0
223.076920,222.990601,106,254,220,255,193,5,67,166,129,151,127,125,145,192,207,0
223.241760,223.154434,106,254,220,255,193,5,65,165,1,151,127,125,145,192,207,0
223.406601,223.322937,106,254,220,255,193,5,69,165,129,151,127,125,145,192,207,0
223.571426,223.491226,106,254,220,255,194,5,66,165,129,151,127,125,145,192,207,0
223.736267,223.655579,106,255,220,255,193,5,67,165,1,151,127,125,145,192,207,0
223.901093,223.824036,106,254,220,255,194,4,59,165,1,151,127,125,145,192,207,0
224.065933,223.987701,106,254,220,255,194,5,60,165,129,151,127,125,145,192,207,0
224.230774,224.156143,106,254,220,255,194,5,60,165,129,151,127,125,145,192,207,0
224.395599,224.319901,106,255,220,255,192,4,61,165,1,151,127,125,145,192,207,0
224.560440,224.488251,106,255,219,255,194,5,61,165,129,151,127,125,145,192,207,0
224.725281,224.656662,106,254,220,255,194,5,66,165,129,151,127,125,145,192,207,0
224.890106,224.820496,106,255,219,255,193,5,68,165,1,151,127,125,145,192,207,0
225.054947,224.988724,106,254,220,255,193,5,63,165,129,151,127,125,145,192,207,0
225.219788,225.157074,106,254,219,255,192,5,67,165,129,151,127,125,145,192,207,0
225.384613,225.320786,106,255,219,255,192,5,64,166,1,151,127,125,145,192,207,0
225.604401,225.489914,106,254,219,255,194,5,58,165,1,151,127,125,145,192,207,0
225.769226,225.653625,106,254,220,255,194,4,61,165,129,151,127,125,145,192,207,0
225.934067,225.821991,106,255,220,255,194,5,65,165,1,151,127,125,145,192,207,0
226.098907,225.990280,106,255,220,255,192,5,59,165,1,151,127,125,145,192,207,0
226.263733,226.154037,106,255,219,255,193,5,57,166,129,151,127,125,145,192,207,0
226.428574,226.322357,106,254,220,255,193,4,59,165,129,151,127,125,145,192,207,0
226.593399,226.485992,106,255,219,255,192,5,60,165,1,151,127,125,145,192,207,0
226.758240,226.654266,106,255,219,255,193,5,60,165,1,151,127,125,145,192,207,0
226.923080,226.817917,106,255,219,255,193,5,62,165,129,151,127,125,145,192,207,0
227.087906,226.986282,106,255,219,255,193,5,59,165,1,151,127,125,145,192,207,0
227.252747,227.154892,106,255,219,255,193,5,62,166,1,151,127,125,145,192,207,0
227.417587,227.318802,106,255,219,255,193,5,64,165,129,151,127,125,145,192,207,0
227.582413,227.487885,106,254,219,255,193,5,56,165,129,151,127,125,145,192,207,0
227.747253,227.651596,106,255,219,255,194,5,48,165,1,151,127,125,145,192,207,0
227.912094,227.820038,106,254,219,255,193,5,51,165,129,151,127,125,145,192,207,0
228.076920,227.988525,106,255,219,255,192,4,46,165,129,151,127,125,145,192,207,0
228.241760,228.152466,106,254,219,255,193,5,48,165,1,151,127,125,145,192,207,0
228.406601,228.320892,106,254,219,255,194,6,51,165,129,151,127,125,145,192,207,0
228.571426,228.489288,106,254,219,255,193,5,56,165,129,151,127,125,145,192,207,0
228.736267,228.653000,106,254,219,255,194,5,55,165,129,151,127,125,145,192,207,0
228.901093,228.816803,106,254,219,255,193,5,55,165,1,151,127,125,145,192,207,0
229.065933,228.985291,106,255,219,255,192,5,54,165,1,151,127,125,145,192,207,0
229.230774,229.149155,106,255,219,255,194,5,56,165,1,151,127,125,145,192,207,0
229.395599,229.312988,106,255,219,255,193,5,61,165,1,151,127,125,145,192,207,0
229.560440,229.477310,106,254,219,255,193,5,60,165,129,151,127,125,145,192,207,0
229.725281,229.645859,106,255,219,255,193,5,63,165,129,151,127,125,145,192,207,0
229.890106,229.809830,106,254,219,255,194,5,64,165,129,151,127,125,145,192,207,0
230.054947,229.973679,106,254,219,255,193,5,70,165,129,151,127,125,145,192,207,0
230.219788,230.137375,106,255,219,255,193,6,68,165,129,151,127,125,145,192,207,0
230.384613,230.301178,106,255,219,255,193,5,66,165,1,151,127,125,145,192,207,0
230.549454,230.469528,106,255,219,255,194,5,61,165,1,151,127,125,145,192,207,0
230.714279,230.633209,106,255,219,255,192,5,66,165,129,151,127,125,145,192,207,0
230.879120,230.801682,106,255,219,255,192,5,67,165,129,151,127,125,145,192,207,0
231.043961,230.965408,106,254,219,255,194,5,66,165,1,151,127,125,145,192,207,0
231.208786,231.133896,106,255,219,255,193,5,71,165,129,151,127,125,145,192,207,0
231.373627,231.302338,106,254,219,255,193,5,69,165,129,151,127,125,145,192,207,0
231.538467,231.466843,106,255,219,255,192,5,74,166,1,151,127,125,145,192,207,0
231.703293,231.635132,106,254,219,255,194,5,72,165,1,151,127,125,145,192,207,0
231.868134,231.798996,106,254,219,255,192,5,70,165,129,151,127,125,145,192,207,0
232.032974,231.967377,106,254,219,255,192,5,70,165,129,151,127,125,145,192,207,0
232.197800,232.131104,106,254,219,255,194,5,69,166,1,151,127,125,145,192,207,0
232.417587,232.299606,106,255,219,255,193,5,74,165,129,151,127,125,145,192,207,0
232.582413,232.467926,106,255,219,255,193,5,73,165,129,151,127,125,145,192,207,0
232.747253,232.631744,106,255,219,255,193,5,71,166,1,151,127,125,145,192,207,0
232.912094,232.800018,106,254,219,255,193,5,74,166,129,151,127,125,145,192,207,0
233.076920,232.968399,106,255,219,255,192,5,72,166,129,151,127,125,145,192,207,0
233.241760,233.131912,106,254,219,255,193,5,72,165,1,151,127,125,145,192,207,0
233.406601,233.300095,106,255,219,255,192,5,69,166,1,151,127,125,145,192,207,0
233.571426,233.463776,106,255,219,255,192,5,72,166,129,151,127,125,145,192,207,0
233.736267,233.631973,106,254,219,255,193,5,74,165,1,151,127,125,145,192,207,0
233.901093,233.800476,106,254,219,255,192,5,75,165,1,151,127,125,145,192,207,0
234.065933,233.964142,106,255,219,255,193,5,60,165,129,151,127,125,145,192,207,0
234.230774,234.132690,106,255,219,255,193,5,66,165,129,151,127,125,145,192,207,0
234.395599,234.296371,106,255,219,255,193,5,53,165,1,151,127,125,145,192,207,0
234.560440,234.464828,106,254,219,255,193,5,60,165,129,151,127,125,145,192,207,0
234.725281,234.633209,106,254,219,255,193,5,58,165,129,151,127,125,145,192,207,0
234.890106,234.796982,106,255,218,255,193,5,61,165,1,151,127,125,145,192,207,0
235.054947,234.965378,106,255,218,255,193,5,50,165,1,151,127,125,145,192,207,0
235.219788,235.129150,106,254,218,255,194,5,56,165,129,151,127,125,145,192,207,0
235.384613,235.297607,106,255,218,255,194,4,59,165,1,151,127,125,145,192,207,0
235.549454,235.466660,106,254,218,255,193,5,62,165,1,151,127,125,145,192,207,0
235.714279,235.630539,106,254,218,255,193,5,56,165,129,151,127,125,145,192,207,0
235.879120,235.799011,106,254,218,255,194,4,58,165,129,151,127,125,145,192,207,0
236.043961,235.962753,106,255,219,255,193,5,64,165,1,151,127,125,145,192,207,0
236.208786,236.131210,106,255,218,255,194,5,67,165,129,151,127,125,145,192,207,0
236.373627,236.299728,106,254,218,255,193,5,69,165,129,151,127,125,145,192,207,0
236.538467,236.463577,106,254,218,255,193,5,69,165,1,151,127,125,145,192,207,0
236.703293,236.632004,106,254,218,255,192,5,68,165,1,151,127,125,145,192,207,0
236.868134,236.795837,106,254,218,255,192,5,70,165,129,151,127,125,145,192,207,0
237.032974,236.964050,106,254,218,255,192,5,63,165,1,151,127,125,145,192,207,0
237.252747,237.132523,106,255,218,255,194,4,66,165,1,151,127,125,145,192,207,0
237.362640,237.296112,106,255,218,255,193,5,67,165,129,151,127,125,145,192,207,0
237.582413,237.465225,106,254,218,255,193,4,67,165,129,151,127,125,145,192,207,0
237.747253,237.628891,106,255,218,255,194,5,68,165,1,151,127,125,145,192,207,0
237.912094,237.797104,106,255,218,255,192,4,73,165,129,151,127,125,145,192,207,0
238.076920,237.965408,106,254,218,255,193,4,67,165,129,151,127,125,145,192,207,0
238.241760,238.129135,106,254,217,255,193,5,63,165,1,151,127,125,145,192,207,0
238.406601,238.297363,106,255,218,255,193,5,60,165,1,151,127,125,145,192,207,0
238.571426,238.460983,106,255,218,255,192,5,66,165,129,151,127,125,145,192,207,0
238.736267,238.629257,106,255,218,255,193,5,66,166,129,151,127,125,145,192,207,0
238.901093,238.792953,106,255,218,255,192,5,62,166,1,151,127,125,145,192,207,0
239.065933,238.961395,106,255,217,255,193,5,64,166,129,151,127,125,145,192,207,0
239.230774,239.129791,106,255,217,255,192,4,65,166,129,151,127,125,145,192,207,0
239.395599,239.293488,106,255,217,255,192,5,68,166,1,151,127,125,145,192,207,0
239.560440,239.462494,106,255,217,255,194,4,64,166,129,151,127,125,145,192,207,0
288.956055,288.841156,106,255,212,255,193,4,61,164,1,151,127,125,145,192,207,0
289.120880,289.010193,105,254,213,255,194,5,61,165,129,151,127,125,145,192,207,0
289.285706,289.178680,106,255,213,255,194,5,60,165,129,151,127,125,145,192,207,0
289.450562,289.342438,106,254,213,255,193,4,59,165,1,151,127,125,145,192,207,0
289.615387,289.510864,106,255,213,255,193,4,60,165,1,151,127,125,145,192,207,0
289.780212,289.674683,106,254,213,255,192,4,61,165,129,151,127,125,145,192,207,0
289.945068,289.843201,105,254,213,255,193,5,58,165,1,151,127,125,145,192,207,0
290.109894,290.011658,105,255,213,255,192,5,61,164,1,151,127,125,145,192,207,0
290.274719,290.175354,106,254,213,255,193,5,60,164,129,151,127,125,145,192,207,0
290.439575,290.343781,105,255,213,255,194,4,62,165,129,151,127,125,145,192,207,0
290.604401,290.507599,105,254,213,255,193,4,62,165,129,151,127,125,145,192,207,0
290.769226,290.671295,106,255,213,255,193,4,64,164,1,151,127,125,145,192,207,0
290.934052,290.840302,105,255,213,255,192,5,63,165,129,151,127,125,145,192,207,0
291.098907,291.008820,106,254,213,255,193,5,68,165,1,151,127,125,145,192,207,0
291.263733,291.177216,106,254,212,255,193,4,68,164,1,151,127,125,145,192,207,0
291.428558,291.340881,105,255,213,255,194,5,69,165,129,151,127,125,145,192,207,0
291.648346,291.509369,105,255,213,255,194,5,65,164,129,151,127,125,145,192,207,0
291.813202,291.673035,105,254,213,255,193,5,63,165,1,151,127,125,145,192,207,0
291.978027,291.841309,105,255,212,255,192,5,59,164,129,151,127,125,145,192,207,0
292.142853,292.009460,106,255,213,255,193,4,64,165,129,151,127,125,145,192,207,0
292.307678,292.173218,106,254,213,255,192,4,64,165,1,151,127,125,145,192,207,0
292.472534,292.341461,106,254,213,255,193,5,60,165,1,151,127,125,145,192,207,0
292.637360,292.505310,106,254,213,255,193,4,59,165,129,151,127,125,145,192,207,0
292.802185,292.673584,105,254,213,255,193,5,60,165,1,151,127,125,145,192,207,0
292.967041,292.842407,105,254,213,255,193,5,63,165,1,151,127,125,145,192,207,0
293.131866,293.005981,105,254,213,255,193,5,61,165,129,151,127,125,145,192,207,0
293.296692,293.174500,105,255,213,255,193,5,56,164,129,151,127,125,145,192,207,0
293.461548,293.338257,105,254,213,255,194,5,60,164,1,151,127,125,145,192,207,0
293.626373,293.506683,105,255,213,255,193,5,62,165,129,151,127,125,145,192,207,0
293.791199,293.675049,106,255,213,255,193,5,58,165,129,151,127,125,145,192,207,0
293.956055,293.838898,105,254,212,255,193,4,59,165,1,151,127,125,145,192,207,0
294.120880,294.007263,106,255,212,255,194,5,59,164,129,151,127,125,145,192,207,0
294.285706,294.175690,105,254,213,255,194,5,58,164,129,151,127,125,145,192,207,0
294.450562,294.339569,105,255,213,255,193,5,61,165,1,151,127,125,145,192,207,0
294.615387,294.508026,105,255,213,255,193,5,62,165,1,151,127,125,145,192,207,0
294.780212,294.671814,105,254,213,255,194,5,49,164,129,151,127,125,145,192,207,0
294.945068,294.840912,105,254,213,255,194,4,51,165,1,151,127,125,145,192,207,0
295.109894,295.009460,106,255,213,255,193,5,54,165,1,151,127,125,145,192,207,0
295.274719,295.173370,105,254,213,255,193,5,52,165,129,151,127,125,145,192,207,0
295.439575,295.341827,105,255,212,255,193,4,55,164,129,151,127,125,145,192,207,0
295.604401,295.505646,105,254,213,255,192,4,59,165,1,151,127,125,145,192,207,0
295.769226,295.674042,106,254,213,255,193,4,57,165,129,151,127,125,145,192,207,0
295.934052,295.842438,106,255,213,255,193,4,62,165,129,151,127,125,145,192,207,0
296.098907,296.006104,106,254,213,255,193,4,63,165,1,151,127,125,145,192,207,0
296.263733,296.174408,106,254,213,255,192,4,60,165,1,151,127,125,145,192,207,0
296.428558,296.337921,106,255,213,255,193,4,60,164,1,151,127,125,145,192,207,0
296.593414,296.501648,106,255,213,255,194,4,58,164,1,151,127,125,145,192,207,0
296.758240,296.665436,105,254,213,255,193,5,65,164,1,151,127,125,145,192,207,0
296.923065,296.829834,105,255,213,255,193,5,60,164,129,151,127,125,145,192,207,0
297.087921,296.998077,105,255,213,255,193,5,63,165,129,151,127,125,145,192,207,0
297.252747,297.161713,105,255,212,255,193,5,55,164,1,151,127,125,145,192,207,0
297.417572,297.329895,105,254,212,255,193,4,62,164,1,151,127,125,145,192,207,0
297.582428,297.493469,105,254,213,255,193,5,60,165,129,151,127,125,145,192,207,0
297.802185,297.661957,105,254,213,255,194,5,63,164,1,151,127,125,145,192,207,0
297.967041,297.830200,105,255,213,255,194,5,63,165,1,151,127,125,145,192,207,0
298.131866,297.993866,106,254,213,255,193,5,56,165,129,151,127,125,145,192,207,0
298.296692,298.162170,106,254,213,255,193,5,56,165,129,151,127,125,145,192,207,0
298.461548,298.325806,105,254,212,255,192,4,55,165,1,151,127,125,145,192,207,0
298.626373,298.494110,105,255,212,255,193,5,55,164,129,151,127,125,145,192,207,0
298.791199,298.663055,105,254,213,255,194,4,51,164,129,151,127,125,145,192,207,0
298.956055,298.826660,105,255,213,255,194,5,52,164,1,151,127,125,145,192,207,0
299.120880,298.995056,105,254,213,255,193,5,48,165,1,151,127,125,145,192,207,0
299.285706,299.158752,105,254,213,255,193,4,52,164,129,151,127,125,145,192,207,0
299.450562,299.327240,105,254,213,255,193,5,49,165,1,151,127,125,145,192,207,0
299.615387,299.495636,105,255,213,255,193,5,51,165,1,151,127,125,145,192,207,0
299.780212,299.659424,105,255,213,255,193,4,50,165,129,151,127,125,145,192,207,0
299.945068,299.827759,105,254,213,255,193,5,52,165,129,151,127,125,145,192,207,0
300.109894,299.991486,105,255,213,255,194,5,48,164,1,151,127,125,145,192,207,0
300.274719,300.159851,105,255,213,255,193,4,55,164,1,151,127,125,145,192,207,0
300.439575,300.323547,105,254,213,255,195,5,51,165,129,151,127,125,145,192,207,0
300.604401,300.491913,105,255,213,255,193,5,51,165,1,151,127,125,145,192,207,0
300.769226,300.660980,105,255,213,255,193,5,51,165,1,151,127,125,145,192,207,0
300.934052,300.824921,106,255,213,255,193,5,53,165,129,151,127,125,145,192,207,0
301.098907,300.993561,105,254,213,255,192,4,55,164,129,151,127,125,145,192,207,0
301.263733,301.157471,105,255,213,255,193,5,60,164,1,151,127,125,145,192,207,0
301.428558,301.325958,105,255,213,255,194,5,51,164,129,151,127,125,145,192,207,0
301.593414,301.494446,105,255,213,255,193,4,52,165,129,151,127,125,145,192,207,0
301.758240,301.658325,105,254,213,255,193,5,56,165,1,151,127,125,145,192,207,0
301.923065,301.826752,105,255,213,255,194,5,55,164,129,151,127,125,145,192,207,0
302.087921,301.994904,105,254,213,255,193,5,56,164,129,151,127,125,145,192,207,0
302.252747,302.158600,105,254,213,255,194,4,62,165,1,151,127,125,145,192,207,0
302.417572,302.326904,105,254,213,255,193,5,63,164,1,151,127,125,145,192,207,0
302.582428,302.490509,105,254,214,255,194,5,63,165,129,151,127,125,145,192,207,0
303.901093,303.806732,105,254,214,255,193,5,68,164,1,151,127,125,145,192,207,0
304.065948,303.974976,105,255,213,255,193,5,66,164,1,151,127,125,145,192,207,0
304.230774,304.138641,105,255,214,255,194,5,66,165,129,151,127,125,145,192,207,0
304.450562,304.307068,106,254,214,255,194,5,68,165,1,151,127,125,145,192,207,0
304.615387,304.475311,105,255,213,255,193,5,64,164,1,151,127,125,145,192,207,0
304.890106,304.781158,105,255,214,255,194,5,66,165,129,151,127,125,145,192,207,0
305.054932,304.949554,106,255,214,255,193,4,62,164,1,151,127,125,145,192,207,0
305.219788,305.118042,105,254,214,255,193,4,54,165,1,151,127,125,145,192,207,0
305.384613,305.281860,105,254,213,255,194,5,50,164,129,151,127,125,145,192,207,0
305.549438,305.450317,105,255,214,255,193,4,47,164,1,151,127,125,145,192,207,0
305.714294,305.618744,106,255,214,255,193,4,49,164,1,151,127,125,145,192,207,0
305.879120,305.782684,105,254,214,255,193,5,46,164,129,151,127,125,145,192,207,0
306.043945,305.951050,105,255,213,255,193,5,48,164,129,151,127,125,145,192,207,0
306.208801,306.114746,105,255,214,255,194,5,49,164,1,151,127,125,145,192,207,0
306.428558,306.283173,105,255,214,255,194,5,53,164,129,151,127,125,145,192,207,0
306.593414,306.451447,105,255,214,255,193,5,53,165,129,151,127,125,145,192,207,0
306.868134,306.757355,105,255,214,255,194,5,56,164,1,151,127,125,145,192,207,0
334.835175,334.701141,105,255,216,255,193,4,57,164,129,151,127,125,145,192,207,0
335.000000,334.869598,105,254,216,255,193,5,56,164,129,151,127,125,145,192,207,0
335.164825,335.033478,105,254,216,255,193,4,59,164,1,151,127,125,145,192,207,0
335.329681,335.201904,105,254,216,255,193,5,51,164,1,151,127,125,145,192,207,0
335.494507,335.365723,105,255,216,255,193,5,51,164,129,151,127,125,145,192,207,0
335.659332,335.534149,105,255,216,255,194,5,56,164,1,151,127,125,145,192,207,0
335.824188,335.702667,105,255,216,255,192,5,56,164,1,151,127,125,145,192,207,0
335.989014,335.866577,105,255,215,255,193,4,61,164,129,151,127,125,145,192,207,0
336.153839,336.034973,105,255,216,255,193,5,60,164,129,151,127,125,145,192,207,0
336.318695,336.198730,105,254,216,255,193,4,64,164,1,151,127,125,145,192,207,0
336.483521,336.367798,105,254,216,255,193,4,63,164,129,151,127,125,145,192,207,0
336.648346,336.536224,105,255,216,255,192,4,66,164,129,151,127,125,145,192,207,0
336.813202,336.699982,105,254,216,255,192,4,65,164,1,151,127,125,145,192,207,0
336.978027,336.868439,105,254,216,255,193,5,66,164,1,151,127,125,145,192,207,0
337.142853,337.032227,105,254,216,255,193,5,67,164,129,151,127,125,145,192,207,0
337.307678,337.200623,105,255,216,255,193,4,64,164,1,151,127,125,145,192,207,0
337.472534,337.369019,105,254,216,255,192,4,67,164,1,151,127,125,145,192,207,0
337.637360,337.532745,105,254,216,255,193,4,62,164,129,151,127,125,145,192,207,0
337.857147,337.701202,105,255,216,255,193,5,68,164,129,151,127,125,145,192,207,0
337.967041,337.864777,105,255,216,255,193,5,63,164,1,151,127,125,145,192,207,0
338.186798,338.033356,105,254,216,255,193,5,63,164,129,151,127,125,145,192,207,0
338.351654,338.202332,105,255,216,255,193,4,62,164,129,151,127,125,145,192,207,0
338.516479,338.366028,105,255,216,255,193,5,63,164,1,151,127,125,145,192,207,0
338.681305,338.534302,105,254,216,255,193,5,62,164,1,151,127,125,145,192,207,0
338.846161,338.697998,105,254,216,255,193,5,66,164,129,151,127,125,145,192,207,0
339.010986,338.866241,105,255,216,255,193,5,62,164,129,151,127,125,145,192,207,0
339.175812,339.029877,105,255,216,255,193,5,55,164,1,151,127,125,145,192,207,0
339.340668,339.198151,105,254,216,255,193,4,54,164,129,151,127,125,145,192,207,0
339.505493,339.366699,105,255,216,255,193,5,48,164,129,151,127,125,145,192,207,0
339.670319,339.530426,105,255,216,255,193,4,52,164,1,151,127,125,145,192,207,0
339.835175,339.698853,105,255,216,255,193,5,49,164,129,151,127,125,145,192,207,0
340.000000,339.867279,105,254,216,255,193,4,52,164,129,151,127,125,145,192,207,0
340.164825,340.031128,105,254,216,255,192,4,52,164,1,151,127,125,145,192,207,0
340.329681,340.200226,105,254,215,255,193,4,55,164,1,151,127,125,145,192,207,0
340.494507,340.363983,105,255,216,255,193,4,55,164,129,151,127,125,145,192,207,0
340.659332,340.532440,105,254,215,255,193,4,55,164,1,151,127,125,145,192,207,0
340.824188,340.701019,105,254,216,255,193,4,55,164,1,151,127,125,145,192,207,0
340.989014,340.864990,105,254,216,255,192,5,58,164,1,151,127,125,145,192,207,0
341.153839,341.028717,105,254,216,255,194,4,59,164,129,151,127,125,145,192,207,0
341.318695,341.197388,105,254,216,255,194,5,58,164,1,151,127,125,145,192,207,0
341.483521,341.365814,105,254,216,255,193,4,57,164,129,151,127,125,145,192,207,0
341.648346,341.534332,105,254,216,255,194,5,58,164,129,151,127,125,145,192,207,0
341.813202,341.698181,105,255,215,255,193,5,63,164,1,151,127,125,145,192,207,0
341.978027,341.866638,105,254,216,255,193,5,57,164,1,151,127,125,145,192,207,0
342.142853,342.030518,105,254,216,255,193,4,50,164,129,151,127,125,145,192,207,0
342.307678,342.199554,105,255,215,255,193,4,49,164,1,151,127,125,145,192,207,0
342.472534,342.367767,105,255,215,255,193,4,54,164,1,151,127,125,145,192,207,0
342.637360,342.531250,105,254,216,255,193,5,60,164,129,151,127,125,145,192,207,0
342.857147,342.699860,105,254,216,255,192,5,59,164,129,151,127,125,145,192,207,0
343.021973,342.863281,105,255,215,255,194,4,57,164,1,151,127,125,145,192,207,0
343.186798,343.031708,105,255,216,255,193,5,64,164,129,151,127,125,145,192,207,0
343.351654,343.200043,105,255,216,255,194,4,63,164,129,151,127,125,145,192,207,0
343.516479,343.363525,105,254,216,255,193,5,66,164,1,151,127,125,145,192,207,0
343.681305,343.531860,105,255,216,255,194,4,66,164,1,151,127,125,145,192,207,0
343.846161,343.695435,105,254,216,255,193,5,69,164,129,151,127,125,145,192,207,0
344.010986,343.863708,105,254,215,255,193,5,66,164,129,151,127,125,145,192,207,0
344.175812,344.027344,105,254,216,255,193,5,67,164,1,151,127,125,145,192,207,0
344.340668,344.195587,105,254,216,255,193,5,62,164,129,151,127,125,145,192,207,0
344.505493,344.363983,105,255,216,255,194,5,66,164,129,151,127,125,145,192,207,0
344.670319,344.527527,105,254,216,255,192,4,63,164,1,151,127,125,145,192,207,0
344.835175,344.695862,105,254,215,255,193,4,62,164,1,151,127,125,145,192,207,0
345.000000,344.859528,105,254,216,255,193,4,59,164,129,151,127,125,145,192,207,0
345.164825,345.028046,105,255,216,255,193,5,62,164,1,151,127,125,145,192,207,0
345.329681,345.196381,105,255,215,255,193,4,57,164,1,151,127,125,145,192,207,0
345.494507,345.360229,105,254,216,255,194,5,63,164,129,151,127,125,145,192,207,0
345.659332,345.528717,105,255,216,255,194,4,59,164,1,151,127,125,145,192,207,0
345.824188,345.697266,105,255,216,255,194,4,55,164,1,151,127,125,145,192,207,0
345.989014,345.861115,105,255,216,255,193,4,55,164,129,151,127,125,145,192,207,0
346.153839,346.029633,105,254,216,255,194,5,49,164,129,151,127,125,145,192,207,0
346.318695,346.194061,105,255,215,255,193,4,54,164,1,151,127,125,145,192,207,0
346.483521,346.362549,105,255,215,255,193,4,52,164,1,151,127,125,145,192,207,0
346.648346,346.526398,105,255,216,255,193,5,48,164,129,151,127,125,145,192,207,0
346.813202,346.694855,105,255,215,255,193,5,52,164,1,151,127,125,145,192,207,0
346.978027,346.863281,105,254,216,255,193,5,49,164,1,151,127,125,145,192,207,0
347.142853,347.027100,105,255,215,255,194,4,53,164,129,151,127,125,145,192,207,0
347.307678,347.195526,105,255,215,255,193,5,49,164,1,151,127,125,145,192,207,0
347.472534,347.363861,105,254,215,255,193,4,55,164,1,151,127,125,145,192,207,0
347.637360,347.527466,105,255,216,255,193,5,51,164,129,151,127,125,145,192,207,0
347.802185,347.695709,105,255,215,255,193,5,56,164,129,151,127,125,145,192,207,0
347.967041,347.859406,105,255,216,255,193,5,53,164,1,151,127,125,145,192,207,0
348.186798,348.027954,105,254,215,255,193,5,53,164,129,151,127,125,145,192,207,0
348.351654,348.196899,105,255,215,255,194,4,55,164,129,151,127,125,145,192,207,0
348.516479,348.360626,105,255,216,255,193,4,55,164,129,151,127,125,145,192,207,0
348.681305,348.524323,105,255,216,255,193,5,59,164,1,151,127,125,145,192,207,0
348.846161,348.692535,105,254,216,255,194,5,56,164,129,151,127,125,145,192,207,0
349.010986,348.860901,105,254,216,255,193,4,53,164,1,151,127,125,145,192,207,0
349.175812,349.029144,105,255,215,255,193,5,51,164,1,151,127,125,145,192,207,0
349.340668,349.192749,105,254,215,255,192,5,56,164,129,151,127,125,145,192,207,0
349.505493,349.360962,105,255,215,255,192,5,55,164,129,151,127,125,145,192,207,0
349.670319,349.524506,105,255,216,255,193,4,60,164,1,151,127,125,145,192,207,0
349.835175,349.692993,105,254,216,255,193,5,60,164,129,151,127,125,145,192,207,0
350.000000,349.861267,105,254,216,255,193,5,62,164,129,151,127,125,145,192,207,0
350.164825,350.025024,105,255,215,255,193,4,66,164,1,151,127,125,145,192,207,0
350.329681,350.194031,105,255,216,255,193,4,65,164,1,151,127,125,145,192,207,0
350.494507,350.357880,105,254,216,255,194,4,66,164,129,151,127,125,145,192,207,0
350.659332,350.526428,105,254,216,255,193,5,63,164,129,151,127,125,145,192,207,0
350.824188,350.690186,105,255,216,255,193,4,64,164,1,151,127,125,145,192,207,0
350.989014,350.858734,105,255,216,255,194,4,67,164,129,151,127,125,145,192,207,0
351.153839,351.027344,105,255,215,255,193,4,64,164,129,151,127,125,145,192,207,0
351.318695,351.191223,105,255,215,255,193,4,63,164,129,151,127,125,145,192,207,0
351.483521,351.355103,105,255,216,255,193,4,66,164,1,151,127,125,145,192,207,0
351.648346,351.523712,105,255,216,255,193,5,64,164,129,151,127,125,145,192,207,0
351.813202,351.692139,105,254,216,255,193,4,69,164,1,151,127,125,145,192,207,0
351.978027,351.860443,105,255,216,255,193,4,62,164,1,151,127,125,145,192,207,0
352.142853,352.024170,105,254,216,255,193,4,64,164,129,151,127,125,145,192,207,0
352.307678,352.193054,105,255,216,255,193,4,64,164,129,151,127,125,145,192,207,0
352.472534,352.356750,105,255,216,255,193,5,65,164,1,151,127,125,145,192,207,0
352.637360,352.525177,105,254,216,255,193,4,65,164,129,151,127,125,145,192,207,0
352.802185,352.693542,105,254,216,255,193,4,65,164,129,151,127,125,145,192,207,0
352.967041,352.857300,105,254,215,255,193,5,51,164,1,151,127,125,145,192,207,0
353.186798,353.025787,105,254,216,255,194,5,53,164,1,151,127,125,145,192,207,0
353.351654,353.189270,105,255,216,255,194,5,50,164,129,151,127,125,145,192,207,0
353.516479,353.357697,105,255,215,255,193,4,53,164,1,151,127,125,145,192,207,0
353.681305,353.526001,105,255,216,255,194,5,50,164,1,151,127,125,145,192,207,0
353.846161,353.689667,105,255,216,255,194,4,56,164,129,151,127,125,145,192,207,0
354.010986,353.858002,105,255,216,255,193,4,58,164,129,151,127,125,145,192,207,0
354.175812,354.022278,105,255,216,255,193,4,58,164,129,151,127,125,145,192,207,0
354.340668,354.186035,105,255,215,255,194,5,59,164,129,151,127,125,145,192,207,0
354.505493,354.349854,105,254,216,255,193,4,57,164,129,151,127,125,145,192,207,0
354.670319,354.513580,105,254,216,255,194,5,57,164,1,151,127,125,145,192,207,0
354.835175,354.681854,105,254,216,255,193,4,60,164,1,151,127,125,145,192,207,0
355.000000,354.845428,105,255,216,255,193,5,63,164,129,151,127,125,145,192,207,0
355.164825,355.013763,105,254,216,255,194,4,59,164,1,151,127,125,145,192,207,0
355.329681,355.182068,105,254,216,255,192,4,62,164,1,151,127,125,145,192,207,0
355.494507,355.345673,105,254,215,255,194,4,60,164,129,151,127,125,145,192,207,0
355.659332,355.514160,105,254,216,255,194,5,62,164,129,151,127,125,145,192,207,0
355.824188,355.677826,105,255,215,255,194,4,55,164,1,151,127,125,145,192,207,0
355.989014,355.846283,105,255,215,255,194,4,57,164,1,151,127,125,145,192,207,0
356.153839,356.010620,105,254,216,255,194,4,57,164,1,151,127,125,145,192,207,0
356.318695,356.174438,105,255,216,255,193,4,58,164,1,151,127,125,145,192,207,0
356.483521,356.338135,105,254,216,255,194,5,60,164,1,151,127,125,145,192,207,0
356.648346,356.501984,105,254,215,255,194,5,59,164,129,151,127,125,145,192,207,0
356.813202,356.670563,105,255,216,255,194,5,61,164,129,151,127,125,145,192,207,0
356.978027,356.834351,105,255,216,255,193,4,60,164,1,151,127,125,145,192,207,0
357.142853,357.002838,105,254,216,255,194,4,63,164,129,151,127,125,145,192,207,0
357.307678,357.171448,105,255,216,255,194,5,65,164,129,151,127,125,145,192,207,0
384.175812,384.014160,105,255,214,255,194,4,66,163,1,151,127,125,145,192,207,0
384.340668,384.182404,105,254,215,255,193,4,67,164,1,151,127,125,145,192,207,0
384.505493,384.345978,105,254,215,255,193,5,66,163,129,151,127,125,145,192,207,0
384.670319,384.514313,105,254,215,255,192,4,64,164,129,151,127,125,145,192,207,0
384.835175,384.678040,105,255,214,255,194,5,66,164,1,151,127,125,145,192,207,0
385.000000,384.846436,105,254,214,255,194,4,60,164,129,151,127,125,145,192,207,0
385.164825,385.014862,105,254,215,255,193,5,66,164,129,151,127,125,145,192,207,0
385.329681,385.178650,105,255,214,255,193,4,57,164,1,151,127,125,145,192,207,0
385.494507,385.347107,105,255,214,255,193,4,64,164,1,151,127,125,145,192,207,0
385.659332,385.510925,105,255,214,255,192,4,60,164,129,151,127,125,145,192,207,0
385.824188,385.679993,105,255,214,255,193,4,62,163,1,151,127,125,145,192,207,0
385.989014,385.848541,105,255,214,255,194,4,67,164,1,151,127,125,145,192,207,0
386.153839,386.012360,105,255,214,255,194,4,72,164,129,151,127,125,145,192,207,0
386.318695,386.180847,105,255,214,255,193,4,65,163,1,151,127,125,145,192,207,0
386.483521,386.349274,105,255,214,255,194,5,58,163,1,151,127,125,145,192,207,0
386.648346,386.513092,105,255,214,255,193,4,53,163,129,151,127,125,145,192,207,0
386.813202,386.681458,105,254,214,255,194,4,51,164,129,151,127,125,145,192,207,0
386.978027,386.845337,105,254,214,255,194,5,48,164,1,151,127,125,145,192,207,0
387.142853,387.013794,105,255,214,255,194,4,51,164,129,151,127,125,145,192,207,0
387.307678,387.182220,105,254,214,255,193,4,47,164,129,151,127,125,145,192,207,0
387.472534,387.345978,105,254,214,255,194,4,53,164,1,151,127,125,145,192,207,0
387.637360,387.514221,105,255,214,255,194,5,48,163,1,151,127,125,145,192,207,0
387.802185,387.678558,105,255,214,255,193,5,56,163,129,151,127,125,145,192,207,0
387.967041,387.846741,105,254,214,255,193,5,56,163,129,151,127,125,145,192,207,0
388.131866,388.010345,105,254,214,255,193,4,55,164,1,151,127,125,145,192,207,0
388.351654,388.178711,105,255,214,255,193,4,57,163,129,151,127,125,145,192,207,0
388.516479,388.346893,105,255,214,255,193,5,53,164,129,151,127,125,145,192,207,0
388.681305,388.510590,105,255,214,255,194,5,56,163,1,151,127,125,145,192,207,0
388.846161,388.678833,105,255,214,255,193,4,52,164,1,151,127,125,145,192,207,0
389.010986,388.842499,105,254,214,255,194,4,55,163,129,151,127,125,145,192,207,0
389.175812,389.010803,105,254,214,255,193,5,58,163,1,151,127,125,145,192,207,0
389.340668,389.179047,105,255,214,255,193,4,58,163,1,151,127,125,145,192,207,0
389.505493,389.342651,105,254,214,255,193,5,52,163,129,151,127,125,145,192,207,0
389.670319,389.510956,105,254,214,255,194,5,52,163,129,151,127,125,145,192,207,0
389.835175,389.674561,105,254,214,255,193,4,52,163,1,151,127,125,145,192,207,0
390.000000,389.842957,105,255,214,255,193,5,56,163,1,151,127,125,145,192,207,0
390.164825,390.006683,105,254,214,255,194,5,56,164,129,151,127,125,145,192,207,0
390.329681,390.175110,105,254,214,255,194,4,56,164,1,151,127,125,145,192,207,0
390.494507,390.343536,105,254,214,255,193,4,59,164,1,151,127,125,145,192,207,0
390.659332,390.507324,105,255,214,255,195,4,64,163,129,151,127,125,145,192,207,0
390.824188,390.675781,105,255,214,255,193,4,65,163,1,151,127,125,145,192,207,0
390.989014,390.844269,105,255,214,255,193,5,64,163,1,151,127,125,145,192,207,0
391.153839,391.008209,105,255,214,255,193,4,63,163,129,151,127,125,145,192,207,0
391.318695,391.176666,105,255,214,255,194,4,66,163,129,151,127,125,145,192,207,0
391.483521,391.340546,105,254,214,255,193,4,64,163,1,151,127,125,145,192,207,0
391.648346,391.508972,105,255,214,255,193,5,66,163,129,151,127,125,145,192,207,0
391.813202,391.678040,105,254,214,255,194,4,62,163,129,151,127,125,145,192,207,0
391.978027,391.841766,105,254,214,255,193,4,63,163,1,151,127,125,145,192,207,0
392.142853,392.010284,105,254,214,255,194,4,65,163,1,151,127,125,145,192,207,0
392.307678,392.174103,105,254,214,255,193,4,66,163,129,151,127,125,145,192,207,0
392.472534,392.342621,105,254,214,255,194,4,59,163,1,151,127,125,145,192,207,0
392.637360,392.511047,105,255,213,255,193,4,67,163,1,151,127,125,145,192,207,0
392.802185,392.674896,105,254,214,255,194,5,67,163,129,151,127,125,145,192,207,0
392.967041,392.843201,105,255,214,255,194,4,74,163,129,151,127,125,145,192,207,0
393.131866,393.006897,105,255,214,255,193,5,66,163,1,151,127,125,145,192,207,0
393.351654,393.175293,105,255,214,255,194,4,57,163,129,151,127,125,145,192,207,0
393.516479,393.343445,105,255,213,255,195,4,54,163,129,151,127,125,145,192,207,0
393.681305,393.506897,105,255,213,255,195,4,51,163,129,151,127,125,145,192,207,0
393.846161,393.671021,105,255,214,255,194,4,51,163,1,151,127,125,145,192,207,0
394.010986,393.839233,105,255,214,255,194,4,54,163,129,151,127,125,145,192,207,0
394.175812,394.007599,105,254,213,255,195,4,48,164,1,151,127,125,145,192,207,0
394.340668,394.175934,105,255,213,255,193,4,48,164,1,151,127,125,145,192,207,0
394.505493,394.339508,105,254,214,255,194,5,53,164,1,151,127,125,145,192,207,0
394.670319,394.503204,105,254,213,255,194,4,55,163,129,151,127,125,145,192,207,0
394.835175,394.671478,105,254,214,255,194,4,56,164,1,151,127,125,145,192,207,0
395.000000,394.839874,105,255,214,255,195,5,59,163,129,151,127,125,145,192,207,0
395.164825,395.008362,105,254,214,255,195,5,56,163,129,151,127,125,145,192,207,0
395.329681,395.172272,105,255,213,255,193,4,59,164,1,151,127,125,145,192,207,0
395.494507,395.340759,105,255,214,255,194,4,59,163,1,151,127,125,145,192,207,0
395.659332,395.504486,105,254,214,255,194,4,60,164,129,151,127,125,145,192,207,0
395.824188,395.673492,105,254,213,255,193,5,60,164,1,151,127,125,145,192,207,0
395.989014,395.841919,105,255,214,255,194,4,66,163,1,151,127,125,145,192,207,0
396.153839,396.005737,105,255,214,255,194,4,57,164,129,151,127,125,145,192,207,0
396.318695,396.174225,105,255,213,255,194,5,56,163,129,151,127,125,145,192,207,0
396.483521,396.338104,105,255,213,255,194,5,50,163,1,151,127,125,145,192,207,0
396.648346,396.506714,105,254,213,255,194,4,55,164,1,151,127,125,145,192,207,0
396.813202,396.670502,105,255,214,255,194,4,55,164,129,151,127,125,145,192,207,0
396.978027,396.839020,105,255,213,255,193,4,59,164,1,151,127,125,145,192,207,0
397.142853,397.007355,105,254,214,255,194,5,56,163,1,151,127,125,145,192,207,0
397.307678,397.171082,105,254,214,255,193,4,62,163,129,151,127,125,145,192,207,0
397.472534,397.339447,105,255,214,255,194,4,62,164,129,151,127,125,145,192,207,0
397.637360,397.503174,105,254,214,255,194,4,64,163,1,151,127,125,145,192,207,0
397.802185,397.672272,105,255,213,255,193,4,64,164,129,151,127,125,145,192,207,0
397.967041,397.840607,105,255,214,255,193,4,66,164,129,151,127,125,145,192,207,0
398.131866,398.004364,105,255,213,255,194,4,66,163,1,151,127,125,145,192,207,0
398.296692,398.172760,105,255,214,255,194,4,66,163,129,151,127,125,145,192,207,0
398.516479,398.341187,105,254,214,255,193,4,68,163,129,151,127,125,145,192,207,0
398.681305,398.504822,105,255,214,255,193,4,66,164,1,151,127,125,145,192,207,0
398.846161,398.673157,105,255,213,255,194,5,62,163,1,151,127,125,145,192,207,0
399.010986,398.836792,105,255,214,255,193,4,68,163,129,151,127,125,145,192,207,0
399.175812,399.005066,105,255,213,255,194,4,63,163,1,151,127,125,145,192,207,0
399.340668,399.173340,105,255,213,255,193,5,69,163,1,151,127,125,145,192,207,0
399.505493,399.337006,105,254,213,255,193,4,69,163,129,151,127,125,145,192,207,0
399.670319,399.505951,105,255,213,255,193,5,76,163,129,151,127,125,145,192,207,0
399.835175,399.669647,105,255,213,255,194,5,68,163,1,151,127,125,145,192,207,0
400.000000,399.837830,105,255,214,255,193,4,62,164,129,151,127,125,145,192,207,0
400.164825,400.006317,105,254,213,255,193,4,56,164,129,151,127,125,145,192,207,0
400.329681,400.170074,105,254,213,255,193,4,57,164,1,151,127,125,145,192,207,0
400.494507,400.338501,105,255,213,255,193,4,57,164,1,151,127,125,145,192,207,0
400.659332,400.502228,105,255,213,255,194,4,56,163,129,151,127,125,145,192,207,0
400.824188,400.670807,105,255,213,255,194,4,51,163,1,151,127,125,145,192,207,0
400.989014,400.839203,105,254,213,255,193,4,56,164,1,151,127,125,145,192,207,0
401.153839,401.003021,105,255,213,255,194,5,48,163,129,151,127,125,145,192,207,0
401.318695,401.171478,105,254,213,255,194,4,53,163,129,151,127,125,145,192,207,0
401.483521,401.335236,105,254,213,255,194,4,56,163,1,151,127,125,145,192,207,0
401.648346,401.504822,104,254,213,255,193,4,55,164,129,151,127,125,145,192,207,0
472.802185,472.638947,121,255,213,255,190,5,89,190,129,151,127,125,145,192,207,0
472.967041,472.804077,123,254,213,255,191,5,95,191,1,151,127,125,145,192,207,0
473.131866,472.972961,125,254,213,255,190,4,103,194,1,151,127,125,145,192,207,0
473.296692,473.137146,125,255,213,255,191,5,108,194,129,151,127,125,145,192,207,0
473.461548,473.305969,127,254,213,255,190,4,116,198,1,151,127,125,145,192,207,0
473.626373,473.474640,64,0,212,255,192,4,111,198,1,151,127,125,145,192,207,0
473.791199,473.638580,128,255,213,255,190,4,109,199,129,151,127,125,145,192,207,0
474.010986,473.807373,128,0,213,255,191,5,98,199,129,151,127,125,145,192,207,0
474.175812,473.971313,127,255,212,255,192,5,147,200,1,151,127,125,145,192,207,0
474.340668,474.139923,128,255,212,255,192,5,147,200,129,151,127,125,145,192,207,0
474.505493,474.308624,128,255,213,255,192,4,147,200,129,151,127,125,145,192,207,0
474.670319,474.472717,191,254,212,255,192,4,147,199,1,151,127,125,145,192,207,0
474.835175,474.641998,128,255,212,255,191,5,147,199,1,151,127,125,145,192,207,0
475.000000,474.806061,128,255,212,255,192,4,146,200,129,151,127,125,145,192,207,0
475.164825,474.974762,127,255,211,255,192,5,146,199,1,151,127,125,145,192,207,0
475.329681,475.143463,126,255,211,255,192,4,146,195,1,151,127,125,145,192,207,0
475.494507,475.307526,120,254,211,255,193,4,146,180,129,151,127,125,145,192,207,0
475.659332,475.482086,107,254,210,255,194,4,146,168,129,151,127,125,145,192,207,0
475.824188,475.646210,106,255,210,255,196,4,146,166,1,151,127,125,145,192,207,0
475.989014,475.815063,106,255,209,255,193,4,146,165,134,151,127,125,145,192,207,0
476.153839,475.997589,106,254,208,255,194,4,146,164,128,151,127,125,145,192,207,0
476.373627,476.171082,105,255,208,255,193,4,146,164,0,151,127,125,145,192,207,0
476.538452,476.339783,105,254,208,255,194,3,146,164,6,151,127,125,145,192,207,0
476.703308,476.512970,105,255,206,255,194,3,146,164,128,151,127,125,145,192,207,0
476.868134,476.691589,105,255,206,255,194,4,146,164,0,151,127,125,145,192,207,0
477.032959,476.860382,105,254,205,255,193,3,146,164,0,151,127,125,145,192,207,0
477.197815,477.024628,105,254,205,255,193,3,146,164,0,151,127,125,145,192,207,0
477.362640,477.188751,105,255,204,255,123,4,146,164,0,151,127,125,145,192,207,0
477.527466,477.352936,105,255,203,255,81,3,146,164,0,151,127,125,145,192,207,0
477.692322,477.517090,105,254,202,255,24,4,146,164,0,151,127,125,145,192,207,0
477.857147,477.681213,105,255,200,255,23,4,146,164,128,151,127,125,145,192,207,0
478.021973,477.850037,105,255,199,255,23,4,146,163,0,151,127,125,145,192,207,0
478.186798,478.018860,105,254,199,255,24,4,146,163,0,151,127,125,145,192,207,0
478.351654,478.183014,105,255,198,255,24,3,146,163,128,151,127,125,145,192,207,0
478.516479,478.351807,105,254,197,255,24,4,146,164,0,151,127,125,145,192,207,0
478.681305,478.520599,105,254,195,255,24,3,146,164,0,151,127,125,145,192,207,0
478.846161,478.685394,105,254,194,255,24,3,146,164,128,151,127,125,145,192,207,0
479.010986,478.854309,105,255,192,255,25,4,145,163,128,151,127,125,145,192,207,0
479.175812,479.018494,105,254,192,255,24,4,146,164,0,151,127,125,145,192,207,0
479.340668,479.187103,105,254,190,255,25,4,145,164,128,151,127,125,145,192,207,0
479.560425,479.355927,105,255,190,255,25,3,145,164,128,151,127,125,145,192,207,0
479.725281,479.519897,105,255,188,255,25,4,145,164,0,151,127,125,145,192,207,0
479.890106,479.688568,105,255,187,255,25,4,145,164,128,151,127,125,145,192,207,0
480.054932,479.857178,105,255,185,255,25,4,145,164,128,151,127,125,145,192,207,0
480.219788,480.021332,105,255,185,255,25,4,145,164,128,151,127,125,145,192,207,0
480.384613,480.185303,105,254,183,255,25,4,145,164,0,151,127,125,145,192,207,0
480.549438,480.353912,105,255,182,255,25,3,145,164,128,151,127,125,145,192,207,0
480.714294,480.522491,105,254,180,255,26,4,145,164,128,151,127,125,145,192,207,0
480.879120,480.687164,105,254,178,255,26,4,145,164,0,151,127,125,145,192,207,0
481.043945,480.855957,105,255,177,255,25,3,145,164,128,151,127,125,145,192,207,0
481.208801,481.024811,105,254,175,255,26,4,145,164,128,151,127,125,145,192,207,0
481.373627,481.189026,105,255,173,255,26,4,145,164,0,151,127,125,145,192,207,0
481.538452,481.357849,105,254,172,255,28,3,145,164,128,151,127,125,145,192,207,0
481.703308,481.526520,105,255,171,255,25,4,145,164,128,151,127,125,145,192,207,0
481.868134,481.690674,105,255,168,255,27,3,145,164,0,151,127,125,145,192,207,0
482.032959,481.859924,105,254,168,255,28,4,145,164,0,151,127,125,145,192,207,0
482.197815,482.024506,105,255,167,255,28,4,145,164,128,151,127,125,145,192,207,0
482.362640,482.193573,105,255,164,255,27,4,145,164,0,151,127,125,145,192,207,0
482.527466,482.362701,105,255,162,255,27,3,145,164,0,151,127,125,145,192,207,0
482.692322,482.527039,105,255,155,255,28,4,145,164,128,151,127,125,145,192,207,0
482.857147,482.696838,105,255,141,255,27,4,145,164,128,151,127,125,145,192,207,0
483.021973,482.861237,105,255,137,255,28,4,145,164,0,151,127,125,145,192,207,0
483.186798,483.030334,105,254,130,255,27,4,145,164,128,151,127,125,145,192,207,0
483.406586,483.199493,105,255,117,255,27,3,145,164,128,151,127,125,145,192,207,0
483.571442,483.363800,105,255,108,255,28,3,145,164,0,151,127,125,145,192,207,0
483.736267,483.532745,105,254,100,255,28,4,145,164,0,151,127,125,145,192,207,0
483.901093,483.697113,105,254,86,255,28,4,145,164,128,151,127,125,145,192,207,0
484.065948,483.866180,105,255,81,255,27,4,145,164,128,151,127,125,145,192,207,0
484.230774,484.030518,105,255,68,255,28,4,145,164,0,151,127,125,145,192,207,0
484.395599,484.199585,0,254,56,255,40,4,145,163,129,151,127,125,145,192,207,0
484.560425,484.373260,0,255,46,255,78,4,145,163,129,151,127,125,145,192,207,0
484.725281,484.538422,0,255,38,255,125,4,145,163,1,151,127,125,145,192,207,0
484.890106,484.707703,0,255,29,228,174,4,145,163,128,151,127,125,145,192,207,0
485.054932,484.881409,0,255,24,189,194,3,145,163,128,151,127,125,145,192,207,0
485.219788,485.045837,0,254,16,129,194,4,145,163,0,151,127,125,145,192,207,0
485.384613,485.215027,0,254,16,129,194,4,145,163,0,151,127,125,145,192,207,0
485.549438,485.379669,63,254,16,129,194,4,145,163,0,151,127,125,145,192,207,0
485.714294,485.544281,63,254,16,129,194,4,145,163,0,151,127,125,145,192,207,0
485.879120,485.708801,63,254,16,129,194,4,145,163,0,151,127,125,145,192,207,0
