AERODESIGN
   tmx-1 baseline aerodata (missle datcom)
   10.00000   9.00000  21.8297    1.58500  -34.48000  15.93000   2.34563
   19.00000  63.61730   4.00000  10.50000    3.62740  17.79380  14.22000

AERODESIGN
   tmx-1 baseline aerodata
   10.00000   9.00000  20.67420   1.39199 -21.82187  11.95885   1.96837
   19.00000  63.61730   4.00000  10.50000   3.50661  15.66799   9.49961

AERODESIGN
   tlx-1 baseline aerodata
   4.00000   9.00000  22.86750   0.34116 -41.93961  16.52507       3.35234
   20.38000  63.61730   7.50000  15.25000   6.52154  15.62697  16.50624

AERODESIGN
   MIT trx-12B with 13 inch extension
   10.00000      9.00000 358.19919      37.97015-673.84003 182.94254    4.19482
   19.00000  63.61730  32.00000  84.00000  55.27135 302.20618  16.93069

AERODESIGN
   trx-12C with 13 inch extension aerodata
    5.00000   9.00000  17.10538   1.37696 -21.29773   8.78601   2.38892
    9.50000  63.61730   4.00000  10.50000   3.16092  13.22548  11.20581

AERODESIGN
   TRX-12B/C
   10.00000   9.00000  21.51901   1.39384 -28.41486  12.25894   0.86140
   19.00000  63.61730   4.00000  10.50000   3.48914  15.50886  11.88409

AERODESIGN
   trx-12B with 13 inch extension modified (3rd) aerodata (chassis with extension)
   10.00000   9.00000  64.08200   6.99700 -83.78360  45.11400    1.97725
   19.00000  63.61730   8.00000  21.00000   9.84517  42.19248  11.76663

AERODESIGN
   trx-12B with 13 inch extension modified (1st) aerodata (chassis with extension)
   10.00000   9.00000  66.80680   7.29260 -87.34600  47.03460    1.97725
   19.00000  63.61730   8.00000  21.00000   9.84517  42.19248  11.76663

AERODESIGN
   trx-12B with 13 inch extension aerodata (chassis with extension)
   10.00000   9.00000  52.75906   4.59368 -68.97739  29.62612   1.97725
   19.00000  63.61730   8.00000  21.00000   9.84517  42.19248  11.76663

AERODESIGN
   chassis-1 baseline aerodata
   10.00000   9.00000  52.74746   4.59356 -10.56791  26.20909   0.77393
   19.00000  63.61730   8.00000  21.00000   9.84517  42.19230   1.80314

AERODESIGN
   trx-12 with 13 inch extension aerodata
   10.00000   9.00000  82.68884   7.26875-113.25859  42.44198   2.09921
   24.00000  63.61730  11.00000  27.00000  15.02209  65.14574  12.32727

AERODESIGN
   trx-12 baseline aerodata
   10.00000   9.00000  85.21411   7.44666 -12.24612  39.22814   2.54059
   24.00000  63.61730  11.00000  27.00000  15.88600  68.62966   1.29339

AERODESIGN
	tracor design
    5.00000   7.00000  67.80517   2.66285 -13.13363  19.18553   0.59011
   20.00000  38.48450   7.00000  20.00000   9.07746  57.83185   1.35588

AERODESIGN
   fsd250
    2.96000   6.00000  16.31304   1.52368  -2.06934   5.99427   0.57338
    6.60000  28.27430   2.96000   6.60000   3.51129  12.19736   0.76111

AERODESIGN
   fsd250a
    2.96000   6.00000  21.95050   1.57965  -2.78920   6.59815   0.66568
    6.60000  28.27430   2.96000   8.60000   3.51129  17.83482   0.76241

AERODESIGN
   fsd115
    7.00000   6.00000  67.65534   6.77646  -8.54219  29.09925   0.43535
   15.70000  28.27430   7.00000  15.70000  14.41325  52.58467   0.75756
