0.000000,0.000000,89,255,50,255,31,2,72,175,128,0,0,0,0,0,0,0
0.274725,0.260551,122,255,50,255,36,1,64,133,0,0,0,0,0,0,0,0
0.549451,0.548263,99,255,47,255,35,1,68,137,128,0,0,0,0,0,0,0
0.824176,0.810506,91,255,46,255,36,1,72,136,0,0,0,0,0,0,0,0
1.098901,1.074648,121,255,46,255,31,2,63,180,0,0,0,0,0,0,0,0
1.318681,1.308348,87,255,44,255,36,1,72,133,0,0,0,0,0,0,0,0
1.593407,1.569932,111,255,44,255,33,2,71,167,128,0,0,0,0,0,0,0
1.868132,1.857436,122,255,43,255,32,2,72,161,0,0,0,0,0,0,0,0
2.142857,2.118990,89,255,42,255,30,3,61,188,128,0,0,0,0,0,0,0
2.362637,2.352416,98,255,42,255,34,1,71,145,0,0,0,0,0,0,0,0
2.637363,2.615937,116,255,41,255,34,1,63,187,128,0,0,0,0,0,0,0
2.912088,2.904621,90,255,40,255,29,3,72,187,0,0,0,0,0,0,0,0
3.186813,3.165228,90,255,40,255,29,3,72,187,0,0,0,0,0,0,0,0
3.406593,3.398627,103,255,40,255,33,2,72,174,0,0,0,0,0,0,0,0
3.681319,3.658776,106,255,39,255,32,2,86,157,128,0,0,0,0,0,0,0
3.956044,3.948326,94,255,38,255,31,2,83,181,0,0,0,0,0,0,0,0
4.230769,4.215690,85,255,38,255,32,2,86,183,128,0,0,0,0,0,0,0
4.450550,4.449756,95,255,38,255,34,1,67,140,0,0,0,0,0,0,0,0
4.725275,4.710973,86,255,38,255,34,2,88,140,0,0,0,0,0,0,0,0
5.000000,4.998632,93,255,35,255,35,1,68,139,0,0,0,0,0,0,0,0
5.274725,5.262107,118,255,36,255,34,1,80,154,0,0,0,0,0,0,0,0
5.549450,5.524863,94,255,34,255,35,1,79,139,0,0,0,0,0,0,0,0
5.769231,5.756986,85,255,35,255,35,1,79,139,0,0,0,0,0,0,0,0
6.043956,6.016832,113,255,33,255,35,1,80,134,128,0,0,0,0,0,0,0
6.318681,6.293037,90,255,34,255,30,2,64,180,0,0,0,0,0,0,0,0
6.593407,6.590629,89,255,33,255,35,1,63,130,128,0,0,0,0,0,0,0
6.868132,6.850005,111,255,32,247,32,2,80,165,0,0,0,0,0,0,0,0
7.087912,7.084069,97,255,32,251,32,2,80,160,128,0,0,0,0,0,0,0
7.362638,7.344878,96,247,31,244,33,2,79,156,0,0,0,0,0,0,0,0
7.637362,7.633615,95,246,29,241,31,2,71,183,128,0,0,0,0,0,0,0
7.912088,7.891357,112,240,29,235,32,2,75,180,0,0,0,0,0,0,0,0
8.131868,8.122864,123,237,30,238,36,1,69,130,128,0,0,0,0,0,0,0
8.406593,8.383057,96,234,29,232,34,2,84,160,0,0,0,0,0,0,0,0
8.681318,8.668570,107,231,29,232,35,2,68,141,128,0,0,0,0,0,0,0
8.956044,8.929380,109,224,27,218,32,2,69,164,0,0,0,0,0,0,0,0
9.175824,9.160169,92,219,28,220,34,1,64,154,128,0,0,0,0,0,0,0
9.450549,9.446858,107,218,28,219,35,1,79,141,0,0,0,0,0,0,0,0
9.725275,9.705314,103,216,27,214,33,1,85,154,128,0,0,0,0,0,0,0
9.945055,9.936563,90,212,25,204,33,2,59,148,0,0,0,0,0,0,0,0
10.219780,10.197633,98,211,26,206,32,2,71,169,128,0,0,0,0,0,0,0
10.494506,10.482169,88,208,26,207,32,2,64,177,0,0,0,0,0,0,0,0
10.769231,10.740411,87,205,25,200,32,2,88,136,128,0,0,0,0,0,0,0
10.989011,10.972030,103,201,25,194,33,2,82,156,0,0,0,0,0,0,0,0
11.263737,11.256517,110,200,24,194,32,2,80,163,128,0,0,0,0,0,0,0
11.538462,11.513795,98,195,26,196,34,1,88,160,128,0,0,0,0,0,0,0
11.758242,11.745096,122,194,23,186,36,1,84,133,0,0,0,0,0,0,0,0
12.032967,12.030862,88,191,25,198,37,1,79,133,128,0,0,0,0,0,0,0
12.307693,12.291058,118,190,24,192,31,3,75,187,0,0,0,0,0,0,0,0
12.527472,12.525073,87,188,24,188,32,3,64,189,128,0,0,0,0,0,0,0
12.802197,12.784448,88,185,24,184,35,2,71,144,0,0,0,0,0,0,0,0
13.076923,13.072160,93,182,22,181,31,3,72,178,0,0,0,0,0,0,0,0
13.351648,13.332770,87,182,22,182,31,3,79,183,0,0,0,0,0,0,0,0
13.571428,13.565246,93,181,22,179,36,1,82,139,128,0,0,0,0,0,0,0
13.846154,13.825599,87,177,21,174,31,3,66,179,0,0,0,0,0,0,0,0
14.120879,14.112697,108,176,21,169,33,2,72,157,128,0,0,0,0,0,0,0
14.395604,14.374328,105,172,21,169,33,2,69,172,0,0,0,0,0,0,0,0
14.615385,14.605577,121,171,20,166,36,1,80,137,128,0,0,0,0,0,0,0
14.890110,14.865312,104,170,21,170,31,2,80,165,0,0,0,0,0,0,0,0
15.164835,15.151133,96,169,20,159,35,1,84,137,0,0,0,0,0,0,0,0
15.439561,15.410760,109,165,20,164,34,2,84,150,128,0,0,0,0,0,0,0
15.659341,15.642426,123,162,20,160,49,1,80,135,128,0,0,0,0,0,0,0
15.934066,15.928289,88,160,19,155,61,2,77,182,0,0,0,0,0,0,0,0
16.208792,16.186132,89,155,19,150,73,3,64,175,0,0,0,0,0,0,0,0
16.428572,16.419788,122,153,19,155,83,2,83,187,128,0,0,0,0,0,0,0
16.703297,16.678192,84,153,18,147,88,2,86,178,0,0,0,0,0,0,0,0
16.978022,16.963341,90,149,18,150,86,3,72,186,128,0,0,0,0,0,0,0
17.197802,17.193623,103,146,17,137,95,2,65,153,0,0,0,0,0,0,0,0
17.472527,17.453209,88,144,18,147,107,2,72,175,128,0,0,0,0,0,0,0
17.747253,17.740253,85,141,18,140,100,2,66,175,0,0,0,0,0,0,0,0
18.021978,17.997227,88,139,17,133,111,2,64,188,128,0,0,0,0,0,0,0
18.241758,18.229191,108,137,18,140,122,2,63,176,0,0,0,0,0,0,0,0
18.516483,18.488365,88,136,18,137,118,2,64,186,128,0,0,0,0,0,0,0
18.791208,18.773325,122,133,16,128,124,1,72,187,0,0,0,0,0,0,0,0
19.010988,19.005228,106,132,16,136,128,2,55,157,128,0,0,0,0,0,0,0
19.285715,19.264248,96,132,18,140,118,2,76,160,0,0,0,0,0,0,0,0
19.560440,19.550138,99,134,18,143,118,3,67,180,128,0,0,0,0,0,0,0
19.835165,19.808619,85,134,18,134,108,1,80,130,0,0,0,0,0,0,0,0
20.054945,20.042843,95,134,17,139,99,2,80,141,128,0,0,0,0,0,0,0
20.329670,20.301706,116,136,17,140,115,2,79,151,0,0,0,0,0,0,0,0
20.604395,20.587679,122,137,19,143,104,3,80,183,128,0,0,0,0,0,0,0
20.879122,20.847271,84,139,18,144,104,1,84,165,128,0,0,0,0,0,0,0
21.098902,21.079227,89,140,17,141,92,2,79,188,0,0,0,0,0,0,0,0
21.373627,21.365301,88,141,18,141,96,2,80,145,128,0,0,0,0,0,0,0
21.648352,21.624166,102,141,17,144,104,2,79,151,0,0,0,0,0,0,0,0
21.868132,21.855417,113,142,18,142,102,2,78,169,128,0,0,0,0,0,0,0
22.142857,22.115202,97,140,18,143,110,2,82,143,0,0,0,0,0,0,0,0
22.417582,22.402052,103,141,19,150,109,1,82,156,128,0,0,0,0,0,0,0
22.692308,22.661884,121,144,17,143,98,2,79,188,0,0,0,0,0,0,0,0
22.912088,22.891449,122,148,19,147,70,2,80,187,128,0,0,0,0,0,0,0
23.186813,23.179207,88,149,18,152,57,3,72,169,0,0,0,0,0,0,0,0
23.461538,23.435719,121,150,19,151,67,1,75,132,128,0,0,0,0,0,0,0
23.681318,23.668505,122,149,18,150,61,3,72,189,0,0,0,0,0,0,0,0
23.956043,23.927885,88,148,19,153,71,2,79,145,128,0,0,0,0,0,0,0
24.230770,24.214211,121,150,19,152,73,2,71,189,0,0,0,0,0,0,0,0
24.450550,24.442699,85,153,19,152,73,2,71,189,0,0,0,0,0,0,0,0
24.725275,24.701973,95,152,19,152,75,2,64,188,128,0,0,0,0,0,0,0
25.000000,24.988508,111,150,19,153,76,2,71,166,128,0,0,0,0,0,0,0
25.274725,25.247477,103,153,19,157,75,2,88,176,128,0,0,0,0,0,0,0
25.494505,25.479904,123,155,21,161,78,1,64,134,0,0,0,0,0,0,0,0
25.769230,25.739386,90,156,19,157,74,2,64,181,128,0,0,0,0,0,0,0
26.043957,26.027199,89,159,20,166,78,2,71,134,0,0,0,0,0,0,0,0
26.318682,26.288061,121,160,20,159,77,2,75,188,128,0,0,0,0,0,0,0
26.538462,26.521358,93,159,20,164,72,3,80,184,0,0,0,0,0,0,0,0
26.813187,26.781248,105,162,20,160,76,1,63,155,128,0,0,0,0,0,0,0
27.087912,27.069521,103,161,19,164,78,2,82,152,0,0,0,0,0,0,0,0
27.362637,27.330227,98,160,20,162,76,2,63,151,128,0,0,0,0,0,0,0
27.582418,27.563221,87,162,21,163,74,2,74,173,0,0,0,0,0,0,0,0
27.857143,27.823774,115,162,20,163,79,2,80,132,128,0,0,0,0,0,0,0
28.131868,28.110781,101,162,21,162,75,1,79,149,0,0,0,0,0,0,0,0
28.406593,28.372860,122,163,21,167,78,1,64,190,128,0,0,0,0,0,0,0
28.626373,28.605495,102,162,21,166,75,2,79,153,0,0,0,0,0,0,0,0
28.901098,28.891870,84,164,21,165,73,2,59,175,128,0,0,0,0,0,0,0
29.175825,29.151043,112,164,21,168,78,1,71,139,0,0,0,0,0,0,0,0
29.395605,29.382347,105,164,22,168,76,2,87,152,0,0,0,0,0,0,0,0
29.670330,29.641571,100,164,20,162,75,2,80,166,0,0,0,0,0,0,0,0
29.945055,29.928770,89,166,20,164,73,2,79,183,0,0,0,0,0,0,0,0
30.219780,30.187586,103,165,21,165,76,2,71,160,0,0,0,0,0,0,0,0
30.439560,30.418993,90,166,20,165,79,1,80,135,0,0,0,0,0,0,0,0
30.714285,30.705057,115,167,21,168,79,2,88,144,128,0,0,0,0,0,0,0
30.989012,30.965000,88,169,21,175,74,2,64,185,0,0,0,0,0,0,0,0
31.208792,31.198046,87,170,22,174,77,2,80,136,128,0,0,0,0,0,0,0
31.483517,31.459366,116,169,21,167,79,2,87,134,0,0,0,0,0,0,0,0
31.758242,31.747028,103,162,21,166,75,2,79,156,128,0,0,0,0,0,0,0
32.032967,32.005947,120,163,20,163,78,1,79,133,0,0,0,0,0,0,0,0
32.252747,32.238937,87,163,20,168,76,3,64,190,128,0,0,0,0,0,0,0
32.527473,32.496471,87,163,20,162,74,3,57,189,0,0,0,0,0,0,0,0
32.802197,32.783104,121,166,22,174,74,2,64,179,128,0,0,0,0,0,0,0
33.076923,33.044842,98,168,21,171,76,252,96,145,0,0,0,0,0,0,0,0
33.296703,33.277729,98,169,22,173,75,251,59,149,128,0,0,0,0,0,0,0
33.571430,33.538284,85,171,22,173,76,251,82,178,0,0,0,0,0,0,0,0
33.846153,33.826813,117,171,23,174,77,252,63,149,128,0,0,0,0,0,0,0
34.120880,34.085117,81,172,22,178,75,252,74,165,128,0,0,0,0,0,0,0
34.340660,34.316517,80,171,22,173,78,251,63,171,0,0,0,0,0,0,0,0
34.615383,34.602386,80,173,22,178,77,251,55,122,0,0,0,0,0,0,0,0
34.890110,34.861305,79,175,22,176,77,251,64,122,0,0,0,0,0,0,0,0
35.109890,35.090866,82,174,23,179,76,251,72,125,128,0,0,0,0,0,0,0
35.384617,35.349781,82,173,22,171,76,251,83,125,0,0,0,0,0,0,0,0
35.659340,35.634888,101,176,22,175,76,251,73,153,128,0,0,0,0,0,0,0
35.879120,35.867462,108,178,24,188,73,251,67,142,0,0,0,0,0,0,0,0
36.153847,36.126690,109,180,22,183,77,251,92,121,0,0,0,0,0,0,0,0
36.428570,36.412457,88,180,23,179,76,251,79,136,128,0,0,0,0,0,0,0
36.703297,36.670658,84,183,23,189,77,251,79,134,0,0,0,0,0,0,0,0
36.923077,36.903286,80,185,24,190,76,251,64,131,128,0,0,0,0,0,0,0
37.197803,37.161030,81,186,24,188,76,251,65,141,0,0,0,0,0,0,0,0
37.472527,37.446335,84,187,23,186,76,251,87,127,128,0,0,0,0,0,0,0
37.692307,37.677429,93,187,25,196,75,2,76,162,0,0,0,0,0,0,0,0
37.967033,37.935783,97,189,24,197,75,2,99,147,0,0,0,0,0,0,0,0
38.241756,38.221500,123,188,24,190,73,3,91,187,0,0,0,0,0,0,0,0
38.516483,38.481403,112,188,24,191,79,1,83,171,0,0,0,0,0,0,0,0
38.736263,38.714123,100,187,24,187,76,252,89,162,128,0,0,0,0,0,0,0
39.010990,38.972652,88,186,23,187,76,251,76,135,0,0,0,0,0,0,0,0
39.285713,39.259064,87,187,23,183,76,251,88,132,128,0,0,0,0,0,0,0
39.505493,39.489292,100,184,24,188,75,251,69,151,0,0,0,0,0,0,0,0
39.780220,39.748466,84,180,22,177,77,1,70,120,128,0,0,0,0,0,0,0
40.054947,40.035664,81,177,22,175,76,1,64,124,0,0,0,0,0,0,0,0
40.329670,40.294632,96,178,22,183,75,2,77,168,128,0,0,0,0,0,0,0
40.549450,40.527828,84,178,22,174,77,251,72,136,128,0,0,0,0,0,0,0
40.824177,40.787766,82,176,22,176,75,251,67,142,0,0,0,0,0,0,0,0
41.098900,41.074608,107,175,22,175,76,251,90,141,128,0,0,0,0,0,0,0
41.373627,41.334202,99,173,22,173,75,252,74,173,0,0,0,0,0,0,0,0
41.593407,41.566669,121,174,22,176,77,251,73,132,128,0,0,0,0,0,0,0
41.868134,41.853252,79,173,21,170,78,250,83,123,0,0,0,0,0,0,0,0
42.142857,42.112328,79,172,22,177,77,252,76,165,128,0,0,0,0,0,0,0
42.362637,42.345467,85,171,21,170,76,251,74,129,0,0,0,0,0,0,0,0
42.637363,42.604950,104,172,22,178,76,252,92,158,128,0,0,0,0,0,0,0
42.912086,42.891685,112,170,22,168,75,251,90,171,0,0,0,0,0,0,0,0
43.186813,43.151527,123,169,21,167,78,251,87,126,128,0,0,0,0,0,0,0
43.406593,43.383034,118,167,21,167,79,251,87,122,0,0,0,0,0,0,0,0
43.681320,43.643383,78,168,21,168,76,251,83,121,0,0,0,0,0,0,0,0
43.956043,43.930172,93,166,20,164,75,252,84,163,128,0,0,0,0,0,0,0
44.175823,44.161781,112,162,20,160,76,252,85,147,0,0,0,0,0,0,0,0
44.450550,44.422436,97,160,20,161,75,252,83,147,128,0,0,0,0,0,0,0
44.725273,44.710201,105,159,20,156,74,252,85,182,0,0,0,0,0,0,0,0
45.000000,44.969631,115,154,19,151,88,252,91,184,128,0,0,0,0,0,0,0
45.219780,45.200367,84,147,17,140,90,252,83,157,128,0,0,0,0,0,0,0
45.494507,45.459541,87,143,18,142,124,252,71,151,128,0,0,0,0,0,0,0
45.769230,45.744694,91,144,18,144,138,252,67,156,0,0,0,0,0,0,0,0
46.043957,46.004230,105,142,19,140,122,252,69,184,128,0,0,0,0,0,0,0
46.263737,46.235016,86,140,17,135,94,251,76,140,0,0,0,0,0,0,0,0
46.538460,46.521854,116,136,15,127,105,252,77,185,128,0,0,0,0,0,0,0
46.813187,46.780926,85,134,16,127,132,251,68,130,128,0,0,0,0,0,0,0
47.032967,47.011204,87,133,17,129,139,252,67,151,0,0,0,0,0,0,0,0
47.307693,47.268684,100,129,16,125,138,252,68,169,128,0,0,0,0,0,0,0
47.582417,47.552666,83,124,16,128,153,251,64,159,0,0,0,0,0,0,0,0
47.802197,47.784473,86,123,15,116,151,252,59,149,128,0,0,0,0,0,0,0
48.076923,48.043442,89,125,16,130,165,252,64,155,0,0,0,0,0,0,0,0
48.351650,48.329212,82,127,15,120,140,252,63,174,128,0,0,0,0,0,0,0
48.626373,48.587978,91,127,16,136,121,252,76,158,0,0,0,0,0,0,0,0
48.846153,48.818867,93,126,16,123,122,252,74,161,128,0,0,0,0,0,0,0
49.120880,49.104477,81,129,17,134,131,252,70,187,0,0,0,0,0,0,0,0
49.395603,49.363140,88,131,17,135,117,251,76,152,0,0,0,0,0,0,0,0
49.615383,49.595158,90,133,18,135,106,252,77,155,128,0,0,0,0,0,0,0
49.890110,49.854229,84,135,17,139,110,251,74,134,0,0,0,0,0,0,0,0
50.164837,50.140812,104,138,18,142,96,252,73,185,128,0,0,0,0,0,0,0
50.439560,50.397381,112,137,18,146,88,252,76,185,0,0,0,0,0,0,0,0
50.659340,50.629448,105,142,17,146,88,252,64,159,128,0,0,0,0,0,0,0
50.934067,50.915829,120,146,19,152,67,250,69,188,0,0,0,0,0,0,0,0
51.208790,51.172802,86,149,19,155,51,252,63,190,0,0,0,0,0,0,0,0
51.428570,51.402363,111,154,19,155,52,251,57,129,128,0,0,0,0,0,0,0
51.703297,51.660767,123,158,21,165,49,251,60,188,128,0,0,0,0,0,0,0
51.978024,51.948215,95,161,21,173,47,251,54,145,128,0,0,0,0,0,0,0
52.197803,52.181007,120,169,21,179,44,252,61,183,0,0,0,0,0,0,0,0
52.472527,52.441715,88,173,24,192,48,251,57,142,128,0,0,0,0,0,0,0
52.747253,52.729069,86,183,25,201,46,252,67,148,0,0,0,0,0,0,0,0
53.021976,52.988548,108,196,26,211,45,252,63,164,128,0,0,0,0,0,0,0
53.241756,53.220928,119,205,27,221,47,252,63,159,128,0,0,0,0,0,0,0
53.516483,53.480408,110,216,29,232,50,251,67,123,128,0,0,0,0,0,0,0
53.791210,53.768120,88,227,31,237,49,251,61,124,128,0,0,0,0,0,0,0
54.065933,54.027954,103,236,31,246,46,251,62,156,0,0,0,0,0,0,0,0
54.285713,54.260738,80,246,36,255,48,251,63,124,128,0,0,0,0,0,0,0
54.560440,54.522881,79,255,35,255,46,251,62,122,0,0,0,0,0,0,0,0
54.835163,54.811974,86,255,37,255,46,252,69,149,128,0,0,0,0,0,0,0
55.109890,55.073963,99,255,38,255,45,251,51,150,0,0,0,0,0,0,0,0
55.329670,55.307468,85,255,41,255,46,251,57,173,128,0,0,0,0,0,0,0
55.604397,55.567558,91,255,43,255,45,252,60,157,0,0,0,0,0,0,0,0
55.879120,55.855835,85,255,43,255,45,252,60,157,0,0,0,0,0,0,0,0
56.153847,56.118847,83,255,45,255,46,251,55,124,0,0,0,0,0,0,0,0
56.373627,56.350502,87,255,50,255,49,251,53,123,0,0,0,0,0,0,0,0
56.648350,56.611519,83,255,53,255,45,251,55,170,128,0,0,0,0,0,0,0
56.923077,56.900616,89,255,56,255,44,252,54,181,0,0,0,0,0,0,0,0
57.197803,57.162243,121,255,60,255,44,252,61,185,128,0,0,0,0,0,0,0
57.417583,57.394974,84,255,63,255,46,251,57,142,128,0,0,0,0,0,0,0
57.692307,57.657017,98,255,64,255,46,251,55,131,128,0,0,0,0,0,0,0
57.967033,57.944679,104,255,68,255,46,251,58,141,0,0,0,0,0,0,0,0
58.241756,58.204262,100,255,71,255,46,251,58,141,0,0,0,0,0,0,0,0
58.461540,58.438938,92,255,75,255,45,252,70,158,128,0,0,0,0,0,0,0
58.736263,58.699493,118,255,79,255,45,2,61,159,0,0,0,0,0,0,0,0
59.010990,58.987106,105,255,80,255,45,1,55,168,128,0,0,0,0,0,0,0
59.285713,59.250984,109,255,86,255,50,3,66,179,1,0,0,0,0,0,0,0
59.505493,59.483208,112,255,88,255,105,2,62,181,129,0,0,0,0,0,0,0
59.780220,59.744892,111,255,91,255,194,2,45,153,1,0,0,0,0,0,0,0
60.054947,60.032703,114,255,97,255,192,1,30,153,129,0,0,0,0,0,0,0
60.329670,60.293465,97,255,101,255,189,3,49,170,1,0,0,0,0,0,0,0
60.549450,60.526913,92,255,106,255,191,1,48,165,129,0,0,0,0,0,0,0
60.824177,60.787262,110,255,110,255,192,1,54,181,1,0,0,0,0,0,0,0
61.098900,61.078144,99,255,113,255,190,1,60,167,129,0,0,0,0,0,0,0
61.373627,61.340031,106,255,119,255,191,2,69,159,1,0,0,0,0,0,0,0
61.648350,61.601837,113,255,123,255,188,2,71,182,129,0,0,0,0,0,0,0
61.868134,61.835876,113,255,128,255,190,2,72,173,1,0,0,0,0,0,0,0
62.142857,62.096901,108,255,133,255,193,2,73,188,1,0,0,0,0,0,0,0
62.417583,62.387981,106,255,137,255,192,2,72,157,1,0,0,0,0,0,0,0
62.692307,62.649105,123,255,142,255,189,2,73,175,1,0,0,0,0,0,0,0
62.912086,62.883579,111,255,144,255,191,1,71,151,129,0,0,0,0,0,0,0
63.186813,63.146130,104,255,151,255,190,2,71,172,1,0,0,0,0,0,0,0
63.461540,63.435680,120,255,157,255,189,2,73,173,129,0,0,0,0,0,0,0
63.736263,63.697311,109,255,158,255,190,2,72,179,1,0,0,0,0,0,0,0
63.956043,63.931221,96,255,158,255,191,1,73,154,129,0,0,0,0,0,0,0
64.230766,64.192802,90,255,160,255,188,3,73,188,1,0,0,0,0,0,0,0
64.505493,64.481483,111,255,160,255,190,1,71,166,129,0,0,0,0,0,0,0
64.780220,64.743118,92,255,161,255,189,2,74,143,1,0,0,0,0,0,0,0
65.000000,64.976105,89,255,162,255,189,2,73,186,129,0,0,0,0,0,0,0
65.274727,65.236923,100,255,162,255,190,2,67,164,1,0,0,0,0,0,0,0
65.549454,65.524376,104,255,162,255,189,2,73,154,1,0,0,0,0,0,0,0
65.824173,65.785133,87,255,163,255,192,1,70,132,1,0,0,0,0,0,0,0
66.043953,66.019249,120,255,164,255,192,1,72,159,129,0,0,0,0,0,0,0
66.318680,66.280418,96,255,165,255,190,2,72,150,1,0,0,0,0,0,0,0
66.593407,66.545128,93,255,166,255,188,3,70,184,129,0,0,0,0,0,0,0
66.868134,66.834465,117,255,166,255,190,2,72,175,1,0,0,0,0,0,0,0
67.142860,67.095589,86,255,167,255,189,1,64,255,129,0,0,0,0,0,0,0
67.362640,67.327858,111,255,167,255,188,1,73,158,1,0,0,0,0,0,0,0
67.637360,67.615364,90,255,168,255,191,1,72,218,129,0,0,0,0,0,0,0
67.912086,67.875618,102,255,169,255,186,2,68,223,1,0,0,0,0,0,0,0
68.186813,68.138885,110,255,170,255,192,1,65,176,129,0,0,0,0,0,0,0
68.406593,68.371872,127,255,170,255,192,0,64,192,1,0,0,0,0,0,0,0
68.681320,68.631821,99,255,170,255,191,0,72,138,1,0,0,0,0,0,0,0
68.956047,68.920807,96,255,171,255,188,1,70,183,129,0,0,0,0,0,0,0
69.230766,69.183350,95,255,172,255,192,1,64,208,1,0,0,0,0,0,0,0
69.450546,69.415375,88,255,172,255,191,1,64,209,129,0,0,0,0,0,0,0
69.725273,69.675674,91,255,173,255,191,0,68,212,1,0,0,0,0,0,0,0
70.000000,69.963226,85,255,174,255,188,1,73,224,129,0,0,0,0,0,0,0
70.274727,70.225037,102,255,174,255,191,0,67,225,1,0,0,0,0,0,0,0
70.494507,70.459282,101,255,175,255,187,1,67,215,129,0,0,0,0,0,0,0
70.769234,70.720711,111,255,176,255,191,0,64,155,1,0,0,0,0,0,0,0
71.043953,71.008369,116,255,176,255,191,0,63,218,129,0,0,0,0,0,0,0
71.263733,71.240334,94,255,177,255,190,1,66,220,129,0,0,0,0,0,0,0
71.538460,71.500938,87,255,177,255,186,1,66,222,1,0,0,0,0,0,0,0
71.813187,71.788033,87,255,179,255,191,1,65,220,1,0,0,0,0,0,0,0
72.087914,72.058777,88,255,180,255,190,1,72,224,129,0,0,0,0,0,0,0
72.362640,72.320763,88,255,180,255,186,1,75,215,1,0,0,0,0,0,0,0
72.582420,72.553757,84,255,181,255,189,1,74,225,129,0,0,0,0,0,0,0
72.857140,72.815132,144,255,181,255,193,1,72,216,129,0,0,0,0,0,0,0
73.131866,73.080811,102,255,182,255,187,1,64,207,129,0,0,0,0,0,0,0
73.406593,73.370209,106,255,183,255,187,1,65,223,129,0,0,0,0,0,0,0
73.681320,73.630966,106,255,183,255,188,1,69,191,129,0,0,0,0,0,0,0
73.901100,73.864975,91,255,184,255,186,2,70,219,129,0,0,0,0,0,0,0
74.175827,74.125992,81,255,184,255,192,1,64,210,1,0,0,0,0,0,0,0
74.450546,74.414986,94,255,185,255,188,1,70,187,1,0,0,0,0,0,0,0
74.725273,74.677994,87,255,186,255,187,1,72,218,1,0,0,0,0,0,0,0
74.945053,74.912621,107,255,187,255,191,0,69,147,129,0,0,0,0,0,0,0
75.219780,75.175430,90,255,187,255,192,0,64,144,1,0,0,0,0,0,0,0
75.494507,75.465034,136,255,188,255,192,0,74,214,129,0,0,0,0,0,0,0
75.769234,75.726868,83,255,189,255,191,0,68,128,1,0,0,0,0,0,0,0
75.989014,75.963951,80,255,190,255,189,1,66,222,129,0,0,0,0,0,0,0
76.263733,76.227631,89,255,190,255,187,1,73,205,1,0,0,0,0,0,0,0
76.538460,76.491310,124,255,191,255,191,1,75,217,129,0,0,0,0,0,0,0
76.813187,76.782654,86,255,191,255,187,1,68,191,1,0,0,0,0,0,0,0
77.087914,77.046181,120,255,192,255,185,1,74,171,129,0,0,0,0,0,0,0
77.307693,77.279831,81,255,193,255,189,1,75,224,1,0,0,0,0,0,0,0
77.582420,77.543564,85,255,193,255,191,0,76,133,129,0,0,0,0,0,0,0
77.857140,77.806061,97,255,194,255,187,2,77,219,1,0,0,0,0,0,0,0
78.131866,78.096382,81,255,195,255,187,1,73,223,129,0,0,0,0,0,0,0
78.406593,78.359032,80,255,195,255,190,1,73,221,1,0,0,0,0,0,0,0
78.626373,78.591972,101,255,196,255,191,0,75,143,129,0,0,0,0,0,0,0
78.901100,78.856468,103,255,197,255,191,0,72,143,1,0,0,0,0,0,0,0
79.175827,79.145462,81,255,198,255,189,1,74,222,1,0,0,0,0,0,0,0
79.450546,79.407860,122,255,199,255,193,0,80,194,1,0,0,0,0,0,0,0
79.670326,79.643509,80,255,198,255,191,0,73,130,1,0,0,0,0,0,0,0
79.945053,79.905960,137,255,200,255,193,0,77,184,1,0,0,0,0,0,0,0
80.219780,80.166870,86,255,201,255,193,0,77,184,1,0,0,0,0,0,0,0
80.494507,80.456985,95,255,201,255,192,1,72,204,1,0,0,0,0,0,0,0
80.769234,80.725372,83,255,202,255,191,0,75,130,1,0,0,0,0,0,0,0
80.989014,80.960663,144,255,203,255,193,1,72,176,129,0,0,0,0,0,0,0
81.263733,81.224045,83,255,203,255,185,1,77,163,1,0,0,0,0,0,0,0
81.538460,81.484802,88,255,204,255,187,1,75,215,129,0,0,0,0,0,0,0
81.813187,81.777008,114,255,204,255,187,1,73,203,1,0,0,0,0,0,0,0
82.087914,82.038643,95,255,205,255,191,0,72,134,129,0,0,0,0,0,0,0
82.307693,82.277878,85,255,205,255,192,0,71,202,1,0,0,0,0,0,0,0
82.582420,82.541199,115,255,206,255,188,1,74,199,129,0,0,0,0,0,0,0
82.857140,82.803185,127,255,207,255,190,1,70,222,129,0,0,0,0,0,0,0
83.131866,83.091606,98,255,207,255,191,0,71,125,129,0,0,0,0,0,0,0
83.406593,83.357697,97,255,208,255,190,0,71,159,1,0,0,0,0,0,0,0
83.681320,83.632584,90,255,209,255,191,0,74,216,129,0,0,0,0,0,0,0
83.901100,83.866180,88,255,209,255,191,0,67,131,129,0,0,0,0,0,0,0
84.175827,84.126686,82,255,209,255,191,0,67,131,129,0,0,0,0,0,0,0
84.450546,84.415421,85,255,210,255,191,1,69,220,129,0,0,0,0,0,0,0
84.725273,84.682068,104,255,211,255,187,1,64,191,129,0,0,0,0,0,0,0
85.000000,84.958801,96,255,211,255,188,0,68,139,1,0,0,0,0,0,0,0
85.274727,85.222580,93,255,212,255,187,1,64,191,129,0,0,0,0,0,0,0
85.494507,85.456230,105,255,213,255,192,1,71,202,1,0,0,0,0,0,0,0
85.769234,85.719139,85,255,213,255,191,1,68,134,1,0,0,0,0,0,0,0
86.043953,86.010384,96,255,214,255,191,1,60,221,129,0,0,0,0,0,0,0
86.318680,86.273087,106,255,214,255,188,1,71,187,1,0,0,0,0,0,0,0
86.593407,86.537689,88,255,215,255,187,0,64,210,129,0,0,0,0,0,0,0
86.813187,86.772514,86,255,215,255,192,0,67,204,1,0,0,0,0,0,0,0
87.087914,87.032768,88,255,216,255,191,0,67,204,1,0,0,0,0,0,0,0
87.362640,87.320435,105,255,217,255,192,0,63,202,1,0,0,0,0,0,0,0
87.637360,87.582008,92,255,217,255,186,1,61,223,129,0,0,0,0,0,0,0
87.857140,87.815201,116,255,218,255,187,1,64,191,1,0,0,0,0,0,0,0
88.131866,88.077087,80,255,219,255,190,1,61,221,129,0,0,0,0,0,0,0
88.406593,88.367096,98,255,218,255,189,1,62,224,1,0,0,0,0,0,0,0
88.681320,88.628937,127,255,220,255,193,0,64,175,129,0,0,0,0,0,0,0
88.901100,88.862282,116,255,220,255,192,1,69,170,1,0,0,0,0,0,0,0
89.175827,89.123505,86,255,221,255,187,1,64,191,129,0,0,0,0,0,0,0
89.450546,89.413055,108,255,221,255,191,0,69,124,1,0,0,0,0,0,0,0
89.725273,89.676834,80,255,222,255,190,1,64,220,129,0,0,0,0,0,0,0
89.945053,89.912796,96,255,222,255,188,0,68,222,1,0,0,0,0,0,0,0
90.219780,90.176010,101,255,223,255,193,0,63,204,129,0,0,0,0,0,0,0
90.494507,90.439072,86,255,224,255,186,1,69,205,129,0,0,0,0,0,0,0
90.769234,90.727402,145,255,224,255,191,1,69,218,1,0,0,0,0,0,0,0
91.043953,90.988777,81,255,224,255,187,1,68,191,129,0,0,0,0,0,0,0
91.263733,91.222221,82,255,225,255,186,1,69,223,1,0,0,0,0,0,0,0
91.538460,91.483849,116,255,225,255,191,1,73,216,129,0,0,0,0,0,0,0
91.813187,91.772430,81,255,226,255,187,1,73,224,1,0,0,0,0,0,0,0
92.087914,92.035446,124,255,226,255,185,0,73,155,129,0,0,0,0,0,0,0
92.307693,92.268440,90,255,227,255,192,0,82,214,1,0,0,0,0,0,0,0
92.582420,92.529449,92,255,227,255,192,0,81,216,129,0,0,0,0,0,0,0
92.857140,92.817932,83,255,228,255,187,1,82,219,1,0,0,0,0,0,0,0
93.131866,93.081612,127,255,228,255,186,1,84,179,129,0,0,0,0,0,0,0
93.351646,93.316902,82,255,229,255,192,0,83,129,1,0,0,0,0,0,0,0
93.626373,93.579346,116,255,229,255,187,1,73,191,129,0,0,0,0,0,0,0
93.901100,93.869568,81,255,230,255,188,1,79,191,1,0,0,0,0,0,0,0
94.175827,94.133194,121,255,230,255,185,1,83,167,129,0,0,0,0,0,0,0
94.450546,94.395798,94,255,230,255,187,1,84,151,1,0,0,0,0,0,0,0
94.670326,94.630219,94,255,231,255,187,1,74,191,129,0,0,0,0,0,0,0
94.945053,94.893486,88,255,231,255,191,0,83,127,1,0,0,0,0,0,0,0
95.219780,95.183708,88,255,232,255,191,0,84,140,129,0,0,0,0,0,0,0
95.494507,95.444923,84,255,232,255,189,1,79,226,129,0,0,0,0,0,0,0
95.714287,95.678383,139,255,232,255,192,1,70,208,1,0,0,0,0,0,0,0
95.989014,95.939545,116,255,232,255,191,0,75,128,1,0,0,0,0,0,0,0
96.263733,96.205368,83,255,233,255,186,1,70,225,129,0,0,0,0,0,0,0
96.538460,96.495392,144,255,233,255,192,1,72,161,1,0,0,0,0,0,0,0
96.813187,96.755638,120,255,233,255,193,1,75,158,1,0,0,0,0,0,0,0
97.032967,96.991951,84,255,233,255,191,0,69,132,129,0,0,0,0,0,0,0
97.307693,97.256088,115,255,234,255,190,1,69,222,1,0,0,0,0,0,0,0
97.582420,97.546310,83,255,234,255,186,2,74,196,129,0,0,0,0,0,0,0
97.857140,97.809067,146,255,234,255,188,1,71,225,1,0,0,0,0,0,0,0
98.131866,98.071922,82,255,234,255,185,1,78,175,129,0,0,0,0,0,0,0
98.351646,98.305908,84,255,234,255,188,1,79,225,1,0,0,0,0,0,0,0
98.626373,98.568848,127,255,234,255,186,1,68,179,129,0,0,0,0,0,0,0
98.901100,98.858353,104,255,234,255,191,0,75,225,1,0,0,0,0,0,0,0
99.175827,99.121513,85,255,234,255,192,1,75,218,129,0,0,0,0,0,0,0
99.395607,99.357681,84,255,235,255,187,2,72,223,1,0,0,0,0,0,0,0
99.670326,99.619461,91,255,235,255,192,0,74,212,129,0,0,0,0,0,0,0
99.945053,99.910500,96,255,235,255,190,1,71,220,1,0,0,0,0,0,0,0
100.219780,100.173820,98,255,235,255,187,1,72,203,129,0,0,0,0,0,0,0
100.494507,100.436218,83,255,235,255,191,0,75,130,1,0,0,0,0,0,0,0
100.714287,100.673042,85,255,235,255,188,1,78,225,129,0,0,0,0,0,0,0
100.989014,100.937340,85,255,235,255,191,0,65,226,1,0,0,0,0,0,0,0
101.263733,101.225967,82,255,235,255,187,1,67,225,129,0,0,0,0,0,0,0
101.538460,101.487343,88,255,235,255,187,1,66,191,1,0,0,0,0,0,0,0
101.758240,101.720123,90,255,235,255,188,2,77,225,1,0,0,0,0,0,0,0
102.032967,101.981659,91,255,235,255,187,1,72,216,129,0,0,0,0,0,0,0
102.307693,102.271362,91,255,235,255,187,1,63,207,129,0,0,0,0,0,0,0
102.582420,102.534019,86,255,235,255,191,0,59,129,1,0,0,0,0,0,0,0
102.857140,102.796463,84,255,235,255,191,0,62,220,1,0,0,0,0,0,0,0
103.076920,103.030174,102,255,235,255,190,0,64,139,1,0,0,0,0,0,0,0
103.351646,103.294662,131,255,235,255,191,0,70,138,1,0,0,0,0,0,0,0
103.626373,103.586014,144,255,235,255,191,0,63,132,129,0,0,0,0,0,0,0
103.901100,103.848152,101,255,235,255,190,1,63,208,1,0,0,0,0,0,0,0
104.120880,104.083755,87,255,235,255,193,1,67,213,129,0,0,0,0,0,0,0
104.395607,104.347946,83,255,235,255,191,1,63,221,1,0,0,0,0,0,0,0
104.670326,104.612335,139,255,235,255,192,1,67,186,129,0,0,0,0,0,0,0
104.945053,104.901230,83,255,234,255,190,0,68,130,1,0,0,0,0,0,0,0
105.219780,105.164291,84,255,234,255,186,2,64,131,129,0,0,0,0,0,0,0
105.439560,105.398659,127,255,234,255,189,0,69,183,1,0,0,0,0,0,0,0
105.714287,105.659775,107,255,234,255,190,0,56,224,129,0,0,0,0,0,0,0
105.989014,105.948669,88,255,234,255,188,1,60,225,1,0,0,0,0,0,0,0
106.263733,106.211166,108,255,234,255,186,1,64,223,129,0,0,0,0,0,0,0
106.483513,106.444771,102,255,234,255,190,0,63,159,1,0,0,0,0,0,0,0
106.758240,106.707581,82,255,234,255,191,1,68,218,129,0,0,0,0,0,0,0
107.032967,106.997078,111,255,233,255,191,0,68,126,129,0,0,0,0,0,0,0
107.307693,107.259529,98,255,234,255,186,1,68,221,129,0,0,0,0,0,0,0
107.582420,107.520187,86,255,234,255,191,1,68,216,1,0,0,0,0,0,0,0
107.802200,107.755173,106,255,233,255,187,2,55,223,1,0,0,0,0,0,0,0
108.076920,108.018234,101,255,233,255,192,0,66,139,1,0,0,0,0,0,0,0
108.351646,108.307175,89,255,233,255,187,2,64,213,1,0,0,0,0,0,0,0
108.626373,108.568649,96,255,233,255,187,1,63,207,129,0,0,0,0,0,0,0
108.846153,108.802002,82,255,233,255,189,1,64,224,1,0,0,0,0,0,0,0
109.120880,109.064705,83,255,233,255,191,0,63,130,129,0,0,0,0,0,0,0
109.395607,109.354515,95,255,232,255,187,1,63,211,1,0,0,0,0,0,0,0
109.670326,109.615128,103,255,233,255,192,1,64,208,1,0,0,0,0,0,0,0
109.945053,109.893845,96,255,232,255,186,1,64,208,1,0,0,0,0,0,0,0
110.219780,110.170067,83,255,232,255,191,0,63,130,129,0,0,0,0,0,0,0
110.494507,110.431999,85,255,232,255,191,0,53,151,1,0,0,0,0,0,0,0
110.714287,110.666428,113,255,231,255,191,0,59,126,129,0,0,0,0,0,0,0
110.989014,110.930145,83,255,231,255,190,1,63,220,1,0,0,0,0,0,0,0
111.263733,111.223495,88,255,231,255,187,1,51,199,129,0,0,0,0,0,0,0
111.538460,111.484505,95,255,231,255,192,1,55,208,1,0,0,0,0,0,0,0
111.758240,111.720261,84,255,230,255,186,2,48,225,129,0,0,0,0,0,0,0
112.032967,111.983223,100,255,230,255,188,1,63,225,1,0,0,0,0,0,0,0
112.307693,112.244850,86,255,230,255,191,1,52,225,129,0,0,0,0,0,0,0
112.582420,112.533386,138,255,230,255,191,0,59,218,1,0,0,0,0,0,0,0
112.857140,112.795113,87,255,230,255,187,1,47,225,129,0,0,0,0,0,0,0
113.076920,113.028465,139,255,230,255,192,0,49,220,1,0,0,0,0,0,0,0
113.351646,113.291061,139,255,229,255,193,0,48,210,1,0,0,0,0,0,0,0
113.626373,113.580200,120,255,229,255,191,0,46,128,129,0,0,0,0,0,0,0
113.901100,113.843582,84,255,229,255,190,1,52,225,129,0,0,0,0,0,0,0
114.120880,114.077797,102,255,229,255,192,1,44,164,1,0,0,0,0,0,0,0
114.395607,114.340446,83,255,229,255,192,1,57,216,1,0,0,0,0,0,0,0
114.670326,114.629333,94,255,229,255,191,1,47,220,129,0,0,0,0,0,0,0
114.945053,114.890350,107,255,229,255,193,1,52,196,1,0,0,0,0,0,0,0
115.164833,115.124214,112,255,228,255,188,1,56,183,129,0,0,0,0,0,0,0
115.439560,115.387070,91,255,228,255,191,0,43,124,1,0,0,0,0,0,0,0
115.714287,115.675087,100,255,228,255,190,0,51,159,1,0,0,0,0,0,0,0
115.989014,115.923485,117,255,228,255,191,0,51,159,129,0,0,0,0,0,0,0
116.263733,116.201645,83,255,228,255,189,0,51,159,129,0,0,0,0,0,0,0
116.538460,116.480011,120,255,228,255,189,0,51,159,129,0,0,0,0,0,0,0
116.813187,116.759354,81,255,227,255,191,1,50,146,129,0,0,0,0,0,0,0
117.087914,117.037460,102,255,227,255,191,1,50,146,129,0,0,0,0,0,0,0
117.362640,117.316696,82,255,227,255,187,1,37,223,129,0,0,0,0,0,0,0
117.637360,117.595215,93,255,227,255,192,0,52,150,1,0,0,0,0,0,0,0
117.912086,117.860886,95,255,227,255,192,0,42,206,129,0,0,0,0,0,0,0
118.186813,118.121857,89,255,227,255,193,1,48,212,1,0,0,0,0,0,0,0
118.461540,118.410278,115,255,227,255,193,1,48,212,1,0,0,0,0,0,0,0
118.736267,118.670731,81,255,227,255,193,1,48,212,1,0,0,0,0,0,0,0
119.010986,118.947876,88,255,226,255,186,1,48,221,129,0,0,0,0,0,0,0
119.285713,119.227211,84,255,226,255,189,1,45,220,1,0,0,0,0,0,0,0
119.560440,119.506828,101,255,226,255,189,1,39,225,129,0,0,0,0,0,0,0
119.835167,119.785065,80,255,226,255,189,1,39,225,129,0,0,0,0,0,0,0
120.109894,120.063942,92,255,226,255,187,1,50,159,129,0,0,0,0,0,0,0
120.384613,120.325165,125,255,225,255,190,1,44,224,1,0,0,0,0,0,0,0
120.604393,120.559586,82,255,226,255,191,0,43,130,129,0,0,0,0,0,0,0
120.879120,120.821472,115,255,226,255,187,1,40,191,1,0,0,0,0,0,0,0
121.153847,121.087349,119,255,226,255,191,0,40,133,129,0,0,0,0,0,0,0
121.428574,121.375572,103,255,226,255,191,0,40,133,129,0,0,0,0,0,0,0
121.703300,121.637917,127,255,226,255,186,1,47,213,1,0,0,0,0,0,0,0
121.923080,121.873108,85,255,226,255,187,1,45,226,129,0,0,0,0,0,0,0
122.197800,122.145493,111,255,225,255,193,0,43,220,1,0,0,0,0,0,0,0
122.472527,122.425026,93,255,225,255,192,0,49,219,1,0,0,0,0,0,0,0
122.747253,122.688194,103,255,225,255,189,1,44,224,1,0,0,0,0,0,0,0
123.021980,122.977745,86,255,226,255,193,1,41,208,1,0,0,0,0,0,0,0
123.296700,123.238976,89,255,226,255,187,1,48,183,129,0,0,0,0,0,0,0
123.571426,123.472679,123,255,225,255,189,1,51,167,129,0,0,0,0,0,0,0
123.791206,123.741570,85,255,226,255,192,0,39,125,1,0,0,0,0,0,0,0
124.065933,124.003258,112,255,225,255,187,1,53,215,129,0,0,0,0,0,0,0
124.340660,124.290810,81,255,226,255,189,1,38,224,129,0,0,0,0,0,0,0
124.615387,124.551323,91,255,226,255,191,1,52,216,129,0,0,0,0,0,0,0
124.890106,124.822670,95,255,225,255,191,0,51,131,1,0,0,0,0,0,0,0
125.164833,125.100937,107,255,225,255,188,0,35,143,129,0,0,0,0,0,0,0
125.384613,125.338478,83,255,225,255,191,1,52,216,1,0,0,0,0,0,0,0
125.659340,125.599648,104,255,226,255,188,1,51,179,129,0,0,0,0,0,0,0
125.934067,125.888229,87,255,226,255,191,1,40,213,1,0,0,0,0,0,0,0
126.208794,126.148987,98,255,226,255,189,1,42,224,129,0,0,0,0,0,0,0
126.428574,126.385048,84,255,226,255,192,0,52,200,129,0,0,0,0,0,0,0
126.703300,126.646942,102,255,226,255,186,1,48,175,1,0,0,0,0,0,0,0
126.978020,126.934906,82,255,226,255,187,2,51,226,1,0,0,0,0,0,0,0
127.252747,127.195717,112,255,227,255,187,2,51,226,1,0,0,0,0,0,0,0
127.527473,127.467430,83,255,226,255,186,1,56,175,1,0,0,0,0,0,0,0
127.802200,127.745857,86,255,226,255,186,1,56,175,1,0,0,0,0,0,0,0
128.076920,128.024414,82,255,227,255,189,1,56,226,1,0,0,0,0,0,0,0
128.351654,128.302933,87,255,227,255,192,0,57,202,1,0,0,0,0,0,0,0
128.626373,128.581802,98,255,227,255,191,1,52,214,129,0,0,0,0,0,0,0
128.901093,128.850098,101,255,227,255,191,1,56,132,129,0,0,0,0,0,0,0
129.175827,129.110855,96,255,227,255,191,0,48,126,1,0,0,0,0,0,0,0
129.395599,129.343643,107,255,227,255,192,0,48,126,1,0,0,0,0,0,0,0
129.670334,129.606293,81,255,227,255,191,1,40,224,1,0,0,0,0,0,0,0
129.945053,129.878418,83,255,227,255,190,0,48,129,1,0,0,0,0,0,0,0
130.219788,130.158371,105,255,227,255,192,1,59,218,129,0,0,0,0,0,0,0
130.494507,130.436371,84,255,228,255,191,0,59,218,129,0,0,0,0,0,0,0
130.769226,130.704041,107,255,228,255,191,1,59,221,129,0,0,0,0,0,0,0
131.043961,130.992264,95,255,227,255,187,1,48,199,1,0,0,0,0,0,0,0
131.318680,131.255127,101,255,228,255,193,0,61,208,129,0,0,0,0,0,0,0
131.538467,131.488373,97,255,228,255,188,1,59,173,1,0,0,0,0,0,0,0
131.813187,131.761673,85,255,228,255,191,0,40,123,129,0,0,0,0,0,0,0
132.087906,132.028061,99,255,228,255,187,1,42,207,1,0,0,0,0,0,0,0
132.362640,132.316086,80,255,228,255,187,1,42,207,1,0,0,0,0,0,0,0
132.637360,132.578125,104,255,229,255,191,0,48,123,1,0,0,0,0,0,0,0
132.912094,132.841751,84,255,229,255,191,0,61,132,129,0,0,0,0,0,0,0
133.186813,133.115662,106,255,229,255,191,0,47,125,1,0,0,0,0,0,0,0
133.406601,133.349823,84,255,229,255,191,1,49,216,1,0,0,0,0,0,0,0
133.681320,133.611038,118,255,229,255,192,1,60,216,1,0,0,0,0,0,0,0
133.956039,133.899124,82,255,229,255,186,2,48,225,129,0,0,0,0,0,0,0
134.230774,134.162796,121,255,229,255,191,0,48,212,129,0,0,0,0,0,0,0
134.505493,134.442123,125,255,229,255,189,0,63,167,129,0,0,0,0,0,0,0
134.725281,134.677475,85,255,229,255,191,1,64,217,1,0,0,0,0,0,0,0
135.000000,134.938797,80,255,230,255,187,2,63,221,129,0,0,0,0,0,0,0
135.274719,135.227890,85,255,230,255,187,1,61,215,1,0,0,0,0,0,0,0
135.549454,135.490952,82,255,230,255,191,1,68,221,1,0,0,0,0,0,0,0
135.824173,135.759552,139,255,230,255,193,1,68,135,129,0,0,0,0,0,0,0
136.043961,135.994843,96,255,230,255,191,0,70,122,1,0,0,0,0,0,0,0
136.318680,136.257584,95,255,231,255,193,0,63,131,1,0,0,0,0,0,0,0
136.593399,136.523727,82,255,230,255,186,1,56,225,129,0,0,0,0,0,0,0
136.868134,136.814560,82,255,231,255,190,0,63,127,129,0,0,0,0,0,0,0
137.142853,137.076904,88,255,231,255,190,1,64,226,1,0,0,0,0,0,0,0
137.362640,137.310928,81,255,231,255,191,0,64,128,1,0,0,0,0,0,0,0
137.637360,137.575729,85,255,231,255,187,1,63,211,1,0,0,0,0,0,0,0
137.912094,137.845947,85,255,231,255,191,0,71,134,1,0,0,0,0,0,0,0
138.186813,138.136734,111,255,231,255,193,1,72,204,1,0,0,0,0,0,0,0
138.461533,138.400711,82,255,231,255,191,1,73,221,129,0,0,0,0,0,0,0
138.736267,138.662354,103,255,231,255,193,0,75,221,1,0,0,0,0,0,0,0
138.956039,138.898254,95,255,231,255,193,0,68,172,129,0,0,0,0,0,0,0
139.230774,139.160080,95,255,232,255,193,0,73,135,1,0,0,0,0,0,0,0
139.505493,139.451080,82,255,231,255,191,0,63,128,129,0,0,0,0,0,0,0
139.780212,139.712708,82,255,231,255,187,1,56,203,1,0,0,0,0,0,0,0
140.000000,139.948196,92,255,231,255,192,0,72,218,129,0,0,0,0,0,0,0
140.274719,140.210098,91,255,231,255,191,0,55,125,1,0,0,0,0,0,0,0
140.549454,140.499588,91,255,232,255,189,1,68,226,129,0,0,0,0,0,0,0
140.824173,140.759888,80,255,232,255,189,1,68,226,129,0,0,0,0,0,0,0
141.098907,141.024750,80,255,231,255,189,1,68,226,129,0,0,0,0,0,0,0
141.373627,141.303513,115,255,231,255,187,1,63,213,1,0,0,0,0,0,0,0
141.648346,141.583969,88,255,231,255,185,1,72,183,129,0,0,0,0,0,0,0
141.868134,141.817032,81,255,232,255,192,0,75,221,1,0,0,0,0,0,0,0
142.142853,142.078445,112,255,232,255,193,1,63,180,129,0,0,0,0,0,0,0
142.417587,142.366577,86,255,232,255,186,1,50,203,1,0,0,0,0,0,0,0
142.692307,142.630173,111,255,231,255,193,1,64,200,129,0,0,0,0,0,0,0
142.967026,142.898376,91,255,231,255,191,0,55,127,129,0,0,0,0,0,0,0
143.186813,143.135406,81,255,232,255,191,1,75,220,129,0,0,0,0,0,0,0
143.461533,143.396423,112,255,231,255,191,0,64,131,129,0,0,0,0,0,0,0
143.736267,143.686142,86,255,232,255,187,1,55,211,129,0,0,0,0,0,0,0
144.010986,143.952164,93,255,231,255,192,1,51,213,1,0,0,0,0,0,0,0
144.285721,144.213135,87,255,231,255,191,0,48,125,129,0,0,0,0,0,0,0
144.505493,144.449341,83,255,231,255,191,0,47,130,129,0,0,0,0,0,0,0
144.780212,144.710922,87,255,232,255,190,1,49,224,1,0,0,0,0,0,0,0
145.054947,145.002777,83,255,231,255,192,0,68,218,129,0,0,0,0,0,0,0
145.329666,145.264969,84,255,231,255,191,0,47,131,1,0,0,0,0,0,0,0
145.549454,145.499146,84,255,231,255,194,0,48,200,129,0,0,0,0,0,0,0
145.824173,145.761261,120,255,231,255,190,0,72,128,1,0,0,0,0,0,0,0
146.098907,146.025726,90,255,231,255,186,1,73,183,129,0,0,0,0,0,0,0
146.373627,146.314926,82,255,231,255,191,1,73,220,1,0,0,0,0,0,0,0
146.648346,146.575424,84,255,231,255,191,1,73,220,1,0,0,0,0,0,0,0
146.868134,146.808670,82,255,231,255,188,1,63,228,1,0,0,0,0,0,0,0
147.142853,147.075729,121,255,231,255,185,1,72,183,129,0,0,0,0,0,0,0
147.417587,147.366867,123,255,231,255,191,0,64,227,129,0,0,0,0,0,0,0
147.692307,147.630035,95,255,231,255,186,1,64,223,129,0,0,0,0,0,0,0
147.967026,147.892639,90,255,231,255,191,0,47,127,1,0,0,0,0,0,0,0
148.186813,148.129410,82,255,231,255,187,1,47,227,129,0,0,0,0,0,0,0
148.461533,148.393143,80,255,231,255,191,0,43,126,1,0,0,0,0,0,0,0
148.736267,148.681931,87,255,231,255,189,0,43,126,1,0,0,0,0,0,0,0
149.010986,148.945297,91,255,231,255,191,0,47,127,1,0,0,0,0,0,0,0
149.285721,149.210968,87,255,230,255,191,0,48,125,129,0,0,0,0,0,0,0
149.505493,149.447495,83,255,231,255,191,0,47,130,1,0,0,0,0,0,0,0
149.780212,149.709335,84,255,230,255,194,0,40,200,129,0,0,0,0,0,0,0
150.054947,149.998260,88,255,230,255,191,0,63,127,129,0,0,0,0,0,0,0
150.329666,150.264862,85,255,230,255,192,1,48,204,129,0,0,0,0,0,0,0
150.604401,150.526489,103,255,230,255,188,0,64,143,1,0,0,0,0,0,0,0
150.824173,150.759552,80,255,230,255,191,0,39,125,1,0,0,0,0,0,0,0
151.098907,151.023056,81,255,230,255,186,1,43,207,129,0,0,0,0,0,0,0
151.373627,151.313217,86,255,230,255,187,1,48,203,1,0,0,0,0,0,0,0
151.648346,151.577469,89,255,230,255,192,1,39,213,129,0,0,0,0,0,0,0
151.868134,151.813217,87,255,230,255,187,1,55,227,1,0,0,0,0,0,0,0
152.142853,152.074280,108,255,230,255,187,1,55,227,1,0,0,0,0,0,0,0
152.417587,152.362503,83,255,230,255,185,1,63,171,1,0,0,0,0,0,0,0
152.692307,152.639542,125,255,230,255,194,1,39,200,129,0,0,0,0,0,0,0
152.967026,152.902344,96,255,230,255,192,1,63,221,1,0,0,0,0,0,0,0
153.241760,153.163879,81,255,230,255,191,1,63,222,129,0,0,0,0,0,0,0
153.461533,153.397842,82,255,230,255,191,0,48,128,1,0,0,0,0,0,0,0
153.736267,153.661972,81,255,229,255,190,1,64,227,129,0,0,0,0,0,0,0
154.010986,153.949631,115,255,229,255,190,1,64,227,129,0,0,0,0,0,0,0
154.285721,154.212692,86,255,229,255,187,1,63,215,129,0,0,0,0,0,0,0
154.560440,154.482117,111,255,229,255,187,1,63,215,129,0,0,0,0,0,0,0
154.835159,154.756332,96,255,229,255,188,0,63,224,129,0,0,0,0,0,0,0
155.054947,154.989120,80,255,229,255,191,1,48,225,1,0,0,0,0,0,0,0
155.329666,155.250076,113,255,229,255,193,1,64,206,1,0,0,0,0,0,0,0
155.604401,155.538864,133,255,229,255,189,1,63,228,129,0,0,0,0,0,0,0
155.879120,155.806168,111,255,229,255,193,0,48,204,1,0,0,0,0,0,0,0
156.153839,156.078186,95,255,229,255,191,0,63,135,129,0,0,0,0,0,0,0
156.373627,156.313232,82,255,229,255,191,1,47,224,1,0,0,0,0,0,0,0
156.648346,156.574509,97,255,229,255,189,0,34,157,129,0,0,0,0,0,0,0
156.923080,156.862061,80,255,229,255,189,0,34,157,129,0,0,0,0,0,0,0
157.197800,157.125275,85,255,229,255,193,0,56,202,129,0,0,0,0,0,0,0
157.417587,157.360474,86,255,229,255,186,2,64,228,1,0,0,0,0,0,0,0
157.692307,157.622757,122,255,229,255,191,0,64,131,129,0,0,0,0,0,0,0
157.967026,157.912628,93,255,229,255,185,1,64,157,1,0,0,0,0,0,0,0
158.241760,158.182800,80,255,229,255,191,1,64,227,129,0,0,0,0,0,0,0
158.516479,158.444336,80,255,229,255,187,1,48,226,1,0,0,0,0,0,0,0
158.736267,158.677933,146,255,228,255,187,1,35,215,129,0,0,0,0,0,0,0
159.010986,158.939056,103,255,229,255,191,0,39,128,129,0,0,0,0,0,0,0
159.285721,159.206009,115,255,229,255,190,0,63,155,129,0,0,0,0,0,0,0
159.560440,159.494583,82,255,229,255,190,1,48,227,1,0,0,0,0,0,0,0
159.835159,159.755035,83,255,229,255,189,1,40,159,1,0,0,0,0,0,0,0
160.054947,159.988647,84,255,229,255,186,2,66,226,1,0,0,0,0,0,0,0
160.329666,160.250229,120,255,229,255,191,0,48,144,1,0,0,0,0,0,0,0
160.604401,160.539261,88,255,228,255,187,1,63,191,1,0,0,0,0,0,0,0
160.879120,160.801102,95,255,229,255,192,1,38,216,129,0,0,0,0,0,0,0
161.098907,161.034393,91,255,229,255,191,0,64,127,1,0,0,0,0,0,0,0
161.373627,161.299973,91,255,229,255,192,1,39,196,1,0,0,0,0,0,0,0
161.648346,161.588593,83,255,229,255,187,2,48,230,129,0,0,0,0,0,0,0
161.923080,161.849411,81,255,229,255,191,1,48,228,129,0,0,0,0,0,0,0
162.142853,162.082855,102,255,229,255,189,1,64,167,129,0,0,0,0,0,0,0
162.417587,162.351288,86,255,229,255,192,1,63,221,1,0,0,0,0,0,0,0
162.692307,162.613953,106,255,229,255,191,0,63,127,129,0,0,0,0,0,0,0
162.967026,162.902740,82,255,229,255,190,1,63,230,1,0,0,0,0,0,0,0
163.241760,163.164215,108,255,229,255,191,2,47,230,129,0,0,0,0,0,0,0
163.461533,163.402878,87,255,229,255,192,0,63,221,1,0,0,0,0,0,0,0
163.736267,163.664261,88,255,229,255,193,0,63,221,1,0,0,0,0,0,0,0
164.010986,163.952118,107,255,229,255,193,0,63,221,1,0,0,0,0,0,0,0
164.285721,164.216934,104,255,229,255,189,1,63,230,129,0,0,0,0,0,0,0
164.560440,164.499390,131,255,229,255,193,1,64,208,1,0,0,0,0,0,0,0
164.835159,164.760605,101,255,229,255,189,0,47,223,1,0,0,0,0,0,0,0
165.054947,164.994919,83,255,229,255,191,1,51,225,1,0,0,0,0,0,0,0
165.329666,165.257690,87,255,229,255,189,1,47,230,129,0,0,0,0,0,0,0
165.604401,165.547592,85,255,229,255,189,1,47,230,129,0,0,0,0,0,0,0
165.879120,165.809097,85,255,229,255,193,1,51,200,1,0,0,0,0,0,0,0
166.153839,166.071976,81,255,229,255,191,1,64,126,1,0,0,0,0,0,0,0
166.373627,166.306610,87,255,229,255,187,2,50,215,129,0,0,0,0,0,0,0
166.648346,166.585388,90,255,229,255,187,1,63,199,1,0,0,0,0,0,0,0
166.923080,166.847061,120,255,229,255,187,1,63,203,129,0,0,0,0,0,0,0
167.197800,167.135483,88,255,229,255,190,1,63,203,129,0,0,0,0,0,0,0
167.472534,167.398300,104,255,228,255,190,1,68,151,129,0,0,0,0,0,0,0
167.692307,167.634460,92,255,229,255,191,0,64,218,129,0,0,0,0,0,0,0
168.021973,167.939117,102,255,229,255,189,1,72,229,1,0,0,0,0,0,0,0
168.296707,168.218048,98,255,229,255,191,0,50,225,129,0,0,0,0,0,0,0
168.571426,168.498352,107,255,229,255,190,0,72,130,1,0,0,0,0,0,0,0
168.846161,168.777130,88,255,229,255,190,0,72,130,1,0,0,0,0,0,0,0
169.120880,169.050232,88,255,229,255,193,0,78,212,129,0,0,0,0,0,0,0
169.395599,169.312012,94,255,229,255,191,1,63,222,129,0,0,0,0,0,0,0
169.615387,169.546127,94,255,228,255,189,1,59,231,1,0,0,0,0,0,0,0
169.890106,169.807709,95,255,228,255,193,0,55,200,129,0,0,0,0,0,0,0
170.164841,170.104828,94,255,228,255,191,0,78,129,1,0,0,0,0,0,0,0
170.439560,170.369537,107,255,228,255,189,1,79,230,129,0,0,0,0,0,0,0
170.714279,170.630707,139,255,228,255,192,1,76,220,1,0,0,0,0,0,0,0
170.934067,170.864609,87,255,228,255,185,2,72,228,129,0,0,0,0,0,0,0
171.208786,171.125885,112,255,228,255,185,2,72,228,129,0,0,0,0,0,0,0
171.483521,171.402405,88,255,228,255,191,0,59,143,129,0,0,0,0,0,0,0
171.758240,171.680969,84,255,228,255,191,0,59,143,129,0,0,0,0,0,0,0
172.032974,171.959854,112,255,228,255,192,1,59,212,129,0,0,0,0,0,0,0
172.307693,172.237854,84,255,228,255,191,0,78,132,1,0,0,0,0,0,0,0
172.582413,172.499741,114,255,228,255,186,2,63,223,129,0,0,0,0,0,0,0
172.857147,172.787659,85,255,228,255,191,1,75,222,129,0,0,0,0,0,0,0
173.131866,173.048828,86,255,228,255,191,1,75,222,1,0,0,0,0,0,0,0
173.351654,173.284073,90,255,228,255,192,1,50,216,1,0,0,0,0,0,0,0
173.626373,173.564285,99,255,228,255,192,0,48,214,129,0,0,0,0,0,0,0
173.901093,173.840698,127,255,228,255,188,1,64,175,1,0,0,0,0,0,0,0
174.175827,174.104080,130,255,228,255,192,0,76,208,129,0,0,0,0,0,0,0
174.450546,174.366364,88,255,228,255,186,1,71,226,1,0,0,0,0,0,0,0
174.725281,174.655258,119,255,228,255,190,0,48,159,129,0,0,0,0,0,0,0
175.000000,174.918121,93,255,228,255,188,1,52,173,1,0,0,0,0,0,0,0
175.219788,175.152802,139,255,228,255,191,0,77,127,129,0,0,0,0,0,0,0
175.494507,175.414780,105,255,228,255,191,0,75,230,1,0,0,0,0,0,0,0
175.769226,175.705917,84,255,228,255,191,1,75,139,1,0,0,0,0,0,0,0
176.043961,175.957199,98,255,228,255,191,1,75,139,1,0,0,0,0,0,0,0
176.318680,176.248383,89,255,228,255,193,0,52,202,1,0,0,0,0,0,0,0
176.593399,176.509750,105,255,228,255,191,0,63,155,1,0,0,0,0,0,0,0
176.813187,176.742889,95,255,229,255,192,0,79,208,1,0,0,0,0,0,0,0
177.087906,177.003708,101,255,229,255,191,1,82,228,1,0,0,0,0,0,0,0
177.362640,177.280594,82,255,228,255,191,1,79,228,129,0,0,0,0,0,0,0
177.637360,177.559509,86,255,229,255,187,1,48,230,1,0,0,0,0,0,0,0
177.912094,177.836349,84,255,229,255,189,1,64,230,129,0,0,0,0,0,0,0
178.186813,178.124664,82,255,229,255,186,2,79,223,129,0,0,0,0,0,0,0
178.461533,178.388596,85,255,229,255,189,1,63,230,129,0,0,0,0,0,0,0
178.736267,178.651825,83,255,229,255,191,0,64,187,1,0,0,0,0,0,0,0
178.956039,178.887222,89,255,229,255,187,1,72,199,129,0,0,0,0,0,0,0
179.230774,179.152267,107,255,229,255,192,1,63,208,1,0,0,0,0,0,0,0
179.505493,179.441208,90,255,229,255,191,0,68,133,1,0,0,0,0,0,0,0
179.780212,179.702377,128,255,229,255,191,0,63,129,129,0,0,0,0,0,0,0
180.000000,179.937271,85,255,230,255,186,2,79,227,1,0,0,0,0,0,0,0
180.274719,180.198639,124,255,230,255,188,1,49,181,129,0,0,0,0,0,0,0
180.549454,180.460831,112,255,230,255,191,0,80,131,1,0,0,0,0,0,0,0
180.824173,180.749924,83,255,230,255,191,1,63,226,129,0,0,0,0,0,0,0
181.098907,181.011871,91,255,230,255,191,0,64,133,1,0,0,0,0,0,0,0
181.318680,181.248077,118,255,230,255,186,1,80,211,129,0,0,0,0,0,0,0
181.593399,181.529053,84,255,231,255,190,1,83,230,1,0,0,0,0,0,0,0
181.868134,181.790329,116,255,231,255,191,1,64,219,129,0,0,0,0,0,0,0
182.142853,182.053650,85,255,230,255,186,1,80,229,1,0,0,0,0,0,0,0
182.417587,182.343613,114,255,231,255,192,1,64,214,129,0,0,0,0,0,0,0
182.692307,182.606476,84,255,231,255,189,1,72,228,129,0,0,0,0,0,0,0
182.912094,182.840897,113,255,231,255,187,1,63,223,129,0,0,0,0,0,0,0
183.186813,183.102005,86,255,231,255,193,0,72,204,1,0,0,0,0,0,0,0
183.461533,183.389771,90,255,231,255,193,0,72,204,1,0,0,0,0,0,0,0
183.736267,183.653137,86,255,232,255,191,0,64,155,1,0,0,0,0,0,0,0
184.010986,183.927155,88,255,232,255,191,0,64,155,1,0,0,0,0,0,0,0
184.285721,184.205566,85,255,232,255,192,1,63,224,1,0,0,0,0,0,0,0
184.505493,184.439789,104,255,233,255,188,1,88,229,129,0,0,0,0,0,0,0
184.780212,184.701935,83,255,232,255,192,1,72,208,129,0,0,0,0,0,0,0
185.054947,184.964401,85,255,233,255,189,1,88,229,129,0,0,0,0,0,0,0
185.329666,185.255173,85,255,233,255,191,0,63,133,1,0,0,0,0,0,0,0
185.604401,185.518433,89,255,233,255,185,1,88,228,129,0,0,0,0,0,0,0
185.824173,185.751221,83,255,233,255,187,1,64,207,129,0,0,0,0,0,0,0
186.098907,186.014542,88,255,233,255,186,1,88,207,129,0,0,0,0,0,0,0
186.373627,186.303070,90,255,233,255,191,0,64,134,129,0,0,0,0,0,0,0
186.648346,186.565308,139,255,233,255,187,1,88,191,1,0,0,0,0,0,0,0
186.868134,186.801117,109,255,233,255,193,1,64,208,129,0,0,0,0,0,0,0
187.142853,187.063660,88,255,234,255,186,2,79,223,1,0,0,0,0,0,0,0
187.417587,187.326111,118,255,233,255,187,1,80,207,129,0,0,0,0,0,0,0
187.692307,187.614960,89,255,234,255,192,0,59,214,1,0,0,0,0,0,0,0
187.967026,187.877655,111,255,234,255,189,2,79,229,129,0,0,0,0,0,0,0
188.186813,188.111618,102,255,234,255,190,1,56,159,1,0,0,0,0,0,0,0
188.461533,188.373856,85,255,234,255,192,0,79,224,129,0,0,0,0,0,0,0
188.736267,188.664688,87,255,234,255,186,1,84,223,1,0,0,0,0,0,0,0
189.010986,188.925552,82,255,234,255,187,1,59,230,129,0,0,0,0,0,0,0
189.230774,189.160339,102,255,235,255,191,0,87,164,1,0,0,0,0,0,0,0
189.505493,189.424118,85,255,235,255,192,1,74,220,129,0,0,0,0,0,0,0
189.780212,189.713715,106,255,235,255,191,1,59,230,1,0,0,0,0,0,0,0
190.054947,189.977493,84,255,235,255,189,1,89,228,129,0,0,0,0,0,0,0
190.329666,190.240662,118,255,235,255,186,1,72,207,1,0,0,0,0,0,0,0
190.549454,190.476013,86,255,235,255,191,1,63,224,129,0,0,0,0,0,0,0
190.824173,190.737289,114,255,235,255,186,1,88,222,1,0,0,0,0,0,0,0
191.098907,191.027298,84,255,235,255,187,1,80,191,1,0,0,0,0,0,0,0
191.373627,191.289383,88,255,235,255,191,0,59,142,129,0,0,0,0,0,0,0
191.593399,191.526321,88,255,235,255,186,1,87,208,129,0,0,0,0,0,0,0
191.868134,191.787949,111,255,235,255,193,1,68,206,1,0,0,0,0,0,0,0
192.142853,192.051117,87,255,235,255,192,0,59,208,1,0,0,0,0,0,0,0
192.417587,192.339905,111,255,236,255,192,1,88,230,129,0,0,0,0,0,0,0
192.692307,192.602554,81,255,235,255,191,1,72,226,1,0,0,0,0,0,0,0
192.912094,192.836060,83,255,235,255,191,1,72,226,1,0,0,0,0,0,0,0
193.186813,193.096512,84,255,235,255,188,1,87,229,1,0,0,0,0,0,0,0
193.461533,193.387283,83,255,235,255,186,1,72,207,129,0,0,0,0,0,0,0
193.736267,193.648056,149,255,236,255,186,1,63,223,1,0,0,0,0,0,0,0
193.956039,193.882065,97,255,236,255,191,1,79,224,129,0,0,0,0,0,0,0
194.230774,194.142319,127,255,236,255,191,1,79,224,129,0,0,0,0,0,0,0
194.505493,194.431717,95,255,236,255,192,1,79,212,129,0,0,0,0,0,0,0
194.780212,194.692993,123,255,236,255,191,1,80,220,1,0,0,0,0,0,0,0
195.000000,194.926590,124,255,236,255,190,0,53,222,129,0,0,0,0,0,0,0
195.274719,195.190109,83,255,236,255,191,0,79,125,1,0,0,0,0,0,0,0
195.549454,195.478943,144,255,236,255,191,2,64,226,129,0,0,0,0,0,0,0
195.824173,195.740585,113,255,236,255,190,0,79,128,129,0,0,0,0,0,0,0
196.043961,195.975571,86,255,234,255,186,1,80,203,129,0,0,0,0,0,0,0
196.318680,196.238480,81,255,236,255,191,1,59,225,1,0,0,0,0,0,0,0
196.593399,196.499847,96,255,236,255,187,1,84,183,129,0,0,0,0,0,0,0
196.868134,196.790176,136,255,237,255,191,1,72,176,129,0,0,0,0,0,0,0
197.142853,197.053696,106,255,236,255,191,0,79,125,129,0,0,0,0,0,0,0
197.362640,197.288269,83,255,236,255,187,1,84,199,129,0,0,0,0,0,0,0
197.637360,197.549850,122,255,235,255,191,0,63,183,1,0,0,0,0,0,0,0
197.912094,197.839310,94,255,237,255,186,1,80,191,1,0,0,0,0,0,0,0
198.186813,198.102570,91,255,237,255,191,0,54,127,1,0,0,0,0,0,0,0
198.406601,198.337814,96,255,237,255,187,1,87,191,1,0,0,0,0,0,0,0
198.681320,198.601334,93,255,237,255,192,0,64,216,1,0,0,0,0,0,0,0
198.956039,198.862656,105,255,237,255,191,0,79,135,129,0,0,0,0,0,0,0
199.230774,199.153030,83,255,237,255,187,2,72,227,1,0,0,0,0,0,0,0
199.505493,199.415680,127,255,237,255,186,1,59,175,129,0,0,0,0,0,0,0
199.725281,199.649338,87,255,237,255,186,2,80,227,1,0,0,0,0,0,0,0
200.000000,199.910553,125,255,237,255,194,0,55,200,129,0,0,0,0,0,0,0
200.274719,200.200317,88,255,237,255,191,0,79,135,1,0,0,0,0,0,0,0
200.549454,200.462814,91,255,237,255,192,0,64,216,129,0,0,0,0,0,0,0
200.769226,200.697083,105,255,237,255,190,0,63,230,1,0,0,0,0,0,0,0
201.043961,200.961639,86,255,237,255,187,2,72,229,129,0,0,0,0,0,0,0
201.318680,201.224075,116,255,237,255,191,1,55,213,1,0,0,0,0,0,0,0
201.593399,201.516251,94,255,237,255,188,1,80,167,129,0,0,0,0,0,0,0
201.868134,201.779724,95,255,237,255,191,0,64,133,1,0,0,0,0,0,0,0
202.087906,202.014297,94,255,237,255,188,1,87,175,129,0,0,0,0,0,0,0
202.362640,202.276947,137,255,237,255,192,0,64,217,1,0,0,0,0,0,0,0
202.637360,202.541138,106,255,238,255,191,0,63,229,129,0,0,0,0,0,0,0
202.912094,202.833405,84,255,237,255,191,1,84,222,1,0,0,0,0,0,0,0
203.186813,203.096512,109,255,238,255,191,0,64,227,129,0,0,0,0,0,0,0
203.406601,203.331100,84,255,238,255,188,1,79,229,1,0,0,0,0,0,0,0
203.681320,203.594009,118,255,238,255,187,1,80,203,1,0,0,0,0,0,0,0
203.956039,203.884171,85,255,238,255,187,1,63,215,1,0,0,0,0,0,0,0
204.230774,204.146210,109,255,238,255,193,1,88,206,129,0,0,0,0,0,0,0
204.505493,204.408264,100,255,238,255,189,1,52,160,129,0,0,0,0,0,0,0
204.725281,204.642929,106,255,238,255,191,0,75,139,1,0,0,0,0,0,0,0
205.000000,204.906555,103,255,238,255,191,1,80,228,129,0,0,0,0,0,0,0
205.274719,205.195084,82,255,238,255,187,2,63,229,1,0,0,0,0,0,0,0
205.549454,205.457382,87,255,235,255,186,1,86,199,129,0,0,0,0,0,0,0
205.769226,205.691605,85,255,238,255,187,1,59,133,1,0,0,0,0,0,0,0
206.043961,205.953995,121,255,238,255,187,1,87,191,129,0,0,0,0,0,0,0
206.318680,206.246063,90,255,238,255,187,1,72,216,1,0,0,0,0,0,0,0
206.593399,206.509125,127,255,238,255,192,1,75,196,129,0,0,0,0,0,0,0
206.868134,206.773407,87,255,235,255,187,1,84,208,1,0,0,0,0,0,0,0
207.087906,207.008804,91,255,238,255,193,0,55,216,129,0,0,0,0,0,0,0
207.362640,207.271469,106,255,238,255,188,2,87,230,1,0,0,0,0,0,0,0
207.637360,207.562454,80,255,238,255,191,1,64,226,129,0,0,0,0,0,0,0
207.912094,207.825500,113,255,238,255,187,2,71,222,1,0,0,0,0,0,0,0
208.186813,208.088028,86,255,238,255,185,2,82,155,129,0,0,0,0,0,0,0
208.406601,208.321609,98,255,238,255,187,1,63,191,1,0,0,0,0,0,0,0
208.681320,208.584274,88,255,235,255,192,1,86,208,129,0,0,0,0,0,0,0
208.956039,208.873764,95,255,238,255,192,1,55,214,1,0,0,0,0,0,0,0
209.230774,209.137451,97,255,238,255,190,1,79,224,129,0,0,0,0,0,0,0
209.450546,209.371872,91,255,239,255,192,1,64,226,129,0,0,0,0,0,0,0
209.725281,209.635651,108,255,238,255,186,2,63,228,129,0,0,0,0,0,0,0
210.000000,209.926590,86,255,238,255,187,2,88,208,129,0,0,0,0,0,0,0
210.274719,210.189606,117,255,238,255,193,0,64,159,1,0,0,0,0,0,0,0
210.549454,210.451950,96,255,238,255,192,1,79,222,129,0,0,0,0,0,0,0
210.769226,210.688309,91,255,239,255,191,1,72,216,129,0,0,0,0,0,0,0
211.043961,210.951279,104,255,238,255,189,2,63,229,129,0,0,0,0,0,0,0
211.318680,211.241333,81,255,239,255,189,2,88,221,1,0,0,0,0,0,0,0
211.593399,211.504089,119,255,239,255,185,0,64,159,129,0,0,0,0,0,0,0
211.813187,211.738007,90,255,237,255,187,1,75,214,1,0,0,0,0,0,0,0
212.087906,212.001785,111,255,238,255,192,1,72,208,129,0,0,0,0,0,0,0
212.362640,212.263306,107,255,238,255,188,2,63,229,1,0,0,0,0,0,0,0
212.637360,212.554855,83,255,238,255,190,1,84,224,129,0,0,0,0,0,0,0
212.912094,212.818542,98,255,239,255,191,1,64,226,1,0,0,0,0,0,0,0
213.131866,213.054901,85,255,238,255,192,0,79,128,129,0,0,0,0,0,0,0
213.406601,213.318893,86,255,238,255,186,1,80,223,1,0,0,0,0,0,0,0
213.681320,213.580521,83,255,238,255,191,1,64,215,129,0,0,0,0,0,0,0
213.956039,213.869568,84,255,238,255,186,1,87,226,1,0,0,0,0,0,0,0
214.230774,214.132065,86,255,238,255,193,0,72,204,129,0,0,0,0,0,0,0
214.450546,214.365616,127,255,238,255,192,0,63,196,1,0,0,0,0,0,0,0
214.725281,214.628738,93,255,238,255,191,0,82,150,129,0,0,0,0,0,0,0
215.000000,214.918243,115,255,238,255,192,0,64,227,129,0,0,0,0,0,0,0
215.274719,215.180023,81,255,238,255,189,1,79,229,129,0,0,0,0,0,0,0
215.494507,215.414795,89,255,238,255,190,0,64,127,1,0,0,0,0,0,0,0
215.769226,215.678375,85,255,238,255,187,1,63,229,129,0,0,0,0,0,0,0
216.043961,215.941910,86,255,238,255,192,0,80,206,129,0,0,0,0,0,0,0
216.318680,216.230911,119,255,238,255,193,0,52,226,1,0,0,0,0,0,0,0
216.593399,216.493179,83,255,238,255,191,1,86,222,129,0,0,0,0,0,0,0
216.813187,216.729233,95,255,238,255,193,0,64,131,1,0,0,0,0,0,0,0
217.087906,216.991547,82,255,238,255,189,1,63,230,129,0,0,0,0,0,0,0
217.362640,217.282211,83,255,238,255,187,1,84,191,1,0,0,0,0,0,0,0
217.637360,217.544098,86,255,238,255,186,1,55,218,129,0,0,0,0,0,0,0
217.857147,217.779190,89,255,238,255,192,0,87,213,1,0,0,0,0,0,0,0
218.131866,218.043381,92,255,237,255,187,1,72,203,129,0,0,0,0,0,0,0
218.406601,218.306030,95,255,238,255,193,0,63,213,1,0,0,0,0,0,0,0
218.681320,218.594513,105,255,238,255,191,0,88,143,129,0,0,0,0,0,0,0
218.956039,218.858398,83,255,238,255,191,0,64,226,1,0,0,0,0,0,0,0
219.175827,219.091843,111,255,238,255,187,1,63,228,129,0,0,0,0,0,0,0
219.450546,219.352966,138,255,238,255,192,0,80,218,1,0,0,0,0,0,0,0
219.725281,219.642715,106,255,238,255,191,0,55,139,129,0,0,0,0,0,0,0
220.000000,219.904922,83,255,237,255,190,1,87,225,1,0,0,0,0,0,0,0
220.219788,220.139282,109,255,238,255,191,0,64,131,129,0,0,0,0,0,0,0
220.494507,220.401123,84,255,238,255,189,1,63,229,1,0,0,0,0,0,0,0
220.769226,220.692322,112,255,238,255,190,0,80,225,129,0,0,0,0,0,0,0
221.043961,220.955994,84,255,238,255,186,2,55,228,1,0,0,0,0,0,0,0
221.318680,221.219818,114,255,237,255,190,0,87,219,129,0,0,0,0,0,0,0
221.538467,221.455063,86,255,237,255,186,2,53,215,1,0,0,0,0,0,0,0
221.813187,221.717102,122,255,237,255,193,0,87,196,129,0,0,0,0,0,0,0
222.087906,222.008804,92,255,238,255,186,1,64,215,1,0,0,0,0,0,0,0
222.362640,222.271606,107,255,238,255,190,0,79,143,1,0,0,0,0,0,0,0
222.637360,222.536118,100,255,238,255,190,0,64,155,129,0,0,0,0,0,0,0
222.857147,222.770889,83,255,238,255,191,1,79,224,1,0,0,0,0,0,0,0
223.131866,223.033035,109,255,238,255,191,0,80,227,129,0,0,0,0,0,0,0
223.406601,223.322083,84,255,237,255,191,1,63,224,1,0,0,0,0,0,0,0
223.681320,223.585754,109,255,237,255,185,1,82,229,129,0,0,0,0,0,0,0
223.901093,223.821259,83,255,238,255,191,1,63,224,1,0,0,0,0,0,0,0
224.175827,224.084366,120,255,237,255,186,1,84,191,129,0,0,0,0,0,0,0
224.450546,224.348190,85,255,237,255,187,1,55,229,1,0,0,0,0,0,0,0
224.725281,224.639694,120,255,233,255,187,1,86,191,129,0,0,0,0,0,0,0
225.000000,224.902496,90,255,237,255,186,0,64,216,1,0,0,0,0,0,0,0
225.219788,225.137787,83,255,237,255,191,1,79,221,129,0,0,0,0,0,0,0
225.494507,225.401260,108,255,237,255,191,0,80,173,1,0,0,0,0,0,0,0
225.769226,225.664078,83,255,237,255,191,1,59,226,129,0,0,0,0,0,0,0
226.043961,225.954803,103,255,237,255,188,1,79,228,1,0,0,0,0,0,0,0
226.318680,226.218582,82,255,237,255,191,1,72,226,129,0,0,0,0,0,0,0
226.538467,226.452438,108,255,237,255,192,1,55,173,1,0,0,0,0,0,0,0
226.813187,226.714996,84,255,237,255,185,2,87,196,129,0,0,0,0,0,0,0
227.087906,227.003220,94,255,237,255,187,0,72,159,1,0,0,0,0,0,0,0
227.362640,227.265869,88,255,237,255,193,1,55,210,129,0,0,0,0,0,0,0
227.582413,227.501724,104,255,237,255,191,0,87,147,1,0,0,0,0,0,0,0
227.857147,227.765305,92,255,238,255,191,1,80,149,129,0,0,0,0,0,0,0
228.131866,228.030914,100,255,237,255,191,0,53,135,1,0,0,0,0,0,0,0
228.406601,228.319397,92,255,237,255,191,0,79,218,1,0,0,0,0,0,0,0
228.681320,228.580460,96,255,237,255,188,0,80,159,1,0,0,0,0,0,0,0
228.901093,228.814026,95,255,238,255,193,0,55,213,1,0,0,0,0,0,0,0
229.175827,229.075089,127,255,237,255,188,1,79,175,129,0,0,0,0,0,0,0
229.450546,229.366531,87,255,237,255,191,1,80,220,1,0,0,0,0,0,0,0
229.725281,229.628372,110,255,237,255,191,0,55,135,129,0,0,0,0,0,0,0
229.945053,229.864426,148,255,237,255,192,1,79,229,1,0,0,0,0,0,0,0
230.219788,230.127029,121,255,237,255,191,0,64,130,129,0,0,0,0,0,0,0
230.494507,230.389847,146,255,237,255,186,1,63,215,1,0,0,0,0,0,0,0
230.769226,230.681137,103,255,237,255,193,0,88,208,129,0,0,0,0,0,0,0
231.043961,230.943848,92,255,237,255,187,1,64,203,1,0,0,0,0,0,0,0
231.263733,231.179031,99,255,237,255,193,0,63,212,129,0,0,0,0,0,0,0
231.538467,231.441635,109,255,237,255,190,0,84,149,1,0,0,0,0,0,0,0
231.813187,231.706284,83,255,237,255,191,1,64,224,129,0,0,0,0,0,0,0
232.087906,231.994919,108,255,237,255,191,0,59,228,1,0,0,0,0,0,0,0
232.362640,232.256592,83,255,237,255,189,1,84,229,129,0,0,0,0,0,0,0
232.582413,232.491165,110,255,237,255,191,0,64,129,1,0,0,0,0,0,0,0
232.857147,232.753265,82,255,237,255,189,1,63,229,129,0,0,0,0,0,0,0
233.131866,233.045471,112,255,237,255,191,0,84,223,1,0,0,0,0,0,0,0
233.406601,233.307663,92,255,237,255,188,1,64,228,129,0,0,0,0,0,0,0
233.626373,233.543381,124,255,237,255,191,1,63,197,1,0,0,0,0,0,0,0
233.901093,233.808487,88,255,237,255,186,2,86,227,129,0,0,0,0,0,0,0
234.175827,234.070786,107,255,237,255,192,0,72,208,1,0,0,0,0,0,0,0
234.450546,234.362015,90,255,237,255,186,1,59,213,129,0,0,0,0,0,0,0
234.725281,234.623138,122,255,237,255,191,1,63,222,129,0,0,0,0,0,0,0
234.945053,234.858429,92,255,237,255,187,1,88,228,1,0,0,0,0,0,0,0
235.219788,235.119751,95,255,236,255,193,1,55,212,129,0,0,0,0,0,0,0
235.494507,235.408386,96,255,237,255,187,1,55,219,1,0,0,0,0,0,0,0
235.769226,235.671967,111,255,237,255,192,0,80,204,129,0,0,0,0,0,0,0
236.043961,235.936920,92,255,236,255,193,1,64,217,1,0,0,0,0,0,0,0
236.263733,236.172516,99,255,236,255,191,0,63,229,129,0,0,0,0,0,0,0
236.538467,236.433578,96,255,237,255,186,1,79,223,1,0,0,0,0,0,0,0
236.813187,236.724472,80,255,236,255,191,1,80,125,129,0,0,0,0,0,0,0
237.087906,236.986710,85,255,237,255,186,1,64,228,1,0,0,0,0,0,0,0
237.307693,237.220978,83,255,236,255,191,0,63,128,129,0,0,0,0,0,0,0
237.582413,237.485016,84,255,237,255,189,2,89,229,1,0,0,0,0,0,0,0
237.857147,237.747681,83,255,237,255,191,1,84,220,1,0,0,0,0,0,0,0
238.131866,238.037231,148,255,236,255,192,0,54,229,1,0,0,0,0,0,0,0
238.406601,238.298599,116,255,236,255,191,0,63,211,129,0,0,0,0,0,0,0
238.626373,238.533020,87,255,236,255,190,0,79,143,129,0,0,0,0,0,0,0
238.901093,238.802277,111,255,237,255,192,1,68,204,129,0,0,0,0,0,0,0
239.175827,239.090393,92,255,236,255,192,0,68,204,129,0,0,0,0,0,0,0
239.450546,239.351822,122,255,236,255,190,0,79,131,1,0,0,0,0,0,0,0
239.670334,239.586960,88,255,235,255,186,1,82,199,1,0,0,0,0,0,0,0
239.945053,239.852783,126,255,236,255,192,1,64,200,129,0,0,0,0,0,0,0
240.219788,240.122208,85,255,236,255,193,0,55,198,129,0,0,0,0,0,0,0
240.494507,240.410629,89,255,236,255,193,0,55,198,129,0,0,0,0,0,0,0
240.769226,240.672211,84,255,236,255,188,1,82,228,1,0,0,0,0,0,0,0
241.043961,240.934509,118,255,236,255,191,0,80,135,1,0,0,0,0,0,0,0
241.263733,241.176239,85,255,236,255,187,1,59,215,1,0,0,0,0,0,0,0
241.538467,241.439926,124,255,236,255,188,1,63,171,1,0,0,0,0,0,0,0
241.813187,241.728806,94,255,236,255,187,1,80,183,129,0,0,0,0,0,0,0
242.087906,241.990189,93,255,236,255,192,0,64,214,1,0,0,0,0,0,0,0
242.362640,242.254425,97,255,236,255,188,1,63,179,129,0,0,0,0,0,0,0
242.582413,242.497086,85,255,236,255,188,1,79,229,1,0,0,0,0,0,0,0
242.857147,242.760208,146,255,236,255,192,0,72,164,129,0,0,0,0,0,0,0
243.131866,243.021423,82,255,236,255,189,1,64,213,1,0,0,0,0,0,0,0
243.406601,243.310562,105,255,235,255,190,0,63,132,129,0,0,0,0,0,0,0
243.681320,243.575516,83,255,236,255,191,1,86,222,1,0,0,0,0,0,0,0
243.901093,243.809845,110,255,236,255,186,2,80,226,129,0,0,0,0,0,0,0
244.175827,244.073013,85,255,236,255,188,1,55,229,1,0,0,0,0,0,0,0
244.450546,244.363373,88,255,236,255,192,0,63,212,129,0,0,0,0,0,0,0
244.725281,244.625473,84,255,236,255,190,0,86,132,1,0,0,0,0,0,0,0
244.945053,244.860046,86,255,236,255,186,2,72,223,129,0,0,0,0,0,0,0
245.219788,245.121735,85,255,236,255,192,1,52,202,1,0,0,0,0,0,0,0
245.494507,245.382141,127,255,236,255,191,1,59,224,1,0,0,0,0,0,0,0
245.769226,245.672699,88,255,235,255,192,0,87,210,1,0,0,0,0,0,0,0
246.043961,245.934235,89,255,236,255,191,0,72,129,1,0,0,0,0,0,0,0
246.263733,246.168549,144,255,236,255,192,0,53,160,1,0,0,0,0,0,0,0
246.538467,246.430084,106,255,236,255,191,0,63,139,129,0,0,0,0,0,0,0
246.813187,246.720505,83,255,236,255,191,0,88,224,1,0,0,0,0,0,0,0
247.087906,246.980713,80,255,235,255,191,0,72,126,129,0,0,0,0,0,0,0
247.307693,247.215546,86,255,236,255,185,1,64,227,129,0,0,0,0,0,0,0
247.582413,247.476700,124,255,236,255,191,0,63,132,1,0,0,0,0,0,0,0
247.857147,247.766922,96,255,235,255,187,1,87,191,129,0,0,0,0,0,0,0
248.131866,248.028290,109,255,236,255,191,0,84,151,1,0,0,0,0,0,0,0
248.351654,248.262665,119,255,236,255,190,0,64,159,129,0,0,0,0,0,0,0
248.626373,248.527573,142,255,236,255,191,1,55,224,1,0,0,0,0,0,0,0
248.901093,248.790024,109,255,235,255,187,1,63,229,129,0,0,0,0,0,0,0
249.175827,249.080093,83,255,236,255,191,1,88,224,1,0,0,0,0,0,0,0
249.450546,249.341156,109,255,235,255,188,0,80,151,1,0,0,0,0,0,0,0
249.670334,249.574875,148,255,235,255,187,2,55,228,1,0,0,0,0,0,0,0
249.945053,249.836288,114,255,235,255,191,0,71,128,129,0,0,0,0,0,0,0
250.219788,250.126053,84,255,236,255,189,1,88,228,1,0,0,0,0,0,0,0
250.494507,250.387161,120,255,235,255,191,0,80,126,1,0,0,0,0,0,0,0
250.714279,250.622620,86,255,235,255,189,1,63,229,1,0,0,0,0,0,0,0
250.989014,250.883987,88,255,235,255,186,1,87,219,129,0,0,0,0,0,0,0
251.263733,251.173386,83,255,235,255,187,2,64,226,1,0,0,0,0,0,0,0
251.538467,251.436447,124,255,235,255,189,0,55,171,129,0,0,0,0,0,0,0
251.813187,251.700790,88,255,235,255,186,1,87,209,1,0,0,0,0,0,0,0
252.032974,251.935928,94,255,235,255,188,0,64,159,129,0,0,0,0,0,0,0
252.307693,252.197357,96,255,235,255,191,1,63,224,129,0,0,0,0,0,0,0
252.582413,252.485275,105,255,235,255,190,1,84,159,129,0,0,0,0,0,0,0
252.857147,252.747665,98,255,235,255,191,1,64,225,129,0,0,0,0,0,0,0
253.076920,252.982559,95,255,235,255,192,1,63,229,1,0,0,0,0,0,0,0
253.351654,253.244339,87,255,235,255,191,0,84,127,129,0,0,0,0,0,0,0
253.626373,253.535583,95,255,235,255,192,0,50,133,1,0,0,0,0,0,0,0
253.901093,253.799622,83,255,235,255,191,1,63,224,129,0,0,0,0,0,0,0
254.175827,254.063248,82,255,235,255,190,0,80,129,1,0,0,0,0,0,0,0
254.395599,254.298386,86,255,235,255,189,2,64,229,129,0,0,0,0,0,0,0
254.670334,254.560944,83,255,235,255,191,0,63,127,1,0,0,0,0,0,0,0
254.945053,254.851334,84,255,235,255,189,1,80,226,129,0,0,0,0,0,0,0
255.219788,255.112686,116,255,235,255,191,0,51,128,1,0,0,0,0,0,0,0
255.439560,255.348938,85,255,235,255,188,2,75,229,129,0,0,0,0,0,0,0
255.714279,255.611694,120,255,235,255,190,0,80,130,1,0,0,0,0,0,0,0
255.989014,255.873749,90,255,235,255,187,1,52,215,129,0,0,0,0,0,0,0
256.263733,256.162231,123,255,235,255,191,0,79,227,129,0,0,0,0,0,0,0
256.538452,256.426575,94,255,235,255,187,1,84,191,129,0,0,0,0,0,0,0
256.758240,256.663239,87,255,235,255,191,0,64,127,1,0,0,0,0,0,0,0
257.032959,256.923584,96,255,235,255,188,1,79,171,129,0,0,0,0,0,0,0
257.307678,257.216125,107,255,235,255,193,0,80,208,1,0,0,0,0,0,0,0
257.582428,257.479950,107,255,235,255,187,1,55,229,129,0,0,0,0,0,0,0
257.857147,257.741516,87,255,235,255,191,1,88,220,1,0,0,0,0,0,0,0
258.076935,257.977081,97,255,235,255,189,0,64,225,1,0,0,0,0,0,0,0
258.351654,258.240143,83,255,235,255,191,1,79,222,1,0,0,0,0,0,0,0
258.626373,258.528290,110,255,235,255,191,2,80,225,1,0,0,0,0,0,0,0
258.901093,258.791931,87,255,235,255,191,0,55,129,129,0,0,0,0,0,0,0
259.120880,259.027344,84,255,235,255,191,0,87,132,1,0,0,0,0,0,0,0
259.395599,259.289368,85,255,235,255,187,2,64,226,129,0,0,0,0,0,0,0
259.670319,259.580048,114,255,235,255,187,2,63,219,1,0,0,0,0,0,0,0
259.945068,259.843475,83,255,235,255,190,1,80,130,129,0,0,0,0,0,0,0
260.219788,260.107361,97,255,235,255,191,1,57,224,1,0,0,0,0,0,0,0
260.439575,260.341064,105,255,235,255,191,0,87,147,129,0,0,0,0,0,0,0
260.714294,260.603333,95,255,235,255,192,1,80,212,1,0,0,0,0,0,0,0
260.989014,260.891937,103,255,235,255,191,0,63,143,129,0,0,0,0,0,0,0
261.263733,261.154480,81,255,235,255,187,1,79,219,1,0,0,0,0,0,0,0
261.483521,261.390045,82,255,235,255,187,2,72,219,129,0,0,0,0,0,0,0
261.758240,261.650726,85,255,234,255,187,1,79,229,1,0,0,0,0,0,0,0
262.032959,261.941406,94,255,234,255,187,1,88,199,129,0,0,0,0,0,0,0
262.307678,262.203613,148,255,235,255,188,1,59,229,1,0,0,0,0,0,0,0
262.582428,262.466919,89,255,234,255,186,2,91,223,129,0,0,0,0,0,0,0
262.802185,262.701050,85,255,234,255,187,1,64,159,129,0,0,0,0,0,0,0
263.076935,262.962830,114,255,234,255,190,0,71,215,129,0,0,0,0,0,0,0
263.351654,263.253357,83,255,234,255,191,1,80,225,1,0,0,0,0,0,0,0
263.626373,263.515808,107,255,234,255,187,1,63,228,129,0,0,0,0,0,0,0
263.846161,263.751923,86,255,234,255,191,0,88,220,1,0,0,0,0,0,0,0
264.120880,264.016174,107,255,234,255,187,1,64,228,129,0,0,0,0,0,0,0
264.395599,264.279846,91,255,234,255,191,0,90,130,1,0,0,0,0,0,0,0
264.670319,264.569092,97,255,234,255,191,1,64,224,1,0,0,0,0,0,0,0
264.945068,264.832458,85,255,234,255,191,1,90,127,1,0,0,0,0,0,0,0
265.164825,265.067444,86,255,233,255,186,1,64,226,1,0,0,0,0,0,0,0
265.439575,265.328705,84,255,234,255,191,0,90,132,129,0,0,0,0,0,0,0
265.714294,265.618927,117,255,233,255,193,1,72,202,1,0,0,0,0,0,0,0
265.989014,265.879333,83,255,233,255,193,1,72,202,1,0,0,0,0,0,0,0
266.208801,266.113342,149,255,233,255,192,1,64,132,1,0,0,0,0,0,0,0
266.483521,266.376648,120,255,233,255,190,0,80,130,129,0,0,0,0,0,0,0
266.758240,266.645660,85,255,233,255,188,1,63,229,1,0,0,0,0,0,0,0
267.032959,266.935120,88,255,233,255,187,1,80,223,129,0,0,0,0,0,0,0
267.307678,267.196533,101,255,233,255,192,0,79,210,1,0,0,0,0,0,0,0
267.527466,267.431274,108,255,233,255,190,0,72,130,129,0,0,0,0,0,0,0
267.802185,267.693756,91,255,233,255,191,0,80,216,1,0,0,0,0,0,0,0
268.076935,267.983582,89,255,233,255,188,1,72,229,1,0,0,0,0,0,0,0
268.351654,268.244720,94,255,232,255,189,1,74,159,1,0,0,0,0,0,0,0
268.626373,268.507721,103,255,233,255,193,1,63,208,129,0,0,0,0,0,0,0
268.846161,268.742950,127,255,232,255,188,1,53,175,1,0,0,0,0,0,0,0
