0.000000,0.000000,127,255,221,255,191,0,67,184,129,0,0,0,0,0,0,0
0.274725,0.263675,106,255,221,255,192,0,71,164,1,0,0,0,0,0,0,0
0.549451,0.524587,106,255,221,255,192,0,70,164,129,0,0,0,0,0,0,0
0.824176,0.812557,106,255,221,255,189,0,71,191,1,0,0,0,0,0,0,0
1.098901,1.073370,106,255,220,255,191,1,72,184,129,0,0,0,0,0,0,0
1.318681,1.306768,106,255,221,255,190,1,72,214,1,0,0,0,0,0,0,0
1.593407,1.567475,106,255,221,255,192,0,70,164,129,0,0,0,0,0,0,0
1.868132,1.856158,124,255,221,255,193,0,74,200,1,0,0,0,0,0,0,0
2.142857,2.116765,106,255,221,255,192,0,71,164,129,0,0,0,0,0,0,0
2.362637,2.350271,106,255,221,255,190,1,74,214,1,0,0,0,0,0,0,0
2.637363,2.610925,106,255,221,255,189,1,74,164,129,0,0,0,0,0,0,0
2.912088,2.899220,106,255,221,255,192,0,71,164,1,0,0,0,0,0,0,0
3.186813,3.159663,106,255,222,255,189,1,72,212,129,0,0,0,0,0,0,0
3.406593,3.393871,106,255,221,255,191,0,72,164,1,0,0,0,0,0,0,0
3.681319,3.654427,106,255,221,255,191,0,71,164,129,0,0,0,0,0,0,0
3.956044,3.942684,106,255,221,255,190,1,75,164,1,0,0,0,0,0,0,0
4.230769,4.203316,106,255,221,255,192,0,73,164,129,0,0,0,0,0,0,0
4.450550,4.436716,106,255,221,255,186,1,68,219,1,0,0,0,0,0,0,0
4.725275,4.697842,106,255,221,255,186,2,69,220,1,0,0,0,0,0,0,0
5.000000,4.986006,106,255,221,255,189,1,69,207,129,0,0,0,0,0,0,0
5.274725,5.247271,106,255,222,255,190,0,70,164,1,0,0,0,0,0,0,0
5.494505,5.480415,118,255,222,255,192,0,72,164,129,0,0,0,0,0,0,0
5.769231,5.741803,106,255,222,255,193,0,71,164,1,0,0,0,0,0,0,0
6.043956,6.029913,106,255,222,255,192,0,74,216,129,0,0,0,0,0,0,0
6.318681,6.291334,106,255,221,255,187,1,72,221,1,0,0,0,0,0,0,0
6.538462,6.524322,106,255,222,255,192,0,71,164,129,0,0,0,0,0,0,0
6.813187,6.785049,106,255,222,255,189,0,69,213,1,0,0,0,0,0,0,0
7.087912,7.073559,106,255,222,255,191,0,72,163,129,0,0,0,0,0,0,0
7.362638,7.334679,114,255,222,255,193,0,75,184,1,0,0,0,0,0,0,0
7.582417,7.568132,106,255,222,255,192,0,71,164,129,0,0,0,0,0,0,0
7.857143,7.829454,106,255,222,255,188,1,75,215,1,0,0,0,0,0,0,0
8.131868,8.117422,106,255,222,255,188,1,73,191,129,0,0,0,0,0,0,0
8.406593,8.378385,106,255,222,255,191,0,75,164,1,0,0,0,0,0,0,0
8.626373,8.611479,122,255,222,255,191,1,71,194,129,0,0,0,0,0,0,0
8.901099,8.898879,106,255,222,255,192,0,71,164,129,0,0,0,0,0,0,0
9.175824,9.160211,106,255,222,255,190,0,73,164,1,0,0,0,0,0,0,0
9.450549,9.421378,106,255,222,255,189,1,76,163,1,0,0,0,0,0,0,0
9.670330,9.654499,116,255,222,255,192,0,74,164,129,0,0,0,0,0,0,0
9.945055,9.916010,106,255,222,255,192,1,76,202,129,0,0,0,0,0,0,0
10.219780,10.203713,106,255,222,255,192,0,75,208,1,0,0,0,0,0,0,0
10.494506,10.464880,106,255,222,255,189,0,76,216,129,0,0,0,0,0,0,0
10.714286,10.697865,106,255,222,255,187,1,74,220,1,0,0,0,0,0,0,0
10.989011,10.986240,106,255,222,255,190,1,75,179,129,0,0,0,0,0,0,0
11.263737,11.247205,106,255,222,255,192,0,76,164,1,0,0,0,0,0,0,0
11.538462,11.508687,106,255,223,255,191,1,76,205,129,0,0,0,0,0,0,0
11.758242,11.742082,106,255,222,255,192,0,76,164,1,0,0,0,0,0,0,0
12.032967,12.003710,106,255,222,255,187,1,75,218,129,0,0,0,0,0,0,0
12.307693,12.291779,106,255,222,255,191,0,70,167,1,0,0,0,0,0,0,0
12.582417,12.552588,124,255,222,255,192,0,71,164,129,0,0,0,0,0,0,0
12.802197,12.785885,106,255,222,255,191,0,68,164,1,0,0,0,0,0,0,0
13.076923,13.046758,106,255,222,255,189,0,74,216,129,0,0,0,0,0,0,0
13.351648,13.334776,106,255,222,255,187,1,71,215,1,0,0,0,0,0,0,0
13.571428,13.567503,106,255,222,255,192,0,71,191,1,0,0,0,0,0,0,0
13.846154,13.829040,106,255,222,255,191,1,76,200,1,0,0,0,0,0,0,0
14.120879,14.116743,106,255,222,255,192,0,70,164,129,0,0,0,0,0,0,0
14.395604,14.378836,124,255,222,255,192,0,68,164,1,0,0,0,0,0,0,0
14.670330,14.639191,106,255,222,255,191,0,69,164,129,0,0,0,0,0,0,0
14.890110,14.872017,106,255,222,255,192,1,75,220,129,0,0,0,0,0,0,0
15.164835,15.160651,106,255,222,255,190,0,72,171,129,0,0,0,0,0,0,0
15.439561,15.421462,106,255,222,255,192,0,69,164,129,0,0,0,0,0,0,0
15.714286,15.682999,106,255,222,255,188,1,71,164,1,0,0,0,0,0,0,0
15.934066,15.916309,106,255,222,255,190,1,73,215,129,0,0,0,0,0,0,0
16.208792,16.177557,106,255,222,255,189,1,67,207,1,0,0,0,0,0,0,0
16.483517,16.466398,106,255,222,255,192,0,68,164,129,0,0,0,0,0,0,0
16.758242,16.727463,133,255,222,255,189,0,67,212,1,0,0,0,0,0,0,0
16.978022,16.960966,106,255,222,255,192,0,69,164,129,0,0,0,0,0,0,0
17.252747,17.221827,127,255,222,255,191,1,73,181,1,0,0,0,0,0,0,0
17.527473,17.509951,111,255,222,255,192,0,72,164,129,0,0,0,0,0,0,0
17.802198,17.770605,106,255,222,255,191,0,69,164,1,0,0,0,0,0,0,0
18.021978,18.004059,125,255,222,255,192,0,73,164,129,0,0,0,0,0,0,0
18.296703,18.264765,106,255,222,255,188,0,72,164,1,0,0,0,0,0,0,0
18.571428,18.553707,118,255,222,255,192,0,72,164,129,0,0,0,0,0,0,0
18.846153,18.813955,106,255,222,255,191,0,71,164,1,0,0,0,0,0,0,0
19.065933,19.047766,106,255,222,255,192,0,72,210,129,0,0,0,0,0,0,0
19.340660,19.308517,106,255,222,255,187,1,71,217,1,0,0,0,0,0,0,0
19.615385,19.595871,106,255,221,255,193,0,68,164,129,0,0,0,0,0,0,0
19.890110,19.857660,106,255,222,255,191,1,67,167,1,0,0,0,0,0,0,0
20.109890,20.090620,106,255,222,255,192,0,67,163,129,0,0,0,0,0,0,0
20.384615,20.351616,128,255,222,255,192,0,72,202,1,0,0,0,0,0,0,0
20.659340,20.640047,106,255,222,255,192,0,68,163,129,0,0,0,0,0,0,0
20.934067,20.901012,106,255,222,255,188,1,71,220,129,0,0,0,0,0,0,0
21.153847,21.134766,106,255,222,255,189,1,74,164,1,0,0,0,0,0,0,0
21.428572,21.395121,106,255,222,255,192,0,71,164,129,0,0,0,0,0,0,0
21.703297,21.683397,106,255,222,255,187,1,67,220,1,0,0,0,0,0,0,0
21.978022,21.944309,106,255,222,255,192,0,67,164,129,0,0,0,0,0,0,0
22.197802,22.178022,106,255,222,255,192,0,69,163,1,0,0,0,0,0,0,0
22.472527,22.438972,106,255,222,255,188,1,71,163,129,0,0,0,0,0,0,0
22.747253,22.727304,110,255,222,255,192,0,74,164,1,0,0,0,0,0,0,0
23.021978,22.988115,106,255,222,255,192,0,69,164,129,0,0,0,0,0,0,0
23.241758,23.221535,106,255,222,255,192,0,71,203,1,0,0,0,0,0,0,0
23.516483,23.482090,106,255,222,255,190,1,68,210,129,0,0,0,0,0,0,0
23.791208,23.770655,106,255,222,255,192,0,72,164,1,0,0,0,0,0,0,0
24.065933,24.031668,106,255,222,255,187,1,74,218,129,0,0,0,0,0,0,0
24.285715,24.226854,106,255,222,255,192,0,73,163,1,0,0,0,0,0,0,0
24.560440,24.526539,129,255,222,255,192,0,71,208,129,0,0,0,0,0,0,0
24.835165,24.814812,106,255,222,255,192,0,72,163,1,0,0,0,0,0,0,0
25.109890,25.075066,106,255,222,255,186,1,68,221,1,0,0,0,0,0,0,0
25.329670,25.309040,106,255,221,255,189,0,67,175,1,0,0,0,0,0,0,0
25.604395,25.569218,106,255,222,255,192,0,66,164,129,0,0,0,0,0,0,0
25.879122,25.857666,106,255,222,255,192,0,72,164,129,0,0,0,0,0,0,0
26.153847,26.063450,106,255,221,255,192,0,72,164,1,0,0,0,0,0,0,0
26.373627,26.352308,106,255,222,255,189,1,72,214,129,0,0,0,0,0,0,0
26.648352,26.613026,106,255,222,255,192,0,72,164,1,0,0,0,0,0,0,0
26.923077,26.901567,106,255,222,255,188,1,69,215,129,0,0,0,0,0,0,0
27.197802,27.162649,106,255,221,255,192,0,70,163,1,0,0,0,0,0,0,0
27.417582,27.395727,108,255,222,255,192,0,69,164,129,0,0,0,0,0,0,0
27.692308,27.656637,119,255,222,255,191,1,69,167,1,0,0,0,0,0,0,0
27.967033,27.944832,106,255,222,255,192,0,69,164,129,0,0,0,0,0,0,0
28.241758,28.205933,107,255,222,255,191,1,70,194,1,0,0,0,0,0,0,0
28.461538,28.439327,106,255,222,255,192,0,74,164,129,0,0,0,0,0,0,0
28.736263,28.700541,129,255,222,255,190,0,70,208,1,0,0,0,0,0,0,0
29.010988,28.988918,106,255,222,255,191,0,71,164,129,0,0,0,0,0,0,0
29.285715,29.250038,106,255,222,255,192,1,72,220,1,0,0,0,0,0,0,0
29.505495,29.483690,106,255,222,255,187,1,68,220,129,0,0,0,0,0,0,0
29.780220,29.743990,106,255,222,255,192,0,72,164,1,0,0,0,0,0,0,0
30.054945,30.032879,140,255,222,255,191,0,71,220,129,0,0,0,0,0,0,0
30.329670,30.293844,106,255,222,255,192,0,68,164,1,0,0,0,0,0,0,0
30.549450,30.526066,106,255,222,255,189,0,70,187,1,0,0,0,0,0,0,0
30.824175,30.787645,106,255,222,255,190,1,68,214,129,0,0,0,0,0,0,0
31.098902,31.075815,106,255,222,255,192,0,72,164,129,0,0,0,0,0,0,0
31.373627,31.337208,106,255,222,255,187,1,73,215,129,0,0,0,0,0,0,0
31.593407,31.570538,106,255,222,255,191,0,73,164,1,0,0,0,0,0,0,0
31.868132,31.831808,110,255,222,255,191,1,69,176,129,0,0,0,0,0,0,0
32.142857,32.119774,106,255,222,255,190,0,69,164,1,0,0,0,0,0,0,0
32.417583,32.380859,118,255,222,255,191,0,72,164,129,0,0,0,0,0,0,0
32.637363,32.613838,106,255,222,255,192,0,73,164,1,0,0,0,0,0,0,0
32.912086,32.875004,106,255,222,255,192,0,73,164,129,0,0,0,0,0,0,0
33.186813,33.163483,106,255,222,255,189,0,74,187,1,0,0,0,0,0,0,0
33.461540,33.424377,106,255,222,255,191,0,71,164,129,0,0,0,0,0,0,0
33.681320,33.657589,106,255,222,255,190,1,74,204,1,0,0,0,0,0,0,0
33.956043,33.918762,106,255,221,255,192,0,70,164,129,0,0,0,0,0,0,0
34.230770,34.206680,106,255,222,255,188,1,67,220,1,0,0,0,0,0,0,0
34.505493,34.467609,106,255,222,255,193,0,69,163,129,0,0,0,0,0,0,0
34.725273,34.700996,110,255,222,255,189,1,68,203,1,0,0,0,0,0,0,0
35.000000,34.988800,106,255,222,255,190,1,69,181,1,0,0,0,0,0,0,0
35.274727,35.250534,106,255,222,255,192,0,67,164,1,0,0,0,0,0,0,0
35.549450,35.511204,106,255,222,255,191,1,65,164,129,0,0,0,0,0,0,0
35.769230,35.744289,106,255,222,255,192,0,63,164,1,0,0,0,0,0,0,0
36.043957,36.005154,106,255,222,255,190,1,65,210,129,0,0,0,0,0,0,0
36.318680,36.293217,106,255,222,255,192,0,67,163,129,0,0,0,0,0,0,0
36.593407,36.554878,106,255,222,255,186,2,71,215,1,0,0,0,0,0,0,0
36.813187,36.787949,106,255,222,255,191,0,72,164,129,0,0,0,0,0,0,0
37.087914,37.049313,126,255,223,255,193,0,72,164,1,0,0,0,0,0,0,0
37.362637,37.337284,106,255,222,255,187,1,74,219,129,0,0,0,0,0,0,0
37.637363,37.598488,106,255,222,255,191,0,69,164,1,0,0,0,0,0,0,0
37.857143,37.831554,106,255,222,255,189,1,74,203,129,0,0,0,0,0,0,0
38.131866,38.092354,106,255,222,255,192,0,75,164,1,0,0,0,0,0,0,0
38.406593,38.380703,106,255,222,255,192,0,76,164,129,0,0,0,0,0,0,0
38.681320,38.641548,105,255,222,255,188,1,71,220,1,0,0,0,0,0,0,0
38.901100,38.875206,107,255,222,255,192,0,72,164,129,0,0,0,0,0,0,0
39.175823,39.136414,142,255,222,255,191,1,74,167,1,0,0,0,0,0,0,0
39.450550,39.424023,106,255,222,255,192,0,76,163,129,0,0,0,0,0,0,0
39.725273,39.685860,106,255,222,255,192,0,75,219,1,0,0,0,0,0,0,0
39.945053,39.919312,106,255,222,255,190,0,71,171,129,0,0,0,0,0,0,0
40.219780,40.180225,106,255,222,255,191,0,76,189,1,0,0,0,0,0,0,0
40.494507,40.468212,106,255,222,255,192,1,72,200,1,0,0,0,0,0,0,0
40.769230,40.728855,106,255,222,255,192,0,74,164,1,0,0,0,0,0,0,0
40.989010,40.962364,105,255,222,255,187,1,67,221,129,0,0,0,0,0,0,0
41.263737,41.223373,106,255,222,255,192,0,69,163,1,0,0,0,0,0,0,0
41.538460,41.511963,106,255,222,255,187,1,72,217,1,0,0,0,0,0,0,0
41.813187,41.773071,106,255,222,255,189,1,68,164,129,0,0,0,0,0,0,0
42.032967,42.007080,106,255,222,255,191,0,67,188,1,0,0,0,0,0,0,0
42.307693,42.267994,115,255,222,255,191,0,64,165,129,0,0,0,0,0,0,0
42.582417,42.556576,106,255,222,255,192,0,63,164,1,0,0,0,0,0,0,0
42.857143,42.817333,105,255,222,255,187,1,68,221,129,0,0,0,0,0,0,0
43.076923,43.051094,106,255,222,255,192,0,69,164,1,0,0,0,0,0,0,0
43.351650,43.314571,106,255,222,255,191,1,67,213,129,0,0,0,0,0,0,0
43.626373,43.603401,106,255,222,255,189,0,61,164,1,0,0,0,0,0,0,0
43.901100,43.864212,106,255,222,255,186,1,70,217,129,0,0,0,0,0,0,0
44.120880,44.097973,114,255,223,255,191,0,68,184,1,0,0,0,0,0,0,0
44.395603,44.358829,106,255,222,255,192,0,68,164,129,0,0,0,0,0,0,0
44.670330,44.647102,106,255,223,255,190,1,72,214,1,0,0,0,0,0,0,0
44.945053,44.907661,106,255,223,255,191,0,71,163,129,0,0,0,0,0,0,0
45.164837,45.141525,106,255,223,255,192,0,71,163,1,0,0,0,0,0,0,0
45.439560,45.402332,112,255,222,255,189,1,71,191,129,0,0,0,0,0,0,0
45.714287,45.690453,106,255,222,255,191,0,69,164,1,0,0,0,0,0,0,0
45.989010,45.951370,106,255,223,255,190,1,70,213,129,0,0,0,0,0,0,0
46.208790,46.185535,106,255,223,255,192,0,72,163,1,0,0,0,0,0,0,0
46.483517,46.446140,106,255,222,255,192,0,75,164,129,0,0,0,0,0,0,0
46.758244,46.734158,106,255,223,255,191,0,75,208,1,0,0,0,0,0,0,0
47.032967,46.994766,106,255,223,255,192,0,71,163,1,0,0,0,0,0,0,0
47.252747,47.228065,106,255,223,255,189,1,76,216,129,0,0,0,0,0,0,0
47.527473,47.488873,106,255,223,255,192,0,74,163,1,0,0,0,0,0,0,0
47.802197,47.777508,107,255,223,255,192,1,74,215,129,0,0,0,0,0,0,0
48.076923,48.038471,106,255,223,255,189,1,77,191,1,0,0,0,0,0,0,0
48.296703,48.272125,106,255,223,255,190,1,76,191,129,0,0,0,0,0,0,0
48.571430,48.532730,106,255,223,255,190,1,75,163,1,0,0,0,0,0,0,0
48.846153,48.821156,106,255,223,255,192,0,71,163,129,0,0,0,0,0,0,0
49.120880,49.081665,106,255,223,255,188,1,69,207,1,0,0,0,0,0,0,0
49.340660,49.315678,106,255,223,255,191,0,71,163,129,0,0,0,0,0,0,0
49.615383,49.576385,132,255,223,255,192,0,72,163,1,0,0,0,0,0,0,0
49.890110,49.864662,106,255,223,255,191,0,72,163,129,0,0,0,0,0,0,0
50.164837,50.125778,115,255,223,255,192,0,68,164,1,0,0,0,0,0,0,0
50.384617,50.359230,111,255,223,255,191,0,74,163,129,0,0,0,0,0,0,0
50.659340,50.620094,128,255,223,255,191,0,72,204,1,0,0,0,0,0,0,0
50.934067,50.908573,106,255,223,255,191,0,71,164,129,0,0,0,0,0,0,0
51.208790,51.168976,106,255,223,255,192,0,72,163,1,0,0,0,0,0,0,0
51.428570,51.402935,106,255,223,255,189,1,74,199,129,0,0,0,0,0,0,0
51.703297,51.663082,106,255,223,255,191,0,68,164,1,0,0,0,0,0,0,0
51.978024,51.951973,124,255,223,255,192,0,70,200,129,0,0,0,0,0,0,0
52.252747,52.212936,106,255,223,255,192,0,67,164,1,0,0,0,0,0,0,0
52.472527,52.445976,106,255,223,255,189,1,75,214,1,0,0,0,0,0,0,0
52.747253,52.707249,106,255,223,255,189,1,68,216,129,0,0,0,0,0,0,0
53.021976,52.995422,106,255,223,255,192,0,69,163,1,0,0,0,0,0,0,0
53.296703,53.256641,106,255,223,255,189,1,68,207,129,0,0,0,0,0,0,0
53.516483,53.489784,106,255,223,255,191,0,72,182,1,0,0,0,0,0,0,0
53.791210,53.750851,106,255,223,255,187,1,72,220,129,0,0,0,0,0,0,0
54.065933,54.039127,106,255,223,255,189,1,75,163,1,0,0,0,0,0,0,0
54.340660,54.299889,112,255,223,255,189,0,76,191,129,0,0,0,0,0,0,0
54.560440,54.533852,123,255,223,255,190,0,73,171,1,0,0,0,0,0,0,0
54.835163,54.795067,106,255,223,255,192,0,75,164,129,0,0,0,0,0,0,0
55.109890,55.083496,115,255,223,255,192,1,75,189,1,0,0,0,0,0,0,0
55.384617,55.344971,106,255,223,255,192,0,74,163,129,0,0,0,0,0,0,0
55.604397,55.577961,132,255,223,255,192,0,77,164,1,0,0,0,0,0,0,0
55.879120,55.838718,106,255,223,255,192,0,77,163,129,0,0,0,0,0,0,0
56.153847,56.126740,105,255,223,255,189,1,72,220,1,0,0,0,0,0,0,0
56.428570,56.388218,139,255,223,255,189,1,76,207,129,0,0,0,0,0,0,0
56.648350,56.620747,106,255,223,255,191,0,71,167,129,0,0,0,0,0,0,0
56.923077,56.882530,106,255,223,255,191,0,71,209,129,0,0,0,0,0,0,0
57.197803,57.170086,106,255,223,255,190,0,73,164,129,0,0,0,0,0,0,0
57.472527,57.431358,106,255,223,255,192,0,72,163,1,0,0,0,0,0,0,0
57.692307,57.663940,106,255,223,255,191,0,73,163,1,0,0,0,0,0,0,0
57.967033,57.924595,127,255,223,255,192,0,74,184,1,0,0,0,0,0,0,0
58.241756,58.212769,106,255,223,255,191,0,67,163,129,0,0,0,0,0,0,0
58.516483,58.474297,128,255,222,255,192,0,69,164,1,0,0,0,0,0,0,0
58.736263,58.707745,106,255,223,255,190,0,67,163,129,0,0,0,0,0,0,0
59.010990,58.968708,106,255,222,255,191,0,74,164,1,0,0,0,0,0,0,0
59.285713,59.256985,106,255,222,255,189,1,73,191,129,0,0,0,0,0,0,0
59.560440,59.518410,106,255,222,255,191,0,67,164,1,0,0,0,0,0,0,0
59.780220,59.751198,106,255,222,255,191,1,67,201,129,0,0,0,0,0,0,0
60.054947,60.012009,106,255,223,255,192,0,64,164,1,0,0,0,0,0,0,0
60.329670,60.300129,106,255,222,255,189,1,67,221,129,0,0,0,0,0,0,0
60.604397,60.561810,106,255,222,255,192,0,71,163,1,0,0,0,0,0,0,0
60.824177,60.794952,106,255,222,255,188,1,66,220,129,0,0,0,0,0,0,0
61.098900,61.055611,105,255,222,255,189,1,66,207,1,0,0,0,0,0,0,0
61.373627,61.343990,106,255,222,255,191,1,72,184,129,0,0,0,0,0,0,0
61.648350,61.605057,106,255,222,255,188,1,67,211,1,0,0,0,0,0,0,0
61.868134,61.838150,106,255,222,255,192,0,73,164,129,0,0,0,0,0,0,0
62.142857,62.098705,128,255,222,255,192,0,73,204,1,0,0,0,0,0,0,0
62.417583,62.387230,106,255,222,255,190,1,69,214,1,0,0,0,0,0,0,0
62.692307,62.648361,106,255,222,255,186,1,74,219,129,0,0,0,0,0,0,0
62.912086,62.881905,106,255,222,255,190,1,72,164,1,0,0,0,0,0,0,0
63.186813,63.143173,124,255,222,255,192,0,70,164,1,0,0,0,0,0,0,0
63.461540,63.431858,106,255,222,255,191,0,69,164,1,0,0,0,0,0,0,0
63.736263,63.692619,136,255,222,255,191,0,67,164,129,0,0,0,0,0,0,0
63.956043,63.926121,106,255,222,255,186,2,72,217,1,0,0,0,0,0,0,0
64.230766,64.186928,106,255,222,255,192,0,67,178,129,0,0,0,0,0,0,0
64.505493,64.475258,106,255,222,255,191,0,74,201,1,0,0,0,0,0,0,0
64.780220,64.736015,106,255,222,255,190,1,69,212,129,0,0,0,0,0,0,0
65.000000,64.969414,106,255,222,255,186,1,74,219,1,0,0,0,0,0,0,0
65.274727,65.230232,106,255,222,255,192,0,68,164,129,0,0,0,0,0,0,0
65.549454,65.519119,112,255,222,255,192,0,72,180,1,0,0,0,0,0,0,0
65.824173,65.779770,106,255,222,255,191,1,69,165,129,0,0,0,0,0,0,0
66.043953,66.013069,124,255,222,255,193,0,69,164,1,0,0,0,0,0,0,0
66.318680,66.274399,106,255,222,255,191,0,68,164,129,0,0,0,0,0,0,0
66.593407,66.562210,106,255,222,255,192,0,72,163,1,0,0,0,0,0,0,0
66.868134,66.823532,106,255,222,255,192,0,69,163,129,0,0,0,0,0,0,0
67.087914,67.056778,106,255,222,255,192,0,65,163,1,0,0,0,0,0,0,0
67.362640,67.317688,106,255,222,255,189,1,72,199,129,0,0,0,0,0,0,0
67.637360,67.605713,106,255,222,255,191,0,67,164,1,0,0,0,0,0,0,0
67.912086,67.866570,131,255,222,255,192,0,72,164,1,0,0,0,0,0,0,0
68.131866,68.100227,105,255,222,255,192,0,71,163,1,0,0,0,0,0,0,0
68.406593,68.360733,106,255,222,255,187,1,69,215,1,0,0,0,0,0,0,0
68.681320,68.649208,106,255,222,255,190,1,66,167,129,0,0,0,0,0,0,0
68.956047,68.910019,124,255,222,255,192,0,67,164,1,0,0,0,0,0,0,0
69.175827,69.143318,106,255,222,255,192,1,73,164,129,0,0,0,0,0,0,0
69.450546,69.404327,106,255,222,255,189,1,74,216,1,0,0,0,0,0,0,0
69.725273,69.692917,105,255,222,255,188,2,75,218,129,0,0,0,0,0,0,0
70.000000,69.954185,110,255,222,255,192,0,74,163,1,0,0,0,0,0,0,0
70.219780,70.187431,124,255,222,255,191,0,72,198,129,0,0,0,0,0,0,0
70.494507,70.448242,106,255,222,255,191,0,72,164,1,0,0,0,0,0,0,0
70.769234,70.737030,105,255,222,255,188,1,69,220,129,0,0,0,0,0,0,0
71.043953,70.997734,105,255,222,255,192,0,71,163,1,0,0,0,0,0,0,0
71.263733,71.231186,106,255,222,255,190,0,75,163,129,0,0,0,0,0,0,0
71.538460,71.492104,106,255,222,255,191,0,72,164,1,0,0,0,0,0,0,0
71.813187,71.781143,106,255,222,255,190,1,77,216,129,0,0,0,0,0,0,0
72.087914,72.042107,105,255,222,255,189,1,77,218,1,0,0,0,0,0,0,0
72.307693,72.274536,106,255,222,255,192,0,77,163,129,0,0,0,0,0,0,0
72.582420,72.535835,106,255,222,255,188,1,76,191,1,0,0,0,0,0,0,0
72.857140,72.824028,117,255,222,255,192,0,72,164,129,0,0,0,0,0,0,0
73.131866,73.083977,106,255,222,255,191,0,75,208,1,0,0,0,0,0,0,0
73.351646,73.317574,106,255,222,255,192,0,75,163,1,0,0,0,0,0,0,0
73.626373,73.578796,106,255,222,255,192,0,75,163,129,0,0,0,0,0,0,0
73.901100,73.867172,106,255,222,255,189,0,74,163,1,0,0,0,0,0,0,0
74.175827,74.128395,116,255,221,255,192,0,69,164,129,0,0,0,0,0,0,0
74.395607,74.361382,127,255,222,255,189,0,71,183,1,0,0,0,0,0,0,0
74.670326,74.622345,106,255,222,255,192,0,74,163,129,0,0,0,0,0,0,0
74.945053,74.910362,106,255,222,255,189,0,74,199,1,0,0,0,0,0,0,0
75.219780,75.171333,106,255,221,255,191,0,71,163,129,0,0,0,0,0,0,0
75.439560,75.404839,106,255,222,255,191,0,75,204,1,0,0,0,0,0,0,0
75.714287,75.666054,105,255,221,255,192,0,69,163,129,0,0,0,0,0,0,0
75.989014,75.954842,106,255,222,255,192,0,72,163,1,0,0,0,0,0,0,0
76.263733,76.216316,106,255,221,255,188,1,68,211,129,0,0,0,0,0,0,0
76.483513,76.449821,133,255,221,255,191,1,68,180,1,0,0,0,0,0,0,0
76.758240,76.711449,105,255,221,255,191,1,72,200,129,0,0,0,0,0,0,0
77.032967,76.999313,106,255,221,255,192,0,72,163,1,0,0,0,0,0,0,0
77.307693,77.260124,106,255,221,255,188,1,68,220,129,0,0,0,0,0,0,0
77.527473,77.493164,106,255,221,255,192,0,69,164,1,0,0,0,0,0,0,0
77.802200,77.754074,106,255,221,255,192,0,76,164,129,0,0,0,0,0,0,0
78.076920,78.042610,106,255,221,255,188,1,74,163,1,0,0,0,0,0,0,0
78.351646,78.302605,112,255,221,255,189,1,74,187,1,0,0,0,0,0,0,0
78.571426,78.535950,123,255,221,255,190,1,70,171,1,0,0,0,0,0,0,0
78.846153,78.797218,122,255,221,255,192,0,71,163,1,0,0,0,0,0,0,0
79.120880,79.084930,124,255,221,255,191,1,76,200,129,0,0,0,0,0,0,0
79.395607,79.346207,105,255,221,255,191,0,75,163,1,0,0,0,0,0,0,0
79.615387,79.579247,105,255,221,255,186,1,77,219,129,0,0,0,0,0,0,0
79.890106,79.840668,105,255,221,255,192,0,68,163,1,0,0,0,0,0,0,0
80.164833,80.129250,120,255,221,255,192,0,77,192,129,0,0,0,0,0,0,0
80.439560,80.389809,106,255,221,255,190,1,75,183,1,0,0,0,0,0,0,0
80.659340,80.623260,106,255,221,255,192,0,75,164,129,0,0,0,0,0,0,0
80.934067,80.884483,106,255,221,255,191,0,76,200,1,0,0,0,0,0,0,0
81.208794,81.172806,105,255,221,255,192,0,75,164,129,0,0,0,0,0,0,0
81.483513,81.433456,117,255,221,255,192,0,76,187,1,0,0,0,0,0,0,0
81.703300,81.666496,106,255,221,255,191,1,76,163,129,0,0,0,0,0,0,0
81.978020,81.927773,106,255,221,255,192,0,76,163,1,0,0,0,0,0,0,0
82.252747,82.216148,127,255,221,255,189,1,76,183,129,0,0,0,0,0,0,0
82.527473,82.477013,106,255,221,255,190,0,76,179,1,0,0,0,0,0,0,0
82.747253,82.709648,106,255,220,255,192,0,76,163,1,0,0,0,0,0,0,0
83.021980,82.971588,106,255,221,255,190,1,78,208,1,0,0,0,0,0,0,0
83.296700,83.259705,105,255,220,255,191,0,72,164,129,0,0,0,0,0,0,0
83.571426,83.519745,124,255,221,255,191,0,72,198,1,0,0,0,0,0,0,0
83.791206,83.752838,105,255,220,255,192,0,72,163,129,0,0,0,0,0,0,0
84.065933,84.014313,106,255,220,255,192,0,69,164,129,0,0,0,0,0,0,0
84.340660,84.302589,106,255,220,255,192,0,72,163,1,0,0,0,0,0,0,0
84.615387,84.563446,106,255,220,255,191,1,75,188,129,0,0,0,0,0,0,0
84.835167,84.797005,122,255,220,255,192,1,76,196,1,0,0,0,0,0,0,0
85.109894,85.057816,106,255,220,255,189,1,76,191,129,0,0,0,0,0,0,0
85.384613,85.346497,106,255,220,255,192,0,76,163,1,0,0,0,0,0,0,0
85.659340,85.607208,139,255,220,255,191,1,77,163,129,0,0,0,0,0,0,0
85.879120,85.841118,106,255,220,255,189,1,69,207,1,0,0,0,0,0,0,0
86.153847,86.101929,106,255,219,255,188,1,73,218,129,0,0,0,0,0,0,0
86.428574,86.390259,106,255,219,255,191,1,74,204,1,0,0,0,0,0,0,0
86.703300,86.651070,106,255,219,255,190,1,76,208,129,0,0,0,0,0,0,0
86.923080,86.884514,105,255,219,255,189,1,74,218,1,0,0,0,0,0,0,0
87.197800,87.145325,106,255,219,255,193,0,75,163,129,0,0,0,0,0,0,0
87.472527,87.433807,106,255,219,255,189,0,73,191,1,0,0,0,0,0,0,0
87.747253,87.694206,111,255,219,255,191,1,68,163,129,0,0,0,0,0,0,0
87.967033,87.928070,106,255,219,255,192,0,71,164,1,0,0,0,0,0,0,0
88.241760,88.189339,118,255,219,255,191,0,71,189,129,0,0,0,0,0,0,0
88.516487,88.477104,105,255,219,255,188,1,69,211,129,0,0,0,0,0,0,0
88.791206,88.738220,106,255,219,255,192,0,67,163,129,0,0,0,0,0,0,0
89.010986,88.971619,105,255,219,255,191,1,70,163,1,0,0,0,0,0,0,0
89.285713,89.232582,106,255,218,255,192,0,65,163,1,0,0,0,0,0,0,0
89.560440,89.520760,120,255,218,255,191,0,66,192,129,0,0,0,0,0,0,0
89.835167,89.781212,106,255,218,255,192,0,70,163,1,0,0,0,0,0,0,0
90.054947,90.015175,108,255,218,255,193,0,67,163,129,0,0,0,0,0,0,0
90.329674,90.275879,106,255,218,255,192,0,70,163,1,0,0,0,0,0,0,0
90.604393,90.564308,106,255,218,255,192,0,72,163,129,0,0,0,0,0,0,0
90.879120,90.825119,106,255,218,255,191,1,66,176,1,0,0,0,0,0,0,0
91.098900,91.058929,106,255,218,255,187,1,71,163,129,0,0,0,0,0,0,0
91.373627,91.319839,106,255,218,255,192,0,67,163,1,0,0,0,0,0,0,0
91.648354,91.607811,106,255,218,255,186,1,69,220,129,0,0,0,0,0,0,0
91.923080,91.868675,106,255,218,255,192,0,70,163,1,0,0,0,0,0,0,0
92.142860,92.102432,106,255,217,255,193,0,66,163,129,0,0,0,0,0,0,0
92.417580,92.363701,106,255,217,255,190,0,72,163,1,0,0,0,0,0,0,0
92.692307,92.651970,106,255,217,255,192,0,69,163,129,0,0,0,0,0,0,0
92.967033,92.912689,106,255,217,255,186,1,71,219,1,0,0,0,0,0,0,0
93.186813,93.146240,106,255,217,255,191,0,71,163,129,0,0,0,0,0,0,0
93.461540,93.406532,110,255,217,255,193,0,67,163,1,0,0,0,0,0,0,0
93.736267,93.694656,106,255,217,255,192,0,70,163,1,0,0,0,0,0,0,0
94.010986,93.955681,106,255,217,255,192,0,65,164,129,0,0,0,0,0,0,0
94.230766,94.189484,106,255,217,255,192,0,64,163,129,0,0,0,0,0,0,0
94.505493,94.450142,105,255,217,255,192,0,67,163,129,0,0,0,0,0,0,0
94.780220,94.738266,106,255,217,255,192,0,69,163,129,0,0,0,0,0,0,0
95.054947,94.998199,106,255,217,255,192,0,68,163,129,0,0,0,0,0,0,0
95.274727,95.232117,106,255,217,255,189,1,66,212,1,0,0,0,0,0,0,0
95.549454,95.493332,106,255,217,255,192,0,63,163,129,0,0,0,0,0,0,0
95.824173,95.782013,106,255,217,255,191,0,66,164,1,0,0,0,0,0,0,0
96.098900,96.043343,106,255,217,255,191,0,64,163,129,0,0,0,0,0,0,0
96.318680,96.276741,106,255,216,255,192,0,64,163,1,0,0,0,0,0,0,0
96.593407,96.537849,128,255,217,255,192,0,66,163,129,0,0,0,0,0,0,0
96.868134,96.826035,106,255,216,255,189,1,66,207,1,0,0,0,0,0,0,0
97.142860,97.087456,106,255,216,255,192,0,65,164,129,0,0,0,0,0,0,0
97.362640,97.321007,106,255,216,255,191,0,65,163,1,0,0,0,0,0,0,0
97.637360,97.582123,106,255,216,255,190,1,66,204,129,0,0,0,0,0,0,0
97.912086,97.869377,105,255,216,255,190,1,66,204,129,0,0,0,0,0,0,0
98.186813,98.130035,106,255,216,255,190,1,66,204,129,0,0,0,0,0,0,0
98.406593,98.364967,105,255,216,255,187,1,65,219,129,0,0,0,0,0,0,0
98.681320,98.642258,107,255,217,255,191,0,65,163,129,0,0,0,0,0,0,0
98.956047,98.902206,106,255,217,255,193,0,68,164,129,0,0,0,0,0,0,0
99.230766,99.190582,106,255,216,255,191,0,71,163,1,0,0,0,0,0,0,0
99.505493,99.452415,105,255,217,255,192,0,69,163,1,0,0,0,0,0,0,0
99.725273,99.688263,106,255,216,255,192,0,71,163,129,0,0,0,0,0,0,0
100.000000,99.948418,106,255,217,255,190,0,66,212,129,0,0,0,0,0,0,0
100.274727,100.235817,106,255,217,255,192,0,69,163,1,0,0,0,0,0,0,0
100.549454,100.497398,106,255,217,255,190,1,71,202,129,0,0,0,0,0,0,0
100.769234,100.731003,106,255,217,255,192,0,71,163,1,0,0,0,0,0,0,0
101.043953,100.991966,106,255,216,255,191,0,67,163,129,0,0,0,0,0,0,0
101.318680,101.280449,106,255,217,255,192,0,72,164,1,0,0,0,0,0,0,0
101.593407,101.540749,117,255,216,255,191,0,68,187,129,0,0,0,0,0,0,0
101.813187,101.774811,106,255,216,255,192,0,72,163,1,0,0,0,0,0,0,0
102.087914,102.035416,106,255,217,255,192,0,71,163,129,0,0,0,0,0,0,0
102.362640,102.323181,127,255,217,255,189,0,71,187,129,0,0,0,0,0,0,0
102.637360,102.586395,106,255,217,255,191,0,66,163,1,0,0,0,0,0,0,0
102.857140,102.820717,115,255,217,255,192,0,70,184,1,0,0,0,0,0,0,0
103.131866,103.080757,106,255,217,255,191,0,70,164,1,0,0,0,0,0,0,0
103.406593,103.345100,120,255,217,255,192,0,69,164,1,0,0,0,0,0,0,0
103.681320,103.635628,105,255,217,255,186,1,71,219,129,0,0,0,0,0,0,0
103.956047,103.897057,106,255,217,255,192,0,70,163,1,0,0,0,0,0,0,0
104.175827,104.130508,106,255,217,255,191,1,71,166,129,0,0,0,0,0,0,0
104.450546,104.391983,105,255,217,255,189,1,70,163,1,0,0,0,0,0,0,0
104.725273,104.679436,106,255,217,255,189,1,70,217,1,0,0,0,0,0,0,0
105.000000,104.940971,132,255,217,255,191,0,71,163,129,0,0,0,0,0,0,0
105.219780,105.174004,106,255,217,255,191,0,73,163,129,0,0,0,0,0,0,0
105.494507,105.436867,106,255,217,255,192,0,69,164,129,0,0,0,0,0,0,0
105.769234,105.715126,106,255,217,255,192,0,69,164,129,0,0,0,0,0,0,0
106.043953,106.005035,105,255,217,255,192,0,71,163,129,0,0,0,0,0,0,0
106.318680,106.265953,106,255,217,255,191,0,69,164,1,0,0,0,0,0,0,0
106.538460,106.499962,107,255,217,255,188,1,72,209,129,0,0,0,0,0,0,0
106.813187,106.760773,106,255,217,255,192,0,68,163,1,0,0,0,0,0,0,0
107.087914,107.024605,106,255,217,255,192,0,69,163,129,0,0,0,0,0,0,0
107.362640,107.313293,106,255,217,255,187,1,71,217,1,0,0,0,0,0,0,0
107.637360,107.574203,109,255,217,255,193,0,67,163,129,0,0,0,0,0,0,0
107.857140,107.807961,115,255,217,255,190,0,70,171,1,0,0,0,0,0,0,0
108.131866,108.068825,105,255,217,255,190,1,67,163,129,0,0,0,0,0,0,0
108.406593,108.357666,106,255,218,255,193,0,66,163,1,0,0,0,0,0,0,0
108.681320,108.617401,106,255,218,255,192,0,69,163,1,0,0,0,0,0,0,0
108.901100,108.851563,105,255,217,255,186,1,72,218,1,0,0,0,0,0,0,0
109.175827,109.112373,106,255,218,255,192,0,70,163,129,0,0,0,0,0,0,0
109.450546,109.400955,106,255,218,255,191,0,67,163,1,0,0,0,0,0,0,0
109.725273,109.662331,106,255,218,255,192,0,72,163,129,0,0,0,0,0,0,0
109.945053,109.895729,106,255,218,255,191,0,67,164,1,0,0,0,0,0,0,0
110.219780,110.157104,106,255,218,255,187,1,71,216,129,0,0,0,0,0,0,0
110.494507,110.445023,106,255,218,255,188,1,72,216,1,0,0,0,0,0,0,0
110.769234,110.705421,139,255,218,255,187,1,70,213,129,0,0,0,0,0,0,0
110.989014,110.939796,106,255,218,255,192,0,71,163,1,0,0,0,0,0,0,0
111.263733,111.199585,106,255,218,255,192,1,71,163,129,0,0,0,0,0,0,0
111.538460,111.488449,109,255,218,255,192,0,74,176,129,0,0,0,0,0,0,0
111.813187,111.749283,121,255,218,255,192,0,72,164,129,0,0,0,0,0,0,0
112.032967,111.982834,125,255,219,255,190,0,71,175,129,0,0,0,0,0,0,0
112.307693,112.244209,105,255,219,255,192,1,75,163,1,0,0,0,0,0,0,0
112.582420,112.532639,105,255,218,255,192,0,75,163,129,0,0,0,0,0,0,0
112.857140,112.793655,106,255,218,255,191,0,78,163,1,0,0,0,0,0,0,0
113.076920,113.027771,106,255,219,255,192,0,75,163,129,0,0,0,0,0,0,0
113.351646,113.289093,106,255,219,255,192,0,75,163,1,0,0,0,0,0,0,0
113.626373,113.577217,106,255,219,255,192,0,74,163,129,0,0,0,0,0,0,0
113.901100,113.838890,106,255,219,255,192,0,76,188,1,0,0,0,0,0,0,0
114.120880,114.072441,105,255,219,255,192,0,74,163,129,0,0,0,0,0,0,0
114.395607,114.333313,106,255,219,255,188,1,76,205,1,0,0,0,0,0,0,0
114.670326,114.622147,106,255,219,255,190,0,75,210,129,0,0,0,0,0,0,0
114.945053,114.882751,106,255,219,255,188,0,73,164,1,0,0,0,0,0,0,0
115.164833,115.116203,106,255,219,255,191,0,75,185,129,0,0,0,0,0,0,0
115.439560,115.377220,106,255,219,255,189,1,77,203,1,0,0,0,0,0,0,0
115.714287,115.665955,106,255,219,255,186,1,75,216,129,0,0,0,0,0,0,0
115.989014,115.926872,105,255,219,255,189,1,75,191,1,0,0,0,0,0,0,0
116.208794,116.159599,106,255,219,255,190,1,75,163,1,0,0,0,0,0,0,0
116.483513,116.420265,125,255,219,255,191,0,72,176,129,0,0,0,0,0,0,0
116.758240,116.708992,106,255,219,255,192,0,73,164,129,0,0,0,0,0,0,0
117.032967,116.969551,105,255,219,255,187,1,74,214,129,0,0,0,0,0,0,0
117.252747,117.203156,106,255,219,255,190,0,73,196,1,0,0,0,0,0,0,0
117.527473,117.463966,125,255,219,255,191,1,72,200,129,0,0,0,0,0,0,0
117.802200,117.752701,124,255,219,255,192,0,72,198,1,0,0,0,0,0,0,0
118.076920,118.013611,105,255,219,255,188,1,74,214,129,0,0,0,0,0,0,0
118.296700,118.246605,106,255,219,255,190,1,72,187,1,0,0,0,0,0,0,0
118.571426,118.507774,106,255,219,255,189,1,71,187,129,0,0,0,0,0,0,0
118.846153,118.795738,105,255,219,255,187,1,71,216,1,0,0,0,0,0,0,0
119.120880,119.056755,106,255,219,255,192,0,71,163,129,0,0,0,0,0,0,0
119.340660,119.290207,106,255,219,255,192,0,70,163,1,0,0,0,0,0,0,0
119.615387,119.551476,106,255,219,255,192,0,70,163,129,0,0,0,0,0,0,0
119.890106,119.840057,106,255,219,255,190,1,71,191,1,0,0,0,0,0,0,0
120.164833,120.101128,106,255,219,255,192,1,71,184,129,0,0,0,0,0,0,0
120.384613,120.334221,106,255,219,255,192,0,69,163,1,0,0,0,0,0,0,0
120.659340,120.595284,106,255,218,255,191,0,69,201,129,0,0,0,0,0,0,0
120.934067,120.883202,116,255,219,255,191,1,68,186,1,0,0,0,0,0,0,0
121.208794,121.143394,106,255,218,255,192,0,66,163,1,0,0,0,0,0,0,0
121.428574,121.377052,108,255,218,255,190,0,69,179,129,0,0,0,0,0,0,0
121.703300,121.638733,137,255,218,255,191,0,68,164,129,0,0,0,0,0,0,0
121.978020,121.926857,106,255,218,255,192,0,69,163,129,0,0,0,0,0,0,0
122.252747,122.188179,106,255,218,255,191,0,64,163,1,0,0,0,0,0,0,0
122.472527,122.421837,105,255,218,255,191,0,65,163,129,0,0,0,0,0,0,0
122.747253,122.683105,106,255,218,255,192,0,71,163,1,0,0,0,0,0,0,0
123.021980,122.971077,105,255,218,255,192,0,66,163,129,0,0,0,0,0,0,0
123.296700,123.231606,106,255,218,255,192,0,64,214,1,0,0,0,0,0,0,0
123.516487,123.464928,106,255,218,255,189,1,67,207,129,0,0,0,0,0,0,0
123.791206,123.725838,127,255,218,255,192,0,64,163,1,0,0,0,0,0,0,0
124.065933,124.014679,138,255,218,255,191,1,64,207,129,0,0,0,0,0,0,0
124.340660,124.275383,105,255,217,255,192,0,63,163,1,0,0,0,0,0,0,0
124.560440,124.508781,106,255,218,255,192,0,65,208,129,0,0,0,0,0,0,0
124.835167,124.769440,106,255,218,255,192,0,63,163,129,0,0,0,0,0,0,0
125.109894,125.056793,106,255,218,255,191,1,64,197,129,0,0,0,0,0,0,0
125.384613,125.318016,105,255,217,255,188,1,63,207,1,0,0,0,0,0,0,0
125.604393,125.551521,105,255,218,255,187,1,62,214,129,0,0,0,0,0,0,0
125.879120,125.813301,105,255,217,255,187,0,60,163,1,0,0,0,0,0,0,0
126.153847,126.100807,105,255,217,255,189,1,60,203,129,0,0,0,0,0,0,0
126.428574,126.362335,106,255,217,255,192,0,60,178,1,0,0,0,0,0,0,0
126.648354,126.595070,105,255,217,255,187,1,59,211,129,0,0,0,0,0,0,0
126.923080,126.856445,105,255,217,255,192,0,59,163,129,0,0,0,0,0,0,0
127.197800,127.144714,106,255,217,255,187,1,57,215,1,0,0,0,0,0,0,0
127.472527,127.405220,118,255,217,255,192,0,56,215,1,0,0,0,0,0,0,0
127.692307,127.638008,105,255,217,255,192,0,56,163,1,0,0,0,0,0,0,0
127.967033,127.899841,106,255,217,255,192,0,58,163,129,0,0,0,0,0,0,0
128.241760,128.188110,112,255,217,255,192,0,55,164,1,0,0,0,0,0,0,0
128.516479,128.449127,105,255,217,255,192,0,55,163,129,0,0,0,0,0,0,0
128.736267,128.682373,105,255,217,255,188,1,58,163,1,0,0,0,0,0,0,0
129.010986,128.943649,105,255,217,255,188,1,63,207,129,0,0,0,0,0,0,0
129.285721,129.231873,108,255,217,255,191,0,59,173,1,0,0,0,0,0,0,0
129.560440,129.493042,105,255,217,255,192,0,56,165,129,0,0,0,0,0,0,0
129.780212,129.726654,106,255,218,255,191,1,54,189,1,0,0,0,0,0,0,0
130.054947,129.987045,106,255,217,255,190,0,53,202,129,0,0,0,0,0,0,0
130.329666,130.275940,127,255,217,255,191,0,53,183,1,0,0,0,0,0,0,0
130.604401,130.536133,105,255,217,255,192,0,52,163,129,0,0,0,0,0,0,0
130.824173,130.770142,106,255,217,255,192,0,53,163,129,0,0,0,0,0,0,0
131.098907,131.031570,105,255,217,255,187,1,54,214,129,0,0,0,0,0,0,0
131.373627,131.319748,136,255,217,255,192,0,50,163,1,0,0,0,0,0,0,0
131.648346,131.580200,106,255,218,255,193,0,50,163,129,0,0,0,0,0,0,0
131.868134,131.813858,106,255,217,255,190,1,50,209,1,0,0,0,0,0,0,0
132.142853,132.074142,128,255,217,255,190,1,49,204,129,0,0,0,0,0,0,0
132.417587,132.362366,105,255,218,255,192,0,47,213,129,0,0,0,0,0,0,0
132.692307,132.623337,105,255,218,255,192,0,46,163,1,0,0,0,0,0,0,0
132.912094,132.857101,112,255,218,255,191,1,46,171,129,0,0,0,0,0,0,0
133.186813,133.117859,106,255,217,255,192,1,43,188,1,0,0,0,0,0,0,0
133.461533,133.406387,138,255,218,255,191,1,47,215,129,0,0,0,0,0,0,0
133.736267,133.666946,106,255,218,255,191,0,46,163,1,0,0,0,0,0,0,0
133.956039,133.900848,113,255,218,255,192,0,44,163,129,0,0,0,0,0,0,0
134.230774,134.161713,120,255,218,255,192,0,48,192,1,0,0,0,0,0,0,0
134.505493,134.450043,105,255,219,255,191,1,48,192,129,0,0,0,0,0,0,0
134.780212,134.711060,106,255,218,255,191,1,46,206,1,0,0,0,0,0,0,0
135.000000,134.944611,106,255,219,255,193,0,47,163,129,0,0,0,0,0,0,0
135.274719,135.205780,106,255,219,255,191,1,48,198,1,0,0,0,0,0,0,0
135.549454,135.494003,117,255,219,255,192,0,47,163,129,0,0,0,0,0,0,0
135.824173,135.754761,105,255,219,255,192,0,48,163,1,0,0,0,0,0,0,0
136.043961,135.988373,106,255,219,255,192,0,48,215,129,0,0,0,0,0,0,0
136.318680,136.249283,112,255,220,255,193,0,50,175,1,0,0,0,0,0,0,0
136.593399,136.536636,105,255,220,255,187,1,51,213,129,0,0,0,0,0,0,0
136.868134,136.798004,106,255,220,255,190,1,49,171,129,0,0,0,0,0,0,0
137.087906,137.035400,124,255,221,255,192,0,51,163,129,0,0,0,0,0,0,0
137.362640,137.302155,105,255,221,255,191,0,50,171,1,0,0,0,0,0,0,0
137.637360,137.562851,106,255,221,255,192,0,50,166,1,0,0,0,0,0,0,0
137.912094,137.851746,108,255,221,255,188,1,50,203,129,0,0,0,0,0,0,0
138.186813,138.112701,125,255,221,255,191,1,51,175,1,0,0,0,0,0,0,0
138.406601,138.348770,106,255,221,255,192,0,50,163,129,0,0,0,0,0,0,0
138.681320,138.609787,105,255,222,255,191,1,51,194,1,0,0,0,0,0,0,0
138.956039,138.898315,105,255,222,255,192,0,51,163,129,0,0,0,0,0,0,0
139.230774,139.159286,105,255,222,255,192,0,51,163,1,0,0,0,0,0,0,0
139.450546,139.393646,105,255,223,255,191,0,50,163,129,0,0,0,0,0,0,0
139.725281,139.654205,106,255,223,255,186,1,51,219,1,0,0,0,0,0,0,0
140.000000,139.942734,105,255,223,255,190,1,52,183,129,0,0,0,0,0,0,0
140.274719,140.203644,106,255,223,255,192,0,51,163,1,0,0,0,0,0,0,0
140.494507,140.437302,105,255,223,255,191,1,51,202,129,0,0,0,0,0,0,0
140.769226,140.697510,106,255,223,255,192,0,52,163,1,0,0,0,0,0,0,0
141.043961,140.986191,111,255,224,255,191,1,51,189,129,0,0,0,0,0,0,0
141.318680,141.246643,105,255,224,255,191,0,50,163,1,0,0,0,0,0,0,0
141.538467,141.479980,106,255,224,255,192,0,50,163,1,0,0,0,0,0,0,0
141.813187,141.742279,105,255,224,255,187,1,50,217,1,0,0,0,0,0,0,0
142.087906,142.029846,112,255,224,255,193,0,50,217,1,0,0,0,0,0,0,0
142.362640,142.298126,105,255,225,255,192,0,56,163,1,0,0,0,0,0,0,0
142.637360,142.565033,105,255,225,255,191,0,51,163,1,0,0,0,0,0,0,0
142.857147,142.797913,105,255,225,255,191,0,51,163,1,0,0,0,0,0,0,0
143.131866,143.058624,105,255,225,255,188,1,55,162,1,0,0,0,0,0,0,0
143.406601,143.346329,107,255,225,255,188,1,55,162,1,0,0,0,0,0,0,0
143.681320,143.617325,105,255,225,255,188,1,55,162,1,0,0,0,0,0,0,0
143.956039,143.896255,105,255,226,255,190,0,60,208,129,0,0,0,0,0,0,0
144.230774,144.175232,106,255,226,255,190,1,64,216,1,0,0,0,0,0,0,0
144.505493,144.447464,105,255,226,255,191,0,63,163,129,0,0,0,0,0,0,0
144.780212,144.707504,106,255,226,255,191,0,63,163,129,0,0,0,0,0,0,0
145.000000,144.940598,121,255,226,255,191,1,64,194,129,0,0,0,0,0,0,0
145.274719,145.200851,105,255,226,255,191,1,64,194,129,0,0,0,0,0,0,0
145.549454,145.494797,105,255,226,255,188,1,65,211,129,0,0,0,0,0,0,0
145.824173,145.769272,105,255,226,255,192,0,72,163,1,0,0,0,0,0,0,0
146.098907,146.030396,105,255,226,255,190,0,74,204,129,0,0,0,0,0,0,0
146.318680,146.263840,105,255,227,255,192,0,71,162,1,0,0,0,0,0,0,0
146.593399,146.523743,108,255,227,255,192,0,71,162,1,0,0,0,0,0,0,0
146.868134,146.816315,105,255,227,255,192,0,74,163,1,0,0,0,0,0,0,0
147.142853,147.067368,105,255,227,255,193,0,71,163,129,0,0,0,0,0,0,0
147.417587,147.356354,138,255,227,255,191,1,76,219,1,0,0,0,0,0,0,0
147.692307,147.617065,105,255,227,255,192,0,74,163,129,0,0,0,0,0,0,0
147.912094,147.851227,128,255,227,255,191,0,75,202,1,0,0,0,0,0,0,0
148.186813,148.114700,105,255,227,255,192,0,73,162,129,0,0,0,0,0,0,0
148.461533,148.402832,106,255,227,255,187,1,73,219,1,0,0,0,0,0,0,0
148.736267,148.663681,105,255,227,255,192,0,74,163,129,0,0,0,0,0,0,0
148.956039,148.897186,107,255,227,255,187,1,69,214,1,0,0,0,0,0,0,0
149.230774,149.168243,105,255,227,255,187,1,69,214,1,0,0,0,0,0,0,0
149.505493,149.445831,105,255,227,255,187,1,69,214,1,0,0,0,0,0,0,0
149.780212,149.724716,106,255,227,255,189,0,72,183,129,0,0,0,0,0,0,0
150.054947,149.998779,105,255,227,255,191,0,75,163,1,0,0,0,0,0,0,0
150.329666,150.259018,105,255,227,255,191,0,75,163,1,0,0,0,0,0,0,0
150.604401,150.547043,141,255,227,255,187,1,72,219,1,0,0,0,0,0,0,0
150.879120,150.807495,105,255,227,255,192,0,69,163,129,0,0,0,0,0,0,0
151.153839,151.045349,105,255,227,255,192,0,69,163,129,0,0,0,0,0,0,0
151.428574,151.351852,117,255,227,255,192,0,71,163,1,0,0,0,0,0,0,0
151.703293,151.630875,105,255,227,255,191,0,69,163,1,0,0,0,0,0,0,0
151.978027,151.909912,106,255,227,255,190,1,68,212,129,0,0,0,0,0,0,0
152.252747,152.188171,105,255,227,255,190,1,68,212,129,0,0,0,0,0,0,0
152.527466,152.467255,105,255,227,255,187,1,74,218,1,0,0,0,0,0,0,0
152.802200,152.745621,105,255,227,255,192,0,74,218,1,0,0,0,0,0,0,0
153.076920,153.011398,105,255,227,255,191,0,73,163,129,0,0,0,0,0,0,0
153.351654,153.272308,105,255,226,255,192,0,70,163,1,0,0,0,0,0,0,0
153.571426,153.506119,124,255,227,255,192,0,68,198,129,0,0,0,0,0,0,0
153.846161,153.766159,105,255,226,255,192,0,72,163,129,0,0,0,0,0,0,0
154.120880,154.057816,106,255,227,255,192,1,68,221,1,0,0,0,0,0,0,0
154.395599,154.319138,105,255,226,255,191,0,66,200,1,0,0,0,0,0,0,0
154.615387,154.552887,105,255,226,255,192,0,63,163,129,0,0,0,0,0,0,0
154.890106,154.813599,105,255,226,255,189,1,65,216,129,0,0,0,0,0,0,0
155.164841,155.102341,105,255,226,255,192,0,67,163,1,0,0,0,0,0,0,0
155.439560,155.363144,106,255,226,255,187,1,69,218,129,0,0,0,0,0,0,0
155.659348,155.596390,105,255,227,255,192,0,67,162,1,0,0,0,0,0,0,0
155.934067,155.872192,106,255,226,255,192,0,67,162,1,0,0,0,0,0,0,0
156.208786,156.150711,105,255,226,255,191,0,67,163,1,0,0,0,0,0,0,0
156.538467,156.428833,105,255,226,255,191,0,67,163,1,0,0,0,0,0,0,0
156.813187,156.734604,105,255,226,255,191,0,67,163,1,0,0,0,0,0,0,0
157.032974,156.974396,105,255,226,255,191,0,64,163,129,0,0,0,0,0,0,0
157.307693,157.234344,128,255,226,255,191,0,64,163,129,0,0,0,0,0,0,0
157.582413,157.523697,105,255,227,255,192,0,67,163,129,0,0,0,0,0,0,0
157.857147,157.785217,106,255,227,255,192,0,63,215,1,0,0,0,0,0,0,0
158.131866,158.056732,135,255,226,255,189,1,64,191,129,0,0,0,0,0,0,0
158.351654,158.293762,105,255,226,255,191,0,60,163,129,0,0,0,0,0,0,0
158.626373,158.555084,106,255,226,255,192,0,60,163,129,0,0,0,0,0,0,0
158.901093,158.842804,105,255,226,255,192,0,65,162,129,0,0,0,0,0,0,0
159.175827,159.103043,107,255,226,255,192,0,58,163,129,0,0,0,0,0,0,0
159.450546,159.376495,111,255,226,255,191,0,59,180,129,0,0,0,0,0,0,0
159.725281,159.654510,105,255,226,255,191,0,59,180,129,0,0,0,0,0,0,0
160.000000,159.928772,105,255,227,255,192,0,64,163,1,0,0,0,0,0,0,0
160.219788,160.161407,105,255,227,255,192,0,67,163,129,0,0,0,0,0,0,0
160.494507,160.421906,107,255,226,255,192,0,67,163,129,0,0,0,0,0,0,0
160.769226,160.709671,119,255,227,255,190,1,63,167,129,0,0,0,0,0,0,0
161.043961,160.975342,122,255,227,255,191,0,59,196,1,0,0,0,0,0,0,0
161.318680,161.253708,134,255,227,255,191,1,63,205,1,0,0,0,0,0,0,0
161.593399,161.531723,105,255,227,255,192,0,63,163,1,0,0,0,0,0,0,0
161.868134,161.806458,105,255,227,255,188,1,67,217,129,0,0,0,0,0,0,0
162.142853,162.067673,105,255,227,255,191,0,65,162,1,0,0,0,0,0,0,0
162.362640,162.301636,105,255,227,255,192,0,66,163,129,0,0,0,0,0,0,0
162.637360,162.561829,105,255,227,255,191,1,66,202,1,0,0,0,0,0,0,0
162.912094,162.852249,105,255,228,255,192,0,66,163,1,0,0,0,0,0,0,0
163.186813,163.113174,105,255,227,255,190,1,66,213,129,0,0,0,0,0,0,0
163.406601,163.346878,105,255,228,255,192,0,64,163,129,0,0,0,0,0,0,0
163.681320,163.607849,106,255,228,255,192,0,64,163,129,0,0,0,0,0,0,0
163.956039,163.896164,105,255,228,255,192,0,68,163,1,0,0,0,0,0,0,0
164.230774,164.157028,105,255,228,255,191,1,64,184,129,0,0,0,0,0,0,0
164.450546,164.390488,105,255,228,255,192,0,61,165,1,0,0,0,0,0,0,0
164.725281,164.650940,105,255,228,255,192,0,67,165,1,0,0,0,0,0,0,0
165.000000,164.924896,125,255,229,255,190,1,64,200,1,0,0,0,0,0,0,0
165.274719,165.203110,105,255,229,255,192,0,71,163,129,0,0,0,0,0,0,0
165.549454,165.482147,105,255,229,255,191,0,59,163,1,0,0,0,0,0,0,0
165.824173,165.745148,142,255,229,255,191,1,72,164,129,0,0,0,0,0,0,0
166.098907,166.033432,105,255,229,255,192,0,70,162,1,0,0,0,0,0,0,0
166.373627,166.293930,117,255,229,255,192,0,58,171,129,0,0,0,0,0,0,0
166.593399,166.526978,105,255,229,255,192,0,57,163,1,0,0,0,0,0,0,0
166.868134,166.790604,106,255,229,255,192,1,71,220,129,0,0,0,0,0,0,0
167.142853,167.079391,105,255,229,255,193,0,68,163,1,0,0,0,0,0,0,0
167.417587,167.340500,105,255,230,255,193,0,64,163,129,0,0,0,0,0,0,0
167.637360,167.574158,105,255,230,255,192,0,63,163,1,0,0,0,0,0,0,0
167.912094,167.834717,106,255,230,255,192,0,68,162,1,0,0,0,0,0,0,0
168.186813,168.124115,136,255,231,255,189,1,64,216,1,0,0,0,0,0,0,0
168.461533,168.385178,106,255,231,255,192,0,55,163,129,0,0,0,0,0,0,0
168.681320,168.618225,107,255,231,255,186,1,63,219,1,0,0,0,0,0,0,0
168.956039,168.878616,105,255,231,255,189,0,63,219,1,0,0,0,0,0,0,0
169.230774,169.167770,120,255,231,255,191,1,70,192,1,0,0,0,0,0,0,0
169.505493,169.438614,105,255,231,255,190,1,63,162,129,0,0,0,0,0,0,0
169.780212,169.699158,106,255,231,255,190,1,64,216,129,0,0,0,0,0,0,0
170.000000,169.931946,144,255,232,255,186,1,72,221,129,0,0,0,0,0,0,0
170.274719,170.193008,105,255,232,255,192,0,65,163,129,0,0,0,0,0,0,0
170.549454,170.483246,124,255,232,255,191,1,66,198,1,0,0,0,0,0,0,0
170.824173,170.743851,105,255,232,255,192,1,78,208,129,0,0,0,0,0,0,0
171.043961,170.976730,105,255,233,255,189,1,75,221,1,0,0,0,0,0,0,0
171.318680,171.237854,105,255,233,255,192,0,74,162,129,0,0,0,0,0,0,0
171.593399,171.525818,110,255,233,255,192,0,71,163,1,0,0,0,0,0,0,0
171.868134,171.785553,105,255,233,255,191,0,64,171,129,0,0,0,0,0,0,0
172.087906,172.019104,106,255,234,255,192,0,72,163,1,0,0,0,0,0,0,0
172.362640,172.280380,105,255,234,255,191,1,77,205,129,0,0,0,0,0,0,0
172.637360,172.568344,105,255,234,255,190,1,64,216,1,0,0,0,0,0,0,0
172.912094,172.829208,105,255,234,255,189,1,63,224,129,0,0,0,0,0,0,0
173.131866,173.062653,105,255,234,255,192,0,72,162,1,0,0,0,0,0,0,0
173.406601,173.323929,143,255,235,255,191,0,64,215,129,0,0,0,0,0,0,0
173.681320,173.611328,105,255,235,255,190,1,78,205,129,0,0,0,0,0,0,0
173.956039,173.872910,120,255,235,255,193,0,67,163,129,0,0,0,0,0,0,0
174.175827,174.105286,105,255,235,255,192,0,67,163,1,0,0,0,0,0,0,0
174.450546,174.366821,105,255,235,255,192,0,80,163,1,0,0,0,0,0,0,0
174.725281,174.654831,105,255,236,255,189,0,79,220,1,0,0,0,0,0,0,0
175.000000,174.915741,106,255,235,255,191,1,68,224,1,0,0,0,0,0,0,0
175.219788,175.149048,105,255,236,255,187,1,69,215,129,0,0,0,0,0,0,0
175.494507,175.409851,105,255,236,255,191,0,72,163,1,0,0,0,0,0,0,0
175.769226,175.698380,123,255,236,255,192,0,71,196,129,0,0,0,0,0,0,0
176.043961,175.959198,105,255,236,255,191,0,86,163,1,0,0,0,0,0,0,0
176.263733,176.193054,105,255,237,255,189,1,82,219,129,0,0,0,0,0,0,0
176.538467,176.453659,106,255,237,255,192,0,84,163,1,0,0,0,0,0,0,0
176.813187,176.742340,105,255,237,255,191,0,84,163,129,0,0,0,0,0,0,0
177.087906,177.003876,135,255,237,255,192,1,87,191,1,0,0,0,0,0,0,0
177.307693,177.237427,105,255,237,255,192,0,66,162,129,0,0,0,0,0,0,0
177.582413,177.498337,128,255,237,255,191,0,74,202,1,0,0,0,0,0,0,0
177.857147,177.786407,105,255,237,255,191,0,83,163,129,0,0,0,0,0,0,0
178.131866,178.046967,105,255,237,255,189,1,76,217,1,0,0,0,0,0,0,0
178.351654,178.280411,105,255,237,255,191,0,83,163,129,0,0,0,0,0,0,0
178.626373,178.541489,106,255,237,255,192,0,67,163,1,0,0,0,0,0,0,0
178.901093,178.830124,105,255,238,255,187,1,71,218,129,0,0,0,0,0,0,0
179.175827,179.090363,105,255,238,255,191,0,71,163,1,0,0,0,0,0,0,0
179.395599,179.324478,105,255,237,255,189,0,71,183,129,0,0,0,0,0,0,0
179.670334,179.585342,106,255,238,255,191,0,64,163,1,0,0,0,0,0,0,0
179.945053,179.873718,126,255,238,255,192,0,80,163,129,0,0,0,0,0,0,0
180.219788,180.133911,105,255,238,255,191,0,72,163,1,0,0,0,0,0,0,0
180.439560,180.367676,105,255,238,255,190,0,71,213,1,0,0,0,0,0,0,0
180.714279,180.628540,105,255,238,255,190,0,82,220,1,0,0,0,0,0,0,0
180.989014,180.916962,105,255,238,255,192,0,76,163,1,0,0,0,0,0,0,0
181.263733,181.177628,105,255,238,255,188,1,72,223,129,0,0,0,0,0,0,0
181.483521,181.411591,105,255,238,255,191,0,80,163,1,0,0,0,0,0,0,0
181.758240,181.672348,106,255,239,255,191,1,80,163,129,0,0,0,0,0,0,0
182.032974,181.960510,105,255,238,255,192,0,68,163,1,0,0,0,0,0,0,0
182.307693,182.221329,105,255,238,255,192,0,80,163,129,0,0,0,0,0,0,0
182.527466,182.454727,105,255,238,255,188,1,68,215,1,0,0,0,0,0,0,0
182.802200,182.715530,105,255,238,255,192,0,72,163,129,0,0,0,0,0,0,0
183.076920,183.004379,116,255,238,255,191,0,68,185,1,0,0,0,0,0,0,0
183.351654,183.264877,105,255,238,255,190,1,72,163,129,0,0,0,0,0,0,0
183.571426,183.498688,122,255,239,255,192,0,66,163,1,0,0,0,0,0,0,0
183.846161,183.759903,105,255,239,255,192,0,86,163,129,0,0,0,0,0,0,0
184.120880,184.047821,106,255,239,255,192,0,64,163,1,0,0,0,0,0,0,0
184.395599,184.308685,105,255,239,255,192,0,80,163,129,0,0,0,0,0,0,0
184.615387,184.541977,105,255,239,255,192,0,71,163,1,0,0,0,0,0,0,0
184.890106,184.802750,142,255,239,255,191,1,67,163,129,0,0,0,0,0,0,0
185.164841,185.091431,105,255,239,255,191,0,67,162,1,0,0,0,0,0,0,0
185.439560,185.351776,107,255,239,255,192,0,66,223,1,0,0,0,0,0,0,0
185.659348,185.585953,105,255,239,255,188,1,64,214,1,0,0,0,0,0,0,0
185.934067,185.846344,105,255,238,255,193,0,59,163,1,0,0,0,0,0,0,0
186.208786,186.134521,127,255,239,255,191,1,72,189,1,0,0,0,0,0,0,0
186.483521,186.395386,105,255,238,255,193,0,72,162,1,0,0,0,0,0,0,0
186.703293,186.628784,128,255,238,255,191,1,64,204,129,0,0,0,0,0,0,0
186.978027,186.890045,105,255,238,255,192,0,78,162,1,0,0,0,0,0,0,0
187.252747,187.178024,105,255,238,255,190,1,64,216,129,0,0,0,0,0,0,0
187.527466,187.439499,105,255,238,255,189,1,71,222,1,0,0,0,0,0,0,0
187.747253,187.672531,105,255,238,255,188,1,60,224,129,0,0,0,0,0,0,0
188.021973,187.933456,105,255,239,255,187,1,79,219,1,0,0,0,0,0,0,0
188.296707,188.221619,105,255,238,255,192,0,62,162,129,0,0,0,0,0,0,0
188.571426,188.482895,114,255,238,255,191,1,67,184,1,0,0,0,0,0,0,0
188.791214,188.716446,105,255,238,255,192,0,63,162,129,0,0,0,0,0,0,0
189.065933,188.977264,125,255,238,255,192,0,76,163,1,0,0,0,0,0,0,0
189.340652,189.265427,105,255,238,255,192,0,64,162,129,0,0,0,0,0,0,0
189.615387,189.527115,136,255,238,255,191,0,80,163,1,0,0,0,0,0,0,0
189.835159,189.759689,105,255,238,255,189,1,79,224,129,0,0,0,0,0,0,0
190.109894,190.020447,105,255,238,255,192,0,71,163,1,0,0,0,0,0,0,0
190.384613,190.309235,105,255,238,255,188,1,71,219,129,0,0,0,0,0,0,0
190.659348,190.569839,105,255,238,255,192,0,64,162,1,0,0,0,0,0,0,0
190.879120,190.803146,105,255,238,255,189,0,75,183,1,0,0,0,0,0,0,0
191.153839,191.064102,105,255,238,255,192,0,80,162,1,0,0,0,0,0,0,0
191.428574,191.351822,105,255,238,255,192,0,64,202,1,0,0,0,0,0,0,0
191.703293,191.613800,105,255,238,255,191,1,71,212,129,0,0,0,0,0,0,0
191.923080,191.847198,105,255,238,255,192,0,71,163,1,0,0,0,0,0,0,0
192.197800,192.108292,141,255,238,255,191,0,75,222,129,0,0,0,0,0,0,0
192.472534,192.396591,105,255,238,255,192,0,61,163,1,0,0,0,0,0,0,0
192.747253,192.657516,115,255,237,255,189,1,79,191,129,0,0,0,0,0,0,0
192.967026,192.890762,105,255,237,255,190,1,64,162,1,0,0,0,0,0,0,0
193.241760,193.151672,124,255,237,255,191,1,63,198,129,0,0,0,0,0,0,0
193.516479,193.439835,105,255,237,255,191,0,64,162,1,0,0,0,0,0,0,0
193.791214,193.700958,105,255,237,255,192,0,76,163,129,0,0,0,0,0,0,0
194.010986,193.934113,105,255,237,255,189,1,76,220,1,0,0,0,0,0,0,0
194.285721,194.195221,106,255,237,255,188,1,75,222,129,0,0,0,0,0,0,0
194.560440,194.483551,105,255,237,255,190,1,73,217,1,0,0,0,0,0,0,0
194.835159,194.744568,105,255,237,255,192,0,75,162,129,0,0,0,0,0,0,0
195.054947,194.977859,106,255,237,255,192,0,63,163,1,0,0,0,0,0,0,0
195.329666,195.238312,105,255,237,255,187,1,62,217,129,0,0,0,0,0,0,0
195.604401,195.526184,105,255,237,255,191,0,64,163,1,0,0,0,0,0,0,0
195.879120,195.788116,127,255,237,255,191,1,77,192,129,0,0,0,0,0,0,0
196.098907,196.020950,105,255,237,255,193,0,78,162,1,0,0,0,0,0,0,0
196.373627,196.282013,105,255,236,255,192,0,72,163,1,0,0,0,0,0,0,0
196.648346,196.570496,105,255,237,255,193,0,64,163,1,0,0,0,0,0,0,0
196.923080,196.831619,105,255,237,255,192,0,80,163,1,0,0,0,0,0,0,0
197.142853,197.065170,105,255,236,255,190,1,71,212,129,0,0,0,0,0,0,0
197.417587,197.325821,105,255,236,255,192,0,67,163,1,0,0,0,0,0,0,0
197.692307,197.614044,105,255,236,255,188,1,65,222,129,0,0,0,0,0,0,0
197.967026,197.875061,105,255,236,255,191,0,77,162,1,0,0,0,0,0,0,0
198.186813,198.109085,106,255,236,255,191,0,71,166,129,0,0,0,0,0,0,0
198.461533,198.369064,105,255,236,255,188,1,72,162,129,0,0,0,0,0,0,0
198.736267,198.658157,116,255,235,255,193,0,77,163,129,0,0,0,0,0,0,0
199.010986,198.919235,107,255,235,255,192,0,78,162,1,0,0,0,0,0,0,0
199.230774,199.151657,105,255,236,255,191,1,64,200,1,0,0,0,0,0,0,0
199.505493,199.413132,105,255,235,255,190,1,78,220,1,0,0,0,0,0,0,0
199.780212,199.701416,105,255,235,255,192,0,77,162,129,0,0,0,0,0,0,0
200.054947,199.962326,105,255,235,255,189,1,63,224,1,0,0,0,0,0,0,0
200.274719,200.196075,105,255,235,255,192,0,64,163,129,0,0,0,0,0,0,0
200.549454,200.456894,106,255,235,255,191,0,64,223,1,0,0,0,0,0,0,0
200.824173,200.745010,105,255,235,255,188,1,76,203,129,0,0,0,0,0,0,0
201.098907,201.005615,105,255,235,255,191,0,75,163,1,0,0,0,0,0,0,0
201.318680,201.239944,105,255,235,255,191,1,72,204,129,0,0,0,0,0,0,0
201.593399,201.499985,105,255,235,255,193,0,77,162,1,0,0,0,0,0,0,0
201.868134,201.788467,132,255,234,255,192,0,63,212,1,0,0,0,0,0,0,0
202.142853,202.048965,105,255,235,255,192,0,75,162,129,0,0,0,0,0,0,0
202.362640,202.282883,105,255,234,255,191,1,76,202,1,0,0,0,0,0,0,0
202.637360,202.543686,105,255,234,255,192,0,64,163,129,0,0,0,0,0,0,0
202.912094,202.832520,105,255,234,255,191,0,72,163,1,0,0,0,0,0,0,0
203.186813,203.093643,144,255,234,255,191,1,76,220,129,0,0,0,0,0,0,0
203.406601,203.326691,105,255,234,255,192,0,71,162,1,0,0,0,0,0,0,0
203.681320,203.587799,115,255,234,255,189,1,73,191,129,0,0,0,0,0,0,0
203.956039,203.875870,105,255,233,255,189,0,72,163,1,0,0,0,0,0,0,0
204.230774,204.136841,113,255,233,255,192,0,58,163,129,0,0,0,0,0,0,0
204.450546,204.370331,139,255,233,255,189,1,72,203,1,0,0,0,0,0,0,0
204.725281,204.631042,105,255,234,255,192,1,68,188,129,0,0,0,0,0,0,0
205.000000,204.919983,119,255,234,255,192,0,71,162,1,0,0,0,0,0,0,0
205.274719,205.179718,105,255,233,255,192,0,64,162,1,0,0,0,0,0,0,0
205.494507,205.413895,125,255,233,255,192,0,75,163,1,0,0,0,0,0,0,0
205.769226,205.673935,105,255,233,255,192,0,61,162,129,0,0,0,0,0,0,0
206.043961,205.962463,105,255,233,255,192,0,63,162,129,0,0,0,0,0,0,0
206.318680,206.224152,105,255,233,255,190,1,71,183,129,0,0,0,0,0,0,0
206.538467,206.456635,105,255,233,255,192,0,64,162,129,0,0,0,0,0,0,0
206.813187,206.717682,123,255,233,255,191,0,64,162,1,0,0,0,0,0,0,0
207.087906,207.007248,105,255,233,255,191,0,71,162,1,0,0,0,0,0,0,0
207.362640,207.267853,105,255,233,255,192,0,72,162,1,0,0,0,0,0,0,0
207.582413,207.501404,105,255,233,255,192,0,75,162,129,0,0,0,0,0,0,0
207.857147,207.762268,105,255,232,255,192,0,75,162,1,0,0,0,0,0,0,0
208.131866,208.050644,105,255,232,255,188,1,63,215,129,0,0,0,0,0,0,0
208.406601,208.311295,105,255,233,255,192,0,63,163,1,0,0,0,0,0,0,0
208.626373,208.544235,127,255,232,255,191,0,68,186,129,0,0,0,0,0,0,0
208.901093,208.804901,105,255,232,255,191,1,64,167,1,0,0,0,0,0,0,0
209.175827,209.093628,105,255,233,255,192,1,74,192,1,0,0,0,0,0,0,0
209.450546,209.355057,105,255,232,255,191,0,71,162,1,0,0,0,0,0,0,0
209.670334,209.587479,105,255,232,255,191,0,71,162,1,0,0,0,0,0,0,0
209.945053,209.848907,120,255,232,255,190,1,72,191,129,0,0,0,0,0,0,0
210.219788,210.137589,105,255,232,255,193,1,66,186,129,0,0,0,0,0,0,0
210.494507,210.400558,120,255,232,255,191,1,64,171,1,0,0,0,0,0,0,0
210.769226,210.675430,105,255,232,255,193,0,76,162,129,0,0,0,0,0,0,0
210.989014,210.908127,105,255,232,255,192,0,64,162,129,0,0,0,0,0,0,0
211.263733,211.169189,105,255,232,255,192,0,64,200,1,0,0,0,0,0,0,0
211.538467,211.458237,105,255,232,255,192,0,72,162,1,0,0,0,0,0,0,0
211.813187,211.722824,105,255,232,255,192,0,64,163,1,0,0,0,0,0,0,0
212.087906,212.001816,105,255,232,255,192,0,63,162,129,0,0,0,0,0,0,0
212.362640,212.279877,105,255,232,255,192,0,68,162,129,0,0,0,0,0,0,0
212.637360,212.539963,112,255,231,255,189,1,74,203,129,0,0,0,0,0,0,0
212.857147,212.773361,105,255,232,255,192,0,58,162,1,0,0,0,0,0,0,0
213.131866,213.034531,105,255,232,255,189,1,71,191,129,0,0,0,0,0,0,0
213.406601,213.325058,105,255,232,255,192,0,63,162,1,0,0,0,0,0,0,0
213.681320,213.585968,105,255,232,255,192,0,68,162,1,0,0,0,0,0,0,0
213.901093,213.819321,106,255,232,255,186,1,72,222,1,0,0,0,0,0,0,0
214.175827,214.080597,105,255,232,255,192,0,73,162,129,0,0,0,0,0,0,0
214.450546,214.370956,105,255,231,255,192,0,73,162,129,0,0,0,0,0,0,0
214.725281,214.635101,137,255,231,255,190,1,70,217,129,0,0,0,0,0,0,0
214.945053,214.868011,105,255,231,255,190,1,70,217,129,0,0,0,0,0,0,0
215.219788,215.130341,115,255,232,255,189,1,63,187,129,0,0,0,0,0,0,0
215.494507,215.392334,105,255,232,255,189,1,68,203,1,0,0,0,0,0,0,0
215.769226,215.682022,105,255,232,255,192,0,59,162,129,0,0,0,0,0,0,0
216.043961,215.943451,105,255,232,255,189,1,71,191,1,0,0,0,0,0,0,0
216.263733,216.176086,105,255,232,255,193,0,64,162,1,0,0,0,0,0,0,0
216.538467,216.436340,109,255,232,255,192,0,71,176,1,0,0,0,0,0,0,0
216.813187,216.726501,105,255,232,255,192,0,71,162,1,0,0,0,0,0,0,0
217.087906,216.987671,105,255,232,255,192,0,71,162,1,0,0,0,0,0,0,0
217.307693,217.221024,105,255,232,255,186,2,76,221,129,0,0,0,0,0,0,0
217.582413,217.481781,105,255,232,255,192,0,63,166,1,0,0,0,0,0,0,0
217.857147,217.755386,106,255,232,255,192,0,66,162,1,0,0,0,0,0,0,0
218.131866,218.034119,105,255,232,255,188,1,64,222,1,0,0,0,0,0,0,0
218.406601,218.328979,105,255,232,255,192,0,76,162,1,0,0,0,0,0,0,0
218.681320,218.589905,105,255,233,255,192,0,74,162,129,0,0,0,0,0,0,0
218.901093,218.824173,105,255,233,255,191,0,72,162,129,0,0,0,0,0,0,0
219.175827,219.084778,105,255,232,255,192,0,71,163,1,0,0,0,0,0,0,0
219.450546,219.349014,143,255,232,255,191,1,66,219,129,0,0,0,0,0,0,0
219.725281,219.636276,105,255,232,255,193,0,75,163,129,0,0,0,0,0,0,0
220.000000,219.897491,106,255,233,255,191,1,64,166,1,0,0,0,0,0,0,0
220.219788,220.130432,105,255,233,255,186,1,77,220,129,0,0,0,0,0,0,0
220.494507,220.390839,105,255,233,255,192,0,78,162,1,0,0,0,0,0,0,0
220.769226,220.679871,105,255,233,255,187,1,76,221,129,0,0,0,0,0,0,0
221.043961,220.940216,105,255,233,255,187,1,76,221,129,0,0,0,0,0,0,0
221.263733,221.172852,108,255,233,255,191,1,68,168,129,0,0,0,0,0,0,0
221.538467,221.433777,105,255,233,255,191,0,72,162,1,0,0,0,0,0,0,0
221.813187,221.722168,108,255,233,255,191,0,72,162,129,0,0,0,0,0,0,0
222.087906,221.983170,105,255,233,255,188,1,64,213,1,0,0,0,0,0,0,0
222.307693,222.216354,105,255,233,255,192,0,75,162,1,0,0,0,0,0,0,0
222.582413,222.503754,112,255,233,255,189,1,76,203,1,0,0,0,0,0,0,0
222.857147,222.764618,105,255,233,255,189,0,65,162,129,0,0,0,0,0,0,0
223.131866,223.026489,115,255,233,255,191,0,71,163,1,0,0,0,0,0,0,0
223.351654,223.261337,123,255,233,255,189,1,67,183,1,0,0,0,0,0,0,0
223.626373,223.522614,105,255,233,255,192,0,68,163,1,0,0,0,0,0,0,0
223.901093,223.811295,124,255,233,255,192,0,75,162,129,0,0,0,0,0,0,0
224.175827,224.071243,105,255,233,255,191,0,72,162,1,0,0,0,0,0,0,0
224.395599,224.304947,105,255,233,255,191,0,63,162,1,0,0,0,0,0,0,0
224.670334,224.565643,105,255,234,255,192,0,73,162,1,0,0,0,0,0,0,0
224.945053,224.853928,105,255,234,255,192,0,64,213,1,0,0,0,0,0,0,0
225.219788,225.114792,105,255,233,255,192,0,73,162,129,0,0,0,0,0,0,0
225.439560,225.348450,105,255,234,255,192,0,64,162,1,0,0,0,0,0,0,0
225.714279,225.609360,138,255,234,255,191,0,66,163,129,0,0,0,0,0,0,0
225.989014,225.897888,105,255,234,255,192,0,73,162,1,0,0,0,0,0,0,0
226.263733,226.158752,105,255,234,255,191,0,73,162,129,0,0,0,0,0,0,0
226.483521,226.392105,105,255,234,255,187,1,71,215,1,0,0,0,0,0,0,0
226.758240,226.652802,109,255,234,255,192,0,67,162,129,0,0,0,0,0,0,0
227.032974,226.940872,105,255,234,255,189,0,75,183,1,0,0,0,0,0,0,0
227.307693,227.202148,105,255,234,255,192,0,71,162,129,0,0,0,0,0,0,0
227.527466,227.435699,105,255,234,255,192,0,75,163,1,0,0,0,0,0,0,0
227.802200,227.696503,105,255,234,255,189,0,75,187,129,0,0,0,0,0,0,0
228.076920,227.985291,105,255,234,255,192,0,74,162,1,0,0,0,0,0,0,0
228.351654,228.245911,105,255,234,255,191,1,71,162,129,0,0,0,0,0,0,0
228.571426,228.478851,105,255,234,255,192,0,77,162,129,0,0,0,0,0,0,0
228.846161,228.739090,140,255,234,255,189,1,71,219,129,0,0,0,0,0,0,0
229.120880,229.026855,105,255,234,255,192,0,76,220,129,0,0,0,0,0,0,0
229.395599,229.288940,139,255,234,255,191,1,74,176,129,0,0,0,0,0,0,0
229.615387,229.521988,105,255,234,255,192,0,75,162,1,0,0,0,0,0,0,0
229.890106,229.782852,110,255,234,255,192,0,75,163,1,0,0,0,0,0,0,0
230.164841,230.071487,111,255,234,255,191,0,69,162,1,0,0,0,0,0,0,0
230.439560,230.331894,105,255,234,255,193,0,72,200,1,0,0,0,0,0,0,0
230.659348,230.565689,105,255,234,255,191,0,65,210,129,0,0,0,0,0,0,0
230.934067,230.826813,105,255,234,255,192,0,70,162,1,0,0,0,0,0,0,0
231.208786,231.115753,142,255,235,255,191,0,67,164,129,0,0,0,0,0,0,0
231.483521,231.376556,105,255,234,255,187,2,72,217,1,0,0,0,0,0,0,0
231.703293,231.610062,112,255,234,255,192,0,71,189,129,0,0,0,0,0,0,0
231.978027,231.870972,105,255,234,255,191,0,71,186,1,0,0,0,0,0,0,0
232.252747,232.159821,128,255,234,255,192,0,68,163,129,0,0,0,0,0,0,0
232.527466,232.420975,105,255,234,255,192,0,65,161,1,0,0,0,0,0,0,0
232.747253,232.654434,105,255,234,255,192,0,68,162,129,0,0,0,0,0,0,0
233.021973,232.915344,105,255,234,255,192,0,70,162,1,0,0,0,0,0,0,0
233.296707,233.203461,105,255,234,255,192,0,71,162,129,0,0,0,0,0,0,0
233.571426,233.464691,122,255,234,255,192,0,72,196,1,0,0,0,0,0,0,0
233.791214,233.698242,105,255,234,255,190,0,71,162,129,0,0,0,0,0,0,0
234.065933,233.959564,120,255,234,255,191,1,66,192,1,0,0,0,0,0,0,0
234.340652,234.247726,105,255,235,255,192,0,76,162,129,0,0,0,0,0,0,0
234.615387,234.508240,105,255,234,255,192,0,63,162,129,0,0,0,0,0,0,0
234.835159,234.742401,105,255,234,255,191,1,71,208,129,0,0,0,0,0,0,0
235.109894,235.002808,105,255,234,255,192,0,71,162,1,0,0,0,0,0,0,0
235.384613,235.291290,105,255,234,255,189,1,71,216,1,0,0,0,0,0,0,0
235.659348,235.552399,105,255,234,255,193,0,74,162,129,0,0,0,0,0,0,0
235.879120,235.785751,106,255,234,255,192,0,74,219,1,0,0,0,0,0,0,0
236.153839,236.046722,105,255,234,255,189,1,69,179,129,0,0,0,0,0,0,0
236.428574,236.335251,105,255,234,255,192,0,71,162,1,0,0,0,0,0,0,0
236.703293,236.596771,127,255,234,255,192,0,66,162,129,0,0,0,0,0,0,0
236.923080,236.830627,105,255,234,255,193,0,72,162,1,0,0,0,0,0,0,0
237.197800,237.091904,105,255,234,255,190,1,72,214,129,0,0,0,0,0,0,0
237.472534,237.380127,105,255,234,255,191,0,66,162,1,0,0,0,0,0,0,0
237.747253,237.641556,105,255,234,255,192,0,67,162,129,0,0,0,0,0,0,0
237.967026,237.874649,105,255,234,255,192,0,67,162,1,0,0,0,0,0,0,0
238.241760,238.135361,105,255,234,255,192,0,69,162,129,0,0,0,0,0,0,0
238.516479,238.423630,105,255,234,255,191,1,69,206,1,0,0,0,0,0,0,0
238.791214,238.684906,105,255,234,255,192,0,73,162,129,0,0,0,0,0,0,0
239.010986,238.918350,105,255,234,255,192,0,71,163,1,0,0,0,0,0,0,0
239.285721,239.179169,105,255,234,255,189,1,70,161,129,0,0,0,0,0,0,0
239.560440,239.467545,105,255,234,255,189,0,72,216,1,0,0,0,0,0,0,0
239.835159,239.728958,105,255,234,255,187,1,70,220,129,0,0,0,0,0,0,0
240.054947,239.962158,105,255,234,255,192,0,67,162,1,0,0,0,0,0,0,0
240.329666,240.222458,105,255,234,255,189,1,65,207,1,0,0,0,0,0,0,0
240.604401,240.510422,105,255,234,255,192,0,73,162,129,0,0,0,0,0,0,0
240.879120,240.771957,105,255,234,255,189,0,74,191,1,0,0,0,0,0,0,0
241.098907,241.005096,105,255,234,255,191,0,66,162,129,0,0,0,0,0,0,0
241.373627,241.266479,105,255,234,255,192,0,72,162,1,0,0,0,0,0,0,0
241.648346,241.554749,105,255,234,255,190,1,74,167,129,0,0,0,0,0,0,0
241.923080,241.815811,105,255,234,255,192,0,72,162,1,0,0,0,0,0,0,0
242.142853,242.048859,128,255,235,255,191,0,70,204,129,0,0,0,0,0,0,0
242.417587,242.309616,105,255,234,255,187,1,71,214,1,0,0,0,0,0,0,0
242.692307,242.597534,105,255,234,255,192,1,70,215,129,0,0,0,0,0,0,0
242.967026,242.858856,109,255,234,255,191,0,65,192,1,0,0,0,0,0,0,0
243.186813,243.092346,105,255,234,255,192,0,70,162,129,0,0,0,0,0,0,0
243.461533,243.353424,108,255,234,255,192,0,69,207,1,0,0,0,0,0,0,0
243.736267,243.641754,105,255,234,255,190,0,72,172,129,0,0,0,0,0,0,0
244.010986,243.902557,105,255,234,255,191,0,69,180,1,0,0,0,0,0,0,0
244.230774,244.136169,127,255,234,255,190,1,73,175,129,0,0,0,0,0,0,0
244.505493,244.396515,105,255,234,255,190,0,72,175,129,0,0,0,0,0,0,0
244.780212,244.685410,111,255,235,255,191,1,67,192,129,0,0,0,0,0,0,0
245.054947,244.945953,105,255,234,255,191,1,72,162,129,0,0,0,0,0,0,0
245.274719,245.179504,105,255,234,255,192,0,71,162,129,0,0,0,0,0,0,0
245.549454,245.441086,105,255,234,255,191,0,71,162,1,0,0,0,0,0,0,0
245.824173,245.729111,105,255,234,255,191,0,70,162,129,0,0,0,0,0,0,0
246.098907,245.989868,105,255,233,255,188,1,71,219,1,0,0,0,0,0,0,0
246.318680,246.223221,105,255,234,255,191,0,67,163,1,0,0,0,0,0,0,0
246.593399,246.483871,105,255,234,255,192,0,69,162,129,0,0,0,0,0,0,0
246.868134,246.772461,105,255,234,255,189,1,66,161,1,0,0,0,0,0,0,0
247.142853,247.033676,105,255,234,255,192,0,72,162,129,0,0,0,0,0,0,0
247.362640,247.267029,120,255,234,255,191,1,69,192,1,0,0,0,0,0,0,0
247.637360,247.528091,105,255,234,255,192,0,68,162,129,0,0,0,0,0,0,0
247.912094,247.816360,105,255,234,255,190,1,70,210,1,0,0,0,0,0,0,0
248.186813,248.077530,104,255,234,255,187,0,71,162,129,0,0,0,0,0,0,0
248.406601,248.310730,105,255,234,255,192,0,71,162,1,0,0,0,0,0,0,0
248.681320,248.570618,142,255,234,255,187,1,68,220,129,0,0,0,0,0,0,0
248.956039,248.859970,105,255,234,255,192,0,68,219,1,0,0,0,0,0,0,0
249.230774,249.120575,105,255,234,255,189,1,72,217,129,0,0,0,0,0,0,0
249.450546,249.353256,105,255,234,255,192,0,66,162,1,0,0,0,0,0,0,0
249.725281,249.614426,105,255,234,255,192,0,63,161,1,0,0,0,0,0,0,0
250.000000,249.903320,105,255,234,255,192,0,71,162,1,0,0,0,0,0,0,0
250.274719,250.164642,105,255,234,255,189,0,67,162,129,0,0,0,0,0,0,0
250.494507,250.397263,105,255,234,255,192,0,66,162,1,0,0,0,0,0,0,0
250.769226,250.658234,105,255,234,255,191,1,68,205,129,0,0,0,0,0,0,0
251.043961,250.946869,105,255,234,255,186,1,65,207,129,0,0,0,0,0,0,0
251.318680,251.207367,105,255,234,255,192,0,70,162,1,0,0,0,0,0,0,0
251.538467,251.441284,105,255,234,255,191,0,65,162,129,0,0,0,0,0,0,0
251.813187,251.701935,105,255,234,255,192,0,69,162,1,0,0,0,0,0,0,0
252.087906,251.990677,105,255,234,255,192,0,68,162,129,0,0,0,0,0,0,0
252.362640,252.251541,123,255,234,255,191,1,71,175,1,0,0,0,0,0,0,0
252.582413,252.484741,117,255,234,255,192,0,70,188,129,0,0,0,0,0,0,0
252.857147,252.745758,105,255,233,255,191,0,67,162,1,0,0,0,0,0,0,0
253.131866,253.034531,105,255,234,255,191,1,68,162,129,0,0,0,0,0,0,0
253.406601,253.294891,105,255,234,255,192,0,71,162,1,0,0,0,0,0,0,0
253.626373,253.527924,114,255,234,255,191,1,71,182,129,0,0,0,0,0,0,0
253.901093,253.789246,127,255,234,255,191,0,73,180,1,0,0,0,0,0,0,0
254.175827,254.077927,105,255,234,255,191,0,74,162,129,0,0,0,0,0,0,0
254.450546,254.338379,120,255,234,255,192,0,70,192,1,0,0,0,0,0,0,0
254.670334,254.572189,104,255,234,255,189,1,70,217,129,0,0,0,0,0,0,0
254.945053,254.833466,105,255,234,255,192,0,71,162,1,0,0,0,0,0,0,0
255.219788,255.121948,105,255,233,255,191,1,66,202,129,0,0,0,0,0,0,0
255.494507,255.382401,105,255,234,255,189,0,71,191,1,0,0,0,0,0,0,0
255.714279,255.615738,105,255,233,255,192,0,72,162,129,0,0,0,0,0,0,0
255.989014,255.876968,105,255,234,255,187,1,72,218,1,0,0,0,0,0,0,0
256.263733,256.165253,105,255,234,255,192,0,65,162,129,0,0,0,0,0,0,0
256.538452,256.426056,105,255,233,255,191,0,67,163,129,0,0,0,0,0,0,0
256.758240,256.659851,105,255,233,255,192,0,69,162,1,0,0,0,0,0,0,0
257.032959,256.920990,105,255,233,255,192,0,71,162,129,0,0,0,0,0,0,0
257.307678,257.209503,105,255,234,255,190,0,69,212,1,0,0,0,0,0,0,0
257.582428,257.470215,105,255,233,255,189,1,70,206,129,0,0,0,0,0,0,0
257.802185,257.703613,105,255,233,255,191,0,71,216,1,0,0,0,0,0,0,0
258.076935,257.964325,104,255,233,255,192,0,71,162,129,0,0,0,0,0,0,0
258.351654,258.252411,105,255,233,255,192,0,69,162,1,0,0,0,0,0,0,0
258.626373,258.519745,105,255,233,255,193,0,66,162,129,0,0,0,0,0,0,0
258.901093,258.785492,105,255,233,255,192,0,70,167,1,0,0,0,0,0,0,0
259.120880,259.018433,105,255,233,255,191,1,71,162,129,0,0,0,0,0,0,0
259.395599,259.279602,105,255,233,255,192,0,69,162,1,0,0,0,0,0,0,0
259.670319,259.567657,105,255,233,255,192,0,67,162,129,0,0,0,0,0,0,0
259.945068,259.831024,117,255,233,255,192,0,66,163,1,0,0,0,0,0,0,0
260.164825,260.064178,105,255,233,255,192,0,69,162,129,0,0,0,0,0,0,0
260.439575,260.325531,105,255,233,255,187,1,73,162,1,0,0,0,0,0,0,0
260.714294,260.613007,105,255,233,255,191,0,72,162,1,0,0,0,0,0,0,0
260.989014,260.873352,137,255,233,255,193,0,71,162,1,0,0,0,0,0,0,0
261.208801,261.106995,105,255,233,255,191,0,73,162,129,0,0,0,0,0,0,0
261.483521,261.367920,105,255,233,255,192,0,73,162,1,0,0,0,0,0,0,0
261.758240,261.657013,124,255,233,255,192,0,71,162,1,0,0,0,0,0,0,0
262.032959,261.918091,105,255,233,255,190,1,69,208,129,0,0,0,0,0,0,0
262.252747,262.151520,105,255,233,255,192,0,71,162,129,0,0,0,0,0,0,0
262.527466,262.413574,128,255,233,255,192,0,68,162,129,0,0,0,0,0,0,0
262.802185,262.701630,105,255,232,255,192,0,70,162,1,0,0,0,0,0,0,0
263.076935,262.962341,105,255,232,255,191,1,69,163,129,0,0,0,0,0,0,0
263.296692,263.195404,112,255,233,255,192,0,68,178,1,0,0,0,0,0,0,0
263.571442,263.456451,105,255,232,255,192,0,70,162,129,0,0,0,0,0,0,0
263.846161,263.744568,111,255,232,255,192,0,68,161,1,0,0,0,0,0,0,0
264.120880,264.005341,105,255,232,255,191,1,72,198,129,0,0,0,0,0,0,0
264.340668,264.238831,105,255,232,255,192,0,68,162,1,0,0,0,0,0,0,0
264.615387,264.500275,105,255,232,255,191,0,71,162,129,0,0,0,0,0,0,0
264.890106,264.787628,104,255,232,255,188,1,68,217,1,0,0,0,0,0,0,0
265.164825,265.048492,105,255,232,255,192,0,68,162,1,0,0,0,0,0,0,0
265.384613,265.285767,105,255,232,255,188,1,72,214,1,0,0,0,0,0,0,0
265.659332,265.562500,105,255,232,255,192,0,68,162,129,0,0,0,0,0,0,0
265.934052,265.823212,105,255,232,255,190,1,68,212,129,0,0,0,0,0,0,0
266.208801,266.112305,107,255,232,255,191,0,64,162,1,0,0,0,0,0,0,0
266.483521,266.372345,105,255,231,255,192,0,67,162,1,0,0,0,0,0,0,0
266.703308,266.606934,123,255,231,255,192,0,69,162,1,0,0,0,0,0,0,0
267.032959,266.912811,107,255,231,255,192,0,65,189,1,0,0,0,0,0,0,0
267.252747,267.150024,115,255,231,255,192,0,69,162,1,0,0,0,0,0,0,0
267.527466,267.411560,105,255,231,255,193,0,68,162,129,0,0,0,0,0,0,0
267.802185,267.699951,105,255,231,255,191,0,69,196,1,0,0,0,0,0,0,0
