0.000000,0.000000,121,120,63,255,164,1,98,140,128,0,0,0,0,0,0,0
0.054945,0.037207,93,120,63,255,162,3,91,188,0,0,0,0,0,0,0,0
0.054945,0.047612,93,120,63,255,162,3,91,188,0,0,0,0,0,0,0,0
0.109890,0.084519,95,120,63,255,162,3,91,188,0,0,0,0,0,0,0,0
0.164835,0.148370,95,120,63,255,162,3,91,188,0,0,0,0,0,0,0,0
0.164835,0.157433,100,120,64,255,164,3,91,188,0,0,0,0,0,0,0,0
0.219780,0.194200,101,119,64,255,164,2,94,168,0,0,0,0,0,0,0,0
0.274725,0.258097,105,119,64,255,164,2,94,168,0,0,0,0,0,0,0,0
0.274725,0.267073,93,119,64,255,164,2,94,168,0,0,0,0,0,0,0,0
0.329670,0.303928,93,119,64,255,164,2,94,168,0,0,0,0,0,0,0,0
0.384615,0.367724,93,119,64,255,164,2,94,168,0,0,0,0,0,0,0,0
0.384615,0.376702,91,120,63,255,164,2,94,168,0,0,0,0,0,0,0,0
0.439560,0.413508,117,120,64,255,170,1,87,141,0,0,0,0,0,0,0,0
0.494505,0.478173,91,120,63,255,166,2,75,141,128,0,0,0,0,0,0,0
0.494505,0.487859,91,120,63,255,166,2,75,181,128,0,0,0,0,0,0,0
0.549451,0.525734,91,120,63,255,166,2,75,181,128,0,0,0,0,0,0,0
0.604396,0.589738,122,122,63,255,166,2,75,181,128,0,0,0,0,0,0,0
0.604396,0.598716,93,122,63,255,173,1,80,141,0,0,0,0,0,0,0,0
0.659341,0.636899,114,122,63,255,173,1,80,141,0,0,0,0,0,0,0,0
0.714286,0.700852,114,122,63,255,168,2,63,150,0,0,0,0,0,0,0,0
0.714286,0.709828,101,121,63,255,163,2,59,164,0,0,0,0,0,0,0,0
0.769231,0.747346,100,121,63,255,162,1,64,169,0,0,0,0,0,0,0,0
0.824176,0.811299,113,121,63,255,167,1,76,142,0,0,0,0,0,0,0,0
0.824176,0.821246,92,122,64,255,161,2,81,142,0,0,0,0,0,0,0,0
0.879121,0.858095,121,122,64,255,161,2,81,190,128,0,0,0,0,0,0,0
0.934066,0.923377,100,122,65,255,162,2,81,190,128,0,0,0,0,0,0,0
0.934066,0.932459,100,122,65,255,162,2,63,165,128,0,0,0,0,0,0,0
0.989011,0.969308,115,123,65,255,162,2,63,165,128,0,0,0,0,0,0,0
1.043956,1.033314,115,123,65,255,162,2,63,165,128,0,0,0,0,0,0,0
1.043956,1.042290,121,123,65,255,162,2,63,165,128,0,0,0,0,0,0,0
1.098901,1.079191,121,122,63,255,163,1,79,148,128,0,0,0,0,0,0,0
1.153846,1.143915,98,122,63,255,163,1,79,148,128,0,0,0,0,0,0,0
1.153846,1.152993,101,122,64,255,153,2,64,171,0,0,0,0,0,0,0,0
1.208791,1.191225,101,122,64,255,153,2,64,171,0,0,0,0,0,0,0,0
1.263736,1.255072,101,122,64,255,153,2,64,171,0,0,0,0,0,0,0,0
1.263736,1.264049,122,123,64,255,153,2,64,171,0,0,0,0,0,0,0,0
1.318681,1.300851,99,123,64,255,153,2,64,171,0,0,0,0,0,0,0,0
1.373626,1.364704,100,123,64,255,152,2,63,162,0,0,0,0,0,0,0,0
1.373626,1.373624,100,123,64,255,152,2,63,162,0,0,0,0,0,0,0,0
1.428571,1.410527,91,123,64,255,152,2,63,162,0,0,0,0,0,0,0,0
1.483516,1.474381,91,123,63,255,152,2,63,162,0,0,0,0,0,0,0,0
1.483516,1.484226,123,123,63,255,149,1,79,140,128,0,0,0,0,0,0,0
1.538462,1.522406,91,123,64,255,143,3,69,190,128,0,0,0,0,0,0,0
1.593407,1.587025,122,123,64,255,148,1,68,143,128,0,0,0,0,0,0,0
1.648352,1.624235,95,125,64,255,143,2,80,143,128,0,0,0,0,0,0,0
1.648352,1.633312,112,124,64,255,143,2,80,182,128,0,0,0,0,0,0,0
1.703297,1.697930,112,124,64,255,143,2,80,182,128,0,0,0,0,0,0,0
1.758242,1.734473,104,124,64,255,143,2,80,182,128,0,0,0,0,0,0,0
1.758242,1.743459,105,125,64,255,146,2,71,155,0,0,0,0,0,0,0,0
1.813187,1.808378,92,125,64,255,147,1,63,152,0,0,0,0,0,0,0,0
1.868132,1.845587,92,125,63,255,141,2,64,167,0,0,0,0,0,0,0,0
1.868132,1.855237,92,125,63,255,141,2,64,167,0,0,0,0,0,0,0,0
1.923077,1.919590,90,125,63,255,136,2,82,173,0,0,0,0,0,0,0,0
1.978022,1.955981,115,124,64,255,140,1,86,140,0,0,0,0,0,0,0,0
1.978022,1.966534,90,125,65,255,137,2,79,140,128,0,0,0,0,0,0,0
2.032967,2.031776,123,125,64,255,143,1,63,185,128,0,0,0,0,0,0,0
2.087912,2.069034,90,125,64,255,143,1,63,139,128,0,0,0,0,0,0,0
2.087912,2.078830,90,125,64,255,143,1,63,139,128,0,0,0,0,0,0,0
2.142857,2.143245,94,126,64,255,143,1,63,139,128,0,0,0,0,0,0,0
2.197802,2.179738,94,126,64,255,138,2,86,184,128,0,0,0,0,0,0,0
2.197802,2.189427,97,126,64,255,138,2,86,184,128,0,0,0,0,0,0,0
2.252747,2.226289,97,127,64,255,138,2,86,184,128,0,0,0,0,0,0,0
2.307692,2.290131,108,127,64,255,141,2,59,155,0,0,0,0,0,0,0,0
2.307692,2.299929,105,128,64,255,141,2,59,155,0,0,0,0,0,0,0,0
2.362637,2.336777,105,128,64,255,141,2,59,155,0,0,0,0,0,0,0,0
2.417583,2.400677,105,128,64,255,141,2,59,155,0,0,0,0,0,0,0,0
2.417583,2.409604,94,127,64,255,141,2,59,155,0,0,0,0,0,0,0,0
2.472528,2.446504,114,127,64,255,141,2,59,155,0,0,0,0,0,0,0,0
2.527472,2.510358,114,127,64,255,141,2,59,155,0,0,0,0,0,0,0,0
2.527472,2.519435,96,128,64,255,141,2,59,155,0,0,0,0,0,0,0,0
2.582417,2.556236,96,128,65,255,136,2,76,159,128,0,0,0,0,0,0,0
2.637363,2.620853,96,128,65,255,136,2,76,159,128,0,0,0,0,0,0,0
2.637363,2.629934,96,128,65,255,136,2,76,159,128,0,0,0,0,0,0,0
2.692308,2.666729,96,128,65,255,136,2,76,159,128,0,0,0,0,0,0,0
2.747253,2.730735,90,129,65,255,135,2,52,171,128,0,0,0,0,0,0,0
2.747253,2.739712,90,129,65,255,135,2,52,171,128,0,0,0,0,0,0,0
2.802198,2.776509,91,128,64,255,123,2,52,171,128,0,0,0,0,0,0,0
2.857143,2.840410,120,131,65,255,123,2,82,187,0,0,0,0,0,0,0,0
2.857143,2.850106,99,131,65,255,126,1,79,148,0,0,0,0,0,0,0,0
2.912088,2.887672,101,132,65,255,125,2,63,168,0,0,0,0,0,0,0,0
2.967033,2.952446,101,132,65,255,126,2,56,171,0,0,0,0,0,0,0,0
2.967033,2.961473,101,132,65,255,126,2,56,171,0,0,0,0,0,0,0,0
3.021978,2.998478,92,131,65,255,116,3,80,190,0,0,0,0,0,0,0,0
3.076923,3.062530,120,132,65,255,112,1,79,148,128,0,0,0,0,0,0,0
3.076923,3.073045,99,132,65,255,106,1,63,168,128,0,0,0,0,0,0,0
3.131868,3.110561,102,134,66,255,107,2,61,168,128,0,0,0,0,0,0,0
3.186813,3.174464,103,133,66,255,108,2,61,153,128,0,0,0,0,0,0,0
3.186813,3.183386,96,134,65,255,105,2,72,160,128,0,0,0,0,0,0,0
3.241758,3.220193,110,134,65,255,105,1,80,163,128,0,0,0,0,0,0,0
3.296703,3.284141,91,134,65,255,106,1,86,142,128,0,0,0,0,0,0,0
3.296703,3.293936,123,134,66,255,101,3,75,187,0,0,0,0,0,0,0,0
3.351648,3.332268,91,137,66,255,107,1,61,139,0,0,0,0,0,0,0,0
3.406593,3.396940,91,136,66,255,99,3,64,190,0,0,0,0,0,0,0,0
3.461539,3.434522,122,136,65,255,106,1,72,139,0,0,0,0,0,0,0,0
3.461539,3.444302,122,136,65,255,106,1,72,139,0,0,0,0,0,0,0,0
3.516484,3.508155,122,136,65,255,106,1,72,139,0,0,0,0,0,0,0,0
3.571429,3.545318,99,138,66,255,85,2,79,139,0,0,0,0,0,0,0,0
3.571429,3.554387,99,138,66,255,85,2,79,172,0,0,0,0,0,0,0,0
3.626374,3.619164,101,141,66,255,85,2,79,172,0,0,0,0,0,0,0,0
3.681319,3.655600,97,141,66,255,87,2,64,160,128,0,0,0,0,0,0,0
3.681319,3.665347,97,141,66,255,87,2,64,160,128,0,0,0,0,0,0,0
3.736264,3.729201,92,141,66,255,87,2,64,160,128,0,0,0,0,0,0,0
3.791209,3.765584,92,141,66,255,87,2,64,160,128,0,0,0,0,0,0,0
3.791209,3.774613,92,141,66,255,87,2,64,160,128,0,0,0,0,0,0,0
3.846154,3.838516,91,144,66,255,87,2,64,160,128,0,0,0,0,0,0,0
3.901099,3.874958,91,144,66,255,87,2,64,160,128,0,0,0,0,0,0,0
3.901099,3.884035,91,143,66,255,61,3,64,160,128,0,0,0,0,0,0,0
3.956044,3.948043,123,145,66,255,65,3,72,190,0,0,0,0,0,0,0,0
4.010989,3.985250,92,146,67,255,65,1,81,139,0,0,0,0,0,0,0,0
4.010989,3.994992,92,146,67,255,65,1,81,139,0,0,0,0,0,0,0,0
4.065934,4.059514,95,147,67,255,65,1,81,139,0,0,0,0,0,0,0,0
4.120879,4.095953,108,147,67,255,59,2,50,176,0,0,0,0,0,0,0,0
4.120879,4.105693,108,147,67,255,62,2,64,167,128,0,0,0,0,0,0,0
4.175824,4.170673,113,147,68,255,63,1,72,143,128,0,0,0,0,0,0,0
4.230769,4.207829,92,148,67,255,63,1,72,143,128,0,0,0,0,0,0,0
4.230769,4.216856,92,148,67,255,63,1,72,143,128,0,0,0,0,0,0,0
4.285714,4.281220,92,148,67,255,63,1,72,143,128,0,0,0,0,0,0,0
4.340659,4.317612,104,148,68,255,60,1,72,143,128,0,0,0,0,0,0,0
4.340659,4.326821,113,148,68,255,60,2,52,167,128,0,0,0,0,0,0,0
4.395605,4.391924,92,148,68,255,60,2,52,167,128,0,0,0,0,0,0,0
4.450550,4.428308,92,148,68,255,59,2,75,190,0,0,0,0,0,0,0,0
4.450550,4.438056,99,148,68,255,59,2,75,190,0,0,0,0,0,0,0,0
4.505495,4.502212,99,150,68,255,59,2,75,190,0,0,0,0,0,0,0,0
4.560440,4.538604,100,153,68,255,60,2,64,169,0,0,0,0,0,0,0,0
4.560440,4.547886,114,153,69,255,63,1,72,143,0,0,0,0,0,0,0,0
4.615385,4.613173,92,153,68,255,60,3,75,190,0,0,0,0,0,0,0,0
4.670330,4.650530,122,155,69,255,64,1,63,190,0,0,0,0,0,0,0,0
4.670330,4.659716,97,155,69,255,64,1,63,145,0,0,0,0,0,0,0,0
4.725275,4.724898,107,158,70,255,64,1,63,145,0,0,0,0,0,0,0,0
4.780220,4.761541,101,158,70,255,64,1,63,145,0,0,0,0,0,0,0,0
4.780220,4.770772,99,162,69,255,64,1,63,145,0,0,0,0,0,0,0,0
4.835165,4.807785,107,162,69,255,64,1,63,145,0,0,0,0,0,0,0,0
4.890110,4.871831,107,162,69,255,62,1,63,145,128,0,0,0,0,0,0,0
4.890110,4.881784,107,162,69,255,62,1,63,145,128,0,0,0,0,0,0,0
4.945055,4.918937,123,163,69,255,62,1,63,145,128,0,0,0,0,0,0,0
5.000000,4.982996,95,164,70,255,62,1,63,145,128,0,0,0,0,0,0,0
5.000000,4.992179,108,164,69,255,61,2,71,145,128,0,0,0,0,0,0,0
5.054945,5.029078,109,165,71,255,63,2,71,162,0,0,0,0,0,0,0,0
5.109890,5.094719,93,165,70,255,63,2,59,145,0,0,0,0,0,0,0,0
5.109890,5.104720,122,168,71,255,63,2,59,145,0,0,0,0,0,0,0,0
5.164835,5.141674,91,169,70,255,63,2,59,145,0,0,0,0,0,0,0,0
5.219780,5.205742,91,169,70,255,59,2,64,189,0,0,0,0,0,0,0,0
5.219780,5.215677,93,169,70,255,59,2,64,189,0,0,0,0,0,0,0,0
5.274725,5.252732,93,172,72,255,59,2,64,189,0,0,0,0,0,0,0,0
5.329670,5.316788,93,172,72,255,59,2,64,189,0,0,0,0,0,0,0,0
5.329670,5.325921,95,172,73,255,60,3,52,180,128,0,0,0,0,0,0,0
5.384615,5.363483,110,176,72,255,63,1,72,151,128,0,0,0,0,0,0,0
5.439560,5.428309,102,176,72,255,61,2,82,151,128,0,0,0,0,0,0,0
5.439560,5.437385,96,179,72,255,61,2,82,160,128,0,0,0,0,0,0,0
5.494505,5.475159,105,182,72,255,62,2,82,160,128,0,0,0,0,0,0,0
5.549450,5.539213,94,182,72,255,62,2,63,152,0,0,0,0,0,0,0,0
5.604395,5.577855,114,182,72,255,59,2,47,170,0,0,0,0,0,0,0,0
5.604395,5.587958,92,183,72,255,59,2,47,170,0,0,0,0,0,0,0,0
5.659341,5.652067,118,183,72,255,59,2,47,170,0,0,0,0,0,0,0,0
5.714286,5.688661,118,185,72,255,64,1,68,141,0,0,0,0,0,0,0,0
5.714286,5.698765,91,185,72,255,59,3,76,187,0,0,0,0,0,0,0,0
5.769231,5.763741,123,187,73,255,66,1,63,140,0,0,0,0,0,0,0,0
5.824176,5.801048,91,187,73,255,66,1,63,140,0,0,0,0,0,0,0,0
5.824176,5.810487,120,187,73,255,64,2,49,140,0,0,0,0,0,0,0,0
5.879121,5.874545,95,191,73,255,64,2,49,143,128,0,0,0,0,0,0,0
5.934066,5.911752,112,192,74,255,64,2,49,143,128,0,0,0,0,0,0,0
5.934066,5.921086,100,192,73,255,64,2,49,143,128,0,0,0,0,0,0,0
5.989011,5.985142,96,192,74,255,61,2,71,160,129,0,0,0,0,0,0,0
6.043956,6.024808,118,192,74,255,64,2,63,175,129,0,0,0,0,0,0,0
6.043956,6.034400,92,192,74,255,64,2,63,175,129,0,0,0,0,0,0,0
6.098901,6.071299,92,192,74,255,85,2,64,189,1,0,0,0,0,0,0,0
6.153846,6.136125,120,192,74,255,85,2,64,189,1,0,0,0,0,0,0,0
6.153846,6.145560,102,192,75,255,109,2,73,160,1,0,0,0,0,0,0,0
6.208791,6.182153,98,192,75,255,109,2,73,160,1,0,0,0,0,0,0,0
6.263736,6.246209,102,192,75,255,109,2,73,160,1,0,0,0,0,0,0,0
6.263736,6.255546,102,192,75,255,109,2,73,160,1,0,0,0,0,0,0,0
6.318681,6.292190,111,192,75,255,157,2,73,160,1,0,0,0,0,0,0,0
6.373626,6.356350,92,192,75,255,157,1,56,142,129,0,0,0,0,0,0,0
6.373626,6.367270,92,192,75,255,157,1,56,142,129,0,0,0,0,0,0,0
6.428571,6.403913,91,192,75,255,157,1,56,142,129,0,0,0,0,0,0,0
6.483517,6.467973,123,192,77,255,185,2,31,188,129,0,0,0,0,0,0,0
6.483517,6.478124,123,192,78,255,185,2,31,188,129,0,0,0,0,0,0,0
6.538462,6.514767,95,201,77,255,189,2,32,180,129,0,0,0,0,0,0,0
6.593407,6.579101,95,201,77,255,189,2,32,180,129,0,0,0,0,0,0,0
6.593407,6.588313,99,204,77,255,191,2,37,168,129,0,0,0,0,0,0,0
6.648352,6.624907,99,204,77,255,191,2,37,168,1,0,0,0,0,0,0,0
6.703297,6.689785,105,209,78,255,191,2,37,168,1,0,0,0,0,0,0,0
6.703297,6.698864,93,209,78,255,191,2,21,152,1,0,0,0,0,0,0,0
6.758242,6.736224,93,209,78,255,190,2,20,165,1,0,0,0,0,0,0,0
6.813187,6.801048,93,209,78,255,190,2,20,165,1,0,0,0,0,0,0,0
6.813187,6.810127,116,209,78,255,190,2,20,165,1,0,0,0,0,0,0,0
6.868132,6.846721,116,218,80,255,190,2,20,165,1,0,0,0,0,0,0,0
6.923077,6.910827,90,222,80,255,190,2,20,165,1,0,0,0,0,0,0,0
6.923077,6.919909,121,222,80,255,192,1,29,139,129,0,0,0,0,0,0,0
6.978022,6.958395,90,227,80,255,189,3,32,190,129,0,0,0,0,0,0,0
7.032967,7.023215,90,227,80,255,189,3,32,190,129,0,0,0,0,0,0,0
7.087912,7.059768,94,231,81,255,189,2,32,190,129,0,0,0,0,0,0,0
7.087912,7.069761,112,231,81,255,193,2,50,182,129,0,0,0,0,0,0,0
7.142857,7.133919,95,235,81,255,193,1,51,143,129,0,0,0,0,0,0,0
7.197802,7.171231,95,235,81,255,193,1,51,143,129,0,0,0,0,0,0,0
7.197802,7.180768,95,235,81,255,193,1,51,143,129,0,0,0,0,0,0,0
7.252747,7.244827,94,235,81,255,193,1,51,143,129,0,0,0,0,0,0,0
7.307693,7.281317,94,241,81,255,193,1,51,143,129,0,0,0,0,0,0,0
7.307693,7.290807,107,247,84,255,193,1,51,143,129,0,0,0,0,0,0,0
7.362638,7.355016,91,247,83,255,189,2,55,171,129,0,0,0,0,0,0,0
7.417583,7.392276,115,251,83,255,189,2,55,171,1,0,0,0,0,0,0,0
7.417583,7.402533,90,251,85,255,189,2,34,171,1,0,0,0,0,0,0,0
7.472528,7.466792,121,255,85,255,189,2,34,179,129,0,0,0,0,0,0,0
7.527472,7.504103,90,255,85,255,189,2,34,179,129,0,0,0,0,0,0,0
7.527472,7.513590,123,255,86,255,189,2,64,188,129,0,0,0,0,0,0,0
7.582417,7.577646,92,255,86,255,194,1,63,139,129,0,0,0,0,0,0,0
7.637362,7.615621,92,255,87,255,189,2,63,188,129,0,0,0,0,0,0,0
7.637362,7.625776,94,255,87,255,189,2,63,188,129,0,0,0,0,0,0,0
7.692307,7.689881,94,255,87,255,189,3,45,184,129,0,0,0,0,0,0,0
7.747253,7.726577,113,255,87,255,192,2,64,149,1,0,0,0,0,0,0,0
7.747253,7.737654,100,255,87,255,192,2,64,149,1,0,0,0,0,0,0,0
7.802198,7.774297,100,255,88,255,190,2,63,157,1,0,0,0,0,0,0,0
7.857143,7.839121,106,255,88,255,190,2,63,157,1,0,0,0,0,0,0,0
7.857143,7.848510,106,255,88,255,190,2,63,157,1,0,0,0,0,0,0,0
7.912088,7.885202,111,255,89,255,190,2,63,157,1,0,0,0,0,0,0,0
7.967033,7.949263,90,255,90,255,191,2,49,140,1,0,0,0,0,0,0,0
7.967033,7.959671,118,255,90,255,188,2,64,175,1,0,0,0,0,0,0,0
8.021978,7.997133,90,255,91,255,192,0,72,138,129,0,0,0,0,0,0,0
8.076923,8.062574,123,255,91,255,188,3,77,186,129,0,0,0,0,0,0,0
8.076923,8.072471,123,255,91,255,194,1,63,138,129,0,0,0,0,0,0,0
8.131868,8.109985,91,255,91,255,194,1,63,138,129,0,0,0,0,0,0,0
8.186813,8.174092,121,255,93,255,193,1,51,141,129,0,0,0,0,0,0,0
8.186813,8.183172,94,255,94,255,189,2,64,184,129,0,0,0,0,0,0,0
8.241758,8.221149,94,255,94,255,189,2,64,184,129,0,0,0,0,0,0,0
8.296703,8.285202,94,255,94,255,189,2,64,184,129,0,0,0,0,0,0,0
8.296703,8.294386,104,255,94,255,190,2,64,184,129,0,0,0,0,0,0,0
8.351648,8.331336,103,255,95,255,190,1,63,153,1,0,0,0,0,0,0,0
8.406593,8.396161,96,255,95,255,190,1,54,156,1,0,0,0,0,0,0,0
8.461538,8.432812,110,255,95,255,188,1,64,163,1,0,0,0,0,0,0,0
8.461538,8.442142,110,255,94,255,191,1,74,142,1,0,0,0,0,0,0,0
8.516483,8.506962,90,255,95,255,190,2,79,169,1,0,0,0,0,0,0,0
8.571428,8.544380,90,255,95,255,190,2,79,169,1,0,0,0,0,0,0,0
8.571428,8.553864,90,255,95,255,190,2,79,169,1,0,0,0,0,0,0,0
8.626373,8.617870,119,255,97,255,193,1,68,169,1,0,0,0,0,0,0,0
8.681318,8.654569,90,255,97,255,187,1,68,139,129,0,0,0,0,0,0,0
8.681318,8.665331,90,255,97,255,187,1,80,189,129,0,0,0,0,0,0,0
8.736263,8.730211,90,255,99,255,187,1,80,189,129,0,0,0,0,0,0,0
8.791209,8.766855,123,255,99,255,188,3,63,190,129,0,0,0,0,0,0,0
8.791209,8.776395,95,255,99,255,188,3,63,190,129,0,0,0,0,0,0,0
8.846154,8.840450,112,255,100,255,188,2,72,182,1,0,0,0,0,0,0,0
8.901099,8.877709,112,255,100,255,188,2,72,182,1,0,0,0,0,0,0,0
8.901099,8.887096,107,255,101,255,191,1,77,145,1,0,0,0,0,0,0,0
8.956044,8.951969,107,255,101,255,191,1,77,145,1,0,0,0,0,0,0,0
9.010989,8.988513,122,255,101,255,191,1,77,145,1,0,0,0,0,0,0,0
9.010989,8.997900,95,255,102,255,191,1,77,145,1,0,0,0,0,0,0,0
9.065934,9.061952,95,255,102,255,191,1,77,145,1,0,0,0,0,0,0,0
9.120879,9.098498,95,255,102,255,191,1,77,145,1,0,0,0,0,0,0,0
9.120879,9.108704,95,255,102,255,191,1,77,145,1,0,0,0,0,0,0,0
9.175824,9.172913,95,255,102,255,191,1,77,145,1,0,0,0,0,0,0,0
9.230769,9.209559,89,255,102,255,191,1,77,145,1,0,0,0,0,0,0,0
9.230769,9.218946,89,255,104,255,183,1,72,230,129,0,0,0,0,0,0,0
9.285714,9.257125,89,255,104,255,183,1,72,230,129,0,0,0,0,0,0,0
9.340659,9.321281,89,255,104,255,183,1,72,230,129,0,0,0,0,0,0,0
9.340659,9.330772,89,255,104,255,183,1,72,230,129,0,0,0,0,0,0,0
9.395604,9.367366,150,255,104,255,183,1,72,230,129,0,0,0,0,0,0,0
9.450549,9.431422,108,255,106,255,192,0,72,230,129,0,0,0,0,0,0,0
9.450549,9.440703,89,255,107,255,185,0,80,138,1,0,0,0,0,0,0,0
9.505494,9.478733,151,255,107,255,185,1,79,231,1,0,0,0,0,0,0,0
9.560439,9.543553,112,255,107,255,185,1,79,231,1,0,0,0,0,0,0,0
9.560439,9.552940,89,255,107,255,185,1,79,231,1,0,0,0,0,0,0,0
9.615385,9.589586,89,255,107,255,185,1,79,231,1,0,0,0,0,0,0,0
9.670330,9.653794,89,255,107,255,185,1,79,231,1,0,0,0,0,0,0,0
9.670330,9.663336,89,255,107,255,185,1,79,231,1,0,0,0,0,0,0,0
9.725275,9.699928,89,255,111,255,189,1,68,231,129,0,0,0,0,0,0,0
9.780220,9.764737,89,255,111,255,189,1,68,231,129,0,0,0,0,0,0,0
9.780220,9.773985,104,255,111,255,192,0,84,231,129,0,0,0,0,0,0,0
9.835165,9.810679,88,255,112,255,189,0,84,137,129,0,0,0,0,0,0,0
9.890110,9.875507,88,255,112,255,189,1,78,233,129,0,0,0,0,0,0,0
9.890110,9.885352,105,255,112,255,189,1,78,233,129,0,0,0,0,0,0,0
9.945055,9.921996,88,255,112,255,189,1,78,233,129,0,0,0,0,0,0,0
10.000000,9.986104,88,255,112,255,189,1,80,233,1,0,0,0,0,0,0,0
10.000000,9.995849,88,255,112,255,189,1,80,233,1,0,0,0,0,0,0,0
10.054945,10.032444,105,255,112,255,189,1,80,233,1,0,0,0,0,0,0,0
10.109890,10.096499,88,255,112,255,189,1,80,233,1,0,0,0,0,0,0,0
10.164835,10.105579,88,255,112,255,189,1,80,233,1,0,0,0,0,0,0,0
10.164835,10.145243,102,255,112,255,189,1,80,233,1,0,0,0,0,0,0,0
10.219780,10.211910,91,255,115,255,191,1,73,233,1,0,0,0,0,0,0,0
10.274725,10.250601,91,255,115,255,191,1,73,224,129,0,0,0,0,0,0,0
10.274725,10.260708,96,255,115,255,191,1,73,224,129,0,0,0,0,0,0,0
10.329670,10.324862,95,255,117,255,191,1,73,224,129,0,0,0,0,0,0,0
10.384615,10.361406,95,255,117,255,192,1,79,220,129,0,0,0,0,0,0,0
10.384615,10.370844,94,255,117,255,192,1,79,220,129,0,0,0,0,0,0,0
10.439561,10.435053,94,255,118,255,191,0,84,135,129,0,0,0,0,0,0,0
10.494506,10.472822,94,255,119,255,192,0,81,220,1,0,0,0,0,0,0,0
10.494506,10.483746,94,255,119,255,192,0,81,220,1,0,0,0,0,0,0,0
10.549451,10.520442,94,255,117,255,191,0,76,139,1,0,0,0,0,0,0,0
10.604396,10.585369,95,255,119,255,192,0,79,218,1,0,0,0,0,0,0,0
10.604396,10.595574,95,255,119,255,192,0,79,218,1,0,0,0,0,0,0,0
10.659341,10.633086,94,255,119,255,192,0,79,218,1,0,0,0,0,0,0,0
10.714286,10.697144,93,255,119,255,192,0,79,218,1,0,0,0,0,0,0,0
10.714286,10.706529,93,255,119,255,192,0,79,218,1,0,0,0,0,0,0,0
10.769231,10.743174,95,255,119,255,192,0,79,218,1,0,0,0,0,0,0,0
10.824176,10.807285,95,255,119,255,192,0,79,218,1,0,0,0,0,0,0,0
10.824176,10.816824,95,255,122,255,192,1,87,222,129,0,0,0,0,0,0,0
10.879121,10.854135,95,255,122,255,192,1,87,222,129,0,0,0,0,0,0,0
10.934066,10.918264,95,255,122,255,191,0,74,135,129,0,0,0,0,0,0,0
10.934066,10.928087,95,255,123,255,192,1,82,220,129,0,0,0,0,0,0,0
10.989011,10.965447,95,255,123,255,192,1,82,220,129,0,0,0,0,0,0,0
11.043956,11.029567,94,255,123,255,192,1,82,220,129,0,0,0,0,0,0,0
11.043956,11.038633,103,255,125,255,191,1,82,220,129,0,0,0,0,0,0,0
11.098901,11.075329,103,255,125,255,191,1,80,216,1,0,0,0,0,0,0,0
11.153846,11.140157,93,255,125,255,191,1,80,216,1,0,0,0,0,0,0,0
11.153846,11.149490,103,255,125,255,191,1,80,216,1,0,0,0,0,0,0,0
11.208791,11.186081,135,255,125,255,191,1,80,216,1,0,0,0,0,0,0,0
11.263737,11.250137,135,255,126,255,191,1,73,145,1,0,0,0,0,0,0,0
11.263737,11.259935,93,255,126,255,192,0,79,147,129,0,0,0,0,0,0,0
11.318682,11.297756,107,255,126,255,191,1,80,212,129,0,0,0,0,0,0,0
11.373627,11.362582,107,255,126,255,191,1,80,212,129,0,0,0,0,0,0,0
11.428572,11.399121,92,255,127,255,191,1,80,212,129,0,0,0,0,0,0,0
11.428572,11.410763,107,255,127,255,191,1,80,212,129,0,0,0,0,0,0,0
11.483517,11.474922,107,255,127,255,191,1,80,212,129,0,0,0,0,0,0,0
11.538462,11.511514,92,255,128,255,191,1,80,212,129,0,0,0,0,0,0,0
11.538462,11.521051,111,255,130,255,191,0,77,151,129,0,0,0,0,0,0,0
11.593407,11.586032,133,255,130,255,191,0,77,151,129,0,0,0,0,0,0,0
11.648352,11.622676,92,255,130,255,191,1,75,144,1,0,0,0,0,0,0,0
11.648352,11.632983,107,255,130,255,191,1,75,144,1,0,0,0,0,0,0,0
11.703297,11.697140,107,255,130,255,191,1,75,144,1,0,0,0,0,0,0,0
11.758242,11.733787,107,255,130,255,191,1,75,144,1,0,0,0,0,0,0,0
11.758242,11.743430,93,255,131,255,191,0,74,135,1,0,0,0,0,0,0,0
11.813187,11.807481,94,255,132,255,192,0,69,135,1,0,0,0,0,0,0,0
11.868132,11.844028,94,255,132,255,192,0,69,222,129,0,0,0,0,0,0,0
11.868132,11.855256,95,255,132,255,191,0,69,222,129,0,0,0,0,0,0,0
11.923077,11.919414,94,255,133,255,191,0,72,135,129,0,0,0,0,0,0,0
11.978022,11.956775,94,255,133,255,192,1,71,220,129,0,0,0,0,0,0,0
11.978022,11.966880,94,255,133,255,192,1,71,220,129,0,0,0,0,0,0,0
12.032967,12.004240,127,255,133,255,192,1,71,220,129,0,0,0,0,0,0,0
12.087913,12.068347,127,255,135,255,192,1,75,204,129,0,0,0,0,0,0,0
12.087913,12.077682,127,255,135,255,192,1,75,204,129,0,0,0,0,0,0,0
12.142858,12.114376,91,255,135,255,190,1,63,173,1,0,0,0,0,0,0,0
12.197803,12.179816,127,255,135,255,190,1,63,173,1,0,0,0,0,0,0,0
12.197803,12.189305,127,255,135,255,190,1,63,173,1,0,0,0,0,0,0,0
12.252748,12.226000,91,255,136,255,191,0,63,173,1,0,0,0,0,0,0,0
12.307693,12.290053,91,255,136,255,191,0,71,143,1,0,0,0,0,0,0,0
12.307693,12.300160,91,255,136,255,191,0,71,143,1,0,0,0,0,0,0,0
12.362638,12.336752,93,255,136,255,191,0,71,143,1,0,0,0,0,0,0,0
12.417583,12.401313,109,255,136,255,191,0,71,143,1,0,0,0,0,0,0,0
12.417583,12.410400,109,255,138,255,192,0,64,212,129,0,0,0,0,0,0,0
12.472528,12.448423,109,255,138,255,192,0,64,212,129,0,0,0,0,0,0,0
12.527472,12.512533,109,255,138,255,192,0,64,212,129,0,0,0,0,0,0,0
12.527472,12.521766,115,255,138,255,192,0,64,212,129,0,0,0,0,0,0,0
12.582417,12.558412,115,255,138,255,192,0,64,212,129,0,0,0,0,0,0,0
12.637362,12.622673,92,255,139,255,191,0,66,212,129,0,0,0,0,0,0,0
12.637362,12.631954,119,255,140,255,193,0,66,159,129,0,0,0,0,0,0,0
12.692307,12.670136,119,255,140,255,193,1,66,208,1,0,0,0,0,0,0,0
12.747252,12.734804,92,255,140,255,193,1,66,208,1,0,0,0,0,0,0,0
12.747252,12.743938,92,255,140,255,193,1,66,208,1,0,0,0,0,0,0,0
12.802197,12.781092,120,255,140,255,193,1,66,208,1,0,0,0,0,0,0,0
12.857142,12.845098,120,255,143,255,191,0,64,140,1,0,0,0,0,0,0,0
12.912087,12.882410,90,255,143,255,191,0,64,140,1,0,0,0,0,0,0,0
12.912087,12.891896,90,255,143,255,191,0,64,140,1,0,0,0,0,0,0,0
12.967033,12.955953,118,255,144,255,192,0,58,139,1,0,0,0,0,0,0,0
13.021978,12.992547,90,255,144,255,192,0,58,139,129,0,0,0,0,0,0,0
13.021978,13.002751,90,255,144,255,192,0,58,139,129,0,0,0,0,0,0,0
13.076923,13.066811,116,255,144,255,192,0,58,139,129,0,0,0,0,0,0,0
13.131868,13.103401,89,255,146,255,192,0,58,139,129,0,0,0,0,0,0,0
13.131868,13.112842,89,255,146,255,186,2,76,227,129,0,0,0,0,0,0,0
13.186813,13.177819,116,255,146,255,186,2,76,227,129,0,0,0,0,0,0,0
13.241758,13.214563,89,255,146,255,192,0,63,138,1,0,0,0,0,0,0,0
13.241758,13.225435,89,255,146,255,192,0,63,138,1,0,0,0,0,0,0,0
13.296703,13.289491,89,255,146,255,192,0,63,138,1,0,0,0,0,0,0,0
13.351648,13.326033,114,255,146,255,192,0,63,138,1,0,0,0,0,0,0,0
13.351648,13.335576,88,255,149,255,192,0,63,138,1,0,0,0,0,0,0,0
13.406593,13.399626,88,255,149,255,192,0,63,138,1,0,0,0,0,0,0,0
13.461538,13.436174,88,255,149,255,192,0,63,138,1,0,0,0,0,0,0,0
13.461538,13.445612,89,255,149,255,192,0,63,138,1,0,0,0,0,0,0,0
13.516483,13.509665,151,255,150,255,192,0,63,138,1,0,0,0,0,0,0,0
13.571428,13.546158,113,255,150,255,192,0,63,180,129,0,0,0,0,0,0,0
13.571428,13.557131,88,255,151,255,192,0,70,138,129,0,0,0,0,0,0,0
13.626373,13.621953,88,255,151,255,186,2,64,230,129,0,0,0,0,0,0,0
13.681318,13.659416,151,255,151,255,186,2,64,230,129,0,0,0,0,0,0,0
13.681318,13.671368,113,255,153,255,191,0,66,137,129,0,0,0,0,0,0,0
13.736263,13.709133,113,255,153,255,191,0,66,137,129,0,0,0,0,0,0,0
13.791209,13.773240,113,255,153,255,191,0,66,137,129,0,0,0,0,0,0,0
13.791209,13.782627,104,255,153,255,191,0,71,137,129,0,0,0,0,0,0,0
13.846154,13.819324,87,255,153,255,191,0,71,136,1,0,0,0,0,0,0,0
13.901099,13.884315,87,255,153,255,191,0,71,136,1,0,0,0,0,0,0,0
13.901099,13.893433,104,255,155,255,191,0,71,136,1,0,0,0,0,0,0,0
13.956044,13.930129,87,255,155,255,191,0,71,136,1,0,0,0,0,0,0,0
14.010989,13.994205,87,255,155,255,191,0,71,136,1,0,0,0,0,0,0,0
14.010989,14.003416,87,255,155,255,191,0,71,136,1,0,0,0,0,0,0,0
14.065934,14.040113,104,255,157,255,192,0,72,135,129,0,0,0,0,0,0,0
14.120879,14.104836,104,255,157,255,192,0,72,135,129,0,0,0,0,0,0,0
14.120879,14.114014,104,255,157,255,192,0,72,135,129,0,0,0,0,0,0,0
14.175824,14.150728,96,255,157,255,192,0,72,135,129,0,0,0,0,0,0,0
14.230769,14.215026,89,255,158,255,192,1,72,135,129,0,0,0,0,0,0,0
14.230769,14.224360,89,255,158,255,192,1,64,224,129,0,0,0,0,0,0,0
14.285714,14.261773,96,255,158,255,192,1,64,224,129,0,0,0,0,0,0,0
14.340659,14.325928,96,255,158,255,192,1,64,224,129,0,0,0,0,0,0,0
14.340659,14.335110,124,255,158,255,192,1,64,224,129,0,0,0,0,0,0,0
14.395604,14.371758,124,255,157,255,191,0,61,141,1,0,0,0,0,0,0,0
14.450549,14.437448,91,255,158,255,188,1,71,199,1,0,0,0,0,0,0,0
14.505494,14.474815,91,255,158,255,188,1,71,199,1,0,0,0,0,0,0,0
14.505494,14.484146,122,255,158,255,191,0,59,140,1,0,0,0,0,0,0,0
14.560439,14.548920,90,255,158,255,187,2,71,223,1,0,0,0,0,0,0,0
14.615385,14.586278,90,255,158,255,187,2,71,223,1,0,0,0,0,0,0,0
14.615385,14.595616,90,255,158,255,187,2,71,223,1,0,0,0,0,0,0,0
14.670330,14.659722,90,255,158,255,187,2,71,223,1,0,0,0,0,0,0,0
14.725275,14.696315,90,255,158,255,187,2,71,223,1,0,0,0,0,0,0,0
14.725275,14.705807,90,255,158,255,187,2,71,223,1,0,0,0,0,0,0,0
14.780220,14.769756,89,255,158,255,187,2,71,223,1,0,0,0,0,0,0,0
14.835165,14.806458,89,255,159,255,190,1,59,229,129,0,0,0,0,0,0,0
14.835165,14.816509,89,255,159,255,190,1,59,229,129,0,0,0,0,0,0,0
14.890110,14.880662,101,255,159,255,192,0,72,135,1,0,0,0,0,0,0,0
14.945055,14.918692,87,255,159,255,192,0,72,135,1,0,0,0,0,0,0,0
14.945055,14.928180,87,255,159,255,192,0,72,135,1,0,0,0,0,0,0,0
15.000000,14.992290,102,255,159,255,192,0,72,135,1,0,0,0,0,0,0,0
15.054945,15.028879,89,255,159,255,191,0,72,135,1,0,0,0,0,0,0,0
15.054945,15.038166,89,255,159,255,191,1,64,224,1,0,0,0,0,0,0,0
15.109890,15.103089,96,255,159,255,191,1,64,224,1,0,0,0,0,0,0,0
15.164835,15.139789,90,255,159,255,191,0,77,133,129,0,0,0,0,0,0,0
15.164835,15.150504,140,255,159,255,191,0,77,133,129,0,0,0,0,0,0,0
15.219780,15.214767,140,255,160,255,192,0,67,152,129,0,0,0,0,0,0,0
15.274725,15.251870,96,255,159,255,192,0,67,152,129,0,0,0,0,0,0,0
15.274725,15.261306,99,255,159,255,192,0,67,152,129,0,0,0,0,0,0,0
15.329670,15.298153,99,255,159,255,192,0,67,152,129,0,0,0,0,0,0,0
15.384615,15.362163,99,255,159,255,192,0,67,152,129,0,0,0,0,0,0,0
15.384615,15.371494,103,255,159,255,192,0,67,152,129,0,0,0,0,0,0,0
15.439561,15.408151,103,255,159,255,192,0,67,152,129,0,0,0,0,0,0,0
15.494506,15.472199,93,255,159,255,192,0,67,152,129,0,0,0,0,0,0,0
15.494506,15.481789,95,255,159,255,192,0,67,152,129,0,0,0,0,0,0,0
15.549451,15.518487,137,255,160,255,191,1,63,218,1,0,0,0,0,0,0,0
15.604396,15.583973,137,255,160,255,191,1,63,218,1,0,0,0,0,0,0,0
15.604396,15.593257,93,255,160,255,191,1,63,218,1,0,0,0,0,0,0,0
15.659341,15.629903,123,255,160,255,193,0,71,205,129,0,0,0,0,0,0,0
15.714286,15.694728,123,255,160,255,193,0,71,205,129,0,0,0,0,0,0,0
15.714286,15.704779,91,255,160,255,193,0,71,205,129,0,0,0,0,0,0,0
15.769231,15.741472,91,255,160,255,193,0,71,205,129,0,0,0,0,0,0,0
15.824176,15.805532,120,255,160,255,193,0,71,205,129,0,0,0,0,0,0,0
15.824176,15.814998,120,255,160,255,193,0,71,205,129,0,0,0,0,0,0,0
15.879121,15.851561,139,255,160,255,193,0,71,205,129,0,0,0,0,0,0,0
15.934066,15.915718,139,255,160,255,193,0,71,205,129,0,0,0,0,0,0,0
15.934066,15.925206,139,255,160,255,193,0,71,205,129,0,0,0,0,0,0,0
15.989011,15.961855,90,255,160,255,193,0,71,205,129,0,0,0,0,0,0,0
16.043957,16.026379,147,255,161,255,192,0,79,192,1,0,0,0,0,0,0,0
16.043957,16.038366,120,255,161,255,191,0,80,139,1,0,0,0,0,0,0,0
16.098902,16.076139,89,255,161,255,187,1,66,215,1,0,0,0,0,0,0,0
16.153847,16.140911,89,255,161,255,187,1,66,215,1,0,0,0,0,0,0,0
16.208792,16.177607,119,255,161,255,192,0,66,215,1,0,0,0,0,0,0,0
16.208792,16.187147,89,255,161,255,186,0,86,139,1,0,0,0,0,0,0,0
16.263737,16.252583,89,255,161,255,186,1,80,207,129,0,0,0,0,0,0,0
16.318682,16.290663,120,255,161,255,186,1,80,207,129,0,0,0,0,0,0,0
16.318682,16.300201,120,255,161,255,191,0,79,139,129,0,0,0,0,0,0,0
16.373627,16.365126,149,255,161,255,191,0,79,139,129,0,0,0,0,0,0,0
16.428572,16.401773,149,255,161,255,191,0,79,139,129,0,0,0,0,0,0,0
16.428572,16.411108,114,255,161,255,191,0,79,139,129,0,0,0,0,0,0,0
16.483517,16.475163,88,255,162,255,186,2,79,223,129,0,0,0,0,0,0,0
16.538462,16.512573,88,255,162,255,186,2,79,223,129,0,0,0,0,0,0,0
16.538462,16.521961,116,255,162,255,186,2,79,223,129,0,0,0,0,0,0,0
16.593407,16.586071,88,255,162,255,186,2,79,223,129,0,0,0,0,0,0,0
16.648352,16.622715,150,255,162,255,186,2,79,223,129,0,0,0,0,0,0,0
16.648352,16.632359,108,255,162,255,186,2,79,223,129,0,0,0,0,0,0,0
16.703297,16.696510,87,255,162,255,191,0,84,136,1,0,0,0,0,0,0,0
16.758242,16.734543,87,255,162,255,189,1,74,232,1,0,0,0,0,0,0,0
16.758242,16.744801,105,255,162,255,189,1,74,232,1,0,0,0,0,0,0,0
16.813187,16.781456,105,255,162,255,192,0,83,135,129,0,0,0,0,0,0,0
16.868132,16.846830,89,255,162,255,192,0,83,135,129,0,0,0,0,0,0,0
16.868132,16.855907,141,255,162,255,191,1,72,154,129,0,0,0,0,0,0,0
16.923077,16.893372,96,255,163,255,191,1,72,154,129,0,0,0,0,0,0,0
16.978022,16.957277,99,255,163,255,191,1,72,154,129,0,0,0,0,0,0,0
16.978022,16.966455,99,255,163,255,191,1,72,154,129,0,0,0,0,0,0,0
17.032967,17.003153,93,255,163,255,191,1,72,154,129,0,0,0,0,0,0,0
17.087912,17.067209,123,255,163,255,191,1,72,167,1,0,0,0,0,0,0,0
17.087912,17.077566,123,255,163,255,192,0,67,204,1,0,0,0,0,0,0,0
17.142857,17.114264,91,255,163,255,192,0,67,204,1,0,0,0,0,0,0,0
17.197802,17.178322,91,255,163,255,186,2,84,227,1,0,0,0,0,0,0,0
17.197802,17.187756,91,255,163,255,186,2,84,227,1,0,0,0,0,0,0,0
17.252747,17.226654,91,255,163,255,186,2,84,227,1,0,0,0,0,0,0,0
17.307692,17.290915,89,255,163,255,188,2,75,232,1,0,0,0,0,0,0,0
17.307692,17.300350,89,255,163,255,188,2,75,232,1,0,0,0,0,0,0,0
17.362637,17.337048,110,255,163,255,191,0,75,232,1,0,0,0,0,0,0,0
17.417582,17.401106,88,255,163,255,190,0,80,136,129,0,0,0,0,0,0,0
17.417582,17.412127,88,255,163,255,190,1,68,228,129,0,0,0,0,0,0,0
17.472527,17.449543,101,255,164,255,190,1,68,228,129,0,0,0,0,0,0,0
17.527473,17.513699,87,255,164,255,192,0,79,134,129,0,0,0,0,0,0,0
17.582418,17.551266,87,255,164,255,190,1,84,224,129,0,0,0,0,0,0,0
17.582418,17.561062,87,255,164,255,190,1,84,224,129,0,0,0,0,0,0,0
17.637363,17.625120,96,255,164,255,190,1,84,224,129,0,0,0,0,0,0,0
17.692308,17.662018,96,255,164,255,190,1,84,224,129,0,0,0,0,0,0,0
17.692308,17.671097,96,255,164,255,190,1,84,224,129,0,0,0,0,0,0,0
17.747253,17.735153,91,255,164,255,190,1,84,224,129,0,0,0,0,0,0,0
17.802198,17.772364,137,255,164,255,192,1,84,224,129,0,0,0,0,0,0,0
17.802198,17.781391,124,255,164,255,191,1,72,196,1,0,0,0,0,0,0,0
17.857143,17.846264,90,255,164,255,191,0,64,140,1,0,0,0,0,0,0,0
17.912088,17.883934,90,255,164,255,185,1,69,219,129,0,0,0,0,0,0,0
17.912088,17.894392,117,255,164,255,185,1,69,219,129,0,0,0,0,0,0,0
17.967033,17.958605,89,255,164,255,191,1,84,138,129,0,0,0,0,0,0,0
18.021978,17.996323,89,255,164,255,191,1,84,138,129,0,0,0,0,0,0,0
18.021978,18.005348,150,255,164,255,193,1,65,138,129,0,0,0,0,0,0,0
18.076923,18.069460,113,255,164,255,193,1,65,138,129,0,0,0,0,0,0,0
18.131868,18.106312,89,255,165,255,191,0,71,225,129,0,0,0,0,0,0,0
18.131868,18.116203,89,255,165,255,191,0,71,225,129,0,0,0,0,0,0,0
18.186813,18.180416,97,255,165,255,192,0,71,225,129,0,0,0,0,0,0,0
18.241758,18.217321,111,255,165,255,192,0,80,155,1,0,0,0,0,0,0,0
18.241758,18.227062,111,255,165,255,192,0,80,155,1,0,0,0,0,0,0,0
18.296703,18.291319,92,255,165,255,192,0,80,155,1,0,0,0,0,0,0,0
18.351648,18.328276,127,255,165,255,192,0,80,155,1,0,0,0,0,0,0,0
18.351648,18.337404,127,255,165,255,193,0,63,202,1,0,0,0,0,0,0,0
18.406593,18.374395,128,255,165,255,193,0,63,202,1,0,0,0,0,0,0,0
18.461538,18.438412,90,255,165,255,185,1,84,227,129,0,0,0,0,0,0,0
18.461538,18.448210,90,255,165,255,185,1,84,227,129,0,0,0,0,0,0,0
18.516483,18.484804,90,255,165,255,185,1,84,227,129,0,0,0,0,0,0,0
18.571428,18.548859,88,255,165,255,190,1,84,227,129,0,0,0,0,0,0,0
18.571428,18.557989,88,255,165,255,190,1,64,228,129,0,0,0,0,0,0,0
18.626373,18.594688,100,255,165,255,190,1,64,228,129,0,0,0,0,0,0,0
18.681318,18.658792,107,255,165,255,190,1,64,228,129,0,0,0,0,0,0,0
18.681318,18.667973,107,255,166,255,192,0,79,211,1,0,0,0,0,0,0,0
18.736263,18.705332,107,255,166,255,192,0,79,211,1,0,0,0,0,0,0,0
18.791208,18.769390,92,255,166,255,192,0,79,211,1,0,0,0,0,0,0,0
18.791208,18.778576,92,255,166,255,192,0,79,211,1,0,0,0,0,0,0,0
18.846153,18.815269,112,255,166,255,192,0,64,138,1,0,0,0,0,0,0,0
18.901098,18.880093,89,255,166,255,189,1,59,138,1,0,0,0,0,0,0,0
18.901098,18.889118,89,255,166,255,189,1,59,229,1,0,0,0,0,0,0,0
18.956043,18.926584,101,255,166,255,189,1,59,229,1,0,0,0,0,0,0,0
19.010988,18.990694,107,255,166,255,189,1,59,229,1,0,0,0,0,0,0,0
19.010988,19.000179,133,255,166,255,192,1,79,212,129,0,0,0,0,0,0,0
19.065933,19.037643,92,255,166,255,190,0,84,145,129,0,0,0,0,0,0,0
19.120878,19.102468,92,255,166,255,186,0,80,199,129,0,0,0,0,0,0,0
19.120878,19.112726,92,255,166,255,186,0,80,199,129,0,0,0,0,0,0,0
19.175825,19.149420,121,255,167,255,191,0,64,199,129,0,0,0,0,0,0,0
19.230770,19.213476,90,255,167,255,191,0,64,199,129,0,0,0,0,0,0,0
19.230770,19.222912,149,255,167,255,191,0,64,199,129,0,0,0,0,0,0,0
19.285715,19.259558,149,255,167,255,191,0,64,199,129,0,0,0,0,0,0,0
19.340660,19.323719,88,255,167,255,190,0,64,199,129,0,0,0,0,0,0,0
19.340660,19.333204,144,255,167,255,190,1,59,226,1,0,0,0,0,0,0,0
19.395605,19.370718,99,255,167,255,190,1,59,226,1,0,0,0,0,0,0,0
19.450550,19.434776,99,255,167,255,190,1,59,226,1,0,0,0,0,0,0,0
19.450550,19.444111,122,255,167,255,190,1,59,226,1,0,0,0,0,0,0,0
19.505495,19.480860,122,255,167,255,191,1,82,141,129,0,0,0,0,0,0,0
19.560440,19.546299,122,255,167,255,191,1,82,141,129,0,0,0,0,0,0,0
19.615385,19.583145,122,255,167,255,191,1,82,141,129,0,0,0,0,0,0,0
19.615385,19.592276,112,255,167,255,191,1,74,138,129,0,0,0,0,0,0,0
19.670330,19.656385,89,255,167,255,191,1,74,138,129,0,0,0,0,0,0,0
19.725275,19.693287,89,255,167,255,191,1,74,138,129,0,0,0,0,0,0,0
19.725275,19.702412,102,255,167,255,191,1,74,138,129,0,0,0,0,0,0,0
19.780220,19.766420,99,255,167,255,191,1,74,138,129,0,0,0,0,0,0,0
19.835165,19.803938,99,255,167,255,191,1,74,138,129,0,0,0,0,0,0,0
19.835165,19.813011,93,255,167,255,191,1,74,138,129,0,0,0,0,0,0,0
19.890110,19.877172,93,255,167,255,191,1,74,138,129,0,0,0,0,0,0,0
19.945055,19.914227,127,255,168,255,193,1,55,201,1,0,0,0,0,0,0,0
19.945055,19.924791,127,255,168,255,193,1,55,201,1,0,0,0,0,0,0,0
20.000000,19.988899,91,255,168,255,186,1,63,221,1,0,0,0,0,0,0,0
20.054945,20.025644,91,255,168,255,186,1,63,221,1,0,0,0,0,0,0,0
20.054945,20.034872,116,255,168,255,186,1,63,221,1,0,0,0,0,0,0,0
20.109890,20.099087,89,255,168,255,186,1,63,221,1,0,0,0,0,0,0,0
20.164835,20.135883,89,255,168,255,186,1,63,221,1,0,0,0,0,0,0,0
20.164835,20.145018,106,255,168,255,186,1,63,221,1,0,0,0,0,0,0,0
20.219780,20.209227,88,255,168,255,186,1,63,221,1,0,0,0,0,0,0,0
20.274725,20.246178,88,255,168,255,186,1,63,221,1,0,0,0,0,0,0,0
20.274725,20.255939,88,255,168,255,186,1,63,221,1,0,0,0,0,0,0,0
20.329670,20.320232,96,255,168,255,186,1,63,221,1,0,0,0,0,0,0,0
20.384615,20.359339,86,255,169,255,191,1,84,224,1,0,0,0,0,0,0,0
20.384615,20.370617,86,255,169,255,191,1,84,224,1,0,0,0,0,0,0,0
20.439560,20.409462,96,255,169,255,191,1,84,224,1,0,0,0,0,0,0,0
20.494505,20.475716,107,255,169,255,191,1,84,224,1,0,0,0,0,0,0,0
20.549450,20.487408,107,255,169,255,191,1,84,224,1,0,0,0,0,0,0,0
20.549450,20.526304,107,255,169,255,191,1,84,224,1,0,0,0,0,0,0,0
20.604395,20.592663,107,255,169,255,191,1,84,224,1,0,0,0,0,0,0,0
20.659340,20.631660,120,255,169,255,191,1,84,224,1,0,0,0,0,0,0,0
20.659340,20.642994,90,255,169,255,191,0,82,139,129,0,0,0,0,0,0,0
20.714285,20.683321,90,255,169,255,185,1,84,226,129,0,0,0,0,0,0,0
20.769230,20.748249,90,255,169,255,185,1,84,226,129,0,0,0,0,0,0,0
20.769230,20.757944,90,255,169,255,185,1,84,226,129,0,0,0,0,0,0,0
20.824175,20.795355,90,255,169,255,185,1,84,226,129,0,0,0,0,0,0,0
20.879122,20.859467,90,255,169,255,185,1,84,226,129,0,0,0,0,0,0,0
20.879122,20.868799,90,255,169,255,185,1,84,226,129,0,0,0,0,0,0,0
20.934067,20.905390,90,255,170,255,191,1,80,219,1,0,0,0,0,0,0,0
20.989012,20.970112,90,255,170,255,191,1,80,219,1,0,0,0,0,0,0,0
20.989012,20.979494,94,255,170,255,191,1,80,219,1,0,0,0,0,0,0,0
21.043957,21.016045,87,255,170,255,191,1,80,219,1,0,0,0,0,0,0,0
21.098902,21.080250,87,255,170,255,191,1,80,219,1,0,0,0,0,0,0,0
21.098902,21.089792,94,255,170,255,191,1,80,219,1,0,0,0,0,0,0,0
21.153847,21.126434,111,255,170,255,191,0,84,151,1,0,0,0,0,0,0,0
21.208792,21.191362,111,255,170,255,192,0,84,208,129,0,0,0,0,0,0,0
21.208792,21.202028,91,255,170,255,192,0,84,208,129,0,0,0,0,0,0,0
21.263737,21.238825,91,255,170,255,187,1,84,191,129,0,0,0,0,0,0,0
21.318682,21.302883,91,255,170,255,187,1,84,191,129,0,0,0,0,0,0,0
21.318682,21.312370,91,255,170,255,187,1,84,191,129,0,0,0,0,0,0,0
21.373627,21.349171,89,255,171,255,186,1,86,191,129,0,0,0,0,0,0,0
21.428572,21.413250,148,255,171,255,192,1,86,223,129,0,0,0,0,0,0,0
21.483517,21.449982,148,255,171,255,192,1,87,179,1,0,0,0,0,0,0,0
21.483517,21.459768,87,255,171,255,192,1,87,179,1,0,0,0,0,0,0,0
21.538462,21.523827,147,255,171,255,189,1,86,229,1,0,0,0,0,0,0,0
21.593407,21.560675,104,255,171,255,189,1,86,229,1,0,0,0,0,0,0,0
21.593407,21.569904,87,255,171,255,192,0,86,133,1,0,0,0,0,0,0,0
21.648352,21.634830,87,255,171,255,191,1,87,222,1,0,0,0,0,0,0,0
21.703297,21.672451,87,255,171,255,191,1,87,222,1,0,0,0,0,0,0,0
21.703297,21.681580,96,255,171,255,192,0,79,138,129,0,0,0,0,0,0,0
21.758242,21.747225,95,255,171,255,192,0,79,212,129,0,0,0,0,0,0,0
21.813187,21.784737,95,255,171,255,192,0,79,212,129,0,0,0,0,0,0,0
21.813187,21.794228,92,255,171,255,192,0,79,212,129,0,0,0,0,0,0,0
21.868132,21.858437,92,255,171,255,192,0,79,212,129,0,0,0,0,0,0,0
21.923077,21.897743,92,255,171,255,192,0,79,212,129,0,0,0,0,0,0,0
21.923077,21.906874,90,255,171,255,192,0,79,212,129,0,0,0,0,0,0,0
21.978022,21.970978,127,255,171,255,192,0,79,212,129,0,0,0,0,0,0,0
22.032967,22.007933,124,255,171,255,192,0,79,212,129,0,0,0,0,0,0,0
22.032967,22.017883,124,255,172,255,191,0,63,140,1,0,0,0,0,0,0,0
22.087912,22.055960,124,255,172,255,191,0,63,140,1,0,0,0,0,0,0,0
22.142857,22.120014,124,255,172,255,191,0,63,140,1,0,0,0,0,0,0,0
22.142857,22.129198,124,255,172,255,191,0,63,140,1,0,0,0,0,0,0,0
22.197802,22.165943,88,255,172,255,191,0,63,140,1,0,0,0,0,0,0,0
22.252747,22.230001,88,255,172,255,191,0,63,140,1,0,0,0,0,0,0,0
22.252747,22.239132,88,255,172,255,191,0,63,140,1,0,0,0,0,0,0,0
22.307692,22.275877,87,255,173,255,191,0,63,140,1,0,0,0,0,0,0,0
22.362637,22.340651,87,255,173,255,187,1,64,229,129,0,0,0,0,0,0,0
22.362637,22.351675,87,255,173,255,187,1,64,229,129,0,0,0,0,0,0,0
22.417582,22.388266,86,255,173,255,187,1,64,229,129,0,0,0,0,0,0,0
22.472527,22.452393,86,255,173,255,187,1,64,229,129,0,0,0,0,0,0,0
22.472527,22.461712,86,255,173,255,187,1,64,229,129,0,0,0,0,0,0,0
22.527473,22.498457,101,255,173,255,192,0,80,132,1,0,0,0,0,0,0,0
22.582418,22.563950,86,255,173,255,192,0,80,132,1,0,0,0,0,0,0,0
22.582418,22.573378,86,255,173,255,192,0,80,132,1,0,0,0,0,0,0,0
22.637363,22.610031,96,255,173,255,191,0,80,132,1,0,0,0,0,0,0,0
22.692308,22.674238,87,255,173,255,191,0,84,130,1,0,0,0,0,0,0,0
22.692308,22.683626,87,255,173,255,192,1,84,222,1,0,0,0,0,0,0,0
22.747253,22.721039,87,255,173,255,192,1,84,222,1,0,0,0,0,0,0,0
22.802198,22.785250,84,255,173,255,192,1,84,222,1,0,0,0,0,0,0,0
22.802198,22.794533,84,255,173,255,191,1,79,224,129,0,0,0,0,0,0,0
22.857143,22.832764,84,255,173,255,191,1,79,224,129,0,0,0,0,0,0,0
22.912088,22.896818,97,255,173,255,191,1,79,224,129,0,0,0,0,0,0,0
22.967033,22.933874,95,255,174,255,192,1,63,216,129,0,0,0,0,0,0,0
22.967033,22.943001,95,255,174,255,192,1,63,216,129,0,0,0,0,0,0,0
23.021978,23.007122,93,255,173,255,192,0,63,216,129,0,0,0,0,0,0,0
23.076923,23.043911,95,255,174,255,192,0,59,135,129,0,0,0,0,0,0,0
23.076923,23.053703,95,255,174,255,192,0,55,216,129,0,0,0,0,0,0,0
23.131868,23.118530,92,255,174,255,192,0,55,216,129,0,0,0,0,0,0,0
23.186813,23.155327,93,255,174,255,191,0,56,132,1,0,0,0,0,0,0,0
23.186813,23.165939,93,255,174,255,191,0,64,216,1,0,0,0,0,0,0,0
23.241758,23.230919,93,255,174,255,191,0,64,216,1,0,0,0,0,0,0,0
23.296703,23.267975,93,255,174,255,191,0,64,147,1,0,0,0,0,0,0,0
23.296703,23.277870,107,255,175,255,192,0,72,208,1,0,0,0,0,0,0,0
23.351648,23.342745,130,255,174,255,191,0,80,142,1,0,0,0,0,0,0,0
23.406593,23.380671,91,255,174,255,191,0,80,142,129,0,0,0,0,0,0,0
23.406593,23.390671,107,255,174,255,192,0,84,147,129,0,0,0,0,0,0,0
23.461538,23.427496,131,255,175,255,191,0,84,209,129,0,0,0,0,0,0,0
23.516483,23.492393,131,255,175,255,191,0,84,142,129,0,0,0,0,0,0,0
23.516483,23.502399,127,255,175,255,191,0,84,142,129,0,0,0,0,0,0,0
23.571428,23.539042,127,255,175,255,193,0,79,197,129,0,0,0,0,0,0,0
23.626373,23.603968,89,255,175,255,193,0,79,197,129,0,0,0,0,0,0,0
23.626373,23.613150,89,255,175,255,189,1,63,173,1,0,0,0,0,0,0,0
23.681318,23.650612,127,255,175,255,193,1,63,198,1,0,0,0,0,0,0,0
23.736263,23.714668,127,255,175,255,193,1,63,198,1,0,0,0,0,0,0,0
23.736263,23.724106,89,255,175,255,190,1,55,159,1,0,0,0,0,0,0,0
23.791208,23.760754,89,255,175,255,190,1,55,159,1,0,0,0,0,0,0,0
23.846153,23.824808,128,255,175,255,191,1,55,159,1,0,0,0,0,0,0,0
23.846153,23.834911,128,255,175,255,191,1,64,140,1,0,0,0,0,0,0,0
23.901098,23.872271,128,255,175,255,191,1,64,140,1,0,0,0,0,0,0,0
23.956043,23.936375,129,255,175,255,191,1,64,140,1,0,0,0,0,0,0,0
23.956043,23.945662,90,255,175,255,191,0,80,141,129,0,0,0,0,0,0,0
24.010988,23.982920,90,255,175,255,191,0,80,141,129,0,0,0,0,0,0,0
24.065933,24.047132,90,255,175,255,191,0,80,141,129,0,0,0,0,0,0,0
24.065933,24.056723,121,255,175,255,191,0,80,141,129,0,0,0,0,0,0,0
24.120878,24.093367,89,255,175,255,191,0,80,141,129,0,0,0,0,0,0,0
24.175825,24.157423,127,255,175,255,191,0,80,141,129,0,0,0,0,0,0,0
24.175825,24.166759,124,255,176,255,191,0,80,141,129,0,0,0,0,0,0,0
24.230770,24.203352,124,255,176,255,191,0,59,139,1,0,0,0,0,0,0,0
24.285715,24.268072,124,255,176,255,191,0,59,139,1,0,0,0,0,0,0,0
24.285715,24.277510,119,255,176,255,191,0,59,139,1,0,0,0,0,0,0,0
24.340660,24.314259,119,255,176,255,191,0,59,139,1,0,0,0,0,0,0,0
24.395605,24.379034,143,255,176,255,191,0,59,139,1,0,0,0,0,0,0,0
24.450550,24.415936,143,255,176,255,191,0,59,139,1,0,0,0,0,0,0,0
24.450550,24.425098,143,255,176,255,191,0,59,139,1,0,0,0,0,0,0,0
24.505495,24.489065,88,255,176,255,191,0,59,139,1,0,0,0,0,0,0,0
24.560440,24.525871,88,255,176,255,191,0,59,139,1,0,0,0,0,0,0,0
24.560440,24.535147,88,255,176,255,191,0,59,139,1,0,0,0,0,0,0,0
24.615385,24.599258,89,255,176,255,191,0,59,139,1,0,0,0,0,0,0,0
24.670330,24.636209,89,255,176,255,191,0,59,139,1,0,0,0,0,0,0,0
24.670330,24.645342,116,255,177,255,191,0,59,139,1,0,0,0,0,0,0,0
24.725275,24.709396,87,255,177,255,191,0,59,139,1,0,0,0,0,0,0,0
24.780220,24.746298,87,255,177,255,191,0,59,139,1,0,0,0,0,0,0,0
24.780220,24.755783,87,255,177,255,191,0,59,139,1,0,0,0,0,0,0,0
24.835165,24.819895,118,255,177,255,191,0,80,136,1,0,0,0,0,0,0,0
24.890110,24.856590,88,255,177,255,191,0,80,136,1,0,0,0,0,0,0,0
24.890110,24.865973,88,255,177,255,191,0,80,136,1,0,0,0,0,0,0,0
24.945055,24.930134,88,255,177,255,191,0,80,136,1,0,0,0,0,0,0,0
25.000000,24.966982,86,255,178,255,187,0,80,136,1,0,0,0,0,0,0,0
25.000000,24.976112,86,255,178,255,187,2,63,228,1,0,0,0,0,0,0,0
25.054945,25.043240,107,255,178,255,187,2,63,228,1,0,0,0,0,0,0,0
25.109890,25.082342,85,255,177,255,187,2,63,228,1,0,0,0,0,0,0,0
25.109890,25.093725,85,255,177,255,187,1,52,227,129,0,0,0,0,0,0,0
25.164835,25.133287,108,255,177,255,187,1,52,227,129,0,0,0,0,0,0,0
25.219780,25.199493,85,255,177,255,187,1,52,227,129,0,0,0,0,0,0,0
25.274725,25.211283,85,255,178,255,189,1,76,230,129,0,0,0,0,0,0,0
25.274725,25.250229,104,255,178,255,189,1,76,230,129,0,0,0,0,0,0,0
25.329670,25.316538,104,255,178,255,189,1,76,230,129,0,0,0,0,0,0,0
25.384615,25.355539,84,255,178,255,189,1,76,230,129,0,0,0,0,0,0,0
25.384615,25.367584,84,255,178,255,189,1,76,230,129,0,0,0,0,0,0,0
25.439560,25.406534,98,255,178,255,189,1,76,230,129,0,0,0,0,0,0,0
25.494505,25.472790,83,255,179,255,191,1,51,226,1,0,0,0,0,0,0,0
25.494505,25.482944,83,255,179,255,191,1,51,226,1,0,0,0,0,0,0,0
25.549450,25.519688,99,255,179,255,191,0,68,226,1,0,0,0,0,0,0,0
25.604395,25.583746,83,255,179,255,191,0,68,130,129,0,0,0,0,0,0,0
25.604395,25.594513,83,255,179,255,191,0,68,130,129,0,0,0,0,0,0,0
25.659340,25.631157,102,255,179,255,191,0,68,130,129,0,0,0,0,0,0,0
25.714285,25.695267,84,255,179,255,191,0,79,130,129,0,0,0,0,0,0,0
25.714285,25.704655,84,255,179,255,191,0,79,130,129,0,0,0,0,0,0,0
25.769230,25.741299,84,255,179,255,191,0,79,130,129,0,0,0,0,0,0,0
25.824175,25.805302,84,255,179,255,191,0,79,130,129,0,0,0,0,0,0,0
25.824175,25.814739,83,255,179,255,191,0,79,130,129,0,0,0,0,0,0,0
25.879122,25.851383,83,255,179,255,191,0,79,130,129,0,0,0,0,0,0,0
25.934067,25.915541,100,255,179,255,191,0,72,130,129,0,0,0,0,0,0,0
25.934067,25.924982,84,255,179,255,191,1,72,129,1,0,0,0,0,0,0,0
25.989012,25.962547,84,255,179,255,191,1,78,224,1,0,0,0,0,0,0,0
26.043957,26.027269,96,255,179,255,191,1,78,224,1,0,0,0,0,0,0,0
26.098902,26.064272,93,255,180,255,191,1,78,224,1,0,0,0,0,0,0,0
26.098902,26.073399,93,255,180,255,193,0,59,214,129,0,0,0,0,0,0,0
26.153847,26.138172,92,255,180,255,193,0,59,214,129,0,0,0,0,0,0,0
26.208792,26.175022,92,255,180,255,191,0,50,147,129,0,0,0,0,0,0,0
26.208792,26.184919,107,255,180,255,193,1,64,208,129,0,0,0,0,0,0,0
26.263737,26.250053,130,255,180,255,193,1,64,208,129,0,0,0,0,0,0,0
26.318682,26.286854,130,255,180,255,193,1,64,208,129,0,0,0,0,0,0,0
26.318682,26.295980,99,255,181,255,192,1,79,208,129,0,0,0,0,0,0,0
26.373627,26.360140,99,255,181,255,192,1,79,210,129,0,0,0,0,0,0,0
26.428572,26.396994,91,255,181,255,192,1,79,210,129,0,0,0,0,0,0,0
26.428572,26.406172,93,255,181,255,192,1,79,210,129,0,0,0,0,0,0,0
26.483517,26.470331,93,255,181,255,192,1,79,210,129,0,0,0,0,0,0,0
26.538462,26.507181,92,255,181,255,192,1,79,210,129,0,0,0,0,0,0,0
26.538462,26.516361,92,255,181,255,191,0,68,139,1,0,0,0,0,0,0,0
26.593407,26.581902,101,255,181,255,192,1,74,209,1,0,0,0,0,0,0,0
26.648352,26.619724,132,255,181,255,191,1,75,142,1,0,0,0,0,0,0,0
26.648352,26.631773,91,255,181,255,191,0,63,135,129,0,0,0,0,0,0,0
26.703297,26.669235,95,255,181,255,192,1,55,213,129,0,0,0,0,0,0,0
26.758242,26.734011,95,255,181,255,192,1,55,213,129,0,0,0,0,0,0,0
26.758242,26.743038,92,255,181,255,191,0,55,213,129,0,0,0,0,0,0,0
26.813187,26.779680,109,255,182,255,192,0,64,151,129,0,0,0,0,0,0,0
26.868132,26.844452,109,255,182,255,192,0,72,205,129,0,0,0,0,0,0,0
26.868132,26.854971,90,255,181,255,192,0,72,205,129,0,0,0,0,0,0,0
26.923077,26.892479,119,255,181,255,190,1,77,159,129,0,0,0,0,0,0,0
26.978022,26.956551,126,255,182,255,192,1,63,200,1,0,0,0,0,0,0,0
26.978022,26.966640,126,255,182,255,191,0,55,139,1,0,0,0,0,0,0,0
27.032967,27.004101,89,255,182,255,187,1,50,203,1,0,0,0,0,0,0,0
27.087912,27.068926,89,255,182,255,187,1,50,203,1,0,0,0,0,0,0,0
27.087912,27.078262,89,255,182,255,187,1,50,203,1,0,0,0,0,0,0,0
27.142857,27.114956,87,255,182,255,188,1,75,203,1,0,0,0,0,0,0,0
27.197802,27.179062,127,255,182,255,193,0,75,175,1,0,0,0,0,0,0,0
27.197802,27.188452,127,255,182,255,193,0,63,197,129,0,0,0,0,0,0,0
27.252747,27.225864,127,255,182,255,193,0,63,197,129,0,0,0,0,0,0,0
27.307692,27.289867,119,255,183,255,193,0,63,197,129,0,0,0,0,0,0,0
27.362637,27.326956,126,255,183,255,193,1,64,200,129,0,0,0,0,0,0,0
27.362637,27.336000,89,255,183,255,191,0,68,139,129,0,0,0,0,0,0,0
27.417582,27.400826,89,255,182,255,191,0,74,139,129,0,0,0,0,0,0,0
27.472527,27.437983,99,255,183,255,191,0,74,139,129,0,0,0,0,0,0,0
27.472527,27.447062,99,255,183,255,191,0,74,139,129,0,0,0,0,0,0,0
27.527473,27.511169,90,255,183,255,191,0,51,131,129,0,0,0,0,0,0,0
27.582418,27.548122,91,255,183,255,191,1,51,131,1,0,0,0,0,0,0,0
27.582418,27.557917,91,255,183,255,191,1,50,214,1,0,0,0,0,0,0,0
27.637363,27.622843,92,255,183,255,191,1,50,214,1,0,0,0,0,0,0,0
27.692308,27.659796,103,255,183,255,191,0,74,141,1,0,0,0,0,0,0,0
27.692308,27.669640,103,255,183,255,192,1,71,208,1,0,0,0,0,0,0,0
27.747253,27.734722,90,255,183,255,192,1,71,208,1,0,0,0,0,0,0,0
27.802198,27.771826,110,255,183,255,191,0,47,151,129,0,0,0,0,0,0,0
27.802198,27.782288,110,255,183,255,193,1,64,205,129,0,0,0,0,0,0,0
27.857143,27.847162,128,255,183,255,193,1,64,205,129,0,0,0,0,0,0,0
27.912088,27.884066,90,255,183,255,189,1,74,167,129,0,0,0,0,0,0,0
27.912088,27.893143,123,255,184,255,193,1,63,197,129,0,0,0,0,0,0,0
27.967033,27.957558,124,255,184,255,193,1,63,197,129,0,0,0,0,0,0,0
28.021978,27.994816,88,255,184,255,193,1,63,197,129,0,0,0,0,0,0,0
28.021978,28.004047,88,255,184,255,193,1,63,197,129,0,0,0,0,0,0,0
28.076923,28.041279,88,255,184,255,193,1,63,197,129,0,0,0,0,0,0,0
28.131868,28.105412,87,255,184,255,193,1,63,197,129,0,0,0,0,0,0,0
28.131868,28.114645,87,255,184,255,193,1,63,197,129,0,0,0,0,0,0,0
28.186813,28.151499,87,255,184,255,193,1,63,197,129,0,0,0,0,0,0,0
28.241758,28.215656,124,255,184,255,193,1,63,197,129,0,0,0,0,0,0,0
28.241758,28.224888,88,255,184,255,188,1,50,183,1,0,0,0,0,0,0,0
28.296703,28.262457,88,255,184,255,188,1,50,183,1,0,0,0,0,0,0,0
28.351648,28.326920,121,255,184,255,188,1,50,183,1,0,0,0,0,0,0,0
28.351648,28.336100,88,255,185,255,189,0,50,183,1,0,0,0,0,0,0,0
28.406593,28.372902,123,255,185,255,189,0,63,167,129,0,0,0,0,0,0,0
28.461538,28.438646,123,255,185,255,189,0,63,167,129,0,0,0,0,0,0,0
28.461538,28.447927,88,255,185,255,189,0,63,167,129,0,0,0,0,0,0,0
28.516483,28.484730,127,255,185,255,188,1,64,175,129,0,0,0,0,0,0,0
28.571428,28.549307,122,255,185,255,188,1,64,175,129,0,0,0,0,0,0,0
28.571428,28.558578,122,255,185,255,191,0,63,137,1,0,0,0,0,0,0,0
28.626373,28.596811,88,255,185,255,190,1,51,159,1,0,0,0,0,0,0,0
28.681318,28.662043,88,255,185,255,190,1,51,159,1,0,0,0,0,0,0,0
28.681318,28.671328,88,255,185,255,190,1,51,159,1,0,0,0,0,0,0,0
28.736263,28.708229,89,255,185,255,190,1,51,159,1,0,0,0,0,0,0,0
28.791208,28.772644,127,255,185,255,190,1,51,159,1,0,0,0,0,0,0,0
28.791208,28.781929,122,255,186,255,191,1,51,159,1,0,0,0,0,0,0,0
28.846153,28.818829,122,255,186,255,191,0,55,137,1,0,0,0,0,0,0,0
28.901098,28.884010,141,255,186,255,191,0,55,137,1,0,0,0,0,0,0,0
28.956043,28.920788,141,255,186,255,192,1,64,188,129,0,0,0,0,0,0,0
28.956043,28.931681,87,255,186,255,192,1,64,188,129,0,0,0,0,0,0,0
29.010988,28.996250,87,255,186,255,187,1,63,188,129,0,0,0,0,0,0,0
29.065933,29.032995,87,255,186,255,187,1,63,188,129,0,0,0,0,0,0,0
29.065933,29.042280,116,255,186,255,191,0,48,134,129,0,0,0,0,0,0,0
29.120878,29.107924,86,255,186,255,191,0,48,134,129,0,0,0,0,0,0,0
29.175825,29.144720,86,255,186,255,191,0,48,134,129,0,0,0,0,0,0,0
29.175825,29.154055,110,255,187,255,191,0,48,134,129,0,0,0,0,0,0,0
29.230770,29.218313,85,255,187,255,186,0,63,132,1,0,0,0,0,0,0,0
29.285715,29.255833,147,255,187,255,186,1,52,226,1,0,0,0,0,0,0,0
29.285715,29.265884,108,255,187,255,193,0,64,172,1,0,0,0,0,0,0,0
29.340660,29.330242,84,255,187,255,191,0,68,172,1,0,0,0,0,0,0,0
29.395605,29.367508,84,255,187,255,186,1,63,227,1,0,0,0,0,0,0,0
29.395605,29.376787,84,255,187,255,186,1,63,227,1,0,0,0,0,0,0,0
29.450550,29.441097,106,255,186,255,191,0,63,227,1,0,0,0,0,0,0,0
29.505495,29.478205,84,255,187,255,188,1,64,228,129,0,0,0,0,0,0,0
29.505495,29.488256,84,255,187,255,188,1,64,228,129,0,0,0,0,0,0,0
29.560440,29.525106,104,255,187,255,192,0,64,228,129,0,0,0,0,0,0,0
29.615385,29.589571,83,255,188,255,187,1,64,228,129,0,0,0,0,0,0,0
29.615385,29.598909,83,255,188,255,187,1,64,228,129,0,0,0,0,0,0,0
29.670330,29.635757,109,255,188,255,187,1,64,228,129,0,0,0,0,0,0,0
29.725275,29.700222,84,255,188,255,187,1,64,228,129,0,0,0,0,0,0,0
29.725275,29.709608,84,255,188,255,187,1,64,228,129,0,0,0,0,0,0,0
29.780220,29.746508,84,255,188,255,187,1,64,228,129,0,0,0,0,0,0,0
29.835165,29.811026,84,255,188,255,187,1,64,228,129,0,0,0,0,0,0,0
29.835165,29.820414,84,255,188,255,187,1,64,228,129,0,0,0,0,0,0,0
29.890110,29.857262,84,255,188,255,187,1,64,228,129,0,0,0,0,0,0,0
29.945055,29.921831,84,255,188,255,187,1,64,228,129,0,0,0,0,0,0,0
29.945055,29.931931,87,255,189,255,192,1,64,228,129,0,0,0,0,0,0,0
30.000000,29.968733,87,255,189,255,192,1,49,216,129,0,0,0,0,0,0,0
30.054945,30.033092,92,255,189,255,192,1,49,216,129,0,0,0,0,0,0,0
30.054945,30.042324,89,255,189,255,191,0,63,129,129,0,0,0,0,0,0,0
30.109890,30.080099,89,255,189,255,193,0,55,216,129,0,0,0,0,0,0,0
30.164835,30.145330,92,255,189,255,193,0,55,216,129,0,0,0,0,0,0,0
30.164835,30.154667,92,255,189,255,191,0,64,126,129,0,0,0,0,0,0,0
30.219780,30.192333,82,255,189,255,191,1,63,222,1,0,0,0,0,0,0,0
30.274725,30.258284,82,255,189,255,191,1,63,222,1,0,0,0,0,0,0,0
30.329670,30.294981,96,255,189,255,191,0,49,127,1,0,0,0,0,0,0,0
30.329670,30.305132,84,255,189,255,191,1,64,127,1,0,0,0,0,0,0,0
30.384615,30.369753,84,255,189,255,191,1,64,219,1,0,0,0,0,0,0,0
30.439560,30.407322,93,255,190,255,191,0,64,219,1,0,0,0,0,0,0,0
30.439560,30.417311,89,255,189,255,191,0,55,127,1,0,0,0,0,0,0,0
30.494505,30.482552,89,255,189,255,192,1,48,214,1,0,0,0,0,0,0,0
30.549450,30.520067,89,255,189,255,192,1,48,214,1,0,0,0,0,0,0,0
30.549450,30.529453,94,255,189,255,192,1,48,214,1,0,0,0,0,0,0,0
30.604395,30.593769,94,255,190,255,192,0,55,212,129,0,0,0,0,0,0,0
30.659340,30.631483,94,255,190,255,192,0,55,212,129,0,0,0,0,0,0,0
30.659340,30.640768,91,255,190,255,191,0,64,139,129,0,0,0,0,0,0,0
30.714285,30.678339,101,255,190,255,192,1,68,208,129,0,0,0,0,0,0,0
30.769230,30.743521,101,255,190,255,192,1,68,208,129,0,0,0,0,0,0,0
30.769230,30.752750,90,255,191,255,191,0,68,208,129,0,0,0,0,0,0,0
30.824175,30.789600,107,255,191,255,192,1,68,208,129,0,0,0,0,0,0,0
30.879122,30.854015,107,255,191,255,192,1,64,204,1,0,0,0,0,0,0,0
30.879122,30.864012,89,255,191,255,192,1,64,204,1,0,0,0,0,0,0,0
30.934067,30.900965,111,255,191,255,190,0,64,204,1,0,0,0,0,0,0,0
30.989012,30.965382,111,255,191,255,190,0,64,204,1,0,0,0,0,0,0,0
30.989012,30.974920,89,255,191,255,190,0,64,204,1,0,0,0,0,0,0,0
31.043957,31.011824,89,255,191,255,189,0,63,159,129,0,0,0,0,0,0,0
31.098902,31.077105,89,255,191,255,189,0,63,159,129,0,0,0,0,0,0,0
31.098902,31.086390,124,255,192,255,191,0,56,137,129,0,0,0,0,0,0,0
31.153847,31.123907,88,255,191,255,189,1,68,167,129,0,0,0,0,0,0,0
31.208792,31.189190,123,255,192,255,192,0,63,167,129,0,0,0,0,0,0,0
31.208792,31.198421,124,255,192,255,191,0,63,196,129,0,0,0,0,0,0,0
31.263737,31.235323,88,255,191,255,188,0,63,196,129,0,0,0,0,0,0,0
31.318682,31.299686,127,255,191,255,188,1,64,179,129,0,0,0,0,0,0,0
31.373627,31.336548,120,255,191,255,188,1,64,179,129,0,0,0,0,0,0,0
31.373627,31.345974,87,255,191,255,188,1,64,179,129,0,0,0,0,0,0,0
31.428572,31.410543,87,255,192,255,187,1,52,191,1,0,0,0,0,0,0,0
31.483517,31.447954,135,255,192,255,192,0,68,192,1,0,0,0,0,0,0,0
31.483517,31.457850,135,255,192,255,192,0,68,192,1,0,0,0,0,0,0,0
31.538462,31.522213,86,255,192,255,192,0,68,192,1,0,0,0,0,0,0,0
31.593407,31.559015,86,255,192,255,192,0,68,192,1,0,0,0,0,0,0,0
31.593407,31.568296,106,255,192,255,192,0,68,192,1,0,0,0,0,0,0,0
31.648352,31.632915,84,255,193,255,187,0,68,192,1,0,0,0,0,0,0,0
31.703297,31.669561,84,255,193,255,187,1,59,226,129,0,0,0,0,0,0,0
31.703297,31.679689,84,255,193,255,187,1,59,226,129,0,0,0,0,0,0,0
31.758242,31.744488,84,255,193,255,187,1,59,226,129,0,0,0,0,0,0,0
31.813187,31.781237,147,255,193,255,187,1,59,226,129,0,0,0,0,0,0,0
31.813187,31.790468,147,255,194,255,193,1,53,168,129,0,0,0,0,0,0,0
31.868132,31.854673,105,255,194,255,191,0,64,130,1,0,0,0,0,0,0,0
31.923077,31.892857,83,255,194,255,187,1,68,226,1,0,0,0,0,0,0,0
31.923077,31.903009,146,255,194,255,192,0,68,226,1,0,0,0,0,0,0,0
31.978022,31.967274,104,255,194,255,192,0,68,226,1,0,0,0,0,0,0,0
32.032967,32.005146,83,255,194,255,192,0,68,226,1,0,0,0,0,0,0,0
32.032967,32.014633,83,255,194,255,192,0,68,226,1,0,0,0,0,0,0,0
32.087914,32.051533,102,255,194,255,192,0,68,226,1,0,0,0,0,0,0,0
32.142857,32.115948,82,255,194,255,192,0,68,226,1,0,0,0,0,0,0,0
32.142857,32.125336,144,255,194,255,192,0,68,226,1,0,0,0,0,0,0,0
32.197803,32.162235,100,255,194,255,192,0,68,226,1,0,0,0,0,0,0,0
32.252747,32.226807,100,255,195,255,191,0,55,128,129,0,0,0,0,0,0,0
32.252747,32.237572,82,255,195,255,191,0,55,128,129,0,0,0,0,0,0,0
32.307693,32.274315,82,255,195,255,191,0,55,128,129,0,0,0,0,0,0,0
32.362637,32.338913,100,255,195,255,191,0,55,128,129,0,0,0,0,0,0,0
32.362637,32.348221,82,255,195,255,191,0,55,128,129,0,0,0,0,0,0,0
32.417583,32.385021,82,255,195,255,191,0,55,128,129,0,0,0,0,0,0,0
32.472527,32.449436,98,255,195,255,191,0,55,128,129,0,0,0,0,0,0,0
32.472527,32.458668,82,255,196,255,191,0,55,128,129,0,0,0,0,0,0,0
32.527473,32.495514,82,255,196,255,191,0,55,224,1,0,0,0,0,0,0,0
32.582417,32.561928,82,255,196,255,191,0,55,224,1,0,0,0,0,0,0,0
32.582417,32.571159,82,255,196,255,191,0,55,224,1,0,0,0,0,0,0,0
32.637363,32.607956,82,255,196,255,191,0,55,224,1,0,0,0,0,0,0,0
32.692307,32.674522,141,255,196,255,191,0,55,224,1,0,0,0,0,0,0,0
32.747253,32.713470,96,255,196,255,191,0,64,126,129,0,0,0,0,0,0,0
32.747253,32.724190,82,255,196,255,191,0,64,126,129,0,0,0,0,0,0,0
32.802197,32.788399,82,255,196,255,191,0,64,126,129,0,0,0,0,0,0,0
32.857143,32.825146,94,255,196,255,191,0,64,126,129,0,0,0,0,0,0,0
32.857143,32.834530,99,255,196,255,191,0,64,126,129,0,0,0,0,0,0,0
32.912086,32.898842,99,255,196,255,191,0,64,126,129,0,0,0,0,0,0,0
32.967033,32.935490,90,255,197,255,191,0,64,126,129,0,0,0,0,0,0,0
32.967033,32.944717,95,255,197,255,191,0,64,135,1,0,0,0,0,0,0,0
33.021976,33.010468,95,255,197,255,191,0,64,135,1,0,0,0,0,0,0,0
33.076923,33.047520,90,255,197,255,191,0,64,135,1,0,0,0,0,0,0,0
33.076923,33.056755,90,255,197,255,191,0,52,141,1,0,0,0,0,0,0,0
33.131866,33.121014,103,255,197,255,193,0,68,205,1,0,0,0,0,0,0,0
33.186813,33.158993,103,255,197,255,193,0,68,205,1,0,0,0,0,0,0,0
33.186813,33.168427,89,255,197,255,191,0,68,205,1,0,0,0,0,0,0,0
33.241756,33.205223,103,255,197,255,191,0,68,205,1,0,0,0,0,0,0,0
33.296703,33.269791,103,255,197,255,191,0,68,205,1,0,0,0,0,0,0,0
33.296703,33.279026,89,255,197,255,191,0,68,205,1,0,0,0,0,0,0,0
33.351650,33.315823,107,255,198,255,191,0,68,205,1,0,0,0,0,0,0,0
33.406593,33.380238,107,255,198,255,192,1,64,204,129,0,0,0,0,0,0,0
33.406593,33.390545,89,255,198,255,192,1,64,204,129,0,0,0,0,0,0,0
33.461540,33.427341,89,255,198,255,192,1,64,204,129,0,0,0,0,0,0,0
33.516483,33.491756,107,255,198,255,192,0,64,204,129,0,0,0,0,0,0,0
33.516483,33.501907,107,255,198,255,192,0,64,204,129,0,0,0,0,0,0,0
33.571430,33.538658,89,255,198,255,192,0,64,204,129,0,0,0,0,0,0,0
33.626373,33.603077,89,255,198,255,192,0,64,204,129,0,0,0,0,0,0,0
33.626373,33.612358,116,255,199,255,192,0,64,204,129,0,0,0,0,0,0,0
33.681320,33.649105,86,255,199,255,187,0,63,134,1,0,0,0,0,0,0,0
33.736263,33.715004,86,255,199,255,187,1,51,191,1,0,0,0,0,0,0,0
33.736263,33.724953,116,255,199,255,187,1,51,191,1,0,0,0,0,0,0,0
33.791210,33.761906,86,255,199,255,192,0,63,134,129,0,0,0,0,0,0,0
33.846153,33.827702,86,255,199,255,187,2,51,222,129,0,0,0,0,0,0,0
33.901100,33.865162,86,255,199,255,187,2,51,222,129,0,0,0,0,0,0,0
33.901100,33.876934,86,255,199,255,187,2,51,222,129,0,0,0,0,0,0,0
33.956043,33.941162,84,255,200,255,191,1,51,222,129,0,0,0,0,0,0,0
34.010990,33.977863,84,255,200,255,191,1,51,222,129,0,0,0,0,0,0,0
34.010990,33.987217,96,255,200,255,191,1,51,222,129,0,0,0,0,0,0,0
34.065933,34.051609,82,255,200,255,190,1,49,222,129,0,0,0,0,0,0,0
34.120880,34.088360,82,255,200,255,190,1,49,224,1,0,0,0,0,0,0,0
34.120880,34.098564,98,255,200,255,190,1,49,224,1,0,0,0,0,0,0,0
34.175823,34.162773,81,255,201,255,190,1,49,224,1,0,0,0,0,0,0,0
34.230770,34.199677,81,255,201,255,190,1,49,224,1,0,0,0,0,0,0,0
34.230770,34.209316,98,255,201,255,190,1,49,224,1,0,0,0,0,0,0,0
34.285713,34.273785,81,255,201,255,191,0,59,127,1,0,0,0,0,0,0,0
34.340660,34.311653,81,255,201,255,189,1,52,225,1,0,0,0,0,0,0,0
34.340660,34.321754,144,255,201,255,189,1,52,225,1,0,0,0,0,0,0,0
34.395603,34.358559,99,255,201,255,189,1,52,225,1,0,0,0,0,0,0,0
34.450550,34.423019,87,255,201,255,189,1,52,225,1,0,0,0,0,0,0,0
34.450550,34.432308,87,255,201,255,189,1,52,225,1,0,0,0,0,0,0,0
34.505493,34.469154,87,255,201,255,189,1,52,225,1,0,0,0,0,0,0,0
34.560440,34.534286,85,255,202,255,191,1,52,225,1,0,0,0,0,0,0,0
34.560440,34.543671,85,255,202,255,191,1,56,216,129,0,0,0,0,0,0,0
34.615383,34.581188,92,255,202,255,191,1,56,216,129,0,0,0,0,0,0,0
34.670330,34.645695,107,255,202,255,191,1,56,216,129,0,0,0,0,0,0,0
34.670330,34.655041,107,255,202,255,191,1,56,216,129,0,0,0,0,0,0,0
34.725273,34.691994,128,255,202,255,191,1,56,216,129,0,0,0,0,0,0,0
34.780220,34.756508,88,255,203,255,187,1,51,191,1,0,0,0,0,0,0,0
34.780220,34.766869,88,255,203,255,187,1,51,191,1,0,0,0,0,0,0,0
34.835163,34.803665,88,255,203,255,187,1,51,191,1,0,0,0,0,0,0,0
34.890110,34.868233,86,255,203,255,187,1,50,191,1,0,0,0,0,0,0,0
34.890110,34.877563,86,255,203,255,187,1,50,187,129,0,0,0,0,0,0,0
34.945053,34.915081,86,255,203,255,187,1,50,187,129,0,0,0,0,0,0,0
35.000000,34.979500,86,255,203,255,187,1,50,187,129,0,0,0,0,0,0,0
35.000000,34.988781,146,255,203,255,187,1,50,187,129,0,0,0,0,0,0,0
35.054947,35.026398,146,255,204,255,192,1,63,177,129,0,0,0,0,0,0,0
35.109890,35.090916,146,255,204,255,192,1,63,177,129,0,0,0,0,0,0,0
35.164837,35.127666,84,255,204,255,192,1,63,177,129,0,0,0,0,0,0,0
35.164837,35.136936,84,255,204,255,192,1,63,177,129,0,0,0,0,0,0,0
35.219780,35.201260,112,255,204,255,192,1,63,177,129,0,0,0,0,0,0,0
35.274727,35.238007,84,255,204,255,186,1,67,177,129,0,0,0,0,0,0,0
35.274727,35.247238,145,255,205,255,193,1,67,215,1,0,0,0,0,0,0,0
35.329670,35.312317,112,255,205,255,193,1,57,177,1,0,0,0,0,0,0,0
35.384617,35.349117,84,255,205,255,193,1,57,177,1,0,0,0,0,0,0,0
35.384617,35.358345,84,255,205,255,193,1,57,177,1,0,0,0,0,0,0,0
35.439560,35.423069,113,255,205,255,193,1,57,177,1,0,0,0,0,0,0,0
35.494507,35.459869,84,255,205,255,193,1,57,177,1,0,0,0,0,0,0,0
35.494507,35.469257,84,255,205,255,186,1,59,226,129,0,0,0,0,0,0,0
35.549450,35.534435,147,255,205,255,186,1,59,226,129,0,0,0,0,0,0,0
35.604397,35.571236,105,255,205,255,186,1,59,226,129,0,0,0,0,0,0,0
35.604397,35.580727,82,255,205,255,189,1,51,224,129,0,0,0,0,0,0,0
35.659340,35.645088,82,255,205,255,189,1,51,224,129,0,0,0,0,0,0,0
35.714287,35.681786,97,255,206,255,191,1,51,224,129,0,0,0,0,0,0,0
35.714287,35.691116,85,255,206,255,191,0,55,127,1,0,0,0,0,0,0,0
35.769230,35.757015,136,255,206,255,191,1,52,216,1,0,0,0,0,0,0,0
35.824177,35.794739,92,255,206,255,192,0,63,146,1,0,0,0,0,0,0,0
35.824177,35.804737,83,255,206,255,192,0,63,146,1,0,0,0,0,0,0,0
35.879120,35.841537,83,255,206,255,191,0,64,218,1,0,0,0,0,0,0,0
35.934067,35.906975,83,255,206,255,191,0,64,218,1,0,0,0,0,0,0,0
35.934067,35.916203,93,255,206,255,191,0,64,218,1,0,0,0,0,0,0,0
35.989010,35.953007,95,255,207,255,193,1,63,208,129,0,0,0,0,0,0,0
36.043957,36.018185,95,255,207,255,193,1,63,208,129,0,0,0,0,0,0,0
36.043957,36.028236,90,255,207,255,191,0,68,208,129,0,0,0,0,0,0,0
36.098900,36.065037,91,255,207,255,191,0,68,127,129,0,0,0,0,0,0,0
36.153847,36.130222,91,255,207,255,191,0,68,127,129,0,0,0,0,0,0,0
36.153847,36.139606,90,255,207,255,191,0,68,127,129,0,0,0,0,0,0,0
36.208790,36.176456,90,255,207,255,191,0,68,127,129,0,0,0,0,0,0,0
36.263737,36.241074,90,255,207,255,191,0,68,127,129,0,0,0,0,0,0,0
36.263737,36.250305,90,255,207,255,191,0,68,127,129,0,0,0,0,0,0,0
36.318680,36.287052,90,255,207,255,191,0,68,127,129,0,0,0,0,0,0,0
36.373627,36.351471,127,255,208,255,191,0,68,127,129,0,0,0,0,0,0,0
36.373627,36.360851,120,255,208,255,191,0,55,135,129,0,0,0,0,0,0,0
36.428570,36.397755,86,255,208,255,191,0,55,135,1,0,0,0,0,0,0,0
36.483517,36.463142,121,255,208,255,193,0,59,135,1,0,0,0,0,0,0,0
36.538460,36.499996,122,255,209,255,191,0,59,194,1,0,0,0,0,0,0,0
36.538460,36.510246,87,255,209,255,191,0,66,136,129,0,0,0,0,0,0,0
36.593407,36.577019,87,255,209,255,191,0,66,136,129,0,0,0,0,0,0,0
36.648350,36.613815,87,255,209,255,191,0,66,136,129,0,0,0,0,0,0,0
36.648350,36.623360,85,255,209,255,191,0,66,136,129,0,0,0,0,0,0,0
36.703297,36.687565,85,255,209,255,191,0,66,136,129,0,0,0,0,0,0,0
36.758244,36.724262,85,255,209,255,191,0,66,136,129,0,0,0,0,0,0,0
36.758244,36.733616,108,255,209,255,192,0,61,130,129,0,0,0,0,0,0,0
36.813187,36.797806,83,255,210,255,187,1,68,219,1,0,0,0,0,0,0,0
36.868134,36.835934,83,255,210,255,187,1,68,219,1,0,0,0,0,0,0,0
36.868134,36.845268,110,255,210,255,187,1,68,219,1,0,0,0,0,0,0,0
36.923077,36.909477,85,255,210,255,191,1,68,219,1,0,0,0,0,0,0,0
36.978024,36.946281,138,255,210,255,191,1,73,218,1,0,0,0,0,0,0,0
36.978024,36.955715,93,255,210,255,191,0,57,148,1,0,0,0,0,0,0,0
37.032967,37.020695,90,255,210,255,191,0,57,148,1,0,0,0,0,0,0,0
37.087914,37.057747,90,255,210,255,191,0,57,148,1,0,0,0,0,0,0,0
37.087914,37.067387,90,255,210,255,191,0,57,148,1,0,0,0,0,0,0,0
37.142857,37.104340,90,255,210,255,191,0,57,148,1,0,0,0,0,0,0,0
37.197803,37.168957,87,255,211,255,192,0,64,213,129,0,0,0,0,0,0,0
37.197803,37.179779,87,255,211,255,192,0,64,213,129,0,0,0,0,0,0,0
37.252747,37.216732,87,255,211,255,192,0,64,213,129,0,0,0,0,0,0,0
37.307693,37.281506,105,255,211,255,192,0,64,213,129,0,0,0,0,0,0,0
37.307693,37.291042,105,255,211,255,192,0,64,213,129,0,0,0,0,0,0,0
37.362637,37.327892,88,255,211,255,192,0,64,213,129,0,0,0,0,0,0,0
37.417583,37.392467,119,255,211,255,192,0,64,213,129,0,0,0,0,0,0,0
37.417583,37.401844,121,255,211,255,192,0,64,213,129,0,0,0,0,0,0,0
37.472527,37.438747,87,255,211,255,192,0,64,213,129,0,0,0,0,0,0,0
37.527473,37.503319,87,255,212,255,187,1,63,199,1,0,0,0,0,0,0,0
37.527473,37.513367,87,255,212,255,187,1,63,199,1,0,0,0,0,0,0,0
37.582417,37.550316,115,255,212,255,187,1,63,199,1,0,0,0,0,0,0,0
37.637363,37.615246,85,255,213,255,187,1,64,221,1,0,0,0,0,0,0,0
37.637363,37.624630,85,255,213,255,187,1,64,221,129,0,0,0,0,0,0,0
37.692307,37.662403,108,255,213,255,192,0,60,221,129,0,0,0,0,0,0,0
37.747253,37.727127,83,255,213,255,187,1,60,130,129,0,0,0,0,0,0,0
37.802197,37.764790,83,255,213,255,187,1,74,225,129,0,0,0,0,0,0,0
37.802197,37.774944,103,255,213,255,187,1,74,225,129,0,0,0,0,0,0,0
37.857143,37.839767,82,255,213,255,191,0,74,128,129,0,0,0,0,0,0,0
37.912086,37.877335,82,255,213,255,190,1,63,222,129,0,0,0,0,0,0,0
37.912086,37.887489,96,255,213,255,190,1,63,222,129,0,0,0,0,0,0,0
37.967033,37.951851,96,255,214,255,192,0,63,222,129,0,0,0,0,0,0,0
