0.000000,0.000000,80,255,227,255,191,0,76,212,1,0,0,0,0,0,0,0
0.274725,0.248652,115,255,227,255,191,0,76,212,1,0,0,0,0,0,0,0
0.549451,0.524763,83,255,227,255,191,0,76,212,1,0,0,0,0,0,0,0
0.824176,0.800572,81,255,227,255,191,0,76,212,1,0,0,0,0,0,0,0
1.098901,1.076072,82,255,226,255,188,1,82,223,1,0,0,0,0,0,0,0
1.373626,1.351522,80,255,226,255,188,1,82,223,1,0,0,0,0,0,0,0
1.648352,1.627380,106,255,226,255,188,1,82,223,1,0,0,0,0,0,0,0
1.923077,1.903748,80,255,226,255,191,0,75,133,1,0,0,0,0,0,0,0
2.197802,2.180834,83,255,226,255,192,1,77,212,129,0,0,0,0,0,0,0
2.472528,2.456079,80,255,226,255,192,1,77,212,129,0,0,0,0,0,0,0
2.747253,2.731732,80,255,226,255,192,1,77,212,129,0,0,0,0,0,0,0
3.021978,3.007767,112,255,226,255,192,1,77,212,129,0,0,0,0,0,0,0
3.296703,3.283805,84,255,225,255,187,1,67,202,129,0,0,0,0,0,0,0
3.571429,3.559309,120,255,225,255,187,1,67,202,129,0,0,0,0,0,0,0
3.846154,3.835214,87,255,225,255,192,1,68,208,129,0,0,0,0,0,0,0
4.120879,4.110919,85,255,225,255,192,1,68,208,129,0,0,0,0,0,0,0
4.395605,4.370755,87,255,225,255,193,1,64,191,129,0,0,0,0,0,0,0
4.670330,4.656422,80,255,225,255,190,1,74,222,1,0,0,0,0,0,0,0
4.890110,4.887260,79,255,225,255,187,1,73,211,129,0,0,0,0,0,0,0
5.164835,5.145258,84,255,225,255,193,1,63,202,1,0,0,0,0,0,0,0
5.439560,5.418561,81,255,225,255,191,0,66,126,129,0,0,0,0,0,0,0
5.714286,5.697180,87,255,224,255,187,2,71,211,1,0,0,0,0,0,0,0
5.989011,5.966948,82,255,224,255,188,1,71,159,129,0,0,0,0,0,0,0
6.263736,6.253072,85,255,225,255,192,1,64,205,1,0,0,0,0,0,0,0
6.538462,6.510914,81,255,225,255,192,1,64,205,1,0,0,0,0,0,0,0
6.758242,6.741447,81,255,225,255,192,1,64,205,1,0,0,0,0,0,0,0
7.032967,7.005993,107,255,225,255,192,1,64,205,1,0,0,0,0,0,0,0
7.307693,7.281389,84,255,224,255,192,1,64,205,1,0,0,0,0,0,0,0
7.582417,7.558531,82,255,224,255,191,0,66,151,129,0,0,0,0,0,0,0
7.857143,7.835616,115,255,223,255,185,1,68,183,1,0,0,0,0,0,0,0
8.131868,8.111577,81,255,223,255,185,1,68,183,1,0,0,0,0,0,0,0
8.406593,8.388818,104,255,223,255,191,0,64,122,1,0,0,0,0,0,0,0
8.681318,8.666668,82,255,223,255,187,1,68,221,129,0,0,0,0,0,0,0
8.956044,8.930911,85,255,223,255,191,0,61,124,1,0,0,0,0,0,0,0
9.230769,9.218522,127,255,223,255,185,1,67,125,129,0,0,0,0,0,0,0
9.505494,9.476058,96,255,223,255,192,0,67,125,129,0,0,0,0,0,0,0
9.725275,9.707817,105,255,223,255,187,2,58,215,1,0,0,0,0,0,0,0
10.000000,9.979836,81,255,223,255,187,2,58,215,1,0,0,0,0,0,0,0
10.274725,10.255439,89,255,223,255,187,1,67,199,1,0,0,0,0,0,0,0
10.549451,10.531907,96,255,223,255,191,0,66,125,1,0,0,0,0,0,0,0
10.824176,10.807976,80,255,223,255,187,1,64,125,1,0,0,0,0,0,0,0
11.098901,11.084187,83,255,222,255,187,2,55,139,129,0,0,0,0,0,0,0
11.373627,11.359788,81,255,222,255,187,2,64,139,129,0,0,0,0,0,0,0
11.648352,11.632167,86,255,222,255,187,1,56,223,1,0,0,0,0,0,0,0
11.923077,11.917578,80,255,222,255,190,1,63,219,129,0,0,0,0,0,0,0
12.197803,12.176184,109,255,222,255,191,0,63,219,129,0,0,0,0,0,0,0
12.417583,12.407334,82,255,222,255,187,1,64,219,129,0,0,0,0,0,0,0
12.692307,12.671622,112,255,222,255,191,1,58,199,1,0,0,0,0,0,0,0
12.967033,12.948249,82,255,222,255,187,1,67,217,129,0,0,0,0,0,0,0
13.241758,13.226358,84,255,222,255,191,0,63,122,129,0,0,0,0,0,0,0
13.516483,13.502730,81,255,222,255,191,0,67,216,129,0,0,0,0,0,0,0
13.791209,13.767430,84,255,222,255,190,1,67,222,129,0,0,0,0,0,0,0
14.065934,14.054173,90,255,222,255,183,0,64,122,1,0,0,0,0,0,0,0
14.340659,14.312933,82,255,221,255,188,1,63,217,129,0,0,0,0,0,0,0
14.560439,14.543877,101,255,222,255,189,0,64,175,1,0,0,0,0,0,0,0
14.835165,14.814515,89,255,222,255,193,0,64,208,1,0,0,0,0,0,0,0
15.109890,15.082643,80,255,221,255,191,1,58,220,1,0,0,0,0,0,0,0
15.384615,15.368106,80,255,221,255,191,1,58,220,1,0,0,0,0,0,0,0
15.604396,15.598382,84,255,221,255,187,1,58,220,1,0,0,0,0,0,0,0
15.879121,15.857709,85,255,222,255,187,1,72,127,129,0,0,0,0,0,0,0
16.153847,16.125990,91,255,222,255,192,1,52,208,1,0,0,0,0,0,0,0
16.428572,16.401850,87,255,222,255,191,0,64,208,1,0,0,0,0,0,0,0
16.703297,16.677399,80,255,222,255,187,1,59,223,1,0,0,0,0,0,0,0
16.978022,16.968794,81,255,222,255,191,0,72,126,129,0,0,0,0,0,0,0
17.252747,17.228123,106,255,221,255,187,1,68,218,1,0,0,0,0,0,0,0
17.472527,17.459888,83,255,221,255,187,1,65,122,129,0,0,0,0,0,0,0
17.747253,17.718546,84,255,221,255,187,1,68,139,1,0,0,0,0,0,0,0
18.021978,17.990416,84,255,221,255,187,1,68,139,1,0,0,0,0,0,0,0
18.296703,18.266222,95,255,222,255,193,1,61,204,1,0,0,0,0,0,0,0
18.571428,18.543253,96,255,221,255,187,1,63,207,129,0,0,0,0,0,0,0
18.846153,18.818754,84,255,221,255,187,1,63,207,129,0,0,0,0,0,0,0
19.120878,19.109894,98,255,221,255,188,0,69,223,129,0,0,0,0,0,0,0
19.395605,19.368248,80,255,221,255,188,1,59,199,1,0,0,0,0,0,0,0
19.615385,19.600065,84,255,221,255,187,1,63,211,129,0,0,0,0,0,0,0
19.890110,19.859442,83,255,221,255,187,2,57,131,1,0,0,0,0,0,0,0
20.164835,20.132635,79,255,222,255,191,1,63,218,129,0,0,0,0,0,0,0
20.439560,20.431246,127,255,222,255,193,1,71,212,1,0,0,0,0,0,0,0
20.714285,20.689344,117,255,221,255,191,0,68,127,1,0,0,0,0,0,0,0
20.934067,20.921364,88,255,221,255,184,1,72,213,1,0,0,0,0,0,0,0
21.208792,21.179054,90,255,221,255,193,1,64,213,1,0,0,0,0,0,0,0
21.483517,21.471575,80,255,221,255,193,1,64,213,1,0,0,0,0,0,0,0
21.758242,21.747482,79,255,221,255,191,1,71,215,1,0,0,0,0,0,0,0
22.032967,22.023392,82,255,221,255,191,0,64,215,1,0,0,0,0,0,0,0
22.307692,22.297255,101,255,221,255,188,2,71,223,129,0,0,0,0,0,0,0
22.582418,22.555811,80,255,221,255,190,1,74,127,129,0,0,0,0,0,0,0
22.802198,22.787525,83,255,221,255,188,1,72,200,1,0,0,0,0,0,0,0
23.076923,23.045725,82,255,221,255,191,0,74,128,1,0,0,0,0,0,0,0
23.351648,23.334360,87,255,221,255,187,1,69,125,1,0,0,0,0,0,0,0
23.626373,23.611086,84,255,221,255,189,0,72,224,129,0,0,0,0,0,0,0
23.901098,23.871593,80,255,221,255,191,0,74,215,1,0,0,0,0,0,0,0
24.120878,24.103096,87,255,222,255,192,1,64,210,129,0,0,0,0,0,0,0
24.395605,24.361418,97,255,221,255,186,0,64,143,1,0,0,0,0,0,0,0
24.670330,24.649523,81,255,221,255,186,1,74,217,129,0,0,0,0,0,0,0
24.945055,24.924763,87,255,221,255,191,0,63,125,1,0,0,0,0,0,0,0
25.219780,25.200827,80,255,221,255,191,0,63,125,1,0,0,0,0,0,0,0
25.494505,25.477297,80,255,221,255,187,1,76,218,1,0,0,0,0,0,0,0
25.769230,25.749420,101,255,221,255,190,0,63,223,129,0,0,0,0,0,0,0
25.989012,25.979698,80,255,221,255,191,0,64,223,129,0,0,0,0,0,0,0
26.263737,26.238203,105,255,221,255,191,0,64,223,129,0,0,0,0,0,0,0
26.538462,26.524736,81,255,221,255,191,0,68,128,1,0,0,0,0,0,0,0
26.813187,26.786982,81,255,221,255,191,0,68,128,1,0,0,0,0,0,0,0
27.087912,27.063505,80,255,221,255,190,1,56,222,1,0,0,0,0,0,0,0
27.362637,27.339212,105,255,221,255,187,1,66,222,1,0,0,0,0,0,0,0
27.637363,27.615692,80,255,221,255,187,1,66,222,1,0,0,0,0,0,0,0
27.912088,27.891594,84,255,221,255,187,1,66,222,1,0,0,0,0,0,0,0
28.186813,28.167347,82,255,221,255,188,2,77,193,1,0,0,0,0,0,0,0
28.461538,28.443897,80,255,221,255,187,1,59,191,129,0,0,0,0,0,0,0
28.736263,28.709906,124,255,221,255,191,0,64,143,1,0,0,0,0,0,0,0
28.956043,28.941919,82,255,221,255,191,0,72,128,129,0,0,0,0,0,0,0
29.230770,29.203089,85,255,221,255,188,1,71,207,1,0,0,0,0,0,0,0
29.505495,29.489521,82,255,221,255,191,0,77,124,1,0,0,0,0,0,0,0
29.780220,29.750641,87,255,221,255,187,1,64,199,1,0,0,0,0,0,0,0
30.000000,29.982759,101,255,221,255,193,0,77,202,129,0,0,0,0,0,0,0
30.274725,30.240345,90,255,221,255,184,1,74,171,1,0,0,0,0,0,0,0
30.549450,30.516201,95,255,221,255,193,1,75,224,1,0,0,0,0,0,0,0
30.824175,30.791243,80,255,221,255,191,1,75,224,1,0,0,0,0,0,0,0
31.098902,31.067764,86,255,222,255,192,0,72,210,129,0,0,0,0,0,0,0
31.373627,31.343470,97,255,221,255,191,0,72,210,129,0,0,0,0,0,0,0
31.648352,31.635735,80,255,222,255,192,1,75,218,129,0,0,0,0,0,0,0
31.923077,31.893122,82,255,221,255,187,1,63,223,129,0,0,0,0,0,0,0
32.142857,32.124065,94,255,221,255,187,1,69,211,1,0,0,0,0,0,0,0
32.417583,32.382366,85,255,221,255,192,1,69,211,1,0,0,0,0,0,0,0
32.692307,32.655823,80,255,221,255,189,1,72,224,129,0,0,0,0,0,0,0
32.967033,32.933262,81,255,221,255,191,0,64,122,1,0,0,0,0,0,0,0
33.241756,33.226192,100,255,221,255,189,1,76,175,1,0,0,0,0,0,0,0
33.516483,33.486439,79,255,222,255,191,1,61,220,1,0,0,0,0,0,0,0
33.736263,33.717537,104,255,221,255,187,2,63,223,1,0,0,0,0,0,0,0
34.010990,33.977272,80,255,221,255,190,1,64,199,129,0,0,0,0,0,0,0
34.285713,34.246990,84,255,221,255,187,2,72,200,1,0,0,0,0,0,0,0
34.560440,34.544529,81,255,222,255,191,0,72,128,129,0,0,0,0,0,0,0
34.835163,34.804264,85,255,221,255,187,1,79,211,1,0,0,0,0,0,0,0
35.054947,35.034851,82,255,222,255,193,1,64,211,1,0,0,0,0,0,0,0
35.329670,35.293407,86,255,221,255,188,1,63,203,1,0,0,0,0,0,0,0
35.604397,35.585674,84,255,222,255,193,1,80,200,129,0,0,0,0,0,0,0
35.879120,35.863682,88,255,222,255,191,1,76,212,1,0,0,0,0,0,0,0
36.153847,36.134422,84,255,222,255,187,1,79,133,129,0,0,0,0,0,0,0
36.428570,36.393700,80,255,222,255,191,1,77,218,1,0,0,0,0,0,0,0
36.648350,36.624947,87,255,222,255,193,1,62,208,129,0,0,0,0,0,0,0
36.923077,36.884583,117,255,222,255,191,0,79,124,1,0,0,0,0,0,0,0
37.197803,37.177616,88,255,222,255,191,1,72,212,129,0,0,0,0,0,0,0
37.472527,37.437912,107,255,222,255,192,1,64,191,129,0,0,0,0,0,0,0
37.692307,37.672283,83,255,222,255,191,1,81,214,129,0,0,0,0,0,0,0
37.967033,37.930485,99,255,222,255,189,2,81,224,1,0,0,0,0,0,0,0
38.241756,38.215488,80,255,222,255,192,1,75,218,129,0,0,0,0,0,0,0
38.516483,38.477371,82,255,221,255,187,1,75,224,1,0,0,0,0,0,0,0
38.736263,38.709133,112,255,222,255,192,0,75,124,129,0,0,0,0,0,0,0
39.010990,38.994846,104,255,222,255,187,1,66,222,129,0,0,0,0,0,0,0
39.285713,39.259857,80,255,222,255,189,1,72,191,1,0,0,0,0,0,0,0
39.560440,39.537865,114,255,222,255,191,0,72,191,129,0,0,0,0,0,0,0
39.835163,39.807171,84,255,222,255,187,1,84,217,129,0,0,0,0,0,0,0
40.054947,40.039753,118,255,222,255,191,0,72,128,129,0,0,0,0,0,0,0
40.329670,40.300076,85,255,222,255,188,1,75,211,129,0,0,0,0,0,0,0
40.604397,40.586891,121,255,222,255,191,1,63,220,129,0,0,0,0,0,0,0
40.879120,40.850056,86,255,222,255,187,1,63,191,1,0,0,0,0,0,0,0
41.098900,41.081615,94,255,222,255,191,1,64,220,129,0,0,0,0,0,0,0
41.373627,41.340839,89,255,222,255,185,1,80,214,1,0,0,0,0,0,0,0
41.648350,41.632954,83,255,222,255,192,1,82,214,129,0,0,0,0,0,0,0
41.923077,41.905994,100,255,222,255,188,0,81,224,1,0,0,0,0,0,0,0
42.197803,42.164864,80,255,222,255,187,1,79,215,129,0,0,0,0,0,0,0
42.417583,42.397903,82,255,222,255,187,1,75,223,1,0,0,0,0,0,0,0
42.692307,42.656563,80,255,222,255,191,0,69,215,129,0,0,0,0,0,0,0
42.967033,42.947346,102,255,222,255,187,2,63,223,1,0,0,0,0,0,0,0
43.241756,43.223915,80,255,222,255,187,1,71,205,129,0,0,0,0,0,0,0
43.516483,43.494148,104,255,222,255,191,0,78,130,1,0,0,0,0,0,0,0
43.791210,43.754246,80,255,222,255,190,1,64,222,129,0,0,0,0,0,0,0
44.010990,43.985493,104,255,222,255,187,1,67,223,1,0,0,0,0,0,0,0
44.285713,44.243507,82,255,222,255,187,2,67,223,1,0,0,0,0,0,0,0
44.560440,44.536320,112,255,222,255,191,0,71,123,129,0,0,0,0,0,0,0
44.835163,44.805626,83,255,222,255,186,0,71,147,129,0,0,0,0,0,0,0
45.054947,45.038151,86,255,222,255,187,1,67,191,1,0,0,0,0,0,0,0
45.329670,45.296455,102,255,222,255,191,0,75,126,1,0,0,0,0,0,0,0
45.604397,45.581814,119,255,222,255,193,1,64,126,1,0,0,0,0,0,0,0
45.879120,45.847797,86,255,223,255,193,0,65,208,129,0,0,0,0,0,0,0
46.098900,46.078739,100,255,222,255,189,0,83,124,129,0,0,0,0,0,0,0
46.373627,46.336937,112,255,222,255,189,0,83,124,129,0,0,0,0,0,0,0
46.648350,46.622860,95,255,222,255,190,0,82,133,1,0,0,0,0,0,0,0
46.923077,46.885052,80,255,223,255,187,1,79,207,1,0,0,0,0,0,0,0
47.197803,47.160656,80,255,223,255,187,1,79,207,1,0,0,0,0,0,0,0
47.472527,47.436562,84,255,223,255,187,1,78,217,1,0,0,0,0,0,0,0
47.747253,47.708584,81,255,223,255,193,1,71,189,129,0,0,0,0,0,0,0
47.967033,47.941425,85,255,222,255,187,1,76,207,1,0,0,0,0,0,0,0
48.241756,48.200180,84,255,222,255,192,1,77,202,129,0,0,0,0,0,0,0
48.516483,48.487488,83,255,223,255,191,0,64,123,1,0,0,0,0,0,0,0
48.791210,48.751469,83,255,222,255,189,1,72,223,129,0,0,0,0,0,0,0
49.065933,49.025383,88,255,223,255,187,1,64,187,1,0,0,0,0,0,0,0
49.285713,49.256680,83,255,223,255,192,0,72,198,129,0,0,0,0,0,0,0
49.560440,49.542294,88,255,223,255,187,1,64,191,1,0,0,0,0,0,0,0
49.835163,49.801723,96,255,223,255,189,1,64,222,129,0,0,0,0,0,0,0
50.054947,50.034866,81,255,223,255,192,1,66,216,1,0,0,0,0,0,0,0
50.384617,50.310928,107,255,223,255,192,1,72,224,1,0,0,0,0,0,0,0
50.604397,50.580441,82,255,223,255,192,1,75,216,1,0,0,0,0,0,0,0
50.879120,50.841251,100,255,223,255,189,0,76,127,129,0,0,0,0,0,0,0
51.153847,51.127277,95,255,223,255,190,0,80,131,1,0,0,0,0,0,0,0
51.428570,51.387215,80,255,223,255,187,1,78,213,1,0,0,0,0,0,0,0
51.648350,51.621483,101,255,223,255,188,1,75,224,1,0,0,0,0,0,0,0
51.923077,51.879635,101,255,223,255,188,1,75,224,1,0,0,0,0,0,0,0
52.197803,52.165298,102,255,223,255,191,0,75,224,1,0,0,0,0,0,0,0
52.472527,52.430161,80,255,223,255,187,1,67,224,1,0,0,0,0,0,0,0
52.747253,52.706318,86,255,223,255,187,1,69,199,129,0,0,0,0,0,0,0
53.021976,52.983200,83,255,223,255,188,1,66,222,129,0,0,0,0,0,0,0
53.296703,53.258854,80,255,223,255,191,0,66,222,129,0,0,0,0,0,0,0
53.571430,53.537266,105,255,223,255,186,2,66,222,129,0,0,0,0,0,0,0
53.791210,53.771179,80,255,224,255,191,1,72,214,129,0,0,0,0,0,0,0
54.065933,54.030510,87,255,224,255,187,1,65,125,1,0,0,0,0,0,0,0
54.340660,54.317245,83,255,224,255,193,1,72,198,129,0,0,0,0,0,0,0
54.615383,54.577446,87,255,224,255,187,1,69,203,1,0,0,0,0,0,0,0
54.890110,54.851303,86,255,223,255,189,1,64,203,1,0,0,0,0,0,0,0
55.164837,55.127625,117,255,224,255,189,1,64,203,1,0,0,0,0,0,0,0
55.439560,55.403633,85,255,224,255,191,0,64,203,1,0,0,0,0,0,0,0
55.714287,55.679489,96,255,224,255,191,0,64,203,1,0,0,0,0,0,0,0
55.989010,55.956074,119,255,224,255,188,1,63,205,129,0,0,0,0,0,0,0
56.263737,56.231827,86,255,224,255,188,1,63,205,129,0,0,0,0,0,0,0
56.538460,56.491920,96,255,224,255,186,1,79,167,129,0,0,0,0,0,0,0
56.758244,56.723530,89,255,224,255,193,1,63,208,1,0,0,0,0,0,0,0
57.032967,57.010162,101,255,224,255,183,1,79,167,129,0,0,0,0,0,0,0
57.307693,57.268566,79,255,224,255,188,1,79,211,1,0,0,0,0,0,0,0
57.582417,57.542736,95,255,224,255,188,1,75,223,129,0,0,0,0,0,0,0
57.857143,57.818390,80,255,224,255,188,1,75,223,129,0,0,0,0,0,0,0
58.131866,58.094147,85,255,224,255,187,1,79,213,129,0,0,0,0,0,0,0
58.406593,58.370056,81,255,224,255,187,1,79,213,129,0,0,0,0,0,0,0
58.626373,58.605198,81,255,224,255,192,1,77,217,129,0,0,0,0,0,0,0
58.901100,58.863598,81,255,224,255,192,1,77,217,129,0,0,0,0,0,0,0
59.175823,59.149677,80,255,224,255,192,1,77,217,129,0,0,0,0,0,0,0
59.450550,59.407516,84,255,224,255,192,1,77,217,129,0,0,0,0,0,0,0
59.725273,59.678818,81,255,225,255,193,0,77,188,129,0,0,0,0,0,0,0
60.000000,59.956722,84,255,225,255,191,0,65,132,1,0,0,0,0,0,0,0
60.274727,60.232529,80,255,225,255,191,0,65,132,1,0,0,0,0,0,0,0
60.549450,60.508232,84,255,225,255,191,0,65,132,1,0,0,0,0,0,0,0
60.824177,60.784191,82,255,225,255,189,1,79,224,129,0,0,0,0,0,0,0
61.098900,61.062252,80,255,224,255,193,0,71,204,1,0,0,0,0,0,0,0
61.373627,61.337097,82,255,224,255,187,1,71,224,129,0,0,0,0,0,0,0
61.593407,61.568596,80,255,224,255,187,1,69,205,1,0,0,0,0,0,0,0
61.868134,61.826542,82,255,225,255,187,1,64,205,1,0,0,0,0,0,0,0
62.142857,62.111591,115,255,224,255,186,1,68,183,1,0,0,0,0,0,0,0
62.417583,62.372555,85,255,224,255,187,1,77,211,129,0,0,0,0,0,0,0
62.692307,62.648205,85,255,224,255,187,1,77,211,129,0,0,0,0,0,0,0
62.967033,62.924061,88,255,225,255,192,0,78,213,129,0,0,0,0,0,0,0
63.241756,63.200485,85,255,225,255,188,0,72,126,129,0,0,0,0,0,0,0
63.461540,63.434395,103,255,225,255,188,1,67,205,1,0,0,0,0,0,0,0
63.736263,63.692753,84,255,225,255,188,1,67,205,1,0,0,0,0,0,0,0
64.010986,63.979034,104,255,225,255,191,0,66,143,129,0,0,0,0,0,0,0
64.285713,64.238663,83,255,225,255,187,1,80,217,129,0,0,0,0,0,0,0
64.560440,64.511810,82,255,225,255,187,1,80,217,129,0,0,0,0,0,0,0
64.835167,64.787819,107,255,225,255,187,2,82,219,129,0,0,0,0,0,0,0
65.109894,65.063828,127,255,225,255,187,2,82,219,129,0,0,0,0,0,0,0
65.384613,65.341278,86,255,225,255,187,1,75,223,129,0,0,0,0,0,0,0
65.659340,65.618721,100,255,225,255,188,0,79,127,1,0,0,0,0,0,0,0
65.879120,65.854988,81,255,225,255,187,2,72,223,129,0,0,0,0,0,0,0
66.153847,66.113800,81,255,225,255,186,1,72,223,1,0,0,0,0,0,0,0
66.428574,66.399109,96,255,225,255,186,1,72,223,1,0,0,0,0,0,0,0
66.703300,66.656593,81,255,225,255,186,1,72,223,1,0,0,0,0,0,0,0
66.978020,66.928101,82,255,225,255,186,1,72,223,1,0,0,0,0,0,0,0
67.252747,67.203957,98,255,225,255,186,1,72,223,1,0,0,0,0,0,0,0
67.527473,67.479767,91,255,225,255,191,0,72,223,1,0,0,0,0,0,0,0
67.802200,67.755623,108,255,225,255,192,0,79,215,1,0,0,0,0,0,0,0
68.076920,68.032402,83,255,225,255,186,1,73,222,129,0,0,0,0,0,0,0
68.351646,68.309998,84,255,225,255,190,0,67,134,1,0,0,0,0,0,0,0
68.626373,68.587395,104,255,225,255,193,0,72,188,129,0,0,0,0,0,0,0
68.901100,68.865707,81,255,225,255,187,1,74,211,1,0,0,0,0,0,0,0
69.175827,69.141769,100,255,225,255,189,0,74,211,1,0,0,0,0,0,0,0
69.450546,69.417625,82,255,225,255,191,1,84,212,129,0,0,0,0,0,0,0
69.725273,69.675934,81,255,225,255,191,1,84,212,129,0,0,0,0,0,0,0
69.945053,69.906311,87,255,225,255,191,1,84,212,129,0,0,0,0,0,0,0
70.219780,70.192436,86,255,225,255,191,0,83,126,129,0,0,0,0,0,0,0
70.494507,70.452583,79,255,225,255,191,0,83,126,129,0,0,0,0,0,0,0
70.769234,70.726341,81,255,225,255,191,0,83,126,129,0,0,0,0,0,0,0
71.043953,71.002205,98,255,225,255,191,0,83,126,129,0,0,0,0,0,0,0
71.318680,71.279388,91,255,225,255,193,0,75,204,129,0,0,0,0,0,0,0
71.593407,71.557190,85,255,225,255,187,1,73,207,1,0,0,0,0,0,0,0
71.868134,71.832695,111,255,224,255,192,1,80,207,1,0,0,0,0,0,0,0
72.142860,72.108238,83,255,224,255,192,1,80,207,1,0,0,0,0,0,0,0
72.417580,72.385529,115,255,224,255,186,0,82,159,129,0,0,0,0,0,0,0
72.692307,72.662102,87,255,224,255,186,0,82,159,129,0,0,0,0,0,0,0
72.967033,72.923172,127,255,224,255,187,1,75,199,1,0,0,0,0,0,0,0
73.186813,73.153854,108,255,224,255,187,1,75,199,1,0,0,0,0,0,0,0
73.461540,73.412674,90,255,224,255,187,1,71,181,129,0,0,0,0,0,0,0
73.736267,73.698547,100,255,224,255,187,1,71,181,129,0,0,0,0,0,0,0
74.010986,73.972099,83,255,224,255,187,1,71,181,129,0,0,0,0,0,0,0
74.285713,74.249031,80,255,224,255,190,1,71,124,1,0,0,0,0,0,0,0
74.560440,74.526215,81,255,224,255,191,0,74,128,1,0,0,0,0,0,0,0
74.835167,74.804222,79,255,223,255,191,1,66,216,1,0,0,0,0,0,0,0
75.109894,75.076347,81,255,223,255,189,1,71,221,129,0,0,0,0,0,0,0
75.384613,75.333885,80,255,223,255,189,1,71,221,129,0,0,0,0,0,0,0
75.604393,75.565445,80,255,223,255,189,1,69,171,1,0,0,0,0,0,0,0
75.879120,75.825745,82,255,223,255,187,2,76,219,129,0,0,0,0,0,0,0
76.153847,76.118729,82,255,223,255,187,2,68,220,1,0,0,0,0,0,0,0
76.428574,76.384041,91,255,223,255,189,0,68,127,129,0,0,0,0,0,0,0
76.648354,76.617340,87,255,222,255,186,1,70,183,1,0,0,0,0,0,0,0
76.923080,76.876663,96,255,222,255,189,1,75,220,129,0,0,0,0,0,0,0
77.197800,77.163094,89,255,223,255,189,1,75,220,1,0,0,0,0,0,0,0
77.472527,77.427132,84,255,222,255,192,0,68,202,129,0,0,0,0,0,0,0
77.692307,77.660889,88,255,222,255,184,0,71,167,1,0,0,0,0,0,0,0
77.967033,77.922363,107,255,222,255,191,0,64,131,129,0,0,0,0,0,0,0
78.241760,78.210793,101,255,222,255,191,0,69,220,1,0,0,0,0,0,0,0
78.516487,78.470634,85,255,222,255,192,1,69,208,129,0,0,0,0,0,0,0
78.736267,78.703773,86,255,221,255,188,1,60,191,129,0,0,0,0,0,0,0
79.010986,78.968933,86,255,221,255,191,0,67,206,129,0,0,0,0,0,0,0
79.285713,79.245872,96,255,222,255,189,1,69,220,129,0,0,0,0,0,0,0
79.560440,79.522850,83,255,222,255,189,1,69,220,129,0,0,0,0,0,0,0
79.835167,79.786934,108,255,221,255,191,0,64,122,129,0,0,0,0,0,0,0
80.109894,80.074905,105,255,221,255,193,1,56,201,1,0,0,0,0,0,0,0
80.384613,80.335876,107,255,221,255,192,0,69,192,1,0,0,0,0,0,0,0
80.604393,80.567123,88,255,220,255,192,0,69,192,1,0,0,0,0,0,0,0
80.879120,80.841446,98,255,221,255,189,1,65,218,129,0,0,0,0,0,0,0
81.153847,81.118073,98,255,221,255,189,1,65,218,129,0,0,0,0,0,0,0
81.428574,81.394897,85,255,220,255,190,0,65,218,129,0,0,0,0,0,0,0
81.703300,81.672142,86,255,220,255,187,1,63,207,129,0,0,0,0,0,0,0
82.032967,81.977203,93,255,220,255,192,1,61,127,129,0,0,0,0,0,0,0
82.252747,82.212135,95,255,220,255,192,0,63,201,1,0,0,0,0,0,0,0
82.527473,82.471977,80,255,220,255,185,1,62,167,129,0,0,0,0,0,0,0
82.802200,82.758255,82,255,220,255,185,1,62,167,129,0,0,0,0,0,0,0
83.076920,82.990479,106,255,220,255,185,1,62,167,129,0,0,0,0,0,0,0
83.351646,83.266075,102,255,220,255,187,1,58,207,1,0,0,0,0,0,0,0
83.626373,83.571602,107,255,219,255,192,0,60,205,129,0,0,0,0,0,0,0
83.901100,83.848633,84,255,220,255,193,1,63,203,1,0,0,0,0,0,0,0
84.120880,84.080956,91,255,219,255,191,1,60,208,129,0,0,0,0,0,0,0
84.395607,84.342430,119,255,219,255,191,0,58,139,1,0,0,0,0,0,0,0
84.670326,84.630608,89,255,219,255,191,0,60,213,129,0,0,0,0,0,0,0
84.945053,84.891823,84,255,219,255,187,1,60,213,129,0,0,0,0,0,0,0
85.219780,85.168915,84,255,219,255,187,1,60,213,129,0,0,0,0,0,0,0
85.494507,85.442009,105,255,219,255,188,1,57,207,1,0,0,0,0,0,0,0
85.714287,85.674171,84,255,219,255,191,1,57,209,129,0,0,0,0,0,0,0
85.989014,85.934990,95,255,219,255,187,1,58,126,1,0,0,0,0,0,0,0
86.263733,86.222855,102,255,219,255,189,1,59,211,129,0,0,0,0,0,0,0
86.538460,86.486839,92,255,219,255,191,1,59,211,129,0,0,0,0,0,0,0
86.813187,86.763718,89,255,219,255,192,0,59,211,129,0,0,0,0,0,0,0
87.087914,87.041008,117,255,219,255,191,1,63,188,1,0,0,0,0,0,0,0
87.307693,87.273895,93,255,219,255,191,1,56,159,1,0,0,0,0,0,0,0
87.582420,87.532967,89,255,219,255,191,1,65,208,1,0,0,0,0,0,0,0
87.857140,87.820320,85,255,219,255,191,1,59,210,129,0,0,0,0,0,0,0
88.131866,88.081749,84,255,219,255,191,0,59,210,129,0,0,0,0,0,0,0
88.406593,88.356529,100,255,219,255,191,1,65,210,129,0,0,0,0,0,0,0
88.681320,88.633667,96,255,219,255,186,2,60,217,129,0,0,0,0,0,0,0
88.956047,88.910652,82,255,219,255,186,2,60,217,129,0,0,0,0,0,0,0
89.230766,89.188301,84,255,219,255,191,0,65,206,1,0,0,0,0,0,0,0
89.505493,89.465385,87,255,219,255,190,0,65,206,1,0,0,0,0,0,0,0
89.780220,89.742317,90,255,219,255,192,1,64,206,1,0,0,0,0,0,0,0
90.054947,90.011421,81,255,219,255,191,1,62,215,129,0,0,0,0,0,0,0
90.329674,90.271469,91,255,219,255,192,0,62,200,1,0,0,0,0,0,0,0
90.549454,90.503922,112,255,219,255,191,0,60,159,129,0,0,0,0,0,0,0
90.824173,90.791550,116,255,219,255,188,1,62,203,1,0,0,0,0,0,0,0
91.098900,91.054359,83,255,219,255,192,0,61,128,129,0,0,0,0,0,0,0
91.318680,91.286171,85,255,219,255,192,0,61,128,129,0,0,0,0,0,0,0
91.593407,91.546776,120,255,219,255,192,0,61,180,1,0,0,0,0,0,0,0
91.868134,91.835457,95,255,219,255,191,1,57,197,1,0,0,0,0,0,0,0
92.142860,92.102264,86,255,219,255,189,1,63,216,129,0,0,0,0,0,0,0
92.417580,92.373154,90,255,219,255,190,1,59,213,1,0,0,0,0,0,0,0
92.637360,92.604553,91,255,219,255,191,0,60,200,1,0,0,0,0,0,0,0
92.912086,92.867416,89,255,220,255,191,1,60,208,129,0,0,0,0,0,0,0
93.186813,93.127205,88,255,219,255,190,1,60,214,1,0,0,0,0,0,0,0
93.461540,93.416550,91,255,220,255,192,1,56,180,129,0,0,0,0,0,0,0
93.736267,93.676140,123,255,219,255,191,0,63,134,1,0,0,0,0,0,0,0
93.956047,93.909813,87,255,219,255,191,1,66,209,129,0,0,0,0,0,0,0
94.230766,94.197296,84,255,219,255,189,1,58,213,1,0,0,0,0,0,0,0
94.505493,94.470703,89,255,219,255,188,0,53,159,129,0,0,0,0,0,0,0
94.780220,94.720474,89,255,219,255,192,0,53,159,129,0,0,0,0,0,0,0
95.054947,94.997406,112,255,219,255,192,0,53,159,129,0,0,0,0,0,0,0
95.329674,95.274033,83,255,219,255,187,2,53,159,129,0,0,0,0,0,0,0
95.604393,95.550758,85,255,220,255,191,0,53,159,129,0,0,0,0,0,0,0
95.879120,95.827644,90,255,220,255,191,0,53,159,129,0,0,0,0,0,0,0
96.153847,96.104523,98,255,220,255,191,0,53,159,129,0,0,0,0,0,0,0
96.428574,96.381813,120,255,220,255,191,0,53,159,129,0,0,0,0,0,0,0
96.703300,96.658745,94,255,220,255,191,0,53,159,129,0,0,0,0,0,0,0
96.978020,96.935524,87,255,220,255,191,1,53,159,129,0,0,0,0,0,0,0
97.252747,97.198997,88,255,220,255,191,1,52,209,129,0,0,0,0,0,0,0
97.527473,97.485275,106,255,220,255,191,1,52,209,129,0,0,0,0,0,0,0
97.802200,97.743935,89,255,221,255,192,1,58,205,129,0,0,0,0,0,0,0
98.021980,97.975800,105,255,220,255,187,2,55,215,1,0,0,0,0,0,0,0
98.296700,98.250031,96,255,220,255,188,1,55,216,129,0,0,0,0,0,0,0
98.571426,98.526794,83,255,220,255,191,1,60,208,1,0,0,0,0,0,0,0
98.846153,98.804909,86,255,221,255,190,1,56,211,129,0,0,0,0,0,0,0
99.120880,99.082352,111,255,221,255,188,1,55,187,1,0,0,0,0,0,0,0
99.395607,99.359337,86,255,221,255,189,1,51,217,129,0,0,0,0,0,0,0
99.670326,99.620308,111,255,221,255,192,1,51,188,1,0,0,0,0,0,0,0
99.945053,99.906891,111,255,221,255,191,1,51,188,1,0,0,0,0,0,0,0
100.219780,100.165810,88,255,221,255,192,0,45,206,1,0,0,0,0,0,0,0
100.439560,100.400536,104,255,221,255,191,0,53,128,129,0,0,0,0,0,0,0
100.769234,100.706627,127,255,221,255,193,1,56,175,1,0,0,0,0,0,0,0
100.989014,100.938736,107,255,221,255,193,0,53,192,129,0,0,0,0,0,0,0
101.263733,101.227173,112,255,222,255,192,0,54,178,1,0,0,0,0,0,0,0
101.538460,101.486443,85,255,222,255,189,1,58,192,1,0,0,0,0,0,0,0
101.758240,101.719994,88,255,222,255,188,1,48,173,1,0,0,0,0,0,0,0
102.032967,101.986443,100,255,222,255,188,1,47,215,129,0,0,0,0,0,0,0
102.307693,102.246323,108,255,222,255,190,1,58,175,1,0,0,0,0,0,0,0
102.582420,102.532578,87,255,222,255,191,0,43,206,129,0,0,0,0,0,0,0
102.802200,102.765236,85,255,223,255,186,1,50,165,129,0,0,0,0,0,0,0
103.076920,103.034798,95,255,223,255,192,1,52,137,1,0,0,0,0,0,0,0
103.406593,103.312912,86,255,223,255,191,1,53,214,1,0,0,0,0,0,0,0
103.626373,103.577454,81,255,223,255,187,1,51,199,1,0,0,0,0,0,0,0
103.901100,103.837067,117,255,223,255,191,0,51,199,1,0,0,0,0,0,0,0
104.175827,104.123520,85,255,224,255,191,0,51,199,1,0,0,0,0,0,0,0
104.395607,104.355385,90,255,224,255,187,2,51,215,129,0,0,0,0,0,0,0
104.670326,104.628738,81,255,224,255,186,1,51,215,129,0,0,0,0,0,0,0
105.000000,104.905930,80,255,224,255,191,1,52,214,129,0,0,0,0,0,0,0
105.274727,105.211655,85,255,224,255,192,1,49,211,1,0,0,0,0,0,0,0
105.549454,105.489655,80,255,224,255,188,1,51,199,129,0,0,0,0,0,0,0
105.824173,105.766342,81,255,224,255,188,1,51,199,129,0,0,0,0,0,0,0
106.098900,106.044754,98,255,225,255,191,1,56,214,129,0,0,0,0,0,0,0
106.373627,106.320198,85,255,225,255,187,1,60,211,1,0,0,0,0,0,0,0
106.593407,106.551353,105,255,225,255,191,0,60,211,1,0,0,0,0,0,0,0
106.868134,106.810623,80,255,225,255,189,1,63,217,1,0,0,0,0,0,0,0
107.142860,107.097878,92,255,225,255,187,1,64,183,129,0,0,0,0,0,0,0
107.417580,107.359459,84,255,225,255,191,1,63,212,1,0,0,0,0,0,0,0
107.692307,107.636238,114,255,225,255,193,0,60,182,129,0,0,0,0,0,0,0
107.967033,107.914551,86,255,225,255,187,1,61,203,1,0,0,0,0,0,0,0
108.186813,108.145905,100,255,225,255,187,1,61,203,1,0,0,0,0,0,0,0
108.461540,108.406303,99,255,225,255,192,0,60,129,1,0,0,0,0,0,0,0
108.736267,108.693192,80,255,225,255,192,0,60,129,1,0,0,0,0,0,0,0
109.010986,108.954926,85,255,226,255,190,0,58,124,1,0,0,0,0,0,0,0
109.285713,109.230370,88,255,226,255,187,2,59,208,1,0,0,0,0,0,0,0
109.560440,109.507561,123,255,226,255,191,1,61,212,1,0,0,0,0,0,0,0
109.835167,109.785316,84,255,226,255,193,0,57,204,129,0,0,0,0,0,0,0
110.109894,110.062660,93,255,226,255,188,1,57,191,1,0,0,0,0,0,0,0
110.384613,110.339485,83,255,226,255,188,1,57,191,1,0,0,0,0,0,0,0
110.659340,110.617088,88,255,226,255,185,1,57,191,1,0,0,0,0,0,0,0
110.934067,110.878914,84,255,226,255,193,1,56,200,129,0,0,0,0,0,0,0
111.153847,111.110786,109,255,226,255,193,1,56,200,129,0,0,0,0,0,0,0
111.428574,111.370262,86,255,226,255,193,1,56,200,129,0,0,0,0,0,0,0
111.703300,111.656494,103,255,226,255,193,1,56,200,129,0,0,0,0,0,0,0
111.978020,111.930557,86,255,226,255,187,2,56,200,129,0,0,0,0,0,0,0
112.252747,112.207443,83,255,226,255,191,0,66,208,129,0,0,0,0,0,0,0
112.527473,112.485191,80,255,226,255,187,1,58,191,1,0,0,0,0,0,0,0
112.802200,112.762024,83,255,227,255,193,1,68,217,1,0,0,0,0,0,0,0
113.076920,113.012520,86,255,226,255,191,0,68,208,129,0,0,0,0,0,0,0
113.351646,113.289291,96,255,226,255,187,1,64,183,129,0,0,0,0,0,0,0
113.626373,113.579926,87,255,227,255,191,0,68,215,1,0,0,0,0,0,0,0
113.901100,113.840172,96,255,226,255,189,1,67,220,129,0,0,0,0,0,0,0
114.120880,114.072495,80,255,226,255,188,1,68,215,1,0,0,0,0,0,0,0
114.395607,114.333000,123,255,226,255,191,0,65,126,129,0,0,0,0,0,0,0
114.670326,114.607277,83,255,226,255,191,0,65,126,129,0,0,0,0,0,0,0
114.945053,114.885841,127,255,226,255,185,1,68,175,1,0,0,0,0,0,0,0
115.219780,115.178360,83,255,226,255,187,1,67,196,1,0,0,0,0,0,0,0
115.494507,115.438408,87,255,226,255,187,1,70,217,129,0,0,0,0,0,0,0
115.714287,115.670174,82,255,226,255,187,1,70,217,129,0,0,0,0,0,0,0
115.989014,115.929497,86,255,226,255,188,1,68,219,129,0,0,0,0,0,0,0
116.263733,116.202080,82,255,226,255,192,0,72,128,129,0,0,0,0,0,0,0
116.538460,116.480293,85,255,226,255,192,0,69,208,129,0,0,0,0,0,0,0
116.813187,116.771317,81,255,226,255,193,1,68,216,1,0,0,0,0,0,0,0
117.087914,117.030556,85,255,226,255,189,0,68,216,1,0,0,0,0,0,0,0
117.307693,117.262260,79,255,226,255,188,1,71,207,1,0,0,0,0,0,0,0
117.582420,117.523071,81,255,226,255,191,0,66,126,129,0,0,0,0,0,0,0
117.857140,117.797806,84,255,226,255,191,0,66,126,129,0,0,0,0,0,0,0
118.131866,118.075043,80,255,226,255,191,0,66,126,129,0,0,0,0,0,0,0
118.406593,118.351822,80,255,226,255,191,0,66,126,129,0,0,0,0,0,0,0
118.681320,118.629478,97,255,225,255,194,1,69,184,129,0,0,0,0,0,0,0
118.956047,118.908455,81,255,225,255,187,2,75,215,1,0,0,0,0,0,0,0
119.230766,119.186111,103,255,225,255,185,1,72,175,129,0,0,0,0,0,0,0
119.505493,119.450142,85,255,225,255,193,0,75,208,1,0,0,0,0,0,0,0
119.780220,119.736725,92,255,225,255,193,0,75,208,1,0,0,0,0,0,0,0
120.054947,119.996361,91,255,225,255,192,1,69,202,1,0,0,0,0,0,0,0
120.274727,120.229042,89,255,225,255,192,1,69,202,1,0,0,0,0,0,0,0
120.549454,120.503876,103,255,225,255,189,1,74,220,1,0,0,0,0,0,0,0
120.879120,120.780602,85,255,224,255,187,2,70,219,1,0,0,0,0,0,0,0
121.153847,121.085106,85,255,224,255,187,2,70,219,1,0,0,0,0,0,0,0
121.428574,121.361832,84,255,224,255,187,2,70,219,1,0,0,0,0,0,0,0
121.703300,121.638557,80,255,224,255,191,0,69,125,1,0,0,0,0,0,0,0
121.978020,121.916412,90,255,224,255,191,0,69,125,1,0,0,0,0,0,0,0
122.252747,122.188225,98,255,224,255,188,0,64,133,1,0,0,0,0,0,0,0
122.472527,122.421730,87,255,223,255,192,0,67,122,129,0,0,0,0,0,0,0
122.747253,122.682381,92,255,223,255,184,0,69,159,1,0,0,0,0,0,0,0
123.021980,122.970558,98,255,223,255,187,0,66,127,129,0,0,0,0,0,0,0
123.296700,123.235924,107,255,223,255,191,0,68,127,129,0,0,0,0,0,0,0
123.571426,123.503082,82,255,223,255,188,1,72,220,1,0,0,0,0,0,0,0
123.791206,123.734688,85,255,223,255,188,1,67,207,1,0,0,0,0,0,0,0
124.065933,123.995857,111,255,223,255,193,1,68,192,129,0,0,0,0,0,0,0
124.340660,124.282341,84,255,223,255,188,1,68,211,1,0,0,0,0,0,0,0
124.615387,124.551491,86,255,223,255,187,1,63,191,129,0,0,0,0,0,0,0
124.835167,124.784996,81,255,222,255,192,0,64,128,1,0,0,0,0,0,0,0
125.109894,125.044937,106,255,222,255,191,1,69,214,129,0,0,0,0,0,0,0
125.384613,125.332802,80,255,223,255,188,1,68,220,1,0,0,0,0,0,0,0
125.659340,125.596169,100,255,222,255,187,2,63,221,1,0,0,0,0,0,0,0
125.879120,125.827782,81,255,222,255,191,0,67,213,129,0,0,0,0,0,0,0
126.153847,126.087112,80,255,222,255,189,1,64,175,1,0,0,0,0,0,0,0
126.428574,126.374207,87,255,222,255,188,1,62,218,129,0,0,0,0,0,0,0
126.703300,126.634552,80,255,222,255,191,1,67,213,1,0,0,0,0,0,0,0
126.978020,126.912460,105,255,222,255,193,0,68,125,129,0,0,0,0,0,0,0
127.197800,127.149338,87,255,222,255,193,1,64,206,1,0,0,0,0,0,0,0
127.472527,127.409279,107,255,222,255,191,1,69,214,129,0,0,0,0,0,0,0
127.747253,127.699753,87,255,222,255,192,0,67,206,1,0,0,0,0,0,0,0
128.021973,127.960510,112,255,221,255,191,0,66,123,129,0,0,0,0,0,0,0
128.296707,128.224594,95,255,222,255,186,0,64,133,1,0,0,0,0,0,0,0
128.516479,128.457596,87,255,221,255,187,1,67,187,129,0,0,0,0,0,0,0
128.791214,128.743774,117,255,221,255,187,1,67,187,129,0,0,0,0,0,0,0
129.065933,129.002640,83,255,221,255,187,1,67,187,129,0,0,0,0,0,0,0
129.285721,129.237366,86,255,221,255,187,1,67,191,1,0,0,0,0,0,0,0
129.560440,129.498840,80,255,221,255,191,0,67,126,129,0,0,0,0,0,0,0
129.835159,129.776535,82,255,221,255,187,2,66,218,1,0,0,0,0,0,0,0
130.109894,130.036804,110,255,221,255,191,0,64,122,129,0,0,0,0,0,0,0
130.384613,130.326187,80,255,221,255,191,0,69,126,1,0,0,0,0,0,0,0
130.659348,130.587555,104,255,221,255,191,0,68,124,129,0,0,0,0,0,0,0
130.879120,130.823074,108,255,221,255,191,0,64,122,1,0,0,0,0,0,0,0
131.153839,131.083054,103,255,221,255,188,1,70,220,1,0,0,0,0,0,0,0
131.428574,131.370193,104,255,221,255,190,0,68,218,129,0,0,0,0,0,0,0
131.703293,131.629990,97,255,221,255,186,0,64,167,1,0,0,0,0,0,0,0
131.923080,131.868607,83,255,221,255,192,0,72,215,129,0,0,0,0,0,0,0
132.197800,132.128387,112,255,221,255,187,1,72,191,1,0,0,0,0,0,0,0
132.472534,132.416412,82,255,221,255,192,1,71,212,1,0,0,0,0,0,0,0
132.747253,132.677536,93,255,221,255,192,0,72,123,1,0,0,0,0,0,0,0
132.967026,132.918243,90,255,221,255,190,0,68,127,129,0,0,0,0,0,0,0
133.241760,133.178802,88,255,221,255,192,1,74,212,1,0,0,0,0,0,0,0
133.516479,133.468506,119,255,221,255,192,1,69,148,129,0,0,0,0,0,0,0
133.791214,133.729416,83,255,221,255,192,1,67,198,1,0,0,0,0,0,0,0
134.065933,133.992386,86,255,221,255,191,0,66,123,129,0,0,0,0,0,0,0
134.285721,134.225372,118,255,220,255,191,0,64,126,1,0,0,0,0,0,0,0
134.560440,134.486847,83,255,220,255,187,1,72,200,129,0,0,0,0,0,0,0
134.835159,134.773438,113,255,220,255,187,1,72,200,129,0,0,0,0,0,0,0
135.109894,135.050476,81,255,221,255,193,0,72,200,129,0,0,0,0,0,0,0
135.384613,135.328171,81,255,220,255,191,0,66,122,1,0,0,0,0,0,0,0
135.659348,135.607208,80,255,220,255,186,1,66,183,129,0,0,0,0,0,0,0
135.934067,135.878555,100,255,220,255,188,0,68,127,1,0,0,0,0,0,0,0
136.208786,136.139526,80,255,220,255,191,0,67,122,129,0,0,0,0,0,0,0
136.428574,136.371078,87,255,220,255,191,0,67,122,129,0,0,0,0,0,0,0
136.703293,136.632507,81,255,221,255,192,0,71,214,129,0,0,0,0,0,0,0
136.978027,136.928055,99,255,220,255,192,0,71,214,129,0,0,0,0,0,0,0
137.252747,137.178131,87,255,220,255,193,1,63,200,1,0,0,0,0,0,0,0
137.527466,137.468918,85,255,221,255,192,1,71,222,1,0,0,0,0,0,0,0
137.802200,137.729156,80,255,220,255,191,1,67,216,129,0,0,0,0,0,0,0
138.021973,137.960510,80,255,220,255,187,1,63,219,129,0,0,0,0,0,0,0
138.296707,138.247192,80,255,220,255,187,1,63,219,129,0,0,0,0,0,0,0
138.571426,138.522186,84,255,220,255,187,1,63,219,129,0,0,0,0,0,0,0
138.846161,138.774628,102,255,220,255,187,1,71,221,129,0,0,0,0,0,0,0
139.120880,139.050629,81,255,220,255,187,2,69,222,1,0,0,0,0,0,0,0
139.395599,139.338043,85,255,220,255,191,0,69,222,1,0,0,0,0,0,0,0
139.670334,139.596909,82,255,220,255,191,0,69,222,1,0,0,0,0,0,0,0
139.890106,139.828461,95,255,220,255,191,0,69,222,1,0,0,0,0,0,0,0
140.164841,140.089584,80,255,220,255,191,0,69,222,1,0,0,0,0,0,0,0
140.439560,140.366409,81,255,220,255,193,1,64,192,1,0,0,0,0,0,0,0
140.714279,140.645752,90,255,220,255,182,0,61,147,129,0,0,0,0,0,0,0
140.989014,140.922729,94,255,220,255,184,0,64,135,129,0,0,0,0,0,0,0
141.263733,141.199768,96,255,220,255,184,0,63,122,129,0,0,0,0,0,0,0
141.538467,141.477829,84,255,220,255,184,0,70,127,1,0,0,0,0,0,0,0
141.813187,141.755264,85,255,220,255,187,1,70,127,1,0,0,0,0,0,0,0
142.087906,142.032562,85,255,220,255,188,2,72,127,1,0,0,0,0,0,0,0
142.362640,142.309448,81,255,220,255,188,2,72,127,1,0,0,0,0,0,0,0
142.692307,142.617889,88,255,220,255,192,1,73,213,6,0,0,0,0,0,0,0
142.912094,142.860596,127,255,220,255,189,0,59,121,128,0,0,0,0,0,0,0
143.186813,143.121765,107,255,220,255,184,1,63,213,0,0,0,0,0,0,0,0
143.461533,143.384262,90,255,220,255,185,1,76,191,129,0,0,0,0,0,0,0
143.736267,143.672180,82,255,221,255,193,1,64,192,1,0,0,0,0,0,0,0
144.010986,143.940872,88,255,220,255,191,1,74,214,129,0,0,0,0,0,0,0
144.230774,144.179596,85,255,220,255,188,1,71,224,1,0,0,0,0,0,0,0
144.505493,144.438416,96,255,220,255,188,1,71,224,1,0,0,0,0,0,0,0
144.780212,144.725311,83,255,220,255,188,1,71,224,1,0,0,0,0,0,0,0
145.054947,144.985138,87,255,220,255,190,0,63,124,129,0,0,0,0,0,0,0
145.329666,145.257156,80,255,221,255,189,1,77,222,1,0,0,0,0,0,0,0
145.604401,145.535126,84,255,221,255,187,1,78,215,129,0,0,0,0,0,0,0
145.879120,145.813278,81,255,221,255,191,0,76,128,1,0,0,0,0,0,0,0
146.153839,146.090317,112,255,221,255,191,0,77,124,129,0,0,0,0,0,0,0
146.428574,146.352203,82,255,221,255,187,2,62,223,1,0,0,0,0,0,0,0
146.648346,146.584625,86,255,221,255,188,1,63,191,129,0,0,0,0,0,0,0
146.923080,146.847595,104,255,221,255,191,0,63,222,1,0,0,0,0,0,0,0
147.197800,147.137817,112,255,221,255,191,0,76,123,129,0,0,0,0,0,0,0
147.472534,147.398254,82,255,221,255,187,1,71,223,1,0,0,0,0,0,0,0
147.692307,147.631302,80,255,221,255,191,1,71,218,129,0,0,0,0,0,0,0
147.967026,147.893188,100,255,221,255,188,1,80,223,1,0,0,0,0,0,0,0
148.241760,148.182739,81,255,221,255,191,1,61,122,129,0,0,0,0,0,0,0
148.516479,148.443604,83,255,221,255,187,2,64,130,1,0,0,0,0,0,0,0
148.736267,148.675369,81,255,221,255,190,0,64,130,1,0,0,0,0,0,0,0
149.010986,148.936951,85,255,221,255,185,1,80,187,1,0,0,0,0,0,0,0
149.285721,149.223740,128,255,221,255,192,0,79,132,129,0,0,0,0,0,0,0
149.560440,149.484604,127,255,221,255,193,1,63,223,129,0,0,0,0,0,0,0
149.780212,149.720459,100,255,221,255,188,0,64,224,0,0,0,0,0,0,0,0
150.054947,149.988510,96,255,221,255,191,1,64,222,134,0,0,0,0,0,0,0
150.329666,150.265152,81,255,221,255,192,1,77,218,0,0,0,0,0,0,0,0
150.604401,150.525925,82,255,222,255,193,0,67,122,0,0,0,0,0,0,0,0
150.879120,150.814911,80,255,222,255,193,0,72,204,0,0,0,0,0,0,0,0
151.153839,151.074905,85,255,222,255,54,0,95,125,128,0,0,0,0,0,0,0
151.373627,151.312134,81,255,221,255,45,1,90,226,0,0,0,0,0,0,0,0
151.648346,151.571564,82,255,222,255,50,0,90,226,0,0,0,0,0,0,0,0
151.923080,151.859329,109,255,222,255,47,0,84,124,0,0,0,0,0,0,0,0
152.197800,152.120300,123,255,221,255,47,1,76,196,128,0,0,0,0,0,0,0
152.417587,152.352417,82,255,222,255,46,1,79,218,0,0,0,0,0,0,0,0
152.692307,152.630569,108,255,221,255,47,0,80,128,128,0,0,0,0,0,0,0
152.967026,152.895737,127,255,221,255,47,0,80,179,0,0,0,0,0,0,0,0
153.241760,153.184464,107,255,221,255,48,1,75,202,128,0,0,0,0,0,0,0
153.516479,153.444305,99,255,221,255,44,0,62,222,0,0,0,0,0,0,0,0
153.736267,153.676270,80,255,221,255,47,0,62,222,0,0,0,0,0,0,0,0
154.010986,153.938416,145,255,221,255,48,0,71,175,128,0,0,0,0,0,0,0
154.285721,154.225815,81,255,221,255,44,1,74,226,128,0,0,0,0,0,0,0
154.560440,154.490524,123,255,221,255,48,1,74,226,128,0,0,0,0,0,0,0
154.835159,154.768219,87,255,221,255,42,2,74,219,0,0,0,0,0,0,0,0
155.109894,155.044800,80,255,221,255,47,0,74,219,0,0,0,0,0,0,0,0
155.384613,155.322861,87,255,221,255,47,0,63,127,128,0,0,0,0,0,0,0
155.659348,155.587204,83,255,221,255,45,0,64,175,128,0,0,0,0,0,0,0
155.879120,155.818649,82,255,221,255,40,1,57,225,128,0,0,0,0,0,0,0
156.153839,156.077927,80,255,221,255,40,1,57,225,128,0,0,0,0,0,0,0
156.428574,156.363998,86,255,221,255,42,1,57,225,128,0,0,0,0,0,0,0
156.703293,156.636429,85,255,221,255,42,1,57,225,128,0,0,0,0,0,0,0
156.978027,156.913773,111,255,221,255,47,0,76,219,0,0,0,0,0,0,0,0
157.252747,157.193115,87,255,221,255,47,1,63,208,128,0,0,0,0,0,0,0
157.527466,157.469940,85,255,221,255,46,1,74,216,128,0,0,0,0,0,0,0
157.802200,157.719116,80,255,221,255,45,1,60,224,0,0,0,0,0,0,0,0
158.076920,157.996658,81,255,221,255,47,1,81,224,0,0,0,0,0,0,0,0
158.351654,158.273483,102,255,221,255,47,0,81,224,0,0,0,0,0,0,0,0
158.626373,158.550369,85,255,221,255,46,1,80,224,0,0,0,0,0,0,0,0
158.901093,158.827347,83,255,221,255,46,0,84,218,0,0,0,0,0,0,0,0
159.175827,159.118698,84,255,221,255,44,1,79,167,0,0,0,0,0,0,0,0
159.450546,159.377716,84,255,221,255,40,2,54,225,0,0,0,0,0,0,0,0
159.670334,159.608963,85,255,221,255,40,2,54,225,0,0,0,0,0,0,0,0
159.945053,159.869049,87,255,221,255,45,0,72,216,128,0,0,0,0,0,0,0
160.219788,160.141739,95,255,221,255,47,0,79,227,0,0,0,0,0,0,0,0
160.494507,160.420059,103,255,221,255,47,0,80,128,128,0,0,0,0,0,0,0
160.769226,160.696732,98,255,221,255,45,1,55,224,0,0,0,0,0,0,0,0
161.043961,160.985168,82,255,221,255,46,0,80,128,0,0,0,0,0,0,0,0
161.318680,161.244232,88,255,221,255,47,0,71,139,0,0,0,0,0,0,0,0
161.538467,161.479065,87,255,221,255,46,1,72,216,128,0,0,0,0,0,0,0
161.813187,161.741455,83,255,221,255,46,0,79,221,0,0,0,0,0,0,0,0
162.087906,162.027740,88,255,221,255,46,0,79,221,0,0,0,0,0,0,0,0
162.362640,162.286301,85,255,221,255,42,0,51,224,0,0,0,0,0,0,0,0
162.582413,162.518631,87,255,221,255,41,1,64,228,128,0,0,0,0,0,0,0
162.857147,162.782455,100,255,221,255,41,1,64,228,128,0,0,0,0,0,0,0
163.131866,163.060776,82,255,221,255,47,0,80,141,0,0,0,0,0,0,0,0
163.406601,163.338928,86,255,221,255,41,1,80,221,0,0,0,0,0,0,0,0
163.681320,163.616318,86,255,221,255,40,1,80,223,128,0,0,0,0,0,0,0
163.956039,163.880875,86,255,221,255,47,0,80,125,128,0,0,0,0,0,0,0
164.230774,164.167603,80,255,221,255,40,1,64,125,128,0,0,0,0,0,0,0
164.505493,164.428574,82,255,221,255,45,1,71,224,0,0,0,0,0,0,0,0
164.725281,164.660950,84,255,221,255,45,1,71,224,0,0,0,0,0,0,0,0
165.000000,164.934753,86,255,221,255,41,1,72,223,0,0,0,0,0,0,0,0
165.274719,165.211746,83,255,221,255,41,1,64,214,0,0,0,0,0,0,0,0
165.604401,165.490112,104,255,221,255,47,1,84,228,0,0,0,0,0,0,0,0
165.824173,165.754608,83,255,221,255,45,1,69,224,128,0,0,0,0,0,0,0
166.098907,166.015884,112,255,221,255,41,1,88,223,0,0,0,0,0,0,0,0
166.373627,166.304871,85,255,221,255,45,1,61,165,128,0,0,0,0,0,0,0
166.648346,166.566299,104,255,221,255,46,0,80,157,0,0,0,0,0,0,0,0
166.868134,166.800156,83,255,221,255,41,1,64,228,0,0,0,0,0,0,0,0
167.142853,167.060150,95,255,222,255,47,1,63,214,0,0,0,0,0,0,0,0
167.417587,167.347656,84,255,222,255,43,1,80,183,0,0,0,0,0,0,0,0
167.692307,167.616180,82,255,222,255,44,1,80,128,0,0,0,0,0,0,0,0
167.967026,167.892975,82,255,222,255,44,1,80,128,0,0,0,0,0,0,0,0
168.241760,168.171539,91,255,221,255,41,2,87,223,0,0,0,0,0,0,0,0
168.516479,168.431335,127,255,222,255,48,0,72,218,0,0,0,0,0,0,0,0
168.736267,168.663651,100,255,221,255,46,0,72,159,128,0,0,0,0,0,0,0
169.010986,168.949829,89,255,222,255,46,0,72,159,128,0,0,0,0,0,0,0
169.285721,169.211151,82,255,221,255,45,1,67,226,128,0,0,0,0,0,0,0
169.560440,169.487015,84,255,221,255,41,1,69,229,0,0,0,0,0,0,0,0
169.835159,169.764816,82,255,221,255,41,1,85,223,128,0,0,0,0,0,0,0
170.109894,170.033401,87,255,221,255,41,1,71,215,0,0,0,0,0,0,0,0
170.329666,170.268341,100,255,221,255,47,0,77,139,128,0,0,0,0,0,0,0
170.604401,170.527969,91,255,221,255,45,0,71,139,128,0,0,0,0,0,0,0
170.879120,170.816147,84,255,221,255,46,0,72,132,128,0,0,0,0,0,0,0
171.153839,171.078949,85,255,221,255,42,0,76,218,0,0,0,0,0,0,0,0
171.373627,171.312149,96,255,221,255,45,1,82,221,128,0,0,0,0,0,0,0
171.648346,171.572693,96,255,221,255,46,0,83,127,0,0,0,0,0,0,0,0
171.923080,171.861221,87,255,221,255,46,0,79,198,128,0,0,0,0,0,0,0
172.197800,172.129562,85,255,221,255,46,1,83,198,0,0,0,0,0,0,0,0
172.472534,172.406342,85,255,221,255,46,1,83,198,0,0,0,0,0,0,0,0
172.747253,172.683228,85,255,221,255,46,1,83,198,0,0,0,0,0,0,0,0
173.021973,172.954071,95,255,221,255,45,1,71,216,128,0,0,0,0,0,0,0
173.296707,173.213852,107,255,221,255,43,1,80,230,0,0,0,0,0,0,0,0
173.516479,173.445313,83,255,221,255,43,1,80,230,0,0,0,0,0,0,0,0
173.791214,173.705200,84,255,221,255,46,1,73,208,128,0,0,0,0,0,0,0
174.065933,173.998489,85,255,220,255,41,2,68,230,128,0,0,0,0,0,0,0
174.340652,174.275269,84,255,220,255,41,2,68,230,128,0,0,0,0,0,0,0
174.615387,174.552048,116,255,220,255,41,2,68,230,128,0,0,0,0,0,0,0
174.890106,174.801575,86,255,220,255,41,2,68,230,128,0,0,0,0,0,0,0
175.164841,175.078552,82,255,220,255,44,0,80,231,128,0,0,0,0,0,0,0
175.439560,175.355484,122,255,219,255,46,0,80,231,128,0,0,0,0,0,0,0
175.714279,175.633240,90,255,219,255,42,1,82,230,0,0,0,0,0,0,0,0
175.989014,175.911697,107,255,219,255,47,1,80,209,0,0,0,0,0,0,0,0
176.263733,176.188736,107,255,219,255,47,1,80,209,0,0,0,0,0,0,0,0
176.538467,176.461212,82,255,219,255,44,1,82,230,0,0,0,0,0,0,0,0
176.813187,176.748627,84,255,219,255,41,2,80,229,128,0,0,0,0,0,0,0
177.087906,177.007751,126,255,219,255,46,2,80,229,128,0,0,0,0,0,0,0
177.307693,177.241608,110,255,219,255,47,0,74,131,128,0,0,0,0,0,0,0
177.582413,177.507233,83,255,219,255,46,0,79,128,0,0,0,0,0,0,0,0
177.857147,177.772339,88,255,218,255,41,2,75,227,128,0,0,0,0,0,0,0
178.131866,178.058777,87,255,218,255,41,1,79,223,0,0,0,0,0,0,0,0
178.406601,178.318604,97,255,218,255,45,1,81,224,0,0,0,0,0,0,0,0
178.626373,178.550278,87,255,218,255,47,1,74,202,128,0,0,0,0,0,0,0
178.901093,178.823303,85,255,218,255,45,1,85,232,0,0,0,0,0,0,0,0
179.175827,179.100449,83,255,217,255,45,1,85,232,0,0,0,0,0,0,0,0
179.450546,179.377182,86,255,217,255,45,1,85,232,0,0,0,0,0,0,0,0
179.725281,179.654373,91,255,217,255,45,1,79,229,128,0,0,0,0,0,0,0
180.000000,179.931702,95,255,217,255,45,1,79,229,128,0,0,0,0,0,0,0
180.274719,180.201218,91,255,217,255,43,1,80,231,128,0,0,0,0,0,0,0
180.549454,180.461563,85,255,217,255,45,0,77,220,0,0,0,0,0,0,0,0
180.824173,180.748352,114,255,216,255,41,2,74,226,128,0,0,0,0,0,0,0
181.098907,181.008194,84,255,216,255,40,1,83,219,0,0,0,0,0,0,0,0
181.318680,181.248810,105,255,216,255,40,1,83,219,0,0,0,0,0,0,0,0
181.648346,181.527481,104,255,215,255,41,1,78,211,0,0,0,0,0,0,0,0
181.868134,181.795563,91,255,215,255,42,0,85,231,128,0,0,0,0,0,0,0
182.142853,182.054794,83,255,215,255,42,0,85,231,128,0,0,0,0,0,0,0
182.417587,182.341278,95,255,215,255,46,0,83,218,128,0,0,0,0,0,0,0
182.692307,182.600311,95,255,215,255,46,0,83,218,128,0,0,0,0,0,0,0
182.912094,182.842697,96,255,214,255,45,0,80,159,128,0,0,0,0,0,0,0
183.241760,183.149445,106,255,214,255,43,1,80,232,0,0,0,0,0,0,0,0
183.516479,183.426437,96,255,214,255,43,1,80,232,0,0,0,0,0,0,0,0
183.791214,183.704742,103,255,214,255,46,1,80,214,0,0,0,0,0,0,0,0
184.065933,183.976257,110,255,213,255,46,0,78,128,128,0,0,0,0,0,0,0
184.285721,184.209305,88,255,213,255,40,2,77,217,0,0,0,0,0,0,0,0
184.560440,184.469025,91,255,213,255,45,0,77,221,128,0,0,0,0,0,0,0
184.835159,184.755829,82,255,213,255,45,0,77,221,128,0,0,0,0,0,0,0
185.109894,185.021393,113,255,212,255,42,1,79,191,128,0,0,0,0,0,0,0
185.384613,185.297867,89,255,212,255,42,1,79,191,128,0,0,0,0,0,0,0
185.659348,185.574692,86,255,212,255,46,0,79,191,128,0,0,0,0,0,0,0
185.934067,185.851425,90,255,212,255,46,0,79,191,128,0,0,0,0,0,0,0
186.208786,186.128052,89,255,212,255,46,0,79,191,128,0,0,0,0,0,0,0
186.483521,186.406769,106,255,211,255,46,0,71,135,0,0,0,0,0,0,0,0
186.758240,186.683716,87,255,211,255,45,0,71,135,0,0,0,0,0,0,0,0
187.032974,186.960388,83,255,210,255,45,0,71,135,0,0,0,0,0,0,0,0
187.307693,187.230148,90,255,210,255,46,1,77,221,128,0,0,0,0,0,0,0
187.582413,187.489990,85,255,210,255,45,1,80,226,0,0,0,0,0,0,0,0
187.802200,187.723129,83,255,210,255,45,0,80,130,128,0,0,0,0,0,0,0
188.076920,188.009766,127,255,210,255,45,0,80,130,128,0,0,0,0,0,0,0
188.351654,188.277954,98,255,210,255,45,0,80,130,128,0,0,0,0,0,0,0
188.626373,188.556320,83,255,208,255,41,1,87,233,0,0,0,0,0,0,0,0
188.901093,188.833405,90,255,208,255,41,1,87,233,0,0,0,0,0,0,0,0
189.175827,189.082932,83,255,208,255,44,0,80,230,0,0,0,0,0,0,0,0
189.450546,189.355972,87,255,208,255,41,2,84,229,128,0,0,0,0,0,0,0
189.725281,189.644867,94,255,207,255,46,0,84,155,0,0,0,0,0,0,0,0
189.945053,189.877228,94,255,207,255,46,0,84,155,0,0,0,0,0,0,0,0
190.219788,190.135986,86,255,207,255,46,0,84,155,0,0,0,0,0,0,0,0
190.494507,190.399612,96,255,207,255,43,1,90,232,0,0,0,0,0,0,0,0
190.769226,190.676910,95,255,207,255,43,1,90,232,0,0,0,0,0,0,0,0
191.043961,190.954102,83,255,206,255,43,1,90,232,0,0,0,0,0,0,0,0
191.318680,191.232010,115,255,206,255,46,0,72,133,128,0,0,0,0,0,0,0
191.593399,191.509857,83,255,205,255,42,1,82,233,128,0,0,0,0,0,0,0
191.868134,191.786713,93,255,205,255,45,0,82,233,128,0,0,0,0,0,0,0
192.142853,192.063568,85,255,205,255,45,0,82,233,128,0,0,0,0,0,0,0
192.417587,192.340393,87,255,204,255,40,1,75,232,128,0,0,0,0,0,0,0
192.692307,192.617340,84,255,203,255,41,1,88,232,128,0,0,0,0,0,0,0
192.967026,192.894363,84,255,203,255,41,1,88,232,128,0,0,0,0,0,0,0
193.241760,193.158813,106,255,203,255,39,2,76,229,0,0,0,0,0,0,0,0
193.516479,193.445648,100,255,203,255,39,2,76,229,0,0,0,0,0,0,0,0
193.791214,193.706360,90,255,202,255,41,1,79,233,0,0,0,0,0,0,0,0
194.010986,193.937927,116,255,202,255,41,1,79,233,0,0,0,0,0,0,0,0
194.285721,194.210342,101,255,201,255,45,1,80,233,0,0,0,0,0,0,0,0
194.560440,194.487534,84,255,201,255,45,1,80,233,0,0,0,0,0,0,0,0
194.890106,194.764572,86,255,201,255,45,1,80,233,0,0,0,0,0,0,0,0
195.164841,195.069427,88,255,200,255,46,1,82,204,0,0,0,0,0,0,0,0
195.439560,195.346512,88,255,200,255,41,1,67,231,0,0,0,0,0,0,0,0
195.714279,195.623505,94,255,200,255,41,1,67,231,0,0,0,0,0,0,0,0
195.989014,195.900482,84,255,198,255,41,1,67,231,0,0,0,0,0,0,0,0
196.263733,196.177368,87,255,198,255,41,1,67,231,0,0,0,0,0,0,0,0
196.538467,196.455200,85,255,197,255,41,1,79,233,128,0,0,0,0,0,0,0
196.813187,196.732559,123,255,197,255,41,1,79,233,128,0,0,0,0,0,0,0
197.087906,197.009338,112,255,197,255,41,1,79,233,128,0,0,0,0,0,0,0
197.362640,197.286484,85,255,195,255,46,0,71,133,0,0,0,0,0,0,0,0
197.637360,197.552505,109,255,195,255,46,0,79,147,0,0,0,0,0,0,0,0
197.857147,197.786057,98,255,195,255,40,1,88,227,128,0,0,0,0,0,0,0
198.131866,198.046005,84,255,194,255,40,1,88,227,128,0,0,0,0,0,0,0
198.406601,198.332947,101,255,194,255,45,1,80,218,0,0,0,0,0,0,0,0
198.681320,198.605423,117,255,194,255,40,2,86,223,0,0,0,0,0,0,0,0
198.956039,198.882507,84,255,194,255,40,2,86,223,0,0,0,0,0,0,0,0
199.230774,199.159653,110,255,194,255,40,2,86,223,0,0,0,0,0,0,0,0
199.505493,199.411011,87,255,192,255,41,1,79,221,0,0,0,0,0,0,0,0
199.780212,199.689331,83,255,192,255,41,1,79,221,0,0,0,0,0,0,0,0
200.054947,199.966980,88,255,191,255,41,1,75,175,128,0,0,0,0,0,0,0
200.329666,200.257095,109,255,191,255,46,1,86,213,128,0,0,0,0,0,0,0
200.604401,200.517090,112,255,190,255,46,1,86,213,128,0,0,0,0,0,0,0
200.824173,200.749054,97,255,190,255,44,1,69,232,0,0,0,0,0,0,0,0
201.098907,201.008530,97,255,190,255,44,1,69,232,0,0,0,0,0,0,0,0
201.373627,201.283569,88,255,189,255,44,1,69,232,0,0,0,0,0,0,0,0
201.648346,201.561020,96,255,189,255,44,1,69,232,0,0,0,0,0,0,0,0
201.923080,201.839127,95,255,189,255,45,0,80,134,0,0,0,0,0,0,0,0
202.197800,202.116821,107,255,187,255,45,1,74,214,128,0,0,0,0,0,0,0
202.472534,202.391464,85,255,187,255,43,1,79,233,0,0,0,0,0,0,0,0
202.747253,202.651703,123,255,186,255,45,1,79,224,128,0,0,0,0,0,0,0
203.021973,202.939117,106,255,186,255,46,0,87,233,0,0,0,0,0,0,0,0
203.296707,203.200531,86,255,186,255,42,1,87,234,128,0,0,0,0,0,0,0
203.516479,203.437256,85,255,185,255,44,0,89,228,0,0,0,0,0,0,0,0
203.791214,203.714966,90,255,185,255,46,0,80,129,0,0,0,0,0,0,0,0
204.065933,203.979935,90,255,184,255,45,0,85,132,0,0,0,0,0,0,0,0
204.340652,204.266968,87,255,184,255,45,0,85,132,0,0,0,0,0,0,0,0
204.615387,204.526138,115,255,183,255,45,1,88,209,0,0,0,0,0,0,0,0
204.835159,204.757233,102,255,183,255,46,0,86,159,128,0,0,0,0,0,0,0
205.109894,205.030991,84,255,182,255,46,0,86,159,128,0,0,0,0,0,0,0
205.384613,205.307571,88,255,182,255,47,1,81,228,0,0,0,0,0,0,0,0
205.714279,205.584351,84,255,182,255,43,1,76,232,128,0,0,0,0,0,0,0
205.989014,205.860718,83,255,180,255,43,1,80,135,128,0,0,0,0,0,0,0
206.263733,206.165619,99,255,181,255,46,0,81,216,0,0,0,0,0,0,0,0
206.538467,206.441528,85,255,181,255,46,0,81,216,0,0,0,0,0,0,0,0
206.813187,206.715240,83,255,179,255,43,1,75,232,0,0,0,0,0,0,0,0
207.032974,206.947159,86,255,179,255,46,0,72,134,0,0,0,0,0,0,0,0
207.307693,207.232971,84,255,178,255,46,0,75,128,128,0,0,0,0,0,0,0
207.582413,207.490860,86,255,178,255,46,0,75,128,128,0,0,0,0,0,0,0
207.802200,207.724365,85,255,177,255,46,0,83,126,0,0,0,0,0,0,0,0
208.076920,208.000275,83,255,177,255,46,0,83,126,0,0,0,0,0,0,0,0
208.406601,208.277466,99,255,176,255,44,1,80,226,128,0,0,0,0,0,0,0
208.681320,208.581863,95,255,175,255,45,2,79,223,0,0,0,0,0,0,0,0
208.956039,208.857773,95,255,175,255,45,1,81,223,0,0,0,0,0,0,0,0
209.230774,209.133530,89,255,174,255,42,1,79,183,128,0,0,0,0,0,0,0
209.505493,209.404007,83,255,174,255,45,0,79,228,0,0,0,0,0,0,0,0
209.725281,209.635162,89,255,173,255,45,0,79,228,0,0,0,0,0,0,0,0
210.000000,209.920563,95,255,173,255,45,0,79,228,0,0,0,0,0,0,0,0
210.274719,210.178513,86,255,173,255,46,1,77,217,0,0,0,0,0,0,0,0
210.549454,210.448334,89,255,172,255,46,1,68,210,0,0,0,0,0,0,0,0
210.824173,210.724335,87,255,171,255,45,1,65,224,128,0,0,0,0,0,0,0
211.043961,210.964798,116,255,170,255,46,0,77,204,128,0,0,0,0,0,0,0
211.318680,211.225052,123,255,171,255,46,0,73,204,0,0,0,0,0,0,0,0
211.593399,211.509995,83,255,169,255,45,1,71,228,0,0,0,0,0,0,0,0
211.868134,211.767944,121,255,169,255,45,1,71,228,0,0,0,0,0,0,0,0
212.087906,212.009537,98,255,169,255,46,0,70,127,128,0,0,0,0,0,0,0
212.362640,212.269775,127,255,168,255,47,0,74,200,0,0,0,0,0,0,0,0
212.637360,212.555191,103,255,168,255,47,0,74,200,0,0,0,0,0,0,0,0
212.912094,212.816055,106,255,167,255,46,0,63,139,0,0,0,0,0,0,0,0
213.131866,213.049805,85,255,167,255,41,2,68,231,128,0,0,0,0,0,0,0
213.406601,213.323257,90,255,166,255,47,0,66,212,0,0,0,0,0,0,0,0
213.681320,213.581924,84,255,165,255,39,1,71,231,128,0,0,0,0,0,0,0
213.956039,213.867386,84,255,165,255,39,1,71,231,128,0,0,0,0,0,0,0
214.175827,214.098007,87,255,165,255,45,1,64,224,128,0,0,0,0,0,0,0
214.450546,214.358673,84,255,164,255,44,1,75,228,0,0,0,0,0,0,0,0
214.725281,214.634583,113,255,164,255,44,1,75,228,0,0,0,0,0,0,0,0
215.000000,214.911011,99,255,164,255,46,0,64,230,128,0,0,0,0,0,0,0
215.274719,215.186661,83,255,164,255,46,0,64,230,128,0,0,0,0,0,0,0
215.549454,215.463135,110,255,163,255,41,1,71,231,0,0,0,0,0,0,0,0
215.824173,215.738739,86,255,162,255,41,1,71,231,0,0,0,0,0,0,0,0
216.098907,216.015259,95,255,163,255,45,1,67,230,128,0,0,0,0,0,0,0
216.373627,216.282516,111,255,161,255,44,1,79,229,128,0,0,0,0,0,0,0
216.648346,216.568024,114,255,161,255,44,1,79,229,128,0,0,0,0,0,0,0
216.923080,216.826797,88,255,161,255,47,0,74,204,0,0,0,0,0,0,0,0
217.142853,217.060745,86,255,160,255,39,2,76,228,0,0,0,0,0,0,0,0
217.417587,217.327301,85,255,160,255,40,2,72,229,128,0,0,0,0,0,0,0
217.692307,217.605972,126,255,160,255,47,1,84,200,0,0,0,0,0,0,0,0
217.967026,217.881775,89,255,159,255,40,1,78,227,128,0,0,0,0,0,0,0
218.241760,218.142487,91,255,159,255,46,1,70,220,0,0,0,0,0,0,0,0
218.516479,218.428146,84,255,158,255,46,0,71,130,128,0,0,0,0,0,0,0
218.791214,218.688293,87,255,158,255,45,1,74,224,128,0,0,0,0,0,0,0
219.010986,218.920715,106,255,158,255,45,1,74,224,128,0,0,0,0,0,0,0
219.285721,219.194626,83,255,154,255,45,1,74,224,128,0,0,0,0,0,0,0
219.560440,219.460052,108,255,153,255,43,1,84,231,0,0,0,0,0,0,0,0
219.835159,219.745300,87,255,150,255,45,1,84,231,0,0,0,0,0,0,0,0
220.054947,219.975845,85,255,148,255,43,1,74,230,0,0,0,0,0,0,0,0
220.329666,220.234131,112,255,148,255,46,0,78,159,128,0,0,0,0,0,0,0
220.604401,220.503189,88,255,148,255,46,0,78,159,128,0,0,0,0,0,0,0
220.879120,220.778839,87,255,142,255,45,1,79,228,128,0,0,0,0,0,0,0
221.153839,221.055115,87,255,142,255,45,1,79,228,128,0,0,0,0,0,0,0
221.428574,221.331009,105,255,142,255,45,1,79,228,128,0,0,0,0,0,0,0
221.703293,221.607498,84,255,132,255,43,1,72,230,0,0,0,0,0,0,0,0
221.978027,221.884781,115,255,129,255,46,0,73,130,128,0,0,0,0,0,0,0
222.252747,222.152603,84,255,127,255,45,1,66,230,0,0,0,0,0,0,0,0
222.527466,222.437653,95,255,123,255,45,1,66,230,0,0,0,0,0,0,0,0
222.802200,222.697296,85,255,122,255,42,1,67,231,0,0,0,0,0,0,0,0
223.021973,222.927460,116,255,119,255,45,0,67,231,0,0,0,0,0,0,0,0
223.296707,223.198608,90,255,117,255,47,0,69,151,0,0,0,0,0,0,0,0
223.571426,223.474121,84,255,115,255,47,0,69,151,0,0,0,0,0,0,0,0
223.846161,223.749710,97,255,115,255,47,0,69,151,0,0,0,0,0,0,0,0
224.120880,224.026947,98,255,111,255,39,1,68,227,128,0,0,0,0,0,0,0
224.395599,224.299179,86,255,109,255,41,1,67,230,0,0,0,0,0,0,0,0
224.670334,224.585312,89,255,106,255,45,1,75,222,128,0,0,0,0,0,0,0
224.945053,224.843506,89,255,106,255,45,1,75,222,128,0,0,0,0,0,0,0
225.164841,225.074295,96,255,106,255,45,1,75,222,128,0,0,0,0,0,0,0
225.439560,225.337982,87,255,99,255,43,1,63,224,0,0,0,0,0,0,0,0
225.714279,225.613876,93,255,99,255,43,1,63,224,0,0,0,0,0,0,0,0
225.989014,225.890457,85,255,96,255,44,1,66,220,128,0,0,0,0,0,0,0
226.263733,226.167328,88,255,93,255,41,1,70,230,128,0,0,0,0,0,0,0
226.538467,226.443558,88,255,93,255,41,1,70,230,128,0,0,0,0,0,0,0
226.813187,226.720993,102,255,90,255,46,0,72,130,0,0,0,0,0,0,0,0
227.087906,226.996902,112,255,90,255,46,0,72,130,0,0,0,0,0,0,0,0
227.362640,227.271591,106,255,85,255,39,1,66,230,128,0,0,0,0,0,0,0
227.637360,227.532089,113,255,83,255,39,2,63,223,0,0,0,0,0,0,0,0
227.912094,227.817352,132,255,81,255,39,2,63,223,0,0,0,0,0,0,0,0
228.131866,228.047974,87,255,80,255,39,1,66,230,0,0,0,0,0,0,0,0
228.406601,228.308487,88,255,77,255,45,1,63,224,0,0,0,0,0,0,0,0
228.681320,228.584244,104,255,75,255,46,1,63,216,128,0,0,0,0,0,0,0
228.956039,228.859940,107,255,74,255,46,0,68,134,128,0,0,0,0,0,0,0
229.230774,229.137955,89,255,73,255,45,0,68,224,128,0,0,0,0,0,0,0
229.505493,229.405258,104,255,71,255,41,1,66,230,0,0,0,0,0,0,0,0
229.780212,229.693588,122,255,69,255,31,2,54,185,0,0,0,0,0,0,0,0
230.054947,229.951279,115,255,68,255,32,2,55,169,0,0,0,0,0,0,0,0
230.274719,230.184418,106,255,67,255,35,2,72,148,128,0,0,0,0,0,0,0
230.549454,230.452393,88,255,66,255,33,2,80,187,0,0,0,0,0,0,0,0
230.824173,230.720123,113,255,65,255,35,1,83,170,128,0,0,0,0,0,0,0
231.098907,231.008194,87,255,62,255,34,2,79,189,128,0,0,0,0,0,0,0
231.373627,231.266800,111,255,62,255,34,2,79,189,128,0,0,0,0,0,0,0
231.593399,231.497971,102,255,60,255,35,2,86,181,0,0,0,0,0,0,0,0
231.868134,231.764282,100,255,59,255,35,2,86,181,0,0,0,0,0,0,0,0
232.142853,232.040543,93,255,57,255,30,2,72,147,0,0,0,0,0,0,0,0
232.417587,232.316315,122,255,57,255,30,2,72,147,0,0,0,0,0,0,0,0
232.692307,232.590775,101,255,57,255,32,1,80,165,0,0,0,0,0,0,0,0
232.967026,232.876862,106,255,55,255,34,2,72,156,128,0,0,0,0,0,0,0
233.241760,233.135773,91,255,53,255,35,2,75,134,0,0,0,0,0,0,0,0
233.461533,233.366364,114,255,52,255,35,2,75,134,0,0,0,0,0,0,0,0
233.736267,233.627533,88,255,52,255,32,2,84,187,0,0,0,0,0,0,0,0
234.010986,233.903748,87,255,52,255,32,2,64,178,0,0,0,0,0,0,0,0
234.285721,234.180527,87,255,50,255,36,1,64,133,0,0,0,0,0,0,0,0
234.560440,234.453201,88,255,48,255,34,2,79,140,128,0,0,0,0,0,0,0
234.835159,234.740723,107,255,45,255,33,2,75,146,0,0,0,0,0,0,0,0
235.109894,234.999329,85,255,46,255,32,3,71,184,0,0,0,0,0,0,0,0
235.329666,235.231598,121,255,45,255,35,1,76,132,128,0,0,0,0,0,0,0
235.604401,235.494049,105,255,44,255,35,1,76,132,128,0,0,0,0,0,0,0
235.879120,235.770981,104,255,43,255,32,2,72,161,0,0,0,0,0,0,0,0
236.153839,236.059097,89,255,42,255,32,2,69,157,128,0,0,0,0,0,0,0
236.428574,236.317459,113,255,43,255,31,2,84,160,0,0,0,0,0,0,0,0
236.648346,236.551285,109,255,42,255,35,1,78,140,128,0,0,0,0,0,0,0
236.923080,236.812485,111,255,42,255,35,2,83,134,0,0,0,0,0,0,0,0
237.197800,237.100128,97,255,40,255,31,2,79,172,128,0,0,0,0,0,0,0
237.417587,237.332062,88,255,39,255,35,2,82,148,128,0,0,0,0,0,0,0
237.692307,237.590973,87,255,39,255,30,3,85,187,128,0,0,0,0,0,0,0
237.967026,237.877304,106,255,39,255,35,2,71,150,128,0,0,0,0,0,0,0
238.241760,238.134796,87,255,38,255,35,2,71,150,128,0,0,0,0,0,0,0
238.461533,238.365067,89,255,38,255,37,1,96,133,128,0,0,0,0,0,0,0
238.736267,238.650528,103,255,38,255,37,1,96,133,128,0,0,0,0,0,0,0
239.010986,238.924896,104,255,38,255,31,2,71,170,128,0,0,0,0,0,0,0
239.285721,239.174225,93,255,36,255,32,1,84,174,0,0,0,0,0,0,0,0
239.560440,239.471497,87,255,35,255,34,2,86,164,128,0,0,0,0,0,0,0
239.835159,239.729858,85,255,34,255,32,2,76,174,0,0,0,0,0,0,0,0
240.054947,239.962128,87,255,35,255,30,3,72,189,128,0,0,0,0,0,0,0
240.329666,240.221710,112,255,33,255,35,1,63,141,0,0,0,0,0,0,0,0
240.604401,240.515717,123,255,33,255,31,2,71,175,128,0,0,0,0,0,0,0
240.879120,240.784622,89,255,31,255,30,2,79,189,0,0,0,0,0,0,0,0
241.153839,241.043472,112,255,31,245,33,2,67,181,128,0,0,0,0,0,0,0
241.373627,241.272385,88,250,31,246,37,1,63,133,0,0,0,0,0,0,0,0
241.648346,241.558243,87,246,30,247,36,2,86,136,128,0,0,0,0,0,0,0
241.923080,241.821304,123,241,30,235,31,3,80,189,0,0,0,0,0,0,0,0
242.142853,242.053726,110,239,29,238,34,2,76,138,128,0,0,0,0,0,0,0
242.417587,242.310349,86,237,28,227,31,3,64,187,0,0,0,0,0,0,0,0
242.692307,242.594681,94,230,28,228,31,2,84,186,128,0,0,0,0,0,0,0
242.967026,242.824646,122,226,27,222,34,1,79,133,128,0,0,0,0,0,0,0
243.186813,243.096466,116,223,27,217,31,2,69,147,0,0,0,0,0,0,0,0
243.461533,243.366852,95,219,28,219,31,2,82,178,128,0,0,0,0,0,0,0
243.736267,243.623215,88,218,27,217,30,3,63,189,0,0,0,0,0,0,0,0
244.010986,243.906616,95,214,26,207,31,2,72,176,0,0,0,0,0,0,0,0
244.230774,244.138382,101,211,26,213,34,2,72,150,0,0,0,0,0,0,0,0
244.505493,244.398636,95,208,25,209,30,1,75,141,128,0,0,0,0,0,0,0
244.780212,244.683060,94,206,25,207,32,2,64,177,0,0,0,0,0,0,0,0
245.000000,244.911865,123,203,25,202,31,2,66,189,128,0,0,0,0,0,0,0
245.274719,245.168823,123,201,26,201,35,1,75,141,0,0,0,0,0,0,0,0
245.549454,245.455765,114,198,24,198,29,2,75,184,128,0,0,0,0,0,0,0
245.824173,245.713608,86,193,25,194,30,1,79,130,0,0,0,0,0,0,0,0
246.043961,245.945679,120,191,24,191,36,1,64,139,128,0,0,0,0,0,0,0
246.318680,246.229660,88,191,25,193,33,2,86,179,128,0,0,0,0,0,0,0
246.593399,246.490158,86,188,24,188,31,2,79,167,128,0,0,0,0,0,0,0
246.813187,246.719208,93,187,23,185,30,2,80,138,0,0,0,0,0,0,0,0
247.087906,246.975769,116,183,22,174,33,2,64,153,128,0,0,0,0,0,0,0
247.362640,247.259293,101,182,24,184,31,2,76,188,128,0,0,0,0,0,0,0
247.582413,247.490173,107,181,22,180,34,2,79,183,0,0,0,0,0,0,0,0
247.857147,247.748428,101,178,22,176,33,1,80,160,0,0,0,0,0,0,0,0
248.131866,248.032715,93,176,22,178,31,2,72,184,128,0,0,0,0,0,0,0
248.406601,248.292191,88,174,22,176,34,2,72,136,128,0,0,0,0,0,0,0
248.626373,248.522064,87,171,21,169,32,2,80,163,0,0,0,0,0,0,0,0
248.901093,248.805450,87,169,21,168,32,2,80,189,128,0,0,0,0,0,0,0
249.175827,249.061676,121,170,22,172,35,1,84,137,0,0,0,0,0,0,0,0
249.395599,249.292267,121,165,20,166,35,2,89,175,128,0,0,0,0,0,0,0
249.670334,249.578705,86,164,20,161,39,2,84,183,0,0,0,0,0,0,0,0
249.945053,249.836853,99,161,20,159,42,3,86,186,128,0,0,0,0,0,0,0
250.164841,250.065796,116,158,20,158,64,2,79,153,0,0,0,0,0,0,0,0
250.439560,250.324203,104,154,19,150,85,2,79,167,128,0,0,0,0,0,0,0
250.714279,250.609207,92,153,19,155,83,2,83,187,128,0,0,0,0,0,0,0
250.934067,250.839020,87,150,19,142,88,1,69,131,128,0,0,0,0,0,0,0
251.208786,251.096756,106,148,19,148,102,1,72,144,0,0,0,0,0,0,0,0
251.483521,251.379807,88,144,18,142,94,2,75,159,128,0,0,0,0,0,0,0
251.703293,251.611313,96,141,17,137,106,1,64,160,0,0,0,0,0,0,0,0
251.978027,251.866852,118,141,18,140,105,1,76,135,0,0,0,0,0,0,0,0
252.252747,252.150681,121,137,16,133,120,1,55,137,0,0,0,0,0,0,0,0
252.472534,252.380905,113,137,16,140,122,2,63,176,0,0,0,0,0,0,0,0
252.747253,252.638535,86,134,16,130,117,2,64,149,128,0,0,0,0,0,0,0
253.021973,252.922974,86,133,17,137,121,3,56,187,0,0,0,0,0,0,0,0
253.296707,253.180161,87,133,18,136,122,3,66,177,128,0,0,0,0,0,0,0
253.516479,253.410797,121,133,17,136,119,3,80,187,0,0,0,0,0,0,0,0
253.791214,253.696091,88,134,17,136,101,2,88,163,128,0,0,0,0,0,0,0
254.065933,253.952499,87,135,18,138,103,3,72,187,0,0,0,0,0,0,0,0
254.285721,254.180328,89,135,17,141,103,2,79,144,128,0,0,0,0,0,0,0
254.560440,254.464615,96,137,18,140,111,2,90,159,0,0,0,0,0,0,0,0
254.835159,254.720093,122,138,18,143,108,2,71,188,128,0,0,0,0,0,0,0
255.054947,254.947662,84,140,18,141,94,2,63,175,0,0,0,0,0,0,0,0
255.329666,255.232147,117,141,19,147,97,1,74,137,128,0,0,0,0,0,0,0
255.604401,255.487839,84,141,18,139,96,2,80,145,128,0,0,0,0,0,0,0
255.824173,255.718018,97,141,17,144,104,2,72,160,0,0,0,0,0,0,0,0
256.098907,256.003571,87,141,17,139,101,2,65,187,128,0,0,0,0,0,0,0
256.373627,256.258820,98,142,20,143,111,2,64,146,128,0,0,0,0,0,0,0
256.593414,256.488953,96,140,18,140,111,1,64,156,128,0,0,0,0,0,0,0
256.868134,256.771271,95,147,19,152,81,2,68,178,0,0,0,0,0,0,0,0
257.142853,257.026520,87,149,19,155,82,1,68,134,128,0,0,0,0,0,0,0
257.362640,257.256775,120,148,19,151,62,1,86,147,0,0,0,0,0,0,0,0
257.637360,257.541107,122,149,18,147,64,2,80,188,128,0,0,0,0,0,0,0
257.912079,257.798401,97,148,20,149,63,2,86,176,0,0,0,0,0,0,0,0
258.131866,258.028198,86,149,19,153,71,2,63,175,128,0,0,0,0,0,0,0
258.406586,258.309570,97,151,20,155,77,2,86,143,0,0,0,0,0,0,0,0
258.681305,258.567017,117,152,19,155,78,1,80,131,128,0,0,0,0,0,0,0
258.901093,258.797913,95,152,19,152,75,3,85,176,0,0,0,0,0,0,0,0
259.175812,259.081116,111,150,19,151,77,1,64,136,128,0,0,0,0,0,0,0
259.450562,259.337616,103,153,19,160,76,2,71,154,0,0,0,0,0,0,0,0
259.670319,259.567291,95,156,20,161,75,2,83,178,128,0,0,0,0,0,0,0
259.945068,259.825470,106,156,21,159,77,2,63,148,128,0,0,0,0,0,0,0
260.219788,260.111755,89,159,21,162,72,3,68,189,128,0,0,0,0,0,0,0
260.439575,260.341125,88,160,21,160,75,2,81,189,128,0,0,0,0,0,0,0
260.714294,260.600739,114,159,21,167,74,2,87,162,0,0,0,0,0,0,0,0
260.989014,260.875183,105,160,21,166,75,2,72,178,128,0,0,0,0,0,0,0
261.263733,261.145874,88,161,21,162,73,2,87,170,0,0,0,0,0,0,0,0
261.538452,261.431061,107,162,21,162,76,2,63,151,128,0,0,0,0,0,0,0
261.758240,261.664581,123,162,20,162,78,1,71,138,0,0,0,0,0,0,0,0
262.032959,261.921753,86,162,20,164,75,2,92,187,128,0,0,0,0,0,0,0
262.307678,262.208984,101,162,21,162,75,1,79,149,0,0,0,0,0,0,0,0
262.582428,262.465668,90,163,20,162,75,2,83,188,128,0,0,0,0,0,0,0
262.802185,262.695892,102,162,21,166,75,2,79,153,0,0,0,0,0,0,0,0
263.076935,262.979401,87,162,21,165,73,2,59,175,128,0,0,0,0,0,0,0
263.351654,263.237183,94,164,20,163,73,2,71,139,0,0,0,0,0,0,0,0
263.571442,263.468201,86,165,20,154,74,2,80,187,128,0,0,0,0,0,0,0
263.846161,263.726196,100,164,20,161,76,2,86,155,0,0,0,0,0,0,0,0
264.120880,264.010071,87,165,22,169,74,2,88,183,0,0,0,0,0,0,0,0
264.340668,264.239716,96,166,21,172,76,2,80,161,0,0,0,0,0,0,0,0
264.615387,264.495605,118,166,22,173,72,2,68,188,0,0,0,0,0,0,0,0
264.890106,264.782471,85,167,21,168,79,2,79,132,0,0,0,0,0,0,0,0
265.109894,265.010895,123,169,21,168,78,1,72,137,128,0,0,0,0,0,0,0
265.384613,265.267517,87,170,22,174,75,3,88,189,128,0,0,0,0,0,0,0
265.659332,265.550781,88,169,21,165,76,2,72,153,0,0,0,0,0,0,0,0
265.879120,265.779755,93,165,20,165,76,3,71,190,0,0,0,0,0,0,0,0
266.153839,266.035370,120,163,20,163,77,2,66,143,0,0,0,0,0,0,0,0
266.428558,266.320770,122,164,21,168,76,3,64,190,128,0,0,0,0,0,0,0
266.648346,266.550842,121,162,20,160,76,1,72,145,0,0,0,0,0,0,0,0
266.923065,266.809753,85,166,21,173,74,2,64,179,128,0,0,0,0,0,0,0
267.197815,267.096588,95,168,21,171,76,252,96,145,0,0,0,0,0,0,0,0
267.472534,267.355408,98,170,22,173,77,251,73,135,128,0,0,0,0,0,0,0
267.692322,267.585022,85,171,22,173,76,251,65,148,0,0,0,0,0,0,0,0
267.967041,267.870941,92,171,23,174,77,252,63,149,128,0,0,0,0,0,0,0
268.241760,268.128265,81,172,21,169,78,252,74,165,128,0,0,0,0,0,0,0
268.461548,268.357727,80,171,22,173,75,251,79,147,0,0,0,0,0,0,0,0
268.736267,268.615265,80,173,22,178,77,251,55,122,0,0,0,0,0,0,0,0
269.010986,268.900330,79,175,22,178,77,251,64,124,0,0,0,0,0,0,0,0
269.230774,269.130798,82,174,23,179,76,251,88,125,128,0,0,0,0,0,0,0
269.505493,269.388855,82,173,22,177,76,251,71,140,0,0,0,0,0,0,0,0
269.780212,269.672577,87,176,22,175,76,251,73,153,128,0,0,0,0,0,0,0
270.000000,269.903320,108,178,24,188,76,251,67,142,0,0,0,0,0,0,0,0
270.274719,270.159973,109,180,22,183,74,252,86,188,128,0,0,0,0,0,0,0
270.549438,270.445679,88,180,24,183,74,252,88,181,128,0,0,0,0,0,0,0
270.824188,270.703735,84,183,23,186,77,252,84,183,0,0,0,0,0,0,0,0
271.043945,270.933136,80,185,24,190,76,251,87,147,128,0,0,0,0,0,0,0
271.318695,271.217682,81,186,24,188,74,252,79,175,128,0,0,0,0,0,0,0
271.593414,271.475983,96,187,23,187,76,252,75,146,128,0,0,0,0,0,0,0
271.813202,271.706726,93,187,24,194,76,1,71,141,0,0,0,0,0,0,0,0
272.087921,271.964447,97,189,24,197,75,2,99,147,0,0,0,0,0,0,0,0
272.362640,272.249512,107,188,24,188,73,3,91,187,0,0,0,0,0,0,0,0
