0.000000,0.000000,105,255,234,255,192,0,64,162,1,0,0,0,0,0,0,0
0.274725,0.259580,105,255,233,255,192,0,68,162,129,0,0,0,0,0,0,0
0.494505,0.490579,136,255,234,255,192,0,69,162,1,0,0,0,0,0,0,0
0.769231,0.748468,105,255,233,255,192,0,69,162,1,0,0,0,0,0,0,0
1.043956,1.035715,105,255,233,255,186,1,73,218,1,0,0,0,0,0,0,0
1.318681,1.294786,105,255,234,255,192,0,68,162,129,0,0,0,0,0,0,0
1.538462,1.526291,106,255,234,255,191,0,70,192,1,0,0,0,0,0,0,0
1.813187,1.811801,105,255,233,255,191,0,67,204,129,0,0,0,0,0,0,0
2.087912,2.071283,105,255,233,255,192,0,67,162,1,0,0,0,0,0,0,0
2.307692,2.302224,105,255,233,255,192,0,68,162,129,0,0,0,0,0,0,0
2.582417,2.560986,105,255,233,255,192,0,68,162,1,0,0,0,0,0,0,0
2.857143,2.846448,105,255,233,255,192,0,68,162,1,0,0,0,0,0,0,0
3.076923,3.077852,105,255,233,255,187,1,70,217,1,0,0,0,0,0,0,0
3.351648,3.336508,105,255,233,255,189,1,69,216,1,0,0,0,0,0,0,0
3.626374,3.622122,105,255,233,255,192,0,72,162,1,0,0,0,0,0,0,0
3.901099,3.889436,122,255,233,255,192,0,68,162,1,0,0,0,0,0,0,0
4.175824,4.155358,111,255,233,255,191,0,68,162,1,0,0,0,0,0,0,0
4.395605,4.387173,105,255,233,255,191,0,66,162,129,0,0,0,0,0,0,0
4.670330,4.645576,105,255,233,255,192,0,66,162,1,0,0,0,0,0,0,0
4.945055,4.932163,120,255,233,255,192,0,70,162,1,0,0,0,0,0,0,0
5.219780,5.194304,105,255,233,255,192,0,70,162,129,0,0,0,0,0,0,0
5.439560,5.424834,105,255,233,255,192,0,70,162,129,0,0,0,0,0,0,0
5.714286,5.710549,105,255,233,255,192,0,75,162,129,0,0,0,0,0,0,0
5.989011,5.968647,104,255,233,255,187,1,67,162,129,0,0,0,0,0,0,0
6.208791,6.202662,105,255,233,255,191,1,75,192,129,0,0,0,0,0,0,0
6.483517,6.479595,105,255,233,255,192,0,68,162,1,0,0,0,0,0,0,0
6.758242,6.755396,130,255,233,255,190,1,69,208,129,0,0,0,0,0,0,0
7.032967,7.013906,105,255,233,255,190,1,69,175,1,0,0,0,0,0,0,0
7.307693,7.300135,105,255,233,255,190,1,69,175,1,0,0,0,0,0,0,0
7.582417,7.562889,107,255,233,255,189,1,69,205,1,0,0,0,0,0,0,0
7.802198,7.796285,105,255,233,255,191,1,69,163,129,0,0,0,0,0,0,0
8.076923,8.054642,105,255,233,255,192,0,68,162,1,0,0,0,0,0,0,0
8.351648,8.341531,105,255,233,255,189,1,70,207,129,0,0,0,0,0,0,0
8.626373,8.599938,115,255,233,255,189,1,70,207,129,0,0,0,0,0,0,0
8.846154,8.831033,105,255,232,255,189,1,70,207,129,0,0,0,0,0,0,0
9.120879,9.107136,105,255,232,255,192,0,72,162,129,0,0,0,0,0,0,0
9.395604,9.383207,105,255,232,255,192,0,72,162,129,0,0,0,0,0,0,0
9.670330,9.652053,105,255,232,255,190,1,73,210,129,0,0,0,0,0,0,0
9.945055,9.939048,105,255,232,255,189,1,68,213,129,0,0,0,0,0,0,0
10.219780,10.197401,105,255,232,255,187,1,74,217,1,0,0,0,0,0,0,0
10.439561,10.427729,105,255,231,255,191,0,69,162,1,0,0,0,0,0,0,0
10.714286,10.692068,105,255,231,255,191,0,69,162,1,0,0,0,0,0,0,0
10.989011,10.968081,105,255,232,255,189,1,69,199,1,0,0,0,0,0,0,0
11.263737,11.244923,105,255,232,255,189,1,66,210,1,0,0,0,0,0,0,0
11.538462,11.531593,105,255,231,255,192,0,68,162,1,0,0,0,0,0,0,0
11.813187,11.789899,105,255,231,255,192,0,66,162,129,0,0,0,0,0,0,0
12.032967,12.021405,105,255,232,255,192,0,65,162,1,0,0,0,0,0,0,0
12.307693,12.282218,105,255,231,255,189,1,68,199,129,0,0,0,0,0,0,0
12.582417,12.579597,122,255,231,255,192,0,68,162,1,0,0,0,0,0,0,0
12.857142,12.838720,123,255,231,255,191,1,68,178,129,0,0,0,0,0,0,0
13.076923,13.069864,120,255,231,255,193,0,70,162,1,0,0,0,0,0,0,0
13.351648,13.328731,105,255,231,255,191,0,69,162,129,0,0,0,0,0,0,0
13.626373,13.616445,105,255,231,255,192,0,68,162,1,0,0,0,0,0,0,0
13.901099,13.875923,105,255,231,255,192,0,67,162,129,0,0,0,0,0,0,0
14.120879,14.107224,105,255,231,255,192,0,73,162,1,0,0,0,0,0,0,0
14.395604,14.393091,122,255,231,255,192,0,71,162,129,0,0,0,0,0,0,0
14.670330,14.651957,105,255,231,255,186,1,76,216,1,0,0,0,0,0,0,0
14.890110,14.883205,122,255,231,255,192,0,74,214,1,0,0,0,0,0,0,0
15.164835,15.142428,111,255,231,255,191,1,68,200,129,0,0,0,0,0,0,0
15.439561,15.429478,104,255,230,255,192,0,73,161,129,0,0,0,0,0,0,0
15.714286,15.687574,105,255,230,255,192,0,68,161,129,0,0,0,0,0,0,0
15.934066,15.923377,105,255,230,255,192,0,70,162,129,0,0,0,0,0,0,0
16.208792,16.182602,105,255,230,255,191,0,72,192,129,0,0,0,0,0,0,0
16.483517,16.469902,104,255,230,255,191,0,72,161,1,0,0,0,0,0,0,0
16.758242,16.728260,105,255,230,255,190,1,72,201,129,0,0,0,0,0,0,0
16.978022,16.961832,106,255,230,255,189,1,75,213,1,0,0,0,0,0,0,0
17.252747,17.248598,105,255,230,255,189,1,70,212,129,0,0,0,0,0,0,0
17.527473,17.507870,105,255,230,255,192,0,74,162,1,0,0,0,0,0,0,0
17.747253,17.739275,105,255,230,255,192,0,72,198,129,0,0,0,0,0,0,0
18.021978,17.998192,105,255,230,255,192,0,73,162,1,0,0,0,0,0,0,0
18.296703,18.284216,105,255,230,255,191,1,68,202,129,0,0,0,0,0,0,0
18.571428,18.542055,105,255,230,255,189,0,73,162,1,0,0,0,0,0,0,0
18.791208,18.773647,105,255,229,255,192,0,74,162,129,0,0,0,0,0,0,0
19.065933,19.059580,105,255,229,255,192,0,73,162,1,0,0,0,0,0,0,0
19.340660,19.318346,106,255,229,255,190,1,74,179,1,0,0,0,0,0,0,0
19.560440,19.551029,105,255,229,255,187,1,72,215,1,0,0,0,0,0,0,0
19.835165,19.809994,105,255,229,255,192,0,71,162,129,0,0,0,0,0,0,0
20.109890,20.097914,105,255,229,255,190,1,73,162,1,0,0,0,0,0,0,0
20.384615,20.355600,105,255,229,255,192,0,68,161,129,0,0,0,0,0,0,0
20.604395,20.587259,105,255,228,255,192,0,73,162,1,0,0,0,0,0,0,0
20.879122,20.874098,105,255,228,255,192,0,72,162,129,0,0,0,0,0,0,0
21.153847,21.134655,125,255,228,255,187,1,71,214,129,0,0,0,0,0,0,0
21.373627,21.365953,107,255,228,255,192,1,71,162,1,0,0,0,0,0,0,0
21.648352,21.624050,105,255,228,255,191,0,67,162,1,0,0,0,0,0,0,0
21.923077,21.909306,105,255,228,255,192,0,66,162,1,0,0,0,0,0,0,0
22.197802,22.168171,105,255,228,255,191,1,71,181,129,0,0,0,0,0,0,0
22.417582,22.407507,105,255,228,255,191,1,71,181,129,0,0,0,0,0,0,0
22.692308,22.683668,137,255,228,255,189,1,70,216,129,0,0,0,0,0,0,0
23.021978,22.959887,105,255,227,255,189,1,70,216,129,0,0,0,0,0,0,0
23.296703,23.235746,127,255,227,255,191,0,65,162,129,0,0,0,0,0,0,0
23.571428,23.539780,105,255,227,255,192,0,65,162,1,0,0,0,0,0,0,0
23.791208,23.771692,105,255,227,255,190,0,66,202,129,0,0,0,0,0,0,0
24.065933,24.058483,105,255,227,255,187,1,65,162,1,0,0,0,0,0,0,0
24.340660,24.316893,125,255,226,255,192,0,65,162,129,0,0,0,0,0,0,0
24.560440,24.549879,105,255,226,255,191,0,65,162,129,0,0,0,0,0,0,0
24.835165,24.823843,127,255,226,255,191,0,62,176,129,0,0,0,0,0,0,0
25.109890,25.101437,105,255,226,255,191,1,61,205,1,0,0,0,0,0,0,0
25.439560,25.377398,112,255,226,255,191,1,61,205,1,0,0,0,0,0,0,0
25.659340,25.650541,106,255,226,255,189,1,64,206,1,0,0,0,0,0,0,0
25.934067,25.908949,105,255,226,255,189,1,64,206,1,0,0,0,0,0,0,0
26.208792,26.195942,105,255,225,255,192,0,66,162,1,0,0,0,0,0,0,0
26.483517,26.454498,105,255,226,255,192,0,64,161,129,0,0,0,0,0,0,0
26.703297,26.692198,105,255,226,255,192,0,64,161,129,0,0,0,0,0,0,0
26.978022,26.968464,104,255,226,255,192,0,64,161,129,0,0,0,0,0,0,0
27.307692,27.245140,132,255,225,255,189,1,64,210,1,0,0,0,0,0,0,0
27.582418,27.550097,105,255,225,255,189,1,64,210,1,0,0,0,0,0,0,0
27.802198,27.786007,105,255,225,255,192,0,68,162,129,0,0,0,0,0,0,0
28.076923,28.045486,105,255,225,255,192,0,60,196,129,0,0,0,0,0,0,0
28.351648,28.331610,104,255,225,255,192,0,60,196,129,0,0,0,0,0,0,0
28.571428,28.563065,105,255,225,255,191,1,68,208,1,0,0,0,0,0,0,0
28.846153,28.834721,105,255,225,255,191,1,68,208,1,0,0,0,0,0,0,0
29.175825,29.111961,105,255,224,255,193,0,64,162,129,0,0,0,0,0,0,0
29.395605,29.379429,105,255,224,255,192,0,69,162,1,0,0,0,0,0,0,0
29.670330,29.638393,105,255,224,255,192,0,61,162,129,0,0,0,0,0,0,0
29.945055,29.925133,105,255,224,255,192,1,61,178,129,0,0,0,0,0,0,0
30.164835,30.156534,105,255,224,255,191,1,65,216,1,0,0,0,0,0,0,0
30.439560,30.418322,105,255,224,255,190,0,64,187,129,0,0,0,0,0,0,0
30.714285,30.704950,105,255,223,255,193,0,63,162,1,0,0,0,0,0,0,0
30.989012,30.963718,105,255,223,255,192,0,66,184,129,0,0,0,0,0,0,0
31.208792,31.195580,105,255,223,255,190,1,61,206,1,0,0,0,0,0,0,0
31.483517,31.454189,105,255,223,255,192,0,63,162,129,0,0,0,0,0,0,0
31.758242,31.740362,123,255,223,255,192,0,60,162,1,0,0,0,0,0,0,0
32.032967,31.999077,105,255,223,255,192,0,61,162,129,0,0,0,0,0,0,0
32.252747,32.229965,111,255,223,255,192,0,64,162,1,0,0,0,0,0,0,0
32.527473,32.517216,105,255,223,255,192,0,60,162,129,0,0,0,0,0,0,0
32.802197,32.775982,132,255,223,255,193,0,59,162,1,0,0,0,0,0,0,0
33.021976,33.007435,108,255,223,255,191,1,68,172,129,0,0,0,0,0,0,0
33.296703,33.265274,110,255,222,255,193,0,70,175,129,0,0,0,0,0,0,0
33.571430,33.552269,138,255,223,255,191,1,64,162,129,0,0,0,0,0,0,0
33.846153,33.810066,105,255,223,255,192,0,59,161,129,0,0,0,0,0,0,0
34.065933,34.041821,105,255,222,255,192,0,60,162,1,0,0,0,0,0,0,0
34.340660,34.328506,105,255,223,255,192,0,62,161,129,0,0,0,0,0,0,0
34.615383,34.587631,109,255,222,255,192,0,61,162,1,0,0,0,0,0,0,0
34.835163,34.819397,104,255,222,255,188,1,63,207,129,0,0,0,0,0,0,0
35.109890,35.078003,105,255,222,255,189,1,59,205,1,0,0,0,0,0,0,0
35.384617,35.364685,127,255,222,255,191,1,62,179,129,0,0,0,0,0,0,0
35.659340,35.623299,105,255,222,255,192,0,64,162,1,0,0,0,0,0,0,0
35.879120,35.855007,107,255,222,255,192,0,58,161,129,0,0,0,0,0,0,0
36.153847,36.142258,105,255,222,255,187,1,63,213,1,0,0,0,0,0,0,0
36.428570,36.401226,123,255,222,255,192,0,64,162,129,0,0,0,0,0,0,0
36.648350,36.632168,105,255,221,255,191,0,60,188,1,0,0,0,0,0,0,0
36.923077,36.891491,104,255,222,255,192,0,57,162,129,0,0,0,0,0,0,0
37.197803,37.177616,105,255,221,255,192,0,62,210,1,0,0,0,0,0,0,0
37.472527,37.436329,105,255,221,255,192,0,60,162,129,0,0,0,0,0,0,0
37.692307,37.667168,105,255,221,255,192,0,62,162,1,0,0,0,0,0,0,0
37.967033,37.954777,104,255,221,255,188,1,60,211,129,0,0,0,0,0,0,0
38.241756,38.212929,104,255,221,255,188,1,62,213,1,0,0,0,0,0,0,0
38.461540,38.444225,104,255,221,255,192,0,58,162,1,0,0,0,0,0,0,0
38.736263,38.702526,104,255,221,255,192,0,61,161,129,0,0,0,0,0,0,0
39.010990,38.989063,108,255,221,255,191,0,60,172,1,0,0,0,0,0,0,0
39.285713,39.247528,105,255,221,255,192,0,63,211,129,0,0,0,0,0,0,0
39.505493,39.479126,105,255,221,255,189,1,64,199,1,0,0,0,0,0,0,0
39.780220,39.765503,105,255,221,255,192,0,60,161,129,0,0,0,0,0,0,0
40.054947,40.024525,105,255,221,255,191,1,60,162,1,0,0,0,0,0,0,0
40.274727,40.256439,119,255,221,255,191,0,62,176,129,0,0,0,0,0,0,0
40.549450,40.515511,104,255,221,255,191,1,61,167,1,0,0,0,0,0,0,0
40.824177,40.801735,105,255,221,255,191,0,62,162,129,0,0,0,0,0,0,0
41.098900,41.061115,105,255,221,255,192,0,65,162,1,0,0,0,0,0,0,0
41.318680,41.292618,105,255,221,255,187,1,63,212,129,0,0,0,0,0,0,0
41.593407,41.579048,104,255,221,255,188,1,63,212,1,0,0,0,0,0,0,0
41.868134,41.838173,105,255,221,255,187,1,65,213,129,0,0,0,0,0,0,0
42.087914,42.070549,104,255,221,255,192,0,68,161,1,0,0,0,0,0,0,0
42.362637,42.328747,105,255,221,255,192,0,62,161,1,0,0,0,0,0,0,0
42.637363,42.615074,104,255,220,255,188,1,65,211,129,0,0,0,0,0,0,0
42.912086,42.874146,105,255,221,255,192,0,60,162,1,0,0,0,0,0,0,0
43.131866,43.105766,104,255,220,255,192,0,60,162,129,0,0,0,0,0,0,0
43.406593,43.392750,104,255,221,255,187,1,61,212,1,0,0,0,0,0,0,0
43.681320,43.652126,136,255,220,255,187,1,56,212,129,0,0,0,0,0,0,0
43.901100,43.883987,105,255,221,255,191,1,60,161,1,0,0,0,0,0,0,0
44.175823,44.142956,132,255,221,255,192,0,60,161,129,0,0,0,0,0,0,0
44.450550,44.429184,105,255,221,255,192,0,61,161,1,0,0,0,0,0,0,0
44.725273,44.688461,105,255,221,255,191,1,61,192,129,0,0,0,0,0,0,0
44.945053,44.920628,105,255,221,255,192,0,63,161,1,0,0,0,0,0,0,0
45.219780,45.179905,104,255,221,255,187,1,59,207,129,0,0,0,0,0,0,0
45.494507,45.466537,104,255,220,255,189,1,53,176,1,0,0,0,0,0,0,0
45.714287,45.700756,105,255,220,255,192,0,58,161,129,0,0,0,0,0,0,0
45.989010,45.959930,105,255,220,255,191,1,59,200,1,0,0,0,0,0,0,0
46.263737,46.245541,107,255,221,255,190,1,58,205,1,0,0,0,0,0,0,0
46.538460,46.506145,104,255,221,255,192,0,61,161,1,0,0,0,0,0,0,0
46.813187,46.774124,105,255,221,255,192,0,59,162,129,0,0,0,0,0,0,0
47.032967,47.009155,105,255,220,255,189,1,62,205,129,0,0,0,0,0,0,0
47.307693,47.267868,104,255,220,255,190,1,60,201,1,0,0,0,0,0,0,0
47.582417,47.553535,104,255,221,255,188,1,66,210,1,0,0,0,0,0,0,0
47.802197,47.784679,105,255,220,255,192,0,64,161,1,0,0,0,0,0,0,0
48.076923,48.045799,106,255,221,255,193,1,58,191,129,0,0,0,0,0,0,0
48.351650,48.332329,104,255,221,255,191,1,60,167,1,0,0,0,0,0,0,0
48.626373,48.591759,119,255,220,255,191,1,60,192,129,0,0,0,0,0,0,0
48.846153,48.823059,105,255,221,255,192,0,64,161,1,0,0,0,0,0,0,0
49.120880,49.082283,105,255,221,255,191,1,63,163,129,0,0,0,0,0,0,0
49.395603,49.367947,104,255,221,255,192,0,58,161,129,0,0,0,0,0,0,0
49.615383,49.600422,105,255,220,255,192,0,56,161,1,0,0,0,0,0,0,0
49.890110,49.859901,104,255,221,255,192,0,63,161,1,0,0,0,0,0,0,0
50.164837,50.145363,105,255,221,255,192,0,61,161,129,0,0,0,0,0,0,0
50.439560,50.405254,105,255,221,255,192,0,59,161,1,0,0,0,0,0,0,0
50.659340,50.636139,105,255,221,255,190,0,58,204,129,0,0,0,0,0,0,0
50.934067,50.894958,104,255,221,255,192,0,63,161,1,0,0,0,0,0,0,0
51.208790,51.180416,105,255,221,255,192,0,64,162,129,0,0,0,0,0,0,0
51.428570,51.412357,106,255,221,255,192,0,58,161,1,0,0,0,0,0,0,0
51.703297,51.671654,104,255,221,255,187,1,61,211,129,0,0,0,0,0,0,0
51.978024,51.958092,107,255,221,255,192,0,60,161,129,0,0,0,0,0,0,0
52.252747,52.216797,104,255,221,255,188,1,52,212,1,0,0,0,0,0,0,0
52.472527,52.447998,104,255,221,255,192,0,59,161,129,0,0,0,0,0,0,0
52.747253,52.706963,104,255,220,255,191,0,57,212,1,0,0,0,0,0,0,0
53.021976,52.993195,106,255,221,255,192,0,59,184,129,0,0,0,0,0,0,0
53.241756,53.225361,104,255,221,255,192,0,58,180,1,0,0,0,0,0,0,0
53.516483,53.484482,105,255,221,255,192,0,54,211,129,0,0,0,0,0,0,0
53.791210,53.771271,104,255,221,255,190,1,58,197,1,0,0,0,0,0,0,0
54.065933,54.030190,104,255,221,255,191,0,59,181,129,0,0,0,0,0,0,0
54.285713,54.261745,128,255,221,255,192,0,58,204,1,0,0,0,0,0,0,0
54.560440,54.520660,104,255,221,255,187,1,63,209,129,0,0,0,0,0,0,0
54.835163,54.807453,104,255,221,255,193,0,60,209,1,0,0,0,0,0,0,0
55.109890,55.066368,122,255,221,255,192,0,57,196,129,0,0,0,0,0,0,0
55.329670,55.297825,104,255,221,255,192,0,58,161,1,0,0,0,0,0,0,0
55.604397,55.584152,104,255,221,255,192,0,58,161,129,0,0,0,0,0,0,0
55.879120,55.843170,104,255,221,255,188,1,60,209,1,0,0,0,0,0,0,0
56.098900,56.074219,104,255,221,255,190,0,54,173,129,0,0,0,0,0,0,0
56.373627,56.332264,104,255,221,255,191,0,59,182,129,0,0,0,0,0,0,0
56.648350,56.619205,104,255,221,255,191,0,56,187,1,0,0,0,0,0,0,0
56.923077,56.878639,104,255,221,255,193,0,56,161,1,0,0,0,0,0,0,0
57.142857,57.110291,105,255,221,255,191,0,59,162,1,0,0,0,0,0,0,0
57.417583,57.397133,104,255,221,255,192,0,61,211,129,0,0,0,0,0,0,0
57.692307,57.655945,105,255,221,255,189,1,60,191,1,0,0,0,0,0,0,0
57.912086,57.887249,104,255,221,255,188,1,54,207,129,0,0,0,0,0,0,0
58.186813,58.145805,105,255,221,255,192,0,53,210,1,0,0,0,0,0,0,0
58.461540,58.433163,104,255,221,255,191,0,56,161,129,0,0,0,0,0,0,0
58.736263,58.691875,104,255,221,255,192,0,51,161,1,0,0,0,0,0,0,0
58.956043,58.923630,104,255,221,255,192,0,58,161,129,0,0,0,0,0,0,0
59.230770,59.209244,109,255,221,255,191,0,60,176,1,0,0,0,0,0,0,0
59.505493,59.467957,104,255,221,255,192,0,64,161,129,0,0,0,0,0,0,0
59.725273,59.699818,106,255,221,255,192,0,63,161,1,0,0,0,0,0,0,0
60.000000,59.958633,104,255,221,255,188,1,58,210,129,0,0,0,0,0,0,0
60.274727,60.245113,104,255,221,255,190,0,57,161,1,0,0,0,0,0,0,0
60.549450,60.503628,104,255,221,255,192,0,63,206,1,0,0,0,0,0,0,0
60.769230,60.736046,104,255,221,255,192,0,63,161,1,0,0,0,0,0,0,0
61.043957,61.021969,104,255,221,255,192,0,63,207,1,0,0,0,0,0,0,0
61.318680,61.280933,105,255,221,255,192,0,61,210,129,0,0,0,0,0,0,0
61.538460,61.512901,104,255,221,255,187,1,59,210,1,0,0,0,0,0,0,0
61.813187,61.771976,104,255,221,255,192,0,58,165,129,0,0,0,0,0,0,0
62.087914,62.059425,104,255,221,255,188,1,60,203,1,0,0,0,0,0,0,0
62.362637,62.318447,104,255,221,255,192,0,62,161,129,0,0,0,0,0,0,0
62.582417,62.549931,104,255,221,255,191,1,65,188,1,0,0,0,0,0,0,0
62.857143,62.836124,105,255,221,255,192,1,59,181,129,0,0,0,0,0,0,0
63.131866,63.094940,104,255,222,255,192,0,57,161,1,0,0,0,0,0,0,0
63.351650,63.326496,104,255,221,255,192,0,57,163,129,0,0,0,0,0,0,0
63.626373,63.585670,104,255,221,255,189,1,59,203,1,0,0,0,0,0,0,0
63.901100,63.872097,104,255,221,255,192,0,59,161,129,0,0,0,0,0,0,0
64.175827,64.131584,104,255,221,255,191,0,59,161,1,0,0,0,0,0,0,0
64.395607,64.361916,104,255,221,255,192,0,56,161,129,0,0,0,0,0,0,0
64.670326,64.649162,105,255,221,255,187,1,57,209,1,0,0,0,0,0,0,0
64.945053,64.907257,104,255,221,255,189,1,56,161,1,0,0,0,0,0,0,0
65.164833,65.138710,105,255,221,255,192,0,58,161,1,0,0,0,0,0,0,0
65.439560,65.398293,127,255,221,255,189,1,58,183,129,0,0,0,0,0,0,0
65.714287,65.684982,104,255,221,255,192,0,55,197,129,0,0,0,0,0,0,0
65.989014,65.943893,125,255,221,255,192,0,53,161,129,0,0,0,0,0,0,0
66.208794,66.175400,104,255,221,255,192,0,56,205,129,0,0,0,0,0,0,0
66.483513,66.461937,126,255,221,255,191,1,63,168,1,0,0,0,0,0,0,0
66.758240,66.721207,104,255,221,255,189,1,57,208,129,0,0,0,0,0,0,0
66.978020,66.952736,104,255,221,255,192,0,54,161,1,0,0,0,0,0,0,0
67.252747,67.212296,104,255,221,255,188,1,58,208,129,0,0,0,0,0,0,0
67.527473,67.501030,104,255,221,255,192,0,63,160,1,0,0,0,0,0,0,0
67.802200,67.759644,105,255,221,255,188,1,63,203,129,0,0,0,0,0,0,0
68.021980,67.990784,104,255,221,255,189,0,58,199,129,0,0,0,0,0,0,0
68.296700,68.251236,104,255,221,255,192,0,58,199,129,0,0,0,0,0,0,0
68.571426,68.537621,104,255,221,255,191,0,58,161,1,0,0,0,0,0,0,0
68.791206,68.769173,105,255,221,255,191,0,64,176,129,0,0,0,0,0,0,0
69.065933,69.029015,105,255,221,255,191,0,59,189,1,0,0,0,0,0,0,0
69.340660,69.315598,104,255,221,255,189,0,56,161,129,0,0,0,0,0,0,0
69.615387,69.574821,108,255,221,255,192,0,60,161,1,0,0,0,0,0,0,0
69.835167,69.805763,125,255,221,255,190,0,60,198,1,0,0,0,0,0,0,0
70.109894,70.065140,104,255,221,255,191,1,58,172,129,0,0,0,0,0,0,0
70.384613,70.352135,111,255,221,255,191,0,58,178,129,0,0,0,0,0,0,0
70.659340,70.610359,104,255,221,255,192,0,54,161,129,0,0,0,0,0,0,0
70.879120,70.841888,127,255,221,255,191,0,58,183,1,0,0,0,0,0,0,0
71.153847,71.129753,105,255,221,255,192,0,56,161,129,0,0,0,0,0,0,0
71.428574,71.388824,106,255,221,255,189,1,58,175,1,0,0,0,0,0,0,0
71.648354,71.620636,104,255,221,255,190,1,57,161,129,0,0,0,0,0,0,0
71.923080,71.879601,125,255,221,255,192,0,58,161,1,0,0,0,0,0,0,0
72.197800,72.165634,104,255,221,255,192,0,56,161,129,0,0,0,0,0,0,0
72.472527,72.424957,104,255,221,255,192,0,58,209,1,0,0,0,0,0,0,0
72.692307,72.656769,104,255,221,255,187,1,55,209,129,0,0,0,0,0,0,0
72.967033,72.917122,104,255,221,255,191,1,54,176,1,0,0,0,0,0,0,0
73.241760,73.204674,104,255,221,255,189,1,55,203,129,0,0,0,0,0,0,0
73.516487,73.465981,104,255,221,255,192,0,57,160,1,0,0,0,0,0,0,0
73.736267,73.698883,122,255,221,255,193,1,57,196,129,0,0,0,0,0,0,0
74.010986,73.987206,104,255,221,255,192,0,51,161,1,0,0,0,0,0,0,0
74.285713,74.247505,116,255,222,255,192,0,57,161,129,0,0,0,0,0,0,0
74.505493,74.480705,104,255,221,255,188,1,57,161,1,0,0,0,0,0,0,0
74.780220,74.740280,104,255,221,255,187,1,55,162,1,0,0,0,0,0,0,0
75.054947,75.028046,104,255,221,255,187,1,52,208,1,0,0,0,0,0,0,0
75.329674,75.289467,104,255,221,255,193,0,57,160,129,0,0,0,0,0,0,0
75.549454,75.521278,110,255,222,255,192,1,53,176,1,0,0,0,0,0,0,0
75.824173,75.781685,104,255,221,255,189,0,53,161,1,0,0,0,0,0,0,0
76.098900,76.070053,104,255,221,255,192,0,49,161,129,0,0,0,0,0,0,0
76.373627,76.330307,111,255,221,255,190,0,53,161,1,0,0,0,0,0,0,0
76.593407,76.563499,104,255,221,255,191,1,58,165,129,0,0,0,0,0,0,0
76.868134,76.823486,136,255,222,255,192,0,50,162,1,0,0,0,0,0,0,0
77.142860,77.110634,104,255,222,255,192,0,51,160,129,0,0,0,0,0,0,0
77.417580,77.370270,112,255,222,255,193,0,51,180,1,0,0,0,0,0,0,0
77.637360,77.603722,104,255,221,255,191,0,52,161,129,0,0,0,0,0,0,0
77.912086,77.863914,104,255,222,255,192,0,54,168,1,0,0,0,0,0,0,0
78.186813,78.151474,104,255,222,255,192,0,54,160,129,0,0,0,0,0,0,0
78.461540,78.411621,104,255,222,255,191,0,50,161,1,0,0,0,0,0,0,0
78.681320,78.644661,113,255,222,255,191,1,52,180,129,0,0,0,0,0,0,0
78.956047,78.904343,104,255,222,255,187,1,52,207,1,0,0,0,0,0,0,0
79.230766,79.192375,104,255,222,255,192,0,51,161,129,0,0,0,0,0,0,0
79.505493,79.452766,134,255,222,255,191,1,50,199,1,0,0,0,0,0,0,0
79.725273,79.685448,104,255,222,255,192,0,50,161,129,0,0,0,0,0,0,0
80.000000,79.973206,104,255,222,255,193,0,50,161,1,0,0,0,0,0,0,0
80.274727,80.232681,104,255,222,255,191,1,52,192,1,0,0,0,0,0,0,0
80.494507,80.465622,104,255,222,255,192,0,53,167,129,0,0,0,0,0,0,0
80.769234,80.725456,116,255,222,255,192,0,49,185,129,0,0,0,0,0,0,0
81.043953,81.013374,104,255,223,255,191,1,49,194,1,0,0,0,0,0,0,0
81.318680,81.273468,104,255,223,255,192,0,49,161,1,0,0,0,0,0,0,0
81.538460,81.506454,113,255,223,255,192,0,51,161,129,0,0,0,0,0,0,0
81.813187,81.766617,104,255,223,255,192,0,51,160,1,0,0,0,0,0,0,0
82.087914,82.054214,104,255,223,255,192,0,48,161,129,0,0,0,0,0,0,0
82.362640,82.313644,121,255,223,255,192,0,49,194,1,0,0,0,0,0,0,0
82.582420,82.546478,104,255,223,255,190,1,48,163,129,0,0,0,0,0,0,0
82.857140,82.807190,120,255,223,255,192,0,49,192,1,0,0,0,0,0,0,0
83.131866,83.095055,137,255,223,255,191,1,50,162,129,0,0,0,0,0,0,0
83.406593,83.355247,104,255,223,255,192,0,51,161,1,0,0,0,0,0,0,0
83.626373,83.587929,104,255,223,255,192,0,48,180,129,0,0,0,0,0,0,0
83.901100,83.848434,104,255,223,255,189,1,48,206,1,0,0,0,0,0,0,0
84.175827,84.135834,104,255,223,255,192,0,48,161,129,0,0,0,0,0,0,0
84.395607,84.368156,104,255,223,255,192,0,47,160,129,0,0,0,0,0,0,0
84.670326,84.629532,127,255,224,255,192,0,47,160,129,0,0,0,0,0,0,0
84.945053,84.917343,104,255,223,255,192,0,47,161,1,0,0,0,0,0,0,0
85.219780,85.177444,104,255,224,255,187,1,46,213,1,0,0,0,0,0,0,0
85.439560,85.410530,108,255,224,255,192,1,47,173,1,0,0,0,0,0,0,0
85.714287,85.671143,104,255,224,255,192,0,46,161,129,0,0,0,0,0,0,0
85.989014,85.959465,123,255,224,255,192,0,46,161,129,0,0,0,0,0,0,0
86.263733,86.219704,126,255,224,255,191,1,48,200,1,0,0,0,0,0,0,0
86.483513,86.452141,104,255,224,255,189,1,45,200,129,0,0,0,0,0,0,0
86.758240,86.712585,128,255,224,255,190,1,45,204,1,0,0,0,0,0,0,0
87.032967,86.999886,137,255,224,255,192,0,46,160,129,0,0,0,0,0,0,0
87.307693,87.260345,104,255,224,255,187,1,48,213,1,0,0,0,0,0,0,0
87.527473,87.492767,104,255,225,255,192,0,43,161,129,0,0,0,0,0,0,0
87.802200,87.753067,127,255,225,255,191,0,43,161,1,0,0,0,0,0,0,0
88.076920,88.040215,104,255,225,255,192,0,43,161,129,0,0,0,0,0,0,0
88.351646,88.300407,104,255,225,255,192,0,43,161,1,0,0,0,0,0,0,0
88.571426,88.533455,104,255,225,255,191,0,50,171,129,0,0,0,0,0,0,0
88.846153,88.795898,104,255,225,255,192,0,49,168,1,0,0,0,0,0,0,0
89.120880,89.082634,104,255,225,255,192,0,51,160,1,0,0,0,0,0,0,0
89.395607,89.343246,115,255,225,255,191,0,51,161,129,0,0,0,0,0,0,0
89.615387,89.575775,104,255,225,255,188,1,52,213,1,0,0,0,0,0,0,0
89.890106,89.845695,108,255,225,255,189,0,52,187,1,0,0,0,0,0,0,0
90.164833,90.123344,135,255,225,255,192,0,54,161,1,0,0,0,0,0,0,0
90.439560,90.386299,104,255,225,255,187,1,55,214,1,0,0,0,0,0,0,0
90.714287,90.673447,104,255,226,255,193,0,55,161,1,0,0,0,0,0,0,0
90.989014,90.933495,128,255,226,255,192,0,52,161,129,0,0,0,0,0,0,0
91.208794,91.166229,104,255,226,255,191,0,56,200,129,0,0,0,0,0,0,0
91.483513,91.428520,104,255,226,255,191,1,55,175,129,0,0,0,0,0,0,0
91.758240,91.716125,104,255,226,255,191,1,54,205,1,0,0,0,0,0,0,0
92.032967,91.976685,104,255,226,255,188,1,58,213,129,0,0,0,0,0,0,0
92.252747,92.208138,104,255,226,255,192,0,58,213,129,0,0,0,0,0,0,0
92.527473,92.484711,104,255,227,255,193,0,55,160,129,0,0,0,0,0,0,0
92.802200,92.762154,111,255,226,255,192,0,55,160,129,0,0,0,0,0,0,0
93.076920,93.038933,104,255,227,255,192,0,56,179,129,0,0,0,0,0,0,0
93.351646,93.316376,104,255,227,255,191,0,56,179,129,0,0,0,0,0,0,0
93.626373,93.584656,104,255,227,255,189,1,56,211,129,0,0,0,0,0,0,0
93.901100,93.844086,121,255,227,255,192,0,56,211,129,0,0,0,0,0,0,0
94.175827,94.131081,139,255,227,255,192,0,56,211,129,0,0,0,0,0,0,0
94.395607,94.363869,104,255,227,255,190,1,59,209,1,0,0,0,0,0,0,0
94.670326,94.633789,104,255,227,255,192,0,59,161,129,0,0,0,0,0,0,0
94.945053,94.911644,104,255,227,255,192,0,59,160,1,0,0,0,0,0,0,0
95.274727,95.216705,104,255,227,255,192,1,62,181,1,0,0,0,0,0,0,0
95.549454,95.493782,104,255,228,255,190,0,60,211,1,0,0,0,0,0,0,0
95.769234,95.730820,104,255,228,255,189,1,63,212,129,0,0,0,0,0,0,0
96.043953,95.989738,127,255,228,255,189,1,63,212,129,0,0,0,0,0,0,0
96.318680,96.276375,104,255,228,255,192,0,64,160,129,0,0,0,0,0,0,0
96.593407,96.536415,138,255,228,255,192,0,66,160,1,0,0,0,0,0,0,0
96.868134,96.810631,104,255,228,255,191,0,66,175,129,0,0,0,0,0,0,0
97.087914,97.049660,104,255,228,255,191,0,67,160,129,0,0,0,0,0,0,0
97.362640,97.308937,104,255,228,255,192,0,68,161,129,0,0,0,0,0,0,0
97.637360,97.596748,139,255,228,255,192,0,67,160,1,0,0,0,0,0,0,0
97.912086,97.856232,108,255,228,255,191,1,68,172,129,0,0,0,0,0,0,0
98.186813,98.128609,119,255,228,255,191,1,68,167,1,0,0,0,0,0,0,0
98.461540,98.406563,104,255,228,255,192,0,68,161,129,0,0,0,0,0,0,0
98.681320,98.639702,104,255,228,255,192,0,68,161,1,0,0,0,0,0,0,0
98.956047,98.899025,104,255,228,255,189,1,70,210,1,0,0,0,0,0,0,0
99.230766,99.187050,104,255,228,255,189,1,67,214,129,0,0,0,0,0,0,0
99.505493,99.449142,130,255,228,255,190,0,74,208,129,0,0,0,0,0,0,0
99.725273,99.682144,104,255,228,255,192,0,72,160,1,0,0,0,0,0,0,0
100.000000,99.942528,104,255,228,255,192,0,72,161,129,0,0,0,0,0,0,0
100.274727,100.230347,105,255,228,255,192,0,72,161,129,0,0,0,0,0,0,0
100.549454,100.489616,104,255,228,255,192,0,72,161,129,0,0,0,0,0,0,0
100.769234,100.728699,104,255,228,255,192,0,69,160,129,0,0,0,0,0,0,0
101.043953,100.987915,104,255,228,255,192,0,69,160,129,0,0,0,0,0,0,0
101.318680,101.275276,104,255,228,255,189,1,69,203,129,0,0,0,0,0,0,0
101.593407,101.534904,104,255,228,255,192,0,69,161,1,0,0,0,0,0,0,0
101.868134,101.778641,104,255,228,255,192,0,70,161,129,0,0,0,0,0,0,0
102.087914,102.045494,104,255,228,255,192,0,71,161,1,0,0,0,0,0,0,0
102.362640,102.305023,127,255,228,255,191,0,71,176,1,0,0,0,0,0,0,0
102.637360,102.593704,104,255,228,255,189,0,70,175,1,0,0,0,0,0,0,0
102.912086,102.853798,104,255,228,255,192,0,68,161,129,0,0,0,0,0,0,0
103.186813,103.097687,104,255,228,255,192,0,70,161,1,0,0,0,0,0,0,0
103.406593,103.359390,104,255,228,255,190,0,68,160,1,0,0,0,0,0,0,0
103.681320,103.646774,104,255,228,255,190,1,69,208,129,0,0,0,0,0,0,0
103.956047,103.907585,112,255,228,255,192,0,70,161,1,0,0,0,0,0,0,0
104.230766,104.139290,121,255,228,255,192,0,70,161,1,0,0,0,0,0,0,0
104.450546,104.412895,104,255,228,255,191,0,69,165,129,0,0,0,0,0,0,0
104.725273,104.672791,104,255,227,255,189,0,71,161,1,0,0,0,0,0,0,0
105.000000,104.960052,104,255,227,255,192,0,72,161,1,0,0,0,0,0,0,0
105.274727,105.219566,104,255,227,255,191,0,72,161,1,0,0,0,0,0,0,0
105.494507,105.453270,104,255,227,255,192,0,71,160,1,0,0,0,0,0,0,0
105.769234,105.722427,104,255,227,255,192,0,69,161,129,0,0,0,0,0,0,0
106.043953,105.982521,128,255,227,255,190,0,73,211,1,0,0,0,0,0,0,0
106.318680,106.270073,104,255,227,255,192,0,69,161,1,0,0,0,0,0,0,0
106.538460,106.502762,104,255,226,255,192,0,73,161,1,0,0,0,0,0,0,0
106.813187,106.771248,104,255,226,255,192,0,73,161,1,0,0,0,0,0,0,0
107.087914,107.048538,104,255,226,255,192,0,74,161,1,0,0,0,0,0,0,0
107.417580,107.326340,127,255,226,255,189,1,71,214,129,0,0,0,0,0,0,0
107.637360,107.593086,115,255,226,255,192,0,71,160,1,0,0,0,0,0,0,0
107.912086,107.852463,104,255,226,255,192,0,71,160,1,0,0,0,0,0,0,0
108.186813,108.141403,120,255,225,255,192,0,69,161,1,0,0,0,0,0,0,0
108.461540,108.401451,104,255,225,255,187,1,67,215,129,0,0,0,0,0,0,0
108.681320,108.638634,104,255,225,255,187,1,66,213,1,0,0,0,0,0,0,0
108.956047,108.898117,104,255,225,255,192,0,67,160,129,0,0,0,0,0,0,0
109.230766,109.185722,107,255,225,255,188,1,67,199,1,0,0,0,0,0,0,0
109.505493,109.445816,107,255,225,255,191,0,68,161,129,0,0,0,0,0,0,0
109.725273,109.680595,104,255,224,255,189,1,70,202,1,0,0,0,0,0,0,0
110.000000,109.941254,104,255,225,255,192,0,69,212,129,0,0,0,0,0,0,0
110.274727,110.228966,104,255,225,255,192,0,68,160,1,0,0,0,0,0,0,0
110.549454,110.488853,104,255,224,255,187,1,71,215,1,0,0,0,0,0,0,0
110.769234,110.722961,104,255,224,255,192,0,70,161,1,0,0,0,0,0,0,0
111.043953,110.983521,105,255,224,255,188,1,72,207,129,0,0,0,0,0,0,0
111.318680,111.270721,123,255,224,255,192,0,70,161,129,0,0,0,0,0,0,0
111.593407,111.531891,105,255,224,255,192,0,66,161,129,0,0,0,0,0,0,0
111.813187,111.764061,104,255,224,255,192,0,66,161,129,0,0,0,0,0,0,0
112.087914,112.029884,104,255,224,255,188,1,68,216,129,0,0,0,0,0,0,0
112.362640,112.323639,104,255,223,255,192,0,69,161,129,0,0,0,0,0,0,0
112.637360,112.583527,104,255,223,255,190,1,67,215,1,0,0,0,0,0,0,0
112.857140,112.815948,112,255,223,255,189,1,67,175,129,0,0,0,0,0,0,0
113.131866,113.076248,104,255,223,255,192,0,67,160,1,0,0,0,0,0,0,0
113.406593,113.366264,104,255,223,255,191,0,64,161,129,0,0,0,0,0,0,0
113.681320,113.626205,104,255,223,255,192,0,64,161,1,0,0,0,0,0,0,0
113.901100,113.858841,118,255,223,255,191,0,67,188,129,0,0,0,0,0,0,0
114.175827,114.118828,104,255,223,255,191,1,65,200,1,0,0,0,0,0,0,0
114.450546,114.406898,104,255,223,255,192,0,65,161,129,0,0,0,0,0,0,0
114.725273,114.667809,104,255,222,255,192,0,66,161,1,0,0,0,0,0,0,0
114.945053,114.900795,104,255,223,255,192,1,67,198,129,0,0,0,0,0,0,0
115.219780,115.161148,104,255,222,255,192,0,68,161,1,0,0,0,0,0,0,0
115.494507,115.448448,104,255,222,255,192,0,67,160,129,0,0,0,0,0,0,0
115.769234,115.708237,104,255,222,255,189,1,66,214,1,0,0,0,0,0,0,0
115.989014,115.940666,104,255,222,255,187,1,66,216,129,0,0,0,0,0,0,0
116.263733,116.201263,104,255,222,255,191,1,64,161,1,0,0,0,0,0,0,0
116.538460,116.488976,104,255,222,255,192,0,64,160,129,0,0,0,0,0,0,0
116.813187,116.748405,105,255,222,255,192,0,65,161,129,0,0,0,0,0,0,0
117.032967,116.981705,104,255,222,255,191,1,63,200,129,0,0,0,0,0,0,0
117.307693,117.241554,104,255,221,255,192,0,64,160,1,0,0,0,0,0,0,0
117.582420,117.528793,104,255,221,255,192,0,66,186,1,0,0,0,0,0,0,0
117.802200,117.761986,105,255,221,255,191,1,65,192,1,0,0,0,0,0,0,0
118.076920,118.022797,105,255,221,255,192,0,66,160,1,0,0,0,0,0,0,0
118.351646,118.311020,104,255,221,255,190,0,64,173,129,0,0,0,0,0,0,0
118.626373,118.571976,104,255,221,255,192,0,63,161,1,0,0,0,0,0,0,0
118.846153,118.804924,104,255,221,255,189,1,64,212,129,0,0,0,0,0,0,0
119.120880,119.065727,104,255,221,255,189,1,67,214,1,0,0,0,0,0,0,0
119.395607,119.353592,104,255,221,255,191,0,68,160,129,0,0,0,0,0,0,0
119.670326,119.613640,127,255,221,255,191,1,67,178,1,0,0,0,0,0,0,0
119.890106,119.846016,104,255,220,255,188,1,67,216,129,0,0,0,0,0,0,0
120.164833,120.106461,104,255,221,255,188,2,65,213,1,0,0,0,0,0,0,0
120.439560,120.394791,104,255,220,255,192,0,64,160,129,0,0,0,0,0,0,0
120.714287,120.655594,104,255,221,255,192,0,65,160,1,0,0,0,0,0,0,0
120.934067,120.887924,118,255,221,255,188,1,65,214,1,0,0,0,0,0,0,0
121.208794,121.148170,104,255,220,255,190,1,67,204,1,0,0,0,0,0,0,0
121.483513,121.435211,104,255,221,255,190,0,64,173,1,0,0,0,0,0,0,0
121.758240,121.695717,105,255,220,255,192,0,63,161,129,0,0,0,0,0,0,0
121.978020,121.928398,104,255,220,255,192,0,66,161,1,0,0,0,0,0,0,0
122.252747,122.188652,138,255,221,255,189,1,66,205,1,0,0,0,0,0,0,0
122.527473,122.476158,104,255,220,255,191,0,64,168,1,0,0,0,0,0,0,0
122.802200,122.735428,104,255,220,255,192,0,66,161,1,0,0,0,0,0,0,0
123.021980,122.976608,104,255,220,255,190,0,66,195,1,0,0,0,0,0,0,0
123.296700,123.254257,138,255,220,255,191,1,64,215,129,0,0,0,0,0,0,0
123.571426,123.515427,104,255,220,255,192,0,65,160,129,0,0,0,0,0,0,0
123.846153,123.802879,104,255,220,255,188,1,68,214,129,0,0,0,0,0,0,0
124.120880,124.062668,104,255,220,255,192,0,65,192,1,0,0,0,0,0,0,0
124.340660,124.297501,117,255,220,255,192,1,62,184,129,0,0,0,0,0,0,0
124.615387,124.557541,104,255,220,255,192,0,61,161,1,0,0,0,0,0,0,0
124.890106,124.845253,104,255,220,255,192,0,64,161,129,0,0,0,0,0,0,0
125.164833,125.104988,104,255,220,255,192,0,65,161,1,0,0,0,0,0,0,0
125.384613,125.337105,104,255,220,255,188,1,66,207,1,0,0,0,0,0,0,0
125.659340,125.598488,104,255,220,255,192,0,64,161,1,0,0,0,0,0,0,0
125.934067,125.885269,104,255,220,255,192,0,65,186,1,0,0,0,0,0,0,0
126.208794,126.145668,104,255,220,255,191,1,66,162,1,0,0,0,0,0,0,0
126.428574,126.378502,104,255,220,255,192,0,66,160,129,0,0,0,0,0,0,0
126.703300,126.637939,104,255,220,255,192,0,67,160,129,0,0,0,0,0,0,0
126.978020,126.925743,104,255,220,255,191,0,69,160,1,0,0,0,0,0,0,0
127.252747,127.186607,104,255,220,255,191,0,65,160,1,0,0,0,0,0,0,0
127.472527,127.418945,104,255,220,255,193,0,68,161,129,0,0,0,0,0,0,0
127.747253,127.680817,105,255,220,255,187,1,67,214,129,0,0,0,0,0,0,0
128.021973,127.968735,104,255,220,255,192,0,66,160,1,0,0,0,0,0,0,0
128.296707,128.228622,104,255,220,255,192,0,69,160,129,0,0,0,0,0,0,0
128.516479,128.461563,104,255,220,255,189,1,67,199,129,0,0,0,0,0,0,0
128.791214,128.721054,104,255,220,255,192,0,65,161,129,0,0,0,0,0,0,0
129.065933,129.009460,104,255,220,255,191,0,69,200,1,0,0,0,0,0,0,0
129.285721,129.241943,104,255,220,255,192,0,67,160,129,0,0,0,0,0,0,0
129.560440,129.502853,104,255,220,255,191,0,69,161,1,0,0,0,0,0,0,0
129.835159,129.790573,104,255,220,255,189,1,70,205,129,0,0,0,0,0,0,0
130.109894,130.050613,104,255,220,255,192,0,67,161,1,0,0,0,0,0,0,0
130.329666,130.283188,104,255,220,255,192,0,67,160,129,0,0,0,0,0,0,0
130.604401,130.543686,104,255,220,255,192,0,65,160,1,0,0,0,0,0,0,0
130.879120,130.830948,104,255,220,255,189,1,68,205,129,0,0,0,0,0,0,0
131.153839,131.091202,104,255,220,255,192,0,68,161,1,0,0,0,0,0,0,0
131.373627,131.324234,104,255,221,255,188,1,68,207,129,0,0,0,0,0,0,0
131.648346,131.584885,115,255,221,255,192,0,68,160,1,0,0,0,0,0,0,0
131.923080,131.872040,104,255,221,255,192,0,70,161,129,0,0,0,0,0,0,0
132.197800,132.131470,104,255,220,255,192,0,70,160,129,0,0,0,0,0,0,0
132.417587,132.364624,109,255,220,255,190,1,67,183,129,0,0,0,0,0,0,0
132.692307,132.625061,104,255,220,255,187,1,68,211,1,0,0,0,0,0,0,0
132.967026,132.911545,104,255,220,255,192,0,70,161,1,0,0,0,0,0,0,0
133.241760,133.171585,104,255,220,255,192,0,69,160,129,0,0,0,0,0,0,0
133.461533,133.404068,104,255,220,255,192,0,67,160,129,0,0,0,0,0,0,0
133.736267,133.664398,104,255,220,255,187,1,69,216,129,0,0,0,0,0,0,0
134.010986,133.951660,140,255,220,255,191,0,69,213,1,0,0,0,0,0,0,0
134.230774,134.185043,104,255,220,255,192,0,67,161,129,0,0,0,0,0,0,0
134.505493,134.445313,104,255,220,255,192,0,68,160,1,0,0,0,0,0,0,0
134.780212,134.732758,125,255,221,255,192,0,69,160,129,0,0,0,0,0,0,0
135.054947,134.993271,104,255,220,255,187,2,67,213,1,0,0,0,0,0,0,0
135.274719,135.226410,104,255,221,255,192,0,67,160,129,0,0,0,0,0,0,0
135.549454,135.486359,104,255,221,255,191,0,66,161,1,0,0,0,0,0,0,0
135.824173,135.774109,105,255,220,255,191,1,70,165,129,0,0,0,0,0,0,0
136.098907,136.034561,104,255,221,255,186,1,71,215,1,0,0,0,0,0,0,0
136.318680,136.267303,104,255,220,255,192,0,67,160,129,0,0,0,0,0,0,0
136.593399,136.527130,104,255,220,255,191,1,68,208,1,0,0,0,0,0,0,0
136.868134,136.814438,126,255,220,255,193,0,68,160,129,0,0,0,0,0,0,0
137.142853,137.074326,104,255,221,255,192,0,66,160,1,0,0,0,0,0,0,0
137.362640,137.306335,104,255,220,255,189,1,68,205,1,0,0,0,0,0,0,0
137.637360,137.567261,121,255,220,255,191,1,72,194,1,0,0,0,0,0,0,0
137.912094,137.854050,104,255,221,255,187,1,65,212,129,0,0,0,0,0,0,0
138.186813,138.114243,104,255,221,255,191,0,68,160,1,0,0,0,0,0,0,0
138.406601,138.346313,104,255,221,255,189,1,69,210,1,0,0,0,0,0,0,0
138.681320,138.634583,117,255,221,255,192,0,65,182,1,0,0,0,0,0,0,0
138.956039,138.895142,104,255,221,255,187,1,70,160,1,0,0,0,0,0,0,0
139.175827,139.127823,104,255,221,255,187,2,70,215,129,0,0,0,0,0,0,0
139.450546,139.388168,104,255,221,255,187,1,68,216,1,0,0,0,0,0,0,0
139.725281,139.675980,104,255,221,255,192,0,65,160,129,0,0,0,0,0,0,0
140.000000,139.936020,104,255,221,255,192,0,65,160,1,0,0,0,0,0,0,0
140.219788,140.168869,104,255,221,255,191,0,67,202,129,0,0,0,0,0,0,0
140.494507,140.429108,118,255,221,255,192,0,64,161,1,0,0,0,0,0,0,0
140.769226,140.716354,104,255,221,255,188,1,65,205,129,0,0,0,0,0,0,0
141.043961,140.977478,104,255,221,255,192,0,66,160,1,0,0,0,0,0,0,0
141.263733,141.210770,108,255,221,255,189,1,68,199,129,0,0,0,0,0,0,0
141.538467,141.470978,106,255,221,255,189,1,66,199,1,0,0,0,0,0,0,0
141.813187,141.758316,111,255,221,255,192,1,67,186,129,0,0,0,0,0,0,0
142.087906,142.018478,104,255,221,255,192,0,68,160,1,0,0,0,0,0,0,0
142.307693,142.250336,104,255,221,255,192,0,68,161,129,0,0,0,0,0,0,0
142.582413,142.511292,104,255,221,255,192,0,67,160,1,0,0,0,0,0,0,0
142.857147,142.798752,109,255,221,255,191,1,67,188,129,0,0,0,0,0,0,0
143.131866,143.058640,104,255,221,255,191,1,68,160,1,0,0,0,0,0,0,0
143.351654,143.291687,104,255,221,255,192,0,68,160,129,0,0,0,0,0,0,0
143.626373,143.550812,104,255,221,255,193,0,66,161,1,0,0,0,0,0,0,0
143.901093,143.838715,105,255,221,255,192,0,68,160,1,0,0,0,0,0,0,0
144.120880,144.071548,104,255,221,255,186,1,70,215,129,0,0,0,0,0,0,0
144.395599,144.332565,104,255,221,255,192,0,68,160,1,0,0,0,0,0,0,0
144.670334,144.620682,104,255,221,255,188,1,68,214,129,0,0,0,0,0,0,0
144.945053,144.881439,140,255,221,255,187,1,68,215,1,0,0,0,0,0,0,0
145.164841,145.114288,104,255,221,255,188,1,69,160,129,0,0,0,0,0,0,0
145.439560,145.374588,104,255,221,255,192,0,68,160,1,0,0,0,0,0,0,0
145.714279,145.662186,120,255,221,255,191,1,70,192,129,0,0,0,0,0,0,0
145.989014,145.922073,104,255,221,255,189,1,68,160,1,0,0,0,0,0,0,0
146.208786,146.154907,104,255,221,255,192,0,67,160,129,0,0,0,0,0,0,0
146.483521,146.415421,117,255,222,255,191,0,68,182,1,0,0,0,0,0,0,0
146.758240,146.703430,104,255,221,255,187,1,68,215,129,0,0,0,0,0,0,0
147.032974,146.963531,104,255,221,255,192,0,68,160,1,0,0,0,0,0,0,0
147.252747,147.196365,104,255,222,255,191,1,67,210,129,0,0,0,0,0,0,0
147.527466,147.455795,104,255,221,255,190,1,69,208,1,0,0,0,0,0,0,0
147.802200,147.743256,104,255,221,255,192,0,69,160,129,0,0,0,0,0,0,0
148.076920,148.004257,104,255,222,255,192,0,68,160,1,0,0,0,0,0,0,0
148.296707,148.236847,125,255,222,255,192,0,70,160,129,0,0,0,0,0,0,0
148.571426,148.496017,104,255,221,255,188,1,71,214,1,0,0,0,0,0,0,0
148.846161,148.783630,104,255,221,255,191,0,70,160,1,0,0,0,0,0,0,0
149.120880,149.043472,104,255,222,255,192,0,72,160,129,0,0,0,0,0,0,0
149.340652,149.276138,104,255,222,255,190,1,71,202,1,0,0,0,0,0,0,0
149.615387,149.564377,104,255,222,255,192,0,69,160,129,0,0,0,0,0,0,0
149.890106,149.825333,138,255,222,255,189,1,72,205,1,0,0,0,0,0,0,0
150.109894,150.057907,104,255,222,255,192,0,71,160,129,0,0,0,0,0,0,0
150.384613,150.318771,104,255,222,255,187,1,69,210,1,0,0,0,0,0,0,0
150.659348,150.607040,104,255,222,255,189,1,70,199,129,0,0,0,0,0,0,0
150.934067,150.867249,104,255,222,255,190,1,71,205,1,0,0,0,0,0,0,0
151.153839,151.099976,105,255,222,255,192,1,68,192,129,0,0,0,0,0,0,0
151.428574,151.360275,111,255,222,255,192,0,69,160,1,0,0,0,0,0,0,0
151.703293,151.647888,104,255,222,255,192,0,70,160,129,0,0,0,0,0,0,0
151.978027,151.908279,104,255,222,255,189,1,69,208,1,0,0,0,0,0,0,0
152.197800,152.141479,137,255,222,255,191,0,66,216,129,0,0,0,0,0,0,0
152.472534,152.401825,104,255,222,255,189,1,70,191,1,0,0,0,0,0,0,0
152.747253,152.688873,104,255,222,255,192,0,70,160,129,0,0,0,0,0,0,0
153.021973,152.949585,104,255,222,255,192,0,68,215,1,0,0,0,0,0,0,0
153.241760,153.182114,104,255,222,255,191,1,67,209,129,0,0,0,0,0,0,0
153.516479,153.441284,135,255,222,255,189,1,70,191,1,0,0,0,0,0,0,0
153.791214,153.729507,104,255,222,255,189,1,70,205,1,0,0,0,0,0,0,0
154.065933,153.989761,104,255,222,255,192,0,69,161,129,0,0,0,0,0,0,0
154.285721,154.222687,104,255,222,255,192,0,67,160,1,0,0,0,0,0,0,0
154.560440,154.482986,104,255,222,255,187,1,70,216,129,0,0,0,0,0,0,0
154.835159,154.770340,104,255,222,255,188,1,70,215,1,0,0,0,0,0,0,0
155.109894,155.030655,104,255,222,255,187,1,67,160,129,0,0,0,0,0,0,0
155.329666,155.263367,104,255,222,255,191,0,70,160,1,0,0,0,0,0,0,0
155.604401,155.524429,113,255,222,255,190,0,71,171,129,0,0,0,0,0,0,0
155.879120,155.811691,104,255,222,255,189,0,69,213,1,0,0,0,0,0,0,0
156.098907,156.044373,104,255,222,255,189,1,68,212,129,0,0,0,0,0,0,0
156.373627,156.305130,104,255,222,255,190,0,72,160,1,0,0,0,0,0,0,0
156.648346,156.593307,123,255,222,255,192,0,69,181,129,0,0,0,0,0,0,0
156.923080,156.852936,104,255,222,255,191,0,66,163,1,0,0,0,0,0,0,0
157.142853,157.085480,104,255,222,255,189,1,70,199,129,0,0,0,0,0,0,0
157.417587,157.346024,104,255,222,255,191,0,67,160,1,0,0,0,0,0,0,0
157.692307,157.633575,104,255,222,255,191,0,68,160,129,0,0,0,0,0,0,0
157.967026,157.893463,112,255,222,255,192,0,69,180,1,0,0,0,0,0,0,0
158.186813,158.125534,132,255,222,255,192,0,69,160,129,0,0,0,0,0,0,0
158.461533,158.385574,104,255,222,255,191,0,66,160,1,0,0,0,0,0,0,0
158.736267,158.673645,104,255,222,255,192,0,68,160,129,0,0,0,0,0,0,0
159.010986,158.933365,104,255,222,255,192,0,67,160,1,0,0,0,0,0,0,0
159.230774,159.166214,104,255,222,255,193,0,67,160,1,0,0,0,0,0,0,0
159.505493,159.426468,104,255,222,255,190,1,68,210,129,0,0,0,0,0,0,0
159.780212,159.714020,140,255,222,255,187,1,67,217,1,0,0,0,0,0,0,0
160.054947,159.974579,103,255,222,255,189,0,65,160,129,0,0,0,0,0,0,0
160.274719,160.206909,104,255,222,255,193,0,69,160,1,0,0,0,0,0,0,0
160.549454,160.494919,124,255,222,255,191,1,69,197,129,0,0,0,0,0,0,0
160.824173,160.755112,104,255,222,255,188,1,67,160,1,0,0,0,0,0,0,0
161.043961,160.987701,104,255,222,255,192,0,69,160,129,0,0,0,0,0,0,0
161.318680,161.248047,104,255,222,255,189,0,69,213,1,0,0,0,0,0,0,0
161.593399,161.536011,123,255,222,255,191,0,68,177,129,0,0,0,0,0,0,0
161.868134,161.796204,104,255,222,255,189,1,70,191,1,0,0,0,0,0,0,0
162.087906,162.028488,104,255,222,255,190,0,69,160,129,0,0,0,0,0,0,0
162.362640,162.288834,113,255,223,255,191,0,69,184,1,0,0,0,0,0,0,0
162.637360,162.576904,105,255,222,255,187,1,70,213,129,0,0,0,0,0,0,0
162.912094,162.836685,104,255,222,255,186,2,70,215,1,0,0,0,0,0,0,0
163.131866,163.069519,104,255,222,255,189,1,69,199,129,0,0,0,0,0,0,0
163.406601,163.329208,104,255,222,255,189,1,68,199,129,0,0,0,0,0,0,0
163.681320,163.617126,104,255,222,255,192,0,70,161,129,0,0,0,0,0,0,0
163.956039,163.876404,104,255,222,255,190,1,70,208,129,0,0,0,0,0,0,0
164.175827,164.109329,139,255,222,255,191,1,69,216,1,0,0,0,0,0,0,0
164.450546,164.369843,104,255,222,255,192,0,68,160,1,0,0,0,0,0,0,0
164.725281,164.657135,104,255,222,255,191,1,67,176,1,0,0,0,0,0,0,0
165.000000,164.917908,113,255,222,255,192,0,66,163,129,0,0,0,0,0,0,0
165.219788,165.150375,104,255,222,255,189,0,70,187,1,0,0,0,0,0,0,0
165.494507,165.411346,104,255,222,255,191,0,69,160,129,0,0,0,0,0,0,0
165.769226,165.698792,104,255,222,255,192,0,67,160,1,0,0,0,0,0,0,0
165.989014,165.931885,104,255,222,255,191,0,65,160,129,0,0,0,0,0,0,0
166.263733,166.192703,103,255,222,255,187,1,68,215,1,0,0,0,0,0,0,0
166.538467,166.480453,104,255,222,255,187,1,69,216,129,0,0,0,0,0,0,0
166.813187,166.740814,104,255,222,255,192,0,69,160,1,0,0,0,0,0,0,0
167.032974,166.973190,104,255,222,255,188,1,68,215,129,0,0,0,0,0,0,0
167.307693,167.233170,104,255,222,255,190,1,72,208,1,0,0,0,0,0,0,0
167.582413,167.521301,104,255,222,255,192,0,72,160,129,0,0,0,0,0,0,0
167.857147,167.781693,104,255,222,255,191,0,67,160,1,0,0,0,0,0,0,0
168.076920,168.014481,104,255,222,255,190,1,70,208,129,0,0,0,0,0,0,0
168.351654,168.274521,104,255,222,255,191,0,72,160,1,0,0,0,0,0,0,0
168.626373,168.562134,104,255,222,255,190,0,70,179,129,0,0,0,0,0,0,0
168.901093,168.821259,103,255,222,255,192,0,69,160,1,0,0,0,0,0,0,0
169.120880,169.054291,104,255,222,255,190,1,72,210,129,0,0,0,0,0,0,0
169.395599,169.314484,104,255,223,255,190,0,73,210,1,0,0,0,0,0,0,0
169.670334,169.602615,104,255,222,255,192,0,68,160,1,0,0,0,0,0,0,0
169.945053,169.862396,104,255,222,255,192,0,68,160,129,0,0,0,0,0,0,0
170.164841,170.095337,104,255,222,255,192,0,70,160,1,0,0,0,0,0,0,0
170.439560,170.355484,133,255,222,255,189,0,71,212,129,0,0,0,0,0,0,0
170.714279,170.643753,104,255,222,255,191,0,66,160,1,0,0,0,0,0,0,0
170.989014,170.903748,104,255,222,255,192,0,66,160,129,0,0,0,0,0,0,0
171.208786,171.136581,105,255,222,255,188,1,69,209,1,0,0,0,0,0,0,0
171.483521,171.423874,104,255,222,255,189,1,67,191,129,0,0,0,0,0,0,0
171.758240,171.684174,119,255,222,255,190,1,67,167,1,0,0,0,0,0,0,0
171.978027,171.916962,104,255,222,255,191,0,68,163,129,0,0,0,0,0,0,0
172.252747,172.177002,104,255,222,255,191,0,64,160,1,0,0,0,0,0,0,0
172.527466,172.464874,104,255,222,255,190,1,68,208,129,0,0,0,0,0,0,0
172.802200,172.725067,104,255,222,255,190,1,68,212,1,0,0,0,0,0,0,0
173.021973,172.958313,104,255,222,255,192,0,66,160,129,0,0,0,0,0,0,0
173.296707,173.219025,104,255,222,255,192,0,66,160,1,0,0,0,0,0,0,0
173.571426,173.507187,126,255,222,255,192,0,68,160,129,0,0,0,0,0,0,0
173.846161,173.766525,105,255,222,255,187,1,65,211,129,0,0,0,0,0,0,0
174.065933,173.999146,104,255,222,255,191,0,65,160,129,0,0,0,0,0,0,0
174.340652,174.259293,104,255,222,255,191,0,68,160,1,0,0,0,0,0,0,0
174.615387,174.546692,104,255,222,255,192,0,66,160,1,0,0,0,0,0,0,0
174.890106,174.806488,103,255,222,255,188,1,64,216,129,0,0,0,0,0,0,0
175.109894,175.040039,104,255,222,255,189,1,69,214,1,0,0,0,0,0,0,0
175.384613,175.300186,103,255,222,255,191,0,67,160,129,0,0,0,0,0,0,0
175.659348,175.588409,104,255,222,255,192,0,65,160,1,0,0,0,0,0,0,0
175.934067,175.848709,103,255,222,255,186,1,68,215,129,0,0,0,0,0,0,0
176.153839,176.081741,122,255,222,255,192,1,68,194,1,0,0,0,0,0,0,0
176.428574,176.341583,127,255,222,255,191,0,67,176,129,0,0,0,0,0,0,0
176.703293,176.629196,103,255,222,255,192,0,68,160,1,0,0,0,0,0,0,0
176.923080,176.862488,104,255,222,255,189,1,68,214,129,0,0,0,0,0,0,0
177.197800,177.123199,105,255,222,255,188,1,66,207,1,0,0,0,0,0,0,0
177.472534,177.410858,104,255,222,255,189,1,69,199,129,0,0,0,0,0,0,0
177.747253,177.671310,103,255,222,255,188,1,68,159,1,0,0,0,0,0,0,0
177.967026,177.904449,104,255,222,255,192,0,70,160,129,0,0,0,0,0,0,0
178.241760,178.164490,104,255,222,255,186,1,69,215,1,0,0,0,0,0,0,0
178.516479,178.452042,104,255,223,255,190,0,69,212,129,0,0,0,0,0,0,0
178.791214,178.711472,104,255,222,255,192,0,70,159,1,0,0,0,0,0,0,0
179.010986,178.944366,104,255,222,255,192,1,69,192,1,0,0,0,0,0,0,0
179.285721,179.204254,106,255,222,255,192,0,67,160,129,0,0,0,0,0,0,0
179.560440,179.491806,104,255,222,255,187,1,68,211,1,0,0,0,0,0,0,0
179.835159,179.751862,103,255,222,255,187,1,69,160,129,0,0,0,0,0,0,0
180.054947,179.984390,104,255,222,255,192,0,66,160,1,0,0,0,0,0,0,0
180.329666,180.245041,104,255,223,255,190,1,66,212,129,0,0,0,0,0,0,0
180.604401,180.532547,104,255,222,255,187,1,69,215,1,0,0,0,0,0,0,0
180.879120,180.793045,104,255,222,255,192,0,69,160,129,0,0,0,0,0,0,0
181.098907,181.025833,104,255,222,255,190,1,65,214,1,0,0,0,0,0,0,0
181.373627,181.286240,104,255,222,255,192,0,68,160,129,0,0,0,0,0,0,0
181.648346,181.573685,104,255,222,255,190,0,68,160,1,0,0,0,0,0,0,0
181.923080,181.833984,104,255,222,255,190,1,66,187,129,0,0,0,0,0,0,0
182.142853,182.066818,104,255,222,255,187,1,65,211,1,0,0,0,0,0,0,0
182.417587,182.354385,103,255,222,255,191,0,69,160,129,0,0,0,0,0,0,0
182.692307,182.614517,104,255,222,255,192,0,66,213,1,0,0,0,0,0,0,0
182.912094,182.847412,127,255,222,255,192,1,67,176,129,0,0,0,0,0,0,0
183.186813,183.107712,104,255,222,255,189,1,68,189,1,0,0,0,0,0,0,0
183.461533,183.394394,104,255,222,255,191,0,65,167,1,0,0,0,0,0,0,0
183.736267,183.655624,111,255,222,255,191,1,66,184,1,0,0,0,0,0,0,0
183.956039,183.887695,116,255,222,255,188,1,65,215,1,0,0,0,0,0,0,0
184.230774,184.147430,110,255,222,255,192,0,66,188,1,0,0,0,0,0,0,0
184.505493,184.435028,104,255,223,255,192,0,65,160,129,0,0,0,0,0,0,0
184.780212,184.695587,104,255,222,255,191,0,69,160,129,0,0,0,0,0,0,0
185.000000,184.927856,121,255,223,255,192,0,68,160,1,0,0,0,0,0,0,0
185.274719,185.187805,108,255,223,255,190,1,66,187,129,0,0,0,0,0,0,0
185.549454,185.475815,103,255,223,255,191,0,68,160,1,0,0,0,0,0,0,0
185.824173,185.736313,104,255,222,255,192,0,67,160,129,0,0,0,0,0,0,0
186.043961,185.968384,104,255,223,255,188,1,66,216,1,0,0,0,0,0,0,0
186.318680,186.228790,128,255,222,255,193,0,70,202,129,0,0,0,0,0,0,0
186.593399,186.516190,115,255,223,255,191,0,65,160,1,0,0,0,0,0,0,0
186.813187,186.748978,105,255,222,255,192,0,67,160,129,0,0,0,0,0,0,0
187.087906,187.009384,105,255,223,255,192,0,68,160,1,0,0,0,0,0,0,0
187.362640,187.297348,104,255,223,255,191,0,65,160,129,0,0,0,0,0,0,0
187.637360,187.557495,104,255,223,255,190,1,70,160,1,0,0,0,0,0,0,0
187.857147,187.792786,104,255,223,255,189,1,69,191,129,0,0,0,0,0,0,0
188.131866,188.053329,103,255,223,255,192,0,67,160,1,0,0,0,0,0,0,0
188.406601,188.341293,104,255,223,255,192,0,68,160,129,0,0,0,0,0,0,0
188.681320,188.601440,122,255,223,255,191,0,71,196,1,0,0,0,0,0,0,0
188.901093,188.833160,139,255,223,255,191,1,71,215,129,0,0,0,0,0,0,0
189.175827,189.093613,104,255,223,255,189,1,68,203,1,0,0,0,0,0,0,0
189.450546,189.381012,103,255,223,255,191,0,70,160,129,0,0,0,0,0,0,0
189.725281,189.641464,124,255,223,255,192,0,69,198,129,0,0,0,0,0,0,0
189.945053,189.874451,104,255,223,255,192,0,67,160,1,0,0,0,0,0,0,0
190.219788,190.134857,105,255,223,255,192,0,70,160,129,0,0,0,0,0,0,0
190.494507,190.422623,104,255,223,255,192,0,70,160,1,0,0,0,0,0,0,0
190.769226,190.682297,104,255,223,255,187,1,68,213,129,0,0,0,0,0,0,0
190.989014,190.914673,103,255,223,255,189,1,70,199,1,0,0,0,0,0,0,0
191.263733,191.174820,104,255,223,255,192,0,69,160,129,0,0,0,0,0,0,0
191.538467,191.463303,103,255,223,255,191,0,69,202,1,0,0,0,0,0,0,0
191.813187,191.722519,124,255,223,255,192,0,67,159,1,0,0,0,0,0,0,0
192.032974,191.956390,104,255,223,255,191,0,69,171,1,0,0,0,0,0,0,0
192.307693,192.216278,103,255,223,255,192,0,69,160,129,0,0,0,0,0,0,0
192.582413,192.503876,104,255,223,255,191,0,70,202,1,0,0,0,0,0,0,0
192.802200,192.736099,115,255,223,255,192,1,70,182,129,0,0,0,0,0,0,0
193.076920,192.997009,104,255,223,255,191,1,70,202,1,0,0,0,0,0,0,0
193.351654,193.285080,103,255,223,255,189,0,71,175,129,0,0,0,0,0,0,0
193.626373,193.545837,104,255,223,255,192,0,69,160,1,0,0,0,0,0,0,0
193.846161,193.778625,114,255,223,255,192,0,66,167,129,0,0,0,0,0,0,0
194.120880,194.037857,125,255,223,255,192,0,72,160,1,0,0,0,0,0,0,0
194.395599,194.325928,103,255,223,255,187,2,71,215,129,0,0,0,0,0,0,0
194.670334,194.586319,104,255,223,255,188,1,66,160,129,0,0,0,0,0,0,0
194.890106,194.818909,103,255,223,255,192,0,70,160,129,0,0,0,0,0,0,0
195.164841,195.078949,103,255,223,255,192,0,69,160,129,0,0,0,0,0,0,0
195.439560,195.366959,103,255,223,255,187,1,68,215,1,0,0,0,0,0,0,0
195.714279,195.626846,118,255,224,255,192,0,70,159,129,0,0,0,0,0,0,0
195.934067,195.859131,104,255,223,255,187,1,68,215,1,0,0,0,0,0,0,0
196.208786,196.119019,104,255,223,255,192,0,67,160,129,0,0,0,0,0,0,0
196.483521,196.407089,104,255,223,255,192,0,71,160,1,0,0,0,0,0,0,0
196.758240,196.667435,104,255,223,255,192,0,67,161,129,0,0,0,0,0,0,0
196.978027,196.900375,104,255,223,255,193,0,67,160,1,0,0,0,0,0,0,0
197.252747,197.160309,138,255,223,255,191,0,69,160,129,0,0,0,0,0,0,0
197.527466,197.448029,104,255,223,255,191,1,68,159,1,0,0,0,0,0,0,0
197.802200,197.707916,104,255,223,255,192,0,69,160,129,0,0,0,0,0,0,0
198.021973,197.940979,104,255,223,255,192,0,69,160,1,0,0,0,0,0,0,0
198.296707,198.228821,136,255,223,255,190,0,68,160,129,0,0,0,0,0,0,0
198.571426,198.489273,123,255,223,255,191,1,70,171,1,0,0,0,0,0,0,0
198.791214,198.721283,104,255,223,255,186,1,70,213,1,0,0,0,0,0,0,0
199.065933,198.981232,104,255,223,255,192,0,65,180,129,0,0,0,0,0,0,0
199.340652,199.268936,120,255,224,255,192,0,66,159,1,0,0,0,0,0,0,0
199.615387,199.529907,115,255,223,255,192,0,73,162,1,0,0,0,0,0,0,0
199.835159,199.762070,103,255,223,255,188,1,71,214,129,0,0,0,0,0,0,0
200.109894,200.021805,103,255,223,255,192,0,66,160,129,0,0,0,0,0,0,0
200.384613,200.309311,112,255,223,255,193,0,69,180,1,0,0,0,0,0,0,0
200.659348,200.569199,103,255,224,255,191,1,69,196,129,0,0,0,0,0,0,0
200.879120,200.801636,125,255,223,255,190,1,63,175,1,0,0,0,0,0,0,0
201.153839,201.062393,104,255,223,255,192,0,67,159,129,0,0,0,0,0,0,0
201.428574,201.350052,137,255,223,255,192,0,66,160,1,0,0,0,0,0,0,0
201.703293,201.610596,124,255,223,255,191,0,66,198,129,0,0,0,0,0,0,0
201.923080,201.843292,139,255,223,255,192,1,68,163,1,0,0,0,0,0,0,0
202.197800,202.103424,104,255,223,255,192,0,66,159,129,0,0,0,0,0,0,0
202.472534,202.390778,104,255,223,255,192,0,65,204,1,0,0,0,0,0,0,0
202.747253,202.651337,106,255,223,255,189,1,68,205,129,0,0,0,0,0,0,0
202.967026,202.884125,120,255,223,255,191,1,69,192,1,0,0,0,0,0,0,0
203.241760,203.171982,103,255,223,255,187,1,66,215,129,0,0,0,0,0,0,0
203.516479,203.432343,103,255,223,255,187,1,68,207,1,0,0,0,0,0,0,0
203.736267,203.665375,103,255,223,255,191,0,68,160,129,0,0,0,0,0,0,0
204.010986,203.925522,104,255,223,255,191,0,66,160,1,0,0,0,0,0,0,0
204.285721,204.214508,104,255,223,255,187,1,66,215,129,0,0,0,0,0,0,0
204.560440,204.473785,122,255,223,255,192,0,66,160,129,0,0,0,0,0,0,0
204.780212,204.706619,127,255,223,255,192,1,64,174,129,0,0,0,0,0,0,0
205.054947,204.967285,103,255,223,255,192,0,65,159,129,0,0,0,0,0,0,0
205.329666,205.254578,104,255,224,255,192,0,66,160,1,0,0,0,0,0,0,0
205.604401,205.515701,104,255,223,255,191,0,67,192,129,0,0,0,0,0,0,0
205.824173,205.748077,104,255,223,255,187,1,67,211,1,0,0,0,0,0,0,0
206.098907,206.008163,103,255,223,255,189,1,66,207,129,0,0,0,0,0,0,0
206.373627,206.295212,104,255,223,255,191,0,67,160,1,0,0,0,0,0,0,0
206.648346,206.555511,103,255,223,255,191,0,68,198,129,0,0,0,0,0,0,0
206.868134,206.787888,104,255,223,255,192,0,70,160,1,0,0,0,0,0,0,0
207.142853,207.048492,103,255,223,255,189,0,71,212,129,0,0,0,0,0,0,0
207.417587,207.340149,103,255,224,255,190,1,69,206,1,0,0,0,0,0,0,0
207.692307,207.599060,127,255,223,255,192,0,69,160,1,0,0,0,0,0,0,0
207.912094,207.830978,104,255,224,255,192,0,69,160,1,0,0,0,0,0,0,0
208.186813,208.091995,103,255,223,255,189,1,68,212,129,0,0,0,0,0,0,0
208.461533,208.381195,123,255,224,255,192,0,68,163,129,0,0,0,0,0,0,0
208.736267,208.641785,110,255,223,255,191,1,70,186,129,0,0,0,0,0,0,0
208.956039,208.873810,103,255,224,255,193,0,72,160,129,0,0,0,0,0,0,0
209.230774,209.134827,103,255,224,255,192,0,72,160,129,0,0,0,0,0,0,0
209.505493,209.421814,104,255,224,255,188,1,72,216,129,0,0,0,0,0,0,0
209.780212,209.682159,103,255,224,255,192,0,71,160,1,0,0,0,0,0,0,0
210.000000,209.914444,103,255,224,255,192,0,72,160,129,0,0,0,0,0,0,0
210.274719,210.202103,103,255,224,255,189,1,71,214,1,0,0,0,0,0,0,0
210.549454,210.462296,103,255,224,255,192,0,70,160,129,0,0,0,0,0,0,0
210.769226,210.695023,104,255,224,255,192,0,70,160,1,0,0,0,0,0,0,0
211.043961,210.964432,103,255,224,255,191,0,73,208,129,0,0,0,0,0,0,0
211.318680,211.224838,103,255,224,255,192,0,72,160,1,0,0,0,0,0,0,0
211.593399,211.511887,104,255,224,255,191,1,68,182,129,0,0,0,0,0,0,0
211.868134,211.771713,104,255,224,255,192,0,70,160,1,0,0,0,0,0,0,0
212.087906,212.005997,103,255,224,255,192,0,70,160,1,0,0,0,0,0,0,0
212.362640,212.266800,103,255,224,255,186,1,68,215,1,0,0,0,0,0,0,0
212.637360,212.554047,104,255,224,255,191,0,71,160,1,0,0,0,0,0,0,0
212.912094,212.821259,107,255,224,255,191,1,73,192,129,0,0,0,0,0,0,0
213.186813,213.099884,114,255,224,255,191,1,70,184,129,0,0,0,0,0,0,0
213.461533,213.364426,122,255,224,255,192,0,71,159,1,0,0,0,0,0,0,0
213.681320,213.596497,103,255,224,255,192,0,69,160,129,0,0,0,0,0,0,0
213.956039,213.857147,122,255,224,255,192,0,72,196,1,0,0,0,0,0,0,0
214.230774,214.144165,104,255,224,255,188,1,72,216,1,0,0,0,0,0,0,0
214.505493,214.416824,126,255,224,255,188,1,72,216,1,0,0,0,0,0,0,0
214.780212,214.688492,103,255,224,255,192,0,71,160,129,0,0,0,0,0,0,0
215.000000,214.920715,104,255,224,255,187,1,70,210,1,0,0,0,0,0,0,0
215.274719,215.180450,103,255,224,255,192,1,70,165,1,0,0,0,0,0,0,0
215.549454,215.467743,106,255,224,255,192,0,70,165,1,0,0,0,0,0,0,0
215.824173,215.729065,103,255,224,255,186,1,72,216,129,0,0,0,0,0,0,0
216.043961,215.961502,103,255,224,255,187,1,70,211,129,0,0,0,0,0,0,0
216.318680,216.221130,103,255,224,255,192,0,68,159,1,0,0,0,0,0,0,0
216.593399,216.509354,104,255,224,255,192,0,67,160,129,0,0,0,0,0,0,0
216.868134,216.769043,103,255,224,255,190,1,68,212,1,0,0,0,0,0,0,0
217.087906,217.002075,103,255,224,255,189,1,68,214,129,0,0,0,0,0,0,0
217.362640,217.262283,103,255,224,255,191,0,69,160,1,0,0,0,0,0,0,0
217.637360,217.550186,103,255,224,255,192,0,69,160,129,0,0,0,0,0,0,0
217.912094,217.810242,103,255,224,255,192,0,69,160,1,0,0,0,0,0,0,0
218.131866,218.042969,110,255,223,255,192,0,72,160,129,0,0,0,0,0,0,0
218.406601,218.330887,104,255,223,255,191,0,67,159,1,0,0,0,0,0,0,0
218.681320,218.590057,103,255,224,255,192,0,70,204,129,0,0,0,0,0,0,0
218.901093,218.823395,103,255,224,255,189,1,71,191,1,0,0,0,0,0,0,0
219.175827,219.083755,104,255,224,255,188,1,66,215,129,0,0,0,0,0,0,0
219.450546,219.371307,103,255,223,255,192,0,64,159,1,0,0,0,0,0,0,0
219.725281,219.631195,103,255,224,255,188,1,69,160,129,0,0,0,0,0,0,0
219.945053,219.863525,104,255,224,255,190,1,69,175,129,0,0,0,0,0,0,0
220.219788,220.123932,104,255,223,255,191,0,70,160,129,0,0,0,0,0,0,0
220.494507,220.410812,103,255,223,255,191,0,66,159,129,0,0,0,0,0,0,0
220.769226,220.671371,103,255,223,255,192,0,67,159,129,0,0,0,0,0,0,0
220.989014,220.904160,103,255,224,255,191,0,68,159,1,0,0,0,0,0,0,0
221.263733,221.164352,111,255,223,255,191,1,66,159,1,0,0,0,0,0,0,0
221.538467,221.451660,103,255,223,255,191,1,66,159,1,0,0,0,0,0,0,0
221.813187,221.710876,103,255,223,255,192,0,64,159,1,0,0,0,0,0,0,0
222.032974,221.944122,103,255,223,255,189,1,64,212,129,0,0,0,0,0,0,0
222.307693,222.231262,103,255,223,255,187,1,70,217,1,0,0,0,0,0,0,0
222.582413,222.491409,103,255,223,255,191,0,66,160,129,0,0,0,0,0,0,0
222.802200,222.724716,104,255,223,255,192,0,65,159,1,0,0,0,0,0,0,0
223.076920,222.985107,104,255,223,255,192,0,69,160,129,0,0,0,0,0,0,0
223.351654,223.272659,103,255,223,255,190,1,64,159,1,0,0,0,0,0,0,0
223.626373,223.532730,103,255,223,255,192,0,66,159,129,0,0,0,0,0,0,0
223.846161,223.765549,104,255,223,255,192,0,69,160,1,0,0,0,0,0,0,0
224.120880,224.025589,137,255,224,255,191,0,68,172,129,0,0,0,0,0,0,0
224.395599,224.314163,103,255,223,255,192,0,68,160,1,0,0,0,0,0,0,0
224.670334,224.574524,103,255,223,255,188,1,72,191,129,0,0,0,0,0,0,0
224.890106,224.807205,104,255,224,255,192,0,66,160,1,0,0,0,0,0,0,0
225.164841,225.066635,103,255,223,255,187,1,67,216,129,0,0,0,0,0,0,0
225.439560,225.354858,104,255,223,255,191,0,69,160,1,0,0,0,0,0,0,0
225.714279,225.614746,104,255,223,255,192,0,65,159,129,0,0,0,0,0,0,0
225.934067,225.846970,126,255,223,255,190,0,67,200,1,0,0,0,0,0,0,0
226.208786,226.107925,103,255,223,255,191,0,68,159,129,0,0,0,0,0,0,0
226.483521,226.394974,104,255,224,255,191,0,64,159,129,0,0,0,0,0,0,0
226.758240,226.654968,104,255,224,255,192,0,69,160,1,0,0,0,0,0,0,0
226.978027,226.887695,107,255,224,255,191,0,70,159,129,0,0,0,0,0,0,0
227.252747,227.147766,103,255,223,255,190,0,66,206,1,0,0,0,0,0,0,0
227.527466,227.435455,103,255,223,255,192,1,68,176,129,0,0,0,0,0,0,0
227.747253,227.668549,124,255,223,255,191,0,71,197,1,0,0,0,0,0,0,0
228.021973,227.929199,103,255,223,255,189,1,68,208,129,0,0,0,0,0,0,0
228.296707,228.217056,103,255,223,255,190,0,66,175,1,0,0,0,0,0,0,0
228.571426,228.477356,103,255,224,255,191,0,70,159,129,0,0,0,0,0,0,0
228.791214,228.710556,103,255,223,255,191,0,69,159,1,0,0,0,0,0,0,0
229.065933,228.969772,103,255,224,255,191,0,65,159,1,0,0,0,0,0,0,0
229.340652,229.261276,103,255,224,255,192,0,67,160,129,0,0,0,0,0,0,0
229.615387,229.533447,104,255,224,255,191,0,69,160,129,0,0,0,0,0,0,0
229.890106,229.793701,104,255,224,255,191,0,67,160,1,0,0,0,0,0,0,0
230.109894,230.026184,103,255,224,255,192,0,68,159,129,0,0,0,0,0,0,0
230.384613,230.285706,103,255,224,255,187,1,69,217,129,0,0,0,0,0,0,0
230.659348,230.553085,103,255,224,255,186,1,70,218,1,0,0,0,0,0,0,0
230.934067,230.849426,112,255,224,255,192,0,69,173,129,0,0,0,0,0,0,0
231.208786,231.109772,107,255,224,255,190,1,70,208,1,0,0,0,0,0,0,0
231.428574,231.343643,119,255,224,255,191,0,68,182,1,0,0,0,0,0,0,0
231.703293,231.602509,103,255,224,255,193,0,72,160,1,0,0,0,0,0,0,0
231.978027,231.893082,124,255,224,255,193,0,74,198,1,0,0,0,0,0,0,0
232.252747,232.152924,111,255,224,255,192,0,72,159,1,0,0,0,0,0,0,0
232.472534,232.384415,103,255,224,255,192,0,72,159,1,0,0,0,0,0,0,0
232.747253,232.643646,110,255,224,255,192,0,73,160,1,0,0,0,0,0,0,0
233.021973,232.931198,123,255,224,255,192,0,71,180,129,0,0,0,0,0,0,0
233.296707,233.194061,132,255,224,255,190,1,74,210,1,0,0,0,0,0,0,0
233.516479,233.433304,103,255,224,255,192,0,73,159,129,0,0,0,0,0,0,0
233.791214,233.693512,103,255,224,255,191,0,70,159,1,0,0,0,0,0,0,0
234.065933,233.981094,137,255,224,255,189,1,75,202,129,0,0,0,0,0,0,0
234.340652,234.241196,103,255,224,255,191,0,72,160,1,0,0,0,0,0,0,0
234.560440,234.475052,103,255,225,255,191,0,69,159,1,0,0,0,0,0,0,0
234.835159,234.735657,138,255,224,255,191,1,67,160,1,0,0,0,0,0,0,0
235.109894,235.022552,136,255,225,255,189,0,74,214,129,0,0,0,0,0,0,0
235.384613,235.282547,103,255,224,255,192,0,69,159,1,0,0,0,0,0,0,0
235.659348,235.552261,103,255,224,255,188,0,75,187,129,0,0,0,0,0,0,0
235.879120,235.793030,103,255,224,255,190,1,72,203,129,0,0,0,0,0,0,0
236.153839,236.054245,103,255,224,255,192,0,72,159,129,0,0,0,0,0,0,0
236.428574,236.341034,104,255,224,255,192,0,68,159,129,0,0,0,0,0,0,0
236.703293,236.601791,103,255,225,255,191,1,71,202,129,0,0,0,0,0,0,0
236.923080,236.836685,103,255,225,255,191,1,74,206,129,0,0,0,0,0,0,0
237.197800,237.096008,105,255,225,255,191,1,74,206,129,0,0,0,0,0,0,0
237.472534,237.382584,103,255,224,255,192,0,70,159,129,0,0,0,0,0,0,0
237.747253,237.642120,103,255,224,255,192,0,71,159,1,0,0,0,0,0,0,0
237.967026,237.881668,103,255,224,255,192,0,69,192,129,0,0,0,0,0,0,0
238.241760,238.155167,103,255,224,255,192,0,76,159,1,0,0,0,0,0,0,0
238.516479,238.415100,103,255,224,255,191,1,71,200,1,0,0,0,0,0,0,0
238.791214,238.702820,103,255,224,255,192,0,68,159,1,0,0,0,0,0,0,0
239.065933,238.962814,103,255,224,255,192,0,75,159,129,0,0,0,0,0,0,0
239.285721,239.196762,103,255,224,255,190,1,72,211,1,0,0,0,0,0,0,0
239.560440,239.456406,103,255,224,255,192,0,72,159,129,0,0,0,0,0,0,0
239.835159,239.744781,103,255,224,255,190,1,72,204,1,0,0,0,0,0,0,0
240.109894,240.009689,103,255,224,255,191,1,73,200,129,0,0,0,0,0,0,0
240.329666,240.241852,103,255,224,255,191,0,69,159,129,0,0,0,0,0,0,0
240.604401,240.501999,103,255,224,255,188,1,69,213,129,0,0,0,0,0,0,0
240.879120,240.790482,103,255,224,255,192,0,70,159,1,0,0,0,0,0,0,0
241.153839,241.053436,124,255,224,255,191,1,68,197,129,0,0,0,0,0,0,0
241.428574,241.319717,134,255,224,255,189,1,66,212,1,0,0,0,0,0,0,0
241.648346,241.552963,103,255,224,255,191,1,67,159,129,0,0,0,0,0,0,0
241.923080,241.813110,103,255,224,255,191,1,67,205,1,0,0,0,0,0,0,0
242.197800,242.100937,126,255,224,255,192,0,65,159,129,0,0,0,0,0,0,0
242.472534,242.363174,103,255,224,255,187,1,68,213,1,0,0,0,0,0,0,0
242.692307,242.595779,103,255,224,255,187,1,66,211,1,0,0,0,0,0,0,0
242.967026,242.882889,123,255,223,255,192,1,66,184,1,0,0,0,0,0,0,0
243.241760,243.143723,103,255,224,255,191,0,67,192,1,0,0,0,0,0,0,0
243.461533,243.376694,103,255,224,255,188,1,67,216,129,0,0,0,0,0,0,0
243.736267,243.637299,103,255,224,255,192,0,66,212,1,0,0,0,0,0,0,0
244.010986,243.925735,103,255,224,255,187,1,64,213,129,0,0,0,0,0,0,0
244.285721,244.191406,103,255,224,255,188,1,68,159,1,0,0,0,0,0,0,0
244.560440,244.452011,104,255,224,255,192,0,65,159,129,0,0,0,0,0,0,0
244.780212,244.684738,103,255,224,255,191,0,69,210,1,0,0,0,0,0,0,0
245.054947,244.945145,103,255,224,255,192,1,68,159,129,0,0,0,0,0,0,0
245.329666,245.235672,103,255,224,255,187,2,65,213,1,0,0,0,0,0,0,0
245.604401,245.496078,103,255,224,255,187,1,68,215,129,0,0,0,0,0,0,0
245.824173,245.728699,140,255,224,255,187,1,66,218,1,0,0,0,0,0,0,0
246.098907,245.988083,103,255,224,255,187,1,66,218,1,0,0,0,0,0,0,0
246.373627,246.275528,104,255,224,255,189,1,72,203,129,0,0,0,0,0,0,0
246.648346,246.536728,103,255,224,255,191,0,67,160,129,0,0,0,0,0,0,0
246.868134,246.772873,103,255,224,255,192,0,70,159,129,0,0,0,0,0,0,0
247.142853,247.051941,103,255,224,255,190,1,65,175,129,0,0,0,0,0,0,0
247.417587,247.314606,111,255,224,255,188,0,71,190,1,0,0,0,0,0,0,0
247.692307,247.602158,103,255,224,255,192,0,68,159,129,0,0,0,0,0,0,0
247.967026,247.861069,103,255,224,255,192,0,70,159,1,0,0,0,0,0,0,0
248.186813,248.094223,103,255,224,255,192,0,69,159,129,0,0,0,0,0,0,0
248.461533,248.355789,103,255,225,255,189,1,70,175,129,0,0,0,0,0,0,0
248.736267,248.642990,125,255,224,255,191,0,66,158,1,0,0,0,0,0,0,0
249.010986,248.902832,103,255,224,255,193,0,72,160,129,0,0,0,0,0,0,0
249.230774,249.134750,103,255,224,255,192,0,67,159,129,0,0,0,0,0,0,0
249.505493,249.394119,122,255,225,255,192,0,72,194,129,0,0,0,0,0,0,0
249.780212,249.681229,103,255,224,255,186,1,70,217,1,0,0,0,0,0,0,0
250.054947,249.941696,115,255,224,255,192,1,72,159,129,0,0,0,0,0,0,0
250.274719,250.174347,103,255,224,255,192,0,70,159,1,0,0,0,0,0,0,0
250.549454,250.461960,103,255,225,255,192,0,71,159,129,0,0,0,0,0,0,0
250.824173,250.722565,103,255,224,255,186,1,70,214,1,0,0,0,0,0,0,0
251.043961,250.954941,109,255,225,255,192,0,71,159,129,0,0,0,0,0,0,0
251.318680,251.215088,120,255,225,255,192,0,72,158,1,0,0,0,0,0,0,0
251.593399,251.502029,103,255,225,255,192,0,72,158,1,0,0,0,0,0,0,0
251.868134,251.763000,127,255,225,255,191,1,69,180,1,0,0,0,0,0,0,0
252.087906,251.995926,103,255,225,255,192,0,71,159,129,0,0,0,0,0,0,0
252.362640,252.256393,103,255,225,255,190,1,72,212,1,0,0,0,0,0,0,0
252.637360,252.543900,133,255,225,255,192,0,70,159,129,0,0,0,0,0,0,0
252.912094,252.803070,115,255,225,255,191,0,72,184,1,0,0,0,0,0,0,0
253.131866,253.035797,103,255,225,255,193,0,71,158,129,0,0,0,0,0,0,0
253.406601,253.295746,103,255,224,255,192,0,72,158,1,0,0,0,0,0,0,0
253.681320,253.583710,103,255,224,255,192,0,72,158,1,0,0,0,0,0,0,0
253.956039,253.843079,103,255,224,255,192,0,72,158,1,0,0,0,0,0,0,0
254.175827,254.074844,103,255,224,255,192,0,71,158,129,0,0,0,0,0,0,0
254.450546,254.362457,103,255,225,255,189,1,73,210,129,0,0,0,0,0,0,0
254.725281,254.622604,112,255,225,255,193,0,71,178,1,0,0,0,0,0,0,0
254.945053,254.854965,103,255,225,255,192,0,73,159,129,0,0,0,0,0,0,0
255.219788,255.114960,103,255,225,255,192,0,68,159,1,0,0,0,0,0,0,0
255.494507,255.403030,103,255,225,255,191,1,72,208,129,0,0,0,0,0,0,0
255.769226,255.662720,124,255,224,255,191,1,72,208,129,0,0,0,0,0,0,0
255.989014,255.894531,103,255,225,255,191,1,70,159,129,0,0,0,0,0,0,0
256.263733,256.153809,113,255,225,255,192,0,71,159,1,0,0,0,0,0,0,0
256.538452,256.445709,104,255,225,255,192,0,71,158,1,0,0,0,0,0,0,0
256.813202,256.723419,103,255,225,255,192,0,71,158,1,0,0,0,0,0,0,0
257.087921,256.972107,139,255,225,255,188,1,68,217,129,0,0,0,0,0,0,0
257.362640,257.258301,103,255,225,255,188,1,73,210,1,0,0,0,0,0,0,0
257.582428,257.491699,103,255,225,255,193,0,66,159,129,0,0,0,0,0,0,0
257.857147,257.752228,103,255,225,255,186,1,73,216,1,0,0,0,0,0,0,0
258.131866,258.041901,105,255,225,255,187,1,69,213,129,0,0,0,0,0,0,0
258.406586,258.301575,139,255,225,255,191,0,71,169,1,0,0,0,0,0,0,0
258.626373,258.534668,127,255,225,255,192,0,71,169,1,0,0,0,0,0,0,0
258.901093,258.794006,107,255,225,255,192,0,71,169,1,0,0,0,0,0,0,0
259.175812,259.083344,103,255,225,255,192,1,73,197,129,0,0,0,0,0,0,0
259.450562,259.335083,103,255,225,255,192,0,68,159,1,0,0,0,0,0,0,0
259.725281,259.612579,103,255,225,255,189,0,72,183,1,0,0,0,0,0,0,0
260.000000,259.901978,113,255,225,255,189,1,70,175,129,0,0,0,0,0,0,0
260.274719,260.161804,124,255,225,255,191,0,70,159,1,0,0,0,0,0,0,0
260.494507,260.395447,103,255,225,255,192,0,73,158,1,0,0,0,0,0,0,0
260.769226,260.655151,103,255,225,255,192,0,71,159,129,0,0,0,0,0,0,0
261.043945,260.944946,103,255,225,255,190,1,70,208,129,0,0,0,0,0,0,0
261.318695,261.204956,138,255,225,255,186,1,70,215,1,0,0,0,0,0,0,0
261.538452,261.438751,103,255,225,255,188,1,69,207,129,0,0,0,0,0,0,0
261.813202,261.699097,118,255,225,255,191,1,69,192,1,0,0,0,0,0,0,0
262.087921,261.987030,103,255,225,255,192,0,71,159,129,0,0,0,0,0,0,0
262.362640,262.247162,103,255,224,255,193,0,67,159,1,0,0,0,0,0,0,0
262.582428,262.487000,103,255,225,255,189,1,71,191,129,0,0,0,0,0,0,0
262.857147,262.760620,107,255,224,255,191,0,71,159,1,0,0,0,0,0,0,0
263.131866,263.020660,110,255,224,255,193,0,69,159,129,0,0,0,0,0,0,0
263.406586,263.308044,139,255,224,255,191,1,72,186,1,0,0,0,0,0,0,0
263.681305,263.567535,103,255,224,255,192,0,71,160,1,0,0,0,0,0,0,0
263.901093,263.803345,103,255,224,255,187,1,69,218,1,0,0,0,0,0,0,0
264.175812,264.062866,103,255,224,255,187,1,69,218,1,0,0,0,0,0,0,0
264.450562,264.350983,103,255,224,255,190,0,69,171,1,0,0,0,0,0,0,0
264.725281,264.610779,103,255,224,255,192,0,67,159,129,0,0,0,0,0,0,0
264.945068,264.843201,108,255,224,255,192,0,70,160,129,0,0,0,0,0,0,0
265.219788,265.104492,122,255,224,255,192,1,71,194,129,0,0,0,0,0,0,0
265.494507,265.391693,103,255,224,255,192,0,70,159,129,0,0,0,0,0,0,0
265.769226,265.652344,103,255,224,255,192,1,70,179,1,0,0,0,0,0,0,0
265.989014,265.885284,103,255,224,255,192,0,68,159,129,0,0,0,0,0,0,0
266.263733,266.145172,103,255,224,255,187,1,69,217,1,0,0,0,0,0,0,0
266.538452,266.433319,103,255,224,255,187,1,67,218,129,0,0,0,0,0,0,0
266.813202,266.693726,103,255,224,255,192,0,68,159,1,0,0,0,0,0,0,0
267.032959,266.926575,103,255,224,255,191,1,71,159,129,0,0,0,0,0,0,0
